0 0 2 30.322 7.736 28.508 6.887
1 0 2 30.373 7.767 28.477 6.877
2 0 2 30.301 7.766 28.405 6.876
3 0 2 30.230 7.787 28.333 6.897
4 0 2 30.179 7.807 28.282 6.917
5 0 2 30.107 7.807 28.210 6.917
6 0 2 30.056 7.828 28.159 6.938
7 0 2 29.964 7.828 28.067 6.938
8 0 2 29.913 7.848 28.016 6.958
9 0 2 29.821 7.848 27.923 6.958
10 0 2 29.749 7.869 27.851 6.978
11 0 2 29.678 7.868 27.780 6.978
12 0 2 29.606 7.889 27.708 6.999
13 0 2 29.514 7.889 27.615 6.998
14 0 2 29.442 7.909 27.543 7.019
15 0 2 29.350 7.909 27.451 7.019
16 0 2 29.278 7.909 27.379 7.019
17 0 2 29.186 7.909 27.287 7.018
18 0 2 29.115 7.929 27.215 7.039
19 0 2 29.022 7.929 27.122 7.039
20 0 2 28.951 7.950 27.051 7.059
21 0 2 28.859 7.950 26.958 7.059
22 0 2 28.787 7.970 26.886 7.079
23 0 2 28.695 7.991 26.794 7.100
24 0 2 28.623 7.990 26.722 7.100
25 0 2 28.531 8.011 26.629 7.120
26 0 2 28.459 8.031 26.557 7.141
27 0 2 28.346 8.031 26.444 7.140
28 0 2 28.274 8.052 26.372 7.161
29 0 2 28.182 8.052 26.280 7.161
30 0 2 28.090 8.072 26.187 7.181
31 0 2 27.997 8.093 26.094 7.202
32 0 2 27.905 8.093 26.002 7.202
33 0 2 27.792 8.113 25.889 7.222
34 0 2 27.700 8.113 25.796 7.222
35 0 2 27.607 8.133 25.703 7.242
36 0 2 27.515 8.133 25.611 7.242
37 0 2 27.423 8.154 25.518 7.263
38 0 2 27.330 8.174 25.425 7.283
39 0 2 27.238 8.174 25.333 7.283
40 0 2 27.145 8.195 25.240 7.303
41 0 2 27.053 8.215 25.147 7.324
42 0 2 26.960 8.236 25.054 7.344
43 0 2 26.847 8.236 24.941 7.344
44 0 2 26.755 8.256 24.848 7.365
45 0 2 26.642 8.277 24.735 7.385
46 0 2 26.549 8.277 24.642 7.385
47 0 2 26.436 8.297 24.529 7.405
48 0 2 26.344 8.318 24.436 7.426
49 0 2 26.231 8.318 24.322 7.426
50 0 2 26.138 8.338 24.230 7.446
51 0 2 26.025 8.338 24.116 7.446
52 0 2 25.932 8.359 24.023 7.466
53 0 2 25.819 8.379 23.910 7.487
54 0 2 25.726 8.379 23.817 7.487
55 0 2 25.613 8.399 23.703 7.507
56 0 2 25.520 8.420 23.610 7.528
57 0 2 25.407 8.420 23.497 7.528
58 0 2 25.294 8.440 23.383 7.548
59 0 2 25.180 8.461 23.269 7.569
60 0 2 25.088 8.461 23.176 7.568
61 0 2 24.974 8.481 23.063 7.589
62 0 2 24.882 8.502 22.970 7.610
63 0 2 24.768 8.502 22.856 7.609
64 0 2 24.655 8.522 22.742 7.630
65 0 2 24.541 8.543 22.628 7.650
66 0 2 24.449 8.543 22.535 7.650
67 0 2 24.314 8.564 22.401 7.671
68 0 2 24.222 8.563 22.308 7.671
69 0 2 24.108 8.584 22.194 7.691
70 0 2 23.995 8.605 22.080 7.712
71 0 2 23.881 8.604 21.966 7.711
72 0 2 23.767 8.625 21.852 7.732
73 0 2 23.654 8.625 21.738 7.732
74 0 2 23.561 8.646 21.645 7.752
75 0 2 23.447 8.666 21.531 7.773
76 0 2 23.334 8.687 21.417 7.793
77 0 2 23.220 8.707 21.303 7.814
78 0 2 23.106 8.728 21.189 7.835
79 0 2 22.993 8.749 21.075 7.855
80 0 2 22.879 8.769 20.961 7.876
81 0 2 22.765 8.790 20.847 7.896
82 0 2 22.651 8.810 20.733 7.917
83 0 2 22.538 8.810 20.619 7.917
84 0 2 22.424 8.831 20.505 7.937
85 0 2 22.310 8.852 20.390 7.958
86 0 2 22.196 8.872 20.276 7.978
87 0 2 22.082 8.893 20.162 7.999
88 0 2 21.968 8.913 20.048 8.020
89 0 2 21.855 8.934 19.934 8.040
90 0 2 21.761 8.955 19.840 8.061
91 0 2 21.627 8.975 19.705 8.081
92 0 2 21.534 8.996 19.612 8.102
93 0 2 21.399 9.017 19.477 8.123
94 0 2 21.306 9.037 19.383 8.143
95 0 2 21.171 9.058 19.248 8.164
96 0 2 21.057 9.079 19.134 8.184
97 0 2 20.943 9.099 19.019 8.205
98 0 2 20.829 9.120 18.905 8.226
99 0 2 20.694 9.162 18.770 8.267
100 0 2 20.601 9.182 18.676 8.288
101 0 2 20.466 9.203 18.541 8.308
102 0 2 20.372 9.244 18.447 8.350
103 0 2 20.237 9.265 18.312 8.370
104 0 2 20.123 9.286 18.197 8.391
105 0 2 20.009 9.327 18.083 8.433
106 0 2 19.895 9.348 17.968 8.453
107 0 2 19.781 9.389 17.854 8.495
108 0 2 19.666 9.410 17.739 8.515
109 0 2 19.531 9.452 17.604 8.557
110 0 2 19.438 9.472 17.510 8.577
111 0 2 19.303 9.514 17.374 8.619
112 0 2 19.188 9.535 17.260 8.640
113 0 2 19.074 9.576 17.145 8.681
114 0 2 18.960 9.618 17.030 8.723
115 0 2 18.824 9.638 16.895 8.743
116 0 2 18.710 9.680 16.780 8.785
117 0 2 18.596 9.721 16.665 8.826
118 0 2 18.481 9.742 16.550 8.847
119 0 2 18.346 9.784 16.415 8.889
120 0 2 18.252 9.825 16.321 8.930
121 0 2 18.117 9.867 16.185 8.972
122 0 2 18.002 9.908 16.070 9.013
123 0 2 17.888 9.950 15.955 9.055
124 0 2 17.773 9.992 15.840 9.096
125 0 2 17.638 10.033 15.705 9.138
126 0 2 17.544 10.096 15.611 9.200
127 0 2 17.409 10.137 15.475 9.242
128 0 2 17.294 10.179 15.360 9.284
129 0 2 17.179 10.220 15.245 9.325
130 0 2 17.065 10.283 15.130 9.388
131 0 2 16.950 10.325 15.015 9.429
132 0 2 16.835 10.387 14.900 9.492
133 0 2 16.721 10.449 14.785 9.554
134 0 2 16.627 10.491 14.691 9.596
135 0 2 16.491 10.554 14.555 9.658
136 0 2 16.397 10.616 14.460 9.721
137 0 2 16.262 10.679 14.324 9.783
138 0 2 16.168 10.741 14.230 9.846
139 0 2 16.032 10.804 14.094 9.908
140 0 2 15.938 10.866 14.000 9.971
141 0 2 15.802 10.929 13.864 10.034
142 0 2 15.708 10.991 13.769 10.096
143 0 2 15.593 11.054 13.654 10.159
144 0 2 15.499 11.117 13.560 10.221
145 0 2 15.384 11.179 13.445 10.284
146 0 2 15.291 11.263 13.350 10.367
147 0 2 15.176 11.325 13.235 10.430
148 0 2 15.082 11.409 13.141 10.514
149 0 2 14.967 11.471 13.025 10.576
150 0 2 14.872 11.555 12.931 10.660
151 0 2 14.757 11.617 12.816 10.722
152 0 2 14.663 11.701 12.721 10.806
153 0 2 14.548 11.784 12.606 10.890
154 0 2 14.454 11.868 12.512 10.973
155 0 2 14.339 11.952 12.396 11.057
156 0 2 14.245 12.035 12.302 11.140
157 0 2 14.151 12.119 12.207 11.224
158 0 2 14.057 12.202 12.113 11.308
159 0 2 13.942 12.286 11.997 11.391
160 0 2 13.847 12.369 11.903 11.475
161 0 2 13.753 12.453 11.808 11.559
162 0 2 13.659 12.557 11.714 11.663
163 0 2 13.565 12.641 11.619 11.747
164 0 2 13.491 12.746 11.546 11.851
165 0 2 13.376 12.829 11.430 11.935
166 0 2 13.303 12.934 11.357 12.040
167 0 2 13.209 13.017 11.262 12.123
168 0 2 13.114 13.122 11.168 12.228
169 0 2 13.020 13.227 11.073 12.333
170 0 2 12.947 13.331 11.000 12.437
171 0 2 12.853 13.436 10.905 12.542
172 0 2 12.800 13.519 10.853 12.626
173 0 2 12.727 13.624 10.779 12.731
174 0 2 12.465 14.188 11.274 12.761
175 0 2 12.486 14.220 11.232 12.719
176 0 2 12.213 14.294 11.411 12.823
177 0 2 12.098 14.492 11.190 12.980
178 0 2 12.067 14.524 11.243 13.179
179 0 2 11.993 14.639 11.054 13.273
180 0 2 11.909 14.765 10.928 13.326
181 0 2 11.815 14.922 11.023 13.493
182 0 2 11.826 14.953 10.991 13.451
183 0 2 11.763 15.141 10.876 13.671
184 0 2 11.679 15.444 10.781 13.859
185 0 2 11.627 15.549 10.750 13.985
186 0 2 11.480 15.591 10.582 14.121
187 0 2 11.448 15.759 10.550 14.174
188 0 2 11.438 15.832 10.593 14.278
189 0 2 11.312 15.937 10.551 14.445
190 0 2 11.270 16.052 10.477 14.561
191 0 2 11.228 16.125 10.320 14.833
192 0 2 11.092 16.356 10.341 14.875
193 0 2 11.134 16.523 10.172 14.844
194 0 2 11.019 16.753 10.130 14.938
195 0 2 11.009 16.889 10.120 15.085
196 0 2 10.924 16.942 10.088 15.210
197 0 2 10.745 16.954 9.962 15.399
198 0 2 10.672 17.142 9.941 15.525
199 0 2 10.746 17.403 9.878 15.588
200 0 2 10.588 17.352 9.752 15.808
201 0 2 10.504 17.540 9.605 15.955
202 0 2 10.526 17.760 9.636 15.913
203 0 2 10.547 17.801 9.604 15.861
204 0 2 10.494 17.927 9.552 15.987
205 0 2 10.421 18.053 9.478 16.113
206 0 2 10.400 18.189 9.300 16.522
207 0 2 10.316 18.357 9.268 16.595
208 0 2 10.179 18.379 9.321 16.752
209 0 2 10.200 18.410 9.289 16.700
210 0 2 10.064 18.714 9.100 16.941
211 0 2 10.085 18.756 9.068 16.889
212 0 2 10.022 18.871 9.005 17.005
213 0 2 9.959 18.987 8.942 17.120
214 0 2 9.896 19.123 8.879 17.257
215 0 2 9.833 19.260 8.815 17.393
216 0 2 9.770 19.396 8.752 17.529
217 0 2 9.706 19.512 8.689 17.645
218 0 2 9.665 19.648 8.647 17.781
219 0 2 9.601 19.764 8.584 17.897
220 0 2 9.538 19.900 8.521 18.033
221 0 2 9.475 20.037 8.458 18.170
222 0 2 9.412 20.173 8.394 18.306
223 0 2 9.370 20.289 8.352 18.422
224 0 2 9.307 20.425 8.289 18.558
225 0 2 9.244 20.562 8.226 18.695
226 0 2 9.202 20.698 8.184 18.831
227 0 2 8.938 20.711 8.079 19.251
228 0 2 8.864 20.795 8.016 19.377
229 0 2 8.822 21.026 7.921 19.556
230 0 2 8.791 21.371 7.847 19.483
231 0 2 8.813 21.413 7.815 19.421
232 0 2 8.665 21.645 7.710 19.872
233 0 2 8.686 21.561 7.563 20.313
234 0 2 8.634 21.697 7.563 20.334
235 0 2 8.697 21.843 7.499 20.492
236 0 2 8.634 22.137 7.351 20.514
237 0 2 8.476 22.379 7.552 20.533
238 0 2 8.392 22.527 7.341 20.661
239 0 2 8.361 22.663 7.405 20.859
240 0 2 8.329 22.580 7.448 21.079
241 0 2 8.244 22.780 7.490 21.163
242 0 2 8.213 23.021 7.363 21.132
243 0 2 8.245 22.947 7.459 21.446
244 0 2 8.108 23.095 7.364 21.551
245 0 2 8.172 23.461 7.396 21.562
246 0 2 8.214 23.524 7.311 21.772
247 0 2 8.119 23.776 7.206 21.909
248 0 2 8.077 23.955 7.259 21.972
249 0 2 8.088 23.996 7.227 21.909
250 0 2 8.067 24.133 7.206 22.046
251 0 2 8.046 24.290 7.185 22.203
252 0 2 8.026 24.427 7.164 22.339
253 0 2 8.005 24.563 7.143 22.476
254 0 2 8.005 24.720 7.143 22.633
255 0 2 7.984 24.857 7.122 22.770
256 0 2 7.963 24.993 7.102 22.906
257 0 2 7.963 25.150 7.102 23.063
258 0 2 7.943 25.287 7.081 23.200
259 0 2 7.922 25.444 7.060 23.357
260 0 2 7.922 25.559 7.060 23.473
261 0 2 7.901 25.717 7.039 23.630
262 0 2 7.901 25.853 7.040 23.766
263 0 2 7.902 26.010 7.040 23.924
264 0 2 7.881 26.146 7.019 24.060
265 0 2 7.881 26.304 7.019 24.217
266 0 2 7.860 26.440 6.998 24.354
267 0 2 7.860 26.597 6.999 24.511
268 0 2 7.861 26.734 6.999 24.648
269 0 2 7.840 26.891 6.978 24.805
270 0 2 7.840 27.027 6.978 24.941
271 0 2 7.840 27.184 6.979 25.099
272 0 2 7.841 27.321 6.979 25.235
273 0 2 7.820 27.457 6.958 25.371
274 0 2 7.820 27.593 6.958 25.508
275 0 2 7.820 27.750 6.959 25.665
276 0 2 7.821 27.887 6.959 25.801
277 0 2 7.800 28.044 6.938 25.959
278 0 2 7.800 28.180 6.938 26.095
6 1 2 10.716 28.903 9.700 26.919
7 1 2 10.790 28.808 9.774 26.866
8 1 2 10.790 28.819 9.795 26.824
9 1 2 10.779 28.808 9.773 26.741
10 1 2 10.768 28.756 9.847 26.646
11 1 2 10.737 28.694 9.794 26.583
12 1 2 10.778 28.380 9.910 26.446
13 1 2 10.778 28.348 9.952 26.456
14 1 2 10.768 28.401 9.952 26.372
15 1 2 10.757 28.338 9.973 26.309
16 1 2 10.778 28.223 9.994 26.183
17 1 2 10.757 28.192 9.994 26.100
18 1 2 10.798 27.930 9.972 26.016
19 1 2 10.798 27.920 10.004 26.005
20 1 2 10.788 27.930 10.014 25.901
21 1 2 10.777 27.836 9.993 25.755
22 1 2 10.798 27.742 9.993 25.713
23 1 2 10.819 27.511 10.024 25.576
24 1 2 10.808 27.522 10.066 25.503
25 1 2 10.797 27.459 10.056 25.398
26 1 2 10.839 27.302 10.066 25.272
27 1 2 10.871 27.197 10.045 25.189
28 1 2 10.849 27.103 10.023 25.085
29 1 2 10.849 27.051 10.065 24.948
30 1 2 10.839 26.947 10.086 24.822
31 1 2 10.817 26.780 10.065 24.729
32 1 2 10.828 26.717 10.096 24.592
33 1 2 10.817 26.633 10.086 24.582
34 1 2 10.838 26.528 10.096 24.393
35 1 2 10.879 26.329 10.064 24.362
36 1 2 10.890 26.193 10.022 24.279
37 1 2 10.890 26.193 10.085 24.216
38 1 2 10.890 26.120 10.106 24.069
39 1 2 10.889 25.942 10.063 23.944
40 1 2 10.878 25.754 10.052 23.829
41 1 2 10.931 25.712 10.042 23.746
42 1 2 10.962 25.659 10.073 23.546
43 1 2 10.973 25.429 10.062 23.473
44 1 2 11.036 25.387 10.052 23.337
45 1 2 11.025 25.303 10.073 23.327
46 1 2 11.004 25.178 10.157 23.200
47 1 2 10.993 25.000 10.135 23.106
48 1 2 11.056 24.906 10.135 22.950
49 1 2 11.003 24.854 10.219 22.896
50 1 2 11.003 24.708 10.187 22.698
51 1 2 10.971 24.541 10.145 22.646
52 1 2 11.013 24.498 10.155 22.479
53 1 2 11.013 24.383 10.081 22.448
54 1 2 11.023 24.310 10.134 22.197
55 1 2 11.054 24.132 10.176 22.144
56 1 2 11.043 23.986 10.175 22.008
57 1 2 11.085 23.870 10.175 21.830
58 1 2 11.127 23.880 10.227 21.641
59 1 2 11.138 23.661 10.206 21.652
60 1 2 11.116 23.557 10.175 21.516
61 1 2 11.190 23.441 10.153 21.401
62 1 2 11.105 23.348 10.206 21.255
63 1 2 11.115 23.107 10.237 21.181
64 1 2 11.147 22.992 10.279 20.940
65 1 2 11.136 22.762 10.194 20.889
66 1 2 11.157 22.636 10.236 20.846
67 1 2 11.167 22.615 10.289 20.752
68 1 2 11.209 22.427 10.352 20.563
69 1 2 11.177 22.312 10.331 20.459
70 1 2 11.209 22.302 10.383 20.260
71 1 2 11.240 22.176 10.425 20.103
72 1 2 11.239 21.841 10.319 20.009
73 1 2 11.313 21.747 10.509 19.861
74 1 2 11.270 21.611 10.498 19.694
75 1 2 11.281 21.413 10.487 19.579
76 1 2 11.375 21.297 10.561 19.453
77 1 2 11.364 21.224 10.634 19.223
78 1 2 11.396 21.046 10.602 19.129
79 1 2 11.406 20.920 10.539 19.035
80 1 2 11.437 20.826 10.602 18.867
81 1 2 11.490 20.690 10.643 18.742
82 1 2 11.574 20.543 10.643 18.585
83 1 2 11.563 20.470 10.780 18.427
84 1 2 11.626 20.229 10.758 18.302
85 1 2 11.720 20.082 10.821 18.176
86 1 2 11.762 20.019 10.853 18.103
87 1 2 11.814 19.747 10.895 17.904
88 1 2 11.824 19.674 10.873 17.747
89 1 2 11.856 19.621 10.905 17.653
90 1 2 11.855 19.423 10.978 17.496
91 1 2 11.971 19.245 10.915 17.381
92 1 2 11.981 19.224 10.957 17.329
93 1 2 11.960 19.224 10.946 17.120
94 1 2 11.917 18.869 10.946 17.015
95 1 2 12.054 18.743 11.040 16.921
96 1 2 12.043 18.670 10.987 16.827
97 1 2 12.095 18.450 11.166 16.638
98 1 2 12.158 18.283 11.208 16.554
99 1 2 12.190 18.251 11.344 16.407
100 1 2 12.263 18.084 11.397 16.240
101 1 2 12.357 17.926 11.407 16.114
102 1 2 12.441 17.853 11.491 16.030
103 1 2 12.472 17.686 11.522 15.863
104 1 2 12.545 17.361 11.680 15.799
105 1 2 12.598 17.455 11.627 15.580
106 1 2 12.682 17.361 11.637 15.476
107 1 2 12.723 17.141 11.658 15.350
108 1 2 12.765 17.016 11.700 15.183
109 1 2 12.723 16.953 11.700 15.110
110 1 2 12.849 16.744 11.815 14.984
111 1 2 12.848 16.410 11.931 14.984
112 1 2 12.995 16.482 11.878 14.796
113 1 2 13.016 16.253 12.109 14.753
114 1 2 13.236 16.199 11.972 14.597
115 1 2 13.330 16.022 11.982 14.472
116 1 2 13.424 15.896 12.277 14.502
117 1 2 13.613 15.822 12.308 14.231
118 1 2 13.518 15.729 12.423 14.095
119 1 2 13.613 15.624 12.528 13.927
120 1 2 13.581 15.447 12.665 13.989
121 1 2 13.675 15.332 12.769 13.833
122 1 2 13.853 15.300 12.759 13.697
123 1 2 13.769 14.998 12.874 13.707
124 1 2 13.790 15.029 12.843 13.665
125 1 2 14.093 14.756 13.063 13.425
126 1 2 14.114 14.788 13.031 13.383
127 1 2 14.187 14.673 13.104 13.268
128 1 2 14.428 14.401 13.303 13.017
129 1 2 14.595 14.192 13.450 12.923
130 1 2 14.616 14.223 13.408 12.881
131 1 2 14.700 14.150 13.492 12.808
132 1 2 14.825 14.056 13.617 12.714
133 1 2 14.930 13.962 13.722 12.620
134 1 2 15.034 13.867 13.827 12.526
135 1 2 15.159 13.752 13.952 12.411
136 1 2 15.462 13.397 14.340 12.223
137 1 2 15.817 13.303 14.486 12.097
138 1 2 15.943 13.209 14.455 12.066
139 1 2 15.995 13.198 14.653 11.993
140 1 2 16.026 13.219 14.611 11.951
141 1 2 16.141 13.146 14.727 11.878
142 1 2 16.277 13.073 14.862 11.805
143 1 2 16.412 12.999 14.998 11.732
144 1 2 16.548 12.926 15.134 11.659
145 1 2 16.684 12.853 15.270 11.585
146 1 2 16.819 12.801 15.406 11.533
147 1 2 16.976 12.728 15.563 11.460
148 1 2 17.111 12.675 15.699 11.408
149 1 2 17.247 12.602 15.834 11.335
150 1 2 17.382 12.550 15.970 11.283
151 1 2 17.539 12.498 16.127 11.230
152 1 2 17.674 12.445 16.263 11.178
153 1 2 17.830 12.393 16.419 11.126
154 1 2 17.966 12.362 16.555 11.095
155 1 2 18.122 12.309 16.711 11.043
156 1 2 18.257 12.278 16.847 11.011
157 1 2 18.413 12.226 17.003 10.959
158 1 2 18.569 12.194 17.160 10.928
159 1 2 18.725 12.163 17.316 10.896
160 1 2 18.881 12.131 17.473 10.865
161 1 2 19.037 12.100 17.629 10.834
162 1 2 19.193 12.089 17.785 10.823
163 1 2 19.349 12.058 17.942 10.792
164 1 2 19.485 12.027 18.077 10.761
165 1 2 19.661 11.995 18.254 10.729
166 1 2 19.796 11.985 18.389 10.719
167 1 2 19.952 11.953 18.546 10.688
168 1 2 20.108 11.942 18.702 10.677
169 1 2 20.264 11.911 18.858 10.646
170 1 2 20.419 11.901 19.014 10.635
171 1 2 20.575 11.869 19.170 10.604
172 1 2 20.731 11.859 19.326 10.594
173 1 2 20.907 11.827 19.502 10.563
174 1 2 21.062 11.817 19.658 10.552
175 1 2 21.218 11.785 19.814 10.521
176 1 2 21.373 11.795 19.970 10.531
177 1 2 21.550 11.764 20.146 10.500
178 1 2 21.705 11.774 20.302 10.510
179 1 2 21.860 11.743 20.458 10.479
180 1 2 22.016 11.753 20.614 10.489
181 1 2 22.192 11.722 20.790 10.458
182 1 2 22.326 11.732 20.925 10.468
183 1 2 22.502 11.700 21.101 10.437
184 1 2 22.657 11.711 21.257 10.448
185 1 2 22.812 11.679 21.412 10.416
186 1 2 22.968 11.689 21.568 10.427
187 1 2 23.143 11.658 21.744 10.396
188 1 2 23.298 11.668 21.899 10.406
189 1 2 23.453 11.637 22.054 10.375
190 1 2 23.608 11.647 22.210 10.385
191 1 2 23.784 11.637 22.386 10.375
192 1 2 23.939 11.626 22.541 10.364
193 1 2 24.114 11.615 22.717 10.354
194 1 2 24.269 11.626 22.872 10.364
195 1 2 24.424 11.594 23.027 10.333
196 1 2 24.579 11.605 23.182 10.343
197 1 2 24.754 11.594 23.358 10.333
198 1 2 24.909 11.583 23.513 10.322
199 1 2 25.063 11.573 23.668 10.312
200 1 2 25.218 11.583 23.823 10.322
201 1 2 25.393 11.572 23.998 10.312
202 1 2 25.548 11.583 24.153 10.322
203 1 2 25.702 11.551 24.308 10.291
204 1 2 25.856 11.562 24.462 10.301
205 1 2 26.031 11.551 24.638 10.291
206 1 2 26.186 11.561 24.793 10.301
207 1 2 26.361 11.551 24.968 10.291
208 1 2 26.515 11.561 25.122 10.301
209 1 2 26.690 11.550 25.298 10.291
210 1 2 26.844 11.560 25.452 10.301
211 1 2 27.019 11.550 25.627 10.291
212 1 2 27.173 11.560 25.782 10.301
213 1 2 27.348 11.549 25.957 10.291
214 1 2 27.502 11.559 26.111 10.301
215 1 2 27.656 11.549 26.266 10.290
216 1 2 27.810 11.559 26.420 10.301
217 1 2 27.984 11.569 26.595 10.311
218 1 2 28.138 11.579 26.749 10.321
219 1 2 28.292 11.569 26.903 10.311
220 1 2 28.446 11.599 27.057 10.342
221 1 2 28.620 11.589 27.232 10.331
222 1 2 28.774 11.620 27.386 10.362
223 1 2 28.948 11.609 27.561 10.352
224 1 2 29.102 11.640 27.715 10.383
225 1 2 29.276 11.629 27.889 10.373
226 1 2 29.430 11.660 28.043 10.403
227 1 2 29.583 11.650 28.197 10.393
228 1 2 29.737 11.680 28.351 10.424
229 1 2 29.890 11.670 28.505 10.414
230 1 2 30.044 11.700 28.659 10.444
231 1 2 30.218 11.690 28.833 10.434
232 1 2 30.371 11.721 28.987 10.465
233 1 2 30.525 11.710 29.140 10.454
234 1 2 30.678 11.741 29.294 10.485
235 1 2 30.852 11.751 29.468 10.496
236 1 2 30.985 11.761 29.601 10.506
237 1 2 31.158 11.771 29.775 10.516
238 1 2 31.311 11.781 29.929 10.526
239 1 2 31.485 11.791 30.103 10.536
240 1 2 31.638 11.822 30.256 10.567
241 1 2 31.791 11.832 30.410 10.578
242 1 2 31.944 11.862 30.563 10.608
243 1 2 32.118 11.872 30.737 10.619
244 1 2 32.271 11.903 30.890 10.649
245 1 2 32.444 11.913 31.064 10.659
246 1 2 32.576 11.923 31.197 10.670
247 1 2 32.750 11.933 31.370 10.680
248 1 2 32.903 11.943 31.523 10.690
249 1 2 33.055 11.953 31.677 10.700
250 1 2 33.208 11.984 31.830 10.731
251 1 2 33.361 11.973 31.983 10.721
252 1 2 33.513 12.004 32.136 10.751
253 1 2 33.686 12.014 32.309 10.762
254 1 2 33.819 12.024 32.442 10.772
255 1 2 33.992 12.034 32.615 10.782
256 1 2 34.124 12.044 32.747 10.792
257 1 2 34.297 12.054 32.920 10.802
258 1 2 34.429 12.043 33.053 10.792
259 1 2 34.581 12.053 33.206 10.802
260 1 2 34.713 12.043 33.338 10.792
261 1 2 34.886 12.032 33.511 10.781
262 1 2 35.018 12.042 33.643 10.792
263 1 2 35.170 12.011 33.796 10.761
264 1 2 35.302 12.021 33.928 10.771
265 1 2 35.474 11.990 34.101 10.740
266 1 2 35.606 11.980 34.233 10.729
267 1 2 35.931 12.154 33.918 10.925
268 1 2 35.870 12.184 33.847 10.884
269 1 2 35.870 12.154 34.009 10.853
270 1 2 35.870 12.123 34.162 10.822
271 1 2 35.860 12.092 34.294 10.791
272 1 2 35.860 12.082 34.456 10.781
273 1 2 35.850 12.072 34.629 10.770
275 1 2 35.829 11.928 34.446 10.842
276 1 2 35.850 11.949 34.396 10.801
277 1 2 35.860 11.918 34.528 10.770
278 1 2 35.849 11.867 34.660 10.719
