0 0 2 9.099 28.093 7.969 26.078
1 0 2 9.136 28.155 7.957 26.041
2 0 2 9.161 28.080 7.981 25.967
3 0 2 9.161 28.031 7.981 25.917
4 0 2 9.185 27.956 8.006 25.843
5 0 2 9.210 27.856 8.030 25.743
6 0 2 9.234 27.782 8.055 25.668
7 0 2 9.234 27.732 8.055 25.619
8 0 2 9.259 27.633 8.079 25.520
9 0 2 9.258 27.559 8.079 25.445
10 0 2 9.283 27.459 8.103 25.346
11 0 2 9.282 27.360 8.103 25.247
12 0 2 9.307 27.285 8.127 25.172
13 0 2 9.306 27.211 8.127 25.098
14 0 2 9.306 27.112 8.127 24.999
15 0 2 9.331 27.037 8.151 24.924
16 0 2 9.330 26.963 8.151 24.850
17 0 2 9.330 26.864 8.151 24.751
18 0 2 9.130 26.669 8.449 24.722
19 0 2 9.142 26.706 8.424 24.661
20 0 2 9.155 26.619 8.436 24.574
21 0 2 9.166 26.507 8.448 24.462
22 0 2 9.203 26.420 8.485 24.375
23 0 2 9.215 26.333 8.497 24.289
24 0 2 9.252 26.246 8.534 24.201
25 0 2 9.264 26.135 8.546 24.090
26 0 2 9.277 26.073 8.558 24.028
27 0 2 9.288 25.961 8.570 23.916
28 0 2 9.325 25.874 8.607 23.829
29 0 2 9.337 25.762 8.619 23.718
30 0 2 9.573 25.512 8.444 23.559
31 0 2 9.598 25.548 8.407 23.485
32 0 2 9.610 25.449 8.419 23.386
33 0 2 9.622 25.375 8.431 23.312
34 0 2 9.659 25.275 8.468 23.213
35 0 2 9.671 25.176 8.480 23.113
36 0 2 9.708 25.102 8.517 23.039
37 0 2 9.720 25.002 8.529 22.940
38 0 2 9.756 24.903 8.566 22.840
39 0 2 9.769 24.829 8.578 22.766
40 0 2 9.805 24.729 8.615 22.667
41 0 2 9.817 24.630 8.627 22.567
42 0 2 9.829 24.531 8.639 22.468
43 0 2 9.841 24.432 8.651 22.369
44 0 2 9.704 24.236 8.739 22.603
45 0 2 9.716 24.273 8.701 22.554
46 0 2 9.741 24.173 8.726 22.455
47 0 2 9.715 24.075 8.700 22.356
48 0 2 9.740 23.976 8.725 22.257
49 0 2 9.739 23.877 8.724 22.158
50 0 2 9.764 23.777 8.749 22.059
51 0 2 9.813 23.678 8.798 21.959
52 0 2 9.838 23.603 8.823 21.885
53 0 2 9.837 23.504 8.822 21.786
54 0 2 9.911 23.281 8.995 21.376
55 0 2 9.923 23.318 8.957 21.315
56 0 2 9.959 22.996 8.858 21.353
57 0 2 9.984 23.033 8.820 21.304
58 0 2 9.996 22.847 9.068 21.042
59 0 2 10.008 22.884 9.030 20.980
60 0 2 10.094 22.710 9.066 20.757
61 0 2 10.120 22.747 9.029 20.684
62 0 2 10.081 22.476 9.091 20.757
63 0 2 10.094 22.512 9.041 20.696
64 0 2 10.093 22.278 9.115 20.510
65 0 2 10.105 22.315 9.078 20.448
66 0 2 10.117 22.228 9.090 20.362
67 0 2 10.154 22.141 9.127 20.275
68 0 2 10.178 21.980 9.199 19.842
69 0 2 10.191 22.029 9.162 19.780
70 0 2 10.164 21.634 9.262 19.891
71 0 2 10.177 21.671 9.224 19.829
72 0 2 10.163 21.412 9.348 19.692
73 0 2 10.176 21.449 9.310 19.631
74 0 2 10.213 21.473 9.308 19.161
75 0 2 10.226 21.522 9.270 19.088
76 0 2 10.285 21.015 9.283 19.211
77 0 2 10.310 21.052 9.246 19.150
78 0 2 10.260 20.880 9.383 19.210
79 0 2 10.273 20.917 9.345 19.161
80 0 2 10.470 20.630 9.382 19.000
81 0 2 10.495 20.667 9.344 18.951
82 0 2 10.469 20.383 9.430 18.617
83 0 2 10.494 20.420 9.392 18.555
84 0 2 10.481 20.285 9.429 18.456
85 0 2 10.506 20.321 9.392 18.395
86 0 2 10.679 20.221 9.329 18.260
87 0 2 10.704 20.270 9.279 18.199
88 0 2 10.406 20.285 9.576 18.048
89 0 2 10.419 20.335 9.539 17.974
90 0 2 10.665 19.826 9.575 17.838
91 0 2 10.690 19.875 9.538 17.776
92 0 2 10.601 19.493 9.526 17.838
93 0 2 10.626 19.530 9.488 17.789
94 0 2 10.675 19.283 9.538 17.702
95 0 2 10.700 19.319 9.500 17.653
96 0 2 10.724 19.220 9.525 17.554
97 0 2 10.748 19.121 9.549 17.455
98 0 2 10.735 18.887 9.722 17.256
99 0 2 10.760 18.924 9.684 17.207
100 0 2 10.747 18.764 9.981 16.871
101 0 2 10.759 18.800 9.943 16.810
102 0 2 10.895 18.515 9.981 16.822
103 0 2 10.907 18.552 9.943 16.773
104 0 2 10.944 18.441 10.017 16.637
105 0 2 10.956 18.478 9.980 16.575
106 0 2 11.005 18.354 9.978 16.230
107 0 2 11.030 18.403 9.940 16.169
108 0 2 10.953 17.836 10.041 16.402
109 0 2 10.966 17.861 10.003 16.353
110 0 2 11.052 17.737 10.102 16.291
111 0 2 11.065 17.761 10.065 16.242
112 0 2 11.237 17.574 10.238 15.993
113 0 2 11.262 17.611 10.200 15.944
114 0 2 11.324 17.475 10.311 15.771
115 0 2 11.349 17.512 10.273 15.709
116 0 2 11.361 17.388 10.372 15.573
117 0 2 11.373 17.425 10.322 15.512
118 0 2 11.383 16.994 10.384 15.524
119 0 2 11.408 17.030 10.347 15.475
120 0 2 11.669 17.003 10.270 15.019
121 0 2 11.694 17.052 10.220 14.958
122 0 2 11.518 16.721 10.383 15.191
123 0 2 11.543 16.758 10.345 15.142
124 0 2 11.592 16.548 10.543 14.980
125 0 2 11.617 16.585 10.506 14.931
126 0 2 11.641 16.326 10.555 14.795
127 0 2 11.666 16.362 10.517 14.746
128 0 2 11.814 16.250 10.777 14.633
129 0 2 11.839 16.287 10.740 14.584
130 0 2 11.899 16.052 10.875 14.410
131 0 2 11.924 16.089 10.838 14.361
132 0 2 12.023 15.952 10.948 14.176
133 0 2 12.048 15.989 10.911 14.114
134 0 2 12.109 15.755 11.109 14.100
135 0 2 12.134 15.791 11.072 14.051
136 0 2 12.306 15.531 11.084 13.891
137 0 2 12.331 15.568 11.046 13.842
138 0 2 12.379 15.395 11.244 13.656
139 0 2 12.404 15.432 11.206 13.595
140 0 2 12.453 15.370 11.255 13.533
141 0 2 12.503 15.283 11.304 13.446
142 0 2 12.577 15.221 11.379 13.384
143 0 2 12.650 15.134 11.452 13.297
144 0 2 12.686 14.727 11.441 13.408
145 0 2 12.710 14.752 11.391 13.359
146 0 2 12.895 14.467 11.713 13.295
147 0 2 12.920 14.492 11.675 13.258
148 0 2 13.006 14.565 11.836 13.171
149 0 2 13.031 14.589 11.798 13.122
150 0 2 13.464 14.499 11.574 12.804
151 0 2 13.501 14.536 11.512 12.743
152 0 2 13.376 14.315 11.958 12.801
153 0 2 13.401 14.352 11.908 12.752
154 0 2 13.486 14.068 12.144 12.787
155 0 2 13.511 14.093 12.094 12.738
156 0 2 13.499 14.019 12.143 12.763
157 0 2 13.523 14.044 12.094 12.714
158 0 2 13.658 13.772 12.254 12.614
159 0 2 13.683 13.796 12.204 12.578
160 0 2 13.892 13.635 12.427 12.490
161 0 2 13.917 13.659 12.377 12.453
162 0 2 14.064 13.412 12.885 12.474
163 0 2 14.089 13.424 12.847 12.437
164 0 2 14.163 13.374 12.921 12.388
165 0 2 14.261 13.324 13.020 12.338
166 0 2 14.335 13.250 13.094 12.263
167 0 2 14.434 13.200 13.192 12.213
168 0 2 14.508 13.150 13.266 12.164
169 0 2 14.606 13.100 13.365 12.114
170 0 2 14.655 13.051 13.315 12.004
171 0 2 14.680 13.075 13.265 11.967
172 0 2 14.766 13.038 13.352 11.929
173 0 2 14.828 13.000 13.413 11.892
174 0 2 14.939 12.938 13.524 11.830
175 0 2 15.025 12.900 13.611 11.792
176 0 2 15.111 12.838 13.697 11.730
177 0 2 15.197 12.801 13.783 11.693
178 0 2 15.284 12.763 13.870 11.655
179 0 2 15.370 12.726 13.956 11.618
180 0 2 15.838 12.685 14.029 11.396
181 0 2 15.876 12.710 13.967 11.347
182 0 2 15.962 12.672 14.053 11.310
183 0 2 16.073 12.634 14.164 11.272
184 0 2 16.159 12.597 14.250 11.235
185 0 2 16.269 12.559 14.361 11.197
186 0 2 16.331 12.522 14.423 11.160
187 0 2 16.442 12.484 14.534 11.122
188 0 2 16.528 12.447 14.620 11.085
189 0 2 16.614 12.385 14.706 11.023
190 0 2 16.700 12.372 14.793 11.010
191 0 2 16.786 12.310 14.879 10.948
192 0 2 16.872 12.297 14.965 10.935
193 0 2 16.983 12.259 15.076 10.898
194 0 2 17.069 12.222 15.162 10.860
195 0 2 17.179 12.184 15.273 10.823
196 0 2 17.290 12.171 15.384 10.810
197 0 2 17.401 12.133 15.495 10.772
198 0 2 17.487 12.120 15.581 10.759
199 0 2 17.598 12.083 15.692 10.722
200 0 2 17.684 12.070 15.778 10.709
201 0 2 17.794 12.032 15.889 10.671
202 0 2 17.881 12.019 15.975 10.658
203 0 2 17.991 11.982 16.086 10.621
204 0 2 18.077 11.969 16.172 10.608
205 0 2 18.188 11.931 16.283 10.570
206 0 2 18.299 11.918 16.394 10.557
207 0 2 18.409 11.881 16.505 10.520
208 0 2 18.495 11.868 16.591 10.507
209 0 2 18.606 11.830 16.701 10.469
210 0 2 18.899 11.521 17.035 10.627
211 0 2 18.936 11.533 16.973 10.590
212 0 2 19.034 11.521 17.072 10.577
213 0 2 19.133 11.508 17.170 10.564
214 0 2 19.231 11.470 17.268 10.527
215 0 2 19.329 11.457 17.367 10.514
216 0 2 19.452 11.420 17.490 10.476
217 0 2 19.575 11.406 17.613 10.463
218 0 2 19.648 11.369 17.687 10.426
219 0 2 19.771 11.356 17.810 10.413
220 0 2 19.844 11.319 17.883 10.376
221 0 2 19.967 11.306 18.006 10.363
222 0 2 20.065 11.293 18.105 10.350
223 0 2 20.164 11.280 18.203 10.337
224 0 2 20.262 11.242 18.301 10.299
225 0 2 20.384 11.229 18.424 10.286
226 0 2 20.507 11.216 18.547 10.273
227 0 2 20.581 11.203 18.621 10.261
228 0 2 20.703 11.166 18.744 10.223
229 0 2 20.802 11.177 18.842 10.235
230 0 2 20.900 11.140 18.940 10.197
231 0 2 20.998 11.127 19.038 10.184
232 0 2 21.120 11.114 19.161 10.171
233 0 2 21.243 11.101 19.284 10.158
234 0 2 21.316 11.064 19.358 10.121
235 0 2 21.463 11.050 19.505 10.108
236 0 2 21.562 11.037 19.603 10.095
237 0 2 21.660 11.024 19.702 10.082
238 0 2 21.757 10.987 19.800 10.045
239 0 2 21.856 10.974 19.898 10.032
240 0 2 21.965 10.888 20.094 10.031
241 0 2 22.002 10.900 20.033 9.994
242 0 2 22.112 10.874 20.143 9.969
243 0 2 22.223 10.849 20.254 9.944
244 0 2 22.308 10.849 20.339 9.943
245 0 2 22.443 10.823 20.474 9.918
246 0 2 22.529 10.798 20.560 9.893
247 0 2 22.639 10.797 20.671 9.892
248 0 2 22.725 10.772 20.756 9.867
249 0 2 22.859 10.772 20.891 9.866
250 0 2 22.945 10.746 20.977 9.841
251 0 2 23.055 10.746 21.088 9.841
252 0 2 23.141 10.745 21.173 9.840
253 0 2 23.276 10.744 21.308 9.839
254 0 2 23.361 10.744 21.394 9.839
255 0 2 23.472 10.743 21.505 9.838
256 0 2 23.582 10.718 21.615 9.813
257 0 2 23.692 10.717 21.725 9.812
258 0 2 23.777 10.716 21.811 9.812
259 0 2 23.912 10.691 21.946 9.786
260 0 2 23.998 10.691 22.032 9.786
261 0 2 24.108 10.690 22.142 9.785
262 0 2 24.193 10.689 22.228 9.785
263 0 2 24.328 10.688 22.363 9.784
264 0 2 24.414 10.688 22.448 9.783
265 0 2 24.524 10.687 22.559 9.783
266 0 2 24.609 10.686 22.644 9.782
267 0 2 24.719 10.686 22.755 9.781
268 0 2 24.805 10.661 22.840 9.756
269 0 2 24.915 10.660 22.951 9.756
270 0 2 25.036 10.525 23.208 9.815
271 0 2 25.073 10.537 23.147 9.779
272 0 2 25.171 10.536 23.245 9.778
273 0 2 25.269 10.535 23.343 9.778
274 0 2 25.391 10.510 23.465 9.752
275 0 2 25.513 10.509 23.587 9.752
276 0 2 25.586 10.509 23.661 9.751
277 0 2 25.708 10.508 23.783 9.750
278 0 2 25.782 10.508 23.857 9.750
279 0 2 25.904 10.507 23.979 9.749
280 0 2 26.002 10.506 24.077 9.749
281 0 2 26.099 10.505 24.175 9.748
282 0 2 26.197 10.505 24.273 9.747
283 0 2 26.319 10.504 24.395 9.747
284 0 2 26.441 10.503 24.517 9.746
285 0 2 26.514 10.503 24.591 9.745
286 0 2 26.759 10.550 24.884 9.780
287 0 2 26.796 10.562 24.823 9.744
288 0 2 26.893 10.573 24.921 9.756
289 0 2 26.991 10.585 25.019 9.767
290 0 2 27.089 10.572 25.116 9.754
291 0 2 27.211 10.584 25.239 9.766
292 0 2 27.308 10.571 25.336 9.753
293 0 2 27.406 10.582 25.434 9.765
294 0 2 27.503 10.569 25.532 9.752
295 0 2 27.601 10.581 25.630 9.763
296 0 2 27.699 10.568 25.727 9.751
297 0 2 27.796 10.580 25.825 9.762
298 0 2 27.918 10.567 25.947 9.749
299 0 2 28.016 10.554 26.045 9.736
300 0 2 28.088 10.492 26.265 9.759
301 0 2 28.125 10.504 26.204 9.723
302 0 2 28.222 10.504 26.301 9.722
303 0 2 28.320 10.503 26.399 9.722
304 0 2 28.417 10.502 26.497 9.721
305 0 2 28.515 10.502 26.594 9.721
306 0 2 28.612 10.501 26.692 9.720
307 0 2 28.710 10.476 26.789 9.695
308 0 2 28.807 10.475 26.887 9.694
309 0 2 28.905 10.475 26.985 9.694
310 0 2 29.002 10.474 27.082 9.693
311 0 2 29.099 10.473 27.180 9.693
312 0 2 29.197 10.473 27.277 9.692
313 0 2 29.294 10.472 27.375 9.691
314 0 2 29.392 10.471 27.472 9.691
315 0 2 29.513 10.446 27.594 9.666
316 0 2 29.586 10.446 27.667 9.665
317 0 2 29.708 10.445 27.789 9.664
318 0 2 29.781 10.445 27.862 9.664
319 0 2 29.878 10.444 27.960 9.663
320 0 2 29.976 10.443 28.058 9.663
321 0 2 30.073 10.418 28.155 9.638
322 0 2 30.170 10.418 28.252 9.637
323 0 2 30.268 10.417 28.350 9.637
324 0 2 30.365 10.416 28.447 9.636
325 0 2 30.462 10.416 28.545 9.635
326 0 2 30.560 10.415 28.642 9.635
327 0 2 30.657 10.414 28.740 9.634
328 0 2 30.754 10.414 28.837 9.634
329 0 2 30.851 10.413 28.935 9.633
330 0 2 30.948 10.376 29.130 9.668
331 0 2 30.985 10.388 29.069 9.632
332 0 2 31.082 10.387 29.166 9.631
333 0 2 31.155 10.387 29.239 9.631
334 0 2 31.252 10.386 29.336 9.630
335 0 2 31.350 10.385 29.434 9.630
336 0 2 31.447 10.385 29.531 9.629
337 0 2 31.544 10.384 29.629 9.629
338 0 2 31.617 10.384 29.702 9.628
339 0 2 31.714 10.383 29.799 9.628
340 0 2 31.787 10.383 29.872 9.627
341 0 2 31.884 10.382 29.969 9.626
342 0 2 31.981 10.381 30.067 9.626
0 3 2 11.010 27.261 10.368 25.464
91 3 2 11.035 27.310 10.368 25.427
92 3 2 11.097 27.198 10.317 25.205
93 3 2 11.110 27.247 10.280 25.143
94 3 2 11.120 26.876 10.353 24.969
95 3 2 11.133 26.913 10.316 24.908
96 3 2 11.107 26.641 10.315 24.636
97 3 2 11.119 26.690 10.277 24.574
98 3 2 11.143 26.331 10.364 24.499
99 3 2 11.155 26.368 10.326 24.438
100 3 2 11.191 25.997 10.449 24.177
101 3 2 11.203 26.033 10.412 24.115
102 3 2 11.165 25.787 10.436 23.942
103 3 2 11.177 25.824 10.410 23.880
104 3 2 11.189 25.687 10.422 23.744
105 3 2 11.176 25.576 10.409 23.633
106 3 2 11.213 25.415 10.446 23.472
107 3 2 11.200 25.304 10.433 23.361
108 3 2 11.211 25.168 10.445 23.225
109 3 2 11.223 25.032 10.457 23.089
110 3 2 11.345 24.622 10.369 22.880
111 3 2 11.358 24.659 10.331 22.818
112 3 2 11.370 24.523 10.343 22.682
113 3 2 11.382 24.412 10.355 22.571
114 3 2 11.393 24.251 10.366 22.410
115 3 2 11.405 24.139 10.378 22.299
116 3 2 11.417 24.003 10.390 22.163
117 3 2 11.454 23.867 10.427 22.027
118 3 2 11.441 23.731 10.414 21.891
119 3 2 11.477 23.620 10.450 21.779
120 3 2 11.401 23.312 10.636 21.518
121 3 2 11.414 23.349 10.598 21.456
122 3 2 11.438 23.212 10.622 21.320
123 3 2 11.462 23.101 10.646 21.209
124 3 2 11.462 22.965 10.646 21.073
125 3 2 11.486 22.854 10.670 20.961
126 3 2 11.510 22.717 10.694 20.825
127 3 2 11.534 22.581 10.719 20.689
128 3 2 11.558 22.445 10.743 20.553
129 3 2 11.558 22.334 10.742 20.442
130 3 2 11.556 22.038 10.791 20.219
131 3 2 11.569 22.075 10.753 20.158
132 3 2 11.703 21.530 10.653 19.949
133 3 2 11.728 21.566 10.616 19.900
134 3 2 11.740 21.443 10.627 19.777
135 3 2 11.751 21.295 10.639 19.629
136 3 2 11.788 21.171 10.676 19.505
137 3 2 11.800 21.072 10.688 19.406
138 3 2 11.750 20.937 10.985 19.316
139 3 2 11.762 20.974 10.948 19.267
140 3 2 11.785 20.554 10.935 19.144
141 3 2 11.798 20.578 10.897 19.095
142 3 2 11.933 20.453 10.983 18.810
143 3 2 11.946 20.490 10.945 18.761
144 3 2 12.106 20.365 11.018 18.366
145 3 2 12.131 20.414 10.980 18.305
146 3 2 12.043 20.070 11.104 18.279
147 3 2 12.056 20.107 11.067 18.217
148 3 2 12.054 19.700 11.227 18.031
149 3 2 12.066 19.736 11.190 17.982
150 3 2 12.202 19.612 11.263 17.759
151 3 2 12.215 19.648 11.226 17.698
152 3 2 12.212 19.167 11.423 17.573
153 3 2 12.225 19.204 11.386 17.524
154 3 2 12.250 19.216 11.298 17.278
155 3 2 12.262 19.253 11.261 17.217
156 3 2 12.298 18.908 11.310 17.179
157 3 2 12.310 18.945 11.260 17.118
158 3 2 12.320 18.501 11.519 16.857
159 3 2 12.333 18.537 11.482 16.808
160 3 2 12.444 18.401 11.444 16.722
161 3 2 12.469 18.437 11.407 16.673
162 3 2 12.541 18.030 11.542 16.499
163 3 2 12.566 18.067 11.505 16.450
164 3 2 12.726 17.892 11.715 16.276
165 3 2 12.751 17.929 11.677 16.227
166 3 2 12.700 17.671 11.862 15.905
167 3 2 12.713 17.708 11.824 15.843
168 3 2 12.810 17.399 11.923 15.719
169 3 2 12.823 17.436 11.885 15.670
170 3 2 12.945 17.151 11.972 15.645
171 3 2 12.958 17.188 11.934 15.596
172 3 2 13.031 17.002 12.094 15.311
173 3 2 13.044 17.039 12.057 15.262
174 3 2 13.178 16.631 12.255 15.248
175 3 2 13.190 16.656 12.217 15.199
176 3 2 13.251 16.397 12.316 15.051
177 3 2 13.263 16.421 12.278 15.002
178 3 2 13.386 16.248 12.290 14.829
179 3 2 13.411 16.272 12.252 14.780
180 3 2 13.770 16.232 12.238 14.386
181 3 2 13.807 16.269 12.188 14.325
182 3 2 13.583 15.951 12.510 14.347
183 3 2 13.608 15.987 12.473 14.298
184 3 2 13.717 15.617 12.745 14.247
185 3 2 13.730 15.641 12.708 14.198
186 3 2 13.852 15.370 12.819 14.123
187 3 2 13.877 15.394 12.781 14.074
188 3 2 14.013 15.380 12.805 13.779
189 3 2 14.038 15.417 12.767 13.730
190 3 2 14.122 15.023 13.002 13.691
191 3 2 14.147 15.047 12.965 13.642
192 3 2 14.196 15.010 13.137 13.444
193 3 2 14.221 15.046 13.100 13.395
194 3 2 14.405 14.737 13.284 13.123
195 3 2 14.430 14.774 13.246 13.074
196 3 2 14.404 14.590 13.357 13.036
197 3 2 14.429 14.626 13.320 12.987
198 3 2 14.600 14.244 13.419 12.925
199 3 2 14.625 14.268 13.381 12.876
200 3 2 14.760 14.230 13.738 12.578
201 3 2 14.785 14.267 13.701 12.529
202 3 2 14.821 14.057 13.738 12.541
203 3 2 14.846 14.094 13.701 12.492
204 3 2 15.104 13.797 13.910 12.319
205 3 2 15.129 13.834 13.873 12.270
206 3 2 15.153 13.686 14.008 12.195
207 3 2 15.178 13.723 13.971 12.146
208 3 2 15.386 13.537 14.144 12.071
209 3 2 15.411 13.573 14.094 12.022
210 3 2 15.707 13.546 14.142 11.776
211 3 2 15.745 13.583 14.092 11.715
212 3 2 15.717 13.104 14.476 11.774
213 3 2 15.742 13.128 14.426 11.725
214 3 2 15.939 12.955 14.586 11.650
215 3 2 15.963 12.979 14.536 11.601
216 3 2 16.086 12.855 14.746 11.551
217 3 2 16.111 12.880 14.696 11.502
218 3 2 16.245 12.645 14.832 11.415
219 3 2 16.270 12.670 14.782 11.366
220 3 2 16.356 12.620 14.868 11.317
221 3 2 16.417 12.570 14.930 11.267
222 3 2 16.528 12.496 15.040 11.193
223 3 2 16.589 12.422 15.102 11.118
224 3 2 16.700 12.396 15.213 11.093
225 3 2 16.761 12.322 15.274 11.019
226 3 2 16.872 12.297 15.385 10.994
227 3 2 16.933 12.247 15.446 10.944
228 3 2 17.044 12.197 15.557 10.894
229 3 2 17.130 12.148 15.643 10.845
230 3 2 17.216 12.122 15.729 10.819
231 3 2 17.302 12.097 15.816 10.794
232 3 2 17.413 12.047 15.926 10.744
233 3 2 17.499 11.998 16.012 10.695
234 3 2 17.609 11.972 16.123 10.670
235 3 2 17.696 11.972 16.210 10.669
236 3 2 17.782 11.922 16.296 10.619
237 3 2 17.868 11.897 16.382 10.594
238 3 2 17.978 11.847 16.492 10.544
239 3 2 18.064 11.822 16.578 10.519
240 3 2 18.518 11.598 16.666 10.703
241 3 2 18.555 11.610 16.604 10.666
242 3 2 18.641 11.597 16.690 10.653
243 3 2 18.752 11.584 16.801 10.640
244 3 2 18.862 11.571 16.912 10.627
245 3 2 18.973 11.558 17.023 10.614
246 3 2 19.059 11.520 17.109 10.577
247 3 2 19.170 11.532 17.220 10.589
248 3 2 19.256 11.519 17.306 10.576
249 3 2 19.366 11.506 17.416 10.563
250 3 2 19.477 11.493 17.527 10.550
251 3 2 19.587 11.504 17.638 10.561
252 3 2 19.673 11.467 17.724 10.524
253 3 2 19.784 11.478 17.835 10.536
254 3 2 19.894 11.465 17.946 10.523
255 3 2 20.005 11.477 18.056 10.534
256 3 2 20.091 11.464 18.143 10.521
257 3 2 20.202 11.476 18.253 10.533
258 3 2 20.288 11.463 18.339 10.520
259 3 2 20.423 11.474 18.475 10.531
260 3 2 20.509 11.486 18.561 10.543
261 3 2 20.619 11.497 18.672 10.555
262 3 2 20.730 11.484 18.782 10.542
263 3 2 20.840 11.496 18.893 10.553
264 3 2 20.926 11.507 18.979 10.565
265 3 2 21.062 11.518 19.115 10.576
266 3 2 21.148 11.530 19.201 10.588
267 3 2 21.283 11.541 19.336 10.599
268 3 2 21.369 11.553 19.422 10.611
269 3 2 21.479 11.564 19.533 10.622
270 3 2 21.676 11.698 19.778 10.584
271 3 2 21.713 11.722 19.717 10.548
272 3 2 21.824 11.733 19.827 10.559
273 3 2 21.910 11.745 19.913 10.571
274 3 2 22.020 11.757 20.024 10.582
275 3 2 22.131 11.768 20.135 10.594
276 3 2 22.241 11.804 20.246 10.630
277 3 2 22.352 11.815 20.356 10.641
278 3 2 22.462 11.851 20.467 10.677
279 3 2 22.573 11.863 20.577 10.689
280 3 2 22.683 11.874 20.688 10.700
281 3 2 22.793 11.886 20.799 10.712
282 3 2 22.941 11.921 21.108 11.065
283 3 2 22.977 11.933 21.046 11.029
284 3 2 23.125 11.957 21.354 11.125
285 3 2 23.161 11.969 21.292 11.088
286 3 2 23.272 11.992 21.403 11.112
287 3 2 23.382 11.991 21.513 11.111
288 3 2 23.493 12.015 21.624 11.135
289 3 2 23.603 12.039 21.734 11.159
290 3 2 23.713 12.038 21.844 11.158
291 3 2 23.823 12.062 21.955 11.182
292 3 2 23.934 12.110 22.066 11.230
293 3 2 24.069 12.133 22.201 11.253
294 3 2 24.154 12.133 22.287 11.253
295 3 2 24.289 12.132 22.421 11.252
296 3 2 24.375 12.155 22.507 11.276
297 3 2 24.510 12.203 22.642 11.324
298 3 2 24.620 12.203 22.753 11.323
299 3 2 24.730 12.226 22.863 11.347
300 3 2 24.902 12.249 22.985 11.223
301 3 2 24.939 12.274 22.923 11.187
302 3 2 25.049 12.297 23.034 11.211
303 3 2 25.159 12.296 23.144 11.210
304 3 2 25.269 12.320 23.254 11.234
305 3 2 25.379 12.319 23.365 11.233
306 3 2 25.514 12.343 23.500 11.257
307 3 2 25.599 12.342 23.585 11.256
308 3 2 25.734 12.365 23.720 11.279
309 3 2 25.844 12.365 23.830 11.279
310 3 2 25.954 12.388 23.941 11.302
311 3 2 26.064 12.387 24.051 11.302
312 3 2 26.284 12.374 24.530 11.580
313 3 2 26.321 12.386 24.469 11.543
314 3 2 26.418 12.397 24.567 11.555
315 3 2 26.541 12.408 24.689 11.566
316 3 2 26.638 12.420 24.787 11.578
317 3 2 26.736 12.431 24.885 11.589
318 3 2 26.858 12.443 25.007 11.601
319 3 2 26.981 12.454 25.130 11.612
320 3 2 27.078 12.465 25.227 11.623
321 3 2 27.176 12.477 25.325 11.635
322 3 2 27.298 12.488 25.448 11.646
323 3 2 27.420 12.499 25.570 11.658
324 3 2 27.518 12.511 25.668 11.669
325 3 2 27.616 12.522 25.766 11.681
326 3 2 27.713 12.534 25.864 11.692
327 3 2 27.835 12.545 25.986 11.704
328 3 2 27.920 12.483 26.402 11.774
329 3 2 27.957 12.495 26.353 11.738
330 3 2 28.165 12.628 26.254 11.604
331 3 2 28.202 12.652 26.193 11.568
332 3 2 28.312 12.651 26.302 11.567
333 3 2 28.422 12.675 26.413 11.591
334 3 2 28.507 12.699 26.498 11.614
335 3 2 28.641 12.698 26.633 11.613
336 3 2 28.727 12.722 26.718 11.637
337 3 2 28.837 12.745 26.828 11.661
338 3 2 28.946 12.744 26.938 11.660
339 3 2 29.056 12.743 27.048 11.659
340 3 2 29.142 12.767 27.134 11.683
341 3 2 29.251 12.791 27.244 11.707
342 3 2 29.337 12.790 27.329 11.706
0 4 2 8.902 25.768 7.997 23.862
121 4 2 8.927 25.817 7.985 23.825
122 4 2 8.963 25.421 8.096 23.725
123 4 2 8.975 25.458 8.059 23.675
124 4 2 8.949 25.161 8.107 23.353
125 4 2 8.962 25.198 8.070 23.292
126 4 2 8.911 24.964 8.093 22.933
127 4 2 8.923 25.013 8.055 22.871
128 4 2 8.971 24.443 7.881 22.787
129 4 2 8.996 24.480 7.843 22.738
130 4 2 8.944 24.134 8.266 22.559
131 4 2 8.957 24.171 8.241 22.510
132 4 2 9.032 24.121 8.264 22.151
133 4 2 9.044 24.170 8.226 22.090
134 4 2 9.030 23.663 8.226 21.892
135 4 2 9.042 23.700 8.188 21.831
136 4 2 9.103 23.365 8.362 21.705
137 4 2 9.115 23.402 8.324 21.656
138 4 2 9.226 23.104 8.273 21.323
139 4 2 9.239 23.141 8.235 21.261
140 4 2 9.175 22.845 8.296 20.989
141 4 2 9.188 22.882 8.259 20.927
142 4 2 9.335 22.534 8.370 20.790
143 4 2 9.348 22.571 8.333 20.729
144 4 2 9.359 22.249 8.505 20.344
145 4 2 9.372 22.286 8.467 20.282
146 4 2 9.407 21.940 8.529 20.158
147 4 2 9.420 21.977 8.492 20.097
148 4 2 9.444 21.692 8.577 19.836
149 4 2 9.456 21.729 8.540 19.775
150 4 2 9.492 21.407 8.601 19.539
151 4 2 9.505 21.444 8.564 19.478
152 4 2 9.764 21.108 8.401 19.196
153 4 2 9.789 21.145 8.351 19.134
154 4 2 9.726 20.836 8.698 18.859
155 4 2 9.751 20.886 8.660 18.798
156 4 2 9.687 20.615 8.672 18.699
157 4 2 9.712 20.651 8.634 18.637
158 4 2 9.773 20.317 8.633 18.230
159 4 2 9.798 20.366 8.595 18.169
160 4 2 9.796 19.934 8.794 18.216
161 4 2 9.821 19.971 8.757 18.155
162 4 2 9.845 19.674 8.979 17.905
163 4 2 9.857 19.711 8.942 17.844
164 4 2 9.992 19.389 9.016 17.720
165 4 2 10.005 19.426 8.978 17.671
166 4 2 9.929 19.130 9.027 17.436
167 4 2 9.942 19.167 8.990 17.387
168 4 2 10.027 18.882 9.112 16.941
169 4 2 10.040 18.919 9.074 16.880
170 4 2 10.175 18.510 9.223 16.755
171 4 2 10.187 18.547 9.185 16.694
172 4 2 10.261 18.312 9.334 16.643
173 4 2 10.273 18.349 9.297 16.594
174 4 2 10.370 17.904 9.357 16.223
175 4 2 10.395 17.941 9.320 16.174
176 4 2 10.481 17.619 9.418 15.939
177 4 2 10.506 17.656 9.380 15.890
178 4 2 10.579 17.482 9.342 15.730
179 4 2 10.604 17.519 9.293 15.669
180 4 2 10.715 17.247 9.477 15.334
181 4 2 10.740 17.283 9.427 15.273
182 4 2 10.639 16.853 9.601 15.198
183 4 2 10.664 16.890 9.563 15.149
184 4 2 10.848 16.481 9.774 14.974
185 4 2 10.873 16.518 9.736 14.925
186 4 2 10.896 16.283 9.884 14.776
187 4 2 10.921 16.320 9.847 14.727
188 4 2 11.094 16.010 9.994 14.331
189 4 2 11.119 16.047 9.957 14.282
190 4 2 11.167 15.726 10.217 14.231
191 4 2 11.179 15.763 10.180 14.182
192 4 2 11.389 15.638 10.352 13.836
193 4 2 11.414 15.675 10.314 13.774
194 4 2 11.486 15.169 10.240 13.738
195 4 2 11.511 15.193 10.190 13.689
196 4 2 11.621 14.835 10.486 13.440
197 4 2 11.646 14.859 10.449 13.391
198 4 2 11.720 14.871 10.671 13.180
199 4 2 11.745 14.908 10.634 13.131
200 4 2 11.904 14.463 10.733 13.106
201 4 2 11.929 14.488 10.695 13.057
202 4 2 12.076 14.179 10.991 12.734
203 4 2 12.101 14.203 10.954 12.685
204 4 2 12.311 14.090 11.065 12.525
205 4 2 12.336 14.127 11.015 12.476
206 4 2 12.421 13.868 11.262 12.338
207 4 2 12.446 13.905 11.225 12.289
208 4 2 12.655 13.497 11.336 12.276
209 4 2 12.679 13.521 11.286 12.227
210 4 2 13.174 13.480 11.395 11.734
211 4 2 13.211 13.517 11.333 11.673
212 4 2 13.036 13.063 11.817 11.756
213 4 2 13.061 13.088 11.779 11.707
214 4 2 13.382 12.938 12.088 11.545
215 4 2 13.407 12.962 12.038 11.496
216 4 2 13.664 12.579 12.285 11.421
217 4 2 13.689 12.603 12.236 11.384
218 4 2 13.849 12.491 12.458 11.247
219 4 2 13.874 12.516 12.408 11.198
220 4 2 13.985 12.429 12.519 11.112
221 4 2 14.096 12.367 12.630 11.049
222 4 2 14.182 12.255 12.716 10.938
223 4 2 14.317 12.168 12.852 10.851
224 4 2 14.403 12.082 12.938 10.764
225 4 2 14.539 11.995 13.073 10.678
226 4 2 14.625 11.908 13.159 10.591
227 4 2 14.760 11.846 13.295 10.529
228 4 2 14.871 11.734 13.406 10.417
229 4 2 14.981 11.672 13.517 10.355
230 4 2 15.092 11.585 13.628 10.268
231 4 2 15.203 11.498 13.738 10.182
232 4 2 15.313 11.412 13.849 10.095
233 4 2 15.449 11.349 13.985 10.033
234 4 2 15.559 11.263 14.095 9.946
235 4 2 15.670 11.176 14.206 9.859
236 4 2 15.780 11.089 14.317 9.773
237 4 2 15.916 11.027 14.452 9.710
238 4 2 16.026 10.940 14.563 9.624
239 4 2 16.161 10.878 14.698 9.562
240 4 2 16.605 10.789 14.648 9.304
241 4 2 16.642 10.826 14.586 9.255
242 4 2 16.752 10.764 14.696 9.193
243 4 2 16.863 10.677 14.807 9.107
244 4 2 16.998 10.615 14.942 9.045
245 4 2 17.108 10.528 15.053 8.958
246 4 2 17.243 10.466 15.188 8.896
247 4 2 17.354 10.404 15.299 8.834
248 4 2 17.489 10.342 15.434 8.772
249 4 2 17.599 10.255 15.545 8.685
250 4 2 17.734 10.193 15.680 8.623
251 4 2 17.845 10.106 15.791 8.537
252 4 2 17.980 10.069 15.926 8.499
253 4 2 18.090 9.982 16.037 8.413
254 4 2 18.225 9.920 16.172 8.350
255 4 2 18.335 9.858 16.282 8.289
256 4 2 18.470 9.796 16.418 8.226
257 4 2 18.581 9.734 16.528 8.165
258 4 2 18.716 9.696 16.663 8.127
259 4 2 18.826 9.610 16.774 8.041
260 4 2 18.986 9.572 16.934 8.003
261 4 2 19.096 9.486 17.044 7.917
262 4 2 19.231 9.448 17.179 7.879
263 4 2 19.341 9.362 17.290 7.793
264 4 2 19.476 9.324 17.425 7.755
265 4 2 19.586 9.262 17.535 7.693
266 4 2 19.745 9.224 17.695 7.656
267 4 2 19.856 9.163 17.805 7.594
268 4 2 19.990 9.125 17.940 7.557
269 4 2 20.101 9.063 18.051 7.495
270 4 2 20.308 8.780 18.359 7.567
271 4 2 20.345 8.805 18.297 7.518
272 4 2 20.479 8.767 18.432 7.481
273 4 2 20.590 8.730 18.542 7.443
274 4 2 20.749 8.668 18.702 7.381
275 4 2 20.859 8.630 18.812 7.344
276 4 2 20.994 8.568 18.947 7.282
277 4 2 21.128 8.531 19.082 7.245
278 4 2 21.263 8.493 19.217 7.207
279 4 2 21.373 8.456 19.327 7.170
280 4 2 21.508 8.394 19.462 7.108
281 4 2 21.618 8.381 19.573 7.095
282 4 2 21.777 8.319 19.732 7.033
283 4 2 21.887 8.282 19.842 6.996
284 4 2 22.216 8.011 20.481 7.127
285 4 2 22.253 8.023 20.420 7.091
286 4 2 22.460 7.888 20.873 7.040
287 4 2 22.497 7.900 20.824 7.003
288 4 2 22.681 7.886 21.081 6.953
289 4 2 22.718 7.898 21.032 6.917
290 4 2 22.888 7.775 21.167 6.904
291 4 2 22.925 7.787 21.105 6.867
292 4 2 23.059 7.750 21.240 6.830
293 4 2 23.169 7.713 21.350 6.793
294 4 2 23.328 7.675 21.509 6.755
295 4 2 23.438 7.638 21.619 6.718
296 4 2 23.719 7.588 22.170 6.630
297 4 2 23.756 7.600 22.121 6.581
298 4 2 23.890 7.575 22.255 6.556
299 4 2 24.025 7.501 22.390 6.482
300 4 2 24.270 7.573 22.304 6.458
301 4 2 24.319 7.597 22.242 6.422
302 4 2 24.453 7.559 22.377 6.385
303 4 2 24.587 7.522 22.511 6.347
304 4 2 24.855 7.435 23.111 6.296
305 4 2 24.892 7.459 23.049 6.259
306 4 2 25.027 7.422 23.184 6.222
307 4 2 25.136 7.385 23.294 6.185
308 4 2 25.270 7.348 23.428 6.148
309 4 2 25.404 7.310 23.562 6.110
310 4 2 25.539 7.273 23.697 6.073
311 4 2 25.648 7.211 23.806 6.012
312 4 2 25.915 6.990 24.333 6.119
313 4 2 25.952 7.002 24.284 6.083
314 4 2 26.074 6.965 24.406 6.046
315 4 2 26.220 6.928 24.552 6.008
316 4 2 26.366 6.891 24.699 5.971
317 4 2 26.488 6.853 24.820 5.934
318 4 2 26.585 6.816 24.918 5.897
319 4 2 26.707 6.779 25.040 5.860
320 4 2 26.853 6.742 25.186 5.823
321 4 2 26.999 6.705 25.332 5.785
322 4 2 27.120 6.643 25.454 5.724
323 4 2 27.218 6.606 25.552 5.687
324 4 2 27.339 6.569 25.673 5.650
325 4 2 27.485 6.532 25.820 5.612
326 4 2 27.607 6.494 25.941 5.575
327 4 2 27.704 6.457 26.039 5.538
328 4 2 27.825 6.262 26.428 5.378
329 4 2 27.849 6.274 26.379 5.342
330 4 2 28.058 6.456 26.085 5.221
331 4 2 28.106 6.480 26.024 5.173
332 4 2 28.228 6.443 26.146 5.135
333 4 2 28.350 6.430 26.268 5.123
334 4 2 28.447 6.369 26.365 5.061
335 4 2 28.568 6.356 26.487 5.049
336 4 2 28.714 6.319 26.633 5.012
337 4 2 28.811 6.282 26.730 4.975
338 4 2 28.933 6.245 26.852 4.938
339 4 2 29.030 6.232 26.949 4.925
340 4 2 29.127 6.195 27.046 4.888
341 4 2 29.248 6.158 27.168 4.851
342 4 2 29.370 6.121 27.290 4.814
0 1 2 10.565 27.787 9.886 25.978
31 1 2 10.590 27.836 9.885 25.940
32 1 2 10.590 27.725 9.885 25.829
33 1 2 10.589 27.613 9.884 25.718
34 1 2 10.589 27.502 9.884 25.606
35 1 2 10.588 27.391 9.883 25.495
36 1 2 10.588 27.254 9.883 25.359
37 1 2 10.587 27.143 9.882 25.248
38 1 2 10.661 26.882 9.944 25.247
39 1 2 10.673 26.919 9.919 25.198
40 1 2 10.760 26.807 9.905 24.790
41 1 2 10.772 26.856 9.868 24.728
42 1 2 10.646 26.350 9.954 24.715
43 1 2 10.658 26.387 9.929 24.666
44 1 2 10.658 26.264 9.929 24.542
45 1 2 10.682 26.164 9.953 24.443
46 1 2 10.657 26.041 9.928 24.319
47 1 2 10.706 25.917 9.977 24.195
48 1 2 10.779 25.705 9.976 23.923
49 1 2 10.792 25.742 9.938 23.862
50 1 2 10.704 25.459 9.938 23.738
51 1 2 10.716 25.496 9.900 23.677
52 1 2 10.851 25.136 9.949 23.466
53 1 2 10.864 25.173 9.911 23.417
54 1 2 10.887 24.875 10.084 23.242
55 1 2 10.900 24.912 10.047 23.193
56 1 2 11.085 24.675 10.083 22.834
57 1 2 11.110 24.712 10.045 22.773
58 1 2 11.147 24.575 10.082 22.636
59 1 2 11.183 24.439 10.118 22.500
60 1 2 11.020 24.083 10.142 22.240
61 1 2 11.033 24.120 10.104 22.179
62 1 2 11.143 23.747 10.215 21.955
63 1 2 11.155 23.784 10.178 21.894
64 1 2 11.229 23.561 10.288 21.670
65 1 2 11.241 23.598 10.251 21.609
66 1 2 11.265 23.462 10.275 21.472
67 1 2 11.339 23.325 10.349 21.336
68 1 2 11.411 22.805 10.423 21.199
69 1 2 11.424 22.842 10.373 21.150
70 1 2 11.472 22.607 10.496 20.791
71 1 2 11.485 22.644 10.458 20.729
72 1 2 11.483 22.323 10.532 20.531
73 1 2 11.496 22.359 10.494 20.470
74 1 2 11.532 22.198 10.531 20.309
75 1 2 11.569 22.062 10.567 20.172
76 1 2 11.728 21.653 10.939 20.057
77 1 2 11.741 21.690 10.902 20.008
78 1 2 11.926 21.453 10.987 19.637
79 1 2 11.938 21.490 10.949 19.576
80 1 2 12.060 20.958 11.060 19.377
81 1 2 12.085 20.995 11.022 19.328
82 1 2 12.096 20.686 11.096 19.056
83 1 2 12.121 20.723 11.058 19.007
84 1 2 12.144 20.365 11.144 18.821
85 1 2 12.169 20.401 11.107 18.772
86 1 2 12.540 20.262 11.129 18.229
87 1 2 12.565 20.311 11.079 18.168
88 1 2 12.575 19.940 11.215 18.179
89 1 2 12.600 19.977 11.166 18.118
90 1 2 12.685 19.606 11.461 17.708
91 1 2 12.710 19.643 11.424 17.647
92 1 2 12.572 19.262 11.609 17.509
93 1 2 12.585 19.299 11.572 17.448
94 1 2 12.881 19.210 11.620 17.238
95 1 2 12.906 19.259 11.570 17.177
96 1 2 12.891 18.643 11.866 16.816
97 1 2 12.916 18.679 11.829 16.755
98 1 2 13.013 18.222 11.989 16.606
99 1 2 13.038 18.259 11.951 16.557
100 1 2 12.962 17.989 12.161 16.271
101 1 2 12.974 18.025 12.123 16.210
102 1 2 13.233 17.776 12.209 16.099
103 1 2 13.258 17.813 12.172 16.050
104 1 2 13.219 17.321 12.221 15.877
105 1 2 13.243 17.345 12.183 15.828
106 1 2 13.341 17.098 12.343 15.555
107 1 2 13.366 17.135 12.306 15.506
108 1 2 13.451 16.826 12.465 15.283
109 1 2 13.464 16.863 12.416 15.235
110 1 2 13.524 16.542 12.637 14.974
111 1 2 13.536 16.579 12.600 14.925
112 1 2 13.659 16.331 12.710 14.666
113 1 2 13.671 16.368 12.673 14.617
114 1 2 13.731 15.998 12.808 14.406
115 1 2 13.744 16.035 12.770 14.357
116 1 2 13.916 15.763 13.054 14.134
117 1 2 13.928 15.800 13.016 14.085
118 1 2 14.112 15.552 13.089 13.826
119 1 2 14.137 15.589 13.052 13.764
120 1 2 14.495 15.364 13.038 13.482
121 1 2 14.520 15.401 12.988 13.420
122 1 2 14.479 14.786 13.261 13.443
123 1 2 14.504 14.810 13.223 13.394
124 1 2 14.651 14.625 13.469 13.097
125 1 2 14.676 14.661 13.432 13.048
126 1 2 14.775 14.562 13.530 12.949
127 1 2 14.873 14.438 13.628 12.825
128 1 2 14.971 14.314 13.727 12.701
129 1 2 15.069 14.240 13.825 12.627
130 1 2 15.301 13.709 14.036 12.699
131 1 2 15.326 13.734 13.986 12.662
132 1 2 15.646 13.534 14.170 12.452
133 1 2 15.671 13.559 14.108 12.416
134 1 2 15.916 13.385 14.578 12.474
135 1 2 15.941 13.397 14.529 12.437
136 1 2 16.052 13.322 14.639 12.363
137 1 2 16.187 13.248 14.775 12.288
138 1 2 16.543 13.024 15.132 12.076
139 1 2 16.568 13.036 15.082 12.040
140 1 2 16.679 12.974 15.193 11.978
141 1 2 16.814 12.887 15.328 11.891
142 1 2 16.949 12.849 15.464 11.853
143 1 2 17.084 12.762 15.599 11.766
144 1 2 17.404 12.686 15.846 11.752
145 1 2 17.441 12.698 15.796 11.715
146 1 2 17.576 12.647 15.931 11.665
147 1 2 17.712 12.597 16.067 11.615
148 1 2 18.031 12.497 16.363 11.588
149 1 2 18.068 12.509 16.313 11.552
150 1 2 18.350 12.359 16.534 11.428
151 1 2 18.387 12.371 16.472 11.391
152 1 2 18.535 12.346 16.620 11.366
153 1 2 18.682 12.320 16.768 11.340
154 1 2 18.830 12.270 16.916 11.290
155 1 2 18.977 12.220 17.063 11.240
156 1 2 19.124 12.170 17.211 11.190
157 1 2 19.272 12.144 17.358 11.164
158 1 2 19.419 12.119 17.506 11.139
159 1 2 19.566 12.068 17.654 11.089
160 1 2 19.738 12.043 17.826 11.063
161 1 2 19.886 12.017 17.973 11.037
162 1 2 20.033 11.967 18.121 10.987
163 1 2 20.180 11.941 18.268 10.962
164 1 2 20.352 11.940 18.440 10.961
165 1 2 20.499 11.915 18.588 10.935
166 1 2 20.646 11.864 18.735 10.885
167 1 2 20.818 11.839 18.907 10.859
168 1 2 20.965 11.813 19.055 10.834
169 1 2 21.137 11.787 19.227 10.808
170 1 2 21.284 11.762 19.374 10.783
171 1 2 21.431 11.712 19.521 10.733
172 1 2 21.578 11.686 19.669 10.707
173 1 2 21.725 11.685 19.816 10.706
174 1 2 21.897 11.659 19.988 10.681
175 1 2 22.044 11.609 20.135 10.631
176 1 2 22.191 11.584 20.282 10.605
177 1 2 22.362 11.558 20.454 10.579
178 1 2 22.509 11.533 20.601 10.554
179 1 2 22.680 11.507 20.773 10.528
180 1 2 22.950 11.444 21.104 10.538
181 1 2 22.986 11.456 21.043 10.502
182 1 2 23.146 11.430 21.202 10.477
183 1 2 23.280 11.405 21.337 10.451
184 1 2 23.464 11.379 21.521 10.426
185 1 2 23.598 11.329 21.655 10.376
186 1 2 23.757 11.304 21.815 10.350
187 1 2 23.916 11.278 21.974 10.325
188 1 2 24.075 11.253 22.133 10.299
189 1 2 24.209 11.227 22.268 10.274
190 1 2 24.368 11.202 22.427 10.248
191 1 2 24.527 11.176 22.586 10.223
192 1 2 24.686 11.150 22.745 10.197
193 1 2 24.820 11.125 22.880 10.172
194 1 2 24.979 11.100 23.039 10.146
195 1 2 25.138 11.074 23.198 10.121
196 1 2 25.297 11.048 23.357 10.095
197 1 2 25.431 11.023 23.491 10.070
198 1 2 25.590 10.998 23.650 10.045
199 1 2 25.748 10.972 23.809 10.019
200 1 2 25.907 10.947 23.968 9.994
201 1 2 26.041 10.921 24.103 9.968
202 1 2 26.200 10.896 24.262 9.943
203 1 2 26.334 10.870 24.396 9.918
204 1 2 26.493 10.845 24.555 9.892
205 1 2 26.651 10.795 24.714 9.842
206 1 2 26.809 10.769 24.872 9.817
207 1 2 26.943 10.744 25.007 9.792
208 1 2 27.248 10.705 25.288 9.851
209 1 2 27.297 10.717 25.227 9.815
210 1 2 27.480 10.716 25.580 9.715
211 1 2 27.517 10.740 25.519 9.679
212 1 2 27.540 10.533 26.192 9.821
213 1 2 27.564 10.545 26.143 9.785
214 1 2 27.698 10.519 26.277 9.759
215 1 2 27.857 10.494 26.436 9.734
216 1 2 28.015 10.468 26.594 9.708
217 1 2 28.149 10.419 26.728 9.659
218 1 2 28.307 10.393 26.886 9.633
219 1 2 28.441 10.344 27.020 9.584
220 1 2 28.599 10.294 27.179 9.534
221 1 2 28.732 10.268 27.313 9.509
222 1 2 28.890 10.219 27.471 9.459
223 1 2 29.000 10.194 27.580 9.434
224 1 2 29.158 10.144 27.738 9.384
225 1 2 29.267 10.119 27.848 9.359
226 1 2 29.425 10.069 28.006 9.309
227 1 2 29.559 10.044 28.140 9.284
228 1 2 29.692 9.994 28.274 9.234
229 1 2 29.826 9.944 28.407 9.185
230 1 2 29.984 9.895 28.565 9.135
231 1 2 30.117 9.869 28.699 9.110
232 1 2 30.275 9.820 28.857 9.060
233 1 2 30.409 9.794 28.991 9.035
234 1 2 30.566 9.745 29.149 8.985
235 1 2 30.724 9.719 29.307 8.960
236 1 2 30.858 9.670 29.440 8.911
237 1 2 30.991 9.645 29.574 8.885
238 1 2 31.149 9.595 29.732 8.836
239 1 2 31.282 9.570 29.866 8.811
240 1 2 31.707 9.543 29.802 8.506
241 1 2 31.744 9.567 29.741 8.470
242 1 2 31.877 9.529 29.875 8.433
243 1 2 32.010 9.492 30.008 8.395
244 1 2 32.168 9.455 30.166 8.358
245 1 2 32.301 9.417 30.300 8.321
246 1 2 32.434 9.380 30.433 8.283
247 1 2 32.568 9.343 30.566 8.246
248 1 2 32.725 9.329 30.724 8.233
249 1 2 32.858 9.268 30.858 8.171
250 1 2 33.016 9.255 31.015 8.158
251 1 2 33.149 9.217 31.149 8.121
252 1 2 33.306 9.180 31.306 8.084
253 1 2 33.439 9.143 31.440 8.046
254 1 2 33.597 9.129 31.598 8.033
255 1 2 33.754 9.116 31.755 8.020
256 1 2 33.912 9.103 31.913 8.007
257 1 2 34.045 9.066 32.046 7.970
258 1 2 34.178 9.053 32.180 7.957
259 1 2 34.311 9.040 32.313 7.944
260 1 2 34.469 9.027 32.471 7.931
261 1 2 34.602 9.014 32.604 7.918
262 1 2 34.759 9.025 32.762 7.930
263 1 2 34.917 9.012 32.920 7.917
264 1 2 35.074 9.023 33.077 7.928
265 1 2 35.207 9.010 33.211 7.915
266 1 2 35.365 9.022 33.368 7.926
267 1 2 35.498 9.033 33.502 7.938
268 1 2 35.655 9.044 33.660 7.949
269 1 2 35.788 9.031 33.793 7.936
270 1 2 36.115 8.993 34.168 7.825
271 1 2 36.163 9.017 34.107 7.789
272 1 2 36.731 8.989 34.438 8.285
273 1 2 36.780 9.001 34.365 8.249
274 1 2 36.925 9.025 34.511 8.273
275 1 2 37.070 9.024 34.656 8.272
276 1 2 37.191 9.047 34.777 8.296
277 1 2 37.336 9.071 34.923 8.319
278 1 2 37.809 9.274 35.140 8.221
279 1 2 37.870 9.298 35.055 8.185
280 1 2 37.919 9.419 35.563 8.182
281 1 2 37.956 9.443 35.478 8.134
282 1 2 37.967 9.395 35.879 8.375
283 1 2 37.992 9.419 35.806 8.339
284 1 2 38.005 9.516 36.181 8.349
285 1 2 37.981 9.540 36.109 8.313
286 1 2 37.981 9.540 36.254 8.312
287 1 2 37.981 9.565 36.411 8.335
288 1 2 37.969 9.589 36.520 8.359
289 1 2 37.969 9.565 36.677 8.334
290 1 2 37.969 9.565 36.846 8.333
292 1 2 37.969 9.589 36.797 8.284
293 1 2 37.969 9.601 36.906 8.296
294 1 2 37.957 9.613 37.039 8.307
295 1 2 37.957 9.601 37.124 8.295
296 1 2 37.958 9.638 37.245 8.330
297 1 2 37.957 9.626 37.281 8.318
299 1 2 37.958 9.650 37.244 8.270
300 1 2 37.958 9.650 37.244 8.270
0 2 2 7.025 26.748 5.945 24.879
31 2 2 7.062 26.797 5.932 24.842
32 2 2 7.062 26.673 5.931 24.718
33 2 2 7.086 26.574 5.956 24.619
34 2 2 7.111 26.450 5.981 24.495
35 2 2 7.135 26.325 6.005 24.371
36 2 2 7.060 26.289 6.117 24.171
37 2 2 7.073 26.339 6.079 24.109
38 2 2 7.208 25.928 6.215 23.736
39 2 2 7.221 25.977 6.164 23.675
40 2 2 7.246 25.841 6.189 23.538
41 2 2 7.245 25.704 6.188 23.402
42 2 2 7.293 25.332 6.188 23.353
43 2 2 7.318 25.381 6.150 23.291
44 2 2 7.330 25.047 6.300 23.240
45 2 2 7.355 25.084 6.262 23.178
46 2 2 7.391 24.823 6.461 22.978
47 2 2 7.404 24.860 6.423 22.916
48 2 2 7.477 24.537 6.473 22.742
49 2 2 7.502 24.574 6.435 22.681
50 2 2 7.550 24.227 6.472 22.569
51 2 2 7.576 24.263 6.434 22.520
52 2 2 7.562 24.016 6.546 22.271
53 2 2 7.587 24.053 6.508 22.210
54 2 2 7.598 23.657 6.607 22.010
55 2 2 7.611 23.694 6.557 21.961
56 2 2 7.635 23.495 6.556 21.850
57 2 2 7.660 23.532 6.519 21.801
58 2 2 7.672 23.396 6.531 21.665
59 2 2 7.708 23.259 6.567 21.528
60 2 2 7.644 22.852 6.790 21.018
61 2 2 7.657 22.889 6.752 20.957
62 2 2 7.906 22.762 6.527 20.737
63 2 2 7.931 22.811 6.477 20.676
64 2 2 7.892 22.440 6.700 20.364
65 2 2 7.917 22.490 6.662 20.302
66 2 2 7.903 22.255 6.625 20.204
67 2 2 7.928 22.304 6.574 20.143
68 2 2 8.013 21.610 6.823 19.979
69 2 2 8.038 21.647 6.785 19.930
70 2 2 8.036 21.338 6.834 19.719
71 2 2 8.062 21.375 6.797 19.670
72 2 2 8.297 21.187 6.882 19.199
73 2 2 8.322 21.236 6.832 19.138
74 2 2 8.147 20.990 7.181 19.097
75 2 2 8.160 21.027 7.143 19.036
76 2 2 8.332 20.556 7.317 18.886
77 2 2 8.357 20.592 7.279 18.837
78 2 2 8.480 20.356 7.315 18.379
79 2 2 8.505 20.405 7.277 18.318
80 2 2 8.479 20.047 7.551 18.266
81 2 2 8.491 20.084 7.513 18.204
82 2 2 8.838 19.772 7.399 17.761
83 2 2 8.863 19.821 7.349 17.699
84 2 2 8.888 19.685 7.448 17.587
85 2 2 8.913 19.734 7.398 17.526
86 2 2 8.786 19.278 7.546 17.203
87 2 2 8.812 19.327 7.496 17.142
88 2 2 8.885 19.067 7.658 17.054
89 2 2 8.910 19.116 7.620 16.993
90 2 2 9.107 18.645 7.893 16.718
91 2 2 9.132 18.682 7.855 16.657
92 2 2 9.069 18.460 8.029 16.692
93 2 2 9.094 18.497 7.992 16.631
94 2 2 9.192 18.113 8.176 16.160
95 2 2 9.217 18.150 8.139 16.087
96 2 2 9.389 17.728 8.424 15.887
97 2 2 9.401 17.765 8.386 15.825
98 2 2 9.561 17.455 8.374 15.801
99 2 2 9.586 17.492 8.336 15.752
100 2 2 9.660 17.294 8.372 15.393
101 2 2 9.685 17.331 8.322 15.332
102 2 2 9.708 16.849 8.520 15.182
103 2 2 9.733 16.886 8.483 15.133
104 2 2 9.905 16.539 8.755 14.958
105 2 2 9.930 16.576 8.718 14.909
106 2 2 10.165 16.512 8.890 14.526
107 2 2 10.191 16.561 8.840 14.464
108 2 2 10.300 16.104 9.112 14.191
109 2 2 10.325 16.141 9.075 14.129
110 2 2 10.448 15.844 9.211 14.104
111 2 2 10.473 15.880 9.161 14.042
112 2 2 10.683 15.706 9.309 13.708
113 2 2 10.708 15.755 9.259 13.647
114 2 2 10.941 15.309 9.519 13.534
115 2 2 10.966 15.346 9.469 13.473
116 2 2 11.053 15.222 9.555 13.349
117 2 2 11.139 15.098 9.642 13.225
118 2 2 11.323 14.665 9.926 13.026
119 2 2 11.348 14.702 9.876 12.977
120 2 2 11.817 14.427 10.012 12.779
121 2 2 11.855 14.464 9.950 12.730
122 2 2 11.829 14.279 10.172 12.556
123 2 2 11.866 14.316 10.122 12.495
124 2 2 12.051 14.068 10.507 12.479
125 2 2 12.088 14.105 10.457 12.431
126 2 2 12.297 13.684 10.779 12.305
127 2 2 12.334 13.709 10.729 12.256
128 2 2 12.457 13.535 11.086 11.884
129 2 2 12.482 13.572 11.037 11.835
130 2 2 12.690 13.152 11.136 11.896
131 2 2 12.727 13.176 11.086 11.847
132 2 2 12.888 13.089 11.469 11.488
133 2 2 12.913 13.126 11.419 11.439
134 2 2 13.023 13.026 11.530 11.340
135 2 2 13.134 12.927 11.641 11.241
136 2 2 13.270 12.828 11.776 11.141
137 2 2 13.380 12.704 11.887 11.017
138 2 2 13.787 12.393 12.283 10.904
139 2 2 13.824 12.430 12.233 10.855
140 2 2 13.947 12.343 12.356 10.768
141 2 2 14.046 12.256 12.455 10.682
142 2 2 14.169 12.145 12.578 10.570
143 2 2 14.341 12.082 12.751 10.508
144 2 2 14.440 11.971 12.849 10.396
145 2 2 14.587 11.908 12.997 10.334
146 2 2 14.710 11.821 13.121 10.247
147 2 2 14.883 11.734 13.293 10.160
148 2 2 15.006 11.647 13.416 10.073
149 2 2 15.154 11.585 13.564 10.011
150 2 2 15.633 11.299 13.712 9.887
151 2 2 15.671 11.323 13.650 9.838
152 2 2 15.794 11.261 13.773 9.776
153 2 2 15.941 11.199 13.921 9.714
154 2 2 16.089 11.136 14.069 9.651
155 2 2 16.236 11.074 14.217 9.589
156 2 2 16.409 11.011 14.390 9.527
157 2 2 16.556 10.949 14.537 9.464
158 2 2 16.704 10.887 14.685 9.402
159 2 2 16.851 10.824 14.833 9.340
160 2 2 17.024 10.786 15.006 9.302
161 2 2 17.171 10.748 15.153 9.264
162 2 2 17.329 10.269 15.475 9.495
163 2 2 17.366 10.281 15.414 9.459
164 2 2 17.882 10.204 15.808 9.506
165 2 2 17.932 10.216 15.747 9.482
166 2 2 18.067 10.178 15.882 9.444
167 2 2 18.251 10.165 16.067 9.431
168 2 2 18.386 10.127 16.202 9.393
169 2 2 18.546 10.114 16.363 9.380
170 2 2 18.706 10.076 16.523 9.342
171 2 2 18.890 10.063 16.707 9.328
172 2 2 19.025 10.025 16.843 9.291
173 2 2 19.209 9.987 17.027 9.253
174 2 2 19.345 9.974 17.163 9.240
175 2 2 19.529 9.961 17.347 9.227
176 2 2 19.688 9.923 17.507 9.189
177 2 2 19.848 9.910 17.667 9.176
178 2 2 20.008 9.896 17.827 9.162
179 2 2 20.167 9.883 17.987 9.149
180 2 2 20.228 9.785 18.479 9.097
181 2 2 20.265 9.797 18.417 9.073
182 2 2 20.424 9.796 18.577 9.072
183 2 2 20.584 9.795 18.737 9.071
184 2 2 20.744 9.794 18.896 9.070
185 2 2 20.903 9.768 19.056 9.045
186 2 2 21.063 9.767 19.216 9.044
187 2 2 21.222 9.766 19.376 9.043
188 2 2 21.382 9.765 19.535 9.042
189 2 2 21.541 9.764 19.695 9.041
190 2 2 21.700 9.763 19.855 9.040
191 2 2 21.860 9.762 20.014 9.039
192 2 2 22.019 9.761 20.174 9.038
193 2 2 22.179 9.760 20.334 9.037
194 2 2 22.338 9.759 20.493 9.036
195 2 2 22.497 9.758 20.653 9.035
196 2 2 22.632 9.758 20.788 9.035
197 2 2 22.816 9.756 20.972 9.034
198 2 2 22.951 9.756 21.107 9.033
199 2 2 23.110 9.755 21.266 9.032
200 2 2 23.502 9.789 21.573 9.079
201 2 2 23.539 9.801 21.512 9.043
202 2 2 23.710 9.812 21.806 9.102
203 2 2 23.747 9.824 21.745 9.066
204 2 2 23.894 9.823 21.892 9.065
205 2 2 24.041 9.822 22.039 9.064
206 2 2 24.187 9.821 22.186 9.063
207 2 2 24.359 9.820 22.358 9.062
208 2 2 24.505 9.819 22.505 9.061
209 2 2 24.652 9.818 22.652 9.060
210 2 2 24.884 9.768 23.142 9.057
211 2 2 24.921 9.780 23.080 9.021
212 2 2 25.055 9.779 23.215 9.020
213 2 2 25.214 9.778 23.374 9.019
214 2 2 25.373 9.777 23.533 9.018
215 2 2 25.532 9.776 23.692 9.018
216 2 2 25.667 9.800 23.827 9.041
217 2 2 25.825 9.799 23.986 9.040
218 2 2 25.960 9.798 24.121 9.039
219 2 2 26.119 9.797 24.280 9.038
220 2 2 26.253 9.820 24.415 9.062
221 2 2 26.412 9.819 24.574 9.061
222 2 2 26.546 9.819 24.708 9.060
223 2 2 26.705 9.818 24.867 9.059
224 2 2 26.839 9.841 25.002 9.083
225 2 2 26.998 9.840 25.160 9.082
226 2 2 27.132 9.839 25.295 9.081
227 2 2 27.291 9.863 25.454 9.105
228 2 2 27.425 9.862 25.588 9.104
229 2 2 27.584 9.885 25.747 9.128
230 2 2 27.693 9.885 25.857 9.127
231 2 2 27.852 9.908 26.016 9.150
232 2 2 27.986 9.907 26.150 9.150
233 2 2 28.121 9.931 26.285 9.173
234 2 2 28.255 9.930 26.419 9.172
235 2 2 28.413 9.953 26.578 9.196
236 2 2 28.547 9.977 26.713 9.219
237 2 2 28.681 9.976 26.847 9.219
238 2 2 28.816 10.000 26.981 9.242
239 2 2 28.950 10.023 27.116 9.266
240 2 2 29.158 10.132 27.372 9.240
241 2 2 29.194 10.143 27.310 9.204
242 2 2 29.328 10.155 27.445 9.215
243 2 2 29.463 10.191 27.579 9.251
244 2 2 29.597 10.202 27.713 9.262
245 2 2 29.731 10.238 27.848 9.298
246 2 2 29.865 10.273 27.982 9.334
247 2 2 29.999 10.309 28.116 9.370
248 2 2 30.109 10.320 28.226 9.381
249 2 2 30.267 10.380 28.385 9.441
250 2 2 30.377 10.392 28.495 9.453
251 2 2 30.511 10.452 28.629 9.513
252 2 2 30.621 10.463 28.739 9.524
253 2 2 30.779 10.523 28.898 9.584
254 2 2 30.889 10.559 29.008 9.620
255 2 2 31.023 10.619 29.142 9.680
256 2 2 31.133 10.655 29.252 9.716
257 2 2 31.267 10.715 29.386 9.776
258 2 2 31.377 10.751 29.496 9.812
259 2 2 31.511 10.811 29.630 9.872
260 2 2 31.621 10.847 29.740 9.908
261 2 2 31.730 10.907 29.850 9.969
262 2 2 31.840 10.943 29.960 10.004
263 2 2 31.950 11.003 30.070 10.065
264 2 2 32.060 11.063 30.180 10.125
265 2 2 32.170 11.123 30.290 10.185
266 2 2 32.279 11.183 30.400 10.245
267 2 2 32.389 11.243 30.510 10.306
268 2 2 32.475 11.304 30.596 10.366
269 2 2 32.609 11.364 30.730 10.426
270 2 2 32.917 11.885 30.995 10.181
271 2 2 32.953 11.922 30.934 10.120
272 2 2 33.051 11.970 31.032 10.168
273 2 2 33.149 12.042 31.130 10.241
274 2 2 33.246 12.090 31.227 10.289
275 2 2 33.344 12.138 31.325 10.337
276 2 2 33.441 12.210 31.423 10.409
277 2 2 33.539 12.283 31.520 10.482
278 2 2 33.636 12.331 31.618 10.530
279 2 2 33.734 12.403 31.716 10.602
280 2 2 33.807 12.476 31.789 10.675
281 2 2 33.880 12.499 31.862 10.699
282 2 2 34.002 12.596 31.985 10.795
283 2 2 34.076 12.644 32.058 10.844
284 2 2 33.944 12.816 32.402 11.329
285 2 2 33.980 12.852 32.353 11.280
286 2 2 34.162 12.826 32.672 11.680
287 2 2 34.199 12.850 32.623 11.644
288 2 2 34.284 12.898 32.709 11.692
289 2 2 34.394 12.946 32.818 11.740
290 2 2 34.479 12.994 32.904 11.788
291 2 2 34.588 13.042 33.013 11.836
292 2 2 34.674 13.090 33.099 11.884
293 2 2 34.783 13.138 33.208 11.932
294 2 2 35.001 13.173 33.234 12.102
295 2 2 35.038 13.197 33.173 12.066
296 2 2 35.208 13.207 33.465 12.174
297 2 2 35.244 13.232 33.404 12.138
298 2 2 35.401 13.182 33.660 12.257
299 2 2 35.438 13.193 33.599 12.221
300 2 2 35.755 13.483 33.717 11.794
301 2 2 35.804 13.519 33.655 11.734
302 2 2 35.901 13.531 33.753 11.745
303 2 2 36.022 13.566 33.874 11.781
304 2 2 36.031 13.213 34.292 12.423
305 2 2 36.068 13.225 34.231 12.387
306 2 2 36.165 13.236 34.328 12.399
307 2 2 36.286 13.248 34.449 12.410
308 2 2 36.383 13.259 34.547 12.421
309 2 2 36.480 13.270 34.644 12.433
310 2 2 36.601 13.282 34.765 12.444
311 2 2 36.697 13.269 34.862 12.431
312 2 2 36.794 13.280 34.959 12.442
313 2 2 36.915 13.267 35.080 12.429
314 2 2 37.012 13.278 35.177 12.441
315 2 2 37.109 13.265 35.274 12.428
316 2 2 37.230 13.277 35.395 12.439
317 2 2 37.326 13.239 35.491 12.402
318 2 2 37.423 13.251 35.588 12.413
319 2 2 37.519 13.213 35.685 12.376
320 2 2 37.640 13.200 35.806 12.363
321 2 2 37.737 13.187 35.903 12.350
322 2 2 37.833 13.175 35.999 12.337
323 2 2 37.929 13.137 36.096 12.300
324 2 2 38.014 13.124 36.180 12.287
325 2 2 38.014 13.088 36.289 12.250
326 2 2 38.013 13.052 36.385 12.213
327 2 2 38.013 13.039 36.458 12.200
328 2 2 38.001 13.003 36.554 12.163
329 2 2 38.000 12.967 36.651 12.126
330 2 2 38.000 12.930 36.759 12.088
