0 0 2 7.520 28.025 6.566 26.178
1 0 2 7.555 28.071 6.554 26.143
2 0 2 7.567 28.012 6.566 26.084
3 0 2 7.556 27.953 6.555 26.025
4 0 2 7.568 27.871 6.567 25.942
5 0 2 7.556 27.812 6.555 25.884
6 0 2 7.569 27.729 6.568 25.801
7 0 2 7.581 27.670 6.580 25.742
8 0 2 7.593 27.587 6.592 25.659
9 0 2 7.581 27.528 6.580 25.600
10 0 2 7.593 27.446 6.593 25.518
11 0 2 7.547 27.198 6.581 25.530
12 0 2 7.571 27.234 6.545 25.471
13 0 2 7.583 27.175 6.557 25.412
14 0 2 7.571 27.092 6.546 25.329
15 0 2 7.583 27.009 6.558 25.247
16 0 2 7.595 26.950 6.570 25.188
17 0 2 7.608 26.868 6.583 25.105
18 0 2 7.596 26.809 6.571 25.046
19 0 2 7.608 26.726 6.583 24.963
20 0 2 7.620 26.643 6.595 24.881
21 0 2 7.633 26.561 6.608 24.798
22 0 2 7.681 26.454 6.738 24.750
23 0 2 7.704 26.490 6.703 24.691
24 0 2 7.716 26.419 6.715 24.621
25 0 2 7.705 26.348 6.704 24.550
26 0 2 7.717 26.277 6.716 24.479
27 0 2 7.705 26.207 6.704 24.408
28 0 2 7.717 26.136 6.716 24.338
29 0 2 7.706 26.041 6.705 24.243
30 0 2 7.718 25.971 6.717 24.173
31 0 2 7.730 25.900 6.729 24.102
32 0 2 7.742 25.829 6.741 24.031
33 0 2 7.802 25.805 6.802 23.760
34 0 2 7.825 25.852 6.767 23.701
35 0 2 7.826 25.769 6.767 23.618
36 0 2 7.826 25.711 6.767 23.559
37 0 2 7.850 25.628 6.791 23.477
38 0 2 7.874 25.545 6.815 23.394
39 0 2 7.851 25.463 6.792 23.312
40 0 2 7.875 25.404 6.816 23.253
41 0 2 7.875 25.298 6.816 23.147
42 0 2 7.875 25.239 6.817 23.088
43 0 2 7.876 25.156 6.817 23.005
44 0 2 7.735 24.839 6.877 22.958
45 0 2 7.746 24.886 6.841 22.899
46 0 2 7.770 24.803 6.865 22.817
47 0 2 7.794 24.721 6.889 22.734
48 0 2 7.771 24.662 6.866 22.675
49 0 2 7.819 24.579 6.914 22.592
50 0 2 7.819 24.496 6.914 22.510
51 0 2 7.819 24.414 6.914 22.427
52 0 2 7.843 24.331 6.939 22.345
53 0 2 7.820 24.249 6.915 22.263
54 0 2 7.844 24.190 6.939 22.204
55 0 2 7.797 23.978 6.916 22.168
56 0 2 7.809 24.013 6.880 22.110
57 0 2 7.810 23.931 6.881 22.027
58 0 2 7.834 23.848 6.905 21.945
59 0 2 7.810 23.766 6.881 21.862
60 0 2 7.834 23.683 6.905 21.780
61 0 2 7.835 23.601 6.906 21.697
62 0 2 7.835 23.518 6.906 21.615
63 0 2 7.859 23.436 6.930 21.532
64 0 2 7.883 23.353 6.954 21.450
65 0 2 7.883 23.271 6.955 21.367
66 0 2 8.015 23.058 7.085 21.273
67 0 2 8.026 23.093 7.038 21.214
68 0 2 8.027 23.011 7.039 21.131
69 0 2 8.051 22.952 7.063 21.072
70 0 2 8.027 22.846 7.039 20.967
71 0 2 8.075 22.763 7.087 20.884
72 0 2 8.075 22.681 7.087 20.802
73 0 2 8.099 22.622 7.111 20.743
74 0 2 8.100 22.516 7.112 20.637
75 0 2 8.100 22.457 7.112 20.578
76 0 2 8.124 22.351 7.136 20.472
77 0 2 8.161 22.057 7.362 20.377
78 0 2 8.173 22.092 7.327 20.318
79 0 2 8.185 21.998 7.339 20.224
80 0 2 8.221 21.927 7.375 20.153
81 0 2 8.233 21.833 7.387 20.059
82 0 2 8.245 21.762 7.399 19.988
83 0 2 8.257 21.668 7.411 19.894
84 0 2 8.269 21.574 7.424 19.800
85 0 2 8.282 21.503 7.436 19.729
86 0 2 8.318 21.409 7.472 19.635
87 0 2 8.330 21.338 7.484 19.564
88 0 2 8.366 21.138 7.520 19.376
89 0 2 8.378 21.173 7.485 19.317
90 0 2 8.390 21.091 7.497 19.235
91 0 2 8.402 21.032 7.509 19.176
92 0 2 8.414 20.926 7.521 19.070
93 0 2 8.426 20.867 7.533 19.011
94 0 2 8.462 20.761 7.569 18.905
95 0 2 8.474 20.702 7.582 18.847
96 0 2 8.510 20.619 7.617 18.764
97 0 2 8.522 20.537 7.630 18.682
98 0 2 8.558 20.431 7.666 18.576
99 0 2 8.678 20.184 7.619 18.482
100 0 2 8.701 20.219 7.583 18.423
101 0 2 8.713 20.148 7.595 18.353
102 0 2 8.749 20.054 7.631 18.258
103 0 2 8.761 19.983 7.644 18.188
104 0 2 8.797 19.889 7.679 18.094
105 0 2 8.809 19.795 7.692 18.000
106 0 2 8.845 19.724 7.728 17.929
107 0 2 8.857 19.630 7.740 17.835
108 0 2 8.893 19.560 7.776 17.764
109 0 2 8.905 19.465 7.788 17.670
110 0 2 8.822 19.501 7.670 17.588
111 0 2 8.846 19.548 7.634 17.529
112 0 2 8.858 19.477 7.647 17.459
113 0 2 8.894 19.407 7.682 17.388
114 0 2 8.906 19.313 7.695 17.294
115 0 2 8.942 19.218 7.731 17.200
116 0 2 8.954 19.148 7.743 17.130
117 0 2 8.990 19.101 7.778 17.082
118 0 2 9.002 19.007 7.791 16.988
119 0 2 9.038 18.936 7.826 16.918
120 0 2 9.050 18.842 7.839 16.824
121 0 2 9.086 18.595 8.147 16.811
122 0 2 9.110 18.630 8.111 16.753
123 0 2 9.122 18.548 8.123 16.670
124 0 2 9.134 18.466 8.136 16.588
125 0 2 9.170 18.407 8.171 16.529
126 0 2 9.182 18.301 8.184 16.424
127 0 2 9.218 18.219 8.219 16.341
128 0 2 9.230 18.136 8.232 16.259
129 0 2 9.266 18.054 8.267 16.177
130 0 2 9.278 17.972 8.280 16.094
131 0 2 9.314 17.913 8.315 16.036
132 0 2 9.456 17.760 8.364 15.777
133 0 2 9.480 17.807 8.328 15.718
134 0 2 9.504 17.736 8.352 15.648
135 0 2 9.528 17.666 8.376 15.577
136 0 2 9.551 17.595 8.400 15.507
137 0 2 9.575 17.501 8.424 15.413
138 0 2 9.599 17.430 8.448 15.343
139 0 2 9.623 17.336 8.472 15.249
140 0 2 9.647 17.266 8.496 15.178
141 0 2 9.671 17.195 8.520 15.108
142 0 2 9.695 17.101 8.544 15.014
143 0 2 9.543 16.785 8.533 14.885
144 0 2 9.566 16.832 8.498 14.826
145 0 2 9.602 16.773 8.533 14.767
146 0 2 9.638 16.691 8.569 14.685
147 0 2 9.650 16.608 8.581 14.603
148 0 2 9.685 16.550 8.617 14.544
149 0 2 9.721 16.444 8.653 14.438
150 0 2 9.757 16.385 8.689 14.380
151 0 2 9.769 16.303 8.701 14.297
152 0 2 9.829 16.221 8.760 14.215
153 0 2 9.841 16.138 8.772 14.133
154 0 2 10.019 15.868 9.032 14.262
155 0 2 10.042 15.903 8.997 14.215
156 0 2 10.054 15.833 9.009 14.145
157 0 2 10.090 15.739 9.045 14.051
158 0 2 10.126 15.668 9.080 13.980
159 0 2 10.162 15.598 9.116 13.910
160 0 2 10.197 15.504 9.152 13.816
161 0 2 10.233 15.434 9.188 13.745
162 0 2 10.269 15.387 9.223 13.699
163 0 2 10.305 15.293 9.259 13.605
164 0 2 10.340 15.222 9.295 13.534
165 0 2 10.435 15.222 9.379 13.194
166 0 2 10.458 15.269 9.344 13.135
167 0 2 10.494 15.199 9.379 13.065
168 0 2 10.530 15.128 9.415 12.995
169 0 2 10.565 15.034 9.451 12.901
170 0 2 10.601 14.964 9.487 12.830
171 0 2 10.660 14.893 9.546 12.760
172 0 2 10.696 14.823 9.582 12.690
173 0 2 10.732 14.729 9.618 12.596
174 0 2 10.767 14.659 9.653 12.526
175 0 2 10.827 14.588 9.713 12.455
176 0 2 10.840 14.166 9.759 12.760
177 0 2 10.863 14.201 9.723 12.713
178 0 2 10.899 14.143 9.759 12.654
179 0 2 10.958 14.084 9.818 12.596
180 0 2 10.994 14.002 9.854 12.514
181 0 2 11.053 13.943 9.913 12.455
182 0 2 11.089 13.861 9.949 12.373
183 0 2 11.148 13.802 10.008 12.314
184 0 2 11.184 13.720 10.044 12.232
185 0 2 11.243 13.662 10.103 12.174
186 0 2 11.279 13.580 10.139 12.092
187 0 2 11.491 13.544 10.176 11.693
188 0 2 11.515 13.579 10.129 11.635
189 0 2 11.550 13.521 10.165 11.576
190 0 2 11.609 13.439 10.224 11.494
191 0 2 11.669 13.357 10.283 11.412
192 0 2 11.728 13.298 10.343 11.354
193 0 2 11.787 13.216 10.402 11.272
194 0 2 11.823 13.157 10.437 11.213
195 0 2 11.905 13.099 10.520 11.155
196 0 2 11.941 13.040 10.556 11.096
197 0 2 12.024 12.958 10.639 11.014
198 0 2 12.059 12.900 10.674 10.956
199 0 2 12.142 12.841 10.757 10.897
200 0 2 12.201 12.782 10.816 10.838
201 0 2 12.260 12.724 10.876 10.780
202 0 2 12.319 12.665 10.935 10.721
203 0 2 12.402 12.607 11.018 10.663
204 0 2 12.461 12.548 11.077 10.604
205 0 2 12.520 12.490 11.136 10.546
206 0 2 12.579 12.431 11.195 10.487
207 0 2 12.662 12.372 11.278 10.429
208 0 2 12.721 12.314 11.337 10.370
209 0 2 12.804 12.232 11.420 10.289
210 0 2 12.863 12.197 11.479 10.254
211 0 2 12.945 12.138 11.562 10.195
212 0 2 13.005 12.080 11.621 10.137
213 0 2 13.087 12.021 11.703 10.078
214 0 2 13.146 11.986 11.762 10.043
215 0 2 13.229 11.928 11.845 9.985
216 0 2 13.288 11.893 11.904 9.950
217 0 2 13.370 11.834 11.987 9.891
218 0 2 13.429 11.799 12.046 9.856
219 0 2 13.512 11.740 12.129 9.798
220 0 2 13.571 11.682 12.188 9.739
221 0 2 13.653 11.623 12.270 9.681
222 0 2 13.736 11.588 12.353 9.646
223 0 2 13.819 11.530 12.435 9.587
224 0 2 13.877 11.495 12.494 9.552
225 0 2 13.960 11.460 12.577 9.517
226 0 2 14.042 11.425 12.660 9.482
227 0 2 14.125 11.366 12.742 9.424
228 0 2 14.184 11.331 12.801 9.389
229 0 2 14.290 11.273 12.907 9.331
230 0 2 14.349 11.238 12.966 9.296
231 0 2 14.455 11.203 13.072 9.261
232 0 2 14.514 11.168 13.131 9.226
233 0 2 14.620 11.109 13.237 9.167
234 0 2 14.678 11.097 13.296 9.156
235 0 2 14.784 11.039 13.402 9.097
236 0 2 14.867 11.004 13.485 9.063
237 0 2 14.949 10.946 13.567 9.004
238 0 2 15.008 10.934 13.626 8.993
239 0 2 15.090 10.876 13.709 8.934
240 0 2 15.173 10.864 13.791 8.923
241 0 2 15.255 10.805 13.874 8.864
242 0 2 15.337 10.770 13.956 8.829
243 0 2 15.443 10.735 14.062 8.794
244 0 2 15.502 10.700 14.121 8.760
245 0 2 15.608 10.665 14.227 8.725
246 0 2 15.690 10.630 14.309 8.690
247 0 2 15.796 10.595 14.415 8.655
248 0 2 15.878 10.584 14.497 8.643
249 0 2 15.961 10.525 14.580 8.585
250 0 2 16.043 10.514 14.662 8.573
251 0 2 16.149 10.455 14.768 8.515
252 0 2 16.231 10.444 14.850 8.504
253 0 2 16.337 10.409 14.956 8.469
254 0 2 16.419 10.397 15.038 8.457
255 0 2 16.525 10.339 15.144 8.399
256 0 2 16.607 10.327 15.226 8.387
257 0 2 16.712 10.292 15.332 8.353
258 0 2 16.795 10.281 15.414 8.341
259 0 2 16.900 10.269 15.520 8.329
260 0 2 16.982 10.257 15.602 8.318
261 0 2 17.065 10.223 15.685 8.283
262 0 2 17.170 10.211 15.790 8.272
263 0 2 17.276 10.176 15.896 8.237
264 0 2 17.358 10.164 15.978 8.225
265 0 2 17.440 10.129 16.061 8.190
266 0 2 17.522 10.141 16.143 8.202
267 0 2 17.628 10.106 16.248 8.167
268 0 2 17.710 10.095 16.331 8.156
269 0 2 17.815 10.083 16.436 8.144
270 0 2 17.897 10.071 16.518 8.133
271 0 2 18.003 10.060 16.624 8.121
272 0 2 18.085 10.048 16.706 8.110
273 0 2 18.190 10.037 16.812 8.098
274 0 2 18.272 10.048 16.894 8.110
275 0 2 18.378 10.037 16.999 8.099
276 0 2 18.460 10.025 17.081 8.087
277 0 2 18.565 10.014 17.187 8.075
278 0 2 18.647 10.025 17.269 8.087
279 0 2 18.753 10.014 17.374 8.076
280 0 2 18.835 10.026 17.457 8.088
281 0 2 18.940 10.014 17.562 8.076
282 0 2 19.022 10.026 17.644 8.088
283 0 2 19.127 10.014 17.750 8.076
284 0 2 19.209 10.026 17.832 8.088
285 0 2 19.315 10.014 17.937 8.077
286 0 2 19.397 10.026 18.019 8.089
287 0 2 19.525 10.014 18.148 8.077
288 0 2 19.607 10.026 18.230 8.089
289 0 2 19.713 10.015 18.335 8.077
290 0 2 19.795 10.026 18.417 8.089
291 0 2 19.900 10.038 18.523 8.101
292 0 2 19.982 10.050 18.605 8.113
293 0 2 20.087 10.038 18.710 8.101
294 0 2 20.169 10.050 18.792 8.113
295 0 2 20.274 10.038 18.897 8.102
296 0 2 20.356 10.050 18.979 8.114
297 0 2 20.461 10.039 19.084 8.102
298 0 2 20.543 10.050 19.166 8.114
299 0 2 20.648 10.062 19.272 8.126
300 0 2 20.730 10.074 19.354 8.137
301 0 2 20.835 10.062 19.459 8.126
302 0 2 20.917 10.074 19.541 8.138
303 0 2 21.022 10.062 19.646 8.126
304 0 2 21.104 10.097 19.728 8.161
305 0 2 21.209 10.086 19.833 8.150
306 0 2 21.291 10.097 19.915 8.162
307 0 2 21.396 10.086 20.020 8.150
308 0 2 21.501 10.098 20.126 8.162
309 0 2 21.607 10.109 20.231 8.174
310 0 2 21.688 10.121 20.313 8.186
311 0 2 21.793 10.110 20.418 8.174
312 0 2 21.875 10.121 20.500 8.186
313 0 2 21.980 10.110 20.605 8.174
314 0 2 22.062 10.121 20.687 8.186
315 0 2 22.167 10.110 20.792 8.175
316 0 2 22.249 10.122 20.874 8.187
317 0 2 22.354 10.133 20.979 8.198
318 0 2 22.436 10.145 21.061 8.210
319 0 2 22.541 10.133 21.166 8.199
320 0 2 22.622 10.145 21.247 8.210
321 0 2 22.727 10.134 21.353 8.199
322 0 2 22.832 10.122 21.458 8.188
323 0 2 22.937 10.110 21.563 8.176
324 0 2 23.019 10.122 21.645 8.188
325 0 2 23.124 10.111 21.750 8.176
326 0 2 23.229 10.122 21.855 8.188
327 0 2 23.334 10.111 21.960 8.177
328 0 2 23.416 10.122 22.041 8.189
329 0 2 23.521 10.111 22.147 8.177
330 0 2 23.626 10.123 22.252 8.189
331 0 2 23.731 10.088 22.357 8.154
332 0 2 23.812 10.099 22.438 8.166
333 0 2 23.917 10.088 22.543 8.154
334 0 2 23.999 10.076 22.625 8.143
335 0 2 24.104 10.065 22.730 8.131
336 0 2 24.185 10.077 22.812 8.143
337 0 2 24.290 10.042 22.917 8.109
338 0 2 24.372 10.053 22.998 8.120
339 0 2 24.477 10.042 23.103 8.109
340 0 2 24.558 10.030 23.185 8.097
341 0 2 24.663 10.019 23.290 8.086
342 0 2 24.744 10.030 23.372 8.098
343 0 2 24.849 10.019 23.476 8.086
344 0 2 24.954 10.007 23.581 8.075
345 0 2 25.059 9.996 23.686 8.063
346 0 2 25.140 10.007 23.768 8.075
347 0 2 25.245 9.996 23.873 8.064
348 0 2 25.327 9.984 23.954 8.052
349 0 2 25.432 9.973 24.059 8.041
350 0 2 25.513 9.985 24.141 8.052
351 0 2 25.618 9.973 24.246 8.041
352 0 2 25.699 9.985 24.327 8.053
353 0 2 25.804 9.950 24.432 8.018
354 0 2 25.885 9.962 24.514 8.030
355 0 2 25.990 9.950 24.618 8.018
356 0 2 26.072 9.962 24.700 8.030
357 0 2 26.176 9.950 24.805 8.019
358 0 2 26.258 9.962 24.886 8.031
359 0 2 26.362 9.927 24.991 7.996
360 0 2 26.444 9.939 25.072 8.008
361 0 2 26.549 9.927 25.177 7.996
362 0 2 26.653 9.939 25.282 8.008
363 0 2 26.758 9.904 25.387 7.973
364 0 2 26.839 9.916 25.468 7.985
365 0 2 26.944 9.904 25.573 7.974
366 0 2 27.049 9.916 25.678 7.985
367 0 2 27.153 9.881 25.782 7.951
368 0 2 27.234 9.893 25.864 7.962
369 0 2 27.339 9.882 25.968 7.951
370 0 2 27.420 9.893 26.050 7.963
371 0 2 27.525 9.858 26.155 7.928
372 0 2 27.606 9.870 26.236 7.940
373 0 2 27.711 9.859 26.341 7.928
374 0 2 27.792 9.870 26.422 7.940
375 0 2 27.897 9.836 26.527 7.906
376 0 2 27.978 9.847 26.608 7.917
377 0 2 28.083 9.836 26.713 7.906
378 0 2 28.187 9.824 26.817 7.894
379 0 2 28.292 9.813 26.922 7.883
380 0 2 28.373 9.824 27.003 7.895
381 0 2 28.477 9.790 27.108 7.860
382 0 2 28.559 9.801 27.189 7.872
383 0 2 28.663 9.790 27.294 7.861
384 0 2 28.744 9.802 27.375 7.872
385 0 2 28.849 9.790 27.479 7.861
386 0 2 28.953 9.778 27.584 7.849
387 0 2 29.058 9.767 27.689 7.838
388 0 2 29.139 9.755 27.770 7.827
389 0 2 29.243 9.744 27.874 7.815
390 0 2 29.324 9.732 27.956 7.804
391 0 2 29.429 9.721 28.060 7.792
392 0 2 29.533 9.709 28.165 7.781
393 0 2 29.638 9.698 28.269 7.769
394 0 2 29.719 9.686 28.350 7.758
395 0 2 29.823 9.675 28.455 7.747
396 0 2 29.927 9.663 28.559 7.735
397 0 2 30.032 9.629 28.664 7.701
398 0 2 30.113 9.617 28.745 7.689
399 0 2 30.240 9.606 28.872 7.678
400 0 2 30.322 9.594 28.954 7.666
401 0 2 30.426 9.559 29.058 7.632
402 0 2 30.507 9.548 29.139 7.620
403 0 2 30.611 9.513 29.244 7.586
404 0 2 30.715 9.502 29.348 7.574
405 0 2 30.820 9.467 29.452 7.540
406 0 2 30.901 9.456 29.533 7.528
407 0 2 31.005 9.421 29.638 7.494
408 0 2 31.086 9.409 29.719 7.482
409 0 2 31.190 9.351 29.823 7.424
410 0 2 31.271 9.317 29.904 7.390
411 0 2 31.352 9.282 29.985 7.355
412 0 2 31.410 9.247 30.043 7.321
413 0 2 31.491 9.213 30.124 7.286
414 0 2 31.595 9.178 30.229 7.251
415 0 2 31.700 9.120 30.333 7.194
416 0 2 31.781 9.086 30.414 7.159
417 0 2 31.862 9.051 30.495 7.124
418 0 2 31.943 9.016 30.576 7.090
419 0 2 32.024 8.958 30.657 7.032
420 0 2 32.104 8.924 30.738 6.997
421 0 2 32.185 8.866 30.819 6.940
422 0 2 32.266 8.808 30.900 6.882
423 0 2 32.347 8.750 30.981 6.824
424 0 2 32.405 8.692 31.039 6.766
425 0 2 32.486 8.635 31.120 6.709
426 0 2 32.544 8.577 31.178 6.651
0 1 2 9.251 28.012 8.311 26.061
1 1 2 9.275 28.071 8.287 26.026
2 1 2 9.275 28.024 8.287 25.979
3 1 2 9.275 27.976 8.288 25.932
4 1 2 9.275 27.929 8.288 25.884
5 1 2 9.276 27.882 8.288 25.837
6 1 2 9.276 27.811 8.288 25.767
7 1 2 9.276 27.764 8.288 25.719
8 1 2 9.276 27.717 8.289 25.672
9 1 2 9.276 27.646 8.289 25.602
10 1 2 9.277 27.599 8.289 25.554
11 1 2 9.254 27.340 8.395 25.695
12 1 2 9.266 27.375 8.360 25.636
13 1 2 9.266 27.316 8.360 25.578
14 1 2 9.266 27.257 8.360 25.519
15 1 2 9.266 27.175 8.361 25.436
16 1 2 9.267 27.139 8.361 25.401
17 1 2 9.291 27.057 8.385 25.318
18 1 2 9.291 26.998 8.385 25.259
19 1 2 9.291 26.939 8.385 25.200
20 1 2 9.291 26.880 8.386 25.141
21 1 2 9.292 26.797 8.386 25.059
22 1 2 9.233 26.527 8.410 24.858
23 1 2 9.245 26.562 8.375 24.800
24 1 2 9.257 26.503 8.387 24.741
25 1 2 9.246 26.444 8.376 24.682
26 1 2 9.258 26.362 8.388 24.599
27 1 2 9.270 26.303 8.400 24.540
28 1 2 9.282 26.220 8.412 24.458
29 1 2 9.294 26.185 8.424 24.422
30 1 2 9.306 26.102 8.436 24.340
31 1 2 9.294 26.043 8.425 24.281
32 1 2 9.307 25.961 8.437 24.198
33 1 2 9.343 25.842 8.401 24.199
34 1 2 9.366 25.878 8.366 24.140
35 1 2 9.378 25.819 8.378 24.081
36 1 2 9.367 25.736 8.366 23.999
37 1 2 9.379 25.677 8.378 23.940
38 1 2 9.367 25.595 8.367 23.857
39 1 2 9.379 25.536 8.379 23.798
40 1 2 9.391 25.453 8.391 23.716
41 1 2 9.404 25.394 8.403 23.657
42 1 2 9.392 25.312 8.392 23.574
43 1 2 9.404 25.253 8.404 23.516
44 1 2 9.381 25.065 8.547 23.326
45 1 2 9.393 25.100 8.512 23.268
46 1 2 9.393 25.041 8.512 23.209
47 1 2 9.393 24.959 8.512 23.126
48 1 2 9.417 24.900 8.536 23.067
49 1 2 9.394 24.841 8.513 23.009
50 1 2 9.418 24.782 8.536 22.950
51 1 2 9.418 24.699 8.537 22.867
52 1 2 9.418 24.641 8.537 22.808
53 1 2 9.419 24.558 8.537 22.726
54 1 2 9.442 24.499 8.561 22.667
55 1 2 9.466 24.487 8.620 22.690
56 1 2 9.478 24.522 8.585 22.631
57 1 2 9.490 24.452 8.597 22.561
58 1 2 9.502 24.381 8.609 22.490
59 1 2 9.514 24.287 8.622 22.396
60 1 2 9.526 24.216 8.634 22.325
61 1 2 9.539 24.145 8.646 22.255
62 1 2 9.551 24.075 8.658 22.184
63 1 2 9.586 23.980 8.694 22.090
64 1 2 9.599 23.909 8.706 22.019
65 1 2 9.611 23.839 8.718 21.948
66 1 2 9.635 23.544 8.694 21.995
67 1 2 9.659 23.580 8.659 21.948
68 1 2 9.671 23.497 8.671 21.866
69 1 2 9.683 23.438 8.683 21.807
70 1 2 9.695 23.356 8.695 21.725
71 1 2 9.707 23.297 8.707 21.666
72 1 2 9.743 23.214 8.743 21.583
73 1 2 9.755 23.155 8.755 21.524
74 1 2 9.791 23.073 8.791 21.442
75 1 2 9.780 22.990 8.780 21.360
76 1 2 9.815 22.908 8.815 21.277
77 1 2 9.851 22.861 8.888 20.888
78 1 2 9.875 22.908 8.853 20.830
79 1 2 9.887 22.825 8.865 20.747
80 1 2 9.899 22.766 8.877 20.689
81 1 2 9.911 22.684 8.889 20.606
82 1 2 9.923 22.625 8.901 20.547
83 1 2 9.935 22.519 8.913 20.441
84 1 2 9.947 22.460 8.926 20.383
85 1 2 9.936 22.378 8.914 20.300
86 1 2 9.971 22.319 8.950 20.241
87 1 2 9.960 22.237 8.938 20.159
88 1 2 9.937 21.896 9.068 20.229
89 1 2 9.949 21.931 9.033 20.170
90 1 2 9.961 21.848 9.045 20.088
91 1 2 9.973 21.766 9.057 20.006
92 1 2 9.986 21.707 9.069 19.947
93 1 2 9.998 21.625 9.081 19.865
94 1 2 10.010 21.566 9.093 19.806
95 1 2 10.022 21.484 9.106 19.723
96 1 2 10.034 21.401 9.118 19.641
97 1 2 10.046 21.319 9.130 19.559
98 1 2 10.058 21.260 9.142 19.500
99 1 2 10.059 21.084 9.273 19.347
100 1 2 10.070 21.119 9.237 19.288
101 1 2 10.071 21.037 9.238 19.206
102 1 2 10.095 20.954 9.262 19.123
103 1 2 10.119 20.895 9.286 19.064
104 1 2 10.119 20.813 9.286 18.982
105 1 2 10.143 20.731 9.310 18.900
106 1 2 10.167 20.648 9.334 18.818
107 1 2 10.167 20.589 9.334 18.759
108 1 2 10.167 20.507 9.334 18.677
109 1 2 10.191 20.448 9.358 18.618
110 1 2 10.392 20.518 9.418 18.453
111 1 2 10.415 20.565 9.383 18.394
112 1 2 10.439 20.483 9.407 18.312
113 1 2 10.463 20.400 9.431 18.230
114 1 2 10.464 20.341 9.431 18.171
115 1 2 10.487 20.259 9.455 18.089
116 1 2 10.511 20.200 9.479 18.030
117 1 2 10.512 20.118 9.479 17.948
118 1 2 10.535 20.059 9.503 17.889
119 1 2 10.583 19.977 9.551 17.806
120 1 2 10.607 19.918 9.575 17.748
121 1 2 10.607 19.836 9.575 17.665
122 1 2 10.631 19.777 9.599 17.607
123 1 2 10.655 19.694 9.623 17.524
124 1 2 10.679 19.636 9.647 17.466
125 1 2 10.726 19.553 9.694 17.383
126 1 2 10.750 19.494 9.718 17.324
127 1 2 10.750 19.412 9.718 17.242
128 1 2 10.774 19.353 9.742 17.184
129 1 2 10.798 19.271 9.766 17.101
130 1 2 10.798 19.212 9.766 17.043
131 1 2 10.822 19.130 9.790 16.960
132 1 2 10.718 18.543 9.814 17.054
133 1 2 10.730 18.578 9.778 17.007
134 1 2 10.754 18.508 9.802 16.937
135 1 2 10.778 18.437 9.826 16.866
136 1 2 10.778 18.367 9.826 16.796
137 1 2 10.802 18.296 9.850 16.725
138 1 2 10.826 18.202 9.874 16.631
139 1 2 10.850 18.132 9.898 16.561
140 1 2 10.873 18.061 9.922 16.490
141 1 2 10.874 17.967 9.922 16.396
142 1 2 10.898 17.897 9.946 16.326
143 1 2 10.968 17.932 10.089 16.208
144 1 2 10.980 17.967 10.053 16.150
145 1 2 11.004 17.896 10.077 16.079
146 1 2 11.051 17.826 10.125 16.009
147 1 2 11.075 17.755 10.149 15.938
148 1 2 11.076 17.662 10.149 15.844
149 1 2 11.099 17.591 10.173 15.774
150 1 2 11.147 17.520 10.220 15.703
151 1 2 11.171 17.450 10.244 15.633
152 1 2 11.171 17.380 10.245 15.563
153 1 2 11.195 17.286 10.268 15.469
154 1 2 11.337 17.215 10.293 15.211
155 1 2 11.360 17.262 10.258 15.152
156 1 2 11.384 17.191 10.282 15.082
157 1 2 11.385 17.097 10.282 14.988
158 1 2 11.432 17.027 10.330 14.917
159 1 2 11.456 16.956 10.353 14.847
160 1 2 11.503 16.863 10.401 14.753
161 1 2 11.527 16.792 10.425 14.683
162 1 2 11.551 16.745 10.449 14.636
163 1 2 11.598 16.675 10.496 14.565
164 1 2 11.622 16.581 10.520 14.471
165 1 2 11.646 16.510 10.544 14.401
166 1 2 11.694 16.440 10.591 14.331
167 1 2 11.717 16.369 10.615 14.260
168 1 2 11.741 16.299 10.639 14.190
169 1 2 11.789 16.205 10.687 14.096
170 1 2 11.836 16.135 10.734 14.026
171 1 2 11.860 16.088 10.758 13.979
172 1 2 11.884 16.017 10.782 13.908
173 1 2 11.931 15.923 10.829 13.814
174 1 2 11.979 15.853 10.877 13.744
175 1 2 12.002 15.806 10.901 13.697
176 1 2 12.074 15.454 11.018 14.002
177 1 2 12.098 15.489 10.982 13.955
178 1 2 12.133 15.431 11.018 13.896
179 1 2 12.169 15.348 11.054 13.814
180 1 2 12.205 15.266 11.089 13.732
181 1 2 12.264 15.208 11.149 13.673
182 1 2 12.276 15.126 11.161 13.591
183 1 2 12.335 15.067 11.220 13.533
184 1 2 12.371 14.985 11.256 13.451
185 1 2 12.406 14.926 11.291 13.392
186 1 2 12.442 14.844 11.327 13.310
187 1 2 12.501 14.809 11.386 13.275
188 1 2 12.537 14.727 11.422 13.193
189 1 2 12.596 14.668 11.481 13.134
190 1 2 12.631 14.609 11.516 13.076
191 1 2 12.690 14.551 11.575 13.017
192 1 2 12.726 14.492 11.611 12.958
193 1 2 12.785 14.434 11.670 12.900
194 1 2 12.844 14.351 11.729 12.818
195 1 2 12.903 14.293 11.789 12.759
196 1 2 12.939 14.234 11.824 12.701
197 1 2 12.998 14.176 11.883 12.642
198 1 2 13.222 14.093 11.954 12.560
199 1 2 13.246 14.128 11.907 12.513
200 1 2 13.305 14.058 11.967 12.443
201 1 2 13.364 14.035 12.026 12.419
202 1 2 13.423 13.941 12.085 12.326
203 1 2 13.482 13.894 12.144 12.279
204 1 2 13.541 13.824 12.203 12.209
205 1 2 13.600 13.800 12.262 12.185
206 1 2 13.659 13.707 12.321 12.092
207 1 2 13.718 13.660 12.380 12.045
208 1 2 13.777 13.613 12.439 11.998
209 1 2 13.836 13.543 12.499 11.928
210 1 2 13.895 13.519 12.558 11.904
211 1 2 13.978 13.449 12.640 11.834
212 1 2 14.036 13.425 12.699 11.811
213 1 2 14.096 13.355 12.758 11.740
214 1 2 14.154 13.332 12.817 11.717
215 1 2 14.213 13.261 12.876 11.647
216 1 2 14.272 13.238 12.935 11.623
217 1 2 14.355 13.168 13.018 11.553
218 1 2 14.414 13.144 13.077 11.530
219 1 2 14.473 13.074 13.136 11.460
220 1 2 14.532 13.027 13.195 11.413
221 1 2 14.614 12.980 13.278 11.366
222 1 2 14.673 12.934 13.337 11.319
223 1 2 14.756 12.910 13.419 11.296
224 1 2 14.815 12.840 13.478 11.226
225 1 2 14.897 12.816 13.561 11.202
226 1 2 14.932 12.746 13.596 11.132
227 1 2 15.015 12.723 13.679 11.109
228 1 2 15.074 12.676 13.738 11.062
229 1 2 15.156 12.629 13.820 11.015
230 1 2 15.215 12.582 13.879 10.969
231 1 2 15.297 12.536 13.961 10.922
232 1 2 15.356 12.512 14.020 10.898
233 1 2 15.439 12.489 14.103 10.875
234 1 2 15.521 12.442 14.185 10.828
235 1 2 15.603 12.419 14.268 10.805
236 1 2 15.662 12.395 14.327 10.782
237 1 2 15.744 12.348 14.409 10.735
238 1 2 15.827 12.325 14.491 10.712
239 1 2 15.909 12.302 14.574 10.688
240 1 2 15.991 12.278 14.656 10.665
241 1 2 16.074 12.255 14.738 10.642
242 1 2 16.132 12.208 14.797 10.595
243 1 2 16.215 12.185 14.880 10.572
244 1 2 16.273 12.161 14.939 10.548
245 1 2 16.356 12.115 15.021 10.501
246 1 2 16.415 12.091 15.080 10.478
247 1 2 16.497 12.091 15.162 10.478
248 1 2 16.555 12.068 15.221 10.455
249 1 2 16.638 12.021 15.303 10.408
250 1 2 16.720 11.974 15.386 10.361
251 1 2 16.802 11.951 15.468 10.338
252 1 2 16.861 11.951 15.527 10.338
253 1 2 16.943 11.928 15.609 10.315
254 1 2 17.025 11.881 15.691 10.268
255 1 2 17.108 11.857 15.773 10.245
256 1 2 17.190 11.857 15.856 10.245
257 1 2 17.272 11.834 15.938 10.222
258 1 2 17.354 11.811 16.020 10.198
259 1 2 17.436 11.811 16.102 10.198
260 1 2 17.495 11.787 16.161 10.175
261 1 2 17.577 11.741 16.243 10.128
262 1 2 17.659 11.717 16.326 10.105
263 1 2 17.741 11.717 16.408 10.105
264 1 2 17.823 11.694 16.490 10.082
265 1 2 17.906 11.647 16.572 10.035
266 1 2 17.964 11.647 16.631 10.035
267 1 2 18.070 11.624 16.737 10.012
268 1 2 18.152 11.624 16.819 10.012
269 1 2 18.234 11.624 16.901 10.012
270 1 2 18.316 11.601 16.983 9.989
271 1 2 18.398 11.577 17.065 9.966
272 1 2 18.480 11.601 17.147 9.989
273 1 2 18.585 11.577 17.253 9.966
274 1 2 18.668 11.577 17.335 9.966
275 1 2 18.750 11.577 17.417 9.966
276 1 2 18.832 11.577 17.499 9.966
277 1 2 18.937 11.577 17.605 9.966
278 1 2 19.019 11.577 17.687 9.966
279 1 2 19.101 11.577 17.769 9.966
280 1 2 19.183 11.577 17.851 9.966
281 1 2 19.288 11.577 17.956 9.966
282 1 2 19.347 11.577 18.015 9.967
283 1 2 19.452 11.554 18.120 9.943
284 1 2 19.534 11.531 18.202 9.920
285 1 2 19.616 11.554 18.284 9.943
286 1 2 19.698 11.531 18.366 9.920
287 1 2 19.803 11.554 18.472 9.944
288 1 2 19.862 11.554 18.530 9.944
289 1 2 19.967 11.554 18.636 9.944
290 1 2 20.026 11.554 18.694 9.944
291 1 2 20.131 11.554 18.800 9.944
292 1 2 20.190 11.554 18.858 9.944
293 1 2 20.295 11.531 18.964 9.921
294 1 2 20.353 11.554 19.022 9.944
295 1 2 20.435 11.531 19.104 9.921
296 1 2 20.517 11.554 19.186 9.944
297 1 2 20.599 11.531 19.268 9.921
298 1 2 20.681 11.531 19.350 9.921
299 1 2 20.763 11.531 19.432 9.921
300 1 2 20.845 11.508 19.514 9.898
301 1 2 20.926 11.484 19.596 9.875
302 1 2 21.008 11.508 19.678 9.898
303 1 2 21.090 11.484 19.760 9.875
304 1 2 21.172 11.508 19.842 9.898
305 1 2 21.254 11.484 19.924 9.875
306 1 2 21.336 11.508 20.005 9.898
307 1 2 21.417 11.484 20.087 9.875
308 1 2 21.499 11.484 20.169 9.875
309 1 2 21.604 11.484 20.274 9.875
310 1 2 21.686 11.484 20.356 9.875
311 1 2 21.791 11.484 20.462 9.875
312 1 2 21.873 11.461 20.543 9.852
313 1 2 21.955 11.438 20.625 9.829
314 1 2 22.037 11.461 20.707 9.852
315 1 2 22.118 11.438 20.789 9.829
316 1 2 22.200 11.461 20.871 9.852
317 1 2 22.282 11.438 20.953 9.829
318 1 2 22.364 11.461 21.034 9.853
319 1 2 22.445 11.438 21.116 9.829
320 1 2 22.527 11.461 21.198 9.853
321 1 2 22.632 11.438 21.303 9.830
322 1 2 22.691 11.461 21.362 9.853
323 1 2 22.796 11.438 21.467 9.830
324 1 2 22.854 11.461 21.525 9.853
325 1 2 22.959 11.438 21.630 9.830
326 1 2 23.017 11.461 21.689 9.853
327 1 2 23.099 11.438 21.770 9.830
328 1 2 23.181 11.438 21.852 9.830
329 1 2 23.286 11.438 21.957 9.830
330 1 2 23.344 11.438 22.016 9.830
331 1 2 23.449 11.438 22.121 9.830
332 1 2 23.531 11.415 22.203 9.807
333 1 2 23.612 11.392 22.284 9.784
334 1 2 23.694 11.415 22.366 9.807
335 1 2 23.776 11.392 22.448 9.784
336 1 2 23.857 11.392 22.529 9.784
337 1 2 23.939 11.392 22.611 9.784
338 1 2 24.021 11.392 22.693 9.784
339 1 2 24.102 11.392 22.774 9.784
340 1 2 24.184 11.392 22.856 9.784
341 1 2 24.265 11.368 22.938 9.761
342 1 2 24.347 11.345 23.020 9.738
343 1 2 24.452 11.369 23.125 9.761
344 1 2 24.533 11.345 23.206 9.738
345 1 2 24.638 11.345 23.311 9.738
346 1 2 24.697 11.345 23.369 9.738
347 1 2 24.801 11.345 23.474 9.738
348 1 2 24.883 11.345 23.556 9.738
349 1 2 24.965 11.345 23.638 9.739
350 1 2 25.046 11.345 23.719 9.739
351 1 2 25.151 11.345 23.824 9.739
352 1 2 25.232 11.345 23.906 9.739
353 1 2 25.314 11.345 23.987 9.739
354 1 2 25.396 11.322 24.069 9.716
355 1 2 25.500 11.299 24.174 9.693
356 1 2 25.582 11.322 24.255 9.716
357 1 2 25.663 11.299 24.337 9.693
358 1 2 25.745 11.322 24.419 9.716
359 1 2 25.826 11.299 24.500 9.693
360 1 2 25.908 11.299 24.582 9.693
361 1 2 26.012 11.299 24.687 9.693
362 1 2 26.071 11.299 24.745 9.693
363 1 2 26.175 11.299 24.850 9.693
364 1 2 26.234 11.299 24.908 9.693
365 1 2 26.338 11.276 25.013 9.670
366 1 2 26.396 11.253 25.071 9.647
367 1 2 26.478 11.276 25.152 9.670
368 1 2 26.559 11.253 25.234 9.647
369 1 2 26.641 11.253 25.315 9.647
370 1 2 26.722 11.253 25.397 9.647
371 1 2 26.804 11.253 25.478 9.647
372 1 2 26.885 11.253 25.560 9.647
373 1 2 26.966 11.253 25.641 9.647
374 1 2 27.048 11.230 25.723 9.624
375 1 2 27.129 11.206 25.804 9.601
376 1 2 27.211 11.230 25.886 9.624
377 1 2 27.315 11.206 25.990 9.601
378 1 2 27.397 11.230 26.072 9.625
379 1 2 27.478 11.206 26.153 9.601
380 1 2 27.559 11.206 26.235 9.602
381 1 2 27.664 11.207 26.339 9.602
382 1 2 27.745 11.207 26.421 9.602
383 1 2 27.827 11.207 26.502 9.602
384 1 2 27.908 11.207 26.584 9.602
385 1 2 28.012 11.207 26.688 9.602
386 1 2 28.094 11.183 26.770 9.579
387 1 2 28.175 11.160 26.851 9.556
388 1 2 28.256 11.183 26.932 9.579
389 1 2 28.361 11.160 27.037 9.556
390 1 2 28.442 11.184 27.118 9.579
391 1 2 28.523 11.160 27.200 9.556
392 1 2 28.605 11.184 27.281 9.579
393 1 2 28.686 11.160 27.362 9.556
394 1 2 28.767 11.184 27.444 9.580
395 1 2 28.848 11.160 27.525 9.556
396 1 2 28.930 11.184 27.606 9.580
397 1 2 29.011 11.160 27.688 9.557
398 1 2 29.092 11.160 27.769 9.557
399 1 2 29.197 11.161 27.874 9.557
400 1 2 29.255 11.161 27.932 9.557
401 1 2 29.336 11.161 28.013 9.557
402 1 2 29.417 11.161 28.094 9.557
403 1 2 29.498 11.161 28.176 9.557
404 1 2 29.579 11.161 28.257 9.557
405 1 2 29.661 11.161 28.338 9.557
406 1 2 29.719 11.161 28.396 9.557
407 1 2 29.823 11.161 28.501 9.557
408 1 2 29.881 11.161 28.559 9.557
409 1 2 29.962 11.161 28.640 9.558
410 1 2 30.043 11.161 28.721 9.558
411 1 2 30.125 11.161 28.802 9.558
412 1 2 30.206 11.161 28.884 9.558
413 1 2 30.287 11.138 28.965 9.535
414 1 2 30.345 11.114 29.023 9.512
415 1 2 30.449 11.138 29.127 9.535
416 1 2 30.507 11.114 29.185 9.512
417 1 2 30.611 11.138 29.290 9.535
418 1 2 30.693 11.115 29.371 9.512
419 1 2 30.774 11.115 29.452 9.512
420 1 2 30.855 11.115 29.533 9.512
421 1 2 30.959 11.115 29.638 9.512
422 1 2 31.040 11.115 29.719 9.512
423 1 2 31.121 11.115 29.800 9.512
424 1 2 31.202 11.115 29.881 9.512
425 1 2 31.307 11.115 29.985 9.513
426 1 2 31.364 11.092 30.043 9.489
0 2 2 10.469 28.592 9.836 26.817
1 2 2 10.493 28.639 9.836 26.782
2 2 2 10.493 28.581 9.837 26.723
3 2 2 10.493 28.522 9.837 26.664
4 2 2 10.493 28.486 9.837 26.629
5 2 2 10.494 28.404 9.837 26.546
6 2 2 10.494 28.368 9.837 26.511
7 2 2 10.494 28.309 9.838 26.452
8 2 2 10.494 28.250 9.838 26.393
9 2 2 10.494 28.192 9.838 26.334
10 2 2 10.494 28.156 9.838 26.299
11 2 2 10.602 27.979 9.755 26.382
12 2 2 10.613 28.014 9.720 26.335
13 2 2 10.602 27.955 9.708 26.276
14 2 2 10.614 27.896 9.720 26.217
15 2 2 10.602 27.861 9.708 26.182
16 2 2 10.614 27.802 9.721 26.123
17 2 2 10.602 27.766 9.709 26.088
18 2 2 10.614 27.707 9.721 26.029
19 2 2 10.603 27.649 9.709 25.970
20 2 2 10.615 27.590 9.721 25.911
21 2 2 10.603 27.554 9.710 25.876
22 2 2 10.545 27.366 9.698 25.746
23 2 2 10.556 27.402 9.663 25.699
24 2 2 10.568 27.343 9.675 25.640
25 2 2 10.557 27.307 9.663 25.605
26 2 2 10.569 27.248 9.675 25.546
27 2 2 10.557 27.213 9.664 25.511
28 2 2 10.569 27.154 9.676 25.452
29 2 2 10.557 27.119 9.664 25.416
30 2 2 10.569 27.060 9.676 25.357
31 2 2 10.558 27.024 9.664 25.322
32 2 2 10.570 26.966 9.676 25.263
33 2 2 10.641 26.918 9.771 25.192
34 2 2 10.653 26.953 9.736 25.133
35 2 2 10.665 26.906 9.748 25.086
36 2 2 10.677 26.859 9.760 25.039
37 2 2 10.665 26.788 9.749 24.968
38 2 2 10.677 26.741 9.761 24.921
39 2 2 10.689 26.694 9.773 24.874
40 2 2 10.701 26.623 9.785 24.803
41 2 2 10.690 26.576 9.773 24.756
42 2 2 10.702 26.529 9.785 24.709
43 2 2 10.714 26.482 9.797 24.662
44 2 2 10.643 26.364 9.773 24.721
45 2 2 10.655 26.400 9.738 24.662
46 2 2 10.667 26.341 9.750 24.603
47 2 2 10.679 26.305 9.762 24.568
48 2 2 10.691 26.246 9.774 24.509
49 2 2 10.703 26.187 9.786 24.450
50 2 2 10.715 26.128 9.798 24.391
51 2 2 10.727 26.069 9.810 24.332
52 2 2 10.739 26.010 9.822 24.273
53 2 2 10.751 25.951 9.834 24.214
54 2 2 10.739 25.893 9.823 24.155
55 2 2 10.799 25.716 9.965 24.002
56 2 2 10.811 25.751 9.930 23.943
57 2 2 10.811 25.692 9.930 23.884
58 2 2 10.835 25.657 9.954 23.849
59 2 2 10.811 25.574 9.931 23.766
60 2 2 10.835 25.539 9.954 23.731
61 2 2 10.835 25.480 9.955 23.672
62 2 2 10.836 25.421 9.955 23.613
63 2 2 10.836 25.362 9.955 23.554
64 2 2 10.860 25.327 9.979 23.519
65 2 2 10.884 25.244 10.003 23.437
66 2 2 10.908 25.103 10.038 23.483
67 2 2 10.919 25.138 10.003 23.437
68 2 2 10.931 25.079 10.015 23.378
69 2 2 10.943 25.044 10.027 23.342
70 2 2 10.932 24.961 10.015 23.260
71 2 2 10.944 24.926 10.027 23.225
72 2 2 10.932 24.844 10.016 23.142
73 2 2 10.944 24.808 10.028 23.107
74 2 2 10.956 24.749 10.040 23.048
75 2 2 10.968 24.690 10.052 22.989
76 2 2 10.957 24.608 10.040 22.907
77 2 2 10.898 24.491 10.064 22.836
78 2 2 10.910 24.526 10.029 22.777
79 2 2 10.910 24.455 10.029 22.707
80 2 2 10.910 24.385 10.029 22.636
81 2 2 10.910 24.338 10.030 22.589
82 2 2 10.911 24.267 10.030 22.519
83 2 2 10.911 24.173 10.030 22.425
84 2 2 10.911 24.126 10.030 22.377
85 2 2 10.911 24.055 10.031 22.307
86 2 2 10.912 24.008 10.031 22.260
87 2 2 10.912 23.938 10.031 22.189
88 2 2 10.876 23.903 9.996 22.154
89 2 2 10.888 23.938 9.960 22.095
90 2 2 10.888 23.867 9.961 22.025
91 2 2 10.889 23.820 9.961 21.978
92 2 2 10.889 23.750 9.961 21.907
93 2 2 10.889 23.655 9.961 21.813
94 2 2 10.866 23.609 9.938 21.766
95 2 2 10.842 23.538 9.915 21.696
96 2 2 10.866 23.491 9.938 21.649
97 2 2 10.843 23.420 9.915 21.578
98 2 2 10.843 23.326 9.915 21.484
99 2 2 10.843 23.279 10.023 21.119
100 2 2 10.855 23.326 9.988 21.049
101 2 2 10.843 23.267 9.976 20.990
102 2 2 10.855 23.209 9.988 20.931
103 2 2 10.844 23.126 9.977 20.849
104 2 2 10.832 23.091 9.965 20.814
105 2 2 10.820 23.009 9.954 20.731
106 2 2 10.832 22.950 9.966 20.672
107 2 2 10.821 22.891 9.954 20.614
108 2 2 10.809 22.832 9.942 20.555
109 2 2 10.798 22.750 9.931 20.473
110 2 2 10.764 22.233 9.930 20.637
111 2 2 10.776 22.268 9.895 20.590
112 2 2 10.776 22.209 9.895 20.532
113 2 2 10.776 22.127 9.896 20.449
114 2 2 10.776 22.068 9.896 20.391
115 2 2 10.777 22.009 9.896 20.332
116 2 2 10.777 21.951 9.896 20.273
117 2 2 10.777 21.868 9.896 20.191
118 2 2 10.777 21.810 9.897 20.132
119 2 2 10.778 21.751 9.897 20.073
120 2 2 10.778 21.692 9.897 20.014
121 2 2 10.719 21.528 9.897 19.944
122 2 2 10.731 21.563 9.862 19.897
123 2 2 10.743 21.492 9.874 19.826
124 2 2 10.732 21.422 9.863 19.756
125 2 2 10.744 21.351 9.875 19.685
126 2 2 10.732 21.281 9.863 19.615
127 2 2 10.744 21.210 9.875 19.544
128 2 2 10.733 21.140 9.864 19.474
129 2 2 10.768 21.069 9.899 19.403
130 2 2 10.757 20.998 9.888 19.333
131 2 2 10.769 20.928 9.900 19.262
132 2 2 10.828 20.881 9.959 19.180
133 2 2 10.840 20.916 9.924 19.121
134 2 2 10.852 20.845 9.936 19.051
135 2 2 10.864 20.775 9.948 18.980
136 2 2 10.852 20.704 9.937 18.910
137 2 2 10.864 20.634 9.949 18.839
138 2 2 10.876 20.563 9.961 18.769
139 2 2 10.888 20.493 9.973 18.698
140 2 2 10.877 20.446 9.961 18.651
141 2 2 10.889 20.375 9.973 18.581
142 2 2 10.901 20.305 9.985 18.510
143 2 2 10.878 20.081 9.997 18.522
144 2 2 10.890 20.117 9.962 18.475
145 2 2 10.890 20.046 9.962 18.404
146 2 2 10.890 19.999 9.962 18.357
147 2 2 10.914 19.928 9.986 18.287
148 2 2 10.914 19.858 9.987 18.216
149 2 2 10.915 19.787 9.987 18.146
150 2 2 10.915 19.741 9.987 18.099
151 2 2 10.939 19.670 10.011 18.028
152 2 2 10.939 19.599 10.011 17.958
153 2 2 10.939 19.529 10.011 17.887
154 2 2 10.963 19.505 10.143 17.406
155 2 2 10.974 19.552 10.108 17.335
156 2 2 10.987 19.482 10.120 17.265
157 2 2 10.975 19.411 10.109 17.194
158 2 2 10.987 19.364 10.121 17.147
159 2 2 10.999 19.294 10.133 17.077
160 2 2 11.011 19.223 10.145 17.006
161 2 2 11.023 19.153 10.157 16.936
162 2 2 11.035 19.082 10.169 16.866
163 2 2 11.047 19.012 10.181 16.795
164 2 2 11.059 18.941 10.193 16.725
165 2 2 11.096 18.671 10.227 17.065
166 2 2 11.107 18.706 10.192 17.018
167 2 2 11.119 18.636 10.204 16.948
168 2 2 11.155 18.565 10.240 16.877
169 2 2 11.144 18.495 10.228 16.807
170 2 2 11.179 18.424 10.264 16.736
171 2 2 11.191 18.354 10.276 16.666
172 2 2 11.203 18.283 10.288 16.595
173 2 2 11.215 18.213 10.300 16.525
174 2 2 11.251 18.142 10.336 16.454
175 2 2 11.263 18.072 10.348 16.384
176 2 2 11.322 17.990 10.254 16.267
177 2 2 11.346 18.025 10.219 16.208
178 2 2 11.370 17.954 10.242 16.138
179 2 2 11.370 17.907 10.243 16.091
180 2 2 11.394 17.837 10.266 16.020
181 2 2 11.418 17.766 10.290 15.950
182 2 2 11.418 17.719 10.291 15.903
183 2 2 11.442 17.649 10.314 15.832
184 2 2 11.489 17.555 10.362 15.738
185 2 2 11.513 17.484 10.386 15.668
186 2 2 11.513 17.437 10.386 15.621
187 2 2 11.573 17.074 10.646 15.621
188 2 2 11.585 17.109 10.599 15.574
189 2 2 11.609 17.050 10.623 15.515
190 2 2 11.633 16.991 10.646 15.456
191 2 2 11.657 16.909 10.670 15.374
192 2 2 11.704 16.827 10.718 15.292
193 2 2 11.728 16.745 10.742 15.210
194 2 2 11.752 16.686 10.766 15.151
195 2 2 11.799 16.604 10.813 15.069
196 2 2 11.823 16.522 10.837 14.987
197 2 2 11.847 16.439 10.861 14.905
198 2 2 11.954 16.345 11.038 14.799
199 2 2 11.965 16.381 11.003 14.752
200 2 2 12.001 16.298 11.039 14.670
201 2 2 12.036 16.240 11.074 14.611
202 2 2 12.072 16.134 11.110 14.506
203 2 2 12.108 16.075 11.146 14.447
204 2 2 12.120 15.970 11.158 14.342
205 2 2 12.155 15.911 11.194 14.283
206 2 2 12.191 15.806 11.229 14.177
207 2 2 12.227 15.747 11.265 14.119
208 2 2 12.262 15.641 11.301 14.013
209 2 2 12.228 15.383 11.171 13.920
210 2 2 12.251 15.419 11.136 13.873
211 2 2 12.287 15.348 11.172 13.802
212 2 2 12.299 15.278 11.184 13.732
213 2 2 12.335 15.184 11.219 13.638
214 2 2 12.370 15.114 11.255 13.568
215 2 2 12.406 15.043 11.291 13.498
216 2 2 12.442 14.950 11.326 13.404
217 2 2 12.477 14.879 11.362 13.333
218 2 2 12.513 14.785 11.398 13.240
219 2 2 12.572 14.715 11.457 13.169
220 2 2 12.549 14.574 11.658 12.970
221 2 2 12.561 14.610 11.623 12.923
222 2 2 12.596 14.539 11.659 12.853
223 2 2 12.632 14.469 11.694 12.783
224 2 2 12.691 14.375 11.753 12.689
225 2 2 12.727 14.305 11.789 12.619
226 2 2 12.786 14.234 11.848 12.548
227 2 2 12.821 14.141 11.884 12.455
228 2 2 12.881 14.047 11.943 12.361
229 2 2 12.916 13.977 11.979 12.291
230 2 2 12.975 13.930 12.038 12.244
231 2 2 13.034 13.836 12.097 12.150
232 2 2 13.094 13.766 12.156 12.080
233 2 2 13.129 13.672 12.192 11.986
234 2 2 13.188 13.602 12.251 11.916
235 2 2 13.247 13.531 12.310 11.846
236 2 2 13.307 13.438 12.370 11.752
237 2 2 13.366 13.367 12.429 11.682
238 2 2 13.425 13.320 12.488 11.635
239 2 2 13.484 13.250 12.547 11.565
240 2 2 13.543 13.180 12.606 11.495
241 2 2 13.602 13.133 12.665 11.448
242 2 2 13.661 13.063 12.724 11.378
243 2 2 13.720 12.969 12.783 11.284
244 2 2 13.803 12.899 12.866 11.214
245 2 2 13.862 12.875 12.925 11.190
246 2 2 13.921 12.782 12.984 11.097
247 2 2 13.980 12.735 13.043 11.050
248 2 2 14.062 12.665 13.126 10.980
249 2 2 14.121 12.618 13.185 10.933
250 2 2 14.204 12.571 13.267 10.886
251 2 2 14.263 12.524 13.326 10.840
252 2 2 14.345 12.454 13.409 10.769
253 2 2 14.428 12.384 13.492 10.699
254 2 2 14.510 12.360 13.574 10.676
255 2 2 14.569 12.290 13.633 10.606
256 2 2 14.652 12.243 13.716 10.559
257 2 2 14.711 12.197 13.774 10.512
258 2 2 14.816 12.150 13.881 10.466
259 2 2 14.875 12.103 13.939 10.419
260 2 2 14.981 12.056 14.045 10.372
261 2 2 15.040 12.009 14.104 10.326
262 2 2 15.146 11.963 14.210 10.279
263 2 2 15.229 11.916 14.293 10.232
264 2 2 15.311 11.869 14.375 10.185
265 2 2 15.393 11.822 14.458 10.139
266 2 2 15.476 11.776 14.540 10.092
267 2 2 15.558 11.752 14.623 10.069
268 2 2 15.640 11.682 14.705 9.999
269 2 2 15.723 11.659 14.787 9.975
270 2 2 15.805 11.612 14.870 9.929
271 2 2 15.887 11.565 14.952 9.882
272 2 2 15.970 11.519 15.035 9.835
273 2 2 16.052 11.495 15.117 9.812
274 2 2 16.158 11.472 15.223 9.789
275 2 2 16.240 11.425 15.305 9.742
276 2 2 16.346 11.402 15.411 9.719
277 2 2 16.428 11.378 15.493 9.696
278 2 2 16.510 11.332 15.575 9.649
279 2 2 16.593 11.285 15.658 9.602
280 2 2 16.698 11.262 15.763 9.579
281 2 2 16.781 11.238 15.846 9.556
282 2 2 16.886 11.192 15.952 9.509
283 2 2 16.968 11.168 16.034 9.486
284 2 2 17.074 11.145 16.139 9.463
285 2 2 17.180 11.098 16.245 9.416
286 2 2 17.285 11.075 16.351 9.393
287 2 2 17.367 11.075 16.433 9.393
288 2 2 17.473 11.052 16.539 9.370
289 2 2 17.555 11.005 16.621 9.323
290 2 2 17.661 10.982 16.727 9.300
291 2 2 17.743 10.982 16.809 9.300
292 2 2 17.848 10.958 16.914 9.277
293 2 2 17.931 10.912 16.997 9.230
294 2 2 18.036 10.888 17.102 9.207
295 2 2 18.118 10.889 17.184 9.207
296 2 2 18.224 10.889 17.290 9.207
297 2 2 18.306 10.865 17.372 9.184
298 2 2 18.411 10.819 17.478 9.138
299 2 2 18.493 10.795 17.560 9.114
300 2 2 18.599 10.819 17.665 9.138
301 2 2 18.681 10.772 17.747 9.091
302 2 2 18.786 10.772 17.853 9.091
303 2 2 18.868 10.749 17.935 9.068
304 2 2 18.974 10.749 18.040 9.068
305 2 2 19.056 10.749 18.122 9.068
306 2 2 19.161 10.726 18.228 9.045
307 2 2 19.243 10.702 18.310 9.022
308 2 2 19.349 10.702 18.415 9.022
309 2 2 19.454 10.702 18.521 9.022
310 2 2 19.559 10.703 18.626 9.022
311 2 2 19.641 10.679 18.708 8.999
312 2 2 19.747 10.656 18.813 8.976
313 2 2 19.828 10.679 18.895 8.999
314 2 2 19.934 10.633 19.001 8.953
315 2 2 20.016 10.633 19.083 8.953
316 2 2 20.121 10.633 19.188 8.953
317 2 2 20.203 10.633 19.270 8.953
318 2 2 20.308 10.610 19.375 8.930
319 2 2 20.390 10.633 19.457 8.953
320 2 2 20.495 10.610 19.563 8.930
321 2 2 20.577 10.633 19.645 8.954
322 2 2 20.682 10.610 19.750 8.931
323 2 2 20.764 10.610 19.832 8.931
324 2 2 20.846 10.610 19.914 8.931
325 2 2 20.928 10.610 19.995 8.931
326 2 2 21.033 10.610 20.101 8.931
327 2 2 21.115 10.610 20.183 8.931
328 2 2 21.220 10.610 20.288 8.931
329 2 2 21.302 10.587 20.370 8.908
330 2 2 21.407 10.564 20.475 8.885
331 2 2 21.489 10.587 20.557 8.908
332 2 2 21.571 10.564 20.639 8.885
333 2 2 21.653 10.587 20.720 8.909
334 2 2 21.758 10.564 20.826 8.885
335 2 2 21.839 10.564 20.907 8.885
336 2 2 21.945 10.564 21.013 8.886
337 2 2 22.026 10.564 21.094 8.886
338 2 2 22.131 10.564 21.200 8.886
339 2 2 22.213 10.564 21.281 8.886
340 2 2 22.295 10.564 21.363 8.886
341 2 2 22.377 10.564 21.445 8.886
342 2 2 22.482 10.541 21.550 8.863
343 2 2 22.563 10.518 21.632 8.840
344 2 2 22.668 10.541 21.737 8.863
345 2 2 22.750 10.518 21.819 8.840
346 2 2 22.855 10.518 21.924 8.840
347 2 2 22.937 10.518 22.006 8.840
348 2 2 23.042 10.518 22.111 8.841
349 2 2 23.124 10.495 22.192 8.817
350 2 2 23.229 10.472 22.297 8.794
351 2 2 23.310 10.495 22.379 8.818
352 2 2 23.392 10.472 22.461 8.794
353 2 2 23.474 10.472 22.542 8.795
354 2 2 23.579 10.472 22.647 8.795
355 2 2 23.660 10.472 22.729 8.795
356 2 2 23.765 10.449 22.834 8.772
357 2 2 23.847 10.425 22.916 8.749
358 2 2 23.928 10.449 22.997 8.772
359 2 2 24.010 10.402 23.079 8.725
360 2 2 24.115 10.402 23.184 8.726
361 2 2 24.196 10.402 23.266 8.726
362 2 2 24.301 10.379 23.371 8.703
363 2 2 24.383 10.402 23.452 8.726
364 2 2 24.465 10.379 23.534 8.703
365 2 2 24.546 10.379 23.616 8.703
366 2 2 24.651 10.379 23.721 8.703
367 2 2 24.732 10.379 23.802 8.703
368 2 2 24.837 10.356 23.907 8.680
369 2 2 24.919 10.333 23.989 8.657
370 2 2 25.024 10.356 24.093 8.680
371 2 2 25.105 10.333 24.175 8.657
372 2 2 25.210 10.333 24.280 8.657
373 2 2 25.292 10.333 24.361 8.658
374 2 2 25.396 10.310 24.466 8.634
375 2 2 25.478 10.287 24.548 8.611
376 2 2 25.559 10.310 24.629 8.635
377 2 2 25.641 10.264 24.711 8.588
378 2 2 25.746 10.264 24.816 8.588
379 2 2 25.827 10.264 24.897 8.589
380 2 2 25.909 10.241 24.979 8.565
381 2 2 25.990 10.264 25.060 8.589
382 2 2 26.095 10.241 25.165 8.566
383 2 2 26.176 10.241 25.247 8.566
384 2 2 26.258 10.241 25.328 8.566
385 2 2 26.339 10.218 25.410 8.543
386 2 2 26.444 10.195 25.514 8.520
387 2 2 26.525 10.195 25.596 8.520
388 2 2 26.607 10.195 25.677 8.520
389 2 2 26.688 10.172 25.759 8.497
390 2 2 26.793 10.148 25.863 8.474
391 2 2 26.874 10.148 25.945 8.474
392 2 2 26.955 10.148 26.026 8.474
393 2 2 27.037 10.125 26.108 8.451
394 2 2 27.141 10.102 26.212 8.428
395 2 2 27.223 10.102 26.294 8.428
396 2 2 27.327 10.102 26.398 8.428
397 2 2 27.409 10.079 26.480 8.405
398 2 2 27.490 10.056 26.561 8.382
399 2 2 27.571 10.056 26.643 8.382
400 2 2 27.676 10.056 26.747 8.382
401 2 2 27.757 10.056 26.829 8.382
402 2 2 27.839 10.033 26.910 8.359
403 2 2 27.920 10.010 26.991 8.336
404 2 2 28.024 10.010 27.096 8.336
405 2 2 28.083 10.010 27.154 8.336
406 2 2 28.187 9.987 27.259 8.313
407 2 2 28.268 9.964 27.340 8.290
408 2 2 28.350 9.964 27.421 8.290
409 2 2 28.431 9.941 27.502 8.267
410 2 2 28.512 9.917 27.584 8.244
411 2 2 28.593 9.917 27.665 8.244
412 2 2 28.698 9.918 27.770 8.244
413 2 2 28.756 9.894 27.828 8.221
414 2 2 28.860 9.871 27.932 8.198
415 2 2 28.942 9.871 28.013 8.198
416 2 2 29.023 9.871 28.095 8.199
417 2 2 29.104 9.848 28.176 8.175
418 2 2 29.208 9.825 28.280 8.152
419 2 2 29.290 9.825 28.362 8.153
420 2 2 29.371 9.825 28.443 8.153
421 2 2 29.452 9.802 28.524 8.130
422 2 2 29.556 9.779 28.629 8.107
423 2 2 29.638 9.779 28.710 8.107
424 2 2 29.742 9.756 28.814 8.084
425 2 2 29.823 9.733 28.896 8.061
426 2 2 29.927 9.733 29.000 8.061
0 3 2 11.820 28.088 11.175 26.349
1 3 2 11.843 28.135 11.175 26.314
2 3 2 11.832 28.087 11.164 26.267
3 3 2 11.820 28.017 11.152 26.196
4 3 2 11.808 27.993 11.140 26.173
5 3 2 11.797 27.899 11.129 26.079
6 3 2 11.809 27.852 11.141 26.031
7 3 2 11.797 27.782 11.129 25.961
8 3 2 11.785 27.758 11.118 25.937
9 3 2 11.774 27.664 11.106 25.843
10 3 2 11.786 27.617 11.118 25.796
11 3 2 11.811 27.299 10.941 25.821
12 3 2 11.822 27.334 10.905 25.774
13 3 2 11.811 27.275 10.894 25.715
14 3 2 11.799 27.193 10.882 25.633
15 3 2 11.787 27.157 10.870 25.597
16 3 2 11.776 27.075 10.859 25.515
17 3 2 11.788 27.016 10.871 25.456
18 3 2 11.776 26.957 10.859 25.397
19 3 2 11.765 26.899 10.848 25.339
20 3 2 11.753 26.840 10.836 25.280
21 3 2 11.765 26.781 10.848 25.221
22 3 2 11.718 26.699 10.908 25.126
23 3 2 11.730 26.734 10.872 25.079
24 3 2 11.730 26.675 10.872 25.021
25 3 2 11.730 26.640 10.873 24.985
26 3 2 11.730 26.557 10.873 24.903
27 3 2 11.730 26.522 10.873 24.868
28 3 2 11.731 26.440 10.873 24.785
29 3 2 11.707 26.404 10.850 24.750
30 3 2 11.707 26.322 10.850 24.668
31 3 2 11.708 26.263 10.850 24.609
32 3 2 11.708 26.204 10.850 24.550
33 3 2 11.767 26.063 10.933 24.573
34 3 2 11.779 26.098 10.898 24.526
35 3 2 11.779 26.027 10.898 24.456
36 3 2 11.780 25.980 10.898 24.408
37 3 2 11.780 25.910 10.899 24.338
38 3 2 11.780 25.839 10.899 24.267
39 3 2 11.780 25.792 10.899 24.220
40 3 2 11.780 25.721 10.899 24.150
41 3 2 11.781 25.651 10.899 24.079
42 3 2 11.781 25.604 10.900 24.032
43 3 2 11.781 25.533 10.900 23.961
44 3 2 11.793 25.403 10.960 23.796
45 3 2 11.805 25.439 10.924 23.749
46 3 2 11.805 25.368 10.925 23.679
47 3 2 11.805 25.297 10.925 23.608
48 3 2 11.806 25.250 10.925 23.561
49 3 2 11.806 25.203 10.925 23.514
50 3 2 11.806 25.133 10.925 23.444
51 3 2 11.806 25.062 10.926 23.373
52 3 2 11.806 25.015 10.926 23.326
53 3 2 11.807 24.944 10.926 23.255
54 3 2 11.807 24.874 10.926 23.185
55 3 2 11.807 24.862 10.986 23.137
56 3 2 11.819 24.897 10.950 23.079
57 3 2 11.831 24.827 10.962 23.008
58 3 2 11.843 24.780 10.974 22.961
59 3 2 11.831 24.709 10.963 22.890
60 3 2 11.843 24.662 10.975 22.843
61 3 2 11.831 24.591 10.963 22.773
62 3 2 11.843 24.544 10.975 22.726
63 3 2 11.832 24.474 10.964 22.655
64 3 2 11.844 24.403 10.976 22.585
65 3 2 11.832 24.356 10.964 22.538
66 3 2 11.844 24.285 10.976 22.467
67 3 2 11.833 24.239 10.964 22.420
68 3 2 11.845 24.168 10.976 22.349
69 3 2 11.833 24.121 10.965 22.302
70 3 2 11.845 24.050 10.977 22.232
71 3 2 11.833 24.003 10.965 22.185
72 3 2 11.846 23.933 10.977 22.114
73 3 2 11.834 23.886 10.966 22.067
74 3 2 11.846 23.815 10.978 21.997
75 3 2 11.858 23.768 10.990 21.950
76 3 2 11.870 23.697 11.002 21.879
77 3 2 11.883 23.403 10.978 21.973
78 3 2 11.894 23.438 10.942 21.926
79 3 2 11.895 23.380 10.943 21.868
80 3 2 11.895 23.344 10.943 21.832
81 3 2 11.895 23.262 10.943 21.750
82 3 2 11.895 23.227 10.943 21.715
83 3 2 11.895 23.145 10.944 21.632
84 3 2 11.896 23.109 10.944 21.597
85 3 2 11.896 23.027 10.944 21.515
86 3 2 11.896 22.992 10.944 21.480
87 3 2 11.896 22.909 10.944 21.397
88 3 2 11.873 22.792 10.992 21.268
89 3 2 11.885 22.827 10.957 21.221
90 3 2 11.885 22.768 10.957 21.162
91 3 2 11.885 22.733 10.957 21.127
92 3 2 11.885 22.651 10.957 21.045
93 3 2 11.885 22.616 10.958 21.009
94 3 2 11.886 22.557 10.958 20.951
95 3 2 11.886 22.498 10.958 20.892
96 3 2 11.886 22.439 10.958 20.833
97 3 2 11.886 22.380 10.958 20.774
98 3 2 11.886 22.322 10.959 20.716
99 3 2 11.804 22.146 10.935 20.786
100 3 2 11.816 22.169 10.899 20.739
101 3 2 11.828 22.110 10.911 20.681
102 3 2 11.816 22.075 10.900 20.645
103 3 2 11.828 21.993 10.912 20.563
104 3 2 11.817 21.958 10.900 20.528
105 3 2 11.829 21.899 10.912 20.469
106 3 2 11.817 21.840 10.901 20.410
107 3 2 11.829 21.781 10.913 20.351
108 3 2 11.841 21.746 10.925 20.316
109 3 2 11.853 21.664 10.937 20.234
110 3 2 11.794 21.593 10.973 20.011
111 3 2 11.806 21.629 10.938 19.964
112 3 2 11.818 21.582 10.950 19.917
113 3 2 11.830 21.511 10.962 19.846
114 3 2 11.818 21.464 10.950 19.799
115 3 2 11.830 21.394 10.962 19.729
116 3 2 11.819 21.347 10.950 19.682
117 3 2 11.831 21.276 10.962 19.611
118 3 2 11.819 21.229 10.951 19.564
119 3 2 11.831 21.159 10.963 19.494
120 3 2 11.843 21.111 10.975 19.447
121 3 2 11.856 20.935 11.011 19.270
122 3 2 11.867 20.970 10.976 19.212
123 3 2 11.879 20.912 10.988 19.153
124 3 2 11.891 20.876 11.000 19.118
125 3 2 11.880 20.794 10.988 19.035
126 3 2 11.892 20.759 11.000 19.000
127 3 2 11.904 20.700 11.012 18.941
128 3 2 11.916 20.641 11.024 18.883
129 3 2 11.904 20.583 11.012 18.824
130 3 2 11.916 20.547 11.024 18.789
131 3 2 11.928 20.465 11.037 18.707
132 3 2 11.964 20.312 11.071 18.918
133 3 2 11.976 20.336 11.036 18.859
134 3 2 11.988 20.289 11.048 18.812
135 3 2 11.976 20.218 11.036 18.742
136 3 2 12.012 20.195 11.072 18.718
137 3 2 12.000 20.124 11.060 18.648
138 3 2 12.012 20.077 11.072 18.601
139 3 2 12.024 20.007 11.084 18.530
140 3 2 12.036 19.936 11.096 18.460
141 3 2 12.048 19.889 11.108 18.413
142 3 2 12.060 19.842 11.120 18.366
143 3 2 12.119 19.678 11.204 18.201
144 3 2 12.131 19.713 11.168 18.154
145 3 2 12.143 19.654 11.180 18.096
146 3 2 12.155 19.595 11.192 18.037
147 3 2 12.167 19.536 11.204 17.978
148 3 2 12.179 19.478 11.216 17.919
149 3 2 12.191 19.419 11.228 17.861
150 3 2 12.203 19.360 11.240 17.802
151 3 2 12.215 19.325 11.252 17.767
152 3 2 12.227 19.243 11.264 17.685
153 3 2 12.239 19.208 11.276 17.649
154 3 2 12.157 19.055 11.312 17.590
155 3 2 12.169 19.090 11.277 17.544
156 3 2 12.181 19.043 11.289 17.497
157 3 2 12.193 18.973 11.301 17.426
158 3 2 12.204 18.949 11.313 17.403
159 3 2 12.217 18.855 11.325 17.309
160 3 2 12.252 18.808 11.360 17.262
161 3 2 12.264 18.738 11.372 17.191
162 3 2 12.276 18.714 11.384 17.168
163 3 2 12.288 18.621 11.396 17.074
164 3 2 12.324 18.573 11.432 17.027
165 3 2 12.418 18.444 11.467 17.015
166 3 2 12.442 18.479 11.432 16.968
167 3 2 12.466 18.421 11.456 16.910
168 3 2 12.466 18.362 11.456 16.851
169 3 2 12.490 18.303 11.480 16.792
170 3 2 12.513 18.244 11.504 16.733
171 3 2 12.514 18.186 11.504 16.675
172 3 2 12.537 18.127 11.528 16.616
173 3 2 12.585 18.068 11.575 16.557
174 3 2 12.609 18.009 11.599 16.499
175 3 2 12.609 17.951 11.599 16.440
176 3 2 12.633 17.810 11.670 16.428
177 3 2 12.656 17.833 11.635 16.381
178 3 2 12.668 17.775 11.647 16.323
179 3 2 12.704 17.739 11.682 16.287
180 3 2 12.716 17.657 11.694 16.205
181 3 2 12.751 17.622 11.730 16.170
182 3 2 12.763 17.540 11.742 16.088
183 3 2 12.799 17.505 11.778 16.053
184 3 2 12.811 17.422 11.790 15.970
185 3 2 12.823 17.387 11.802 15.935
186 3 2 12.835 17.305 11.814 15.853
187 3 2 12.883 17.117 11.897 15.724
188 3 2 12.906 17.141 11.861 15.665
189 3 2 12.918 17.094 11.873 15.619
190 3 2 12.954 17.023 11.909 15.548
191 3 2 12.966 16.976 11.921 15.501
192 3 2 13.001 16.929 11.956 15.454
193 3 2 13.013 16.859 11.969 15.384
194 3 2 13.049 16.789 12.004 15.314
195 3 2 13.084 16.742 12.040 15.267
196 3 2 13.120 16.695 12.075 15.220
197 3 2 13.132 16.624 12.087 15.149
198 3 2 13.050 16.402 12.170 15.114
199 3 2 13.062 16.425 12.135 15.067
200 3 2 13.085 16.367 12.158 15.009
201 3 2 13.133 16.331 12.206 14.973
202 3 2 13.156 16.249 12.230 14.891
203 3 2 13.157 16.214 12.230 14.856
204 3 2 13.204 16.132 12.277 14.774
205 3 2 13.228 16.097 12.301 14.739
206 3 2 13.275 16.038 12.348 14.680
207 3 2 13.299 15.979 12.372 14.621
208 3 2 13.322 15.921 12.396 14.563
209 3 2 13.476 15.768 12.549 14.410
210 3 2 13.488 15.792 12.502 14.364
211 3 2 13.511 15.733 12.526 14.305
212 3 2 13.535 15.674 12.550 14.246
213 3 2 13.583 15.616 12.597 14.188
214 3 2 13.630 15.557 12.645 14.129
215 3 2 13.654 15.498 12.668 14.071
216 3 2 13.677 15.440 12.692 14.012
217 3 2 13.748 15.405 12.763 13.977
218 3 2 13.772 15.322 12.787 13.895
219 3 2 13.819 15.287 12.834 13.860
220 3 2 14.031 15.228 12.846 13.871
221 3 2 14.055 15.252 12.799 13.824
222 3 2 14.102 15.193 12.846 13.766
223 3 2 14.149 15.135 12.893 13.707
224 3 2 14.173 15.099 12.917 13.672
225 3 2 14.244 15.041 12.988 13.613
226 3 2 14.267 14.982 13.012 13.555
227 3 2 14.338 14.923 13.083 13.496
228 3 2 14.362 14.888 13.106 13.461
229 3 2 14.409 14.830 13.154 13.403
230 3 2 14.456 14.795 13.201 13.367
231 3 2 14.386 14.537 13.201 13.403
232 3 2 14.410 14.560 13.154 13.367
233 3 2 14.457 14.514 13.201 13.321
234 3 2 14.504 14.467 13.248 13.274
235 3 2 14.551 14.420 13.295 13.227
236 3 2 14.575 14.373 13.319 13.180
237 3 2 14.599 14.326 13.343 13.133
238 3 2 14.669 14.279 13.414 13.086
239 3 2 14.693 14.232 13.437 13.039
240 3 2 14.764 14.185 13.508 12.993
241 3 2 14.787 14.139 13.532 12.946
242 3 2 15.000 13.893 13.709 12.840
243 3 2 15.023 13.916 13.662 12.805
244 3 2 15.059 13.881 13.697 12.770
245 3 2 15.117 13.846 13.756 12.735
246 3 2 15.153 13.787 13.792 12.676
247 3 2 15.212 13.752 13.850 12.641
248 3 2 15.271 13.694 13.910 12.583
249 3 2 15.330 13.658 13.968 12.548
250 3 2 15.365 13.600 14.004 12.489
251 3 2 15.424 13.565 14.063 12.454
252 3 2 15.459 13.506 14.098 12.396
253 3 2 15.542 13.471 14.181 12.360
254 3 2 15.577 13.413 14.216 12.302
255 3 2 15.636 13.377 14.275 12.267
256 3 2 15.695 13.342 14.334 12.232
257 3 2 15.754 13.307 14.393 12.197
258 3 2 15.813 13.249 14.452 12.138
259 3 2 15.871 13.214 14.511 12.103
260 3 2 15.930 13.178 14.570 12.068
261 3 2 16.013 13.143 14.652 12.033
262 3 2 16.048 13.085 14.688 11.974
263 3 2 16.130 13.073 14.770 11.963
264 3 2 16.189 13.015 14.829 11.904
265 3 2 16.271 13.003 14.911 11.893
266 3 2 16.307 12.944 14.947 11.834
267 3 2 16.389 12.933 15.029 11.822
268 3 2 16.448 12.874 15.088 11.764
269 3 2 16.530 12.862 15.170 11.752
270 3 2 16.589 12.827 15.229 11.717
271 3 2 16.648 12.792 15.288 11.682
272 3 2 16.706 12.757 15.347 11.647
273 3 2 16.789 12.745 15.429 11.635
274 3 2 16.847 12.710 15.488 11.600
275 3 2 16.930 12.699 15.570 11.589
276 3 2 16.988 12.664 15.629 11.554
277 3 2 17.070 12.652 15.711 11.542
278 3 2 17.129 12.617 15.770 11.507
279 3 2 17.211 12.605 15.852 11.495
280 3 2 17.270 12.570 15.911 11.460
281 3 2 17.352 12.558 15.993 11.448
282 3 2 17.411 12.523 16.052 11.413
283 3 2 17.493 12.512 16.134 11.402
284 3 2 17.575 12.500 16.217 11.390
285 3 2 17.657 12.488 16.299 11.378
286 3 2 17.716 12.453 16.358 11.343
287 3 2 17.798 12.441 16.440 11.332
288 3 2 17.857 12.430 16.499 11.320
289 3 2 17.939 12.418 16.581 11.308
290 3 2 17.998 12.383 16.640 11.273
291 3 2 18.080 12.395 16.722 11.285
292 3 2 18.138 12.360 16.780 11.250
293 3 2 18.221 12.348 16.863 11.238
294 3 2 18.303 12.336 16.945 11.227
295 3 2 18.385 12.324 17.027 11.215
296 3 2 18.443 12.313 17.086 11.203
297 3 2 18.525 12.301 17.168 11.192
298 3 2 18.584 12.289 17.226 11.180
299 3 2 18.689 12.278 17.332 11.168
300 3 2 18.748 12.266 17.391 11.157
301 3 2 18.830 12.254 17.473 11.145
302 3 2 18.912 12.243 17.555 11.133
303 3 2 18.994 12.231 17.637 11.122
304 3 2 19.053 12.219 17.696 11.110
305 3 2 19.135 12.208 17.778 11.099
306 3 2 19.217 12.196 17.860 11.087
307 3 2 19.299 12.184 17.942 11.075
308 3 2 19.357 12.173 18.001 11.064
309 3 2 19.439 12.161 18.083 11.052
310 3 2 19.498 12.149 18.141 11.040
311 3 2 19.580 12.138 18.223 11.029
312 3 2 19.662 12.126 18.305 11.017
313 3 2 19.744 12.114 18.388 11.005
314 3 2 19.802 12.102 18.446 10.994
315 3 2 19.884 12.091 18.528 10.982
316 3 2 19.943 12.079 18.587 10.970
317 3 2 20.048 12.067 18.692 10.959
318 3 2 20.107 12.056 18.751 10.947
319 3 2 20.189 12.044 18.833 10.936
320 3 2 20.271 12.032 18.915 10.924
321 3 2 20.352 12.021 18.997 10.912
322 3 2 20.411 12.009 19.055 10.901
323 3 2 20.493 11.997 19.137 10.889
324 3 2 20.575 11.986 19.219 10.877
325 3 2 20.657 11.974 19.301 10.866
326 3 2 20.739 11.962 19.383 10.854
327 3 2 20.820 11.974 19.465 10.866
328 3 2 20.879 11.939 19.524 10.831
329 3 2 20.961 11.951 19.606 10.843
330 3 2 21.043 11.916 19.688 10.808
331 3 2 21.125 11.927 19.770 10.819
332 3 2 21.183 11.916 19.828 10.808
333 3 2 21.265 11.904 19.910 10.796
334 3 2 21.347 11.892 19.992 10.784
335 3 2 21.428 11.881 20.074 10.773
336 3 2 21.487 11.869 20.132 10.761
337 3 2 21.592 11.881 20.238 10.773
338 3 2 21.651 11.869 20.296 10.761
339 3 2 21.732 11.857 20.378 10.750
340 3 2 21.814 11.846 20.460 10.738
341 3 2 21.896 11.857 20.542 10.750
342 3 2 21.978 11.846 20.624 10.738
343 3 2 22.059 11.834 20.706 10.726
344 3 2 22.141 11.822 20.787 10.715
345 3 2 22.223 11.834 20.869 10.727
346 3 2 22.305 11.822 20.951 10.715
347 3 2 22.387 11.811 21.033 10.703
348 3 2 22.445 11.799 21.091 10.692
349 3 2 22.550 11.811 21.197 10.703
350 3 2 22.608 11.776 21.255 10.668
351 3 2 22.690 11.788 21.337 10.680
352 3 2 22.772 11.776 21.419 10.669
353 3 2 22.854 11.788 21.500 10.680
354 3 2 22.912 11.776 21.559 10.669
355 3 2 23.017 11.764 21.664 10.657
356 3 2 23.075 11.753 21.723 10.645
357 3 2 23.180 11.764 21.828 10.657
358 3 2 23.239 11.753 21.886 10.645
359 3 2 23.344 11.764 21.991 10.657
360 3 2 23.402 11.753 22.050 10.646
361 3 2 23.507 11.741 22.155 10.634
362 3 2 23.565 11.729 22.213 10.622
363 3 2 23.670 11.741 22.318 10.634
364 3 2 23.729 11.729 22.377 10.622
365 3 2 23.834 11.741 22.482 10.634
366 3 2 23.892 11.729 22.540 10.623
367 3 2 23.997 11.718 22.645 10.611
368 3 2 24.055 11.706 22.703 10.599
369 3 2 24.160 11.718 22.808 10.611
370 3 2 24.218 11.706 22.867 10.599
371 3 2 24.300 11.718 22.948 10.611
372 3 2 24.382 11.706 23.030 10.600
373 3 2 24.463 11.718 23.112 10.611
374 3 2 24.545 11.706 23.193 10.600
375 3 2 24.626 11.718 23.275 10.611
376 3 2 24.708 11.706 23.357 10.600
377 3 2 24.789 11.718 23.438 10.611
378 3 2 24.871 11.706 23.520 10.600
379 3 2 24.953 11.718 23.602 10.612
380 3 2 25.034 11.706 23.683 10.600
381 3 2 25.139 11.718 23.788 10.612
382 3 2 25.220 11.706 23.870 10.600
383 3 2 25.302 11.718 23.951 10.612
384 3 2 25.384 11.683 24.033 10.577
385 3 2 25.488 11.695 24.138 10.589
386 3 2 25.547 11.683 24.196 10.577
387 3 2 25.651 11.695 24.301 10.589
388 3 2 25.710 11.683 24.359 10.577
389 3 2 25.814 11.671 24.464 10.565
390 3 2 25.873 11.660 24.523 10.554
391 3 2 25.954 11.671 24.604 10.566
392 3 2 26.035 11.660 24.686 10.554
393 3 2 26.140 11.648 24.791 10.542
394 3 2 26.198 11.636 24.849 10.531
395 3 2 26.303 11.648 24.954 10.542
396 3 2 26.361 11.636 25.012 10.531
397 3 2 26.466 11.625 25.117 10.519
398 3 2 26.547 11.613 25.198 10.508
399 3 2 26.629 11.625 25.280 10.519
400 3 2 26.710 11.590 25.361 10.485
401 3 2 26.792 11.602 25.443 10.496
402 3 2 26.873 11.590 25.524 10.485
403 3 2 26.978 11.602 25.629 10.496
404 3 2 27.036 11.567 25.687 10.461
405 3 2 27.117 11.578 25.769 10.473
406 3 2 27.199 11.567 25.850 10.462
407 3 2 27.280 11.578 25.932 10.473
408 3 2 27.362 11.567 26.013 10.462
409 3 2 27.443 11.555 26.095 10.450
410 3 2 27.524 11.544 26.176 10.439
411 3 2 27.606 11.555 26.257 10.450
412 3 2 27.664 11.544 26.316 10.439
413 3 2 27.768 11.555 26.420 10.450
414 3 2 27.826 11.544 26.478 10.439
415 3 2 27.908 11.555 26.560 10.450
416 3 2 27.989 11.544 26.641 10.439
417 3 2 28.070 11.555 26.723 10.451
418 3 2 28.152 11.544 26.804 10.439
419 3 2 28.233 11.555 26.885 10.451
420 3 2 28.314 11.544 26.967 10.439
421 3 2 28.396 11.555 27.048 10.451
422 3 2 28.477 11.544 27.130 10.439
423 3 2 28.558 11.555 27.211 10.451
424 3 2 28.616 11.544 27.269 10.439
425 3 2 28.721 11.555 27.374 10.451
426 3 2 28.779 11.544 27.432 10.439
0 4 2 12.683 28.034 12.062 26.237
1 4 2 12.706 28.081 12.062 26.202
2 4 2 12.695 28.022 12.051 26.143
3 4 2 12.683 27.987 12.039 26.108
4 4 2 12.695 27.928 12.051 26.049
5 4 2 12.683 27.893 12.039 26.014
6 4 2 12.695 27.810 12.052 25.931
7 4 2 12.684 27.775 12.040 25.896
8 4 2 12.672 27.693 12.028 25.814
9 4 2 12.660 27.658 12.017 25.779
10 4 2 12.672 27.599 12.029 25.720
11 4 2 12.815 27.374 11.934 25.862
12 4 2 12.826 27.409 11.898 25.815
13 4 2 12.827 27.339 11.899 25.744
14 4 2 12.827 27.268 11.899 25.673
15 4 2 12.827 27.221 11.899 25.626
16 4 2 12.827 27.150 11.899 25.556
17 4 2 12.828 27.080 11.899 25.485
18 4 2 12.828 27.033 11.900 25.438
19 4 2 12.828 26.962 11.900 25.368
20 4 2 12.828 26.891 11.900 25.297
21 4 2 12.828 26.844 11.900 25.250
22 4 2 12.805 26.809 11.924 25.073
23 4 2 12.816 26.844 11.889 25.015
24 4 2 12.817 26.786 11.889 24.956
25 4 2 12.817 26.703 11.890 24.873
26 4 2 12.817 26.668 11.890 24.838
27 4 2 12.817 26.585 11.890 24.756
28 4 2 12.794 26.527 11.867 24.697
29 4 2 12.770 26.445 11.843 24.615
30 4 2 12.794 26.409 11.867 24.579
31 4 2 12.771 26.327 11.844 24.497
32 4 2 12.771 26.268 11.844 24.438
33 4 2 12.725 25.951 11.820 24.344
34 4 2 12.736 25.986 11.785 24.298
35 4 2 12.737 25.915 11.785 24.227
36 4 2 12.713 25.868 11.762 24.180
37 4 2 12.737 25.798 11.786 24.109
38 4 2 12.714 25.727 11.762 24.039
39 4 2 12.714 25.680 11.763 23.992
40 4 2 12.714 25.610 11.763 23.921
41 4 2 12.714 25.539 11.763 23.851
42 4 2 12.691 25.469 11.740 23.780
43 4 2 12.667 25.422 11.716 23.733
44 4 2 12.632 25.328 11.693 23.710
45 4 2 12.656 25.363 11.657 23.663
46 4 2 12.644 25.304 11.646 23.604
47 4 2 12.633 25.245 11.634 23.546
48 4 2 12.645 25.163 11.646 23.463
49 4 2 12.633 25.104 11.635 23.405
50 4 2 12.621 25.022 11.623 23.322
51 4 2 12.610 24.963 11.611 23.264
52 4 2 12.622 24.904 11.623 23.205
53 4 2 12.610 24.846 11.612 23.146
54 4 2 12.622 24.763 11.624 23.064
55 4 2 12.611 24.705 11.612 23.005
56 4 2 12.599 24.646 11.601 22.946
57 4 2 12.587 24.587 11.589 22.887
58 4 2 12.600 24.505 11.601 22.805
59 4 2 12.588 24.446 11.590 22.746
60 4 2 12.600 24.387 11.602 22.687
61 4 2 12.588 24.328 11.590 22.629
62 4 2 12.600 24.246 11.602 22.546
63 4 2 12.589 24.211 11.590 22.511
64 4 2 12.601 24.128 11.602 22.429
65 4 2 12.589 24.070 11.591 22.370
66 4 2 12.601 23.987 11.603 22.288
67 4 2 12.589 23.952 11.591 22.253
68 4 2 12.602 23.870 11.603 22.170
69 4 2 12.590 23.811 11.592 22.111
70 4 2 12.602 23.729 11.604 22.029
71 4 2 12.590 23.670 11.592 21.970
72 4 2 12.602 23.588 11.604 21.888
73 4 2 12.591 23.529 11.593 21.829
74 4 2 12.603 23.447 11.605 21.747
75 4 2 12.591 23.388 11.593 21.688
76 4 2 12.603 23.305 11.605 21.606
77 4 2 12.592 23.247 11.594 21.547
78 4 2 12.604 23.188 11.606 21.488
79 4 2 12.592 23.129 11.594 21.430
80 4 2 12.604 23.047 11.606 21.347
81 4 2 12.616 22.988 11.618 21.289
82 4 2 12.628 22.906 11.630 21.206
83 4 2 12.617 22.847 11.619 21.148
84 4 2 12.629 22.788 11.631 21.089
85 4 2 12.617 22.730 11.619 21.030
86 4 2 12.629 22.647 11.631 20.948
87 4 2 12.617 22.588 11.620 20.889
88 4 2 12.630 22.506 11.632 20.807
89 4 2 12.642 22.447 11.644 20.748
90 4 2 12.654 22.389 11.656 20.689
91 4 2 12.642 22.330 11.644 20.631
92 4 2 12.654 22.248 11.656 20.548
93 4 2 12.642 22.189 11.644 20.490
94 4 2 12.654 22.107 11.657 20.407
95 4 2 12.666 22.048 11.669 20.349
96 4 2 12.678 21.989 11.681 20.290
97 4 2 12.667 21.930 11.669 20.231
98 4 2 12.679 21.848 11.681 20.149
99 4 2 12.621 21.555 11.847 20.054
100 4 2 12.632 21.590 11.811 20.007
101 4 2 12.644 21.531 11.823 19.949
102 4 2 12.656 21.472 11.835 19.890
103 4 2 12.645 21.390 11.824 19.808
104 4 2 12.657 21.331 11.836 19.749
105 4 2 12.669 21.249 11.848 19.667
106 4 2 12.681 21.190 11.860 19.608
107 4 2 12.669 21.132 11.848 19.549
108 4 2 12.681 21.073 11.860 19.491
109 4 2 12.693 20.991 11.872 19.408
110 4 2 12.705 20.920 11.884 19.514
111 4 2 12.717 20.955 11.849 19.467
112 4 2 12.729 20.896 11.861 19.408
113 4 2 12.717 20.838 11.849 19.350
114 4 2 12.730 20.755 11.861 19.267
115 4 2 12.742 20.697 11.873 19.209
116 4 2 12.754 20.638 11.885 19.150
117 4 2 12.766 20.579 11.897 19.091
118 4 2 12.778 20.497 11.909 19.009
119 4 2 12.790 20.438 11.921 18.950
120 4 2 12.802 20.356 11.933 18.868
121 4 2 12.826 20.180 11.934 18.762
122 4 2 12.837 20.215 11.898 18.716
123 4 2 12.849 20.145 11.910 18.645
124 4 2 12.862 20.051 11.923 18.551
125 4 2 12.874 19.980 11.935 18.481
126 4 2 12.886 19.933 11.947 18.434
127 4 2 12.898 19.863 11.959 18.363
128 4 2 12.910 19.792 11.971 18.293
129 4 2 12.922 19.745 11.983 18.246
130 4 2 12.934 19.675 11.995 18.175
131 4 2 12.946 19.581 12.007 18.082
132 4 2 13.029 19.393 12.090 17.940
133 4 2 13.052 19.428 12.055 17.894
134 4 2 13.064 19.369 12.067 17.835
135 4 2 13.076 19.310 12.079 17.776
136 4 2 13.088 19.228 12.091 17.694
137 4 2 13.100 19.169 12.103 17.635
138 4 2 13.112 19.111 12.115 17.577
139 4 2 13.124 19.052 12.127 17.518
140 4 2 13.136 18.970 12.139 17.436
141 4 2 13.148 18.911 12.151 17.377
142 4 2 13.184 18.829 12.186 17.295
143 4 2 13.173 18.571 12.281 17.107
144 4 2 13.184 18.606 12.246 17.060
145 4 2 13.196 18.536 12.258 16.990
146 4 2 13.208 18.489 12.270 16.943
147 4 2 13.220 18.418 12.282 16.872
148 4 2 13.232 18.348 12.294 16.802
149 4 2 13.268 18.277 12.330 16.732
150 4 2 13.280 18.207 12.342 16.661
151 4 2 13.292 18.160 12.354 16.614
152 4 2 13.304 18.090 12.366 16.544
153 4 2 13.340 18.019 12.401 16.474
154 4 2 13.340 17.961 12.460 16.509
155 4 2 13.351 17.996 12.425 16.462
156 4 2 13.375 17.937 12.449 16.403
157 4 2 13.375 17.878 12.449 16.344
158 4 2 13.399 17.820 12.473 16.286
159 4 2 13.423 17.761 12.496 16.227
160 4 2 13.447 17.679 12.520 16.145
161 4 2 13.447 17.644 12.520 16.110
162 4 2 13.471 17.561 12.544 16.028
163 4 2 13.494 17.503 12.568 15.969
164 4 2 13.518 17.444 12.592 15.910
165 4 2 13.530 17.315 12.698 15.910
166 4 2 13.542 17.350 12.663 15.863
167 4 2 13.566 17.292 12.686 15.805
168 4 2 13.589 17.209 12.710 15.723
169 4 2 13.613 17.174 12.734 15.687
170 4 2 13.637 17.092 12.758 15.605
171 4 2 13.661 17.033 12.782 15.547
172 4 2 13.684 16.975 12.805 15.488
173 4 2 13.708 16.916 12.829 15.429
174 4 2 13.732 16.834 12.853 15.347
175 4 2 13.756 16.775 12.877 15.289
176 4 2 13.779 16.717 12.900 15.230
177 4 2 13.803 16.658 12.924 15.171
178 4 2 13.827 16.576 12.948 15.089
179 4 2 13.851 16.517 12.972 15.031
180 4 2 13.874 16.459 12.995 14.972
181 4 2 13.898 16.400 13.019 14.914
182 4 2 13.922 16.341 13.043 14.855
183 4 2 13.946 16.283 13.067 14.796
184 4 2 13.993 16.201 13.114 14.714
185 4 2 14.017 16.166 13.138 14.679
186 4 2 14.040 16.083 13.162 14.597
187 4 2 14.100 15.861 13.185 14.550
188 4 2 14.112 15.884 13.150 14.503
189 4 2 14.147 15.826 13.186 14.445
190 4 2 14.183 15.767 13.221 14.386
191 4 2 14.195 15.708 13.233 14.328
192 4 2 14.254 15.650 13.292 14.269
193 4 2 14.266 15.591 13.304 14.210
194 4 2 14.301 15.532 13.340 14.152
195 4 2 14.336 15.474 13.375 14.093
196 4 2 14.372 15.415 13.411 14.035
197 4 2 14.407 15.357 13.446 13.976
198 4 2 14.420 15.240 13.588 13.824
199 4 2 14.431 15.275 13.553 13.777
200 4 2 14.455 15.228 13.576 13.730
201 4 2 14.479 15.157 13.600 13.660
202 4 2 14.526 15.111 13.647 13.613
203 4 2 14.573 15.040 13.695 13.543
204 4 2 14.597 14.993 13.718 13.496
205 4 2 14.620 14.923 13.742 13.426
206 4 2 14.668 14.876 13.789 13.379
207 4 2 14.715 14.806 13.837 13.308
208 4 2 14.762 14.759 13.884 13.262
209 4 2 14.809 14.689 13.931 13.191
210 4 2 14.833 14.642 13.955 13.145
211 4 2 14.857 14.595 13.979 13.098
212 4 2 14.927 14.525 14.049 13.027
213 4 2 14.951 14.478 14.073 12.981
214 4 2 14.998 14.431 14.120 12.934
215 4 2 15.045 14.384 14.167 12.887
216 4 2 15.093 14.337 14.215 12.840
217 4 2 15.140 14.290 14.262 12.793
218 4 2 15.187 14.220 14.309 12.723
219 4 2 15.234 14.173 14.356 12.676
220 4 2 15.470 13.845 14.427 12.817
221 4 2 15.494 13.869 14.391 12.782
222 4 2 15.541 13.834 14.438 12.746
223 4 2 15.588 13.775 14.486 12.688
224 4 2 15.635 13.740 14.533 12.653
225 4 2 15.706 13.681 14.604 12.594
226 4 2 15.776 13.646 14.674 12.559
227 4 2 15.800 13.588 14.698 12.501
228 4 2 15.871 13.553 14.769 12.466
229 4 2 15.918 13.518 14.816 12.430
230 4 2 15.988 13.482 14.886 12.395
231 4 2 16.059 13.424 14.957 12.337
232 4 2 16.106 13.412 15.004 12.325
233 4 2 16.153 13.354 15.051 12.267
234 4 2 16.223 13.342 15.122 12.255
235 4 2 16.294 13.283 15.193 12.197
236 4 2 16.341 13.272 15.240 12.185
237 4 2 16.412 13.237 15.310 12.150
238 4 2 16.482 13.201 15.381 12.115
239 4 2 16.529 13.166 15.428 12.080
240 4 2 16.576 13.155 15.475 12.068
241 4 2 16.647 13.120 15.546 12.033
242 4 2 16.964 12.851 15.487 12.068
243 4 2 17.000 12.862 15.440 12.033
244 4 2 17.058 12.839 15.499 12.009
245 4 2 17.117 12.792 15.557 11.963
246 4 2 17.199 12.769 15.640 11.939
247 4 2 17.258 12.769 15.699 11.939
248 4 2 17.340 12.745 15.781 11.916
249 4 2 17.399 12.722 15.840 11.893
250 4 2 17.458 12.698 15.898 11.869
251 4 2 17.516 12.675 15.957 11.846
252 4 2 17.598 12.675 16.039 11.846
253 4 2 17.786 12.687 16.203 11.974
254 4 2 17.821 12.698 16.157 11.939
255 4 2 17.892 12.675 16.227 11.916
256 4 2 17.985 12.675 16.321 11.916
257 4 2 18.056 12.652 16.392 11.892
258 4 2 18.103 12.652 16.439 11.892
259 4 2 18.173 12.628 16.509 11.869
260 4 2 18.267 12.628 16.603 11.869
261 4 2 18.337 12.605 16.673 11.846
262 4 2 18.384 12.581 16.720 11.822
263 4 2 18.454 12.581 16.791 11.822
264 4 2 18.548 12.558 16.885 11.799
265 4 2 18.619 12.558 16.955 11.799
266 4 2 18.665 12.558 17.002 11.799
267 4 2 18.736 12.535 17.073 11.776
268 4 2 18.830 12.535 17.166 11.776
269 4 2 18.900 12.511 17.237 11.752
270 4 2 18.947 12.511 17.284 11.752
271 4 2 19.017 12.488 17.354 11.729
272 4 2 19.111 12.488 17.448 11.729
273 4 2 19.181 12.488 17.518 11.729
274 4 2 19.251 12.464 17.589 11.706
275 4 2 19.345 12.464 17.683 11.706
276 4 2 19.415 12.441 17.753 11.682
277 4 2 19.486 12.441 17.823 11.682
278 4 2 19.579 12.441 17.917 11.682
279 4 2 19.650 12.418 17.988 11.659
280 4 2 19.696 12.418 18.035 11.659
281 4 2 19.790 12.394 18.128 11.636
282 4 2 19.860 12.394 18.199 11.636
283 4 2 19.954 12.371 18.292 11.612
284 4 2 20.024 12.371 18.363 11.612
285 4 2 20.094 12.371 18.433 11.612
286 4 2 20.188 12.347 18.527 11.589
287 4 2 20.258 12.347 18.597 11.589
288 4 2 20.305 12.324 18.644 11.566
289 4 2 20.375 12.324 18.714 11.566
290 4 2 20.469 12.301 18.808 11.542
291 4 2 20.539 12.301 18.878 11.542
292 4 2 20.586 12.301 18.925 11.542
293 4 2 20.680 12.277 19.019 11.519
294 4 2 20.750 12.277 19.089 11.519
295 4 2 20.843 12.277 19.183 11.519
296 4 2 20.914 12.254 19.253 11.496
297 4 2 20.984 12.254 19.324 11.496
298 4 2 21.077 12.254 19.417 11.496
299 4 2 21.147 12.254 19.487 11.496
300 4 2 21.218 12.231 19.558 11.472
301 4 2 21.311 12.231 19.651 11.472
302 4 2 21.381 12.231 19.722 11.472
303 4 2 21.451 12.207 19.792 11.449
304 4 2 21.545 12.207 19.886 11.449
305 4 2 21.615 12.207 19.956 11.449
306 4 2 21.662 12.184 20.003 11.426
307 4 2 21.755 12.184 20.096 11.426
308 4 2 21.825 12.161 20.166 11.403
309 4 2 21.919 12.161 20.260 11.403
310 4 2 21.989 12.161 20.330 11.403
311 4 2 22.059 12.137 20.400 11.379
312 4 2 22.152 12.137 20.494 11.379
313 4 2 22.223 12.114 20.564 11.356
314 4 2 22.293 12.114 20.634 11.356
315 4 2 22.386 12.114 20.728 11.356
316 4 2 22.456 12.091 20.798 11.333
317 4 2 22.526 12.091 20.868 11.333
318 4 2 22.620 12.067 20.962 11.309
319 4 2 22.690 12.067 21.032 11.309
320 4 2 22.760 12.067 21.102 11.309
321 4 2 22.853 12.067 21.196 11.310
322 4 2 22.923 12.067 21.266 11.310
323 4 2 22.993 12.067 21.336 11.310
324 4 2 23.087 12.044 21.429 11.286
325 4 2 23.180 12.044 21.523 11.286
326 4 2 23.250 12.044 21.593 11.286
327 4 2 23.297 12.044 21.640 11.286
328 4 2 23.390 12.044 21.733 11.286
329 4 2 23.460 12.044 21.803 11.286
330 4 2 23.553 12.044 21.897 11.286
331 4 2 23.647 12.044 21.990 11.286
332 4 2 23.717 12.044 22.060 11.286
333 4 2 23.763 12.044 22.107 11.286
334 4 2 23.857 12.044 22.200 11.286
335 4 2 23.927 12.044 22.270 11.286
336 4 2 24.020 12.044 22.364 11.286
337 4 2 24.113 12.020 22.457 11.263
338 4 2 24.183 12.020 22.527 11.263
339 4 2 24.253 12.020 22.597 11.263
340 4 2 24.346 12.020 22.691 11.263
341 4 2 24.440 12.020 22.784 11.263
342 4 2 24.509 12.020 22.854 11.263
343 4 2 24.579 12.020 22.924 11.263
344 4 2 24.673 12.020 23.018 11.263
345 4 2 24.766 12.020 23.111 11.263
346 4 2 24.859 12.020 23.204 11.263
347 4 2 24.929 12.020 23.274 11.263
348 4 2 24.999 12.020 23.344 11.263
349 4 2 25.092 12.020 23.438 11.263
350 4 2 25.185 12.020 23.531 11.264
351 4 2 25.255 12.020 23.601 11.264
352 4 2 25.325 12.020 23.671 11.264
353 4 2 25.418 12.020 23.764 11.264
354 4 2 25.511 12.020 23.857 11.264
355 4 2 25.581 12.020 23.927 11.264
356 4 2 25.651 12.020 23.997 11.264
357 4 2 25.744 12.020 24.091 11.264
358 4 2 25.837 12.020 24.184 11.264
359 4 2 25.907 12.020 24.254 11.264
360 4 2 25.977 12.020 24.324 11.264
361 4 2 26.093 12.020 24.440 11.264
362 4 2 26.140 12.020 24.487 11.264
363 4 2 26.233 12.020 24.580 11.264
364 4 2 26.303 12.020 24.650 11.264
365 4 2 26.419 12.020 24.767 11.264
366 4 2 26.489 12.020 24.836 11.264
367 4 2 26.582 12.020 24.930 11.264
368 4 2 26.675 12.020 25.023 11.264
369 4 2 26.768 12.020 25.116 11.264
370 4 2 26.838 12.020 25.186 11.264
371 4 2 26.908 12.020 25.256 11.264
372 4 2 27.001 12.020 25.349 11.264
373 4 2 27.094 12.020 25.442 11.264
374 4 2 27.187 12.020 25.535 11.264
375 4 2 27.257 12.020 25.605 11.264
376 4 2 27.326 12.020 25.675 11.264
377 4 2 27.419 12.020 25.768 11.264
378 4 2 27.512 12.020 25.861 11.264
379 4 2 27.582 12.020 25.931 11.264
380 4 2 27.652 12.020 26.001 11.264
381 4 2 27.745 12.020 26.094 11.264
382 4 2 27.838 12.020 26.187 11.264
383 4 2 27.908 12.020 26.257 11.264
384 4 2 27.977 12.020 26.327 11.264
385 4 2 28.070 12.020 26.420 11.264
386 4 2 28.140 12.020 26.490 11.264
387 4 2 28.210 12.020 26.559 11.264
388 4 2 28.303 12.020 26.652 11.264
389 4 2 28.395 12.020 26.745 11.264
390 4 2 28.465 12.020 26.815 11.264
391 4 2 28.512 12.020 26.862 11.264
392 4 2 28.604 12.020 26.955 11.264
393 4 2 28.674 11.997 27.025 11.241
394 4 2 28.767 11.997 27.118 11.241
395 4 2 28.860 11.997 27.211 11.241
396 4 2 28.930 11.997 27.280 11.241
397 4 2 28.976 11.997 27.327 11.241
398 4 2 29.069 11.997 27.420 11.241
399 4 2 29.138 11.997 27.490 11.241
400 4 2 29.231 11.974 27.582 11.218
401 4 2 29.301 11.974 27.652 11.218
402 4 2 29.371 11.974 27.722 11.218
403 4 2 29.463 11.974 27.815 11.218
404 4 2 29.533 11.974 27.885 11.218
405 4 2 29.579 11.974 27.931 11.218
406 4 2 29.672 11.950 28.024 11.195
407 4 2 29.742 11.950 28.094 11.195
408 4 2 29.835 11.950 28.187 11.195
409 4 2 29.904 11.950 28.256 11.195
410 4 2 29.951 11.950 28.303 11.195
411 4 2 30.020 11.950 28.372 11.195
412 4 2 30.113 11.927 28.465 11.172
413 4 2 30.183 11.927 28.535 11.172
414 4 2 30.229 11.927 28.581 11.172
415 4 2 30.299 11.927 28.651 11.172
416 4 2 30.391 11.927 28.744 11.172
417 4 2 30.484 11.927 28.837 11.172
418 4 2 30.554 11.904 28.907 11.149
419 4 2 30.600 11.904 28.953 11.149
420 4 2 30.669 11.904 29.023 11.149
421 4 2 30.762 11.904 29.115 11.149
422 4 2 30.832 11.904 29.185 11.149
423 4 2 30.878 11.904 29.231 11.149
424 4 2 30.948 11.904 29.301 11.149
425 4 2 31.040 11.881 29.394 11.126
426 4 2 31.110 11.881 29.463 11.126
