0 0 2 12.133 29.493 11.475 27.729
1 0 2 12.157 29.541 11.474 27.693
2 0 2 12.192 29.409 11.486 27.549
3 0 2 12.205 29.444 11.461 27.490
4 0 2 12.143 29.170 11.425 27.418
5 0 2 12.155 29.205 11.389 27.359
6 0 2 12.095 29.086 11.412 27.322
7 0 2 12.107 29.122 11.388 27.263
8 0 2 12.202 28.917 11.424 27.155
9 0 2 12.214 28.953 11.387 27.095
10 0 2 12.189 28.821 11.435 27.047
11 0 2 12.201 28.857 11.399 26.987
12 0 2 12.141 28.702 11.398 26.855
13 0 2 12.153 28.738 11.362 26.796
14 0 2 12.224 28.533 11.422 26.783
15 0 2 12.236 28.569 11.385 26.724
16 0 2 12.212 28.521 11.493 26.650
17 0 2 12.224 28.557 11.457 26.591
18 0 2 12.223 28.389 11.468 26.507
19 0 2 12.235 28.425 11.432 26.448
20 0 2 12.270 28.161 11.492 26.459
21 0 2 12.282 28.196 11.456 26.399
22 0 2 12.281 27.957 11.516 26.339
23 0 2 12.293 27.993 11.479 26.291
24 0 2 12.292 27.789 11.466 26.064
25 0 2 12.304 27.825 11.430 26.005
26 0 2 12.303 27.621 11.393 25.921
27 0 2 12.315 27.657 11.357 25.862
28 0 2 12.278 27.514 11.429 25.873
29 0 2 12.291 27.549 11.393 25.826
30 0 2 12.170 27.359 11.511 25.549
31 0 2 12.182 27.395 11.487 25.489
32 0 2 12.302 27.346 11.463 25.370
33 0 2 12.314 27.393 11.426 25.310
34 0 2 12.288 27.058 11.498 25.345
35 0 2 12.300 27.094 11.462 25.286
36 0 2 12.227 26.868 11.400 24.964
37 0 2 12.239 26.915 11.364 24.904
38 0 2 12.335 26.758 11.424 24.784
39 0 2 12.347 26.806 11.387 24.724
40 0 2 12.333 26.567 11.519 24.639
41 0 2 12.346 26.614 11.483 24.580
42 0 2 12.331 26.184 11.579 24.566
43 0 2 12.344 26.219 11.542 24.519
44 0 2 12.380 26.207 11.505 24.244
45 0 2 12.392 26.255 11.469 24.185
46 0 2 12.401 25.788 11.564 24.136
47 0 2 12.414 25.823 11.528 24.077
48 0 2 12.437 25.632 11.527 23.897
49 0 2 12.449 25.667 11.491 23.838
50 0 2 12.424 25.536 11.575 23.801
51 0 2 12.436 25.572 11.538 23.742
52 0 2 12.387 25.405 11.597 23.478
53 0 2 12.400 25.453 11.561 23.418
54 0 2 12.458 25.141 11.620 23.274
55 0 2 12.470 25.177 11.584 23.215
56 0 2 12.433 24.938 11.631 23.059
57 0 2 12.445 24.973 11.595 23.000
58 0 2 12.708 24.791 11.653 22.748
59 0 2 12.732 24.838 11.617 22.688
60 0 2 12.335 24.520 11.689 22.771
61 0 2 12.347 24.556 11.665 22.712
62 0 2 12.346 24.460 11.665 22.616
63 0 2 12.346 24.341 11.664 22.497
64 0 2 12.309 24.234 11.591 22.282
65 0 2 12.321 24.281 11.555 22.223
66 0 2 12.321 24.174 11.554 22.116
67 0 2 12.320 24.090 11.554 22.032
68 0 2 12.320 23.959 11.553 21.901
69 0 2 12.343 23.851 11.576 21.793
70 0 2 12.318 23.743 11.552 21.686
71 0 2 12.342 23.636 11.575 21.578
72 0 2 12.317 23.504 11.551 21.447
73 0 2 12.341 23.397 11.574 21.339
74 0 2 12.340 23.265 11.573 21.208
75 0 2 12.339 23.157 11.573 21.100
76 0 2 12.339 23.050 11.572 20.993
77 0 2 12.338 22.942 11.572 20.885
78 0 2 12.338 22.811 11.571 20.754
79 0 2 12.361 22.703 11.594 20.646
80 0 2 12.384 22.595 11.618 20.538
81 0 2 12.360 22.488 11.593 20.431
82 0 2 12.585 22.031 11.641 20.335
83 0 2 12.597 22.067 11.605 20.276
84 0 2 12.561 21.912 11.747 19.988
85 0 2 12.573 21.960 11.711 19.929
86 0 2 12.668 21.804 11.674 19.798
87 0 2 12.692 21.851 11.638 19.739
88 0 2 12.475 21.603 11.589 19.572
89 0 2 12.487 21.651 11.553 19.513
90 0 2 12.497 21.185 11.828 19.438
91 0 2 12.509 21.220 11.804 19.379
92 0 2 12.603 20.897 11.791 19.212
93 0 2 12.615 20.933 11.755 19.153
94 0 2 12.710 20.741 11.645 18.832
95 0 2 12.734 20.788 11.609 18.773
96 0 2 12.721 20.550 11.595 18.451
97 0 2 12.745 20.597 11.559 18.392
98 0 2 12.803 20.286 11.619 18.391
99 0 2 12.828 20.334 11.583 18.332
100 0 2 12.706 20.037 11.738 18.318
101 0 2 12.730 20.072 11.702 18.259
102 0 2 12.704 19.679 11.749 18.008
103 0 2 12.716 19.715 11.701 17.949
104 0 2 12.727 19.524 11.748 17.841
105 0 2 12.752 19.559 11.712 17.782
106 0 2 12.773 19.166 11.890 17.530
107 0 2 12.786 19.201 11.854 17.483
108 0 2 12.856 19.022 11.866 17.459
109 0 2 12.881 19.057 11.830 17.411
110 0 2 12.915 18.771 11.936 17.077
111 0 2 12.939 18.806 11.899 17.017
112 0 2 13.034 18.734 12.138 16.825
113 0 2 13.047 18.781 12.102 16.765
114 0 2 13.116 18.328 12.221 16.657
115 0 2 13.128 18.363 12.185 16.598
116 0 2 13.151 18.113 12.243 16.323
117 0 2 13.163 18.148 12.207 16.264
118 0 2 13.221 17.909 12.230 16.038
119 0 2 13.246 17.945 12.193 15.979
120 0 2 13.519 17.704 12.229 15.859
121 0 2 13.544 17.739 12.180 15.800
122 0 2 13.434 17.419 12.408 15.762
123 0 2 13.458 17.455 12.371 15.703
124 0 2 13.635 17.060 12.527 15.630
125 0 2 13.660 17.095 12.491 15.583
126 0 2 13.598 16.834 12.561 15.392
127 0 2 13.622 16.869 12.525 15.345
128 0 2 13.765 16.690 12.715 15.057
129 0 2 13.789 16.725 12.679 15.010
130 0 2 13.775 16.344 12.786 14.985
131 0 2 13.799 16.368 12.750 14.938
132 0 2 13.893 16.046 12.905 14.711
133 0 2 13.917 16.069 12.868 14.663
134 0 2 13.928 15.998 13.047 14.507
135 0 2 13.941 16.033 13.011 14.460
136 0 2 14.046 15.711 13.201 14.268
137 0 2 14.058 15.747 13.165 14.221
138 0 2 14.153 15.544 13.284 14.042
139 0 2 14.165 15.579 13.247 13.994
140 0 2 14.223 15.317 13.342 13.720
141 0 2 14.235 15.353 13.305 13.673
142 0 2 14.437 15.161 13.436 13.517
143 0 2 14.462 15.196 13.400 13.458
144 0 2 14.543 14.886 13.518 13.291
145 0 2 14.567 14.922 13.482 13.244
146 0 2 14.661 14.660 13.553 13.041
147 0 2 14.686 14.695 13.517 12.994
148 0 2 14.719 14.374 13.660 12.969
149 0 2 14.743 14.397 13.624 12.910
150 0 2 15.209 14.381 13.610 12.589
151 0 2 15.245 14.417 13.562 12.530
152 0 2 15.158 13.919 13.992 12.503
153 0 2 15.183 13.954 13.956 12.456
154 0 2 15.348 13.739 14.146 12.229
155 0 2 15.372 13.774 14.097 12.182
156 0 2 15.586 13.571 14.217 12.145
157 0 2 15.610 13.606 14.169 12.098
158 0 2 15.667 13.250 14.371 12.025
159 0 2 15.691 13.273 14.323 11.978
160 0 2 15.988 13.081 14.561 11.882
161 0 2 16.012 13.104 14.501 11.835
162 0 2 16.226 12.901 14.859 11.808
163 0 2 16.250 12.924 14.811 11.773
164 0 2 16.356 12.781 14.942 11.630
165 0 2 16.380 12.805 14.894 11.594
166 0 2 16.653 12.625 15.156 11.533
167 0 2 16.689 12.648 15.108 11.498
168 0 2 16.855 12.504 15.275 11.473
169 0 2 16.891 12.528 15.227 11.438
170 0 2 16.984 12.302 15.692 11.446
171 0 2 17.008 12.314 15.644 11.411
172 0 2 17.115 12.265 15.751 11.363
173 0 2 17.222 12.217 15.858 11.314
174 0 2 17.329 12.169 15.965 11.266
175 0 2 17.436 12.121 16.072 11.218
176 0 2 17.566 12.072 16.203 11.170
177 0 2 17.673 12.024 16.310 11.122
178 0 2 17.804 11.999 16.441 11.097
179 0 2 17.911 11.951 16.547 11.049
180 0 2 18.363 11.924 16.511 10.954
181 0 2 18.398 11.947 16.451 10.919
182 0 2 18.517 11.923 16.570 10.894
183 0 2 18.636 11.898 16.689 10.870
184 0 2 18.755 11.850 16.808 10.822
185 0 2 18.873 11.825 16.927 10.797
186 0 2 18.992 11.801 17.046 10.773
187 0 2 19.111 11.776 17.165 10.748
188 0 2 19.229 11.751 17.284 10.724
189 0 2 19.348 11.727 17.402 10.699
190 0 2 19.467 11.726 17.521 10.698
191 0 2 19.586 11.701 17.640 10.674
192 0 2 19.704 11.677 17.759 10.649
193 0 2 19.823 11.676 17.878 10.648
194 0 2 19.942 11.651 17.997 10.624
195 0 2 20.060 11.651 18.116 10.623
196 0 2 20.203 11.626 18.258 10.598
197 0 2 20.321 11.625 18.377 10.597
198 0 2 20.440 11.600 18.496 10.573
199 0 2 20.559 11.599 18.615 10.572
200 0 2 20.677 11.599 18.734 10.571
201 0 2 20.820 11.597 18.876 10.570
202 0 2 20.938 11.573 18.995 10.546
203 0 2 21.057 11.572 19.114 10.545
204 0 2 21.176 11.571 19.233 10.544
205 0 2 21.294 11.570 19.351 10.543
206 0 2 21.413 11.569 19.470 10.542
207 0 2 21.531 11.569 19.589 10.542
208 0 2 21.674 11.567 19.732 10.541
209 0 2 21.792 11.567 19.850 10.540
210 0 2 21.933 11.412 20.184 10.774
211 0 2 21.969 11.423 20.125 10.751
212 0 2 22.088 11.422 20.244 10.750
213 0 2 22.230 11.421 20.386 10.749
214 0 2 22.348 11.421 20.505 10.748
215 0 2 22.467 11.420 20.623 10.747
216 0 2 22.585 11.419 20.742 10.746
217 0 2 22.704 11.442 20.861 10.769
218 0 2 22.846 11.417 21.003 10.745
219 0 2 22.965 11.440 21.122 10.767
220 0 2 23.059 11.415 21.217 10.743
221 0 2 23.178 11.438 21.335 10.766
222 0 2 23.320 11.437 21.478 10.765
223 0 2 23.462 11.436 21.620 10.764
224 0 2 23.580 11.435 21.739 10.763
225 0 2 23.675 11.434 21.833 10.762
226 0 2 23.793 11.433 21.952 10.761
227 0 2 23.936 11.456 22.094 10.784
228 0 2 24.054 11.479 22.213 10.807
229 0 2 24.173 11.478 22.332 10.806
230 0 2 24.314 11.477 22.474 10.805
231 0 2 24.433 11.500 22.592 10.828
232 0 2 24.528 11.522 22.687 10.851
233 0 2 24.646 11.522 22.806 10.850
234 0 2 24.788 11.521 22.948 10.849
235 0 2 24.906 11.543 23.067 10.872
236 0 2 25.001 11.566 23.161 10.895
237 0 2 25.119 11.565 23.280 10.894
238 0 2 25.261 11.564 23.422 10.893
239 0 2 25.380 11.587 23.541 10.915
240 0 2 25.522 11.669 23.730 10.914
241 0 2 25.558 11.680 23.670 10.879
242 0 2 25.676 11.703 23.789 10.902
243 0 2 25.794 11.702 23.907 10.901
244 0 2 25.913 11.725 24.026 10.924
245 0 2 26.007 11.748 24.121 10.947
246 0 2 26.126 11.747 24.239 10.946
247 0 2 26.244 11.769 24.357 10.969
248 0 2 26.362 11.792 24.476 10.991
249 0 2 26.481 11.815 24.594 11.014
250 0 2 26.575 11.838 24.689 11.037
251 0 2 26.693 11.837 24.807 11.036
252 0 2 26.812 11.859 24.926 11.059
253 0 2 26.906 11.882 25.021 11.082
254 0 2 27.024 11.905 25.139 11.105
255 0 2 27.143 11.928 25.257 11.127
256 0 2 27.237 11.951 25.352 11.150
257 0 2 27.356 11.973 25.471 11.173
258 0 2 27.450 11.996 25.565 11.196
259 0 2 27.568 12.019 25.684 11.219
260 0 2 27.686 12.018 25.802 11.218
261 0 2 27.781 12.041 25.897 11.241
262 0 2 27.899 12.064 26.015 11.264
263 0 2 27.994 12.086 26.110 11.286
264 0 2 28.112 12.109 26.228 11.309
265 0 2 28.206 12.132 26.323 11.332
266 0 2 28.325 12.155 26.441 11.355
267 0 2 28.419 12.177 26.536 11.378
268 0 2 28.537 12.200 26.654 11.400
269 0 2 28.632 12.223 26.749 11.423
270 0 2 28.834 12.457 26.949 11.363
271 0 2 28.870 12.481 26.877 11.328
272 0 2 28.964 12.492 26.972 11.339
273 0 2 29.083 12.526 27.090 11.374
274 0 2 29.177 12.537 27.185 11.385
275 0 2 29.295 12.572 27.303 11.419
276 0 2 29.390 12.583 27.398 11.430
277 0 2 29.484 12.617 27.492 11.465
278 0 2 29.602 12.628 27.610 11.476
279 0 2 29.697 12.663 27.705 11.511
280 0 2 29.814 12.674 27.823 11.521
281 0 2 29.909 12.708 27.918 11.556
282 0 2 30.027 12.719 28.036 11.567
283 0 2 30.121 12.730 28.130 11.578
284 0 2 30.215 12.741 28.225 11.589
285 0 2 30.334 12.776 28.343 11.624
286 0 2 30.428 12.787 28.437 11.635
287 0 2 30.522 12.821 28.532 11.669
288 0 2 30.640 12.832 28.650 11.680
289 0 2 30.734 12.843 28.744 11.691
290 0 2 30.852 12.854 28.862 11.702
291 0 2 30.946 12.865 28.957 11.713
292 0 2 31.041 12.876 29.051 11.725
293 0 2 31.135 12.910 29.146 11.759
294 0 2 31.253 12.898 29.263 11.746
295 0 2 31.347 12.932 29.358 11.781
296 0 2 31.441 12.920 29.452 11.769
297 0 2 31.559 12.954 29.570 11.803
298 0 2 31.653 12.942 29.664 11.791
299 0 2 31.747 12.976 29.759 11.825
300 0 2 31.781 12.823 29.997 12.106
301 0 2 31.816 12.834 29.938 12.071
302 0 2 31.911 12.845 30.032 12.082
303 0 2 32.005 12.833 30.126 12.070
304 0 2 32.122 12.867 30.244 12.104
305 0 2 32.216 12.855 30.338 12.092
306 0 2 32.310 12.866 30.433 12.103
307 0 2 32.404 12.853 30.527 12.090
308 0 2 32.522 12.864 30.644 12.101
309 0 2 32.616 12.875 30.739 12.112
310 0 2 32.710 12.886 30.833 12.123
311 0 2 32.804 12.873 30.927 12.111
312 0 2 32.898 12.884 31.021 12.122
313 0 2 32.992 12.872 31.115 12.109
314 0 2 33.086 12.883 31.209 12.120
315 0 2 33.180 12.870 31.303 12.108
316 0 2 33.274 12.881 31.397 12.119
317 0 2 33.368 12.869 31.491 12.106
318 0 2 33.438 12.856 31.562 12.094
319 0 2 33.532 12.844 31.656 12.082
320 0 2 33.626 12.855 31.750 12.093
321 0 2 33.719 12.842 31.844 12.080
322 0 2 33.790 12.830 31.914 12.068
323 0 2 33.883 12.818 32.008 12.055
324 0 2 33.977 12.805 32.102 12.043
325 0 2 34.047 12.793 32.172 12.031
326 0 2 34.141 12.780 32.266 12.018
327 0 2 34.235 12.768 32.360 12.006
328 0 2 34.305 12.755 32.430 11.993
329 0 2 34.399 12.719 32.524 11.957
330 0 2 34.600 12.871 32.699 11.850
331 0 2 34.647 12.894 32.640 11.815
332 0 2 34.717 12.881 32.710 11.803
333 0 2 34.834 12.869 32.827 11.790
334 0 2 34.881 12.833 32.874 11.754
335 0 2 34.974 12.797 32.968 11.718
336 0 2 35.044 12.761 33.038 11.683
337 0 2 35.161 12.748 33.155 11.670
338 0 2 35.207 12.713 33.201 11.634
339 0 2 35.301 12.677 33.295 11.598
340 0 2 35.371 12.641 33.365 11.562
341 0 2 35.464 12.605 33.458 11.526
342 0 2 35.534 12.569 33.528 11.491
343 0 2 35.580 12.533 33.575 11.455
344 0 2 35.650 12.474 33.645 11.396
345 0 2 35.743 12.438 33.738 11.360
346 0 2 35.813 12.402 33.808 11.324
347 0 2 35.860 12.367 33.855 11.288
348 0 2 35.929 12.307 33.924 11.229
349 0 2 35.999 12.271 33.994 11.193
350 0 2 36.045 12.212 34.041 11.134
351 0 2 36.115 12.176 34.111 11.098
352 0 2 36.185 12.117 34.180 11.039
353 0 2 36.231 12.082 34.227 11.003
354 0 2 36.277 12.022 34.273 10.944
355 0 2 36.323 11.963 34.319 10.885
356 0 2 36.369 11.904 34.365 10.826
357 0 2 36.439 11.845 34.435 10.767
358 0 2 36.508 11.786 34.505 10.707
359 0 2 36.531 11.727 34.528 10.648
360 0 2 36.475 11.927 34.862 10.164
361 0 2 36.510 11.962 34.814 10.106
362 0 2 36.545 11.915 34.849 10.059
363 0 2 36.603 11.844 34.907 9.988
364 0 2 36.614 11.797 34.918 9.941
365 0 2 36.648 11.726 34.952 9.870
366 0 2 36.682 11.655 34.987 9.799
367 0 2 36.717 11.608 35.021 9.752
368 0 2 36.728 11.537 35.032 9.682
369 0 2 36.762 11.466 35.066 9.611
370 0 2 36.773 11.396 35.077 9.540
371 0 2 36.807 11.349 35.112 9.493
372 0 2 36.818 11.278 35.123 9.423
373 0 2 36.853 11.207 35.157 9.352
374 0 2 36.863 11.137 35.168 9.281
375 0 2 36.898 11.066 35.202 9.211
376 0 2 36.908 10.996 35.213 9.140
377 0 2 36.919 10.925 35.224 9.070
378 0 2 36.930 10.878 35.235 9.023
379 0 2 36.941 10.807 35.246 8.952
380 0 2 36.952 10.760 35.257 8.905
381 0 2 36.963 10.690 35.268 8.835
0 2 2 9.425 29.535 8.634 27.675
31 2 2 9.450 29.583 8.622 27.639
32 2 2 9.557 29.437 8.489 27.701
33 2 2 9.582 29.473 8.453 27.641
34 2 2 9.617 29.364 8.537 27.628
35 2 2 9.642 29.400 8.501 27.569
36 2 2 9.616 29.136 8.537 27.640
37 2 2 9.641 29.172 8.501 27.593
38 2 2 9.616 29.076 8.476 27.389
39 2 2 9.640 29.112 8.440 27.329
40 2 2 9.688 28.919 8.608 27.279
41 2 2 9.712 28.955 8.572 27.232
42 2 2 9.627 28.740 8.620 27.255
43 2 2 9.651 28.776 8.584 27.207
44 2 2 9.578 28.741 8.511 27.113
45 2 2 9.603 28.776 8.475 27.065
46 2 2 9.615 28.764 8.569 26.608
47 2 2 9.639 28.812 8.533 26.536
48 2 2 9.603 28.788 8.473 26.705
49 2 2 9.627 28.836 8.437 26.646
50 2 2 9.566 28.597 8.461 26.621
51 2 2 9.590 28.644 8.424 26.562
52 2 2 9.553 28.441 8.448 26.430
53 2 2 9.577 28.489 8.411 26.370
54 2 2 9.528 28.201 8.447 26.346
55 2 2 9.552 28.237 8.411 26.286
56 2 2 9.397 28.563 8.507 26.249
57 2 2 9.409 28.611 8.471 26.178
58 2 2 9.409 28.551 8.471 26.118
59 2 2 9.409 28.491 8.470 26.058
60 2 2 9.345 27.844 8.687 25.971
61 2 2 9.358 27.880 8.662 25.911
62 2 2 9.466 27.842 8.566 25.877
63 2 2 9.478 27.890 8.530 25.817
64 2 2 9.441 27.603 8.482 25.890
65 2 2 9.453 27.639 8.433 25.830
66 2 2 9.476 27.327 8.601 25.600
67 2 2 9.488 27.362 8.564 25.541
68 2 2 9.499 27.254 8.625 25.552
69 2 2 9.512 27.290 8.588 25.493
70 2 2 9.561 27.613 8.648 25.312
71 2 2 9.573 27.661 8.611 25.241
72 2 2 9.573 27.589 8.611 25.169
73 2 2 9.597 27.541 8.635 25.120
74 2 2 9.621 27.444 8.659 25.024
75 2 2 9.620 27.372 8.658 24.952
76 2 2 9.620 27.276 8.658 24.857
77 2 2 9.644 27.204 8.682 24.784
78 2 2 9.616 26.449 8.586 24.929
79 2 2 9.640 26.485 8.550 24.882
80 2 2 9.618 26.785 8.644 24.485
81 2 2 9.642 26.833 8.608 24.414
82 2 2 9.639 26.209 8.513 24.703
83 2 2 9.663 26.245 8.476 24.655
84 2 2 9.638 25.898 8.452 24.512
85 2 2 9.662 25.921 8.415 24.464
86 2 2 9.637 25.790 8.763 24.220
87 2 2 9.649 25.826 8.727 24.173
88 2 2 9.713 26.688 8.605 23.707
89 2 2 9.738 26.759 8.568 23.624
90 2 2 9.672 25.598 8.749 23.670
91 2 2 9.685 25.645 8.713 23.610
92 2 2 9.696 25.561 8.724 23.526
93 2 2 9.708 25.501 8.736 23.466
94 2 2 9.779 25.321 8.724 23.431
95 2 2 9.804 25.356 8.687 23.359
96 2 2 9.802 25.093 8.903 23.177
97 2 2 9.815 25.141 8.867 23.117
98 2 2 9.922 25.007 8.902 22.902
99 2 2 9.946 25.055 8.866 22.842
100 2 2 9.849 24.889 8.782 22.891
101 2 2 9.874 24.936 8.745 22.832
102 2 2 9.885 24.852 8.757 22.748
103 2 2 9.897 24.768 8.769 22.664
104 2 2 9.909 24.660 8.780 22.556
105 2 2 9.920 24.576 8.792 22.472
106 2 2 9.834 24.146 9.069 22.588
107 2 2 9.846 24.182 9.033 22.541
108 2 2 9.966 24.061 9.055 22.122
109 2 2 9.978 24.109 9.019 22.063
110 2 2 9.906 24.050 9.018 21.991
111 2 2 9.918 24.097 8.982 21.932
112 2 2 10.072 23.724 9.054 21.907
113 2 2 10.097 23.760 9.018 21.847
114 2 2 9.927 23.439 8.945 21.753
115 2 2 9.951 23.475 8.909 21.693
116 2 2 9.986 23.295 9.088 21.488
117 2 2 9.998 23.331 9.052 21.428
118 2 2 10.045 23.079 9.124 21.475
119 2 2 10.058 23.114 9.088 21.428
120 2 2 10.189 22.969 9.062 21.022
121 2 2 10.213 23.017 9.026 20.963
122 2 2 10.261 22.837 9.014 20.927
123 2 2 10.285 22.884 8.965 20.868
124 2 2 10.079 22.468 9.086 20.878
125 2 2 10.103 22.504 9.049 20.831
126 2 2 10.186 22.264 9.133 20.746
127 2 2 10.210 22.299 9.097 20.699
128 2 2 10.245 22.084 9.312 20.421
129 2 2 10.257 22.119 9.276 20.362
130 2 2 10.232 21.964 9.263 20.219
131 2 2 10.257 22.000 9.227 20.160
132 2 2 10.303 21.748 9.334 20.087
133 2 2 10.328 21.784 9.298 20.027
134 2 2 10.410 21.496 9.370 19.943
135 2 2 10.435 21.532 9.334 19.896
136 2 2 10.398 21.389 9.441 19.703
137 2 2 10.410 21.424 9.393 19.644
138 2 2 10.590 21.351 9.487 19.356
139 2 2 10.614 21.398 9.451 19.297
140 2 2 10.529 21.124 9.534 19.069
141 2 2 10.553 21.172 9.498 19.010
142 2 2 10.600 20.885 9.593 18.890
143 2 2 10.624 20.932 9.557 18.830
144 2 2 10.635 20.765 9.666 18.913
145 2 2 10.659 20.800 9.629 18.853
146 2 2 10.657 20.430 9.737 18.733
147 2 2 10.670 20.466 9.700 18.674
148 2 2 10.728 20.250 9.748 18.530
149 2 2 10.753 20.286 9.712 18.471
150 2 2 10.753 20.250 9.771 18.351
151 2 2 10.777 20.297 9.735 18.291
152 2 2 10.908 20.164 9.818 18.147
153 2 2 10.932 20.212 9.782 18.088
154 2 2 10.991 19.984 9.721 17.922
155 2 2 11.015 20.032 9.673 17.862
156 2 2 10.942 19.687 9.913 17.932
157 2 2 10.966 19.722 9.877 17.872
158 2 2 10.905 19.484 9.936 17.729
159 2 2 10.929 19.520 9.900 17.669
160 2 2 10.879 19.150 9.875 17.526
161 2 2 10.903 19.186 9.839 17.479
162 2 2 10.914 18.995 9.946 17.323
163 2 2 10.939 19.030 9.910 17.264
164 2 2 10.985 18.732 9.946 17.228
165 2 2 11.009 18.767 9.910 17.180
166 2 2 10.996 18.612 10.028 16.941
167 2 2 11.021 18.648 9.992 16.881
168 2 2 11.152 18.479 10.137 16.963
169 2 2 11.176 18.515 10.100 16.916
170 2 2 11.235 18.359 10.268 16.747
171 2 2 11.259 18.395 10.231 16.700
172 2 2 11.318 18.168 10.350 16.496
173 2 2 11.342 18.203 10.314 16.437
174 2 2 11.293 17.953 10.445 16.233
175 2 2 11.305 17.989 10.409 16.174
176 2 2 11.412 17.833 10.528 16.018
177 2 2 11.424 17.868 10.492 15.959
178 2 2 11.519 17.629 10.528 15.994
179 2 2 11.543 17.664 10.492 15.947
180 2 2 11.770 17.531 10.502 15.601
181 2 2 11.794 17.579 10.454 15.542
182 2 2 11.697 17.329 10.706 15.599
183 2 2 11.721 17.365 10.669 15.540
184 2 2 11.851 17.018 10.753 15.444
185 2 2 11.876 17.053 10.717 15.397
186 2 2 11.875 16.899 10.776 15.337
187 2 2 11.899 16.934 10.740 15.289
188 2 2 11.934 16.731 10.835 15.122
189 2 2 11.958 16.767 10.799 15.075
190 2 2 11.969 16.528 10.859 15.015
191 2 2 11.993 16.564 10.822 14.967
192 2 2 12.100 16.372 11.098 14.870
193 2 2 12.124 16.408 11.061 14.822
194 2 2 12.267 16.252 11.288 14.666
195 2 2 12.291 16.287 11.252 14.618
196 2 2 12.386 16.215 11.276 14.511
197 2 2 12.410 16.250 11.239 14.452
198 2 2 12.504 15.928 11.395 14.462
199 2 2 12.529 15.963 11.359 14.415
200 2 2 12.694 15.664 11.549 14.104
201 2 2 12.719 15.700 11.513 14.057
202 2 2 12.801 15.425 11.585 14.032
203 2 2 12.825 15.449 11.536 13.985
204 2 2 12.800 15.247 11.656 13.948
205 2 2 12.824 15.271 11.620 13.901
206 2 2 12.990 15.091 11.715 13.746
207 2 2 13.015 15.114 11.667 13.699
208 2 2 13.145 15.006 11.810 13.685
209 2 2 13.170 15.029 11.762 13.638
210 2 2 13.588 15.038 11.892 13.269
211 2 2 13.624 15.073 11.832 13.210
212 2 2 13.610 14.621 12.299 13.384
213 2 2 13.634 14.645 12.251 13.337
214 2 2 13.693 14.478 12.359 13.289
215 2 2 13.717 14.501 12.310 13.241
216 2 2 13.692 14.442 12.406 13.217
217 2 2 13.716 14.466 12.358 13.170
218 2 2 13.775 14.263 12.537 13.049
219 2 2 13.799 14.287 12.489 13.002
220 2 2 13.929 14.072 12.752 12.964
221 2 2 13.953 14.095 12.715 12.929
222 2 2 14.072 14.023 12.679 12.906
223 2 2 14.096 14.047 12.631 12.870
224 2 2 14.359 13.985 12.882 12.726
225 2 2 14.395 14.008 12.834 12.679
226 2 2 14.525 13.782 13.168 12.593
227 2 2 14.549 13.805 13.120 12.546
228 2 2 14.620 13.757 13.191 12.498
229 2 2 14.715 13.709 13.287 12.449
230 2 2 14.893 13.398 13.561 12.388
231 2 2 14.917 13.422 13.513 12.353
232 2 2 14.964 13.398 13.633 12.340
233 2 2 14.988 13.421 13.585 12.305
234 2 2 15.060 13.385 13.656 12.268
235 2 2 15.155 13.349 13.751 12.232
236 2 2 15.226 13.289 13.823 12.172
237 2 2 15.321 13.252 13.918 12.136
238 2 2 15.417 13.192 14.013 12.076
239 2 2 15.488 13.156 14.085 12.040
240 2 2 16.048 13.021 14.119 11.861
241 2 2 16.095 13.044 14.060 11.814
242 2 2 16.167 13.020 14.131 11.790
243 2 2 16.262 12.995 14.226 11.765
244 2 2 16.357 12.947 14.322 11.717
245 2 2 16.452 12.899 14.417 11.669
246 2 2 16.547 12.875 14.512 11.645
247 2 2 16.619 12.850 14.584 11.620
248 2 2 16.582 12.673 14.955 11.867
249 2 2 16.618 12.684 14.907 11.832
250 2 2 16.701 12.660 14.990 11.807
251 2 2 16.784 12.659 15.074 11.807
252 2 2 16.891 12.635 15.181 11.782
253 2 2 16.975 12.610 15.265 11.758
254 2 2 17.082 12.609 15.372 11.757
255 2 2 17.165 12.585 15.455 11.733
256 2 2 17.272 12.560 15.562 11.708
257 2 2 17.355 12.560 15.646 11.707
258 2 2 17.462 12.535 15.753 11.683
259 2 2 17.546 12.511 15.836 11.658
260 2 2 17.653 12.510 15.944 11.658
261 2 2 17.736 12.486 16.027 11.633
262 2 2 17.843 12.461 16.134 11.609
263 2 2 17.926 12.460 16.217 11.608
264 2 2 18.033 12.436 16.324 11.584
265 2 2 18.116 12.412 16.408 11.559
266 2 2 18.223 12.411 16.515 11.559
267 2 2 18.307 12.410 16.598 11.558
268 2 2 18.414 12.409 16.706 11.557
269 2 2 18.497 12.409 16.789 11.557
270 2 2 18.781 12.169 17.015 11.519
271 2 2 18.816 12.181 16.955 11.496
272 2 2 18.900 12.168 17.039 11.484
273 2 2 19.007 12.180 17.146 11.495
274 2 2 19.090 12.167 17.229 11.482
275 2 2 19.197 12.178 17.336 11.493
276 2 2 19.280 12.166 17.420 11.481
277 2 2 19.387 12.153 17.527 11.468
278 2 2 19.470 12.140 17.610 11.456
279 2 2 19.577 12.151 17.717 11.467
280 2 2 19.660 12.139 17.800 11.454
281 2 2 19.767 12.150 17.907 11.465
282 2 2 19.850 12.137 17.991 11.453
283 2 2 19.957 12.148 18.098 11.464
284 2 2 20.064 12.136 18.205 11.451
285 2 2 20.171 12.123 18.312 11.439
286 2 2 20.254 12.134 18.395 11.450
287 2 2 20.361 12.122 18.502 11.437
288 2 2 20.444 12.109 18.585 11.425
289 2 2 20.551 12.120 18.692 11.436
290 2 2 20.634 12.108 18.775 11.423
291 2 2 20.741 12.119 18.882 11.434
292 2 2 20.824 12.106 18.966 11.422
293 2 2 20.930 12.094 19.072 11.409
294 2 2 21.013 12.081 19.156 11.397
295 2 2 21.120 12.092 19.263 11.408
296 2 2 21.203 12.080 19.346 11.395
297 2 2 21.310 12.091 19.453 11.406
298 2 2 21.393 12.078 19.536 11.394
299 2 2 21.500 12.066 19.643 11.381
300 2 2 21.667 12.183 19.833 11.427
301 2 2 21.702 12.194 19.773 11.392
302 2 2 21.785 12.194 19.857 11.392
303 2 2 21.892 12.193 19.963 11.391
304 2 2 21.975 12.192 20.047 11.390
305 2 2 22.082 12.191 20.153 11.389
306 2 2 22.165 12.191 20.237 11.389
307 2 2 22.272 12.190 20.343 11.388
308 2 2 22.355 12.189 20.426 11.387
309 2 2 22.461 12.188 20.533 11.387
310 2 2 22.544 12.188 20.616 11.386
311 2 2 22.651 12.187 20.723 11.385
312 2 2 22.734 12.186 20.806 11.385
313 2 2 22.840 12.185 20.913 11.384
314 2 2 22.924 12.208 20.996 11.407
315 2 2 23.030 12.231 21.103 11.430
316 2 2 23.113 12.231 21.186 11.429
317 2 2 23.220 12.230 21.293 11.428
318 2 2 23.303 12.229 21.376 11.428
319 2 2 23.409 12.228 21.483 11.427
320 2 2 23.492 12.228 21.566 11.426
321 2 2 23.599 12.227 21.673 11.426
322 2 2 23.658 12.226 21.732 11.425
323 2 2 23.765 12.225 21.839 11.424
324 2 2 23.847 12.225 21.922 11.424
325 2 2 23.954 12.224 22.028 11.423
326 2 2 24.037 12.223 22.111 11.422
327 2 2 24.143 12.222 22.218 11.421
328 2 2 24.226 12.198 22.301 11.397
329 2 2 24.333 12.221 22.408 11.420
330 2 2 24.415 12.138 22.598 11.478
331 2 2 24.450 12.149 22.538 11.455
332 2 2 24.545 12.148 22.633 11.454
333 2 2 24.640 12.148 22.728 11.453
334 2 2 24.734 12.147 22.823 11.452
335 2 2 24.805 12.146 22.894 11.452
336 2 2 24.924 12.169 23.012 11.475
337 2 2 24.994 12.145 23.083 11.451
338 2 2 25.113 12.168 23.202 11.473
339 2 2 25.184 12.167 23.273 11.473
340 2 2 25.302 12.166 23.391 11.472
341 2 2 25.373 12.166 23.462 11.471
342 2 2 25.491 12.188 23.581 11.494
343 2 2 25.563 12.211 23.652 11.517
344 2 2 25.657 12.211 23.747 11.517
345 2 2 25.752 12.210 23.841 11.516
346 2 2 25.846 12.209 23.936 11.515
347 2 2 25.941 12.209 24.031 11.514
348 2 2 26.035 12.208 24.125 11.514
349 2 2 26.130 12.207 24.220 11.513
350 2 2 26.224 12.206 24.315 11.512
351 2 2 26.295 12.206 24.386 11.512
352 2 2 26.366 12.205 24.457 11.511
353 2 2 26.484 12.204 24.575 11.510
354 2 2 26.555 12.204 24.646 11.510
355 2 2 26.649 12.203 24.741 11.509
356 2 2 26.744 12.202 24.835 11.508
357 2 2 26.838 12.202 24.930 11.508
358 2 2 26.933 12.201 25.024 11.507
359 2 2 27.004 12.200 25.095 11.506
360 2 2 27.110 12.211 25.296 11.517
361 2 2 27.145 12.223 25.237 11.482
362 2 2 27.240 12.210 25.331 11.469
363 2 2 27.310 12.198 25.402 11.457
364 2 2 27.429 12.209 25.521 11.468
365 2 2 27.499 12.196 25.591 11.456
366 2 2 27.594 12.207 25.686 11.467
367 2 2 27.688 12.195 25.780 11.454
368 2 2 27.783 12.206 25.875 11.465
369 2 2 27.877 12.193 25.969 11.453
370 2 2 27.971 12.205 26.064 11.464
371 2 2 28.066 12.192 26.158 11.451
372 2 2 28.160 12.203 26.253 11.462
373 2 2 28.254 12.191 26.347 11.450
374 2 2 28.325 12.202 26.418 11.461
375 2 2 28.396 12.213 26.489 11.472
376 2 2 28.490 12.224 26.584 11.484
377 2 2 28.585 12.212 26.678 11.471
378 2 2 28.679 12.223 26.773 11.482
379 2 2 28.750 12.210 26.843 11.470
380 2 2 28.820 12.222 26.914 11.481
381 2 2 28.938 12.209 27.032 11.468
0 4 2 13.426 28.719 12.743 26.764
31 4 2 13.450 28.778 12.743 26.729
32 4 2 13.547 28.944 12.539 26.815
33 4 2 13.571 28.992 12.503 26.744
34 4 2 13.594 28.812 12.562 26.563
35 4 2 13.619 28.859 12.525 26.492
36 4 2 13.655 28.979 12.524 26.337
37 4 2 13.680 29.038 12.488 26.253
38 4 2 13.643 28.859 12.572 26.204
39 4 2 13.667 28.919 12.535 26.121
40 4 2 13.544 28.477 12.786 25.962
41 4 2 13.557 28.537 12.750 25.891
42 4 2 13.568 28.465 12.762 25.819
43 4 2 13.580 28.393 12.773 25.747
44 4 2 13.568 28.345 12.761 25.699
45 4 2 13.579 28.273 12.773 25.627
46 4 2 13.590 28.141 12.606 25.881
47 4 2 13.615 28.189 12.570 25.809
48 4 2 13.635 27.614 12.568 25.582
49 4 2 13.660 27.661 12.532 25.523
50 4 2 13.623 27.458 12.591 25.414
51 4 2 13.647 27.506 12.555 25.355
52 4 2 13.646 27.278 12.506 25.224
53 4 2 13.670 27.326 12.470 25.165
54 4 2 13.596 27.028 12.553 25.032
55 4 2 13.620 27.075 12.517 24.973
56 4 2 13.595 26.824 12.794 25.064
57 4 2 13.607 26.860 12.757 25.005
58 4 2 13.619 26.776 12.769 24.921
59 4 2 13.606 26.716 12.756 24.862
60 4 2 13.533 26.466 12.863 24.693
61 4 2 13.545 26.502 12.839 24.633
62 4 2 13.545 26.430 12.839 24.562
63 4 2 13.544 26.334 12.838 24.466
64 4 2 13.496 26.215 12.742 24.419
65 4 2 13.508 26.251 12.706 24.360
66 4 2 13.519 26.179 12.717 24.288
67 4 2 13.507 26.083 12.705 24.193
68 4 2 13.518 26.012 12.716 24.121
69 4 2 13.506 25.940 12.704 24.049
70 4 2 13.518 25.844 12.715 23.953
71 4 2 13.505 25.772 12.703 23.882
72 4 2 13.517 25.677 12.715 23.786
73 4 2 13.528 25.605 12.726 23.714
74 4 2 13.540 25.509 12.738 23.619
75 4 2 13.527 25.437 12.725 23.547
76 4 2 13.539 25.341 12.737 23.451
77 4 2 13.526 25.270 12.724 23.380
78 4 2 13.657 25.089 12.637 22.712
79 4 2 13.681 25.148 12.600 22.640
80 4 2 13.607 24.695 12.782 22.973
81 4 2 13.619 24.731 12.746 22.913
82 4 2 13.583 24.612 12.687 23.034
83 4 2 13.595 24.647 12.650 22.986
84 4 2 13.546 24.588 12.661 22.819
85 4 2 13.559 24.624 12.625 22.760
86 4 2 13.558 24.552 12.625 22.688
87 4 2 13.581 24.432 12.648 22.568
88 4 2 13.676 24.108 12.816 22.518
89 4 2 13.688 24.144 12.779 22.471
90 4 2 13.627 23.989 12.946 22.206
91 4 2 13.639 24.025 12.921 22.147
92 4 2 13.697 23.702 12.862 22.148
93 4 2 13.709 23.737 12.825 22.100
94 4 2 13.720 23.570 12.825 22.064
95 4 2 13.733 23.606 12.789 22.017
96 4 2 13.697 23.618 12.800 21.886
97 4 2 13.709 23.654 12.764 21.826
98 4 2 13.695 23.403 12.800 21.766
99 4 2 13.708 23.439 12.763 21.719
100 4 2 13.719 23.283 12.835 21.623
101 4 2 13.731 23.319 12.798 21.563
102 4 2 13.788 22.805 12.893 21.395
103 4 2 13.800 22.829 12.857 21.336
104 4 2 13.799 22.638 12.940 21.108
105 4 2 13.811 22.673 12.904 21.061
106 4 2 13.811 22.602 12.903 20.989
107 4 2 13.810 22.506 12.903 20.894
108 4 2 13.773 22.327 12.914 20.715
109 4 2 13.785 22.363 12.877 20.667
110 4 2 13.796 22.112 12.949 20.523
111 4 2 13.808 22.148 12.912 20.476
112 4 2 13.795 21.993 12.900 20.404
113 4 2 13.807 22.029 12.864 20.357
114 4 2 13.806 21.790 12.959 20.213
115 4 2 13.818 21.826 12.923 20.166
116 4 2 13.758 21.779 13.016 19.795
117 4 2 13.770 21.826 12.980 19.736
118 4 2 13.828 21.432 12.921 19.796
119 4 2 13.840 21.467 12.884 19.749
120 4 2 13.732 21.361 13.063 19.544
121 4 2 13.744 21.397 13.039 19.485
122 4 2 13.766 21.134 12.811 19.416
123 4 2 13.779 21.170 12.762 19.356
124 4 2 13.776 20.788 12.822 19.225
125 4 2 13.789 20.824 12.773 19.177
126 4 2 13.787 20.609 12.809 19.106
127 4 2 13.812 20.645 12.773 19.058
128 4 2 13.775 20.538 12.869 19.093
129 4 2 13.787 20.573 12.833 19.046
130 4 2 13.738 20.407 12.867 18.712
131 4 2 13.750 20.442 12.830 18.652
132 4 2 13.809 20.263 12.781 18.295
133 4 2 13.834 20.310 12.744 18.236
134 4 2 13.842 19.762 12.961 18.496
135 4 2 13.854 19.786 12.925 18.449
136 4 2 13.782 19.715 12.804 18.176
137 4 2 13.806 19.750 12.768 18.129
138 4 2 13.853 19.547 12.815 18.057
139 4 2 13.877 19.583 12.779 18.009
140 4 2 13.876 19.332 12.898 17.806
141 4 2 13.900 19.368 12.861 17.758
142 4 2 13.851 19.118 12.920 17.579
143 4 2 13.863 19.154 12.884 17.532
144 4 2 13.838 18.951 12.920 17.508
145 4 2 13.850 18.987 12.884 17.460
146 4 2 13.824 18.678 12.955 17.352
147 4 2 13.836 18.701 12.919 17.305
148 4 2 13.859 18.463 12.942 17.174
149 4 2 13.871 18.486 12.906 17.127
150 4 2 13.764 18.535 13.107 16.732
151 4 2 13.776 18.571 13.083 16.672
152 4 2 13.785 18.178 12.963 16.626
153 4 2 13.798 18.213 12.927 16.579
154 4 2 13.868 17.903 12.951 16.543
155 4 2 13.880 17.927 12.914 16.495
156 4 2 13.867 17.736 12.961 16.340
157 4 2 13.879 17.760 12.925 16.293
158 4 2 13.950 17.604 13.031 16.006
159 4 2 13.962 17.640 12.995 15.959
160 4 2 13.865 17.367 13.043 15.935
161 4 2 13.877 17.403 13.007 15.888
162 4 2 13.947 17.223 13.078 15.744
163 4 2 13.960 17.259 13.042 15.697
164 4 2 14.042 17.115 13.160 15.553
165 4 2 14.055 17.151 13.124 15.506
166 4 2 14.004 16.735 13.160 15.422
167 4 2 14.016 16.759 13.124 15.375
168 4 2 13.992 16.628 13.254 15.160
169 4 2 14.004 16.663 13.218 15.112
170 4 2 14.075 16.556 13.241 15.005
171 4 2 14.087 16.591 13.205 14.958
172 4 2 14.133 16.305 13.276 14.767
173 4 2 14.146 16.341 13.240 14.720
174 4 2 14.132 16.055 13.395 14.659
175 4 2 14.144 16.079 13.359 14.612
176 4 2 14.227 15.971 13.417 14.314
177 4 2 14.239 16.007 13.380 14.255
178 4 2 14.250 15.793 13.427 14.064
179 4 2 14.262 15.828 13.391 14.005
180 4 2 14.560 15.730 13.342 13.839
181 4 2 14.584 15.778 13.294 13.780
182 4 2 14.523 15.410 13.473 13.790
183 4 2 14.547 15.445 13.437 13.743
184 4 2 14.568 15.100 13.473 13.624
185 4 2 14.593 15.136 13.436 13.577
186 4 2 14.723 15.004 13.639 13.468
187 4 2 14.747 15.039 13.603 13.421
188 4 2 14.818 14.836 13.722 13.277
189 4 2 14.842 14.872 13.685 13.230
190 4 2 14.756 14.528 13.925 13.311
191 4 2 14.768 14.552 13.889 13.264
192 4 2 14.981 14.253 14.055 13.156
193 4 2 14.993 14.276 14.019 13.121
194 4 2 15.219 14.049 14.186 12.965
195 4 2 15.243 14.072 14.150 12.929
196 4 2 15.313 13.882 14.185 12.846
197 4 2 15.337 13.905 14.149 12.811
198 4 2 15.420 13.738 14.351 12.714
199 4 2 15.444 13.762 14.315 12.679
200 4 2 15.515 13.714 14.387 12.631
201 4 2 15.562 13.642 14.434 12.559
202 4 2 15.633 13.547 14.505 12.464
203 4 2 15.729 13.498 14.600 12.415
204 4 2 15.824 13.426 14.695 12.343
205 4 2 15.895 13.378 14.767 12.295
206 4 2 15.966 13.330 14.838 12.247
207 4 2 16.061 13.258 14.933 12.175
208 4 2 16.156 13.186 15.028 12.104
209 4 2 16.227 13.162 15.099 12.079
210 4 2 16.824 13.204 14.931 11.855
211 4 2 16.859 13.228 14.871 11.808
212 4 2 16.798 12.873 15.398 12.053
213 4 2 16.821 12.884 15.350 12.018
214 4 2 16.893 12.848 15.421 11.982
215 4 2 17.011 12.788 15.540 11.922
216 4 2 17.249 12.667 15.671 11.956
217 4 2 17.285 12.679 15.623 11.921
218 4 2 17.368 12.655 15.707 11.897
219 4 2 17.451 12.630 15.790 11.872
220 4 2 17.558 12.582 15.897 11.824
221 4 2 17.641 12.558 15.980 11.800
222 4 2 17.748 12.533 16.087 11.775
223 4 2 17.831 12.485 16.170 11.727
224 4 2 17.938 12.460 16.278 11.703
225 4 2 18.045 12.460 16.385 11.702
226 4 2 18.152 12.435 16.492 11.677
227 4 2 18.235 12.411 16.575 11.653
228 4 2 18.342 12.410 16.682 11.652
229 4 2 18.425 12.385 16.766 11.628
230 4 2 18.532 12.337 16.872 11.580
231 4 2 18.615 12.337 16.956 11.579
232 4 2 18.722 12.312 17.063 11.554
233 4 2 18.805 12.311 17.146 11.554
234 4 2 18.912 12.311 17.253 11.553
235 4 2 18.996 12.286 17.337 11.529
236 4 2 19.102 12.262 17.443 11.504
237 4 2 19.186 12.261 17.527 11.504
238 4 2 19.293 12.260 17.634 11.503
239 4 2 19.399 12.259 17.741 11.502
240 4 2 19.672 12.151 17.896 11.513
241 4 2 19.708 12.162 17.836 11.490
242 4 2 19.803 12.162 17.931 11.489
243 4 2 19.898 12.161 18.027 11.488
244 4 2 19.993 12.136 18.122 11.464
245 4 2 20.111 12.135 18.240 11.463
246 4 2 20.183 12.135 18.312 11.462
247 4 2 20.301 12.134 18.431 11.461
248 4 2 20.373 12.133 18.502 11.461
249 4 2 20.491 12.133 18.621 11.460
250 4 2 20.563 12.132 18.692 11.459
251 4 2 20.681 12.131 18.811 11.459
252 4 2 20.752 12.107 18.882 11.434
253 4 2 20.871 12.106 19.001 11.433
254 4 2 20.966 12.105 19.096 11.433
255 4 2 21.061 12.104 19.191 11.432
256 4 2 21.156 12.104 19.287 11.431
257 4 2 21.251 12.103 19.382 11.431
258 4 2 21.346 12.102 19.477 11.430
259 4 2 21.464 12.101 19.595 11.429
260 4 2 21.583 12.100 19.714 11.428
261 4 2 21.654 12.100 19.786 11.428
262 4 2 21.773 12.099 19.904 11.427
263 4 2 21.844 12.098 19.976 11.426
264 4 2 21.963 12.098 20.094 11.425
265 4 2 22.057 12.097 20.189 11.425
266 4 2 22.152 12.120 20.284 11.448
267 4 2 22.247 12.119 20.379 11.447
268 4 2 22.342 12.118 20.474 11.446
269 4 2 22.437 12.117 20.569 11.446
270 4 2 22.579 12.140 20.807 11.467
271 4 2 22.615 12.152 20.747 11.444
272 4 2 22.710 12.163 20.842 11.455
273 4 2 22.805 12.150 20.937 11.443
274 4 2 22.899 12.161 21.032 11.454
275 4 2 22.994 12.149 21.127 11.441
276 4 2 23.089 12.160 21.222 11.453
277 4 2 23.208 12.171 21.341 11.463
278 4 2 23.302 12.182 21.436 11.475
279 4 2 23.397 12.169 21.531 11.462
280 4 2 23.492 12.180 21.626 11.473
281 4 2 23.610 12.191 21.744 11.484
282 4 2 23.705 12.202 21.839 11.495
283 4 2 23.800 12.190 21.934 11.483
284 4 2 23.895 12.201 22.029 11.494
285 4 2 23.989 12.188 22.124 11.481
286 4 2 24.084 12.199 22.219 11.492
287 4 2 24.179 12.210 22.313 11.504
288 4 2 24.274 12.221 22.408 11.515
289 4 2 24.368 12.209 22.503 11.502
290 4 2 24.463 12.220 22.598 11.513
291 4 2 24.557 12.207 22.693 11.501
292 4 2 24.652 12.219 22.788 11.512
293 4 2 24.771 12.229 22.906 11.523
294 4 2 24.865 12.241 23.001 11.534
295 4 2 24.960 12.228 23.096 11.521
296 4 2 25.054 12.239 23.190 11.532
297 4 2 25.149 12.226 23.285 11.520
298 4 2 25.267 12.237 23.404 11.531
299 4 2 25.362 12.248 23.498 11.542
300 4 2 25.457 12.295 23.665 11.588
301 4 2 25.493 12.306 23.605 11.553
302 4 2 25.587 12.306 23.700 11.552
303 4 2 25.682 12.305 23.794 11.552
304 4 2 25.837 12.446 24.126 11.620
305 4 2 25.872 12.457 24.067 11.585
306 4 2 25.955 12.456 24.150 11.584
307 4 2 26.038 12.456 24.233 11.584
308 4 2 26.144 12.479 24.339 11.607
309 4 2 26.227 12.501 24.422 11.630
310 4 2 26.333 12.477 24.529 11.605
311 4 2 26.440 12.500 24.635 11.628
312 4 2 26.546 12.499 24.742 11.627
313 4 2 26.629 12.498 24.824 11.627
314 4 2 26.735 12.497 24.931 11.626
315 4 2 26.818 12.520 25.014 11.649
316 4 2 26.924 12.543 25.120 11.672
317 4 2 27.007 12.543 25.203 11.671
318 4 2 27.113 12.542 25.310 11.670
319 4 2 27.196 12.541 25.392 11.670
320 4 2 27.302 12.564 25.499 11.692
321 4 2 27.385 12.587 25.582 11.715
322 4 2 27.491 12.586 25.688 11.715
323 4 2 27.574 12.585 25.771 11.714
324 4 2 27.680 12.608 25.877 11.737
325 4 2 27.763 12.631 25.960 11.760
326 4 2 27.846 12.630 26.043 11.759
327 4 2 27.928 12.630 26.126 11.758
328 4 2 28.034 12.629 26.232 11.758
329 4 2 28.117 12.652 26.315 11.781
330 4 2 28.293 12.580 26.420 11.697
331 4 2 28.329 12.591 26.361 11.662
332 4 2 28.411 12.602 26.444 11.673
333 4 2 28.518 12.613 26.550 11.684
334 4 2 28.600 12.624 26.633 11.696
335 4 2 28.707 12.635 26.739 11.707
336 4 2 28.789 12.646 26.822 11.718
337 4 2 28.872 12.658 26.905 11.729
338 4 2 28.954 12.669 26.988 11.740
339 4 2 29.061 12.680 27.094 11.751
340 4 2 29.143 12.691 27.177 11.762
341 4 2 29.249 12.702 27.283 11.773
342 4 2 29.308 12.713 27.342 11.785
343 4 2 29.414 12.724 27.448 11.796
344 4 2 29.497 12.735 27.531 11.807
345 4 2 29.603 12.746 27.637 11.818
346 4 2 29.686 12.757 27.720 11.829
347 4 2 29.768 12.768 27.803 11.840
348 4 2 29.851 12.779 27.885 11.851
349 4 2 29.957 12.790 27.992 11.862
350 4 2 30.039 12.801 28.074 11.873
351 4 2 30.122 12.813 28.157 11.885
352 4 2 30.205 12.824 28.240 11.896
353 4 2 30.311 12.835 28.346 11.907
354 4 2 30.370 12.846 28.405 11.918
355 4 2 30.476 12.857 28.511 11.929
356 4 2 30.558 12.868 28.594 11.940
357 4 2 30.641 12.879 28.676 11.951
358 4 2 30.723 12.890 28.759 11.963
359 4 2 30.829 12.901 28.865 11.974
360 4 2 30.876 12.889 29.055 12.090
361 4 2 30.912 12.901 28.995 12.055
362 4 2 30.994 12.900 29.078 12.054
363 4 2 31.076 12.923 29.161 12.077
364 4 2 31.277 12.945 29.657 12.250
365 4 2 31.312 12.956 29.610 12.215
366 4 2 31.406 12.967 29.704 12.226
367 4 2 31.477 12.978 29.775 12.238
368 4 2 31.571 12.989 29.869 12.249
369 4 2 31.642 13.001 29.940 12.260
370 4 2 31.736 13.012 30.034 12.271
371 4 2 31.830 13.023 30.128 12.282
372 4 2 31.901 13.010 30.199 12.270
373 4 2 31.995 13.021 30.293 12.281
374 4 2 32.065 13.033 30.364 12.292
375 4 2 32.160 13.044 30.458 12.303
376 4 2 32.230 13.055 30.529 12.314
377 4 2 32.324 13.066 30.623 12.325
378 4 2 32.443 13.171 31.000 12.311
379 4 2 32.478 13.182 30.952 12.276
380 4 2 32.561 13.193 31.035 12.287
381 4 2 32.643 13.181 31.117 12.274
0 3 2 10.918 29.524 10.248 27.711
31 3 2 10.943 29.572 10.248 27.675
32 3 2 10.930 29.524 10.055 27.642
33 3 2 10.943 29.560 10.018 27.582
34 3 2 10.954 29.356 10.054 27.534
35 3 2 10.966 29.392 10.018 27.475
36 3 2 11.037 29.198 10.078 27.390
37 3 2 11.049 29.234 10.029 27.330
38 3 2 11.060 28.982 10.101 27.281
39 3 2 11.072 29.018 10.053 27.222
40 3 2 11.082 28.670 10.160 27.077
41 3 2 11.095 28.706 10.124 27.029
42 3 2 11.083 28.682 10.135 26.873
43 3 2 11.095 28.718 10.099 26.814
44 3 2 11.022 28.527 10.158 26.657
45 3 2 11.034 28.563 10.122 26.598
46 3 2 11.032 28.143 10.122 26.490
47 3 2 11.044 28.179 10.085 26.431
48 3 2 11.007 28.036 10.097 26.335
49 3 2 11.019 28.071 10.060 26.275
50 3 2 11.042 27.843 10.083 26.023
51 3 2 11.054 27.879 10.035 25.964
52 3 2 11.053 27.615 10.119 25.915
53 3 2 11.065 27.651 10.083 25.856
54 3 2 11.113 27.471 10.190 25.603
55 3 2 11.125 27.506 10.153 25.543
56 3 2 10.967 27.269 10.176 25.339
57 3 2 10.980 27.317 10.140 25.280
58 3 2 11.135 27.171 10.187 25.124
59 3 2 11.147 27.218 10.151 25.064
60 3 2 10.989 26.765 10.343 24.990
61 3 2 11.001 26.801 10.319 24.930
62 3 2 11.180 26.535 10.234 24.859
63 3 2 11.192 26.571 10.198 24.800
64 3 2 11.059 26.465 10.413 24.582
65 3 2 11.072 26.501 10.389 24.522
66 3 2 11.190 26.164 10.256 24.380
67 3 2 11.202 26.199 10.220 24.321
68 3 2 11.189 25.888 10.231 24.225
69 3 2 11.201 25.924 10.183 24.166
70 3 2 11.248 25.624 10.266 24.009
71 3 2 11.272 25.660 10.230 23.962
72 3 2 11.295 25.540 10.361 23.816
73 3 2 11.307 25.575 10.325 23.757
74 3 2 11.318 25.288 10.323 23.267
75 3 2 11.342 25.335 10.286 23.207
76 3 2 11.281 25.013 10.431 23.301
77 3 2 11.293 25.049 10.395 23.242
78 3 2 11.315 24.713 10.430 23.158
79 3 2 11.327 24.749 10.394 23.110
80 3 2 11.398 24.521 10.406 22.991
81 3 2 11.422 24.556 10.369 22.943
82 3 2 11.386 24.401 10.524 22.690
83 3 2 11.398 24.437 10.488 22.631
84 3 2 11.300 24.068 10.536 22.558
85 3 2 11.312 24.103 10.499 22.511
86 3 2 11.443 23.922 10.390 22.273
87 3 2 11.467 23.958 10.354 22.214
88 3 2 11.526 23.634 10.449 21.974
89 3 2 11.550 23.670 10.412 21.914
90 3 2 11.345 23.433 10.639 21.625
91 3 2 11.357 23.469 10.615 21.565
92 3 2 11.476 23.252 10.422 21.364
93 3 2 11.500 23.288 10.385 21.293
94 3 2 11.523 23.156 10.673 21.111
95 3 2 11.536 23.203 10.636 21.051
96 3 2 11.545 22.630 10.636 20.944
97 3 2 11.557 22.665 10.600 20.885
98 3 2 11.532 22.427 10.683 20.704
99 3 2 11.544 22.462 10.646 20.645
100 3 2 11.603 22.306 10.633 20.275
101 3 2 11.627 22.354 10.596 20.216
102 3 2 11.601 21.840 10.776 20.190
103 3 2 11.613 21.876 10.740 20.131
104 3 2 11.756 21.755 10.750 19.772
105 3 2 11.780 21.802 10.714 19.713
106 3 2 11.767 21.528 10.773 19.509
107 3 2 11.791 21.575 10.737 19.450
108 3 2 11.813 21.121 10.820 19.342
109 3 2 11.837 21.157 10.784 19.283
110 3 2 11.776 20.954 10.722 18.937
111 3 2 11.800 21.002 10.686 18.878
112 3 2 11.787 20.751 10.757 18.782
113 3 2 11.811 20.799 10.721 18.722
114 3 2 11.905 20.416 10.780 18.507
115 3 2 11.929 20.463 10.744 18.448
116 3 2 11.916 20.237 10.827 18.268
117 3 2 11.940 20.284 10.790 18.209
118 3 2 11.939 20.010 10.946 18.028
119 3 2 11.963 20.057 10.909 17.969
120 3 2 12.081 19.626 11.112 17.752
121 3 2 12.105 19.662 11.076 17.693
122 3 2 12.151 19.232 11.196 17.668
123 3 2 12.163 19.268 11.147 17.621
124 3 2 12.186 19.065 11.326 17.309
125 3 2 12.198 19.100 11.289 17.250
126 3 2 12.269 18.909 11.384 16.927
127 3 2 12.281 18.956 11.347 16.868
128 3 2 12.375 18.669 11.419 16.712
129 3 2 12.388 18.717 11.370 16.653
130 3 2 12.349 18.288 11.393 16.451
131 3 2 12.362 18.324 11.345 16.391
132 3 2 12.419 17.906 11.512 16.342
133 3 2 12.431 17.941 11.476 16.295
134 3 2 12.574 17.702 11.654 15.948
135 3 2 12.586 17.737 11.618 15.889
136 3 2 12.692 17.391 11.678 15.817
137 3 2 12.716 17.426 11.641 15.769
138 3 2 12.715 17.271 11.783 15.423
139 3 2 12.727 17.307 11.747 15.364
140 3 2 12.773 16.925 11.830 15.113
141 3 2 12.785 16.961 11.793 15.054
142 3 2 12.855 16.615 11.997 15.028
143 3 2 12.867 16.651 11.961 14.981
144 3 2 13.033 16.244 12.115 14.753
145 3 2 13.045 16.280 12.079 14.706
146 3 2 13.151 16.053 12.173 14.455
147 3 2 13.175 16.088 12.137 14.408
148 3 2 13.293 15.766 12.316 14.193
149 3 2 13.317 15.801 12.279 14.145
150 3 2 13.592 15.632 12.206 13.777
151 3 2 13.616 15.668 12.157 13.718
152 3 2 13.542 15.300 12.516 13.608
153 3 2 13.566 15.335 12.480 13.549
154 3 2 13.624 15.002 12.515 13.501
155 3 2 13.648 15.037 12.479 13.454
156 3 2 13.813 14.691 12.705 13.286
157 3 2 13.837 14.714 12.669 13.227
158 3 2 13.955 14.464 12.907 12.999
159 3 2 13.980 14.499 12.871 12.952
160 3 2 14.085 14.130 12.894 12.702
161 3 2 14.109 14.165 12.846 12.655
162 3 2 14.395 14.056 13.083 12.439
163 3 2 14.419 14.091 13.035 12.392
164 3 2 14.523 13.532 13.381 12.271
165 3 2 14.547 13.556 13.345 12.223
166 3 2 14.666 13.436 13.476 12.080
167 3 2 14.690 13.459 13.428 12.033
168 3 2 14.867 13.149 13.772 11.698
169 3 2 14.891 13.185 13.736 11.650
170 3 2 15.212 12.897 13.927 11.697
171 3 2 15.236 12.921 13.879 11.649
172 3 2 15.390 12.706 14.129 11.410
173 3 2 15.414 12.729 14.081 11.363
174 3 2 15.509 12.646 14.176 11.279
175 3 2 15.627 12.562 14.295 11.195
176 3 2 15.770 12.454 14.437 11.088
177 3 2 15.888 12.370 14.556 11.004
178 3 2 15.983 12.262 14.651 10.896
179 3 2 16.102 12.178 14.770 10.813
180 3 2 16.590 12.103 14.756 10.492
181 3 2 16.626 12.139 14.696 10.445
182 3 2 16.745 12.067 14.815 10.373
183 3 2 16.863 11.947 14.933 10.254
184 3 2 17.006 11.899 15.076 10.206
185 3 2 17.148 11.826 15.219 10.134
186 3 2 17.290 11.731 15.361 10.038
187 3 2 17.433 11.658 15.504 9.966
188 3 2 17.575 11.610 15.647 9.917
189 3 2 17.717 11.538 15.789 9.845
190 3 2 17.860 11.442 15.932 9.750
191 3 2 18.002 11.394 16.074 9.701
192 3 2 18.121 11.322 16.193 9.630
193 3 2 18.263 11.273 16.335 9.581
194 3 2 18.405 11.225 16.478 9.533
195 3 2 18.548 11.176 16.621 9.485
196 3 2 18.714 11.128 16.787 9.436
197 3 2 18.856 11.079 16.929 9.388
198 3 2 18.998 11.031 17.072 9.340
199 3 2 19.164 10.982 17.238 9.291
200 3 2 19.307 10.934 17.381 9.243
201 3 2 19.473 10.886 17.547 9.195
202 3 2 19.615 10.861 17.689 9.170
203 3 2 19.781 10.789 17.856 9.098
204 3 2 19.947 10.764 18.022 9.073
205 3 2 20.089 10.716 18.164 9.025
206 3 2 20.231 10.667 18.306 8.977
207 3 2 20.397 10.642 18.473 8.952
208 3 2 20.563 10.641 18.639 8.951
209 3 2 20.706 10.617 18.781 8.927
210 3 2 20.998 10.106 19.164 9.267
211 3 2 21.034 10.118 19.104 9.232
212 3 2 21.188 10.081 19.259 9.195
213 3 2 21.318 10.045 19.389 9.159
214 3 2 21.496 10.032 19.567 9.146
215 3 2 21.626 9.995 19.697 9.110
216 3 2 21.803 9.959 19.875 9.073
217 3 2 21.933 9.923 20.005 9.037
218 3 2 22.111 9.909 20.183 9.024
219 3 2 22.265 9.873 20.337 8.988
220 3 2 22.419 9.860 20.491 8.975
221 3 2 22.572 9.824 20.645 8.938
222 3 2 22.726 9.811 20.799 8.926
223 3 2 22.880 9.774 20.953 8.889
224 3 2 23.034 9.762 21.107 8.876
225 3 2 23.187 9.725 21.261 8.840
226 3 2 23.341 9.712 21.415 8.827
227 3 2 23.495 9.676 21.569 8.791
228 3 2 23.648 9.663 21.723 8.778
229 3 2 23.802 9.627 21.877 8.742
230 3 2 23.956 9.637 22.031 8.753
231 3 2 24.109 9.601 22.184 8.716
232 3 2 24.286 9.588 22.362 8.703
233 3 2 24.416 9.552 22.492 8.667
234 3 2 24.593 9.539 22.669 8.654
235 3 2 24.747 9.526 22.823 8.641
236 3 2 24.901 9.513 22.977 8.629
237 3 2 25.054 9.477 23.131 8.592
238 3 2 25.207 9.464 23.284 8.580
239 3 2 25.361 9.451 23.438 8.567
240 3 2 25.573 9.391 23.769 8.588
241 3 2 25.608 9.402 23.710 8.553
242 3 2 25.762 9.378 23.864 8.529
243 3 2 25.892 9.401 23.994 8.552
244 3 2 26.045 9.352 24.147 8.504
245 3 2 26.198 9.351 24.301 8.503
246 3 2 26.352 9.327 24.454 8.478
247 3 2 26.505 9.326 24.608 8.477
248 3 2 26.658 9.325 24.762 8.476
249 3 2 26.812 9.300 24.915 8.452
250 3 2 26.965 9.276 25.068 8.427
251 3 2 27.118 9.275 25.222 8.426
252 3 2 27.271 9.274 25.375 8.425
253 3 2 27.424 9.249 25.529 8.401
254 3 2 27.577 9.225 25.682 8.376
255 3 2 27.731 9.224 25.835 8.375
256 3 2 27.884 9.223 25.989 8.374
257 3 2 28.013 9.198 26.118 8.350
258 3 2 28.166 9.174 26.272 8.326
259 3 2 28.319 9.173 26.425 8.325
260 3 2 28.472 9.172 26.578 8.324
261 3 2 28.625 9.147 26.732 8.299
262 3 2 28.778 9.123 26.885 8.275
263 3 2 28.908 9.122 27.014 8.274
264 3 2 29.061 9.121 27.168 8.273
265 3 2 29.214 9.096 27.321 8.249
266 3 2 29.366 9.072 27.474 8.224
267 3 2 29.519 9.071 27.627 8.223
268 3 2 29.672 9.070 27.780 8.222
269 3 2 29.825 9.069 27.933 8.221
270 3 2 30.024 8.974 28.263 8.219
271 3 2 30.060 8.985 28.204 8.185
272 3 2 30.201 8.984 28.345 8.184
273 3 2 30.342 8.960 28.486 8.159
274 3 2 30.506 8.959 28.651 8.158
275 3 2 30.671 8.934 28.816 8.134
276 3 2 30.788 8.933 28.933 8.133
277 3 2 30.976 8.932 29.122 8.132
278 3 2 31.117 8.931 29.263 8.131
279 3 2 31.258 8.907 29.404 8.107
280 3 2 31.399 8.883 29.545 8.082
281 3 2 31.540 8.882 29.686 8.082
282 3 2 31.681 8.881 29.827 8.081
283 3 2 31.869 8.903 30.016 8.103
284 3 2 32.033 8.879 30.180 8.079
285 3 2 32.150 8.878 30.297 8.078
286 3 2 32.315 8.877 30.462 8.077
287 3 2 32.455 8.876 30.603 8.076
288 3 2 32.596 8.875 30.744 8.075
289 3 2 32.737 8.874 30.885 8.074
290 3 2 32.878 8.873 31.026 8.074
291 3 2 33.042 8.872 31.191 8.073
292 3 2 33.206 8.871 31.355 8.072
293 3 2 33.347 8.870 31.496 8.071
294 3 2 33.488 8.869 31.637 8.070
295 3 2 33.628 8.868 31.778 8.069
296 3 2 33.769 8.891 31.919 8.092
297 3 2 33.933 8.890 32.083 8.091
298 3 2 34.098 8.889 32.248 8.090
299 3 2 34.215 8.912 32.365 8.113
300 3 2 34.472 8.828 32.671 8.193
301 3 2 34.507 8.839 32.612 8.170
302 3 2 34.648 8.839 32.753 8.169
303 3 2 34.812 8.861 32.917 8.192
304 3 2 34.952 8.860 33.058 8.191
305 3 2 35.117 8.883 33.223 8.213
306 3 2 35.257 8.905 33.364 8.236
307 3 2 35.398 8.928 33.504 8.259
308 3 2 35.539 8.950 33.645 8.281
309 3 2 35.703 8.973 33.810 8.304
310 3 2 35.844 9.019 33.951 8.350
311 3 2 35.985 9.041 34.092 8.372
312 3 2 36.125 9.064 34.233 8.395
313 3 2 36.266 9.110 34.374 8.441
314 3 2 36.407 9.156 34.515 8.487
315 3 2 36.548 9.202 34.656 8.533
316 3 2 36.712 9.248 34.820 8.579
317 3 2 36.853 9.294 34.961 8.625
318 3 2 36.994 9.340 35.102 8.671
319 3 2 37.135 9.386 35.243 8.717
320 3 2 37.538 9.900 35.514 8.810
321 3 2 37.480 9.923 35.443 8.775
322 3 2 37.469 9.959 35.572 8.809
323 3 2 37.470 10.041 35.702 8.891
324 3 2 37.470 10.076 35.866 8.925
325 3 2 37.471 10.135 35.972 8.983
326 3 2 37.460 10.193 36.148 9.040
328 3 2 37.460 10.217 36.089 8.994
329 3 2 37.461 10.264 36.183 9.040
330 3 2 37.462 10.311 36.313 9.086
0 1 2 7.666 29.707 6.524 27.814
31 1 2 7.702 29.754 6.511 27.778
32 1 2 7.533 29.745 6.475 27.754
33 1 2 7.557 29.792 6.439 27.695
34 1 2 7.545 29.660 6.450 27.586
35 1 2 7.569 29.708 6.414 27.527
36 1 2 7.508 29.385 6.607 27.440
37 1 2 7.520 29.433 6.570 27.381
38 1 2 7.521 29.625 6.341 27.264
39 1 2 7.545 29.672 6.304 27.192
40 1 2 7.494 29.072 6.545 27.093
41 1 2 7.506 29.120 6.509 27.033
42 1 2 7.422 29.013 6.340 27.000
43 1 2 7.446 29.061 6.303 26.940
44 1 2 7.421 28.833 6.279 26.904
45 1 2 7.445 28.881 6.242 26.845
46 1 2 7.360 28.762 6.326 26.676
47 1 2 7.385 28.810 6.290 26.616
48 1 2 7.384 28.570 6.434 26.458
49 1 2 7.396 28.617 6.398 26.398
50 1 2 7.346 28.318 6.433 26.242
51 1 2 7.359 28.366 6.397 26.182
52 1 2 7.334 28.198 6.421 26.098
53 1 2 7.346 28.246 6.384 26.039
54 1 2 7.322 28.174 6.457 26.014
55 1 2 7.334 28.222 6.420 25.942
56 1 2 7.236 27.863 6.323 25.895
57 1 2 7.248 27.911 6.287 25.836
58 1 2 7.357 27.849 6.347 25.763
59 1 2 7.381 27.897 6.311 25.704
60 1 2 7.258 27.299 6.539 25.509
61 1 2 7.270 27.334 6.503 25.449
62 1 2 7.343 27.417 6.418 25.282
63 1 2 7.355 27.465 6.381 25.211
64 1 2 7.402 27.140 6.344 25.043
65 1 2 7.426 27.188 6.308 24.984
66 1 2 7.425 26.960 6.320 24.888
67 1 2 7.450 27.008 6.283 24.828
68 1 2 7.401 26.792 6.283 24.636
69 1 2 7.425 26.840 6.246 24.565
70 1 2 7.437 26.744 6.258 24.469
71 1 2 7.424 26.648 6.245 24.373
72 1 2 7.423 26.324 6.365 24.216
73 1 2 7.447 26.372 6.329 24.156
74 1 2 7.386 26.193 6.352 23.868
75 1 2 7.410 26.240 6.316 23.797
76 1 2 7.590 25.854 6.364 23.808
77 1 2 7.614 25.902 6.315 23.749
78 1 2 7.493 25.795 6.387 23.508
79 1 2 7.517 25.843 6.350 23.437
80 1 2 7.600 25.350 6.350 23.341
81 1 2 7.624 25.398 6.302 23.282
82 1 2 7.551 25.111 6.603 23.302
83 1 2 7.563 25.147 6.567 23.242
84 1 2 7.537 24.752 6.566 23.063
85 1 2 7.561 24.787 6.530 23.003
86 1 2 7.585 24.715 6.602 22.894
87 1 2 7.609 24.751 6.565 22.835
88 1 2 7.608 24.331 6.637 22.738
89 1 2 7.632 24.367 6.601 22.691
90 1 2 7.739 24.126 6.720 22.246
91 1 2 7.764 24.161 6.683 22.187
92 1 2 7.762 23.838 6.876 22.137
93 1 2 7.775 23.874 6.840 22.077
94 1 2 7.883 23.824 6.827 21.802
95 1 2 7.907 23.872 6.790 21.743
96 1 2 7.931 23.764 6.814 21.634
97 1 2 7.978 23.656 6.862 21.526
98 1 2 8.037 23.284 6.921 21.370
99 1 2 8.061 23.331 6.885 21.310
100 1 2 8.085 23.127 7.089 21.081
101 1 2 8.109 23.175 7.052 21.021
102 1 2 8.059 22.709 7.161 20.948
103 1 2 8.071 22.744 7.124 20.889
104 1 2 8.106 22.529 7.184 20.673
105 1 2 8.118 22.564 7.147 20.614
106 1 2 8.142 22.396 7.134 20.291
107 1 2 8.166 22.444 7.097 20.231
108 1 2 8.296 21.976 7.266 20.170
109 1 2 8.321 22.011 7.229 20.110
110 1 2 8.368 21.760 7.193 19.955
111 1 2 8.392 21.795 7.156 19.896
112 1 2 8.499 21.495 7.456 19.546
113 1 2 8.523 21.542 7.420 19.486
114 1 2 8.570 21.291 7.564 19.389
115 1 2 8.595 21.338 7.527 19.330
116 1 2 8.485 21.064 7.490 19.103
117 1 2 8.509 21.112 7.454 19.044
118 1 2 8.531 20.645 7.647 19.137
119 1 2 8.544 20.681 7.611 19.090
120 1 2 8.843 20.475 7.633 18.600
121 1 2 8.868 20.510 7.584 18.541
122 1 2 8.951 20.258 7.824 18.443
123 1 2 8.975 20.294 7.788 18.383
124 1 2 8.949 19.995 7.907 18.131
125 1 2 8.974 20.031 7.871 18.072
126 1 2 9.044 19.743 8.015 17.951
127 1 2 9.069 19.779 7.979 17.892
128 1 2 9.176 19.599 8.026 17.700
129 1 2 9.200 19.646 7.990 17.641
130 1 2 9.283 19.371 8.025 17.438
131 1 2 9.307 19.418 7.976 17.378
132 1 2 9.427 19.190 8.216 17.281
133 1 2 9.451 19.237 8.168 17.221
134 1 2 9.461 18.736 8.468 17.063
135 1 2 9.485 18.771 8.432 17.004
136 1 2 9.616 18.507 8.612 16.943
137 1 2 9.640 18.543 8.575 16.895
138 1 2 9.854 18.230 8.730 16.607
139 1 2 9.879 18.266 8.694 16.560
140 1 2 10.034 18.133 8.789 16.344
141 1 2 10.058 18.169 8.741 16.285
142 1 2 10.141 17.977 8.812 15.998
143 1 2 10.166 18.024 8.763 15.939
144 1 2 10.236 17.594 9.040 16.020
145 1 2 10.260 17.630 8.992 15.973
146 1 2 10.378 17.307 9.279 15.791
147 1 2 10.402 17.342 9.243 15.744
148 1 2 10.629 17.149 9.350 15.481
149 1 2 10.654 17.185 9.301 15.422
150 1 2 10.916 16.956 9.456 15.111
151 1 2 10.952 16.991 9.408 15.051
152 1 2 10.987 16.681 9.659 14.942
153 1 2 11.011 16.716 9.611 14.883
154 1 2 11.022 16.430 9.803 14.905
155 1 2 11.046 16.466 9.755 14.858
156 1 2 11.225 16.273 10.030 14.700
157 1 2 11.249 16.309 9.982 14.653
158 1 2 11.463 16.045 10.173 14.580
159 1 2 11.487 16.080 10.125 14.533
160 1 2 11.773 15.744 10.412 14.364
161 1 2 11.797 15.768 10.364 14.317
162 1 2 11.879 15.481 10.651 14.124
163 1 2 11.903 15.505 10.602 14.076
164 1 2 12.010 15.314 10.578 14.029
165 1 2 12.034 15.337 10.518 13.982
166 1 2 12.405 15.191 10.792 13.646
167 1 2 12.441 15.226 10.744 13.599
168 1 2 12.511 15.023 11.067 13.525
169 1 2 12.548 15.059 11.019 13.478
170 1 2 12.642 14.749 11.294 13.345
171 1 2 12.666 14.772 11.245 13.286
172 1 2 12.915 14.449 11.377 13.225
173 1 2 12.951 14.472 11.329 13.178
174 1 2 13.202 14.387 11.519 12.879
175 1 2 13.238 14.422 11.459 12.832
176 1 2 13.344 14.112 11.854 12.817
177 1 2 13.380 14.136 11.805 12.770
178 1 2 13.546 13.992 12.116 12.637
179 1 2 13.570 14.015 12.056 12.590
180 1 2 14.011 13.810 12.174 12.292
181 1 2 14.047 13.845 12.114 12.245
182 1 2 14.153 13.511 12.342 12.350
183 1 2 14.189 13.535 12.282 12.303
184 1 2 14.212 13.357 12.544 12.206
185 1 2 14.248 13.380 12.484 12.171
186 1 2 14.653 13.210 12.925 11.906
187 1 2 14.689 13.234 12.865 11.859
188 1 2 14.700 13.056 13.152 11.904
189 1 2 14.736 13.079 13.104 11.869
190 1 2 14.985 12.887 13.379 11.831
191 1 2 15.021 12.911 13.331 11.796
192 1 2 15.330 12.718 13.592 11.545
193 1 2 15.366 12.742 13.532 11.498
194 1 2 15.615 12.514 13.806 11.401
195 1 2 15.651 12.538 13.746 11.366
196 1 2 15.770 12.466 13.865 11.294
197 1 2 15.865 12.394 13.961 11.222
198 1 2 15.984 12.322 14.080 11.150
199 1 2 16.126 12.273 14.223 11.101
200 1 2 16.269 12.201 14.365 11.029
201 1 2 16.388 12.129 14.484 10.957
202 1 2 16.482 12.057 14.579 10.885
203 1 2 16.625 11.985 14.722 10.813
204 1 2 16.744 11.912 14.841 10.741
205 1 2 16.886 11.864 14.984 10.692
206 1 2 17.029 11.792 15.126 10.620
207 1 2 17.147 11.720 15.245 10.548
208 1 2 17.266 11.671 15.364 10.500
209 1 2 17.409 11.623 15.507 10.452
210 1 2 17.623 11.586 15.792 10.284
211 1 2 17.658 11.609 15.732 10.237
212 1 2 17.777 11.561 15.851 10.189
213 1 2 17.943 11.512 16.017 10.140
214 1 2 18.062 11.464 16.136 10.092
215 1 2 18.228 11.416 16.303 10.043
216 1 2 18.323 11.367 16.398 9.995
217 1 2 18.465 11.319 16.540 9.947
218 1 2 18.608 11.271 16.683 9.899
219 1 2 18.726 11.222 16.802 9.851
220 1 2 18.893 11.197 16.968 9.826
221 1 2 19.011 11.126 17.087 9.754
222 1 2 19.153 11.101 17.229 9.729
223 1 2 19.296 11.053 17.372 9.681
224 1 2 19.438 11.004 17.514 9.633
225 1 2 19.580 10.956 17.657 9.584
226 1 2 19.722 10.931 17.799 9.560
227 1 2 19.841 10.907 17.918 9.535
228 1 2 19.959 10.858 18.037 9.487
229 1 2 20.126 10.834 18.203 9.462
230 1 2 20.244 10.809 18.322 9.438
231 1 2 20.410 10.761 18.488 9.390
232 1 2 20.528 10.736 18.606 9.365
233 1 2 20.695 10.735 18.773 9.364
234 1 2 20.813 10.710 18.891 9.340
235 1 2 20.955 10.662 19.034 9.292
236 1 2 21.097 10.637 19.176 9.267
237 1 2 21.240 10.636 19.318 9.266
238 1 2 21.382 10.612 19.461 9.241
239 1 2 21.524 10.563 19.603 9.193
240 1 2 21.771 10.314 19.961 9.427
241 1 2 21.806 10.325 19.901 9.392
242 1 2 21.937 10.312 20.032 9.380
243 1 2 22.067 10.276 20.162 9.343
244 1 2 22.221 10.263 20.316 9.331
245 1 2 22.351 10.250 20.447 9.318
246 1 2 22.481 10.238 20.577 9.305
247 1 2 22.611 10.201 20.707 9.269
248 1 2 22.765 10.189 20.861 9.256
249 1 2 22.895 10.176 20.992 9.243
250 1 2 23.049 10.163 21.146 9.231
251 1 2 23.179 10.127 21.276 9.194
252 1 2 23.333 10.114 21.430 9.182
253 1 2 23.462 10.078 21.560 9.145
254 1 2 23.593 10.065 21.690 9.133
255 1 2 23.722 10.029 21.820 9.096
256 1 2 23.876 10.016 21.974 9.084
257 1 2 24.006 10.003 22.104 9.071
258 1 2 24.160 9.990 22.258 9.058
259 1 2 24.290 9.954 22.388 9.022
260 1 2 24.420 9.941 22.518 9.009
261 1 2 24.549 9.905 22.648 8.973
262 1 2 24.703 9.892 22.802 8.960
263 1 2 24.833 9.879 22.932 8.948
264 1 2 24.963 9.867 23.062 8.935
265 1 2 25.092 9.830 23.192 8.899
266 1 2 25.246 9.818 23.346 8.886
267 1 2 25.376 9.781 23.476 8.850
268 1 2 25.529 9.769 23.630 8.837
269 1 2 25.635 9.732 23.736 8.801
270 1 2 25.800 9.731 23.996 8.776
271 1 2 25.836 9.755 23.936 8.741
272 1 2 25.966 9.742 24.066 8.728
273 1 2 26.095 9.706 24.196 8.692
274 1 2 26.225 9.693 24.326 8.679
275 1 2 26.355 9.657 24.456 8.643
276 1 2 26.484 9.644 24.586 8.631
277 1 2 26.638 9.631 24.739 8.618
278 1 2 26.767 9.619 24.869 8.605
279 1 2 26.920 9.582 25.022 8.569
280 1 2 27.026 9.570 25.128 8.557
281 1 2 27.180 9.557 25.282 8.544
282 1 2 27.309 9.545 25.412 8.531
283 1 2 27.439 9.508 25.541 8.495
284 1 2 27.568 9.496 25.671 8.482
285 1 2 27.698 9.483 25.801 8.470
286 1 2 27.827 9.470 25.931 8.457
287 1 2 27.957 9.458 26.060 8.445
288 1 2 28.063 9.445 26.166 8.432
289 1 2 28.216 9.433 26.320 8.420
290 1 2 28.345 9.420 26.449 8.407
291 1 2 28.475 9.407 26.579 8.394
292 1 2 28.604 9.395 26.709 8.382
293 1 2 28.734 9.382 26.838 8.369
294 1 2 28.863 9.369 26.968 8.357
295 1 2 28.992 9.333 27.097 8.321
296 1 2 29.122 9.344 27.227 8.332
297 1 2 29.251 9.332 27.357 8.319
298 1 2 29.381 9.319 27.486 8.307
299 1 2 29.510 9.306 27.616 8.294
300 1 2 29.673 9.117 27.935 8.386
301 1 2 29.708 9.129 27.876 8.351
302 1 2 29.826 9.128 27.993 8.351
303 1 2 29.967 9.103 28.134 8.326
304 1 2 30.084 9.103 28.252 8.325
305 1 2 30.202 9.102 28.370 8.325
306 1 2 30.343 9.077 28.511 8.300
307 1 2 30.460 9.030 28.628 8.253
308 1 2 30.601 9.005 28.769 8.228
309 1 2 30.718 9.004 28.887 8.227
310 1 2 30.836 8.980 29.005 8.203
311 1 2 30.953 8.932 29.122 8.155
312 1 2 31.094 8.908 29.263 8.131
313 1 2 31.211 8.907 29.381 8.130
314 1 2 31.328 8.883 29.498 8.106
315 1 2 31.468 8.812 29.638 8.035
316 1 2 31.586 8.787 29.756 8.011
317 1 2 31.703 8.740 29.873 7.963
318 1 2 31.773 8.692 29.943 7.915
319 1 2 31.890 8.644 30.060 7.868
320 1 2 32.030 8.573 30.201 7.796
321 1 2 32.147 8.549 30.318 7.772
322 1 2 32.240 8.478 30.411 7.701
323 1 2 32.357 8.430 30.528 7.653
324 1 2 32.450 8.382 30.622 7.606
325 1 2 32.567 8.335 30.739 7.558
326 1 2 32.660 8.264 30.832 7.487
327 1 2 32.753 8.193 30.925 7.416
328 1 2 32.846 8.122 31.019 7.345
329 1 2 32.939 8.051 31.112 7.274
330 1 2 33.050 8.567 31.354 6.885
331 1 2 33.086 8.602 31.295 6.827
332 1 2 33.179 8.519 31.388 6.744
333 1 2 33.248 8.436 31.458 6.661
334 1 2 33.341 8.353 31.551 6.579
335 1 2 33.411 8.247 31.620 6.473
336 1 2 33.503 8.165 31.713 6.390
337 1 2 33.573 8.082 31.783 6.307
338 1 2 33.642 7.999 31.852 6.225
339 1 2 33.688 7.893 31.898 6.119
340 1 2 33.757 7.811 31.967 6.036
341 1 2 33.826 7.705 32.037 5.930
342 1 2 33.872 7.622 32.083 5.848
343 1 2 33.942 7.516 32.152 5.742
344 1 2 33.987 7.434 32.198 5.660
345 1 2 34.033 7.328 32.244 5.554
346 1 2 34.079 7.246 32.290 5.472
347 1 2 34.125 7.140 32.336 5.366
348 1 2 34.170 7.034 32.381 5.260
349 1 2 34.216 6.928 32.427 5.154
350 1 2 34.262 6.846 32.473 5.072
351 1 2 34.284 6.740 32.495 4.966
352 1 2 34.330 6.634 32.541 4.860
353 1 2 34.352 6.529 32.563 4.755
354 1 2 34.398 6.446 32.609 4.673
355 1 2 34.420 6.341 32.632 4.567
356 1 2 34.442 6.235 32.654 4.461
357 1 2 34.488 6.129 32.700 4.356
358 1 2 34.511 6.047 32.722 4.273
359 1 2 34.533 5.941 32.745 4.168
360 1 2 34.555 5.836 32.767 4.062
