0 0 2 31.617 6.480 29.305 5.556
1 0 2 31.675 6.514 29.259 5.545
2 0 2 31.640 6.514 29.225 5.545
3 0 2 31.538 6.515 29.122 5.546
4 0 2 31.457 6.481 29.041 5.512
5 0 2 31.366 6.482 28.949 5.512
6 0 2 31.274 6.482 28.857 5.513
7 0 2 31.217 6.483 28.800 5.513
8 0 2 31.125 6.495 28.708 5.525
9 0 2 31.034 6.473 28.616 5.503
10 0 2 30.930 6.450 28.513 5.481
11 0 2 30.839 6.463 28.421 5.493
12 0 2 30.747 6.440 28.329 5.471
13 0 2 30.667 6.464 28.249 5.494
14 0 2 30.553 6.453 28.134 5.483
15 0 2 30.461 6.477 28.042 5.507
16 0 2 30.358 6.443 27.939 5.473
17 0 2 30.243 6.444 27.824 5.474
18 0 2 30.152 6.445 27.732 5.475
19 0 2 30.049 6.445 27.629 5.475
20 0 2 29.957 6.458 27.537 5.488
21 0 2 29.842 6.459 27.422 5.488
22 0 2 29.739 6.459 27.318 5.489
23 0 2 29.636 6.449 27.215 5.478
24 0 2 29.533 6.449 27.111 5.479
25 0 2 29.430 6.450 27.008 5.480
26 0 2 29.315 6.485 26.893 5.515
27 0 2 29.200 6.452 26.778 5.481
28 0 2 29.075 6.487 26.652 5.517
29 0 2 28.960 6.477 26.537 5.506
30 0 2 28.845 6.477 26.422 5.507
31 0 2 28.742 6.478 26.318 5.507
32 0 2 28.627 6.491 26.203 5.520
33 0 2 28.513 6.514 26.088 5.544
34 0 2 28.364 6.538 25.939 5.568
35 0 2 28.260 6.528 25.835 5.557
36 0 2 28.134 6.540 25.709 5.569
37 0 2 28.031 6.530 25.605 5.558
38 0 2 27.904 6.553 25.478 5.582
39 0 2 27.778 6.577 25.352 5.606
40 0 2 27.629 6.578 25.202 5.607
41 0 2 27.526 6.591 25.099 5.619
42 0 2 27.377 6.615 24.949 5.643
43 0 2 27.250 6.639 24.822 5.667
44 0 2 27.101 6.628 24.672 5.657
45 0 2 26.951 6.653 24.523 5.681
46 0 2 26.814 6.677 24.385 5.705
47 0 2 26.676 6.689 24.246 5.717
48 0 2 26.527 6.713 24.097 5.742
49 0 2 26.389 6.737 23.958 5.766
50 0 2 26.250 6.727 23.820 5.755
51 0 2 26.124 6.762 23.693 5.790
52 0 2 25.987 6.809 23.555 5.837
53 0 2 25.825 6.822 23.394 5.850
54 0 2 25.676 6.823 23.243 5.851
55 0 2 25.538 6.859 23.105 5.887
56 0 2 25.377 6.895 22.944 5.922
57 0 2 25.227 6.919 22.794 5.947
58 0 2 25.066 6.943 22.632 5.971
59 0 2 24.906 7.002 22.471 6.030
60 0 2 24.756 7.015 22.321 6.042
61 0 2 24.595 7.050 22.159 6.078
62 0 2 24.434 7.086 21.998 6.114
63 0 2 24.307 7.110 21.871 6.138
64 0 2 24.146 7.135 21.709 6.162
65 0 2 23.985 7.193 21.547 6.221
66 0 2 23.812 7.241 21.374 6.268
67 0 2 23.650 7.254 21.212 6.281
68 0 2 23.489 7.289 21.051 6.317
69 0 2 23.339 7.337 20.900 6.364
70 0 2 23.155 7.384 20.716 6.411
71 0 2 22.994 7.420 20.554 6.447
72 0 2 22.821 7.468 20.380 6.495
73 0 2 22.659 7.492 20.218 6.519
74 0 2 22.498 7.528 20.056 6.555
75 0 2 22.325 7.599 19.883 6.625
76 0 2 22.175 7.657 19.733 6.684
77 0 2 22.002 7.682 19.559 6.709
78 0 2 21.806 7.730 19.362 6.756
79 0 2 21.621 7.766 19.177 6.792
80 0 2 21.483 7.836 19.038 6.863
81 0 2 21.309 7.884 18.864 6.910
82 0 2 21.230 8.057 18.785 7.084
83 0 2 20.986 8.013 18.540 7.040
84 0 2 20.790 8.073 18.343 7.099
85 0 2 20.593 8.086 18.146 7.112
86 0 2 20.443 8.156 17.996 7.183
87 0 2 20.293 8.227 17.845 7.253
88 0 2 20.027 8.299 18.044 7.391
89 0 2 19.842 8.369 17.765 7.404
90 0 2 20.004 8.368 17.672 7.405
91 0 2 19.449 8.500 17.429 7.569
92 0 2 19.275 8.594 17.303 7.720
93 0 2 19.137 8.676 17.118 7.907
94 0 2 18.940 8.724 16.979 7.920
95 0 2 18.674 8.819 16.839 7.875
96 0 2 18.384 8.856 16.711 7.945
97 0 2 18.257 8.950 16.560 8.004
98 0 2 18.225 9.262 16.421 8.005
99 0 2 18.073 9.252 16.295 8.238
100 0 2 17.991 9.183 15.923 8.415
101 0 2 17.784 9.428 15.911 8.311
102 0 2 17.587 9.523 15.782 8.277
103 0 2 17.542 9.639 15.480 8.407
104 0 2 17.180 9.561 15.389 8.605
105 0 2 16.972 9.644 15.344 8.790
106 0 2 16.635 9.763 15.041 8.816
107 0 2 16.625 9.948 14.901 8.817
108 0 2 16.533 10.042 14.796 8.865
109 0 2 16.370 10.113 14.587 8.959
110 0 2 15.997 10.105 14.413 9.123
111 0 2 15.824 10.234 14.181 9.287
112 0 2 15.942 10.383 14.111 9.276
113 0 2 15.593 10.561 14.006 9.370
114 0 2 15.455 10.724 13.903 9.568
115 0 2 15.152 10.808 13.624 9.768
116 0 2 15.212 10.970 13.401 9.677
117 0 2 14.838 10.927 13.544 9.978
118 0 2 14.769 11.079 13.194 10.004
119 0 2 14.562 11.394 13.195 10.097
120 0 2 14.598 11.463 12.891 10.135
121 0 2 14.212 11.456 12.952 10.413
122 0 2 14.049 11.550 12.905 10.459
123 0 2 14.076 11.875 12.484 10.487
124 0 2 13.994 11.945 12.238 10.512
125 0 2 13.774 12.133 12.415 10.569
126 0 2 13.704 12.146 12.253 10.872
127 0 2 13.425 12.381 12.044 11.002
128 0 2 13.333 12.486 12.009 11.095
129 0 2 13.194 12.627 11.858 11.190
130 0 2 13.020 12.826 11.672 11.343
131 0 2 13.009 12.966 11.485 11.426
132 0 2 12.859 13.142 11.392 11.555
133 0 2 12.636 13.156 11.254 11.870
134 0 2 12.487 13.518 11.102 11.895
135 0 2 12.359 13.543 11.103 12.023
136 0 2 12.255 13.765 11.022 12.198
137 0 2 12.127 13.882 10.894 12.327
138 0 2 12.094 14.045 10.673 12.457
139 0 2 11.907 14.187 10.627 12.667
140 0 2 11.745 14.398 10.559 12.912
141 0 2 11.665 14.585 10.453 12.890
142 0 2 11.584 14.761 10.374 13.193
143 0 2 11.515 14.936 10.234 13.323
144 0 2 11.362 14.903 10.071 13.511
145 0 2 11.284 15.300 10.061 13.709
146 0 2 11.133 15.476 9.956 13.827
147 0 2 11.075 15.593 9.875 13.909
148 0 2 10.960 15.827 9.830 14.200
149 0 2 10.914 15.991 9.819 14.340
150 0 2 10.763 16.144 9.728 14.621
151 0 2 10.718 16.401 9.552 14.693
152 0 2 11.007 15.931 9.554 14.914
153 0 2 10.938 16.084 9.485 15.066
154 0 2 10.893 16.235 9.439 15.218
155 0 2 10.371 16.988 9.476 15.474
156 0 2 10.847 16.446 9.394 15.428
157 0 2 10.779 16.633 9.325 15.616
158 0 2 10.721 16.785 9.267 15.768
159 0 2 10.688 16.983 9.233 15.966
160 0 2 10.665 17.135 9.211 16.118
161 0 2 10.632 17.345 9.178 16.328
162 0 2 10.563 17.544 9.109 16.527
163 0 2 10.553 17.765 9.099 16.749
164 0 2 10.543 17.928 9.088 16.912
165 0 2 10.533 18.127 9.078 17.110
166 0 2 10.534 18.301 9.080 17.285
167 0 2 10.524 18.511 9.070 17.495
168 0 2 10.514 18.686 9.059 17.670
169 0 2 10.516 18.907 9.061 17.891
170 0 2 10.506 19.070 9.051 18.055
171 0 2 10.554 19.268 9.100 18.252
172 0 2 10.544 19.419 9.089 18.404
173 0 2 10.581 19.629 9.126 18.613
174 0 2 10.618 19.803 9.163 18.787
175 0 2 10.643 20.000 9.188 18.985
176 0 2 10.656 20.163 9.201 19.148
177 0 2 10.716 20.361 9.262 19.345
178 0 2 10.765 20.488 9.310 19.473
179 0 2 10.825 20.673 9.370 19.659
180 0 2 10.850 20.848 9.395 19.833
181 0 2 10.910 21.045 9.456 20.030
182 0 2 10.947 21.184 9.492 20.170
183 0 2 11.007 21.370 9.552 20.355
184 0 2 11.079 21.497 9.624 20.483
185 0 2 11.162 21.670 9.708 20.656
186 0 2 11.210 21.809 9.756 20.795
187 0 2 11.282 21.983 9.828 20.969
188 0 2 11.342 22.133 9.888 21.120
189 0 2 11.426 22.295 9.972 21.282
190 0 2 11.474 22.423 10.020 21.409
191 0 2 11.569 22.572 10.115 21.559
192 0 2 11.617 22.688 10.163 21.675
193 0 2 11.713 22.861 10.259 21.848
194 0 2 11.796 23.011 10.343 21.999
195 0 2 11.880 23.173 10.426 22.160
196 0 2 11.928 23.277 10.474 22.265
197 0 2 12.023 23.427 10.569 22.414
198 0 2 12.071 23.543 10.617 22.530
199 0 2 12.166 23.692 10.713 22.680
200 0 2 12.238 23.843 10.785 22.831
201 0 2 12.333 24.004 10.880 22.992
202 0 2 12.392 24.108 10.940 23.096
203 0 2 12.476 24.235 11.023 23.223
204 0 2 12.524 24.350 11.071 23.339
205 0 2 12.607 24.500 11.154 23.489
206 0 2 12.667 24.651 11.214 23.639
207 0 2 12.762 24.824 11.310 23.813
208 0 2 12.845 24.915 11.393 23.904
209 0 2 12.894 25.066 11.441 24.055
210 0 2 12.953 25.170 11.501 24.159
211 0 2 13.049 25.355 11.596 24.344
212 0 2 13.073 25.482 11.621 24.472
213 0 2 13.133 25.621 11.681 24.610
214 0 2 13.228 25.747 11.776 24.737
215 0 2 13.276 25.898 11.824 24.888
216 0 2 13.312 26.002 11.860 24.992
217 0 2 13.408 26.187 11.956 25.177
218 0 2 13.432 26.314 11.980 25.305
219 0 2 13.504 26.488 12.052 25.478
220 0 2 13.552 26.580 12.100 25.570
221 0 2 13.612 26.730 12.160 25.721
222 0 2 13.647 26.800 12.196 25.790
223 0 2 13.696 26.997 12.245 25.987
224 0 2 13.732 27.124 12.281 26.115
225 0 2 13.816 27.298 12.365 26.288
226 0 2 13.793 27.391 12.342 26.382
227 0 2 13.865 27.518 12.413 26.509
228 0 2 14.598 28.272 13.147 27.264
229 0 2 13.914 27.785 12.463 26.776
230 0 2 13.939 27.924 12.487 26.916
231 0 2 13.621 27.744 12.169 26.735
232 0 2 13.988 28.157 12.536 27.148
233 0 2 14.024 28.284 12.573 27.276
234 0 2 14.155 28.491 12.704 27.483
235 0 2 14.085 28.551 12.634 27.543
236 0 2 14.098 28.679 12.647 27.671
237 0 2 14.075 28.772 12.624 27.764
238 0 2 14.112 28.900 12.660 27.892
239 0 2 14.124 29.028 12.673 28.020
240 0 2 13.848 29.605 12.616 28.161
241 0 2 13.848 29.593 12.558 28.244
0 1 2 31.797 9.207 30.044 8.110
1 1 2 31.843 9.241 30.010 8.099
2 1 2 31.797 9.253 29.964 8.110
3 1 2 31.706 9.243 29.872 8.100
4 1 2 31.637 9.255 29.804 8.112
5 1 2 31.534 9.244 29.700 8.101
6 1 2 31.454 9.256 29.620 8.113
7 1 2 31.385 9.246 29.551 8.102
8 1 2 31.317 9.258 29.482 8.115
9 1 2 31.248 9.247 29.414 8.104
10 1 2 31.157 9.259 29.322 8.116
11 1 2 31.065 9.249 29.230 8.105
12 1 2 30.996 9.261 29.161 8.117
13 1 2 30.905 9.239 29.069 8.095
14 1 2 30.836 9.251 29.001 8.107
15 1 2 30.744 9.252 28.909 8.108
16 1 2 30.676 9.264 28.840 8.120
17 1 2 30.584 9.253 28.748 8.109
18 1 2 30.515 9.242 28.679 8.098
19 1 2 30.424 9.254 28.587 8.111
20 1 2 30.332 9.232 28.495 8.088
21 1 2 30.263 9.221 28.426 8.077
22 1 2 30.171 9.245 28.335 8.101
23 1 2 30.080 9.258 28.243 8.114
24 1 2 29.988 9.270 28.151 8.126
25 1 2 29.896 9.248 28.059 8.104
26 1 2 29.805 9.272 27.967 8.127
27 1 2 29.713 9.249 27.875 8.105
28 1 2 29.621 9.273 27.784 8.129
29 1 2 29.507 9.274 27.669 8.130
30 1 2 29.415 9.287 27.577 8.142
31 1 2 29.309 9.012 27.246 8.409
32 1 2 29.231 9.254 27.359 8.213
33 1 2 28.999 9.015 27.039 8.411
34 1 2 28.827 9.039 26.948 8.435
35 1 2 28.689 9.029 26.878 8.424
36 1 2 28.702 9.121 26.636 8.346
37 1 2 28.644 9.098 26.613 8.334
38 1 2 28.575 9.110 26.532 8.335
39 1 2 28.392 9.112 26.371 8.313
40 1 2 28.243 9.125 26.290 8.326
41 1 2 28.081 9.092 26.244 8.326
42 1 2 27.932 9.128 26.118 8.316
43 1 2 27.909 9.071 26.026 8.362
44 1 2 27.794 9.095 25.922 8.340
45 1 2 27.645 9.107 25.842 8.353
46 1 2 27.553 9.143 25.749 8.319
47 1 2 27.450 9.144 25.588 8.320
48 1 2 27.346 9.156 25.484 8.333
49 1 2 27.243 9.157 25.369 8.357
50 1 2 27.140 9.170 25.231 8.335
51 1 2 26.990 9.159 25.127 8.359
52 1 2 27.024 9.159 24.885 8.349
53 1 2 26.898 9.195 24.828 8.373
54 1 2 26.703 9.208 24.758 8.362
55 1 2 26.553 9.232 24.666 8.351
56 1 2 26.415 9.257 24.551 8.387
57 1 2 26.254 9.258 24.470 8.422
58 1 2 26.082 9.283 24.332 8.446
59 1 2 26.048 9.318 24.171 8.471
60 1 2 25.932 9.296 24.090 8.460
61 1 2 25.817 9.320 23.929 8.519
62 1 2 25.564 9.299 23.814 8.543
63 1 2 25.414 9.323 23.699 8.578
64 1 2 25.462 9.530 23.409 8.454
65 1 2 25.172 9.360 23.433 8.615
66 1 2 25.218 9.337 23.121 8.618
67 1 2 24.907 9.340 23.157 8.687
68 1 2 24.745 9.353 22.995 8.711
69 1 2 24.630 9.377 22.868 8.724
70 1 2 24.480 9.378 22.741 8.714
71 1 2 24.377 9.379 22.602 8.715
72 1 2 24.412 9.413 22.428 8.659
73 1 2 24.354 9.414 22.290 8.683
74 1 2 24.192 9.427 22.163 8.730
75 1 2 23.892 9.372 22.129 8.846
76 1 2 23.673 9.443 21.816 8.803
77 1 2 23.557 9.433 21.689 8.827
78 1 2 23.522 9.387 21.725 8.896
79 1 2 23.315 9.435 21.621 8.931
80 1 2 23.361 9.492 21.296 8.865
81 1 2 23.073 9.529 21.180 8.877
82 1 2 22.957 9.461 21.146 8.924
83 1 2 22.796 9.590 20.937 8.845
84 1 2 22.552 9.488 21.042 8.948
85 1 2 22.425 9.489 20.787 8.985
86 1 2 22.241 9.595 20.474 8.907
87 1 2 22.195 9.595 20.312 8.943
88 1 2 22.113 9.515 20.394 9.023
89 1 2 21.790 9.622 20.068 8.945
90 1 2 21.639 9.624 20.021 8.911
91 1 2 21.686 9.658 19.952 8.923
92 1 2 21.558 9.601 19.766 8.902
93 1 2 21.431 9.602 19.557 8.926
94 1 2 21.153 9.651 19.523 8.973
95 1 2 21.179 9.893 19.221 8.918
96 1 2 20.957 9.722 19.082 9.012
97 1 2 20.703 9.806 19.234 9.068
98 1 2 20.668 9.806 18.804 9.072
99 1 2 20.529 9.819 18.723 9.107
100 1 2 20.240 9.879 18.805 9.188
101 1 2 20.287 10.006 18.398 9.203
102 1 2 20.113 9.996 18.294 9.181
103 1 2 19.892 9.975 18.271 9.285
104 1 2 19.707 9.965 18.249 9.331
105 1 2 19.719 10.011 17.992 9.287
106 1 2 19.405 10.003 17.924 9.438
107 1 2 19.266 10.016 17.505 9.373
108 1 2 19.081 10.064 17.657 9.464
109 1 2 19.081 10.121 17.412 9.397
110 1 2 19.035 10.145 17.307 9.409
111 1 2 18.930 10.065 17.133 9.446
112 1 2 18.581 10.080 17.052 9.504
113 1 2 18.651 10.114 16.738 9.519
114 1 2 18.372 10.128 16.622 9.578
115 1 2 18.316 10.268 16.506 9.625
116 1 2 18.119 10.397 16.297 9.708
117 1 2 17.840 10.434 16.414 9.777
118 1 2 17.830 10.562 16.111 9.745
119 1 2 17.749 10.562 16.018 9.780
120 1 2 17.458 10.565 15.972 9.943
121 1 2 17.284 10.625 15.797 9.887
122 1 2 17.320 10.729 15.552 9.866
123 1 2 17.181 10.823 15.412 9.913
124 1 2 17.007 10.906 15.273 9.973
125 1 2 16.855 10.907 15.087 10.021
126 1 2 16.705 10.990 14.936 10.115
127 1 2 16.670 11.013 14.750 10.233
128 1 2 16.368 11.097 14.727 10.302
129 1 2 16.135 11.077 14.646 10.361
130 1 2 15.972 11.113 14.495 10.409
131 1 2 15.972 11.182 14.202 10.331
132 1 2 15.705 11.243 14.215 10.447
133 1 2 15.659 11.313 13.946 10.449
134 1 2 15.531 11.384 13.748 10.521
135 1 2 15.381 11.525 13.597 10.638
136 1 2 15.322 11.548 13.399 10.687
137 1 2 14.948 11.506 13.412 10.872
138 1 2 14.973 11.691 13.165 10.759
139 1 2 14.717 11.682 13.154 10.793
140 1 2 14.624 11.811 12.932 10.784
141 1 2 14.486 11.975 12.780 10.867
142 1 2 14.626 12.031 12.441 10.905
143 1 2 14.206 12.047 12.584 11.147
144 1 2 13.961 12.120 12.396 11.149
145 1 2 13.892 12.248 12.362 11.219
146 1 2 13.951 12.340 12.221 11.244
147 1 2 13.706 12.401 12.082 11.408
148 1 2 13.521 12.647 11.976 11.305
149 1 2 13.704 12.180 12.166 11.628
150 1 2 13.576 12.263 12.038 11.711
151 1 2 13.472 12.369 12.531 10.463
152 1 2 13.205 12.615 12.264 10.710
153 1 2 12.997 12.896 12.055 10.990
154 1 2 12.754 13.166 11.812 11.260
155 1 2 12.545 13.459 11.603 11.552
156 1 2 12.302 13.741 11.359 11.834
181 1 2 10.164 17.514 9.219 15.605
182 1 2 10.176 17.631 9.161 15.746
183 1 2 10.225 17.851 9.198 15.908
184 1 2 10.215 18.073 9.223 16.094
185 1 2 10.181 18.236 9.212 16.211
186 1 2 10.159 18.388 9.189 16.305
187 1 2 10.161 18.563 9.144 16.561
188 1 2 10.162 18.761 9.181 16.782
189 1 2 10.163 18.819 9.135 16.830
190 1 2 10.176 19.040 9.160 16.992
191 1 2 10.166 19.215 9.139 17.296
192 1 2 10.156 19.402 9.104 17.354
193 1 2 10.027 19.485 9.118 17.599
194 1 2 9.993 19.614 9.154 17.727
195 1 2 10.018 19.789 9.121 18.019
196 1 2 10.067 19.974 9.169 18.099
197 1 2 9.986 20.127 9.181 18.193
198 1 2 9.999 20.337 9.053 18.323
199 1 2 10.071 20.499 9.148 18.449
200 1 2 10.096 20.638 9.198 18.740
201 1 2 10.180 20.905 9.223 18.903
202 1 2 10.158 20.999 9.164 18.985
203 1 2 10.170 21.092 9.177 19.137
204 1 2 10.195 21.185 9.156 19.405
205 1 2 10.220 21.441 9.204 19.510
206 1 2 10.185 21.500 9.169 19.498
207 1 2 10.138 21.442 9.240 19.556
208 1 2 10.153 21.873 9.315 20.138
209 1 2 10.201 21.931 9.399 20.241
210 1 2 10.262 22.233 9.365 20.452
211 1 2 10.276 22.419 9.425 20.614
212 1 2 10.312 22.547 9.214 20.676
213 1 2 10.372 22.698 9.510 20.963
214 1 2 10.480 22.929 9.583 21.136
215 1 2 10.468 22.976 9.630 21.229
216 1 2 10.484 23.372 9.396 21.349
217 1 2 10.578 23.406 9.420 21.442
218 1 2 10.671 23.299 9.554 21.895
219 1 2 10.732 23.531 9.649 22.045
220 1 2 10.756 23.671 9.638 22.104
221 1 2 10.793 23.810 9.851 22.252
222 1 2 10.865 24.019 9.840 22.427
223 1 2 10.867 24.275 9.888 22.438
224 1 2 10.974 24.378 9.749 22.743
225 1 2 10.998 24.483 10.033 22.902
226 1 2 11.118 24.667 10.128 23.040
227 1 2 11.177 24.725 10.129 23.157
228 1 2 11.213 24.887 10.236 23.307
229 1 2 11.321 25.118 10.320 23.480
230 1 2 11.498 25.197 10.355 23.491
231 1 2 11.464 25.361 10.394 23.957
232 1 2 11.583 25.464 10.465 23.991
233 1 2 11.713 25.601 10.584 24.164
234 1 2 11.856 25.797 10.657 24.396
235 1 2 11.940 26.075 10.692 24.372
236 1 2 11.916 26.052 10.846 24.567
237 1 2 12.082 26.131 10.965 24.752
238 1 2 12.165 26.281 11.002 24.856
239 1 2 12.202 26.443 11.038 25.019
240 1 2 12.238 26.559 11.133 25.134
241 1 2 12.368 26.661 11.206 25.354
242 1 2 12.475 26.788 11.277 25.434
243 1 2 12.582 26.972 11.443 25.583
244 1 2 12.595 27.100 11.479 25.664
245 1 2 12.760 27.214 11.597 25.802
246 1 2 12.797 27.388 11.681 26.010
247 1 2 12.998 27.629 11.773 25.810
248 1 2 12.998 27.559 11.859 26.146
249 1 2 13.011 27.733 11.872 26.368
250 1 2 13.035 27.803 11.955 26.460
251 1 2 13.177 27.963 12.086 26.597
252 1 2 13.204 28.336 12.145 26.654
253 1 2 13.286 28.311 12.170 26.805
254 1 2 13.416 28.436 12.335 26.872
255 1 2 13.477 28.692 12.465 27.021
256 1 2 13.524 28.737 12.501 27.114
257 1 2 13.665 28.793 12.573 27.264
258 1 2 13.678 28.897 12.655 27.321
259 1 2 13.821 29.163 12.455 27.208
260 1 2 13.691 29.072 12.681 27.588
261 1 2 13.916 29.312 12.447 27.686
262 1 2 13.883 29.511 12.740 27.645
263 1 2 13.918 29.545 12.765 27.750
264 1 2 13.954 29.591 12.741 27.715
265 1 2 13.621 29.108 12.778 27.925
266 1 2 13.669 29.201 12.826 28.017
267 1 2 14.129 29.587 13.004 28.281
268 1 2 14.165 29.598 13.004 28.328
1 4 2 8.790 27.818 7.747 25.746
2 4 2 8.801 27.701 7.711 25.723
3 4 2 8.789 27.713 7.711 25.641
4 4 2 8.705 27.528 7.745 25.477
5 4 2 8.764 27.503 7.721 25.442
6 4 2 8.738 27.246 7.829 25.627
7 4 2 8.822 27.338 7.897 25.287
8 4 2 8.760 27.071 7.932 25.298
9 4 2 8.761 27.199 7.895 25.030
10 4 2 8.736 26.978 7.944 25.251
11 4 2 8.702 27.095 7.730 25.045
12 4 2 8.724 26.896 7.706 25.022
13 4 2 8.746 26.732 7.765 25.079
14 4 2 8.745 26.650 7.765 25.044
15 4 2 8.721 26.627 7.765 25.044
16 4 2 8.817 26.801 7.893 24.866
17 4 2 8.792 26.661 7.845 24.692
18 4 2 8.815 26.579 7.868 24.610
19 4 2 8.791 26.521 7.784 24.518
20 4 2 8.789 26.264 8.044 24.607
21 4 2 8.825 26.391 7.842 24.341
22 4 2 8.872 26.320 7.818 24.330
23 4 2 8.883 26.250 7.795 24.342
24 4 2 8.894 26.121 7.877 24.271
25 4 2 8.894 26.086 7.911 24.177
26 4 2 8.844 25.807 7.829 24.201
27 4 2 8.809 25.843 7.839 24.038
28 4 2 8.856 25.795 7.850 23.944
29 4 2 8.926 25.677 7.958 24.106
30 4 2 8.938 25.723 7.932 23.826
31 4 2 8.937 25.653 7.908 23.791
32 4 2 9.030 25.430 8.027 23.871
33 4 2 9.006 25.407 8.004 23.930
34 4 2 8.994 25.372 8.025 23.696
35 4 2 9.019 25.547 7.987 23.404
36 4 2 9.032 25.722 7.987 23.369
37 4 2 9.098 25.195 8.011 23.357
38 4 2 9.099 25.241 8.034 23.333
39 4 2 9.037 24.916 8.176 23.343
40 4 2 9.083 24.786 8.187 23.296
41 4 2 9.129 24.692 8.210 23.272
42 4 2 9.212 24.655 8.304 23.153
43 4 2 9.258 24.596 8.374 23.094
44 4 2 9.328 24.455 8.385 23.000
45 4 2 9.375 24.466 8.289 22.838
46 4 2 9.398 24.372 8.301 22.815
47 4 2 9.385 24.302 8.336 22.756
48 4 2 9.479 24.289 8.323 22.604
49 4 2 9.478 24.114 8.324 22.721
50 4 2 9.537 24.147 8.357 22.499
51 4 2 9.489 24.020 8.369 22.522
52 4 2 9.500 23.938 8.369 22.440
53 4 2 9.464 23.904 8.415 22.346
54 4 2 9.570 23.902 8.413 22.054
55 4 2 9.568 23.657 8.473 22.193
56 4 2 9.544 23.575 8.591 22.273
57 4 2 9.733 23.665 8.517 21.889
58 4 2 9.791 23.583 8.528 21.772
59 4 2 9.779 23.536 8.528 21.714
60 4 2 9.812 23.267 8.634 21.805
61 4 2 9.788 23.244 8.716 21.687
62 4 2 9.812 23.279 8.691 21.559
63 4 2 9.788 23.186 8.786 21.674
64 4 2 9.894 23.231 8.761 21.500
65 4 2 9.928 23.079 8.831 21.312
66 4 2 9.986 23.008 8.854 21.253
67 4 2 9.890 22.741 8.972 21.356
68 4 2 9.902 22.706 8.983 21.274
69 4 2 10.020 22.774 8.970 21.100
70 4 2 10.054 22.668 9.040 21.063
71 4 2 10.090 22.679 9.099 21.039
72 4 2 10.076 22.469 9.063 20.970
73 4 2 10.123 22.422 9.063 20.911
74 4 2 10.157 22.351 9.096 20.608
75 4 2 10.239 22.257 9.155 20.630
76 4 2 10.227 22.187 9.178 20.583
77 4 2 10.226 22.152 9.189 20.536
78 4 2 10.298 22.267 9.187 20.280
79 4 2 10.202 22.117 9.140 20.327
80 4 2 10.188 21.826 9.247 20.372
81 4 2 10.271 21.883 9.150 20.094
82 4 2 10.247 21.849 9.186 20.105
83 4 2 10.200 21.826 9.256 20.092
84 4 2 10.293 21.754 9.361 19.974
85 4 2 10.409 21.566 9.337 19.869
86 4 2 10.386 21.543 9.253 19.707
87 4 2 10.314 21.369 9.324 19.741
88 4 2 10.348 21.276 9.466 19.844
89 4 2 10.407 21.240 9.405 19.611
90 4 2 10.489 21.262 9.356 19.379
91 4 2 10.524 21.226 9.379 19.320
92 4 2 10.593 21.050 9.378 19.239
93 4 2 10.546 21.016 9.425 19.203
94 4 2 10.474 20.842 9.520 19.237
95 4 2 10.568 20.817 9.578 19.212
96 4 2 10.579 20.759 9.602 19.224
97 4 2 10.637 20.653 9.577 19.061
98 4 2 10.636 20.572 9.600 19.002
99 4 2 10.612 20.455 9.611 18.862
100 4 2 10.658 20.408 9.739 18.790
101 4 2 10.669 20.350 9.727 18.767
102 4 2 10.634 20.304 9.727 18.744
103 4 2 10.728 20.325 9.785 18.638
104 4 2 10.763 20.278 9.807 18.463
105 4 2 10.785 20.080 9.819 18.451
106 4 2 10.878 19.974 9.853 18.369
107 4 2 10.784 20.010 9.899 18.194
108 4 2 10.723 19.743 9.983 18.367
109 4 2 10.888 19.834 10.017 18.204
110 4 2 11.005 19.715 9.969 18.146
111 4 2 11.039 19.633 9.992 18.064
112 4 2 11.062 19.540 9.991 17.971
113 4 2 11.015 19.505 10.037 17.877
114 4 2 11.037 19.435 10.071 17.714
115 4 2 11.084 19.446 10.083 17.679
116 4 2 11.178 19.410 10.094 17.644
117 4 2 11.131 19.352 10.059 17.644
118 4 2 11.131 19.364 10.140 17.550
119 4 2 11.165 19.200 10.151 17.456
120 4 2 11.234 19.129 10.174 17.375
121 4 2 11.221 18.955 10.092 17.387
122 4 2 11.162 18.851 10.139 17.340
123 4 2 11.208 18.839 10.209 17.281
124 4 2 11.256 18.943 10.183 17.072
125 4 2 11.314 18.860 10.207 17.060
126 4 2 11.277 18.640 10.254 17.094
127 4 2 11.325 18.721 10.241 16.919
128 4 2 11.323 18.546 10.347 17.023
129 4 2 11.347 18.534 10.371 17.011
130 4 2 11.382 18.510 10.428 16.824
131 4 2 11.416 18.370 10.428 16.824
132 4 2 11.463 18.416 10.497 16.671
133 4 2 11.522 18.415 10.343 16.569
134 4 2 11.555 18.147 10.462 16.695
135 4 2 11.625 18.204 10.472 16.497
136 4 2 11.684 18.168 10.600 16.367
137 4 2 11.742 18.098 10.623 16.309
138 4 2 11.740 17.900 10.765 16.388
139 4 2 11.668 17.749 10.777 16.446
140 4 2 11.775 17.864 10.705 16.250
141 4 2 11.869 17.840 10.811 16.295
142 4 2 11.914 17.618 10.821 16.062
143 4 2 11.854 17.468 10.855 15.992
144 4 2 11.901 17.490 10.854 15.840
145 4 2 12.005 17.384 10.913 15.898
146 4 2 12.147 17.429 10.877 15.735
147 4 2 12.016 17.268 10.971 15.792
148 4 2 12.051 17.232 10.947 15.769
149 4 2 12.026 17.023 10.946 15.653
150 4 2 12.061 17.011 11.028 15.547
151 4 2 12.142 16.940 11.109 15.488
152 4 2 12.130 16.859 11.121 15.499
153 4 2 12.212 16.846 11.238 15.440
154 4 2 12.152 16.754 11.178 15.278
155 4 2 12.399 16.809 11.060 15.209
156 4 2 12.375 16.797 11.258 15.102
157 4 2 12.386 16.669 11.293 14.997
158 4 2 12.490 16.540 11.398 14.949
159 4 2 12.407 16.378 11.456 14.937
160 4 2 12.430 16.297 11.375 14.961
161 4 2 12.500 16.319 11.502 14.832
162 4 2 12.558 16.237 11.596 14.819
163 4 2 12.651 16.177 11.653 14.667
164 4 2 12.650 15.991 11.677 14.620
165 4 2 12.661 15.980 11.700 14.597
166 4 2 12.636 15.782 11.699 14.562
167 4 2 12.754 15.897 11.827 14.374
168 4 2 12.824 15.791 11.791 14.351
169 4 2 12.846 15.640 11.790 14.177
170 4 2 12.752 15.595 11.907 14.176
171 4 2 12.857 15.628 11.822 13.828
172 4 2 12.820 15.373 11.858 13.932
173 4 2 12.831 15.350 11.917 13.931
174 4 2 12.983 15.255 11.974 13.768
175 4 2 13.018 15.266 12.079 13.767
176 4 2 13.017 15.173 12.102 13.673
177 4 2 13.063 15.068 12.125 13.592
178 4 2 13.109 14.916 12.101 13.522
179 4 2 13.155 14.881 12.134 13.359
180 4 2 13.154 14.799 12.158 13.371
181 4 2 13.212 14.683 12.216 13.277
182 4 2 13.353 14.774 12.284 13.009
183 4 2 13.328 14.577 12.436 13.065
184 4 2 13.456 14.529 12.471 13.007
185 4 2 13.409 14.448 12.494 12.949
186 4 2 13.515 14.528 12.388 12.845
187 4 2 13.489 14.308 12.552 12.843
188 4 2 13.548 14.272 12.585 12.680
189 4 2 13.769 14.165 12.561 12.564
190 4 2 13.686 14.038 12.666 12.540
191 4 2 13.673 13.910 12.713 12.528
192 4 2 13.848 13.827 12.665 12.424
193 4 2 13.893 13.711 12.712 12.412
194 4 2 13.975 13.663 12.781 12.318
195 4 2 13.997 13.477 12.863 12.248
196 4 2 14.092 13.639 12.838 12.097
197 4 2 14.066 13.349 12.896 12.108
198 4 2 14.206 13.324 13.002 12.084
199 4 2 14.194 13.324 13.024 12.025
200 4 2 14.404 13.275 13.070 11.885
201 4 2 14.321 13.114 13.127 11.734
202 4 2 14.401 12.950 13.138 11.653
203 4 2 14.519 13.053 13.348 11.592
204 4 2 14.589 13.041 13.371 11.546
205 4 2 14.670 13.017 13.441 11.498
206 4 2 14.679 12.727 13.453 11.545
207 4 2 14.867 12.794 13.616 11.439
208 4 2 14.877 12.643 13.534 11.439
209 4 2 14.993 12.514 13.627 11.369
210 4 2 15.121 12.490 13.697 11.333
211 4 2 15.085 12.386 13.778 11.275
212 4 2 14.715 12.761 13.862 11.471
213 4 2 14.784 12.714 13.931 11.424
214 4 2 14.772 12.656 13.919 11.366
215 4 2 14.912 12.585 14.059 11.295
216 4 2 14.993 12.514 14.140 11.224
217 4 2 15.086 12.479 14.233 11.189
218 4 2 15.143 12.408 14.291 11.118
219 4 2 15.236 12.361 14.384 11.071
220 4 2 15.294 12.302 14.442 11.013
221 4 2 15.341 12.255 14.488 10.966
222 4 2 15.422 12.208 14.569 10.919
223 4 2 15.503 12.173 14.651 10.883
224 4 2 15.573 12.125 14.721 10.836
225 4 2 15.642 12.078 14.790 10.789
226 4 2 15.735 12.019 14.883 10.730
227 4 2 15.805 11.972 14.953 10.683
228 4 2 15.851 11.925 14.999 10.636
229 4 2 15.932 11.890 15.080 10.600
230 4 2 16.025 11.842 15.173 10.553
231 4 2 16.118 11.795 15.266 10.506
232 4 2 16.187 11.736 15.336 10.447
233 4 2 16.257 11.689 15.405 10.400
234 4 2 16.327 11.677 15.475 10.388
235 4 2 16.384 11.630 15.533 10.341
236 4 2 16.477 11.606 15.095 10.971
237 4 2 16.686 11.511 15.305 10.876
238 4 2 19.934 11.882 18.558 11.249
239 4 2 17.000 11.415 15.619 10.780
240 4 2 17.197 11.344 15.816 10.709
241 4 2 17.371 11.295 15.991 10.661
242 4 2 17.569 11.236 16.188 10.601
243 4 2 17.778 11.164 16.398 10.529
244 4 2 17.998 11.092 16.618 10.458
245 4 2 21.148 11.488 19.773 10.855
246 4 2 18.299 10.997 16.920 10.362
247 4 2 18.485 10.937 17.106 10.303
248 4 2 18.682 10.900 17.304 10.266
249 4 2 18.867 10.841 17.489 10.206
250 4 2 19.064 10.781 17.686 10.146
251 4 2 19.273 10.721 17.895 10.087
252 4 2 19.458 10.684 18.081 10.050
253 4 2 19.632 10.648 18.255 10.014
254 4 2 19.829 10.600 18.452 9.966
255 4 2 23.411 10.945 22.040 10.312
256 4 2 20.142 10.527 18.765 9.893
257 4 2 20.304 10.491 18.928 9.857
258 4 2 20.489 10.454 19.113 9.821
259 4 2 20.662 10.430 19.287 9.796
260 4 2 20.836 10.382 19.461 9.748
261 4 2 21.021 10.368 19.646 9.735
262 4 2 21.218 10.343 19.843 9.710
263 4 2 21.379 10.273 20.005 9.639
264 4 2 21.542 10.271 20.168 9.637
265 4 2 25.646 10.542 24.278 9.910
266 4 2 18.361 11.355 17.511 10.067
267 4 2 19.932 10.448 18.497 9.792
268 4 2 20.002 10.448 18.567 9.791
269 4 2 20.094 10.447 18.660 9.790
270 4 2 20.210 10.446 18.776 9.789
271 4 2 20.291 10.433 18.857 9.777
272 4 2 20.373 10.444 18.939 9.788
273 4 2 20.465 10.443 19.032 9.787
274 4 2 20.547 10.442 19.113 9.786
275 4 2 20.628 10.442 19.194 9.785
276 4 2 20.697 10.441 19.264 9.784
277 4 2 20.825 10.428 19.391 9.772
278 4 2 20.883 10.439 19.450 9.783
279 4 2 20.975 10.427 19.542 9.770
280 4 2 21.057 10.437 19.624 9.781
281 4 2 21.348 10.596 19.450 9.864
282 4 2 21.568 10.594 19.729 9.884
283 4 2 21.475 10.595 19.822 9.918
284 4 2 21.568 10.594 19.915 9.917
285 4 2 21.637 10.593 19.985 9.916
286 4 2 21.718 10.581 20.066 9.904
287 4 2 21.811 10.580 20.159 9.903
288 4 2 21.904 10.579 20.251 9.902
289 4 2 22.008 10.590 20.356 9.913
290 4 2 22.100 10.589 20.449 9.912
291 4 2 22.193 10.588 20.541 9.911
292 4 2 22.528 10.550 20.518 9.877
293 4 2 22.378 10.563 20.680 9.887
294 4 2 22.471 10.562 20.773 9.886
295 4 2 22.575 10.572 20.877 9.896
296 4 2 22.667 10.572 20.970 9.895
297 4 2 22.760 10.548 21.063 9.871
298 4 2 22.840 10.535 21.144 9.859
299 4 2 22.910 10.546 21.213 9.870
300 4 2 23.025 10.533 21.329 9.857
301 4 2 23.106 10.521 21.410 9.845
302 4 2 23.199 10.520 21.503 9.844
303 4 2 23.418 10.472 21.421 9.810
304 4 2 23.291 10.485 21.560 9.821
305 4 2 23.383 10.472 21.653 9.808
306 4 2 23.532 10.378 21.710 9.715
307 4 2 23.590 10.355 21.710 9.738
308 4 2 23.544 10.401 21.803 9.749
309 4 2 23.613 10.401 21.872 9.748
310 4 2 23.751 10.342 22.057 9.689
311 4 2 23.902 10.352 22.057 9.677
312 4 2 23.959 10.340 22.137 9.654
313 4 2 24.214 10.360 22.288 9.687
314 4 2 24.282 10.313 22.438 9.662
315 4 2 24.340 10.336 22.578 9.707
316 4 2 24.363 10.347 22.612 9.672
317 4 2 24.444 10.358 22.647 9.741
318 4 2 24.421 10.370 22.670 9.741
319 4 2 24.514 10.380 22.763 9.751
320 4 2 24.572 10.380 22.821 9.751
321 4 2 24.687 10.379 22.901 9.704
322 4 2 24.987 10.399 23.155 9.690
323 4 2 25.091 10.409 23.306 9.689
324 4 2 25.056 10.375 23.306 9.746
325 4 2 25.160 10.386 23.410 9.757
326 4 2 25.241 10.385 23.491 9.756
327 4 2 25.333 10.407 23.584 9.778
328 4 2 25.391 10.395 23.642 9.766
329 4 2 25.494 10.394 23.746 9.765
330 4 2 25.541 10.393 23.792 9.765
331 4 2 25.564 10.474 23.770 9.869
332 4 2 25.565 10.485 23.816 9.868
333 4 2 25.657 10.496 23.908 9.879
334 4 2 25.703 10.518 23.955 9.902
335 4 2 25.795 10.529 24.047 9.912
336 4 2 25.853 10.540 24.105 9.923
337 4 2 25.980 10.539 24.232 9.922
338 4 2 26.049 10.550 24.301 9.933
339 4 2 26.153 10.560 24.405 9.943
340 4 2 26.176 10.583 24.429 9.966
341 4 2 26.257 10.594 24.510 9.977
342 4 2 26.292 10.605 24.544 9.988
343 4 2 26.407 10.604 24.660 9.987
344 4 2 26.465 10.638 24.718 10.021
345 4 2 26.545 10.648 24.799 10.032
346 4 2 26.569 10.671 24.822 10.055
347 4 2 26.626 10.682 24.880 10.066
348 4 2 26.638 10.716 24.892 10.100
349 4 2 26.753 10.715 25.007 10.099
350 4 2 26.811 10.726 25.065 10.110
351 4 2 26.892 10.737 25.146 10.121
352 4 2 26.915 10.760 25.169 10.144
353 4 2 26.996 10.770 25.250 10.154
354 4 2 27.053 10.781 25.308 10.165
355 4 2 27.168 10.780 25.423 10.164
356 4 2 27.249 10.791 25.504 10.175
357 4 2 27.375 10.767 25.630 10.151
358 4 2 27.422 10.824 25.677 10.208
359 4 2 27.525 10.811 25.780 10.195
360 4 2 27.571 10.834 25.827 10.218
361 4 2 27.744 10.820 25.999 10.205
362 4 2 27.824 10.831 26.080 10.215
363 4 2 27.939 10.784 26.195 10.168
364 4 2 28.227 10.884 26.402 10.120
365 4 2 28.181 10.839 26.437 10.223
366 4 2 30.771 10.583 29.033 9.968
367 4 2 28.354 10.883 26.610 10.268
368 4 2 28.457 10.882 26.714 10.267
369 4 2 27.930 11.026 26.186 10.410
370 4 2 28.607 10.915 26.864 10.300
371 4 2 28.917 10.946 26.943 10.172
372 4 2 28.918 10.992 27.070 10.229
373 4 2 28.895 11.062 27.127 10.182
374 4 2 29.056 11.037 27.082 10.217
375 4 2 29.217 11.070 27.242 10.181
9 5 2 14.490 29.323 12.974 27.547
10 5 2 14.537 29.369 12.950 27.513
11 5 2 14.537 29.299 12.950 27.443
12 5 2 14.536 29.159 12.948 27.303
13 5 2 14.535 29.054 12.948 27.198
14 5 2 14.510 28.915 12.923 27.059
15 5 2 14.076 28.831 12.882 26.383
16 5 2 14.122 28.818 12.882 26.465
17 5 2 14.086 28.691 12.846 26.337
18 5 2 13.997 27.935 13.186 26.284
19 5 2 13.938 27.796 13.208 26.191
20 5 2 13.925 27.692 13.172 26.016
21 5 2 13.865 27.518 13.159 25.970
22 5 2 13.923 27.528 13.064 25.797
23 5 2 13.899 27.389 13.146 25.796
24 5 2 13.874 27.238 13.145 25.632
25 5 2 13.884 27.086 13.062 25.517
26 5 2 13.872 27.063 13.108 25.400
27 5 2 13.848 26.971 13.049 25.355
28 5 2 13.893 26.783 13.059 25.226
29 5 2 13.881 26.655 13.023 25.099
30 5 2 13.856 26.586 13.139 25.003
31 5 2 13.833 26.551 13.091 24.888
32 5 2 13.809 26.470 12.985 24.831
33 5 2 13.784 26.343 12.949 24.727
34 5 2 13.819 26.365 12.958 24.412
35 5 2 13.794 26.098 13.064 24.434
36 5 2 13.711 26.029 12.911 24.402
37 5 2 13.768 25.854 12.993 24.342
38 5 2 13.792 25.900 13.001 23.992
39 5 2 13.731 25.610 13.024 23.957
40 5 2 13.730 25.517 12.989 23.899
41 5 2 13.753 25.504 12.858 23.738
42 5 2 13.717 25.412 12.845 23.529
43 5 2 13.715 25.167 12.868 23.505
44 5 2 13.726 25.062 12.854 23.296
45 5 2 13.702 24.981 12.854 23.203
46 5 2 13.677 24.842 12.852 23.016
47 5 2 13.617 24.692 12.888 23.086
48 5 2 13.593 24.680 12.911 23.039
49 5 2 13.605 24.634 12.721 22.797
50 5 2 13.580 24.529 12.709 22.716
51 5 2 13.626 24.424 12.766 22.552
52 5 2 13.530 24.146 12.836 22.563
53 5 2 13.565 24.099 12.847 22.469
54 5 2 13.635 24.039 12.717 22.355
55 5 2 13.516 23.855 12.693 22.262
56 5 2 13.621 23.783 12.703 22.099
57 5 2 13.562 23.784 12.691 21.983
58 5 2 13.596 23.621 12.714 21.947
59 5 2 13.560 23.516 12.713 21.866
60 5 2 13.547 23.435 12.724 21.761
61 5 2 13.523 23.366 12.734 21.633
62 5 2 13.453 23.332 12.651 21.506
63 5 2 13.464 23.320 12.615 21.355
64 5 2 13.405 23.228 12.636 21.145
65 5 2 13.414 22.902 12.659 21.029
66 5 2 13.423 22.657 12.718 21.109
67 5 2 13.598 22.561 12.717 20.958
68 5 2 13.574 22.445 12.715 20.806
69 5 2 13.584 22.317 12.714 20.655
70 5 2 13.572 22.236 12.737 20.562
71 5 2 13.548 22.190 12.654 20.481
72 5 2 13.547 22.062 12.711 20.364
73 5 2 13.440 21.900 12.805 20.316
74 5 2 13.427 21.749 12.757 20.189
75 5 2 13.556 21.759 12.709 20.038
76 5 2 13.555 21.654 12.720 19.957
77 5 2 13.530 21.550 12.707 19.875
78 5 2 13.552 21.386 12.695 19.771
79 5 2 13.422 21.237 12.776 19.677
80 5 2 13.399 21.238 12.633 19.458
81 5 2 13.480 21.167 12.726 19.363
82 5 2 13.537 20.991 12.691 19.340
83 5 2 13.512 20.840 12.701 19.154
84 5 2 13.477 20.841 12.723 18.991
85 5 2 13.395 20.830 12.663 18.887
86 5 2 13.371 20.726 12.650 18.748
87 5 2 13.474 20.503 12.720 18.688
88 5 2 13.391 20.388 12.649 18.620
89 5 2 13.426 20.376 12.660 18.538
90 5 2 13.578 20.304 12.624 18.422
91 5 2 13.565 20.188 12.635 18.282
92 5 2 13.551 19.955 12.681 18.282
93 5 2 13.551 19.897 12.621 18.120
94 5 2 13.563 19.897 12.608 17.980
95 5 2 13.585 19.780 12.608 17.899
96 5 2 13.572 19.629 12.583 17.771
97 5 2 13.547 19.455 12.654 17.782
98 5 2 13.535 19.409 12.594 17.632
99 5 2 13.547 19.432 12.593 17.504
100 5 2 13.440 19.271 12.721 17.455
101 5 2 13.439 19.190 12.767 17.304
102 5 2 13.437 18.992 12.672 17.247
103 5 2 13.414 18.981 12.636 17.108
104 5 2 13.402 18.934 12.671 17.072
105 5 2 13.506 18.770 12.706 17.037
106 5 2 13.366 18.865 12.679 16.712
107 5 2 13.540 18.641 12.656 16.677
108 5 2 13.527 18.514 12.619 16.561
109 5 2 13.385 18.423 12.655 16.561
110 5 2 13.572 18.374 12.607 16.469
111 5 2 13.583 18.234 12.629 16.340
112 5 2 13.582 18.141 12.629 16.259
113 5 2 13.545 17.886 12.675 16.247
114 5 2 13.450 17.748 12.793 16.327
115 5 2 13.509 17.816 12.779 16.013
116 5 2 13.543 17.700 12.801 15.908
117 5 2 13.506 17.479 12.837 16.047
118 5 2 13.599 17.408 12.718 15.758
119 5 2 13.633 17.350 12.706 15.746
120 5 2 13.691 17.256 12.717 15.618
121 5 2 13.726 17.209 12.691 15.351
122 5 2 13.549 17.118 12.831 15.303
123 5 2 13.595 16.955 12.737 15.316
124 5 2 13.678 17.047 12.654 15.178
125 5 2 13.629 16.827 12.690 15.259
126 5 2 13.653 16.943 12.722 14.933
127 5 2 13.699 16.826 12.757 14.886
128 5 2 13.685 16.617 12.828 14.989
129 5 2 13.756 16.697 12.780 14.816
130 5 2 13.708 16.570 12.790 14.595
131 5 2 13.719 16.407 12.931 14.651
132 5 2 13.788 16.290 12.941 14.558
133 5 2 13.797 16.046 12.930 14.582
134 5 2 13.834 16.185 12.927 14.233
135 5 2 13.856 16.103 12.892 14.222
136 5 2 13.831 15.895 12.974 14.314
137 5 2 13.865 15.801 12.985 14.209
138 5 2 13.948 15.835 12.971 13.930
139 5 2 13.957 15.556 13.054 14.069
140 5 2 14.004 15.660 13.017 13.790
141 5 2 14.062 15.555 13.063 13.720
142 5 2 14.084 15.392 13.204 13.846
143 5 2 14.120 15.461 13.202 13.556
144 5 2 14.117 15.217 13.214 13.591
145 5 2 14.152 15.182 13.319 13.578
146 5 2 14.187 15.182 13.246 13.300
147 5 2 14.268 15.099 13.351 13.218
148 5 2 14.220 14.891 13.410 13.298
149 5 2 14.336 14.878 13.385 13.066
150 5 2 14.393 14.656 13.444 13.205
151 5 2 14.510 14.643 13.547 12.902
152 5 2 14.566 14.457 13.512 12.949
153 5 2 14.602 14.526 13.604 12.762
154 5 2 14.648 14.444 13.616 12.727
155 5 2 14.588 14.213 13.511 12.833
156 5 2 14.646 14.259 13.579 12.542
157 5 2 14.728 14.235 13.625 12.460
158 5 2 14.738 14.037 13.801 12.493
159 5 2 14.854 13.943 13.823 12.423
160 5 2 14.864 13.746 13.742 12.424
161 5 2 15.027 13.767 13.893 12.306
162 5 2 15.097 13.696 13.915 12.225
163 5 2 15.096 13.592 13.973 12.189
164 5 2 15.212 13.486 14.066 12.072
165 5 2 15.340 13.473 14.053 11.968
166 5 2 15.479 13.390 14.030 11.956
167 5 2 14.875 13.653 14.219 12.186
168 5 2 14.932 13.594 14.277 12.128
169 5 2 14.990 13.500 14.334 12.034
170 5 2 15.060 13.442 14.404 11.976
171 5 2 15.117 13.383 14.462 11.917
172 5 2 15.199 13.324 14.543 11.858
173 5 2 15.291 13.277 14.636 11.811
174 5 2 15.373 13.241 14.717 11.775
175 5 2 15.430 13.147 14.775 11.682
176 5 2 15.500 13.112 14.845 11.646
177 5 2 15.581 13.053 14.926 11.587
178 5 2 15.686 13.028 15.031 11.563
179 5 2 15.779 12.969 14.113 12.118
180 5 2 16.000 12.874 14.334 12.023
181 5 2 16.209 12.791 14.544 11.939
182 5 2 16.441 12.695 14.776 11.844
183 5 2 16.650 12.600 14.986 11.749
184 5 2 16.894 12.517 15.230 11.665
185 5 2 17.114 12.422 15.451 11.570
186 5 2 17.335 12.350 15.672 11.498
187 5 2 17.543 12.243 15.881 11.392
188 5 2 17.775 12.171 16.113 11.320
189 5 2 17.984 12.065 16.322 11.214
190 5 2 19.318 11.761 17.659 10.911
191 5 2 18.367 11.980 16.706 11.129
192 5 2 18.587 11.885 16.926 11.034
193 5 2 18.796 11.848 17.136 10.997
194 5 2 19.027 11.764 17.368 10.913
195 5 2 19.259 11.704 17.600 10.853
196 5 2 19.491 11.621 17.832 10.770
197 5 2 19.745 11.560 18.087 10.710
198 5 2 19.988 11.477 18.331 10.626
199 5 2 20.232 11.428 18.574 10.577
200 5 2 20.451 11.356 18.794 10.506
201 5 2 20.683 11.319 19.026 10.469
202 5 2 21.976 10.879 20.322 10.029
203 5 2 21.053 11.188 19.397 10.338
204 5 2 21.249 11.128 19.594 10.278
206 5 2 21.526 11.045 19.871 10.195
207 5 2 23.370 10.276 21.718 9.427
208 5 2 21.815 10.961 20.161 10.111
209 5 2 17.962 12.250 17.308 10.787
210 5 2 20.070 11.534 18.205 10.847
211 5 2 20.139 11.487 18.158 10.848
212 5 2 20.209 11.474 18.275 10.835
213 5 2 20.337 11.496 18.414 10.822
214 5 2 20.395 11.530 18.542 10.832
215 5 2 20.545 11.494 18.658 10.843
216 5 2 20.685 11.492 18.856 10.818
217 5 2 20.719 11.457 19.041 10.804
218 5 2 20.777 11.457 19.169 10.791
219 5 2 20.904 11.421 19.134 10.803
220 5 2 21.020 11.420 19.181 10.791
221 5 2 20.997 11.443 19.227 10.802
222 5 2 21.240 11.440 19.436 10.777
223 5 2 21.472 11.450 19.610 10.787
224 5 2 21.494 11.345 19.854 10.831
225 5 2 21.518 11.380 19.900 10.784
226 5 2 21.704 11.436 19.842 10.738
227 5 2 21.820 11.457 19.981 10.714
228 5 2 21.900 11.376 20.028 10.748
229 5 2 21.958 11.410 20.225 10.723
230 5 2 22.179 11.442 20.352 10.722
231 5 2 22.306 11.452 20.433 10.686
232 5 2 22.444 11.405 20.619 10.730
233 5 2 22.479 11.427 20.735 10.741
234 5 2 22.549 11.415 20.839 10.740
235 5 2 22.653 11.403 20.874 10.739
236 5 2 22.780 11.424 20.909 10.739
237 5 2 22.872 11.412 20.967 10.739
238 5 2 23.035 11.433 21.176 10.748
239 5 2 23.323 11.396 21.269 10.770
240 5 2 23.138 11.409 21.431 10.769
241 5 2 23.231 11.431 21.627 10.755
242 5 2 23.497 11.417 21.639 10.766
243 5 2 23.590 11.462 21.686 10.778
244 5 2 23.636 11.473 21.813 10.811
245 5 2 23.798 11.518 21.964 10.798
246 5 2 23.891 11.517 22.172 10.807
247 5 2 24.052 11.526 22.299 10.806
248 5 2 24.122 11.526 22.427 10.816
249 5 2 24.306 11.524 22.554 10.803
250 5 2 24.364 11.512 22.623 10.814
251 5 2 24.502 11.499 22.681 10.779
252 5 2 24.595 11.521 22.773 10.778
253 5 2 24.768 11.542 22.808 10.766
254 5 2 24.872 11.529 23.039 10.764
255 5 2 25.057 11.539 23.132 10.740
256 5 2 25.195 11.572 23.293 10.727
257 5 2 25.298 11.490 23.237 10.843
258 5 2 25.287 11.525 23.317 10.761
259 5 2 25.391 11.512 23.455 10.760
260 5 2 25.598 11.499 23.559 10.770
261 5 2 25.748 11.497 23.687 10.769
262 5 2 25.967 11.506 23.825 10.756
263 5 2 26.048 11.517 23.975 10.732
264 5 2 25.979 11.495 24.102 10.776
265 5 2 26.197 11.469 24.172 10.833
266 5 2 26.393 11.444 24.241 10.798
267 5 2 26.370 11.444 24.357 10.866
268 5 2 26.542 11.443 24.404 10.877
269 5 2 26.566 11.512 24.702 10.747
270 5 2 26.865 11.474 24.703 10.828
271 5 2 26.796 11.509 25.002 10.721
272 5 2 26.866 11.531 24.921 10.734
273 5 2 27.084 11.495 25.049 10.813
274 5 2 27.176 11.517 25.187 10.731
275 5 2 27.303 11.515 25.221 10.731
276 5 2 27.464 11.502 25.348 10.729
277 5 2 27.580 11.581 25.452 10.705
278 5 2 27.533 11.536 25.625 10.715
279 5 2 27.613 11.524 25.832 10.759
280 5 2 27.740 11.511 25.774 10.725
281 5 2 27.866 11.486 25.925 10.793
282 5 2 27.913 11.566 26.166 10.675
283 5 2 28.142 11.460 26.040 10.791
284 5 2 28.268 11.494 26.235 10.709
285 5 2 28.314 11.459 26.340 10.777
286 5 2 28.372 11.550 26.453 10.649
287 5 2 28.784 11.419 26.489 10.787
288 5 2 28.728 11.477 26.869 10.726
289 5 2 28.762 11.431 26.788 10.738
290 5 2 28.877 11.464 26.892 10.725
291 5 2 29.095 11.439 26.995 10.736
292 5 2 29.106 11.450 27.224 10.630
293 5 2 29.324 11.448 27.259 10.630
294 5 2 29.393 11.413 27.351 10.629
295 5 2 29.507 11.377 27.489 10.639
296 5 2 29.610 11.319 27.500 10.639
297 5 2 29.403 11.286 27.719 10.694
298 5 2 29.679 11.341 27.843 10.474
299 5 2 29.907 11.235 27.764 10.533
300 5 2 30.022 11.303 27.992 10.415
301 5 2 30.091 11.279 28.084 10.403
302 5 2 30.423 11.253 28.118 10.356
303 5 2 30.549 11.263 28.210 10.321
304 5 2 29.929 11.154 28.247 10.562
305 5 2 30.411 11.184 28.460 10.135
306 5 2 30.445 11.172 28.609 10.110
307 5 2 30.525 11.160 28.828 10.154
308 5 2 30.720 11.135 28.793 10.108
309 5 2 30.903 11.098 28.874 10.142
310 5 2 30.729 10.928 29.048 10.336
311 5 2 31.130 11.004 29.046 10.175
312 5 2 30.923 10.903 29.243 10.311
313 5 2 31.014 10.868 29.334 10.276
314 5 2 31.094 10.855 29.414 10.263
315 5 2 31.325 11.025 29.493 10.079
316 5 2 31.255 10.854 29.575 10.262
317 5 2 31.368 10.784 29.689 10.192
318 5 2 31.437 10.817 29.758 10.226
319 5 2 31.759 10.872 29.902 9.799
320 5 2 31.780 10.745 30.074 9.717
321 5 2 31.997 10.754 30.040 9.752
322 5 2 31.858 10.561 30.179 9.969
323 5 2 31.960 10.514 30.282 9.922
324 5 2 32.040 10.479 30.362 9.887
325 5 2 32.131 10.443 30.453 9.851
326 5 2 32.222 10.408 30.544 9.816
327 5 2 32.301 10.338 30.624 9.746
328 5 2 32.415 10.280 30.738 9.688
329 5 2 32.484 10.302 30.807 9.710
330 5 2 32.551 10.198 30.874 9.606
331 5 2 32.642 10.140 30.965 9.548
332 5 2 32.710 10.059 31.033 9.467
333 5 2 32.801 10.012 31.124 9.420
334 5 2 32.891 9.954 31.215 9.362
335 5 2 32.960 9.931 31.283 9.338
336 5 2 33.004 9.850 31.328 9.258
337 5 2 33.072 9.792 31.396 9.200
338 5 2 33.151 9.722 31.476 9.130
339 5 2 33.219 9.664 31.544 9.072
340 5 2 33.264 9.584 31.588 8.991
341 5 2 33.343 9.537 31.668 8.945
342 5 2 33.434 9.479 31.759 8.887
343 5 2 33.502 9.421 31.827 8.829
344 5 2 33.524 9.329 31.849 8.737
345 5 2 33.614 9.283 31.940 8.690
346 5 2 33.648 9.191 31.973 8.598
347 5 2 33.704 9.144 32.030 8.552
348 5 2 33.749 9.052 32.074 8.459
349 5 2 33.794 9.006 32.119 8.413
350 5 2 33.827 8.914 32.153 8.321
351 5 2 33.872 8.868 32.198 8.275
352 5 2 33.917 8.776 32.243 8.183
353 5 2 33.950 8.707 32.276 8.114
354 5 2 33.972 8.626 32.298 8.033
355 5 2 34.017 8.546 32.343 7.953
356 5 2 34.027 8.454 32.353 7.861
357 5 2 34.026 8.397 32.352 7.804
358 5 2 34.048 8.293 32.374 7.700
359 5 2 34.093 8.247 32.419 7.654
360 5 2 34.115 8.167 32.441 7.574
361 5 2 34.091 8.087 32.417 7.494
362 5 2 34.147 7.995 32.474 7.401
363 5 2 34.146 7.915 32.473 7.321
364 5 2 34.145 7.835 32.472 7.241
365 5 2 34.144 7.766 32.471 7.172
366 5 2 34.143 7.686 32.470 7.092
367 5 2 34.142 7.606 32.469 7.012
368 5 2 34.119 7.514 32.445 6.920
369 5 2 34.095 7.469 32.422 6.875
370 5 2 34.094 7.377 32.421 6.783
371 5 2 34.082 7.308 32.409 6.714
372 5 2 34.058 7.228 32.385 6.634
373 5 2 34.012 7.171 32.338 6.577
374 5 2 33.999 7.080 32.326 6.486
375 5 2 33.999 7.023 32.325 6.428
12 6 2 12.276 29.545 11.064 27.994
13 6 2 12.311 29.591 11.052 27.971
14 6 2 12.311 29.544 11.051 27.924
15 6 2 12.156 29.256 10.952 27.354
16 6 2 11.883 28.970 11.056 27.095
17 6 2 11.870 28.772 11.115 27.129
18 6 2 11.893 28.806 11.043 26.956
19 6 2 11.915 28.619 11.078 26.932
20 6 2 11.927 28.584 11.042 26.862
21 6 2 11.844 28.539 11.054 26.827
22 6 2 11.855 28.433 11.053 26.780
23 6 2 11.890 28.363 11.041 26.676
24 6 2 11.866 28.340 11.039 26.489
25 6 2 11.829 28.130 11.086 26.488
26 6 2 11.887 28.118 11.038 26.396
27 6 2 11.875 28.071 11.003 26.338
28 6 2 11.886 27.954 11.014 26.268
29 6 2 11.897 27.872 10.990 26.198
30 6 2 11.908 27.790 10.989 26.140
31 6 2 11.920 27.814 10.963 25.860
32 6 2 11.883 27.639 11.010 25.871
33 6 2 11.954 27.708 10.951 25.755
34 6 2 11.930 27.615 10.938 25.709
35 6 2 11.881 27.371 11.009 25.661
36 6 2 11.905 27.405 10.949 25.522
37 6 2 11.844 27.208 11.042 25.485
38 6 2 11.950 27.206 11.018 25.369
39 6 2 11.926 27.172 11.041 25.345
40 6 2 11.866 26.998 11.112 25.356
41 6 2 11.925 27.020 11.041 25.299
42 6 2 11.877 26.951 10.934 25.242
43 6 2 11.795 26.941 10.932 25.009
44 6 2 11.851 26.672 11.027 25.066
45 6 2 11.887 26.682 10.884 24.893
46 6 2 11.898 26.612 11.014 24.879
47 6 2 11.886 26.543 11.013 24.821
48 6 2 11.873 26.473 11.012 24.704
49 6 2 11.896 26.356 11.023 24.646
50 6 2 11.942 26.343 10.998 24.425
51 6 2 11.847 26.170 11.057 24.470
52 6 2 11.953 26.145 11.033 24.412
53 6 2 11.976 26.098 10.973 24.250
54 6 2 11.986 25.992 10.984 24.180
55 6 2 11.857 25.913 11.030 24.051
56 6 2 11.948 25.655 11.065 24.027
57 6 2 11.972 25.666 11.053 23.969
58 6 2 11.995 25.654 11.076 23.922
59 6 2 11.900 25.551 11.157 23.839
60 6 2 11.946 25.387 11.133 23.781
61 6 2 12.015 25.281 11.073 23.572
62 6 2 11.911 25.364 11.037 23.468
63 6 2 11.979 25.188 11.119 23.524
64 6 2 11.921 25.212 11.071 23.339
65 6 2 11.991 25.141 11.106 23.268
66 6 2 12.024 24.896 11.082 23.257
67 6 2 12.011 24.779 11.092 23.117
68 6 2 12.022 24.651 11.092 23.105
69 6 2 12.010 24.674 11.104 23.047
70 6 2 12.069 24.638 11.068 23.036
71 6 2 11.998 24.640 11.138 22.929
72 6 2 12.033 24.546 11.161 22.871
73 6 2 12.020 24.406 11.194 22.672
74 6 2 11.961 24.372 11.122 22.487
75 6 2 12.006 24.150 11.124 22.627
76 6 2 12.076 24.125 11.098 22.417
77 6 2 12.052 24.102 11.109 22.312
78 6 2 12.062 23.881 11.156 22.358
79 6 2 12.074 23.927 11.260 22.146
80 6 2 12.107 23.717 11.108 22.161
81 6 2 12.143 23.728 11.130 22.055
82 6 2 12.049 23.764 11.247 21.972
83 6 2 12.095 23.589 11.258 21.878
84 6 2 12.094 23.566 11.269 21.762
85 6 2 12.199 23.412 11.138 21.566
86 6 2 12.187 23.424 11.138 21.589
87 6 2 12.173 23.203 11.162 21.600
88 6 2 12.219 23.062 11.208 21.553
89 6 2 12.265 22.992 11.301 21.458
90 6 2 12.229 22.887 11.454 21.491
91 6 2 12.181 22.748 11.406 21.363
92 6 2 12.263 22.665 11.288 21.272
93 6 2 12.380 22.722 11.380 21.084
94 6 2 12.333 22.711 11.391 20.991
95 6 2 12.366 22.419 11.379 20.956
96 6 2 12.377 22.372 11.402 20.839
97 6 2 12.319 22.420 11.459 20.640
98 6 2 12.412 22.267 11.458 20.582
99 6 2 12.399 22.197 11.446 20.547
100 6 2 12.433 22.080 11.481 20.453
101 6 2 12.398 21.999 11.468 20.360
102 6 2 12.386 22.011 11.549 20.254
103 6 2 12.431 21.836 11.526 20.243
104 6 2 12.536 21.776 11.583 20.102
105 6 2 12.384 21.813 11.524 20.045
106 6 2 12.546 21.543 11.641 20.020
107 6 2 12.581 21.484 11.664 19.973
108 6 2 12.521 21.392 11.651 19.833
109 6 2 12.462 21.334 11.650 19.647
110 6 2 12.613 21.181 11.673 19.658
111 6 2 12.636 21.122 11.697 19.635
112 6 2 12.670 20.958 11.719 19.541
113 6 2 12.551 20.832 11.789 19.424
114 6 2 12.727 20.771 11.752 19.250
115 6 2 12.727 20.783 11.727 19.122
116 6 2 12.621 20.692 11.846 19.307
117 6 2 12.655 20.598 11.903 19.131
118 6 2 12.677 20.481 11.926 19.014
119 6 2 12.677 20.493 11.854 18.841
120 6 2 12.723 20.317 11.948 18.886
121 6 2 12.723 20.364 11.876 18.631
122 6 2 12.875 20.350 11.816 18.527
123 6 2 12.803 20.072 11.770 18.598
124 6 2 12.884 20.001 11.755 18.272
125 6 2 12.812 19.804 11.802 18.283
126 6 2 12.906 19.814 11.884 18.212
127 6 2 12.882 19.815 11.918 18.107
128 6 2 12.928 19.686 11.870 18.026
129 6 2 12.998 19.603 11.834 17.863
130 6 2 12.985 19.522 11.868 17.735
131 6 2 13.020 19.463 11.914 17.688
132 6 2 12.960 19.348 11.996 17.675
133 6 2 12.996 19.371 11.983 17.466
134 6 2 13.018 19.231 12.194 17.474
135 6 2 13.004 18.998 12.264 17.508
136 6 2 13.098 18.997 12.250 17.206
137 6 2 13.156 18.926 12.227 17.195
138 6 2 13.119 18.729 12.273 17.113
139 6 2 13.118 18.648 12.284 17.020
140 6 2 13.151 18.403 12.271 16.973
141 6 2 13.174 18.333 12.271 16.892
142 6 2 13.256 18.367 12.410 16.750
143 6 2 13.267 18.250 12.422 16.785
144 6 2 13.208 18.228 12.362 16.565
145 6 2 13.302 18.203 12.360 16.414
146 6 2 13.370 17.993 12.478 16.470
147 6 2 13.404 17.876 12.478 16.424
148 6 2 13.427 17.852 12.500 16.272
149 6 2 13.404 17.876 12.428 16.122
150 6 2 13.484 17.689 12.569 16.155
151 6 2 13.519 17.677 12.485 15.900
152 6 2 13.519 17.595 12.531 15.853
153 6 2 13.541 17.467 12.519 15.819
154 6 2 13.563 17.293 12.695 15.851
155 6 2 13.609 17.269 12.706 15.793
156 6 2 13.643 17.117 12.799 15.710
157 6 2 13.654 17.012 12.786 15.548
158 6 2 13.654 16.978 12.693 15.572
159 6 2 13.676 16.838 12.749 15.339
160 6 2 13.711 16.814 12.784 15.327
161 6 2 13.756 16.651 12.866 15.280
162 6 2 13.909 16.707 12.969 15.034
163 6 2 13.930 16.509 13.086 15.056
164 6 2 13.965 16.497 13.061 14.847
165 6 2 14.023 16.450 13.061 14.824
166 6 2 14.010 16.252 13.073 14.870
167 6 2 14.079 16.124 13.143 14.823
168 6 2 14.031 16.020 13.176 14.625
169 6 2 14.077 15.915 13.199 14.520
170 6 2 14.135 15.867 13.268 14.473
171 6 2 14.169 15.809 13.291 14.391
172 6 2 14.227 15.680 13.350 14.379
173 6 2 14.226 15.587 13.396 14.297
174 6 2 14.284 15.517 13.452 14.099
175 6 2 14.376 15.400 13.546 14.063
176 6 2 14.387 15.295 13.475 13.983
177 6 2 14.550 15.258 13.556 13.947
178 6 2 14.538 15.200 13.708 13.864
179 6 2 14.514 15.131 13.532 13.842
180 6 2 14.595 15.037 13.800 13.735
181 6 2 14.746 14.931 13.799 13.619
182 6 2 14.838 14.744 13.810 13.584
183 6 2 14.780 14.826 13.891 13.444
184 6 2 14.884 14.685 13.891 13.444
185 6 2 14.836 14.605 13.926 13.397
186 6 2 14.963 14.383 14.064 13.198
187 6 2 15.091 14.369 14.158 13.185
188 6 2 15.161 14.276 14.181 13.150
189 6 2 15.277 14.193 14.261 13.010
190 6 2 15.369 14.099 14.343 12.997
191 6 2 15.416 14.110 14.377 12.916
192 6 2 15.519 13.947 14.493 12.752
193 6 2 15.541 13.703 14.516 12.740
194 6 2 15.505 13.657 14.469 12.741
195 6 2 15.784 13.584 14.550 12.682
196 6 2 15.415 14.006 14.657 12.797
197 6 2 15.461 13.959 14.703 12.750
198 6 2 15.542 13.888 14.784 12.679
199 6 2 15.623 13.818 14.865 12.609
200 6 2 15.693 13.736 14.934 12.527
201 6 2 15.774 13.700 15.016 12.491
202 6 2 15.843 13.630 15.085 12.421
203 6 2 15.913 13.594 15.155 12.385
204 6 2 16.515 13.089 15.071 12.189
205 6 2 15.994 13.512 15.236 12.303
206 6 2 16.075 13.453 15.317 12.244
207 6 2 16.156 13.417 15.398 12.208
208 6 2 16.237 13.370 15.480 12.161
209 6 2 16.307 13.311 15.549 12.103
210 6 2 16.388 13.252 15.630 12.044
211 6 2 16.457 13.205 15.700 11.997
212 6 2 16.550 13.146 15.793 11.938
213 6 2 16.631 13.110 15.874 11.902
214 6 2 16.712 13.063 15.955 11.855
215 6 2 17.442 12.592 15.709 11.741
216 6 2 16.782 13.039 16.025 11.831
217 6 2 16.852 12.992 16.094 11.784
218 6 2 16.944 12.933 16.187 11.725
219 6 2 17.037 12.897 16.280 11.689
220 6 2 17.118 12.862 16.361 11.653
221 6 2 17.188 12.838 16.431 11.630
222 6 2 17.281 12.779 16.524 11.571
223 6 2 17.362 12.743 16.605 11.535
224 6 2 17.466 12.696 16.709 11.488
225 6 2 17.547 12.660 16.791 11.452
226 6 2 17.640 12.636 16.884 11.428
227 6 2 17.710 12.623 16.953 11.416
228 6 2 17.791 12.565 17.034 11.357
229 6 2 17.895 12.540 17.139 11.333
230 6 2 17.976 12.505 17.220 11.297
231 6 2 18.058 12.481 17.301 11.273
232 6 2 18.162 12.445 17.406 11.237
233 6 2 18.243 12.432 17.487 11.225
234 6 2 18.336 12.397 17.580 11.189
235 6 2 18.429 12.372 17.673 11.165
236 6 2 18.510 12.337 17.754 11.129
237 6 2 18.603 12.324 17.847 11.117
238 6 2 18.684 12.323 17.928 11.116
239 6 2 18.789 12.311 18.033 11.103
240 6 2 18.881 12.275 18.126 11.068
241 6 2 18.974 12.251 18.218 11.044
242 6 2 19.067 12.215 18.311 11.008
243 6 2 19.159 12.202 18.404 10.996
244 6 2 19.252 12.178 18.497 10.971
245 6 2 19.357 12.177 18.601 10.970
246 6 2 19.449 12.153 18.694 10.946
247 6 2 19.542 12.129 18.787 10.922
248 6 2 19.623 12.128 18.868 10.921
249 6 2 19.728 12.104 18.973 10.897
250 6 2 19.820 12.103 19.065 10.896
251 6 2 19.890 12.079 19.135 10.873
252 6 2 19.981 11.893 19.230 11.057
253 6 2 20.073 11.869 19.322 11.033
254 6 2 20.177 11.752 19.428 11.147
255 6 2 20.270 11.751 19.521 11.146
256 6 2 20.374 11.727 19.625 11.122
257 6 2 20.454 11.645 19.707 11.202
258 6 2 20.547 11.644 19.800 11.201
259 6 2 20.639 11.620 19.893 11.177
260 6 2 20.744 11.619 19.997 11.176
261 6 2 20.837 11.618 20.090 11.175
262 6 2 20.929 11.594 20.182 11.151
263 6 2 21.010 11.593 20.264 11.150
264 6 2 21.103 11.592 20.356 11.149
265 6 2 21.195 11.568 20.449 11.125
266 6 2 21.311 11.567 20.565 11.124
267 6 2 21.404 11.566 20.658 11.123
268 6 2 21.497 11.565 20.750 11.122
269 6 2 21.577 11.541 20.831 11.098
270 6 2 21.670 11.540 20.924 11.097
271 6 2 21.763 11.539 21.017 11.096
272 6 2 21.867 11.538 21.121 11.095
273 6 2 21.959 11.525 21.214 11.083
274 6 2 22.052 11.513 21.306 11.070
275 6 2 22.133 11.512 21.387 11.069
276 6 2 22.237 11.499 21.491 11.057
277 6 2 22.329 11.487 21.584 11.044
278 6 2 22.434 11.486 21.688 11.043
279 6 2 22.538 11.485 21.792 11.042
280 6 2 22.630 11.449 21.885 11.006
281 6 2 22.722 11.413 21.978 11.063
282 6 2 22.814 11.389 22.070 11.039
283 6 2 22.907 11.400 22.163 11.050
284 6 2 23.011 11.376 22.267 11.026
285 6 2 23.103 11.363 22.359 11.013
286 6 2 23.196 11.362 22.452 11.012
287 6 2 23.276 11.338 22.533 10.988
288 6 2 23.369 11.337 22.625 10.987
289 6 2 23.461 11.348 22.718 10.998
290 6 2 23.565 11.324 22.822 10.974
291 6 2 23.657 11.311 22.914 10.961
292 6 2 23.750 11.299 23.006 10.949
293 6 2 23.830 11.287 23.087 10.937
294 6 2 23.923 11.286 23.180 10.936
295 6 2 24.015 11.296 23.272 10.946
296 6 2 24.119 11.272 23.376 10.922
297 6 2 24.211 11.260 23.468 10.910
298 6 2 24.304 11.247 23.561 10.897
299 6 2 24.384 11.258 23.642 10.908
300 6 2 24.488 11.234 23.745 10.884
301 6 2 24.581 11.244 23.838 10.894
302 6 2 24.684 11.232 23.942 10.882
303 6 2 24.777 11.231 24.034 10.881
304 6 2 24.869 11.195 24.126 10.845
305 6 2 24.949 11.206 24.207 10.856
306 6 2 25.030 11.205 24.288 10.855
307 6 2 25.122 11.204 24.380 10.854
308 6 2 25.226 11.180 24.484 10.830
309 6 2 25.318 11.179 24.576 10.829
310 6 2 25.410 11.166 24.668 10.817
311 6 2 25.491 11.166 24.749 10.816
312 6 2 25.583 11.153 24.841 10.804
313 6 2 25.675 11.164 24.934 10.814
314 6 2 25.779 11.151 25.037 10.802
315 6 2 25.871 11.139 25.130 10.789
316 6 2 25.975 11.115 25.233 10.765
317 6 2 26.055 11.125 25.314 10.776
318 6 2 26.159 11.124 25.418 10.775
319 6 2 26.251 11.135 25.510 10.785
320 6 2 26.355 11.122 25.614 10.773
321 6 2 26.447 11.110 25.706 10.760
322 6 2 26.539 11.086 25.798 10.736
323 6 2 26.619 11.096 25.878 10.747
324 6 2 26.711 11.096 25.971 10.746
325 6 2 26.804 11.106 26.063 10.757
326 6 2 26.907 11.094 26.166 10.744
327 6 2 26.999 11.093 26.259 10.743
328 6 2 27.091 11.080 26.351 10.731
329 6 2 27.172 11.091 26.431 10.741
330 6 2 27.252 11.090 26.512 10.741
331 6 2 27.322 11.135 26.581 10.786
332 6 2 27.436 11.111 26.696 10.762
333 6 2 27.528 11.110 26.788 10.761
334 6 2 27.620 11.098 26.880 10.748
335 6 2 27.701 11.108 26.961 10.759
336 6 2 27.793 11.130 27.053 10.781
337 6 2 27.885 11.153 27.146 10.803
338 6 2 27.977 11.129 27.237 10.779
339 6 2 28.057 11.128 27.318 10.779
340 6 2 28.161 11.138 27.421 10.789
341 6 2 28.219 11.149 27.479 10.800
342 6 2 28.299 11.171 27.560 10.822
343 6 2 28.369 11.217 27.629 10.867
344 6 2 28.472 11.192 27.733 10.843
345 6 2 28.564 11.215 27.825 10.866
346 6 2 28.622 11.260 27.883 10.911
347 6 2 28.725 11.259 27.986 10.910
348 6 2 28.794 11.281 28.055 10.932
349 6 2 28.875 11.303 28.136 10.954
350 6 2 28.956 11.325 28.217 10.977
351 6 2 29.048 11.347 28.309 10.999
352 6 2 29.128 11.370 28.390 11.021
353 6 2 29.198 11.415 28.459 11.066
354 6 2 29.278 11.437 28.540 11.088
355 6 2 29.347 11.459 28.609 11.111
356 6 2 29.416 11.482 28.678 11.133
357 6 2 29.486 11.527 28.747 11.178
358 6 2 29.566 11.560 28.828 11.212
359 6 2 29.636 11.594 28.897 11.246
360 6 2 29.716 11.639 28.978 11.291
361 6 2 29.774 11.662 29.036 11.313
362 6 2 29.843 11.707 29.105 11.358
363 6 2 29.913 11.752 29.175 11.404
364 6 2 29.993 11.774 29.255 11.426
365 6 2 30.063 11.820 29.325 11.471
366 6 2 30.132 11.865 29.394 11.516
367 6 2 30.190 11.910 29.452 11.562
368 6 2 30.247 11.932 29.509 11.584
369 6 2 30.317 11.978 29.579 11.629
370 6 2 30.374 12.023 29.637 11.675
371 6 2 30.444 12.068 29.706 11.720
372 6 2 30.513 12.113 29.775 11.765
373 6 2 30.594 12.159 29.856 11.810
374 6 2 30.663 12.204 29.925 11.856
375 6 2 30.709 12.249 29.972 11.901
