0 1 2 31.100 7.858 29.005 6.690
1 1 2 31.151 7.888 28.963 6.670
2 1 2 31.110 7.899 28.922 6.680
3 1 2 31.008 7.911 28.819 6.692
4 1 2 30.926 7.922 28.737 6.703
5 1 2 30.833 7.933 28.644 6.715
6 1 2 30.762 7.944 28.572 6.726
7 1 2 30.659 7.956 28.469 6.737
8 1 2 30.587 7.947 28.397 6.728
9 1 2 30.474 7.979 28.284 6.760
10 1 2 30.371 7.970 28.181 6.751
11 1 2 30.258 8.002 28.067 6.783
12 1 2 30.166 7.993 27.974 6.774
13 1 2 30.063 8.004 27.871 6.785
14 1 2 29.971 8.016 27.779 6.796
15 1 2 29.858 8.028 27.665 6.808
16 1 2 29.754 8.018 27.562 6.799
17 1 2 29.641 8.030 27.448 6.810
18 1 2 29.549 8.021 27.355 6.801
19 1 2 29.446 8.032 27.252 6.813
20 1 2 29.353 8.044 27.159 6.824
21 1 2 29.240 8.056 27.046 6.836
22 1 2 29.137 8.067 26.942 6.847
23 1 2 29.014 8.079 26.819 6.859
24 1 2 28.910 8.070 26.715 6.850
25 1 2 28.787 8.082 26.591 6.861
26 1 2 28.674 8.093 26.477 6.873
27 1 2 28.540 8.105 26.343 6.885
28 1 2 28.416 8.117 26.219 6.896
29 1 2 28.292 8.129 26.095 6.908
30 1 2 28.169 8.120 25.971 6.899
31 1 2 28.045 8.132 25.847 6.911
32 1 2 27.942 8.144 25.743 6.922
33 1 2 27.818 8.155 25.619 6.934
34 1 2 27.694 8.146 25.495 6.925
35 1 2 27.571 8.179 25.371 6.958
36 1 2 27.446 8.170 25.246 6.949
37 1 2 27.302 8.203 25.101 6.981
38 1 2 27.178 8.194 24.977 6.972
39 1 2 27.055 8.227 24.853 7.005
40 1 2 26.910 8.218 24.708 6.996
41 1 2 26.765 8.251 24.563 7.029
42 1 2 26.621 8.263 24.418 7.041
43 1 2 26.476 8.275 24.273 7.053
44 1 2 26.331 8.287 24.127 7.065
45 1 2 26.207 8.299 24.003 7.077
46 1 2 26.063 8.311 23.858 7.089
47 1 2 25.918 8.344 23.713 7.121
48 1 2 25.773 8.356 23.567 7.134
49 1 2 25.629 8.389 23.422 7.166
50 1 2 25.484 8.401 23.277 7.178
51 1 2 25.339 8.434 23.132 7.211
52 1 2 25.194 8.446 22.987 7.223
53 1 2 25.050 8.479 22.841 7.256
54 1 2 24.905 8.491 22.696 7.268
55 1 2 24.729 8.525 22.520 7.301
56 1 2 24.594 8.537 22.384 7.313
57 1 2 24.449 8.570 22.239 7.346
58 1 2 24.284 8.603 22.073 7.379
59 1 2 24.139 8.636 21.928 7.412
60 1 2 23.994 8.648 21.782 7.424
61 1 2 23.839 8.712 21.626 7.489
62 1 2 23.704 8.714 21.491 7.490
63 1 2 23.538 8.768 21.325 7.544
64 1 2 23.403 8.770 21.189 7.546
65 1 2 23.227 8.834 21.013 7.610
66 1 2 23.082 8.868 20.867 7.643
67 1 2 22.906 8.932 20.691 7.708
68 1 2 22.751 8.955 20.535 7.730
69 1 2 22.605 8.988 20.389 7.763
70 1 2 22.470 9.010 20.254 7.786
71 1 2 22.295 9.096 20.077 7.871
72 1 2 22.064 8.963 20.209 8.298
73 1 2 22.234 9.211 20.038 8.018
74 1 2 21.659 9.062 19.895 8.281
75 1 2 21.514 9.106 19.718 8.366
76 1 2 21.275 9.223 19.593 8.368
77 1 2 21.161 9.256 19.417 8.453
78 1 2 20.984 9.290 19.302 8.517
79 1 2 20.944 9.363 19.106 8.687
80 1 2 20.798 9.417 18.992 8.730
81 1 2 20.957 9.582 18.916 8.553
82 1 2 20.653 9.440 18.636 8.776
83 1 2 20.708 9.637 18.666 8.619
84 1 2 20.176 9.686 18.292 8.833
85 1 2 20.344 9.757 18.311 8.749
86 1 2 20.146 9.822 18.113 8.814
87 1 2 19.991 9.897 17.957 8.889
88 1 2 19.814 9.941 17.780 8.933
89 1 2 19.669 10.027 17.634 9.018
90 1 2 19.533 10.070 17.498 9.062
91 1 2 19.504 10.227 17.469 9.219
92 1 2 19.222 10.221 17.186 9.212
93 1 2 19.066 10.306 17.030 9.298
94 1 2 18.836 10.351 16.799 9.343
95 1 2 18.744 10.446 16.706 9.438
96 1 2 18.609 10.521 16.571 9.513
97 1 2 18.463 10.628 16.425 9.619
98 1 2 17.879 10.813 16.262 9.935
99 1 2 17.764 10.825 16.011 10.033
100 1 2 17.861 10.970 15.842 9.983
101 1 2 17.798 10.982 15.779 9.994
102 1 2 17.258 11.345 15.581 10.112
103 1 2 17.486 11.185 15.477 10.197
104 1 2 16.953 11.328 15.374 10.356
105 1 2 16.838 11.351 15.143 10.359
106 1 2 16.723 11.384 15.017 10.423
107 1 2 16.671 11.437 14.902 10.488
108 1 2 16.536 11.543 14.641 10.585
109 1 2 16.578 11.543 14.641 10.585
110 1 2 16.432 11.608 14.494 10.650
111 1 2 16.276 11.694 14.337 10.736
112 1 2 16.141 11.790 14.202 10.832
113 1 2 15.688 11.765 13.845 10.953
114 1 2 15.774 11.837 13.844 10.890
115 1 2 15.585 11.913 13.655 10.966
116 1 2 15.450 11.988 13.519 11.041
117 1 2 15.282 12.043 13.351 11.096
118 1 2 15.157 12.150 13.226 11.202
119 1 2 15.001 12.225 13.069 11.278
120 1 2 14.601 12.242 12.586 11.474
121 1 2 14.466 12.369 12.534 11.517
122 1 2 14.298 12.456 12.293 11.688
123 1 2 14.279 12.550 12.253 11.867
124 1 2 14.016 12.607 12.127 11.900
125 1 2 14.147 12.972 11.828 11.663
126 1 2 13.671 12.843 11.799 11.884
127 1 2 13.472 12.951 11.578 11.992
128 1 2 13.328 13.194 11.599 11.950
129 1 2 13.203 13.322 11.452 12.057
130 1 2 12.887 13.369 11.326 12.101
131 1 2 12.825 13.475 11.075 12.304
132 1 2 12.711 13.602 10.969 12.316
133 1 2 12.523 13.752 10.939 12.443
134 1 2 12.303 13.882 10.897 12.443
135 1 2 12.336 13.976 10.561 12.680
136 1 2 12.138 14.168 10.403 12.756
137 1 2 11.971 14.317 10.330 12.799
138 1 2 11.815 14.498 10.342 12.893
139 1 2 11.689 14.585 10.347 13.230
140 1 2 11.628 14.754 10.220 13.253
141 1 2 11.494 14.997 10.158 13.359
142 1 2 11.836 14.509 10.075 13.549
143 1 2 11.764 14.615 10.003 13.655
144 1 2 11.692 14.763 9.931 13.804
145 1 2 11.588 14.880 9.826 13.921
146 1 2 11.516 15.049 9.754 14.091
147 1 2 11.423 15.198 9.661 14.239
148 1 2 11.383 15.367 9.621 14.408
149 1 2 11.311 15.505 9.549 14.546
150 1 2 10.595 16.578 9.912 14.719
151 1 2 11.260 15.642 9.498 14.684
152 1 2 11.209 15.779 9.446 14.821
153 1 2 11.137 15.928 9.374 14.970
154 1 2 11.118 16.107 10.002 14.370
155 1 2 10.985 16.456 9.869 14.720
156 1 2 10.874 16.794 9.757 15.058
157 1 2 10.720 17.154 9.603 15.418
158 1 2 10.630 17.513 9.513 15.777
159 1 2 10.487 17.884 9.370 16.148
160 1 2 10.407 18.232 9.290 16.497
161 1 2 10.295 18.581 9.178 16.846
162 1 2 10.173 18.941 9.056 17.206
163 1 2 10.051 19.280 8.933 17.545
164 1 2 9.949 19.618 8.832 17.883
165 1 2 9.838 19.988 8.720 18.254
166 1 2 9.758 20.358 8.640 18.624
167 1 2 9.636 20.708 8.518 18.973
168 1 2 9.545 21.046 8.427 19.312
169 1 2 9.412 21.396 8.294 19.662
170 1 2 9.322 21.766 8.203 20.032
171 1 2 9.189 22.106 8.070 20.372
172 1 2 9.098 22.465 7.979 20.732
173 1 2 8.987 22.826 7.867 21.092
174 1 2 8.886 23.196 7.766 21.463
175 1 2 8.763 23.525 7.643 21.792
176 1 2 8.651 23.875 7.531 22.142
177 1 2 8.529 24.236 7.408 22.503
178 1 2 8.470 24.595 7.350 22.862
179 1 2 8.326 24.935 7.206 23.203
181 1 2 8.215 25.327 7.094 23.595
182 1 2 8.122 25.572 7.002 23.840
183 1 2 8.093 25.762 6.972 24.030
184 1 2 9.967 20.080 8.201 19.127
185 1 2 9.062 22.161 8.006 20.373
186 1 2 9.086 22.339 7.956 20.606
187 1 2 9.003 22.457 7.873 20.713
188 1 2 8.921 22.701 7.800 20.862
189 1 2 8.827 22.798 7.846 21.061
190 1 2 8.872 22.965 7.752 21.179
191 1 2 8.885 23.154 7.839 21.335
192 1 2 8.856 23.323 7.831 21.514
193 1 2 8.794 23.503 7.705 21.643
194 1 2 8.734 23.705 7.718 21.822
195 1 2 8.626 23.612 7.722 22.117
196 1 2 8.653 24.012 7.594 22.067
197 1 2 8.611 24.076 7.556 22.405
198 1 2 8.550 24.235 7.395 22.282
199 1 2 8.554 24.509 7.453 22.607
200 1 2 8.523 24.604 7.413 22.787
201 1 2 8.484 24.858 7.425 22.935
202 1 2 8.444 25.027 7.353 23.063
203 1 2 8.498 25.110 7.292 23.275
204 1 2 8.353 25.324 7.198 23.445
205 1 2 8.302 25.462 7.105 23.637
206 1 2 8.399 25.554 7.139 23.763
207 1 2 8.253 25.769 7.109 23.911
208 1 2 8.255 25.905 7.144 24.110
209 1 2 8.236 26.053 7.072 24.270
210 1 2 8.196 26.254 6.934 24.358
211 1 2 8.239 26.316 6.959 24.568
212 1 2 8.135 26.487 7.002 24.651
213 1 2 8.128 26.698 6.984 24.831
214 1 2 8.002 26.859 6.933 25.011
215 1 2 7.952 27.050 6.893 25.159
216 1 2 7.910 27.114 6.865 25.476
217 1 2 7.998 27.280 6.693 25.396
218 1 2 7.905 27.472 6.676 25.639
219 1 2 7.812 27.654 6.689 25.828
220 1 2 7.781 27.749 6.563 25.979
221 1 2 7.741 27.940 6.640 26.114
222 1 2 7.722 28.119 6.578 26.295
223 1 2 7.682 28.268 6.581 26.453
224 1 2 7.536 28.451 6.412 26.605
225 1 2 7.591 28.576 6.394 26.816
226 1 2 7.592 28.692 6.374 26.922
227 1 2 7.575 28.955 6.313 27.113
228 1 2 7.564 28.977 6.197 27.200
229 1 2 7.450 29.169 6.263 27.388
230 1 2 7.527 29.315 6.116 27.519
231 1 2 7.474 29.369 6.129 27.666
232 1 2 7.389 29.371 6.088 27.783
233 1 2 7.346 29.330 6.090 27.973
234 1 2 7.304 29.373 6.050 28.100
235 1 2 7.228 29.281 5.861 28.327
236 1 2 7.219 29.407 6.183 27.717
237 1 2 7.156 29.493 6.120 27.814
238 1 2 7.104 29.558 6.068 27.889
239 1 2 9.977 20.091 8.212 19.137
240 1 2 7.113 29.463 6.077 27.804
241 1 2 6.933 29.500 5.897 27.851
242 1 2 7.073 29.612 6.037 27.974
243 1 2 9.988 20.080 8.222 19.127
244 1 2 7.071 29.485 6.035 27.858
245 1 2 7.092 29.485 6.057 27.868
246 1 2 7.103 29.474 6.068 27.868
247 1 2 7.114 29.474 6.078 27.878
248 1 2 7.113 29.463 6.078 27.878
249 1 2 7.103 29.474 6.068 27.900
250 1 2 7.092 29.464 6.057 27.900
251 1 2 7.113 29.463 6.079 27.910
252 1 2 7.124 29.452 6.090 27.910
253 1 2 7.103 29.453 6.068 27.921
2 7 2 10.410 27.428 9.469 25.402
3 7 2 10.439 27.238 9.534 25.485
4 7 2 10.460 27.217 9.521 25.317
5 7 2 10.470 27.175 9.552 25.295
6 7 2 10.406 27.155 9.582 25.115
7 7 2 10.373 27.093 9.495 25.012
8 7 2 10.373 27.051 9.579 24.958
9 7 2 10.369 26.809 9.547 24.937
10 7 2 10.328 26.915 9.557 24.874
11 7 2 10.432 26.734 9.535 24.811
12 7 2 10.453 26.702 9.661 24.724
13 7 2 10.421 26.692 9.574 24.558
14 7 2 10.419 26.608 9.562 24.474
15 7 2 10.481 26.449 9.649 24.588
16 7 2 10.510 26.280 9.540 24.422
17 7 2 10.562 26.195 9.560 24.359
18 7 2 10.518 26.122 9.611 24.168
19 7 2 10.559 25.974 9.632 24.136
20 7 2 10.526 25.891 9.673 24.093
21 7 2 10.599 25.858 9.619 24.000
22 7 2 10.630 25.762 9.649 23.904
23 7 2 10.639 25.668 9.680 23.819
24 7 2 10.680 25.540 9.646 23.694
25 7 2 10.647 25.499 9.646 23.641
26 7 2 10.731 25.434 9.666 23.588
27 7 2 10.709 25.382 9.729 23.524
28 7 2 10.750 25.234 9.748 23.376
29 7 2 10.705 25.099 9.758 23.323
30 7 2 10.694 25.046 9.852 23.258
31 7 2 10.756 24.961 9.798 23.144
32 7 2 10.745 24.919 9.850 23.090
33 7 2 10.764 24.761 9.848 22.932
34 7 2 10.773 24.677 9.836 22.870
35 7 2 10.793 24.561 9.846 22.796
36 7 2 10.824 24.518 9.929 22.678
37 7 2 10.812 24.423 9.896 22.574
38 7 2 10.832 24.307 9.926 22.489
39 7 2 10.831 24.244 10.000 22.435
40 7 2 10.830 24.181 9.988 22.351
41 7 2 10.850 24.128 9.933 22.194
42 7 2 10.815 23.877 10.029 22.276
43 7 2 10.835 23.782 10.080 22.128
44 7 2 10.899 23.833 9.983 21.973
45 7 2 10.813 23.699 9.971 21.868
46 7 2 10.918 23.633 10.033 21.814
47 7 2 10.972 23.716 10.083 21.592
48 7 2 10.991 23.589 10.093 21.497
49 7 2 10.870 23.298 10.019 21.520
50 7 2 10.944 23.223 10.038 21.404
51 7 2 10.964 23.149 10.048 21.340
52 7 2 10.963 23.075 10.109 21.160
53 7 2 10.961 22.991 10.130 21.149
54 7 2 10.992 22.906 10.108 21.087
55 7 2 11.011 22.759 10.106 20.961
56 7 2 11.052 22.663 10.169 20.886
57 7 2 11.072 22.589 10.209 20.738
58 7 2 11.070 22.400 10.219 20.674
59 7 2 11.090 22.379 10.197 20.633
60 7 2 11.121 22.315 10.237 20.485
61 7 2 11.130 22.189 10.310 20.357
62 7 2 11.138 21.979 10.255 20.253
63 7 2 11.158 21.894 10.255 20.211
64 7 2 11.136 21.895 10.211 20.096
65 7 2 11.136 21.853 10.241 19.991
66 7 2 11.155 21.695 10.271 19.853
67 7 2 11.165 21.642 10.258 19.728
68 7 2 11.163 21.526 10.279 19.685
69 7 2 11.204 21.442 10.342 19.621
70 7 2 11.224 21.336 10.309 19.548
71 7 2 11.232 21.178 10.360 19.389
72 7 2 11.273 21.062 10.369 19.284
73 7 2 11.336 21.050 10.378 19.210
74 7 2 11.335 20.998 10.462 19.156
75 7 2 11.354 20.819 10.492 19.019
76 7 2 11.353 20.724 10.469 18.914
77 7 2 11.446 20.596 10.479 18.819
78 7 2 11.456 20.575 10.552 18.744
79 7 2 11.455 20.501 10.603 18.638
80 7 2 11.390 20.398 10.580 18.491
81 7 2 11.400 20.293 10.600 18.428
82 7 2 11.472 20.176 10.621 18.386
83 7 2 11.461 20.134 10.662 18.332
84 7 2 11.512 20.007 10.703 18.226
85 7 2 11.585 19.963 10.797 18.077
86 7 2 11.583 19.806 10.743 18.047
87 7 2 11.603 19.721 10.753 17.963
88 7 2 11.602 19.658 10.783 17.857
89 7 2 11.633 19.595 10.919 17.739
90 7 2 11.663 19.468 10.876 17.677
91 7 2 11.745 19.267 10.843 17.604
92 7 2 11.776 19.235 10.925 17.455
93 7 2 11.786 19.193 10.988 17.380
94 7 2 11.900 18.991 10.923 17.266
95 7 2 11.792 18.888 10.943 17.171
96 7 2 11.876 18.802 10.942 17.140
97 7 2 11.855 18.803 10.888 17.046
98 7 2 11.874 18.708 10.939 16.929
99 7 2 11.873 18.582 10.980 16.845
100 7 2 11.893 18.539 11.000 16.771
101 7 2 11.923 18.423 10.999 16.697
102 7 2 12.006 18.306 11.115 16.601
103 7 2 11.994 18.223 11.091 16.464
104 7 2 12.025 18.117 11.185 16.379
105 7 2 12.084 17.853 11.217 16.389
106 7 2 12.169 17.873 11.237 16.252
107 7 2 12.170 17.915 11.245 16.094
108 7 2 12.157 17.779 11.265 16.020
109 7 2 12.208 17.631 11.306 15.914
110 7 2 12.291 17.535 11.326 15.830
111 7 2 12.290 17.472 11.378 15.745
112 7 2 12.364 17.418 11.471 15.649
113 7 2 12.372 17.281 11.428 15.555
114 7 2 12.476 17.164 11.574 15.427
115 7 2 12.538 17.089 11.561 15.280
116 7 2 12.453 16.996 11.519 15.249
117 7 2 12.494 16.922 11.559 15.133
118 7 2 12.513 16.785 11.591 15.090
119 7 2 12.596 16.658 11.631 14.974
120 7 2 12.627 16.626 11.609 14.880
121 7 2 12.658 16.573 11.693 14.878
122 7 2 12.699 16.467 11.766 14.751
123 7 2 12.739 16.351 11.754 14.646
124 7 2 12.843 16.213 11.826 14.540
125 7 2 12.905 16.138 11.794 14.488
126 7 2 12.883 16.086 11.866 14.340
127 7 2 12.976 15.917 11.875 14.256
128 7 2 12.973 15.728 12.056 14.327
129 7 2 13.089 15.705 12.042 14.127
130 7 2 13.236 15.639 12.094 14.084
131 7 2 13.256 15.545 12.104 14.000
132 7 2 13.307 15.470 12.176 13.894
133 7 2 13.390 15.354 12.196 13.810
134 7 2 13.463 15.300 12.248 13.725
135 7 2 13.516 15.268 12.288 13.598
136 7 2 13.661 15.118 12.268 13.651
137 7 2 13.212 15.409 12.439 13.806
138 7 2 13.243 15.356 12.470 13.753
139 7 2 13.294 15.271 12.522 13.668
140 7 2 13.378 15.238 12.606 13.635
141 7 2 13.450 15.132 12.678 13.529
142 7 2 13.544 15.026 12.772 13.423
143 7 2 13.649 14.972 12.877 13.369
144 7 2 13.679 14.908 12.908 13.305
145 7 2 13.752 14.844 12.981 13.241
146 7 2 13.783 14.770 13.011 13.167
147 7 2 13.908 14.684 13.137 13.082
148 7 2 14.002 14.620 13.231 13.017
149 7 2 14.086 14.587 13.315 12.984
150 7 2 14.993 13.912 13.418 12.825
151 7 2 14.169 14.491 13.398 12.889
152 7 2 14.252 14.406 13.481 12.804
153 7 2 14.325 14.352 13.554 12.750
154 7 2 14.419 14.288 13.648 12.686
155 7 2 14.481 14.235 13.711 12.632
156 7 2 14.576 14.191 13.805 12.589
157 7 2 14.669 14.127 13.899 12.525
158 7 2 14.774 14.052 14.003 12.450
159 7 2 14.868 14.008 14.097 12.406
160 7 2 14.962 13.944 14.191 12.342
161 7 2 15.056 13.911 14.286 12.309
162 7 2 15.150 13.868 14.380 12.266
163 7 2 15.244 13.824 14.474 12.223
164 7 2 15.349 13.770 14.579 12.169
165 7 2 15.443 13.727 14.673 12.125
166 7 2 15.568 13.683 14.799 12.082
167 7 2 15.662 13.650 14.893 12.049
168 7 2 15.778 13.627 15.008 12.026
169 7 2 15.872 13.573 15.102 11.972
170 7 2 15.976 13.540 15.207 11.939
171 7 2 16.070 13.497 15.301 11.896
172 7 2 16.185 13.474 15.417 11.874
173 7 2 16.311 13.441 15.542 11.840
174 7 2 16.394 13.398 15.626 11.797
175 7 2 16.499 13.375 15.731 11.775
176 7 2 16.604 13.363 15.836 11.763
177 7 2 16.698 13.341 15.930 11.740
178 7 2 16.824 13.318 16.056 11.718
179 7 2 16.918 13.274 16.150 11.675
181 7 2 17.148 13.229 16.380 11.629
182 7 2 17.252 13.175 16.484 11.576
183 7 2 17.346 13.163 16.579 11.564
184 7 2 17.461 13.130 16.694 11.531
180 7 2 17.033 13.252 16.265 11.652
185 7 2 17.566 13.097 16.798 11.498
186 7 2 17.681 13.074 16.913 11.475
187 7 2 17.796 13.052 17.029 11.453
188 7 2 17.900 13.019 17.133 11.420
189 7 2 17.994 12.996 17.227 11.398
190 7 2 18.109 12.974 17.342 11.375
191 7 2 18.213 12.962 17.447 11.363
192 7 2 18.328 12.939 17.562 11.341
193 7 2 18.443 12.916 17.677 11.318
194 7 2 18.547 12.883 17.781 11.285
195 7 2 20.126 12.129 17.940 11.387
196 7 2 18.642 12.882 17.876 11.284
197 7 2 18.725 12.849 17.959 11.251
198 7 2 18.819 12.858 18.053 11.260
199 7 2 18.913 12.846 18.147 11.249
200 7 2 18.997 12.835 18.231 11.237
201 7 2 19.070 12.813 18.304 11.215
203 7 2 19.070 12.823 18.304 11.226
204 7 2 19.132 12.791 18.367 11.193
205 7 2 19.206 12.800 18.440 11.203
206 7 2 19.236 12.768 18.471 11.171
207 7 2 19.257 12.758 18.492 11.160
208 7 2 21.511 11.879 19.603 11.291
209 7 2 21.656 11.866 19.801 11.246
210 7 2 21.666 11.845 19.770 11.268
211 7 2 21.770 11.823 19.895 11.266
212 7 2 21.771 11.854 19.895 11.276
213 7 2 22.010 11.840 20.051 11.232
214 7 2 22.218 11.806 20.187 11.210
215 7 2 22.145 11.818 20.427 11.196
216 7 2 22.426 11.793 20.416 11.196
217 7 2 22.415 11.782 20.542 11.225
218 7 2 22.509 11.792 20.636 11.214
219 7 2 22.769 11.798 20.740 11.181
220 7 2 22.956 11.764 20.875 11.189
221 7 2 22.811 11.798 21.042 11.156
222 7 2 22.905 11.796 21.156 11.154
223 7 2 23.091 11.741 21.302 11.121
224 7 2 23.226 11.739 21.364 11.110
225 7 2 23.434 11.736 21.458 11.119
226 7 2 23.559 11.755 21.646 11.095
227 7 2 23.798 11.721 21.718 11.094
228 7 2 23.746 11.742 21.979 11.070
229 7 2 23.902 11.740 22.041 11.079
230 7 2 23.952 11.646 22.093 11.068
231 7 2 24.160 11.653 22.166 11.057
232 7 2 24.223 11.694 22.311 11.003
233 7 2 24.285 11.651 22.478 11.063
234 7 2 24.492 11.628 22.593 11.051
235 7 2 24.710 11.645 22.645 11.060
236 7 2 24.865 11.622 22.811 11.027
237 7 2 24.730 11.572 22.905 11.067
238 7 2 24.875 11.580 23.008 11.034
239 7 2 25.011 11.630 23.144 11.022
240 7 2 25.238 11.596 23.248 11.042
241 7 2 25.373 11.604 23.404 11.039
242 7 2 25.642 11.569 23.331 11.020
243 7 2 25.466 11.572 23.559 11.037
244 7 2 25.549 11.602 23.798 11.023
245 7 2 25.570 11.591 23.747 11.055
246 7 2 25.684 11.590 23.861 11.054
247 7 2 25.818 11.588 23.996 11.052
248 7 2 25.943 11.596 24.121 11.061
249 7 2 26.056 11.595 24.235 11.059
250 7 2 26.170 11.593 24.349 11.057
251 7 2 26.274 11.581 24.453 11.046
252 7 2 26.387 11.579 24.567 11.044
253 7 2 26.501 11.578 24.681 11.042
