0 0 2 30.709 7.747 28.978 6.677
1 0 2 30.753 7.780 28.945 6.666
2 0 2 30.699 7.791 28.890 6.677
3 0 2 30.578 7.780 28.769 6.666
4 0 2 30.479 7.814 28.670 6.699
5 0 2 30.380 7.803 28.571 6.688
6 0 2 30.303 7.814 28.494 6.700
7 0 2 30.205 7.826 28.395 6.711
8 0 2 30.117 7.837 28.306 6.722
9 0 2 30.029 7.826 28.218 6.711
10 0 2 29.908 7.860 28.097 6.745
11 0 2 29.798 7.838 27.987 6.723
12 0 2 29.710 7.860 27.899 6.745
13 0 2 29.611 7.871 27.800 6.756
14 0 2 29.501 7.883 27.689 6.768
15 0 2 29.391 7.872 27.579 6.757
16 0 2 29.293 7.883 27.480 6.768
17 0 2 29.183 7.884 27.370 6.768
18 0 2 29.073 7.895 27.259 6.779
19 0 2 28.974 7.906 27.160 6.791
20 0 2 28.864 7.929 27.050 6.813
21 0 2 28.754 7.940 26.939 6.824
22 0 2 28.633 7.951 26.818 6.836
23 0 2 28.522 7.952 26.708 6.836
24 0 2 28.412 7.963 26.597 6.847
25 0 2 28.313 7.974 26.498 6.858
26 0 2 28.203 7.997 26.387 6.881
27 0 2 28.104 7.931 26.080 7.192
28 0 2 28.148 7.964 25.903 7.248
29 0 2 28.082 7.953 25.837 7.237
30 0 2 27.707 7.987 25.726 7.282
31 0 2 27.741 8.120 25.803 7.182
32 0 2 27.454 8.010 25.416 7.271
33 0 2 27.310 8.055 25.405 7.227
34 0 2 27.486 7.954 25.129 7.338
35 0 2 27.409 7.977 25.074 7.383
36 0 2 26.979 8.022 24.907 7.317
37 0 2 26.924 8.034 24.918 7.317
38 0 2 26.858 8.034 24.852 7.295
39 0 2 26.659 8.068 24.819 7.306
40 0 2 26.659 8.034 24.642 7.362
41 0 2 26.405 8.002 24.509 7.362
42 0 2 26.482 8.090 24.531 7.318
43 0 2 26.372 8.079 24.420 7.307
44 0 2 26.150 8.002 24.154 7.430
45 0 2 26.062 8.003 23.966 7.452
46 0 2 25.819 8.025 23.888 7.430
47 0 2 25.864 8.114 23.921 7.374
48 0 2 25.631 8.048 23.511 7.442
49 0 2 25.476 8.037 23.467 7.464
50 0 2 25.354 8.049 23.322 7.442
51 0 2 25.344 8.104 23.400 7.398
52 0 2 25.022 8.083 22.978 7.465
53 0 2 25.001 8.139 23.056 7.443
54 0 2 24.890 8.150 22.945 7.454
55 0 2 24.757 8.128 22.811 7.432
56 0 2 24.668 8.140 22.722 7.444
57 0 2 24.535 8.129 22.589 7.433
58 0 2 24.402 8.151 22.456 7.456
59 0 2 24.247 8.141 22.300 7.445
60 0 2 24.136 8.152 22.189 7.456
61 0 2 24.003 8.164 22.055 7.468
62 0 2 23.892 8.164 21.944 7.468
63 0 2 23.781 8.153 21.833 7.457
64 0 2 23.648 8.165 21.699 7.468
65 0 2 23.493 8.187 21.544 7.491
66 0 2 23.382 8.199 21.432 7.502
67 0 2 23.249 8.177 21.299 7.480
68 0 2 23.138 8.199 21.187 7.503
69 0 2 23.004 8.178 21.054 7.481
70 0 2 22.871 8.200 20.920 7.503
71 0 2 22.749 8.201 20.797 7.504
72 0 2 22.605 8.212 20.653 7.515
73 0 2 22.471 8.201 20.519 7.504
74 0 2 22.315 8.168 20.251 7.449
75 0 2 22.126 8.169 20.195 7.416
76 0 2 22.204 8.158 20.262 7.460
77 0 2 21.759 8.159 19.849 7.450
78 0 2 21.715 8.181 19.726 7.462
79 0 2 21.570 8.226 19.737 7.417
80 0 2 21.692 8.181 19.447 7.440
81 0 2 21.570 8.182 19.346 7.440
82 0 2 21.470 8.182 19.548 7.484
83 0 2 21.325 8.182 19.402 7.485
84 0 2 21.213 8.171 19.291 7.474
85 0 2 21.080 8.161 19.157 7.463
86 0 2 20.957 8.183 19.034 7.485
87 0 2 20.824 8.173 18.900 7.475
88 0 2 20.690 8.184 18.765 7.486
89 0 2 20.545 8.162 18.620 7.464
90 0 2 20.433 8.174 18.508 7.475
91 0 2 20.299 8.152 18.374 7.453
92 0 2 20.177 8.185 18.251 7.487
93 0 2 20.065 8.175 18.139 7.476
94 0 2 19.943 8.197 18.016 7.499
95 0 2 19.786 8.164 17.859 7.466
96 0 2 19.652 8.176 17.725 7.477
97 0 2 19.485 8.154 17.557 7.455
98 0 2 19.373 8.188 17.445 7.489
99 0 2 19.239 8.177 17.310 7.478
100 0 2 19.127 8.211 17.198 7.512
101 0 2 18.959 8.167 17.030 7.468
102 0 2 18.825 8.178 16.895 7.479
103 0 2 18.669 8.145 16.738 7.446
104 0 2 18.568 8.190 16.638 7.491
105 0 2 18.434 8.179 16.503 7.480
106 0 2 18.345 8.191 16.413 7.491
107 0 2 18.154 8.146 16.222 7.447
108 0 2 18.031 8.158 16.099 7.458
109 0 2 17.908 8.225 15.976 7.526
110 0 2 17.762 8.147 15.829 7.448
111 0 2 17.628 8.137 15.694 7.437
112 0 2 17.493 8.115 15.559 7.415
113 0 2 17.359 8.126 15.424 7.426
114 0 2 17.224 8.115 15.289 7.415
115 0 2 17.090 8.127 15.155 7.427
116 0 2 16.955 8.105 15.020 7.405
117 0 2 16.821 8.094 14.885 7.394
118 0 2 16.686 8.072 14.749 7.372
119 0 2 16.551 8.061 14.614 7.361
120 0 2 16.416 8.051 14.479 7.350
121 0 2 16.282 8.051 14.344 7.350
122 0 2 16.169 8.040 14.231 7.339
123 0 2 16.023 8.007 14.085 7.306
124 0 2 15.900 7.985 13.961 7.284
125 0 2 15.765 7.974 13.826 7.273
126 0 2 15.652 7.963 13.713 7.262
127 0 2 15.506 7.941 13.566 7.240
128 0 2 15.405 7.930 13.465 7.229
129 0 2 15.281 7.919 13.341 7.218
130 0 2 15.180 7.897 13.239 7.196
131 0 2 15.067 7.864 13.126 7.162
132 0 2 14.955 7.853 13.013 7.151
133 0 2 14.854 7.853 12.912 7.151
134 0 2 14.741 7.842 12.799 7.140
135 0 2 14.662 7.831 12.720 7.129
136 0 2 14.572 7.809 12.629 7.107
137 0 2 14.459 7.798 12.516 7.096
138 0 2 14.369 7.787 12.426 7.085
139 0 2 14.268 7.787 12.324 7.085
140 0 2 14.178 7.776 12.234 7.074
141 0 2 14.088 7.765 12.143 7.063
142 0 2 14.031 7.743 12.087 7.041
143 0 2 13.930 7.732 11.985 7.030
144 0 2 13.851 7.721 11.906 7.019
145 0 2 13.761 7.699 11.815 6.996
146 0 2 13.670 7.710 11.725 7.008
147 0 2 13.580 7.666 11.634 6.963
148 0 2 13.490 7.655 11.544 6.952
149 0 2 13.400 7.644 11.453 6.941
150 0 2 13.309 7.633 11.363 6.930
151 0 2 13.230 7.633 11.283 6.930
152 0 2 13.140 7.622 11.193 6.919
153 0 2 13.050 7.611 11.102 6.908
154 0 2 12.971 7.589 11.023 6.886
155 0 2 12.880 7.555 10.932 6.852
156 0 2 12.790 7.578 10.842 6.875
157 0 2 12.711 7.533 10.762 6.830
158 0 2 12.621 7.556 10.672 6.852
159 0 2 12.530 7.511 10.581 6.808
160 0 2 12.451 7.511 10.502 6.808
161 0 2 12.383 7.500 10.434 6.797
162 0 2 12.293 7.489 10.343 6.786
163 0 2 12.191 7.467 10.241 6.763
164 0 2 12.112 7.456 10.162 6.752
165 0 2 12.010 7.445 10.060 6.741
166 0 2 11.954 7.445 10.003 6.741
167 0 2 11.852 7.434 9.901 6.730
168 0 2 11.761 7.423 9.810 6.719
169 0 2 11.682 7.401 9.731 6.697
170 0 2 11.592 7.401 9.640 6.697
171 0 2 11.490 7.379 9.538 6.675
172 0 2 11.411 7.379 9.458 6.675
173 0 2 11.309 7.357 9.356 6.652
174 0 2 11.230 7.357 9.277 6.652
175 0 2 11.139 7.335 9.186 6.630
176 0 2 11.048 7.335 9.095 6.630
177 0 2 10.958 7.313 9.004 6.608
178 0 2 10.867 7.313 8.913 6.608
179 0 2 10.776 7.290 8.822 6.586
180 0 2 10.686 7.291 8.731 6.586
181 0 2 10.595 7.268 8.640 6.563
182 0 2 10.505 7.269 8.549 6.564
183 0 2 10.414 7.246 8.458 6.541
184 0 2 10.323 7.246 8.368 6.541
185 0 2 10.255 7.235 8.299 6.530
186 0 2 10.153 7.213 8.197 6.508
187 0 2 10.074 7.213 8.117 6.508
188 0 2 9.983 7.191 8.026 6.486
189 0 2 9.881 7.191 7.924 6.486
190 0 2 9.802 7.180 7.844 6.475
191 0 2 9.711 7.169 7.753 6.463
192 0 2 9.609 7.147 7.651 6.441
193 0 2 9.529 7.147 7.571 6.441
194 0 2 9.438 7.125 7.480 6.419
195 0 2 9.325 7.125 7.366 6.419
196 0 2 9.257 7.114 7.298 6.408
197 0 2 9.166 7.091 7.207 6.385
198 0 2 9.075 7.080 7.115 6.374
199 0 2 9.007 7.069 7.047 6.363
200 0 2 8.882 7.069 6.922 6.363
201 0 2 8.814 7.058 6.853 6.352
202 0 2 8.723 7.047 6.762 6.341
203 0 2 8.632 7.036 6.671 6.330
204 0 2 8.552 7.014 6.591 6.307
205 0 2 8.461 7.003 6.500 6.296
206 0 2 8.370 6.992 6.409 6.285
207 0 2 8.268 6.992 6.306 6.285
208 0 2 8.211 6.981 6.249 6.274
209 0 2 8.109 6.970 6.146 6.263
210 0 2 8.029 6.947 6.066 6.240
211 0 2 7.961 6.936 5.998 6.229
212 0 2 7.870 6.925 5.907 6.218
213 0 2 7.767 6.925 5.804 6.218
214 0 2 7.711 6.914 5.747 6.207
215 0 2 7.608 6.903 5.644 6.196
216 0 2 7.528 6.892 5.564 6.185
217 0 2 7.437 6.847 5.473 6.140
218 0 2 7.369 6.847 5.404 6.140
219 0 2 7.266 6.825 5.301 6.117
220 0 2 7.198 6.813 5.233 6.106
221 0 2 7.107 6.780 5.141 6.072
222 0 2 7.050 6.780 5.084 6.072
223 0 2 6.958 6.746 4.993 6.039
224 0 2 6.890 6.735 4.924 6.027
225 0 2 6.787 6.690 4.821 5.982
226 0 2 6.696 6.679 4.729 5.971
227 0 2 6.639 6.645 4.672 5.937
228 0 2 6.571 6.645 4.603 5.937
229 0 2 6.468 6.612 4.500 5.904
230 0 2 6.411 6.578 4.443 5.870
231 0 2 6.331 6.533 4.363 5.825
232 0 2 6.262 6.533 4.294 5.825
233 0 2 6.171 6.488 4.202 5.780
234 0 2 6.114 6.466 4.145 5.757
235 0 2 6.045 6.432 4.076 5.723
236 0 2 5.976 6.398 4.007 5.690
237 0 2 5.896 6.353 3.927 5.644
238 0 2 5.827 6.320 3.858 5.611
239 0 2 5.759 6.286 3.789 5.577
240 0 2 5.702 6.263 3.732 5.554
241 0 2 5.633 6.230 3.663 5.520
242 0 2 5.564 6.196 3.594 5.487
243 0 2 5.484 6.151 3.514 5.441
244 0 2 5.427 6.128 3.456 5.419
245 0 2 5.347 6.061 3.376 5.351
246 0 2 5.289 6.038 3.318 5.329
247 0 2 5.221 6.004 3.249 5.295
248 0 2 5.175 5.971 3.203 5.261
249 0 2 5.094 5.903 3.123 5.193
250 0 2 5.026 5.881 3.054 5.170
251 0 2 4.991 5.813 3.019 5.103
252 0 2 4.922 5.802 2.950 5.091
253 0 2 4.854 5.745 2.881 5.035
254 0 2 4.785 5.712 2.812 5.001
255 0 2 4.727 5.666 2.755 4.956
256 0 2 4.659 5.633 2.686 4.922
257 0 2 4.590 5.599 2.617 4.888
258 0 2 4.555 5.554 2.582 4.843
0 1 2 32.668 9.178 30.941 8.023
1 1 2 32.712 9.211 30.908 8.001
2 1 2 32.797 8.813 30.887 8.134
3 1 2 32.764 8.824 30.887 8.145
4 1 2 32.786 8.901 30.909 8.122
5 1 2 32.720 8.835 30.810 8.156
6 1 2 32.743 8.879 30.854 8.123
7 1 2 32.841 8.912 30.624 8.168
8 1 2 32.896 8.879 30.646 8.156
9 1 2 32.907 8.901 30.700 8.145
10 1 2 32.929 8.890 30.711 8.123
11 1 2 32.929 8.912 30.788 8.101
12 1 2 32.918 8.912 30.799 8.090
13 1 2 32.885 8.890 30.821 8.090
14 1 2 32.808 8.923 30.788 8.090
15 1 2 32.819 8.901 30.854 8.089
16 1 2 32.863 8.879 30.843 8.123
17 1 2 32.885 8.879 30.854 8.134
18 1 2 32.874 8.879 30.843 8.134
19 1 2 32.863 8.879 30.832 8.134
20 1 2 32.863 8.868 30.832 8.123
21 1 2 32.863 8.879 30.876 8.100
22 1 2 32.808 8.890 30.865 8.089
23 1 2 32.863 8.879 30.843 8.067
24 1 2 32.874 8.901 30.832 8.034
25 1 2 32.841 8.890 30.831 8.023
26 1 2 32.786 8.901 30.700 8.023
27 1 2 32.797 8.890 30.755 8.012
28 1 2 32.797 8.846 30.788 8.101
29 1 2 32.786 8.835 30.777 8.090
30 1 2 32.797 8.835 30.788 8.090
31 1 2 32.775 8.835 30.766 8.090
32 1 2 32.786 8.846 30.777 8.101
33 1 2 32.786 8.846 30.777 8.101
34 1 2 32.797 8.846 30.788 8.101
35 1 2 32.786 8.835 30.777 8.090
36 1 2 32.764 8.813 31.083 7.956
37 1 2 32.666 8.813 31.051 7.956
38 1 2 32.710 8.835 31.073 7.967
39 1 2 32.895 8.791 30.919 8.045
40 1 2 32.808 8.824 30.831 7.935
41 1 2 32.841 8.780 30.919 7.934
42 1 2 32.808 8.791 30.897 7.912
43 1 2 32.775 8.769 30.919 7.934
44 1 2 32.731 8.769 30.930 7.923
45 1 2 32.818 8.725 30.886 7.979
46 1 2 32.720 8.780 30.820 7.946
47 1 2 32.742 8.780 30.820 7.935
48 1 2 32.753 8.747 30.831 8.001
49 1 2 32.676 8.769 30.798 7.957
50 1 2 32.687 8.780 30.820 7.979
51 1 2 32.709 8.758 30.842 7.979
52 1 2 32.742 8.747 30.853 8.001
53 1 2 32.731 8.758 30.842 8.012
54 1 2 32.731 8.758 30.842 8.012
55 1 2 32.731 8.758 30.842 8.012
56 1 2 32.742 8.747 30.853 8.001
57 1 2 32.742 8.747 30.853 8.001
58 1 2 32.742 8.747 30.853 8.001
59 1 2 32.731 8.758 30.842 8.012
60 1 2 32.731 8.758 30.842 8.012
61 1 2 32.731 8.758 30.842 8.012
62 1 2 32.742 8.747 30.853 8.001
63 1 2 32.742 8.747 30.853 8.001
64 1 2 32.742 8.747 30.853 8.001
65 1 2 32.731 8.758 30.842 8.012
66 1 2 32.731 8.758 30.842 8.012
67 1 2 32.731 8.758 30.842 8.012
68 1 2 32.742 8.747 30.853 8.001
69 1 2 32.742 8.758 30.853 8.012
70 1 2 32.742 8.747 30.853 8.001
71 1 2 32.731 8.758 30.842 8.012
72 1 2 32.731 8.758 30.842 8.012
73 1 2 32.764 8.758 30.875 8.012
74 1 2 32.764 8.758 30.875 8.012
75 1 2 32.786 8.758 30.897 8.012
76 1 2 32.753 8.747 30.864 8.001
77 1 2 32.786 8.747 30.897 8.001
78 1 2 32.753 8.758 30.864 8.012
79 1 2 32.786 8.747 30.897 8.001
80 1 2 32.753 8.758 30.864 8.012
81 1 2 32.786 8.758 30.897 8.012
82 1 2 32.753 8.758 30.864 8.012
83 1 2 32.786 8.747 30.897 8.001
84 1 2 32.753 8.758 30.864 8.012
85 1 2 32.786 8.747 30.897 8.001
86 1 2 32.753 8.758 30.864 8.012
87 1 2 32.808 8.846 30.842 7.979
88 1 2 32.786 8.791 30.897 8.045
89 1 2 32.786 8.802 30.897 8.056
90 1 2 32.786 8.791 30.897 8.045
91 1 2 32.775 8.802 30.887 8.056
92 1 2 32.786 8.802 30.897 8.056
93 1 2 32.786 8.802 30.897 8.056
94 1 2 32.830 8.835 30.919 7.990
95 1 2 32.841 8.868 30.886 7.990
96 1 2 32.753 8.868 30.853 7.946
97 1 2 32.775 8.791 30.886 8.045
98 1 2 32.797 8.868 30.820 7.979
99 1 2 32.775 8.890 30.809 7.968
100 1 2 32.797 8.868 30.886 7.979
101 1 2 32.786 8.813 30.898 8.067
102 1 2 32.786 8.813 30.898 8.067
103 1 2 32.786 8.813 30.898 8.067
104 1 2 32.797 8.802 30.908 8.056
105 1 2 32.797 8.813 30.909 8.067
106 1 2 32.797 8.802 30.908 8.056
107 1 2 32.786 8.813 30.898 8.067
108 1 2 32.786 8.813 30.898 8.067
109 1 2 32.808 8.868 30.853 7.901
110 1 2 32.797 8.780 30.908 8.034
111 1 2 32.830 8.824 30.853 7.901
112 1 2 32.819 8.769 30.930 8.023
113 1 2 32.808 8.835 30.765 7.935
114 1 2 32.753 8.758 30.864 8.012
115 1 2 32.808 8.824 30.908 7.890
116 1 2 32.764 8.868 30.853 7.879
117 1 2 32.764 8.868 30.853 7.890
118 1 2 32.786 8.857 30.842 7.879
119 1 2 32.786 8.857 30.842 7.890
120 1 2 32.819 8.824 30.820 7.913
121 1 2 32.786 8.868 30.787 7.913
122 1 2 32.797 8.846 30.809 7.924
123 1 2 32.786 8.835 30.798 7.913
124 1 2 32.797 8.846 30.787 7.924
125 1 2 32.786 8.846 30.820 7.924
126 1 2 32.753 8.780 30.864 8.034
127 1 2 32.994 8.857 31.106 8.111
128 1 2 32.764 8.780 30.875 8.034
129 1 2 32.764 8.780 30.875 8.034
130 1 2 32.654 8.747 30.766 8.001
131 1 2 32.753 8.769 30.864 8.023
132 1 2 32.753 8.769 30.864 8.023
133 1 2 32.786 8.791 30.897 8.045
134 1 2 32.764 8.780 30.875 8.034
135 1 2 32.764 8.780 30.875 8.034
136 1 2 32.742 8.769 30.853 8.023
137 1 2 32.753 8.769 30.864 8.023
138 1 2 32.753 8.769 30.864 8.023
139 1 2 32.775 8.780 30.886 8.034
140 1 2 32.764 8.780 30.875 8.034
141 1 2 32.764 8.780 30.875 8.034
142 1 2 32.753 8.769 30.864 8.023
143 1 2 32.753 8.769 30.864 8.023
144 1 2 32.753 8.769 30.864 8.023
145 1 2 32.764 8.780 30.875 8.034
146 1 2 32.764 8.780 30.875 8.034
147 1 2 32.764 8.780 30.875 8.034
148 1 2 32.753 8.769 30.864 8.023
149 1 2 32.753 8.769 30.864 8.023
150 1 2 32.753 8.769 30.864 8.023
151 1 2 32.764 8.780 30.875 8.034
152 1 2 32.764 8.780 30.875 8.034
153 1 2 32.764 8.780 30.875 8.034
154 1 2 32.753 8.769 30.864 8.023
155 1 2 32.753 8.769 30.864 8.023
156 1 2 32.753 8.769 30.864 8.023
157 1 2 32.764 8.780 30.875 8.034
158 1 2 32.764 8.780 30.875 8.034
159 1 2 32.764 8.780 30.875 8.034
160 1 2 32.753 8.769 30.864 8.023
161 1 2 32.753 8.769 30.864 8.023
162 1 2 32.753 8.769 30.864 8.023
163 1 2 32.764 8.780 30.875 8.034
164 1 2 32.764 8.780 30.875 8.034
165 1 2 32.764 8.780 30.875 8.034
166 1 2 32.753 8.780 30.864 8.034
167 1 2 32.753 8.780 30.864 8.034
168 1 2 32.797 8.846 30.787 7.957
169 1 2 32.753 8.780 30.864 8.034
170 1 2 32.808 8.846 30.842 7.935
171 1 2 32.797 8.835 30.787 7.935
172 1 2 32.808 8.846 30.809 7.924
173 1 2 32.775 8.857 30.842 7.879
174 1 2 32.764 8.758 30.875 8.012
175 1 2 32.775 8.747 30.886 8.001
176 1 2 32.775 8.747 30.886 8.001
177 1 2 32.775 8.747 30.886 8.001
178 1 2 32.764 8.758 30.875 8.012
179 1 2 32.764 8.758 30.875 8.012
180 1 2 32.742 8.758 30.853 8.012
181 1 2 32.753 8.747 30.864 8.001
182 1 2 32.753 8.747 30.864 8.001
183 1 2 32.753 8.747 30.864 8.001
184 1 2 32.742 8.758 30.853 8.012
185 1 2 32.742 8.758 30.853 8.012
186 1 2 32.720 8.758 30.831 8.012
187 1 2 32.731 8.758 30.842 8.012
188 1 2 32.731 8.758 30.842 8.012
189 1 2 32.731 8.758 30.842 8.012
190 1 2 32.720 8.758 30.831 8.012
191 1 2 32.720 8.758 30.831 8.012
192 1 2 32.698 8.758 30.809 8.012
193 1 2 32.709 8.758 30.820 8.012
194 1 2 32.709 8.758 30.820 8.012
195 1 2 32.709 8.758 30.820 8.012
196 1 2 32.698 8.758 30.809 8.012
197 1 2 32.698 8.758 30.809 8.012
198 1 2 32.698 8.758 30.809 8.012
199 1 2 32.687 8.758 30.798 8.012
200 1 2 32.687 8.758 30.798 8.012
201 1 2 32.687 8.747 30.798 8.001
202 1 2 32.676 8.747 30.787 8.001
203 1 2 32.676 8.747 30.787 8.001
204 1 2 32.731 8.802 30.941 7.956
205 1 2 32.764 8.758 30.886 8.012
206 1 2 32.753 8.769 30.875 8.023
207 1 2 32.764 8.758 30.886 8.012
208 1 2 32.764 8.769 30.886 8.023
209 1 2 32.775 8.769 30.897 8.023
210 1 2 32.764 8.769 30.886 8.023
211 1 2 32.764 8.758 30.886 8.012
212 1 2 32.753 8.769 30.875 8.023
213 1 2 32.764 8.758 30.886 8.012
214 1 2 32.688 8.880 30.842 8.012
215 1 2 32.731 8.813 30.865 8.067
216 1 2 32.753 8.802 30.887 8.056
217 1 2 32.720 8.824 30.854 8.078
218 1 2 32.720 8.824 30.854 8.078
219 1 2 32.655 8.880 30.788 8.134
220 1 2 32.731 8.813 30.865 8.067
221 1 2 32.720 8.824 30.854 8.078
222 1 2 32.753 8.802 30.887 8.056
223 1 2 32.731 8.813 30.865 8.067
224 1 2 32.731 8.813 30.865 8.067
225 1 2 32.720 8.824 30.854 8.078
226 1 2 32.720 8.824 30.854 8.078
227 1 2 32.720 8.824 30.854 8.078
228 1 2 32.731 8.813 30.865 8.067
229 1 2 32.731 8.813 30.865 8.067
230 1 2 32.731 8.813 30.865 8.067
231 1 2 32.720 8.824 30.854 8.078
232 1 2 32.720 8.824 30.854 8.078
233 1 2 32.720 8.824 30.854 8.078
234 1 2 32.731 8.813 30.865 8.067
235 1 2 32.731 8.813 30.865 8.067
236 1 2 32.731 8.813 30.865 8.067
237 1 2 32.720 8.824 30.854 8.078
238 1 2 32.720 8.824 30.854 8.078
239 1 2 32.720 8.824 30.854 8.078
240 1 2 32.731 8.813 30.865 8.067
241 1 2 32.731 8.824 30.865 8.078
242 1 2 32.731 8.813 30.865 8.067
243 1 2 32.720 8.824 30.854 8.078
244 1 2 32.731 8.813 30.865 8.067
245 1 2 32.720 8.824 30.854 8.078
246 1 2 32.731 8.813 30.865 8.067
247 1 2 32.731 8.824 30.865 8.078
248 1 2 32.731 8.813 30.865 8.067
249 1 2 32.731 8.824 30.865 8.078
250 1 2 32.731 8.813 30.865 8.067
251 1 2 32.731 8.824 30.865 8.078
252 1 2 32.731 8.813 30.865 8.067
253 1 2 32.731 8.824 30.865 8.078
254 1 2 32.731 8.813 30.865 8.067
255 1 2 32.731 8.824 30.865 8.078
256 1 2 32.731 8.813 30.865 8.067
257 1 2 32.731 8.824 30.865 8.078
258 1 2 32.731 8.813 30.865 8.067
259 1 2 32.731 8.824 30.865 8.078
260 1 2 32.731 8.813 30.865 8.067
261 1 2 32.731 8.824 30.865 8.078
262 1 2 32.731 8.824 30.865 8.078
263 1 2 32.731 8.813 30.865 8.067
264 1 2 32.731 8.813 30.865 8.067
265 1 2 32.731 8.813 30.865 8.067
266 1 2 32.753 8.791 30.886 8.045
267 1 2 32.720 8.824 30.854 8.078
268 1 2 32.753 8.791 30.886 8.045
269 1 2 32.720 8.824 30.854 8.078
270 1 2 32.753 8.791 30.886 8.045
271 1 2 32.742 8.824 30.876 8.078
272 1 2 32.742 8.791 30.875 8.045
273 1 2 32.753 8.802 30.887 8.056
274 1 2 32.753 8.802 30.887 8.056
275 1 2 32.775 8.802 30.908 8.056
276 1 2 32.786 8.791 30.919 8.045
277 1 2 32.764 8.791 30.897 8.045
278 1 2 32.797 8.791 30.930 8.045
279 1 2 32.775 8.802 30.908 8.056
280 1 2 32.797 8.802 30.930 8.056
281 1 2 32.797 8.802 30.930 8.056
282 1 2 32.786 8.791 30.919 8.045
283 1 2 32.841 8.791 30.908 8.001
284 1 2 32.764 8.835 30.908 7.979
285 1 2 32.753 8.868 30.919 7.979
286 1 2 32.808 8.846 30.930 8.001
287 1 2 32.808 8.802 30.952 8.056
288 1 2 32.808 8.813 30.952 8.067
289 1 2 32.819 8.813 30.963 8.067
290 1 2 32.808 8.813 30.952 8.067
291 1 2 32.830 8.802 30.974 8.056
292 1 2 32.819 8.813 30.963 8.067
293 1 2 32.830 8.802 30.974 8.056
294 1 2 32.808 8.813 30.952 8.067
295 1 2 32.819 8.813 30.963 8.067
296 1 2 32.808 8.813 30.952 8.067
297 1 2 32.830 8.802 30.974 8.056
298 1 2 32.819 8.813 30.963 8.067
299 1 2 32.830 8.802 30.974 8.056
300 1 2 32.808 8.813 30.952 8.067
301 1 2 32.819 8.802 30.963 8.056
302 1 2 32.808 8.813 30.952 8.067
303 1 2 32.830 8.802 30.974 8.056
304 1 2 32.819 8.813 30.963 8.067
305 1 2 32.841 8.802 30.985 8.056
306 1 2 32.808 8.813 30.952 8.067
307 1 2 32.819 8.802 30.963 8.056
308 1 2 32.786 8.813 30.930 8.067
309 1 2 32.830 8.802 30.974 8.056
310 1 2 32.841 8.813 30.985 8.067
311 1 2 33.015 8.757 31.161 8.011
312 1 2 32.830 8.813 30.974 8.067
313 1 2 32.852 8.802 30.996 8.056
314 1 2 32.753 8.813 30.898 8.067
315 1 2 32.841 8.791 30.985 8.045
316 1 2 32.830 8.791 30.974 8.045
317 1 2 32.873 8.780 31.018 8.034
318 1 2 32.841 8.780 30.985 8.034
319 1 2 32.851 8.780 30.996 8.034
320 1 2 32.819 8.791 30.963 8.045
321 1 2 32.841 8.791 30.985 8.045
322 1 2 32.830 8.791 30.974 8.045
323 1 2 32.862 8.780 31.007 8.034
324 1 2 32.841 8.780 30.985 8.034
325 1 2 32.851 8.780 30.996 8.034
326 1 2 32.830 8.791 30.974 8.045
327 1 2 32.841 8.791 30.985 8.045
328 1 2 32.830 8.791 30.974 8.045
329 1 2 32.851 8.780 30.996 8.034
330 1 2 32.841 8.780 30.985 8.034
331 1 2 32.851 8.780 30.996 8.034
332 1 2 32.830 8.791 30.974 8.045
333 1 2 32.841 8.791 30.985 8.045
334 1 2 32.830 8.791 30.974 8.045
335 1 2 32.851 8.780 30.996 8.034
336 1 2 32.841 8.780 30.985 8.034
337 1 2 32.851 8.780 30.996 8.034
338 1 2 32.830 8.791 30.974 8.045
339 1 2 32.841 8.780 30.985 8.034
340 1 2 32.830 8.791 30.974 8.045
10 5 2 10.873 28.550 9.843 26.773
11 5 2 10.784 28.821 9.821 26.830
12 5 2 10.761 28.754 9.820 26.728
13 5 2 10.738 28.654 9.831 26.594
14 5 2 10.680 28.543 9.887 26.492
15 5 2 10.748 28.463 9.943 26.434
16 5 2 10.736 28.407 9.953 26.300
17 5 2 10.701 28.262 9.840 26.234
18 5 2 10.802 28.013 9.952 26.098
19 5 2 10.813 28.024 9.974 25.929
20 5 2 10.801 27.923 9.962 25.907
21 5 2 10.744 27.891 9.917 25.840
22 5 2 10.732 27.756 9.916 25.705
23 5 2 10.821 27.553 9.869 25.493
24 5 2 10.855 27.463 9.926 25.492
25 5 2 10.798 27.430 10.016 25.367
26 5 2 10.763 27.217 9.981 25.199
27 5 2 10.683 27.118 9.890 25.133
28 5 2 10.784 27.015 9.946 25.042
29 5 2 10.716 26.960 9.945 24.885
30 5 2 10.682 26.905 9.898 24.717
31 5 2 10.681 26.837 9.864 24.639
32 5 2 10.669 26.636 9.841 24.527
33 5 2 10.657 26.557 9.829 24.438
34 5 2 10.712 26.343 9.885 24.347
35 5 2 10.711 26.220 9.884 24.224
36 5 2 10.710 26.051 9.827 24.146
37 5 2 10.699 25.995 9.849 24.000
38 5 2 10.709 25.872 9.814 23.865
39 5 2 10.742 25.692 9.870 23.741
40 5 2 10.697 25.648 9.801 23.618
41 5 2 10.797 25.478 9.879 23.471
42 5 2 10.740 25.288 9.901 23.359
43 5 2 10.773 25.153 9.821 23.180
44 5 2 10.795 25.040 9.764 23.159
45 5 2 10.783 24.973 9.853 22.933
46 5 2 10.838 24.748 9.910 22.876
47 5 2 10.838 24.725 9.965 22.662
48 5 2 10.860 24.613 9.953 22.583
49 5 2 10.780 24.423 9.918 22.460
50 5 2 10.802 24.322 9.963 22.325
51 5 2 10.801 24.221 9.973 22.179
52 5 2 10.868 24.074 9.939 22.056
53 5 2 10.743 23.986 9.847 21.900
54 5 2 10.789 24.176 9.959 21.651
55 5 2 10.787 23.728 9.959 21.685
56 5 2 10.785 23.492 9.890 21.551
57 5 2 10.740 23.414 9.866 21.349
58 5 2 10.795 23.211 9.945 21.292
59 5 2 10.839 23.087 9.955 21.101
60 5 2 10.850 22.952 9.932 20.978
61 5 2 10.883 22.772 9.909 20.877
62 5 2 10.848 22.638 9.930 20.719
63 5 2 10.768 22.583 9.930 20.585
64 5 2 10.722 22.382 9.917 20.439
65 5 2 10.744 22.303 9.939 20.326
66 5 2 10.709 22.101 9.847 20.125
67 5 2 10.787 21.966 9.892 19.990
68 5 2 10.730 21.888 9.869 19.889
69 5 2 10.628 21.777 9.788 19.733
70 5 2 10.615 21.541 9.753 19.553
71 5 2 10.659 21.417 9.809 19.440
72 5 2 10.726 21.237 9.820 19.294
73 5 2 10.691 21.047 9.830 19.126
74 5 2 10.747 20.945 9.795 18.980
75 5 2 10.690 20.867 9.851 18.878
76 5 2 10.689 20.676 9.862 18.754
77 5 2 10.722 20.552 9.826 18.564
78 5 2 10.653 20.430 9.916 18.451
79 5 2 10.698 20.317 9.881 18.294
80 5 2 10.685 20.093 9.914 18.136
81 5 2 10.696 19.980 9.846 18.024
82 5 2 10.672 19.835 9.845 17.845
83 5 2 10.660 19.678 9.878 17.687
84 5 2 10.670 19.531 9.843 17.598
85 5 2 10.659 19.442 9.831 17.396
86 5 2 10.611 19.128 9.819 17.418
87 5 2 10.645 19.094 9.772 17.126
88 5 2 10.644 18.982 9.772 17.014
89 5 2 10.610 18.825 9.748 16.880
90 5 2 10.563 18.679 9.713 16.655
91 5 2 10.585 18.556 9.780 16.576
92 5 2 10.640 18.252 9.848 16.530
93 5 2 10.627 18.039 9.813 16.407
94 5 2 10.662 18.117 9.812 16.149
95 5 2 10.649 17.915 9.799 15.946
96 5 2 10.592 17.803 9.844 15.845
97 5 2 10.636 17.635 9.775 15.722
98 5 2 10.602 17.534 9.751 15.565
99 5 2 10.634 17.287 9.841 15.373
100 5 2 10.634 17.264 9.817 15.216
101 5 2 10.553 17.040 9.770 14.992
102 5 2 10.575 16.883 9.736 14.880
103 5 2 10.586 16.771 9.769 14.778
104 5 2 10.596 16.647 9.802 14.643
105 5 2 10.629 16.433 9.813 14.508
106 5 2 10.594 16.310 9.800 14.328
107 5 2 10.537 16.254 9.777 14.216
108 5 2 10.536 16.007 9.776 14.003
109 5 2 10.557 15.861 9.650 13.925
110 5 2 10.568 15.760 9.661 13.779
111 5 2 10.488 15.592 9.694 13.565
112 5 2 10.498 15.424 9.693 13.475
113 5 2 10.520 15.278 9.647 13.374
114 5 2 10.609 15.120 9.680 13.149
115 5 2 10.597 14.951 9.611 13.037
116 5 2 10.596 14.817 9.542 12.925
117 5 2 10.528 14.705 9.552 12.712
118 5 2 10.605 14.468 9.439 12.690
119 5 2 10.628 14.401 9.551 12.465
120 5 2 10.525 14.256 9.471 12.353
121 5 2 10.501 14.087 9.413 12.196
122 5 2 10.625 13.907 9.242 12.028
123 5 2 10.365 14.111 9.606 12.251
124 5 2 10.342 13.976 9.583 12.116
125 5 2 10.296 13.819 9.536 11.959
126 5 2 10.384 13.392 9.250 11.522
127 5 2 10.405 13.189 9.022 11.321
128 5 2 10.237 13.449 9.477 11.588
129 5 2 10.179 13.292 9.420 11.431
130 5 2 10.133 13.146 9.373 11.285
131 5 2 10.064 12.990 9.304 11.128
132 5 2 10.029 12.889 9.270 11.027
133 5 2 9.960 12.732 9.201 10.870
134 5 2 9.892 12.620 9.132 10.758
135 5 2 9.811 12.452 9.051 10.590
136 5 2 9.743 12.340 8.983 10.477
137 5 2 9.674 12.205 8.914 10.343
138 5 2 9.616 12.082 8.856 10.219
139 5 2 9.548 11.970 8.787 10.107
140 5 2 9.456 11.881 8.696 10.017
141 5 2 9.376 11.735 8.615 9.872
142 5 2 9.285 11.623 8.524 9.759
143 5 2 9.216 11.488 8.455 9.625
144 5 2 9.136 11.388 8.375 9.524
145 5 2 9.044 11.298 8.283 9.434
146 5 2 8.953 11.186 8.192 9.322
147 5 2 8.850 11.063 8.089 9.198
148 5 2 8.759 10.973 7.997 9.109
149 5 2 8.667 10.861 7.905 8.996
150 5 2 8.587 10.760 7.825 8.895
151 5 2 8.495 10.671 7.734 8.806
152 5 2 8.381 10.581 7.619 8.716
153 5 2 8.278 10.481 7.516 8.615
154 5 2 8.187 10.368 7.425 8.502
155 5 2 8.072 10.245 7.310 8.379
156 5 2 7.993 10.200 7.230 8.334
157 5 2 7.901 10.088 7.138 8.222
158 5 2 7.787 10.032 7.024 8.166
159 5 2 7.684 9.920 6.921 8.053
160 5 2 7.570 9.831 6.807 7.963
161 5 2 7.478 9.730 6.715 7.862
162 5 2 7.375 9.663 6.612 7.795
163 5 2 7.284 9.595 6.520 7.728
164 5 2 7.169 9.539 6.406 7.671
165 5 2 7.044 9.427 6.280 7.559
166 5 2 6.929 9.338 6.165 7.469
167 5 2 6.849 9.259 6.085 7.390
168 5 2 6.735 9.214 5.971 7.345
169 5 2 6.620 9.125 5.856 7.256
170 5 2 6.506 9.069 5.742 7.199
171 5 2 6.403 9.001 5.639 7.132
172 5 2 6.289 8.934 5.524 7.064
173 5 2 6.208 8.822 5.444 6.952
174 5 2 6.094 8.811 5.329 6.941
175 5 2 6.002 8.743 5.238 6.873
176 5 2 5.877 8.721 5.112 6.851
177 5 2 5.785 8.620 5.020 6.749
178 5 2 5.671 8.553 4.905 6.682
179 5 2 5.579 8.485 4.813 6.614
180 5 2 5.476 8.474 4.711 6.603
181 5 2 5.384 8.407 4.619 6.536
182 5 2 5.258 8.362 4.493 6.491
183 5 2 5.178 8.284 4.412 6.412
184 5 2 5.052 8.216 4.286 6.344
185 5 2 4.937 8.115 4.171 6.243
186 5 2 4.857 8.115 4.091 6.243
187 5 2 4.731 8.070 3.965 6.198
188 5 2 4.617 8.026 3.850 6.153
189 5 2 4.536 7.924 3.769 6.051
190 5 2 4.433 7.891 3.666 6.017
191 5 2 4.341 7.834 3.574 5.961
192 5 2 4.238 7.789 3.471 5.916
193 5 2 4.146 7.756 3.379 5.882
194 5 2 4.032 7.711 3.264 5.837
195 5 2 3.940 7.666 3.172 5.792
196 5 2 3.848 7.621 3.081 5.747
197 5 2 3.745 7.565 2.977 5.690
198 5 2 3.630 7.542 2.862 5.668
199 5 2 3.550 7.475 2.782 5.600
200 5 2 3.435 7.475 2.667 5.600
201 5 2 3.343 7.453 2.575 5.578
202 5 2 3.252 7.408 2.483 5.533
203 5 2 3.137 7.397 2.369 5.521
204 5 2 3.045 7.397 2.277 5.521
205 5 2 2.953 7.363 2.185 5.488
206 5 2 2.850 7.341 2.081 5.465
207 5 2 2.736 7.352 1.967 5.476
208 5 2 2.655 7.341 1.886 5.465
209 5 2 2.552 7.353 1.783 5.477
210 5 2 2.461 7.342 1.691 5.465
211 5 2 2.346 7.353 1.577 5.477
212 5 2 2.266 7.365 1.496 5.488
213 5 2 2.174 7.342 1.404 5.465
214 5 2 2.082 7.399 1.313 5.522
215 5 2 2.002 7.410 1.232 5.533
216 5 2 1.910 7.411 1.140 5.534
217 5 2 1.819 7.411 1.049 5.534
218 5 2 1.762 7.456 0.991 5.579
219 5 2 1.693 7.479 0.923 5.602
220 5 2 1.624 7.536 0.854 5.658
221 5 2 1.544 7.558 0.774 5.681
222 5 2 1.487 7.581 0.716 5.704
223 5 2 1.407 7.627 0.636 5.749
224 5 2 1.349 7.638 0.579 5.760
225 5 2 1.304 7.661 0.533 5.783
226 5 2 1.224 7.718 0.453 5.840
35 6 2 8.529 28.886 7.564 27.059
36 6 2 8.496 28.954 7.585 26.913
37 6 2 8.530 28.953 7.585 26.913
38 6 2 8.495 28.920 7.574 26.890
39 6 2 8.574 28.840 7.516 26.779
40 6 2 8.506 28.863 7.630 26.777
41 6 2 8.517 28.717 7.629 26.664
42 6 2 8.551 28.660 7.595 26.609
43 6 2 8.527 28.593 7.560 26.531
44 6 2 8.527 28.515 7.560 26.519
45 6 2 8.584 28.615 7.570 26.339
46 6 2 8.538 28.537 7.605 26.350
47 6 2 8.505 28.571 7.558 26.148
48 6 2 8.548 28.200 7.615 26.204
49 6 2 8.582 28.267 7.660 26.090
50 6 2 8.617 28.322 7.625 26.035
51 6 2 8.638 28.119 7.693 25.989
52 6 2 8.671 27.939 7.670 25.899
53 6 2 8.739 27.994 7.703 25.786
54 6 2 8.807 27.880 7.726 25.684
55 6 2 8.818 27.779 7.760 25.695
56 6 2 8.873 27.542 7.714 25.640
57 6 2 8.839 27.565 7.655 25.382
58 6 2 8.907 27.497 7.678 25.382
59 6 2 8.827 27.419 7.870 25.176
60 6 2 8.769 27.229 7.779 25.144
61 6 2 8.802 27.184 7.699 25.033
62 6 2 8.779 27.106 7.767 24.975
63 6 2 8.745 27.118 7.789 24.941
64 6 2 8.824 26.970 7.868 24.816
65 6 2 8.789 26.915 7.879 24.760
66 6 2 8.788 26.656 7.890 24.703
67 6 2 8.844 26.644 7.913 24.714
68 6 2 8.856 26.599 7.980 24.590
69 6 2 8.889 26.565 7.945 24.500
70 6 2 8.855 26.509 7.922 24.377
71 6 2 8.888 26.351 7.865 24.288
72 6 2 8.910 26.272 7.898 24.164
73 6 2 8.921 26.238 7.943 24.129
74 6 2 8.955 26.114 8.022 24.049
75 6 2 8.988 26.046 7.999 24.027
76 6 2 9.010 25.843 8.021 23.869
77 6 2 9.021 25.787 8.043 23.802
78 6 2 9.020 25.664 7.986 23.735
79 6 2 9.122 25.594 8.088 23.632
80 6 2 9.155 25.538 8.110 23.587
81 6 2 9.144 25.504 8.030 23.532
82 6 2 9.143 25.313 8.029 23.341
83 6 2 9.164 25.189 8.176 23.282
84 6 2 9.187 25.200 8.221 23.158
85 6 2 9.232 25.166 8.232 23.079
86 6 2 9.277 25.064 8.299 22.921
87 6 2 9.310 24.861 8.333 22.920
88 6 2 9.309 24.760 8.333 22.875
89 6 2 9.342 24.625 8.355 22.808
90 6 2 9.376 24.636 8.354 22.684
91 6 2 9.478 24.499 8.411 22.571
92 6 2 9.408 24.276 8.455 22.446
93 6 2 9.419 24.107 8.558 22.591
94 6 2 9.522 24.252 8.613 22.264
95 6 2 9.578 24.172 8.533 22.221
96 6 2 9.589 24.105 8.645 21.994
97 6 2 9.519 23.870 8.634 21.994
98 6 2 9.587 23.813 8.531 21.906
99 6 2 9.632 23.756 8.588 21.849
100 6 2 9.597 23.689 8.724 21.802
101 6 2 9.688 23.609 8.518 21.659
102 6 2 9.709 23.463 8.597 21.523
103 6 2 9.743 23.361 8.733 21.442
104 6 2 9.787 23.259 8.868 21.351
105 6 2 9.844 23.270 8.925 21.294
106 6 2 9.843 23.101 8.890 21.148
107 6 2 9.887 22.943 8.889 21.047
108 6 2 9.932 22.853 8.934 20.968
109 6 2 10.034 22.818 8.877 20.968
110 6 2 9.932 22.797 8.990 20.843
111 6 2 10.010 22.661 9.035 20.742
112 6 2 10.055 22.503 9.034 20.685
113 6 2 10.054 22.425 9.045 20.584
114 6 2 10.088 22.390 9.112 20.460
115 6 2 10.212 22.288 9.146 20.426
116 6 2 10.189 22.198 9.180 20.346
117 6 2 10.244 22.018 9.247 20.211
118 6 2 10.266 21.883 9.258 20.087
119 6 2 10.242 21.726 9.417 20.198
120 6 2 10.446 21.667 9.383 20.131
121 6 2 10.480 21.689 9.392 19.883
122 6 2 10.524 21.543 9.346 19.704
123 6 2 10.547 21.520 9.425 19.669
124 6 2 10.625 21.407 9.459 19.579
125 6 2 10.557 21.351 9.549 19.499
126 6 2 10.737 21.181 9.458 19.422
127 6 2 10.624 21.115 9.570 19.297
128 6 2 10.667 20.890 9.706 19.295
129 6 2 10.804 20.933 9.716 19.082
130 6 2 10.837 20.876 9.750 19.014
131 6 2 10.824 20.652 9.841 19.013
132 6 2 10.915 20.662 9.817 18.822
133 6 2 10.936 20.348 9.918 18.788
134 6 2 10.981 20.403 9.951 18.630
135 6 2 10.981 20.302 10.054 18.741
136 6 2 11.106 20.402 10.053 18.483
137 6 2 11.139 20.278 10.108 18.325
138 6 2 11.195 20.154 10.176 18.234
139 6 2 11.159 19.930 10.119 18.224
140 6 2 11.193 19.918 10.198 18.122
141 6 2 11.283 19.839 10.174 18.021
142 6 2 11.316 19.704 10.151 17.954
143 6 2 11.350 19.658 10.207 17.852
144 6 2 11.371 19.467 10.218 17.717
145 6 2 11.416 19.422 10.342 17.604
146 6 2 11.450 19.377 10.398 17.525
147 6 2 11.460 19.242 10.499 17.434
148 6 2 11.482 19.051 10.488 17.524
149 6 2 11.537 18.882 10.600 17.343
150 6 2 11.594 18.859 10.600 17.298
151 6 2 11.639 18.791 10.600 17.197
152 6 2 11.672 18.768 10.655 16.994
153 6 2 11.716 18.532 10.779 16.971
154 6 2 11.750 18.476 10.881 16.891
155 6 2 11.908 18.497 10.812 16.701
156 6 2 11.998 18.428 10.856 16.622
157 6 2 11.963 18.283 10.867 16.521
158 6 2 11.996 18.081 10.924 16.543
159 6 2 12.098 18.102 10.968 16.318
160 6 2 11.984 18.070 11.091 16.205
161 6 2 12.006 17.969 11.068 16.149
162 6 2 12.107 17.822 11.011 16.037
163 6 2 12.107 17.788 11.056 15.936
164 6 2 12.129 17.653 11.168 15.867
165 6 2 12.219 17.574 11.213 15.777
166 6 2 12.218 17.551 11.145 15.722
167 6 2 12.262 17.338 11.292 15.765
168 6 2 12.273 17.282 11.393 15.641
169 6 2 12.340 17.124 11.472 15.528
170 6 2 12.430 17.112 11.380 15.372
171 6 2 12.453 17.089 11.459 15.259
172 6 2 12.429 16.865 11.572 15.280
173 6 2 12.575 16.786 11.628 15.190
174 6 2 12.597 16.617 11.717 15.055
175 6 2 12.789 16.694 11.750 14.897
176 6 2 12.889 16.502 11.785 15.009
177 6 2 12.889 16.491 11.716 14.785
178 6 2 12.888 16.368 11.829 14.818
179 6 2 12.979 16.367 11.817 14.628
180 6 2 12.932 16.132 11.795 14.774
181 6 2 12.976 15.997 11.873 14.638
182 6 2 13.066 15.952 11.873 14.605
183 6 2 13.032 15.896 11.929 14.514
184 6 2 13.111 15.850 11.929 14.470
185 6 2 13.098 15.638 11.961 14.256
186 6 2 13.132 15.559 11.983 14.200
187 6 2 13.255 15.446 11.961 14.166
188 6 2 13.300 15.490 12.175 14.075
189 6 2 13.423 15.332 12.264 13.962
190 6 2 13.479 15.242 12.354 13.838
191 6 2 13.524 15.141 12.478 13.793
192 6 2 13.580 15.107 12.455 13.725
193 6 2 13.647 15.039 12.545 13.669
194 6 2 13.827 14.993 12.624 13.657
195 6 2 13.759 14.904 12.646 13.534
196 6 2 13.758 14.814 12.736 13.488
197 6 2 13.848 14.735 12.780 13.364
198 6 2 13.870 14.612 12.858 13.229
199 6 2 14.005 14.599 12.801 13.140
200 6 2 14.016 14.532 12.869 13.151
201 6 2 14.151 14.554 13.058 12.780
202 6 2 14.172 14.363 13.127 12.903
203 6 2 14.420 14.372 13.036 12.735
204 6 2 14.295 14.105 13.239 12.756
205 6 2 14.396 14.093 13.306 12.677
206 6 2 14.654 14.068 13.430 12.665
207 6 2 14.699 14.012 13.418 12.632
208 6 2 14.710 13.878 13.441 12.576
209 6 2 14.418 14.059 13.565 12.687
210 6 2 14.519 14.025 13.666 12.653
211 6 2 14.888 13.552 13.631 12.361
212 6 2 14.576 14.192 13.724 12.820
213 6 2 14.665 13.889 13.083 13.116
214 6 2 14.833 13.821 13.252 13.047
215 6 2 15.392 13.235 13.812 12.461
216 6 2 15.000 13.551 13.419 12.777
217 6 2 15.134 13.460 13.554 12.687
218 6 2 15.258 13.426 13.678 12.652
219 6 2 15.414 13.302 13.835 12.528
220 6 2 15.560 13.245 13.981 12.471
221 6 2 15.717 13.132 14.138 12.358
222 6 2 15.862 13.053 14.284 12.279
223 6 2 15.997 12.974 14.418 12.200
224 6 2 16.153 12.917 14.575 12.143
225 6 2 16.287 12.815 14.710 12.042
226 6 2 16.444 12.747 14.867 11.973
227 6 2 16.601 12.657 15.024 11.883
228 6 2 16.757 12.589 15.181 11.815
229 6 2 16.891 12.498 15.315 11.725
230 6 2 17.048 12.453 15.472 11.679
231 6 2 17.182 12.363 15.607 11.589
232 6 2 17.339 12.306 15.763 11.532
233 6 2 17.484 12.227 15.909 11.453
234 6 2 17.651 12.170 16.077 11.396
235 6 2 17.785 12.102 16.211 11.328
236 6 2 17.931 12.045 16.357 11.272
237 6 2 18.076 11.989 16.502 11.215
238 6 2 18.210 11.921 16.637 11.147
239 6 2 18.355 11.853 16.782 11.079
240 6 2 18.500 11.785 16.927 11.012
241 6 2 18.634 11.729 17.062 10.955
242 6 2 18.734 11.695 17.162 10.921
244 6 2 18.300 12.121 16.739 11.348
245 6 2 18.356 12.076 16.806 11.325
246 6 2 18.535 12.031 16.951 11.235
247 6 2 18.792 11.985 17.130 11.201
248 6 2 18.948 11.917 17.253 11.178
249 6 2 18.937 11.917 17.399 11.166
250 6 2 19.048 11.894 17.455 11.154
251 6 2 19.205 11.893 17.455 11.154
252 6 2 19.305 11.881 17.511 11.154
253 6 2 19.562 11.902 17.858 11.119
254 6 2 19.718 11.890 17.847 11.130
255 6 2 19.863 11.878 18.004 11.185
256 6 2 19.897 11.856 18.071 11.173
257 6 2 19.908 11.856 18.160 11.162
258 6 2 20.009 11.922 18.295 11.128
259 6 2 20.153 11.876 18.362 11.127
260 6 2 20.310 11.909 18.440 11.116
261 6 2 20.510 11.863 18.563 11.149
262 6 2 20.644 11.918 18.731 11.114
263 6 2 20.800 11.862 18.776 11.136
264 6 2 20.878 11.861 18.798 11.114
265 6 2 20.800 11.828 19.032 11.113
266 6 2 21.023 11.816 18.921 11.180
267 6 2 20.800 11.862 19.122 11.179
268 6 2 21.424 11.847 19.401 11.167
269 6 2 21.257 11.837 19.435 11.088
270 6 2 21.568 11.824 19.602 11.088
271 6 2 21.691 11.823 19.636 11.132
272 6 2 21.657 11.790 19.714 11.109
273 6 2 21.668 11.801 19.781 11.098
274 6 2 21.780 11.823 20.082 11.074
275 6 2 22.091 11.821 20.071 11.186
276 6 2 22.258 11.809 20.239 11.162
277 6 2 22.347 11.820 20.328 11.162
278 6 2 22.414 11.808 20.439 11.128
279 6 2 22.469 11.786 20.506 11.105
280 6 2 22.514 11.808 20.629 11.116
281 6 2 22.525 11.841 20.785 11.137
282 6 2 22.714 11.873 20.885 11.115
283 6 2 22.903 11.872 21.030 11.136
284 6 2 23.047 11.860 21.130 11.113
285 6 2 23.225 11.870 21.197 11.113
286 6 2 23.414 11.836 21.152 11.113
287 6 2 23.280 11.826 21.286 11.124
288 6 2 23.347 11.870 21.409 11.123
289 6 2 23.458 11.880 21.653 11.111
290 6 2 23.636 11.857 21.765 11.166
291 6 2 23.835 11.856 21.843 11.177
292 6 2 24.035 11.821 22.010 11.120
293 6 2 24.090 11.843 22.021 11.176
294 6 2 24.312 11.809 21.921 11.210
295 6 2 24.223 11.820 22.210 11.208
296 6 2 24.279 11.842 22.355 11.174
297 6 2 24.135 11.843 22.455 11.207
298 6 2 24.689 11.851 22.621 11.106
299 6 2 24.744 11.851 22.710 11.105
300 6 2 24.988 11.849 22.732 11.128
301 6 2 25.054 11.838 22.755 11.139
302 6 2 24.755 11.817 23.077 11.181
303 6 2 24.866 11.817 23.188 11.181
304 6 2 24.944 11.850 23.266 11.214
305 6 2 25.043 11.838 23.366 11.202
306 6 2 25.553 11.868 23.377 11.180
307 6 2 25.608 11.946 23.565 11.146
308 6 2 25.741 11.945 23.565 11.123
309 6 2 25.907 11.922 23.599 11.157
310 6 2 25.973 11.933 23.566 11.212
311 6 2 25.874 11.933 23.865 11.189
312 6 2 25.940 11.933 23.887 11.144
313 6 2 26.194 11.965 24.020 11.210
314 6 2 26.294 11.997 24.220 11.198
315 6 2 26.405 12.019 24.309 11.197
316 6 2 26.537 12.018 24.286 11.209
317 6 2 26.615 12.007 24.331 11.231
318 6 2 26.670 11.962 24.331 11.242
319 6 2 26.327 11.953 24.653 11.318
320 6 2 26.769 12.017 24.752 11.295
321 6 2 26.990 12.049 24.875 11.361
322 6 2 27.057 12.071 24.996 11.238
323 6 2 27.211 12.081 25.029 11.327
324 6 2 27.388 12.091 25.108 11.438
325 6 2 27.487 12.090 25.229 11.437
326 6 2 27.542 12.068 25.252 11.448
327 6 2 27.377 12.069 25.462 11.458
328 6 2 27.421 12.113 25.473 11.458
329 6 2 27.520 12.168 25.517 11.458
330 6 2 27.708 12.178 25.749 11.423
331 6 2 27.752 12.211 25.849 11.423
332 6 2 27.885 12.210 25.937 11.433
333 6 2 28.039 12.209 26.048 11.444
334 6 2 28.226 12.219 26.092 11.466
335 6 2 28.336 12.174 26.082 11.521
336 6 2 28.270 12.174 26.335 11.475
337 6 2 28.325 12.218 26.435 11.464
338 6 2 28.546 12.250 26.534 11.474
339 6 2 28.711 12.249 26.612 11.529
340 6 2 28.766 12.304 26.634 11.552
