0 0 2 11.624 28.716 10.884 26.981
1 0 2 11.647 28.770 10.872 26.949
2 0 2 11.635 28.695 10.861 26.874
3 0 2 11.624 28.620 10.849 26.798
4 0 2 11.634 28.566 10.860 26.745
5 0 2 11.688 28.500 10.804 26.520
6 0 2 11.710 28.543 10.771 26.456
7 0 2 11.688 28.489 10.738 26.424
8 0 2 11.710 28.532 10.705 26.361
9 0 2 11.698 28.457 10.693 26.286
10 0 2 11.708 28.382 10.703 26.210
11 0 2 11.671 27.792 10.755 25.897
12 0 2 11.637 27.674 10.810 26.004
13 0 2 11.648 27.706 10.777 25.951
14 0 2 11.616 27.718 10.755 25.844
15 0 2 11.560 27.450 10.787 25.832
16 0 2 11.571 27.482 10.754 25.779
17 0 2 11.635 27.352 10.740 25.435
18 0 2 11.656 27.309 10.664 25.447
19 0 2 11.612 27.256 10.621 25.416
20 0 2 11.579 27.160 10.587 25.320
21 0 2 11.568 27.149 10.662 25.146
22 0 2 11.557 27.096 10.639 25.061
23 0 2 11.611 27.084 10.628 24.986
24 0 2 11.598 26.934 10.627 24.921
25 0 2 11.588 26.923 10.637 24.781
26 0 2 11.543 26.784 10.658 24.663
27 0 2 11.541 26.548 10.624 24.588
28 0 2 11.584 26.504 10.657 24.587
29 0 2 11.573 26.429 10.645 24.491
30 0 2 11.583 26.332 10.666 24.404
31 0 2 11.571 26.204 10.644 24.308
32 0 2 11.548 26.118 10.621 24.212
33 0 2 11.580 25.989 10.653 24.103
34 0 2 11.568 25.924 10.663 24.017
35 0 2 11.524 25.775 10.661 23.845
36 0 2 11.501 25.711 10.628 23.738
37 0 2 11.534 25.667 10.649 23.695
38 0 2 11.532 25.527 10.627 23.652
39 0 2 11.510 25.474 10.670 23.565
40 0 2 11.498 25.302 10.625 23.405
41 0 2 11.464 25.120 10.570 23.298
42 0 2 11.419 24.949 10.571 23.406
43 0 2 11.463 25.077 10.526 23.181
44 0 2 11.452 25.024 10.513 23.030
45 0 2 11.406 24.638 10.536 23.105
46 0 2 11.525 24.668 10.425 22.903
47 0 2 11.460 24.615 10.424 22.784
48 0 2 11.437 24.508 10.434 22.677
49 0 2 11.459 24.605 10.434 22.644
50 0 2 11.394 24.584 10.465 22.493
51 0 2 11.357 24.069 10.509 22.578
52 0 2 11.368 24.080 10.441 22.192
53 0 2 11.335 23.973 10.473 22.073
54 0 2 11.334 23.833 10.439 21.988
55 0 2 11.366 23.779 10.438 21.859
56 0 2 11.344 23.725 10.469 21.686
57 0 2 11.333 23.758 10.480 21.621
58 0 2 11.331 23.543 10.446 21.536
59 0 2 11.351 23.295 10.391 21.429
60 0 2 11.372 23.230 10.423 21.321
61 0 2 11.360 23.123 10.400 21.203
62 0 2 11.271 22.791 10.422 21.213
63 0 2 11.294 22.941 10.323 21.075
64 0 2 11.261 22.996 10.333 20.935
65 0 2 11.303 22.791 10.343 20.881
66 0 2 11.280 22.640 10.341 20.687
67 0 2 11.322 22.425 10.319 20.645
68 0 2 11.300 22.393 10.307 20.537
69 0 2 11.299 22.264 10.360 20.364
70 0 2 11.255 22.189 10.381 20.256
71 0 2 11.307 22.027 10.359 20.213
72 0 2 11.307 21.973 10.369 20.095
73 0 2 11.306 21.920 10.389 19.987
74 0 2 11.295 21.791 10.378 19.890
75 0 2 11.259 21.383 10.443 19.889
76 0 2 11.303 21.489 10.462 19.588
77 0 2 11.302 21.425 10.493 19.383
78 0 2 11.269 21.329 10.481 19.286
79 0 2 11.268 21.178 10.449 19.276
80 0 2 11.257 21.157 10.436 19.114
81 0 2 11.288 21.027 10.426 19.147
82 0 2 11.330 20.822 10.446 18.974
83 0 2 11.361 20.660 10.423 18.856
84 0 2 11.382 20.617 10.422 18.759
85 0 2 11.360 20.553 10.443 18.684
86 0 2 11.391 20.402 10.474 18.489
87 0 2 11.379 20.305 10.452 18.393
88 0 2 11.378 20.176 10.419 18.382
89 0 2 11.389 20.154 10.494 18.263
90 0 2 11.388 20.068 10.547 18.122
91 0 2 11.398 19.896 10.535 18.004
92 0 2 11.429 19.799 10.524 17.897
93 0 2 11.418 19.691 10.512 17.768
94 0 2 11.440 19.734 10.478 17.703
95 0 2 11.450 19.637 10.488 17.606
96 0 2 11.512 19.303 10.531 17.498
97 0 2 11.534 19.346 10.498 17.445
98 0 2 11.457 19.239 10.583 17.293
99 0 2 11.468 19.282 10.539 17.229
100 0 2 11.489 19.185 10.560 17.132
101 0 2 11.573 18.796 10.624 16.948
102 0 2 11.551 18.754 10.656 16.850
103 0 2 11.550 18.678 10.687 16.710
104 0 2 11.602 18.463 10.729 16.602
105 0 2 11.613 18.505 10.686 16.549
106 0 2 11.634 18.408 10.706 16.451
107 0 2 11.664 18.096 10.845 16.159
108 0 2 11.706 17.977 10.856 16.137
109 0 2 11.728 17.934 10.866 16.062
110 0 2 11.781 17.825 10.898 15.986
111 0 2 11.736 17.632 10.918 15.814
112 0 2 11.843 17.480 10.950 15.738
113 0 2 11.865 17.459 10.949 15.641
114 0 2 11.929 17.404 10.959 15.555
115 0 2 11.960 17.199 11.023 15.371
116 0 2 11.980 17.059 11.022 15.295
117 0 2 12.034 16.940 11.021 15.199
118 0 2 11.957 16.909 10.988 15.070
119 0 2 11.979 16.844 11.030 14.919
120 0 2 12.030 16.499 11.128 14.993
121 0 2 12.106 16.563 11.116 14.810
122 0 2 12.171 16.497 11.202 14.723
123 0 2 12.169 16.261 11.288 14.711
124 0 2 12.191 16.293 11.255 14.658
125 0 2 12.352 16.129 11.296 14.377
126 0 2 12.362 16.108 11.350 14.269
127 0 2 12.447 15.924 11.414 14.150
128 0 2 12.469 15.967 11.381 14.096
129 0 2 12.618 15.642 11.574 13.911
130 0 2 12.726 15.652 11.606 13.836
131 0 2 12.757 15.447 11.660 13.760
132 0 2 12.886 15.306 11.669 13.609
133 0 2 12.895 15.123 11.615 13.566
134 0 2 12.917 15.112 11.636 13.534
135 0 2 12.981 15.014 11.700 13.415
136 0 2 13.055 14.874 11.786 13.295
137 0 2 13.163 14.765 11.828 13.166
138 0 2 13.281 14.720 11.838 13.080
139 0 2 13.314 14.752 11.794 13.026
140 0 2 13.389 14.655 11.870 12.929
141 0 2 13.482 14.213 12.216 12.904
142 0 2 13.504 14.245 12.172 12.861
143 0 2 13.741 14.113 12.333 12.687
144 0 2 13.696 13.942 12.388 12.740
145 0 2 13.739 13.855 12.409 12.654
146 0 2 13.760 13.780 12.440 12.546
147 0 2 13.889 13.736 12.613 12.469
148 0 2 13.985 13.595 12.667 12.415
149 0 2 14.050 13.551 12.677 12.372
150 0 2 14.245 13.603 12.632 12.157
151 0 2 14.277 13.635 12.578 12.115
152 0 2 14.533 13.256 13.108 12.077
153 0 2 14.608 13.148 13.075 12.002
154 0 2 14.737 13.050 13.096 12.013
155 0 2 14.726 13.050 13.160 11.894
156 0 2 14.758 13.071 13.106 11.851
157 0 2 14.855 13.006 13.203 11.786
158 0 2 14.951 12.919 13.299 11.699
159 0 2 15.026 12.832 13.374 11.612
160 0 2 15.123 12.767 13.471 11.547
161 0 2 15.219 12.701 13.568 11.482
162 0 2 15.316 12.615 13.664 11.395
163 0 2 15.412 12.549 13.761 11.329
164 0 2 15.509 12.505 13.858 11.285
165 0 2 15.605 12.440 13.955 11.220
166 0 2 15.702 12.353 14.051 11.133
167 0 2 15.798 12.288 14.148 11.068
168 0 2 15.895 12.244 14.245 11.024
169 0 2 15.991 12.179 14.341 10.959
170 0 2 16.087 12.113 14.438 10.893
171 0 2 16.184 12.069 14.535 10.850
172 0 2 16.302 12.004 14.653 10.784
173 0 2 16.377 11.939 14.728 10.719
174 0 2 16.495 11.895 14.847 10.675
175 0 2 16.591 11.851 14.943 10.631
176 0 2 16.688 11.786 15.040 10.566
177 0 2 16.784 11.720 15.136 10.501
178 0 2 16.902 11.676 15.255 10.457
179 0 2 16.999 11.633 15.351 10.413
180 0 2 17.116 11.567 15.469 10.347
181 0 2 17.213 11.502 15.566 10.282
182 0 2 17.309 11.458 15.663 10.239
183 0 2 17.405 11.414 15.759 10.195
184 0 2 17.523 11.370 15.878 10.151
185 0 2 17.620 11.327 15.974 10.107
186 0 2 17.738 11.283 16.092 10.063
187 0 2 17.834 11.239 16.189 10.020
188 0 2 17.952 11.195 16.307 9.976
189 0 2 18.048 11.151 16.404 9.932
190 0 2 18.166 11.107 16.522 9.888
191 0 2 18.262 11.064 16.618 9.844
192 0 2 18.380 11.020 16.736 9.801
193 0 2 18.476 10.976 16.833 9.757
194 0 2 18.573 10.932 16.929 9.713
195 0 2 18.690 10.910 17.047 9.691
196 0 2 18.808 10.845 17.165 9.626
197 0 2 18.904 10.822 17.262 9.603
198 0 2 19.000 10.779 17.358 9.560
199 0 2 19.097 10.757 17.455 9.537
200 0 2 19.215 10.734 17.573 9.515
201 0 2 19.332 10.669 17.691 9.450
202 0 2 19.450 10.668 17.809 9.449
203 0 2 19.546 10.624 17.905 9.405
204 0 2 19.664 10.602 18.023 9.383
205 0 2 19.760 10.537 18.119 9.318
206 0 2 19.878 10.536 18.238 9.317
207 0 2 19.974 10.492 18.334 9.273
208 0 2 20.113 10.470 18.473 9.251
209 0 2 20.209 10.426 18.570 9.207
210 0 2 20.326 10.404 18.687 9.185
211 0 2 20.422 10.381 18.784 9.163
212 0 2 20.540 10.338 18.902 9.119
213 0 2 20.657 10.315 19.019 9.097
214 0 2 20.775 10.293 19.137 9.075
215 0 2 20.871 10.249 19.233 9.031
216 0 2 21.010 10.227 19.373 9.009
217 0 2 21.106 10.205 19.469 8.987
218 0 2 21.223 10.161 19.586 8.943
219 0 2 21.341 10.138 19.704 8.921
220 0 2 21.458 10.116 19.822 8.898
221 0 2 21.554 10.073 19.918 8.855
222 0 2 21.671 10.050 20.036 8.833
223 0 2 21.789 10.049 20.153 8.832
224 0 2 21.906 10.027 20.271 8.809
225 0 2 22.002 9.983 20.367 8.766
226 0 2 22.119 9.961 20.485 8.744
227 0 2 22.236 9.939 20.602 8.721
228 0 2 22.353 9.895 20.720 8.678
229 0 2 22.449 9.873 20.816 8.656
230 0 2 22.588 9.851 20.955 8.633
231 0 2 22.684 9.807 21.051 8.590
232 0 2 22.801 9.785 21.168 8.568
233 0 2 22.918 9.762 21.285 8.545
234 0 2 23.035 9.719 21.403 8.502
235 0 2 23.131 9.697 21.499 8.480
236 0 2 23.248 9.674 21.616 8.458
237 0 2 23.343 9.631 21.712 8.414
238 0 2 23.460 9.609 21.829 8.392
239 0 2 23.578 9.586 21.947 8.370
240 0 2 23.694 9.543 22.064 8.326
241 0 2 23.811 9.499 22.181 8.283
242 0 2 23.928 9.477 22.298 8.260
243 0 2 24.024 9.476 22.394 8.260
244 0 2 24.162 9.432 22.533 8.216
245 0 2 24.279 9.410 22.650 8.194
246 0 2 24.396 9.367 22.767 8.150
247 0 2 24.491 9.323 22.863 8.107
248 0 2 24.608 9.301 22.980 8.085
249 0 2 24.725 9.300 23.097 8.084
250 0 2 24.842 9.257 23.214 8.041
251 0 2 24.937 9.235 23.310 8.019
252 0 2 25.075 9.191 23.448 7.975
253 0 2 25.171 9.169 23.544 7.953
254 0 2 25.288 9.147 23.661 7.931
255 0 2 25.404 9.103 23.778 7.887
256 0 2 25.521 9.081 23.895 7.865
257 0 2 25.616 9.059 23.990 7.843
258 0 2 25.754 9.015 24.129 7.800
259 0 2 25.849 8.993 24.224 7.778
260 0 2 25.966 8.971 24.341 7.756
261 0 2 26.083 8.928 24.458 7.712
262 0 2 26.199 8.884 24.575 7.669
263 0 2 26.294 8.862 24.670 7.647
264 0 2 26.411 8.840 24.787 7.625
265 0 2 26.506 8.797 24.883 7.582
266 0 2 26.622 8.753 24.999 7.538
267 0 2 26.739 8.731 25.116 7.516
268 0 2 26.855 8.709 25.233 7.494
269 0 2 26.950 8.644 25.328 7.429
270 0 2 27.067 8.643 25.445 7.429
271 0 2 27.183 8.600 25.561 7.385
272 0 2 27.300 8.557 25.678 7.342
273 0 2 27.395 8.535 25.773 7.320
274 0 2 27.511 8.470 25.890 7.255
275 0 2 27.606 8.448 25.985 7.233
276 0 2 27.722 8.405 26.102 7.190
277 0 2 27.817 8.361 26.197 7.147
278 0 2 27.933 8.318 26.313 7.104
279 0 2 28.028 8.275 26.409 7.060
280 0 2 28.144 8.231 26.525 7.017
281 0 2 28.218 8.188 26.599 6.974
282 0 2 28.334 8.145 26.715 6.931
283 0 2 28.429 8.102 26.810 6.888
284 0 2 28.524 8.059 26.906 6.844
285 0 2 28.619 8.015 27.001 6.801
286 0 2 28.735 7.951 27.117 6.737
287 0 2 28.809 7.929 27.191 6.715
288 0 2 28.925 7.865 27.307 6.650
289 0 2 28.998 7.822 27.381 6.607
290 0 2 29.114 7.778 27.497 6.564
291 0 2 29.188 7.735 27.571 6.521
292 0 2 29.304 7.671 27.687 6.457
293 0 2 29.377 7.606 27.761 6.392
294 0 2 29.472 7.563 27.856 6.349
295 0 2 29.567 7.520 27.951 6.306
296 0 2 29.661 7.456 28.045 6.242
297 0 2 29.735 7.392 28.119 6.177
298 0 2 29.830 7.348 28.214 6.134
299 0 2 29.903 7.284 28.288 6.070
300 0 2 29.998 7.220 28.382 6.006
301 0 2 30.071 7.177 28.456 5.963
302 0 2 30.166 7.113 28.551 5.898
303 0 2 30.239 7.048 28.625 5.834
304 0 2 30.334 7.005 28.719 5.791
305 0 2 30.407 6.941 28.793 5.727
306 0 2 30.481 6.877 28.867 5.705
307 0 2 30.554 6.834 28.941 5.705
308 0 2 30.649 6.770 29.036 5.715
309 0 2 30.722 6.684 29.110 5.715
310 0 2 30.795 6.620 29.184 5.714
311 0 2 30.869 6.567 29.258 5.714
312 0 2 30.963 6.502 29.353 5.714
313 0 2 31.015 6.417 29.406 5.713
314 0 2 31.088 6.332 29.480 5.724
315 0 2 31.140 6.268 29.533 5.723
316 0 2 31.193 6.225 29.586 5.723
317 0 2 31.224 6.182 29.617 5.723
318 0 2 31.297 6.108 29.691 5.723
319 0 2 31.392 6.043 29.786 5.722
321 0 2 30.825 6.333 29.649 5.723
322 0 2 30.846 6.344 29.607 5.723
323 0 2 30.909 6.311 29.670 5.723
324 0 2 30.993 6.258 29.755 5.722
325 0 2 31.056 6.204 29.818 5.722
326 0 2 31.097 6.098 29.860 5.722
327 0 2 31.139 6.045 29.903 5.722
329 0 2 31.160 5.991 29.924 5.721
330 0 2 31.181 5.991 29.881 5.722
331 0 2 31.181 5.991 29.881 5.722
332 0 2 31.181 5.991 29.881 5.722
333 0 2 31.191 5.991 29.892 5.722
334 0 2 31.191 5.991 29.892 5.722
335 0 2 31.191 5.991 29.892 5.722
336 0 2 31.191 5.981 29.892 5.722
338 0 2 31.191 5.981 29.892 5.722
339 0 2 31.223 5.981 29.850 5.722
340 0 2 31.223 5.981 29.850 5.722
341 0 2 31.223 5.981 29.850 5.722
342 0 2 31.223 5.981 29.850 5.722
343 0 2 31.223 5.981 29.850 5.722
344 0 2 31.223 5.981 29.850 5.722
345 0 2 31.223 5.981 29.850 5.722
346 0 2 31.223 5.981 29.850 5.722
347 0 2 31.233 5.980 29.860 5.722
348 0 2 31.223 5.970 29.850 5.722
349 0 2 31.223 5.970 29.850 5.722
350 0 2 31.223 5.970 29.850 5.722
351 0 2 31.223 5.970 29.850 5.722
352 0 2 31.233 5.970 29.860 5.722
353 0 2 31.233 5.970 29.860 5.722
354 0 2 31.233 5.970 29.860 5.722
355 0 2 31.233 5.970 29.860 5.722
356 0 2 31.233 5.970 29.860 5.722
357 0 2 31.233 5.970 29.860 5.722
358 0 2 31.233 5.970 29.860 5.722
359 0 2 31.244 5.970 29.871 5.722
360 0 2 31.244 5.970 29.871 5.722
361 0 2 31.244 5.970 29.871 5.722
362 0 2 31.244 5.970 29.871 5.722
363 0 2 31.244 5.970 29.871 5.722
364 0 2 31.244 5.970 29.871 5.722
365 0 2 31.244 5.970 29.871 5.722
366 0 2 31.244 5.970 29.871 5.722
367 0 2 31.244 5.970 29.871 5.722
368 0 2 31.244 5.970 29.871 5.722
369 0 2 31.244 5.970 29.871 5.722
370 0 2 31.254 5.970 29.881 5.722
371 0 2 31.254 5.970 29.881 5.722
372 0 2 31.254 5.970 29.881 5.722
373 0 2 31.254 5.970 29.881 5.722
374 0 2 31.254 5.970 29.881 5.722
375 0 2 31.244 5.970 29.871 5.722
376 0 2 31.244 5.970 29.871 5.722
377 0 2 31.244 5.970 29.871 5.722
378 0 2 31.244 5.970 29.871 5.722
379 0 2 31.244 5.970 29.871 5.722
380 0 2 31.244 5.970 29.871 5.722
381 0 2 31.244 5.970 29.871 5.722
382 0 2 31.244 5.970 29.871 5.722
383 0 2 31.244 5.970 29.871 5.722
384 0 2 31.244 5.970 29.871 5.722
385 0 2 31.244 5.970 29.871 5.722
386 0 2 31.244 5.970 29.871 5.722
387 0 2 31.244 5.970 29.871 5.722
388 0 2 31.244 5.970 29.871 5.722
389 0 2 31.244 5.970 29.871 5.722
390 0 2 31.254 5.970 29.881 5.722
391 0 2 31.254 5.970 29.881 5.722
392 0 2 31.254 5.970 29.881 5.722
393 0 2 31.254 5.970 29.881 5.722
1 1 2 32.363 6.463 30.346 5.719
2 1 2 32.416 6.484 30.304 5.709
3 1 2 32.363 6.495 30.251 5.720
4 1 2 32.332 6.505 30.219 5.731
5 1 2 32.279 6.516 30.167 5.741
6 1 2 32.227 6.527 30.114 5.752
7 1 2 32.153 6.559 30.040 5.785
8 1 2 32.101 6.592 29.988 5.817
9 1 2 32.028 6.624 29.914 5.849
10 1 2 31.975 6.635 29.861 5.860
11 1 2 31.902 6.667 29.788 5.892
12 1 2 31.849 6.699 29.735 5.924
13 1 2 31.776 6.731 29.661 5.957
14 1 2 31.702 6.764 29.588 5.989
15 1 2 31.629 6.796 29.514 6.021
16 1 2 31.555 6.828 29.440 6.053
17 1 2 31.482 6.861 29.366 6.086
18 1 2 31.408 6.872 29.293 6.097
19 1 2 31.335 6.904 29.219 6.129
20 1 2 31.261 6.915 29.145 6.140
21 1 2 31.187 6.947 29.071 6.172
22 1 2 31.114 6.958 28.997 6.183
23 1 2 31.019 6.991 28.902 6.216
24 1 2 30.966 7.002 28.849 6.227
25 1 2 30.872 7.034 28.755 6.259
26 1 2 30.798 7.045 28.681 6.270
27 1 2 30.724 7.056 28.607 6.281
28 1 2 30.651 7.067 28.533 6.292
29 1 2 30.556 7.100 28.438 6.325
30 1 2 30.482 7.111 28.364 6.336
31 1 2 30.387 7.143 28.269 6.368
32 1 2 30.314 7.154 28.195 6.379
33 1 2 30.219 7.187 28.100 6.412
34 1 2 30.145 7.198 28.026 6.423
35 1 2 30.050 7.209 27.930 6.434
36 1 2 29.976 7.220 27.856 6.445
37 1 2 29.882 7.252 27.761 6.477
38 1 2 29.787 7.264 27.666 6.489
39 1 2 29.692 7.275 27.571 6.500
40 1 2 29.618 7.286 27.497 6.511
41 1 2 29.523 7.318 27.402 6.543
42 1 2 29.428 7.330 27.306 6.555
43 1 2 29.333 7.341 27.211 6.566
44 1 2 29.259 7.352 27.137 6.577
45 1 2 29.164 7.363 27.041 6.588
46 1 2 29.069 7.374 26.946 6.599
47 1 2 28.974 7.407 26.851 6.632
48 1 2 28.879 7.418 26.756 6.643
49 1 2 28.784 7.429 26.660 6.654
50 1 2 28.689 7.441 26.565 6.665
51 1 2 28.594 7.452 26.469 6.676
52 1 2 28.499 7.463 26.374 6.688
53 1 2 28.404 7.474 26.278 6.699
54 1 2 28.308 7.485 26.183 6.710
55 1 2 28.213 7.497 26.088 6.721
56 1 2 28.118 7.508 25.992 6.732
57 1 2 28.023 7.519 25.897 6.744
58 1 2 27.928 7.530 25.801 6.755
59 1 2 27.832 7.542 25.706 6.766
60 1 2 27.737 7.553 25.610 6.777
61 1 2 27.642 7.564 25.514 6.788
62 1 2 27.547 7.575 25.419 6.800
63 1 2 27.430 7.587 25.302 6.811
64 1 2 27.335 7.598 25.206 6.822
65 1 2 27.240 7.609 25.111 6.833
66 1 2 27.144 7.599 25.015 6.823
67 1 2 27.028 7.632 24.898 6.856
68 1 2 26.932 7.622 24.803 6.846
69 1 2 26.837 7.633 24.707 6.857
70 1 2 26.742 7.644 24.611 6.868
71 1 2 26.625 7.656 24.494 6.880
72 1 2 26.530 7.667 24.399 6.891
73 1 2 26.413 7.678 24.282 6.902
74 1 2 26.317 7.668 24.186 6.892
75 1 2 26.201 7.680 24.069 6.903
76 1 2 26.127 7.691 23.994 6.915
77 1 2 26.010 7.702 23.877 6.926
78 1 2 25.914 7.714 23.781 6.937
79 1 2 25.798 7.725 23.664 6.948
80 1 2 25.681 7.715 23.547 6.938
81 1 2 25.564 7.727 23.430 6.950
82 1 2 25.468 7.738 23.334 6.961
83 1 2 25.352 7.749 23.217 6.972
84 1 2 25.256 7.760 23.121 6.984
85 1 2 25.139 7.772 23.004 6.995
86 1 2 25.043 7.762 22.907 6.985
87 1 2 24.926 7.773 22.790 6.996
88 1 2 24.831 7.785 22.694 7.008
89 1 2 24.714 7.796 22.577 7.019
90 1 2 24.618 7.786 22.481 7.009
91 1 2 24.501 7.819 22.364 7.042
92 1 2 24.384 7.809 22.246 7.032
93 1 2 24.267 7.842 22.129 7.064
94 1 2 24.171 7.832 22.033 7.054
95 1 2 24.055 7.864 21.915 7.087
96 1 2 23.959 7.854 21.819 7.077
97 1 2 23.842 7.866 21.702 7.088
98 1 2 23.746 7.877 21.606 7.100
99 1 2 23.629 7.888 21.488 7.111
100 1 2 23.533 7.900 21.392 7.122
101 1 2 23.416 7.911 21.275 7.134
102 1 2 23.320 7.922 21.178 7.145
103 1 2 23.203 7.934 21.061 7.156
104 1 2 23.107 7.945 20.965 7.168
105 1 2 22.990 7.957 20.847 7.179
106 1 2 22.894 7.968 20.751 7.190
107 1 2 22.798 8.001 20.655 7.223
108 1 2 22.702 7.991 20.558 7.213
109 1 2 22.585 8.023 20.441 7.246
110 1 2 22.489 8.035 20.345 7.257
111 1 2 22.371 8.046 20.227 7.268
112 1 2 22.275 8.058 20.131 7.280
113 1 2 22.158 8.090 20.013 7.312
114 1 2 22.062 8.102 19.917 7.324
115 1 2 21.966 8.113 19.820 7.335
116 1 2 21.870 8.124 19.724 7.346
117 1 2 21.753 8.136 19.606 7.358
118 1 2 21.657 8.147 19.510 7.369
119 1 2 21.560 8.159 19.413 7.380
120 1 2 21.464 8.170 19.317 7.392
121 1 2 21.347 8.203 19.199 7.424
122 1 2 21.251 8.214 19.103 7.436
123 1 2 21.133 8.226 18.985 7.447
124 1 2 21.037 8.237 18.888 7.459
125 1 2 20.920 8.248 18.770 7.470
126 1 2 20.823 8.260 18.674 7.481
127 1 2 20.706 8.271 18.556 7.493
128 1 2 20.609 8.283 18.459 7.504
129 1 2 20.492 8.294 18.341 7.516
130 1 2 20.396 8.306 18.245 7.527
131 1 2 20.278 8.317 18.127 7.538
132 1 2 20.182 8.328 18.030 7.550
133 1 2 20.064 8.361 17.912 7.583
134 1 2 19.968 8.351 17.815 7.572
135 1 2 19.850 8.384 17.697 7.605
136 1 2 19.754 8.396 17.601 7.617
137 1 2 19.636 8.407 17.483 7.628
138 1 2 19.539 8.418 17.386 7.639
139 1 2 19.422 8.451 17.268 7.672
140 1 2 19.304 8.463 17.150 7.684
141 1 2 19.186 8.474 17.031 7.695
142 1 2 19.090 8.486 16.935 7.707
143 1 2 18.972 8.519 16.816 7.740
144 1 2 18.854 8.530 16.698 7.751
145 1 2 18.736 8.542 16.580 7.763
146 1 2 18.639 8.553 16.483 7.774
147 1 2 18.522 8.586 16.365 7.807
148 1 2 18.425 8.598 16.268 7.818
149 1 2 18.307 8.631 16.150 7.851
150 1 2 18.211 8.642 16.053 7.863
151 1 2 18.093 8.675 15.935 7.896
152 1 2 17.996 8.686 15.838 7.907
153 1 2 17.878 8.719 15.719 7.940
154 1 2 17.782 8.752 15.623 7.973
155 1 2 17.664 8.785 15.504 8.006
156 1 2 17.567 8.797 15.407 8.017
157 1 2 17.449 8.830 15.289 8.050
158 1 2 17.331 8.863 15.170 8.083
159 1 2 17.213 8.896 15.052 8.116
160 1 2 17.116 8.907 14.955 8.128
161 1 2 16.998 8.940 14.837 8.161
162 1 2 16.902 8.973 14.740 8.194
163 1 2 16.784 9.006 14.621 8.227
164 1 2 16.665 9.039 14.503 8.260
165 1 2 16.547 9.072 14.384 8.293
166 1 2 16.451 9.105 14.287 8.326
167 1 2 16.333 9.138 14.169 8.359
168 1 2 16.236 9.171 14.072 8.392
169 1 2 16.118 9.204 13.953 8.425
170 1 2 15.999 9.216 13.834 8.436
171 1 2 15.881 9.249 13.716 8.469
172 1 2 15.784 9.282 13.619 8.502
173 1 2 15.666 9.315 13.500 8.535
174 1 2 15.548 9.348 13.381 8.568
175 1 2 15.429 9.381 13.262 8.602
176 1 2 15.311 9.414 13.144 8.635
177 1 2 15.192 9.447 13.025 8.668
178 1 2 15.096 9.480 12.928 8.701
179 1 2 14.977 9.514 12.809 8.734
180 1 2 14.880 9.547 12.712 8.767
181 1 2 14.740 9.580 12.571 8.800
182 1 2 14.643 9.613 12.474 8.833
183 1 2 14.525 9.646 12.355 8.866
184 1 2 14.428 9.679 12.258 8.899
185 1 2 14.309 9.712 12.139 8.932
186 1 2 14.191 9.745 12.020 8.966
187 1 2 14.072 9.779 11.901 8.999
188 1 2 13.975 9.790 11.804 9.010
189 1 2 13.835 9.823 11.663 9.044
190 1 2 13.738 9.856 11.566 9.077
191 1 2 13.619 9.890 11.447 9.110
192 1 2 13.522 9.923 11.349 9.143
193 1 2 13.404 9.956 11.230 9.176
194 1 2 13.285 9.989 11.111 9.209
195 1 2 13.166 10.022 10.992 9.242
196 1 2 13.069 10.034 10.895 9.254
197 1 2 12.950 10.067 10.775 9.287
198 1 2 12.831 10.079 10.656 9.299
199 1 2 12.712 10.112 10.537 9.332
200 1 2 12.615 10.145 10.439 9.365
201 1 2 12.496 10.178 10.320 9.398
202 1 2 12.377 10.190 10.201 9.410
203 1 2 12.258 10.223 10.081 9.443
204 1 2 12.161 10.235 9.984 9.455
205 1 2 12.042 10.268 9.864 9.488
206 1 2 11.945 10.280 9.767 9.500
207 1 2 11.804 10.313 9.626 9.533
208 1 2 11.707 10.346 9.528 9.566
209 1 2 11.588 10.380 9.409 9.599
210 1 2 11.490 10.391 9.311 9.611
211 1 2 11.371 10.425 9.191 9.644
212 1 2 11.274 10.436 9.093 9.656
213 1 2 11.155 10.469 8.974 9.689
214 1 2 11.057 10.503 8.876 9.722
215 1 2 10.938 10.536 8.757 9.756
216 1 2 10.840 10.547 8.659 9.767
217 1 2 10.721 10.581 8.539 9.800
218 1 2 10.624 10.592 8.441 9.812
219 1 2 10.504 10.626 8.322 9.845
220 1 2 10.385 10.638 8.202 9.857
221 1 2 10.266 10.671 8.082 9.890
222 1 2 10.168 10.682 7.984 9.902
223 1 2 10.049 10.716 7.865 9.935
224 1 2 9.951 10.727 7.767 9.947
225 1 2 9.832 10.761 7.647 9.980
226 1 2 9.712 10.773 7.527 9.992
227 1 2 9.593 10.806 7.407 10.025
228 1 2 9.495 10.818 7.309 10.037
229 1 2 9.376 10.851 7.190 10.070
230 1 2 9.278 10.863 7.091 10.082
231 1 2 9.158 10.874 6.971 10.094
232 1 2 9.039 10.886 6.851 10.105
233 1 2 8.919 10.920 6.732 10.139
234 1 2 8.822 10.931 6.633 10.150
235 1 2 8.702 10.943 6.513 10.162
236 1 2 8.604 10.955 6.415 10.174
237 1 2 8.484 10.988 6.295 10.207
238 1 2 8.365 11.000 6.175 10.219
239 1 2 8.245 11.033 6.055 10.252
240 1 2 8.147 11.045 5.957 10.264
241 1 2 8.028 11.079 5.837 10.298
242 1 2 7.929 11.090 5.739 10.309
243 1 2 7.810 11.124 5.619 10.343
244 1 2 7.690 11.136 5.498 10.354
245 1 2 7.570 11.169 5.378 10.388
246 1 2 7.472 11.202 5.280 10.421
247 1 2 7.353 11.236 5.160 10.455
248 1 2 7.255 11.269 5.062 10.488
249 1 2 7.157 11.324 4.964 10.543
250 1 2 7.059 11.357 4.865 10.576
251 1 2 6.940 11.412 4.745 10.631
252 1 2 6.842 11.446 4.647 10.664
253 1 2 6.744 11.500 4.549 10.719
254 1 2 6.646 11.534 4.451 10.753
255 1 2 6.526 11.589 4.331 10.808
256 1 2 6.450 11.644 4.254 10.863
257 1 2 6.352 11.699 4.156 10.918
258 1 2 6.254 11.754 4.058 10.973
259 1 2 6.157 11.830 3.960 11.049
260 1 2 6.059 11.885 3.862 11.104
261 1 2 5.961 11.962 3.764 11.181
262 1 2 5.885 12.038 3.688 11.257
263 1 2 5.788 12.115 3.590 11.334
264 1 2 5.712 12.191 3.514 11.411
265 1 2 5.614 12.268 3.416 11.487
266 1 2 5.538 12.344 3.339 11.564
267 1 2 5.440 12.421 3.241 11.641
268 1 2 5.386 12.497 3.187 11.717
269 1 2 5.289 12.595 3.089 11.815
270 1 2 5.235 12.672 3.035 11.892
271 1 2 5.159 12.770 2.959 11.990
272 1 2 5.083 12.846 2.883 12.066
273 1 2 5.007 12.944 2.807 12.165
274 1 2 4.953 13.042 2.753 12.263
275 1 2 4.878 13.140 2.677 12.361
276 1 2 4.824 13.238 2.623 12.459
277 1 2 4.770 13.336 2.569 12.557
278 1 2 4.716 13.434 2.515 12.655
279 1 2 4.662 13.532 2.461 12.753
280 1 2 4.608 13.630 2.407 12.851
281 1 2 4.554 13.728 2.353 12.949
282 1 2 4.500 13.826 2.299 13.048
283 1 2 4.447 13.946 2.245 13.167
284 1 2 4.415 14.043 2.213 13.265
285 1 2 4.361 14.163 2.159 13.385
286 1 2 4.329 14.261 2.127 13.483
287 1 2 4.297 14.380 2.095 13.602
288 1 2 4.265 14.478 2.063 13.700
289 1 2 4.234 14.597 2.031 13.820
290 1 2 4.202 14.695 1.999 13.918
291 1 2 4.170 14.814 1.967 14.037
292 1 2 4.138 14.912 1.935 14.135
293 1 2 4.106 15.031 1.903 14.255
294 1 2 4.096 15.129 1.893 14.353
295 1 2 4.064 15.248 1.861 14.472
296 1 2 4.054 15.368 1.851 14.592
297 1 2 4.022 15.487 1.819 14.711
298 1 2 4.012 15.584 1.809 14.809
299 1 2 3.981 15.704 1.777 14.928
300 1 2 3.993 15.823 1.789 15.048
301 1 2 3.961 15.942 1.758 15.167
302 1 2 3.951 16.040 1.748 15.265
303 1 2 3.941 16.159 1.738 15.384
304 1 2 3.931 16.256 1.728 15.482
305 1 2 3.921 16.375 1.718 15.601
306 1 2 3.911 16.495 1.708 15.721
307 1 2 2.867 17.493 1.686 15.699
308 1 2 2.802 17.613 1.664 15.710
309 1 2 2.759 17.744 1.687 15.851
310 1 2 2.794 17.906 1.644 16.003
311 1 2 2.751 18.025 1.624 16.133
312 1 2 2.697 18.080 1.657 16.166
313 1 2 2.697 18.124 1.614 16.264
314 1 2 2.731 18.253 1.615 16.426
315 1 2 2.700 18.394 1.628 16.567
316 1 2 2.701 18.513 1.694 16.631
317 1 2 2.713 18.632 1.695 16.729
318 1 2 2.747 18.794 1.686 16.924
319 1 2 2.770 18.913 1.676 17.022
321 1 2 2.749 19.000 1.643 17.076
322 1 2 2.796 19.313 1.723 17.314
323 1 2 2.764 19.476 1.723 17.400
324 1 2 2.798 19.497 1.692 17.563
325 1 2 2.799 19.605 1.659 17.607
326 1 2 2.811 19.735 1.694 17.823
327 1 2 2.823 19.843 1.641 17.987
329 1 2 2.847 20.124 1.763 18.147
330 1 2 2.891 20.156 1.764 18.277
331 1 2 2.914 20.199 1.720 18.224
332 1 2 2.828 20.395 1.756 18.548
333 1 2 2.794 20.331 1.846 18.742
334 1 2 2.897 20.719 1.791 18.754
335 1 2 2.853 20.752 1.792 18.873
336 1 2 2.766 20.818 1.837 18.937
338 1 2 2.823 21.066 1.837 18.937
339 1 2 2.868 21.174 1.829 19.273
340 1 2 2.947 21.389 1.884 19.337
341 1 2 3.024 21.485 1.886 19.478
342 1 2 3.014 21.561 1.854 19.684
343 1 2 3.036 21.604 1.810 19.631
344 1 2 3.115 21.819 1.867 19.879
345 1 2 3.170 21.850 1.869 20.042
346 1 2 3.193 21.893 1.824 19.988
347 1 2 3.194 22.001 1.825 20.096
348 1 2 3.065 22.296 1.905 20.377
349 1 2 3.087 22.338 1.860 20.313
350 1 2 3.099 22.446 1.872 20.421
351 1 2 3.089 22.598 1.863 20.572
352 1 2 3.092 22.825 1.920 20.842
353 1 2 3.114 22.868 1.876 20.778
354 1 2 3.115 22.976 1.877 20.886
355 1 2 3.138 23.127 1.900 21.038
356 1 2 3.139 23.214 1.901 21.124
357 1 2 3.140 23.344 1.902 21.254
358 1 2 3.163 23.451 1.925 21.362
359 1 2 3.186 23.581 1.948 21.492
360 1 2 3.187 23.710 1.949 21.622
361 1 2 3.210 23.818 1.972 21.729
362 1 2 3.174 24.597 1.832 21.992
363 1 2 3.173 24.543 1.887 22.045
364 1 2 3.196 24.597 1.843 21.970
365 1 2 3.218 24.705 1.866 22.078
366 1 2 3.402 24.388 1.814 22.468
367 1 2 3.425 24.539 1.848 22.533
368 1 2 3.405 24.701 1.959 22.628
369 1 2 3.384 24.767 1.927 22.802
370 1 2 3.417 24.809 1.883 22.738
371 1 2 3.440 24.928 1.906 22.857
372 1 2 3.463 25.025 1.929 22.954
373 1 2 3.464 25.143 1.930 23.073
374 1 2 3.323 25.384 2.086 23.351
375 1 2 3.302 25.471 2.131 23.448
376 1 2 3.281 25.579 2.121 23.513
377 1 2 3.348 25.719 2.123 23.719
378 1 2 3.382 25.815 2.135 23.903
379 1 2 3.439 25.987 2.170 24.043
380 1 2 3.451 26.117 2.182 24.183
381 1 2 3.452 26.225 2.182 24.172
382 1 2 3.441 26.247 2.238 24.290
383 1 2 3.442 26.344 2.205 24.291
384 1 2 3.464 26.387 2.160 24.227
385 1 2 3.487 26.505 2.183 24.345
386 1 2 3.488 26.624 2.184 24.464
387 1 2 3.489 26.743 2.186 24.583
388 1 2 3.512 26.861 2.209 24.702
389 1 2 3.535 26.980 2.232 24.821
390 1 2 3.536 27.077 2.233 24.918
391 1 2 3.559 27.217 2.256 25.058
392 1 2 3.582 27.335 2.279 25.177
393 1 2 3.584 27.454 2.280 25.296
320 1 2 2.727 18.957 1.677 17.130
328 1 2 2.846 19.973 1.719 18.137
337 1 2 2.801 21.023 1.870 19.002
