0 1 2 28.729 8.194 27.048 7.406
1 1 2 28.770 8.215 27.017 7.395
2 1 2 28.698 8.226 26.944 7.406
3 1 2 28.564 8.237 26.810 7.418
4 1 2 28.440 8.228 26.686 7.408
5 1 2 28.306 8.239 26.551 7.419
6 1 2 28.213 8.250 26.458 7.430
7 1 2 28.110 8.261 26.355 7.441
8 1 2 27.976 8.272 26.220 7.453
9 1 2 27.863 8.284 26.106 7.464
10 1 2 27.738 8.274 25.982 7.454
11 1 2 27.604 8.306 25.848 7.486
12 1 2 27.491 8.317 25.734 7.497
13 1 2 27.367 8.329 25.609 7.508
14 1 2 27.233 8.340 25.475 7.520
15 1 2 27.119 8.351 25.361 7.531
16 1 2 26.974 8.363 25.216 7.542
17 1 2 26.840 8.374 25.081 7.553
18 1 2 26.726 8.385 24.967 7.565
19 1 2 26.581 8.397 24.822 7.576
20 1 2 26.426 8.408 24.666 7.587
21 1 2 26.292 8.440 24.531 7.619
22 1 2 26.147 8.452 24.386 7.631
23 1 2 26.033 8.463 24.272 7.642
24 1 2 25.878 8.474 24.116 7.653
25 1 2 25.754 8.507 23.992 7.686
26 1 2 25.619 8.518 23.857 7.697
27 1 2 25.505 8.550 23.742 7.729
28 1 2 25.339 8.562 23.576 7.740
29 1 2 25.184 8.594 23.420 7.773
30 1 2 25.091 8.626 23.327 7.805
31 1 2 24.915 8.658 23.150 7.837
32 1 2 24.790 8.670 23.026 7.848
33 1 2 24.656 8.723 22.891 7.901
34 1 2 24.521 8.734 22.756 7.913
35 1 2 24.335 8.788 22.569 7.966
36 1 2 24.200 8.799 22.433 7.977
37 1 2 24.075 8.852 22.309 8.030
38 1 2 23.930 8.884 22.163 8.063
39 1 2 23.764 8.938 21.997 8.116
40 1 2 23.629 8.970 21.861 8.148
41 1 2 23.484 9.023 21.716 8.201
42 1 2 23.349 9.056 21.581 8.234
43 1 2 23.173 9.088 21.403 8.266
44 1 2 23.048 9.120 21.278 8.299
45 1 2 22.913 9.174 21.143 8.352
46 1 2 22.778 9.206 21.008 8.384
47 1 2 22.602 9.259 20.831 8.437
48 1 2 22.456 9.313 20.685 8.491
49 1 2 22.321 9.366 20.550 8.544
50 1 2 22.082 9.441 20.300 8.692
51 1 2 22.093 9.420 20.133 8.735
52 1 2 21.750 9.590 20.029 8.757
53 1 2 21.626 9.685 19.998 8.809
54 1 2 21.490 9.707 19.820 8.842
55 1 2 21.387 9.812 19.549 8.969
56 1 2 21.397 9.780 19.654 8.979
57 1 2 21.147 9.845 19.226 9.139
58 1 2 21.127 9.877 19.383 9.086
59 1 2 20.960 9.941 19.216 9.150
60 1 2 20.793 9.994 19.049 9.203
61 1 2 20.648 10.048 18.903 9.257
62 1 2 20.533 10.111 18.788 9.321
63 1 2 20.387 10.165 18.642 9.374
64 1 2 20.221 10.240 18.475 9.449
65 1 2 20.065 10.304 18.318 9.513
66 1 2 19.940 10.357 18.193 9.566
67 1 2 19.783 10.411 18.036 9.620
68 1 2 19.637 10.475 17.890 9.684
69 1 2 19.491 10.549 17.743 9.758
70 1 2 19.377 10.623 17.628 9.832
71 1 2 19.210 10.687 17.461 9.897
72 1 2 19.043 10.762 17.294 9.971
73 1 2 18.887 10.837 17.137 10.046
74 1 2 18.628 11.164 16.831 9.912
75 1 2 18.440 11.249 16.748 10.049
76 1 2 18.197 11.063 16.750 10.301
77 1 2 18.062 11.211 16.624 10.333
78 1 2 18.095 11.409 16.308 10.294
79 1 2 17.748 11.287 16.394 10.482
80 1 2 17.697 11.476 16.016 10.485
81 1 2 17.550 11.509 15.964 10.580
82 1 2 17.415 11.594 15.859 10.654
83 1 2 17.331 11.689 15.671 10.792
84 1 2 17.228 11.847 15.418 10.816
85 1 2 17.019 11.943 15.272 10.901
86 1 2 16.935 12.007 15.146 10.965
87 1 2 16.694 12.093 15.020 11.050
88 1 2 16.569 12.231 14.884 11.188
89 1 2 16.486 12.336 14.748 11.221
90 1 2 16.319 12.495 14.494 11.223
91 1 2 16.120 12.539 14.370 11.497
92 1 2 16.312 12.831 14.274 11.351
93 1 2 15.679 12.680 14.446 11.706
94 1 2 15.754 12.774 14.235 11.656
95 1 2 15.767 13.046 14.056 11.700
96 1 2 15.764 12.784 14.121 11.941
97 1 2 15.296 13.387 13.803 11.828
98 1 2 15.106 13.389 13.721 11.997
99 1 2 15.066 13.610 13.637 12.145
100 1 2 14.846 13.676 13.619 12.397
101 1 2 14.700 13.929 13.545 12.388
102 1 2 14.544 14.099 13.378 12.610
103 1 2 14.439 14.142 13.296 12.863
104 1 2 14.400 14.468 13.306 12.821
105 1 2 14.669 13.961 13.107 13.065
106 1 2 14.554 14.099 12.992 13.202
107 1 2 14.492 14.225 12.930 13.329
108 1 2 14.420 14.363 12.857 13.467
109 1 2 14.379 14.500 12.816 13.604
110 1 2 14.264 14.669 12.702 13.773
111 1 2 14.171 14.828 12.608 13.932
112 1 2 14.109 14.996 12.546 14.101
113 1 2 14.058 15.134 12.495 14.238
114 1 2 13.985 15.271 12.422 14.376
115 1 2 13.541 16.317 12.519 14.606
116 1 2 13.809 15.620 12.245 14.725
117 1 2 13.758 15.757 12.194 14.862
118 1 2 13.727 15.852 12.163 14.957
119 1 2 13.644 16.063 12.080 15.169
120 1 2 13.593 16.221 12.029 15.327
121 1 2 13.510 16.401 11.946 15.507
122 1 2 13.480 16.548 11.915 15.655
123 1 2 13.408 16.728 11.843 15.834
124 1 2 13.367 16.865 11.802 15.972
125 1 2 13.316 17.034 11.751 16.141
126 1 2 13.264 17.192 11.699 16.299
127 1 2 13.203 17.382 11.638 16.489
128 1 2 13.152 17.541 11.586 16.648
129 1 2 13.100 17.699 11.535 16.806
130 1 2 13.059 17.847 11.494 16.954
131 1 2 12.987 18.026 11.421 17.134
132 1 2 12.957 18.184 11.391 17.292
133 1 2 12.895 18.374 11.329 17.482
134 1 2 12.844 18.533 11.278 17.641
135 1 2 12.793 18.712 11.227 17.821
136 1 2 12.752 18.860 11.186 17.969
137 1 2 12.701 19.039 11.134 18.148
138 1 2 12.650 19.198 11.083 18.307
139 1 2 12.588 19.388 11.021 18.497
140 1 2 12.537 19.547 10.970 18.656
141 1 2 12.485 19.705 10.918 18.815
142 1 2 12.445 19.874 10.877 18.984
143 1 2 12.393 20.053 10.826 19.163
144 1 2 12.342 20.212 10.775 19.322
145 1 2 12.280 20.402 10.713 19.512
146 1 2 12.229 20.561 10.661 19.671
147 1 2 12.178 20.740 10.610 19.851
148 1 2 12.137 20.888 10.569 19.999
149 1 2 12.065 21.068 10.497 20.179
150 1 2 12.034 21.226 10.466 20.338
151 1 2 11.951 21.417 10.383 20.528
152 1 2 11.900 21.576 10.332 20.687
153 1 2 11.849 21.755 10.280 20.867
154 1 2 11.808 21.903 10.239 21.015
155 1 2 11.735 22.062 10.167 21.174
156 1 2 11.684 22.221 10.115 21.333
157 1 2 11.622 22.411 10.053 21.524
158 1 2 11.571 22.570 10.002 21.683
159 1 2 11.498 22.750 9.929 21.863
160 1 2 11.457 22.898 9.888 22.011
161 1 2 11.385 23.089 9.816 22.202
162 1 2 11.334 23.237 9.764 22.350
163 1 2 11.251 23.428 9.681 22.542
164 1 2 11.220 23.576 9.650 22.690
165 1 2 11.148 23.767 9.578 22.881
166 1 2 11.107 23.915 9.537 23.029
167 1 2 11.035 24.106 9.464 23.220
168 1 2 10.983 24.254 9.412 23.368
169 1 2 10.900 24.445 9.329 23.559
170 1 2 10.848 24.593 9.278 23.708
171 1 2 10.776 24.763 9.205 23.878
172 1 2 10.714 24.912 9.142 24.027
173 1 2 10.641 25.103 9.070 24.218
174 1 2 10.590 25.251 9.018 24.366
175 1 2 10.507 25.442 8.935 24.558
176 1 2 10.434 25.591 8.862 24.707
177 1 2 10.361 25.782 8.789 24.898
178 1 2 10.320 25.930 8.748 25.046
179 1 2 10.227 26.122 8.654 25.238
180 1 2 10.175 26.270 8.602 25.386
181 1 2 10.092 26.440 8.519 25.557
182 1 2 10.019 26.600 8.446 25.716
183 1 2 9.946 26.780 8.373 25.897
184 1 2 9.905 26.929 8.332 26.046
185 1 2 9.811 27.089 8.238 26.206
186 1 2 9.760 27.248 8.186 26.365
187 1 2 9.676 27.439 8.103 26.557
188 1 2 9.604 27.588 8.030 26.706
189 1 2 9.531 27.758 7.957 26.876
190 1 2 9.469 27.918 7.894 27.036
191 1 2 9.396 28.098 7.822 27.216
192 1 2 9.323 28.247 7.748 27.366
193 1 2 9.240 28.418 7.665 27.536
194 1 2 9.167 28.567 7.592 27.686
195 1 2 9.131 29.263 7.806 27.755
196 1 2 8.993 29.277 7.648 27.969
198 1 2 8.844 29.291 7.749 28.463
2 5 2 9.286 27.753 8.423 25.601
3 5 2 9.296 27.711 8.402 25.538
4 5 2 9.274 27.638 8.400 25.412
5 5 2 9.284 27.574 8.485 25.336
6 5 2 9.325 27.384 8.388 25.264
7 5 2 9.261 27.417 8.366 25.180
8 5 2 9.313 27.236 8.365 25.117
9 5 2 9.237 27.112 8.354 25.065
10 5 2 9.323 27.194 8.342 24.928
11 5 2 9.310 26.931 8.352 24.864
12 5 2 9.288 26.837 8.287 24.760
13 5 2 9.265 26.732 8.319 24.749
14 5 2 9.286 26.689 8.244 24.698
15 5 2 9.254 26.627 8.222 24.624
16 5 2 9.242 26.490 8.231 24.477
17 5 2 9.188 26.470 8.209 24.445
18 5 2 9.188 26.428 8.293 24.286
19 5 2 9.209 26.427 8.239 24.255
20 5 2 9.207 26.269 8.250 24.223
21 5 2 9.164 26.155 8.195 24.045
22 5 2 9.174 26.165 8.120 23.994
23 5 2 9.194 25.943 8.161 23.909
24 5 2 9.161 25.912 8.139 23.846
25 5 2 9.171 25.775 8.203 23.781
26 5 2 9.191 25.733 8.116 23.677
27 5 2 9.192 25.764 8.105 23.551
28 5 2 9.221 25.542 8.221 23.443
29 5 2 9.273 25.404 8.305 23.400
30 5 2 9.240 25.247 8.379 23.251
31 5 2 9.313 25.108 8.410 23.176
32 5 2 9.291 25.035 8.345 23.072
33 5 2 9.258 24.941 8.429 22.997
34 5 2 9.247 24.867 8.438 22.849
35 5 2 9.266 24.730 8.395 22.755
36 5 2 9.298 24.645 8.383 22.607
37 5 2 9.287 24.614 8.393 22.597
38 5 2 9.318 24.539 8.382 22.491
39 5 2 9.250 24.161 8.446 22.585
40 5 2 9.238 24.056 8.456 22.480
41 5 2 9.303 24.150 8.421 22.195
42 5 2 9.239 24.088 8.474 22.142
43 5 2 9.290 23.918 8.409 22.038
44 5 2 9.257 23.782 8.419 21.964
45 5 2 9.276 23.560 8.483 22.026
46 5 2 9.266 23.645 8.481 21.741
47 5 2 9.307 23.507 8.500 21.583
48 5 2 9.285 23.381 8.520 21.456
49 5 2 9.369 23.327 8.476 21.309
50 5 2 9.358 23.232 8.497 21.287
51 5 2 9.314 23.096 8.507 21.182
52 5 2 9.345 22.969 8.559 21.065
53 5 2 9.397 22.863 8.569 20.959
54 5 2 9.428 22.778 8.504 20.887
55 5 2 9.416 22.694 8.535 20.770
56 5 2 9.447 22.567 8.523 20.644
57 5 2 9.467 22.440 8.511 20.560
58 5 2 9.498 22.376 8.553 20.432
59 5 2 9.529 22.291 8.552 20.348
60 5 2 9.485 22.124 8.604 20.263
61 5 2 9.484 22.029 8.582 20.126
62 5 2 9.515 21.944 8.592 20.052
63 5 2 9.547 21.944 8.623 19.967
64 5 2 9.514 21.797 8.685 19.777
65 5 2 9.544 21.680 8.695 19.724
66 5 2 9.564 21.543 8.694 19.639
67 5 2 9.596 21.490 8.736 19.586
68 5 2 9.583 21.258 8.607 19.483
69 5 2 9.593 21.195 8.616 19.335
70 5 2 9.602 21.079 8.626 19.219
71 5 2 9.645 21.088 8.774 19.100
72 5 2 9.632 20.910 8.837 19.047
73 5 2 9.716 20.761 8.751 18.943
74 5 2 9.694 20.708 8.888 18.867
75 5 2 9.715 20.645 8.844 18.720
76 5 2 9.746 20.518 8.908 18.645
77 5 2 9.851 20.411 8.896 18.529
78 5 2 9.839 20.274 8.948 18.423
79 5 2 9.880 20.179 8.990 18.349
80 5 2 9.922 20.136 9.032 18.274
81 5 2 9.911 20.020 9.041 18.158
82 5 2 9.983 19.861 9.050 18.031
83 5 2 10.067 19.733 9.018 17.948
84 5 2 10.003 19.692 9.123 17.841
85 5 2 10.077 19.617 9.154 17.788
86 5 2 10.129 19.490 9.174 17.661
87 5 2 10.160 19.437 9.205 17.565
88 5 2 10.095 19.312 9.236 17.449
89 5 2 10.094 19.259 9.247 17.459
90 5 2 10.104 19.196 9.289 17.375
91 5 2 10.124 19.037 9.276 17.174
92 5 2 10.124 19.037 9.307 17.090
93 5 2 10.165 18.910 9.296 17.048
94 5 2 10.186 18.889 9.263 16.932
95 5 2 10.259 18.709 9.294 16.805
96 5 2 10.268 18.561 9.357 16.741
97 5 2 10.278 18.508 9.366 16.625
98 5 2 10.298 18.392 9.291 16.563
99 5 2 10.341 18.392 9.365 16.530
100 5 2 10.393 18.265 9.365 16.467
101 5 2 10.413 18.148 9.533 16.275
102 5 2 10.411 18.012 9.468 16.181
103 5 2 10.443 17.990 9.542 16.075
104 5 2 10.464 17.948 9.626 16.021
105 5 2 10.473 17.842 9.646 15.926
106 5 2 10.525 17.694 9.688 15.841
107 5 2 10.556 17.609 9.602 15.779
108 5 2 10.566 17.546 9.708 15.662
109 5 2 10.607 17.451 9.718 15.609
110 5 2 10.617 17.303 9.791 15.461
111 5 2 10.637 17.177 9.769 15.398
112 5 2 10.742 17.091 9.832 15.334
113 5 2 10.763 17.080 9.874 15.238
114 5 2 10.826 16.963 9.947 15.164
115 5 2 10.856 16.816 9.925 15.037
116 5 2 10.919 16.709 9.957 15.037
117 5 2 10.960 16.593 9.955 14.858
118 5 2 10.960 16.614 10.007 14.784
119 5 2 11.000 16.371 10.144 14.677
120 5 2 10.978 16.267 10.100 14.509
121 5 2 11.062 16.171 10.153 14.466
122 5 2 11.083 16.160 10.174 14.423
123 5 2 11.156 16.075 10.120 14.340
124 5 2 11.229 15.916 10.193 14.223
125 5 2 11.355 15.830 10.298 14.148
126 5 2 11.300 15.589 10.404 14.126
127 5 2 11.396 15.630 10.414 14.041
128 5 2 11.479 15.481 10.413 13.883
129 5 2 11.541 15.333 10.508 13.840
130 5 2 11.659 15.395 10.591 13.660
131 5 2 11.721 15.268 10.643 13.565
132 5 2 11.836 15.140 10.665 13.607
133 5 2 11.867 15.056 10.738 13.501
134 5 2 11.909 14.960 10.726 13.385
135 5 2 11.929 14.844 10.895 13.267
136 5 2 12.045 14.833 10.798 13.174
137 5 2 12.203 14.725 10.873 13.194
138 5 2 12.191 14.547 10.968 13.140
139 5 2 11.834 14.930 11.054 13.297
140 5 2 11.897 14.834 11.117 13.202
141 5 2 11.971 14.791 11.191 13.159
142 5 2 12.033 14.706 11.254 13.074
143 5 2 12.128 14.653 11.349 13.020
144 5 2 12.169 14.547 11.390 12.915
145 5 2 12.253 14.462 11.474 12.830
146 5 2 12.284 14.377 11.505 12.745
147 5 2 12.411 14.344 11.632 12.712
148 5 2 12.495 14.280 11.716 12.648
149 5 2 12.460 13.955 11.681 12.322
150 5 2 12.652 14.142 11.874 12.510
151 5 2 12.736 14.078 11.958 12.446
152 5 2 12.875 14.129 12.096 12.497
153 5 2 12.915 13.960 12.137 12.328
154 5 2 12.999 13.917 12.169 13.422
155 5 2 13.125 13.790 12.295 13.294
156 5 2 13.294 13.746 12.464 13.250
157 5 2 13.462 13.660 12.632 13.164
158 5 2 13.620 13.626 12.791 13.131
159 5 2 13.778 13.551 12.949 13.056
160 5 2 13.936 13.476 13.106 12.981
161 5 2 14.094 13.401 13.264 12.905
162 5 2 14.230 13.326 13.401 12.830
163 5 2 14.398 13.261 13.570 12.765
164 5 2 14.567 13.196 13.738 12.701
165 5 2 14.735 13.121 13.906 12.625
166 5 2 14.892 13.077 14.064 12.582
167 5 2 15.050 12.991 14.222 12.496
168 5 2 15.186 12.948 14.359 12.453
169 5 2 15.354 12.894 14.527 12.398
170 5 2 15.523 12.839 14.695 12.344
171 5 2 15.670 12.785 14.842 12.290
172 5 2 15.827 12.742 15.000 12.247
173 5 2 15.984 12.677 15.158 12.182
174 5 2 16.142 12.623 15.315 12.128
175 5 2 16.310 12.579 15.484 12.084
176 5 2 17.680 11.874 16.855 11.379
177 5 2 16.541 12.525 15.715 12.030
178 5 2 16.666 12.471 15.841 11.976
179 5 2 16.782 12.438 15.956 11.943
180 5 2 16.918 12.384 16.092 11.890
181 5 2 17.043 12.320 16.218 11.825
183 5 2 17.169 12.277 16.344 11.782
184 5 2 15.514 13.039 14.739 11.410
185 5 2 16.475 12.295 15.618 11.779
186 5 2 16.570 12.283 15.712 11.768
187 5 2 16.706 12.271 15.849 11.756
188 5 2 16.822 12.260 15.965 11.744
189 5 2 16.948 12.237 16.091 11.722
190 5 2 17.043 12.247 16.186 11.731
191 5 2 17.158 12.225 16.301 11.709
192 5 2 17.263 12.234 16.407 11.719
193 5 2 17.389 12.233 16.533 11.718
194 5 2 17.505 12.232 16.648 11.716
195 5 2 17.631 12.220 16.775 11.705
196 5 2 17.736 12.219 16.880 11.704
197 5 2 18.567 12.472 16.817 11.715
198 5 2 18.209 12.371 17.112 11.796
199 5 2 18.998 12.562 17.142 11.638
200 5 2 19.081 12.509 17.331 11.689
201 5 2 19.102 12.519 17.394 11.657
202 5 2 19.300 12.444 17.448 11.813
203 5 2 19.405 12.474 17.605 11.770
204 5 2 19.625 12.472 17.679 11.811
205 5 2 19.730 12.502 17.805 11.779
206 5 2 19.897 12.490 17.951 11.735
207 5 2 20.033 12.499 18.067 11.724
208 5 2 20.128 12.487 18.067 11.745
209 5 2 20.086 12.477 18.130 11.765
210 5 2 20.316 12.485 18.319 11.742
211 5 2 20.588 12.493 18.455 11.762
212 5 2 20.671 12.513 18.633 11.739
213 5 2 20.745 12.533 18.832 11.737
214 5 2 20.880 12.521 18.801 11.758
215 5 2 20.723 12.492 18.990 11.819
216 5 2 21.050 12.729 19.104 11.619
217 5 2 21.058 12.478 19.189 11.796
218 5 2 21.026 12.499 19.462 11.804
219 5 2 21.394 12.746 19.523 11.678
220 5 2 21.570 12.566 19.515 11.866
221 5 2 21.674 12.586 19.546 11.877
222 5 2 21.696 12.607 19.871 11.894
223 5 2 21.768 12.575 19.871 11.926
224 5 2 21.821 12.616 20.059 11.924
225 5 2 22.019 12.656 20.081 11.965
226 5 2 22.134 12.675 20.248 11.974
227 5 2 22.239 12.685 20.457 11.951
228 5 2 22.437 12.703 20.447 11.983
229 5 2 22.499 12.692 20.551 11.950
230 5 2 22.582 12.671 20.656 12.001
231 5 2 22.739 12.700 20.834 12.000
232 5 2 22.823 12.741 20.938 12.009
233 5 2 23.010 12.739 21.032 11.956
234 5 2 23.104 12.749 21.209 11.975
235 5 2 23.166 12.737 21.314 11.964
236 5 2 23.259 12.663 21.377 12.026
237 5 2 23.405 12.693 21.523 12.003
238 5 2 23.655 12.691 21.689 11.970
239 5 2 23.759 12.721 21.857 12.000
240 5 2 23.852 12.689 21.950 11.999
241 5 2 23.987 12.697 21.950 11.957
242 5 2 24.070 12.655 22.159 12.018
243 5 2 24.309 12.694 22.316 12.037
244 5 2 24.434 12.682 22.378 12.036
245 5 2 24.517 12.702 22.472 12.056
246 5 2 24.372 12.714 22.649 12.065
247 5 2 24.497 12.713 22.774 12.064
248 5 2 24.632 12.712 22.910 12.062
249 5 2 24.725 12.700 23.003 12.051
250 5 2 24.849 12.699 23.128 12.050
251 5 2 24.964 12.698 23.243 12.049
252 5 2 25.492 12.671 23.274 12.080
253 5 2 25.244 12.715 23.524 12.077
254 5 2 25.358 12.725 23.638 12.086
255 5 2 25.451 12.724 23.732 12.085
256 5 2 25.576 12.712 23.857 12.074
257 5 2 25.690 12.721 23.971 12.083
258 5 2 25.825 12.720 24.106 12.082
259 5 2 25.908 12.729 24.189 12.091
260 5 2 26.022 12.738 24.304 12.100
261 5 2 26.115 12.737 24.397 12.099
262 5 2 26.643 12.701 24.470 12.068
263 5 2 26.694 12.690 24.470 12.078
264 5 2 26.704 12.679 24.875 12.063
265 5 2 26.912 12.750 24.906 12.042
266 5 2 27.036 12.717 24.916 12.032
267 5 2 27.108 12.633 24.958 12.073
268 5 2 26.880 12.667 25.165 12.061
269 5 2 26.994 12.666 25.279 12.059
270 5 2 27.118 12.675 25.404 12.069
271 5 2 27.552 12.639 25.570 12.077
272 5 2 27.697 12.658 25.683 12.045
273 5 2 27.831 12.667 25.621 12.025
274 5 2 27.831 12.657 25.829 12.064
275 5 2 27.790 12.668 25.870 12.074
276 5 2 28.007 12.665 25.994 12.042
277 5 2 28.111 12.727 26.243 11.998
278 5 2 28.327 12.704 26.419 12.048
279 5 2 28.441 12.723 26.419 12.038
280 5 2 28.359 12.734 26.605 12.025
281 5 2 28.492 12.671 26.637 12.087
282 5 2 28.513 12.670 26.761 12.076
283 5 2 28.792 12.740 26.885 12.043
284 5 2 28.988 12.728 27.092 12.083
285 5 2 29.081 12.747 27.082 12.083
286 5 2 29.183 12.674 27.061 12.093
287 5 2 29.410 12.723 27.175 12.092
