0 0 2 29.984 7.600 28.058 6.621
1 0 2 30.037 7.630 28.017 6.611
2 0 2 29.985 7.631 27.965 6.611
3 0 2 29.913 7.631 27.892 6.612
4 0 2 29.820 7.632 27.799 6.613
5 0 2 29.737 7.623 27.716 6.603
6 0 2 29.675 7.634 27.654 6.614
7 0 2 29.623 7.634 27.602 6.614
8 0 2 29.561 7.635 27.540 6.615
9 0 2 29.499 7.635 27.478 6.615
10 0 2 29.427 7.636 27.405 6.616
11 0 2 29.355 7.626 27.333 6.606
12 0 2 29.282 7.637 27.260 6.617
13 0 2 29.230 7.627 27.208 6.607
14 0 2 29.138 7.638 27.115 6.618
15 0 2 29.086 7.639 27.063 6.619
16 0 2 28.993 7.640 26.970 6.619
17 0 2 28.941 7.630 26.918 6.610
18 0 2 28.848 7.641 26.825 6.621
19 0 2 28.775 7.631 26.752 6.611
20 0 2 28.682 7.643 26.659 6.622
21 0 2 28.610 7.643 26.586 6.623
22 0 2 28.517 7.665 26.493 6.644
23 0 2 28.465 7.655 26.441 6.634
24 0 2 28.372 7.656 26.347 6.635
25 0 2 28.320 7.656 26.295 6.635
26 0 2 28.227 7.668 26.202 6.647
27 0 2 28.175 7.668 26.150 6.647
28 0 2 28.082 7.669 26.057 6.648
29 0 2 28.010 7.659 25.984 6.638
30 0 2 27.917 7.670 25.890 6.649
31 0 2 27.844 7.692 25.818 6.671
32 0 2 27.730 7.693 25.704 6.672
33 0 2 27.658 7.714 25.631 6.693
34 0 2 27.544 7.705 25.517 6.684
35 0 2 27.471 7.716 25.444 6.695
36 0 2 27.357 7.717 25.330 6.696
37 0 2 27.285 7.707 25.257 6.686
38 0 2 27.191 7.698 25.163 6.676
39 0 2 27.119 7.698 25.090 6.677
40 0 2 27.025 7.699 24.996 6.677
41 0 2 26.952 7.690 24.924 6.668
42 0 2 26.859 7.690 24.830 6.668
43 0 2 26.766 7.691 24.736 6.669
44 0 2 26.672 7.703 24.643 6.680
45 0 2 26.579 7.703 24.549 6.681
46 0 2 26.486 7.704 24.455 6.682
47 0 2 26.392 7.715 24.362 6.693
48 0 2 26.278 7.737 24.247 6.715
49 0 2 26.185 7.738 24.154 6.716
50 0 2 26.071 7.770 24.039 6.748
51 0 2 25.978 7.792 23.946 6.770
52 0 2 25.884 7.814 23.852 6.791
53 0 2 25.791 7.825 23.759 6.802
54 0 2 25.677 7.826 23.644 6.803
55 0 2 25.604 7.827 23.571 6.804
56 0 2 25.490 7.838 23.456 6.815
57 0 2 25.396 7.839 23.362 6.816
58 0 2 25.313 7.840 23.279 6.817
59 0 2 25.188 7.831 23.154 6.807
60 0 2 25.073 7.832 23.039 6.808
61 0 2 24.980 7.832 22.945 6.809
62 0 2 24.865 7.844 22.830 6.821
63 0 2 24.751 7.845 22.715 6.822
64 0 2 24.647 7.846 22.611 6.822
65 0 2 24.543 7.836 22.506 6.813
66 0 2 24.428 7.848 22.392 6.824
67 0 2 24.324 7.870 22.287 6.846
68 0 2 24.220 7.860 22.183 6.836
69 0 2 24.147 7.871 22.110 6.848
70 0 2 24.043 7.893 22.006 6.869
71 0 2 23.960 7.883 21.922 6.860
72 0 2 23.845 7.895 21.807 6.871
73 0 2 23.741 7.917 21.703 6.893
74 0 2 23.637 7.907 21.598 6.883
75 0 2 23.543 7.908 21.504 6.884
76 0 2 23.470 7.940 21.431 6.916
77 0 2 23.355 7.931 21.316 6.906
78 0 2 23.241 7.963 21.201 6.939
79 0 2 23.116 7.954 21.075 6.929
80 0 2 23.053 7.986 21.013 6.961
81 0 2 22.959 7.976 20.919 6.952
82 0 2 22.898 8.039 20.856 7.015
83 0 2 22.772 8.020 20.731 6.995
84 0 2 22.657 8.021 20.615 6.996
85 0 2 22.563 8.042 20.521 7.018
86 0 2 22.449 8.064 20.406 7.039
87 0 2 22.355 8.096 20.312 7.072
88 0 2 22.240 8.098 20.197 7.073
89 0 2 22.167 8.119 20.124 7.094
90 0 2 22.053 8.141 20.009 7.116
91 0 2 21.958 8.131 19.914 7.106
92 0 2 21.844 8.164 19.799 7.139
93 0 2 21.750 8.175 19.705 7.150
94 0 2 21.645 8.207 19.601 7.182
95 0 2 21.562 8.229 19.517 7.204
96 0 2 21.447 8.251 19.402 7.226
97 0 2 21.364 8.273 19.318 7.247
98 0 2 21.238 8.295 19.192 7.269
99 0 2 21.144 8.317 19.098 7.291
100 0 2 21.040 8.338 18.993 7.313
101 0 2 20.956 8.329 18.909 7.303
102 0 2 20.841 8.361 18.794 7.335
103 0 2 20.758 8.372 18.710 7.347
104 0 2 20.632 8.395 18.584 7.369
105 0 2 20.538 8.416 18.490 7.390
106 0 2 20.413 8.449 18.364 7.423
107 0 2 20.329 8.450 18.280 7.424
108 0 2 20.214 8.472 18.165 7.446
109 0 2 20.130 8.483 18.081 7.457
110 0 2 20.004 8.484 17.955 7.458
111 0 2 19.910 8.506 17.860 7.480
112 0 2 19.784 8.518 17.734 7.491
113 0 2 19.701 8.539 17.650 7.513
114 0 2 19.615 8.383 17.598 7.534
115 0 2 19.637 8.488 17.597 7.472
116 0 2 19.543 8.499 17.502 7.483
117 0 2 19.438 8.511 17.397 7.494
118 0 2 19.342 8.397 17.188 7.643
119 0 2 19.196 8.429 17.125 7.633
120 0 2 19.048 8.410 16.904 7.666
121 0 2 18.957 8.672 16.945 7.572
122 0 2 18.988 8.599 16.957 7.634
123 0 2 18.734 8.486 16.694 7.731
124 0 2 18.778 8.601 16.746 7.647
125 0 2 18.598 8.529 16.462 7.723
126 0 2 18.419 8.531 16.304 7.734
127 0 2 18.440 8.531 16.231 7.808
128 0 2 18.083 8.524 16.020 7.789
129 0 2 18.020 8.545 15.957 7.811
130 0 2 18.001 8.765 16.030 7.758
131 0 2 18.041 8.545 15.768 7.876
132 0 2 17.926 8.598 15.725 7.855
133 0 2 17.747 8.611 15.609 7.846
134 0 2 17.623 8.758 15.619 7.783
135 0 2 17.370 8.740 15.524 7.762
136 0 2 17.254 8.741 15.451 7.837
137 0 2 17.189 8.627 15.103 7.892
138 0 2 17.128 8.805 15.249 7.786
139 0 2 17.065 8.806 15.197 7.828
140 0 2 16.979 8.702 14.955 7.883
141 0 2 16.979 8.691 14.797 7.947
142 0 2 16.906 8.755 14.934 7.915
143 0 2 16.708 8.893 14.711 7.843
144 0 2 16.560 8.884 14.584 7.855
145 0 2 16.601 8.800 14.628 7.959
146 0 2 16.496 8.822 14.522 7.981
147 0 2 16.391 8.823 14.417 7.982
148 0 2 16.296 8.855 14.322 8.015
149 0 2 16.087 9.004 14.014 7.902
150 0 2 16.096 8.889 14.121 8.048
151 0 2 15.970 8.901 13.994 8.060
152 0 2 15.867 9.132 13.686 7.926
153 0 2 15.612 9.061 13.590 7.864
154 0 2 15.528 9.094 13.442 7.907
155 0 2 15.433 9.105 13.337 8.003
156 0 2 15.421 8.979 13.445 8.138
157 0 2 15.284 8.991 13.307 8.150
158 0 2 15.189 8.992 13.212 8.151
159 0 2 15.001 9.130 12.925 8.101
160 0 2 15.000 9.047 13.022 8.205
161 0 2 14.884 9.069 12.905 8.227
162 0 2 14.727 9.207 12.651 8.251
163 0 2 14.526 9.209 12.523 8.199
164 0 2 14.441 9.168 12.460 8.242
165 0 2 14.451 9.136 12.471 8.295
166 0 2 14.356 9.168 12.376 8.327
167 0 2 14.262 9.243 12.174 8.308
168 0 2 14.240 9.212 12.260 8.370
169 0 2 13.912 9.236 11.962 8.331
170 0 2 13.965 9.225 11.995 8.383
171 0 2 13.859 9.247 11.889 8.405
172 0 2 13.754 9.280 11.783 8.438
173 0 2 13.659 9.301 11.688 8.460
174 0 2 13.564 9.323 11.592 8.482
175 0 2 13.459 9.377 11.487 8.535
176 0 2 13.342 9.399 11.370 8.557
177 0 2 13.268 9.421 11.296 8.579
178 0 2 13.163 9.454 11.190 8.612
179 0 2 13.068 9.507 11.095 8.665
180 0 2 12.973 9.519 10.999 8.677
181 0 2 12.867 9.551 10.893 8.709
182 0 2 12.772 9.594 10.798 8.752
183 0 2 12.677 9.637 10.703 8.795
184 0 2 12.593 9.670 10.618 8.828
185 0 2 12.498 9.713 10.523 8.871
186 0 2 12.402 9.756 10.427 8.914
187 0 2 12.297 9.788 10.321 8.946
188 0 2 12.202 9.831 10.226 8.989
189 0 2 12.128 9.874 10.152 9.032
190 0 2 12.022 9.907 10.046 9.065
191 0 2 11.948 9.971 9.972 9.129
192 0 2 11.854 10.035 9.877 9.193
193 0 2 11.769 10.088 9.792 9.246
194 0 2 11.674 10.153 9.697 9.311
195 0 2 11.232 10.557 9.590 9.227
196 0 2 11.453 10.302 9.486 9.460
197 0 2 11.368 10.366 9.401 9.524
198 0 2 11.295 10.409 9.327 9.567
199 0 2 11.211 10.505 9.243 9.663
200 0 2 11.126 10.569 9.158 9.727
201 0 2 10.738 11.068 9.252 9.526
202 0 2 11.010 10.675 9.042 9.834
203 0 2 10.937 10.750 8.968 9.908
204 0 2 10.905 10.792 8.936 9.951
205 0 2 10.800 10.909 8.831 10.068
206 0 2 10.737 10.994 8.768 10.153
207 0 2 10.653 11.090 8.683 10.248
208 0 2 10.580 11.175 8.610 10.334
209 0 2 10.517 11.260 8.546 10.419
210 0 2 10.464 11.334 8.494 10.493
211 0 2 10.401 11.419 8.431 10.578
212 0 2 9.845 12.153 8.472 10.419
213 0 2 10.328 11.526 8.357 10.684
214 0 2 10.275 11.600 8.305 10.759
215 0 2 10.213 11.685 8.241 10.844
216 0 2 10.181 11.749 8.210 10.907
217 0 2 10.140 11.865 8.168 11.024
218 0 2 10.077 11.929 8.105 11.088
219 0 2 10.003 12.046 8.032 11.205
220 0 2 9.962 12.130 7.990 11.290
221 0 2 9.920 12.215 7.948 11.375
222 0 2 9.889 12.310 7.917 11.470
223 0 2 9.848 12.416 7.875 11.576
224 0 2 9.806 12.501 7.833 11.661
225 0 2 9.754 12.618 7.781 11.778
226 0 2 9.712 12.724 7.739 11.884
227 0 2 9.671 12.809 7.698 11.968
228 0 2 9.640 12.904 7.666 12.064
229 0 2 9.619 13.010 7.646 12.170
230 0 2 9.546 13.095 7.572 12.255
231 0 2 9.547 13.211 7.573 12.371
232 0 2 9.506 13.338 7.532 12.498
233 0 2 9.485 13.444 7.512 12.604
234 0 2 9.454 13.518 7.480 12.678
235 0 2 9.413 13.624 7.439 12.785
236 0 2 9.393 13.751 7.419 12.911
237 0 2 9.383 13.867 7.409 13.028
238 0 2 9.363 13.951 7.389 13.112
239 0 2 9.321 14.057 7.347 13.219
240 0 2 9.312 14.174 7.338 13.335
241 0 2 9.313 14.279 7.339 13.441
242 0 2 9.293 14.364 7.318 13.525
243 0 2 9.262 14.480 7.287 13.642
244 0 2 9.263 14.607 7.289 13.769
245 0 2 9.243 14.734 7.268 13.896
246 0 2 9.234 14.829 7.259 13.991
247 0 2 9.234 14.913 7.260 14.075
248 0 2 9.214 15.019 7.239 14.181
249 0 2 9.184 15.156 7.209 14.319
250 0 2 9.185 15.262 7.210 14.425
251 0 2 9.186 15.367 7.211 14.530
252 0 2 9.198 15.483 7.223 14.646
253 0 2 9.178 15.589 7.202 14.752
254 0 2 9.157 15.695 7.182 14.858
255 0 2 9.170 15.832 7.194 14.995
256 0 2 9.149 15.938 7.174 15.101
257 0 2 9.150 16.043 7.175 15.207
258 0 2 9.162 16.159 7.187 15.323
259 0 2 9.164 16.286 7.188 15.450
260 0 2 9.165 16.391 7.189 15.555
261 0 2 9.155 16.508 7.180 15.672
262 0 2 9.157 16.634 7.181 15.799
263 0 2 9.179 16.739 7.204 15.904
264 0 2 9.170 16.835 7.194 15.999
265 0 2 9.192 16.961 7.217 16.126
266 0 2 9.172 17.088 7.197 16.253
267 0 2 9.184 17.225 7.209 16.390
268 0 2 9.164 17.320 7.188 16.486
269 0 2 9.187 17.436 7.211 16.601
270 0 2 9.177 17.552 7.201 16.718
271 0 2 9.200 17.658 7.224 16.823
272 0 2 9.179 17.763 7.204 16.929
273 0 2 9.192 17.901 7.216 17.067
274 0 2 9.193 17.996 7.217 17.162
275 0 2 9.194 18.101 7.218 17.267
276 0 2 9.184 18.228 7.209 17.394
277 0 2 9.207 18.354 7.231 17.521
278 0 2 9.187 18.460 7.211 17.627
279 0 2 9.199 18.576 7.223 17.743
280 0 2 9.179 18.703 7.203 17.870
281 0 2 9.201 18.830 7.225 17.997
282 0 2 9.192 18.946 7.216 18.113
283 0 2 9.214 19.051 7.238 18.219
284 0 2 9.183 19.147 7.207 18.314
285 0 2 9.217 19.294 7.241 18.462
286 0 2 9.186 19.421 7.210 18.589
287 0 2 9.220 19.537 7.244 18.705
288 0 2 9.199 19.622 7.223 18.790
289 0 2 9.222 19.759 7.246 18.927
290 0 2 9.169 19.823 7.193 18.992
291 0 2 9.224 19.991 7.248 19.160
292 0 2 9.193 20.087 7.217 19.256
293 0 2 9.216 20.224 7.240 19.393
294 0 2 9.207 20.351 7.231 19.520
295 0 2 9.230 20.477 7.253 19.646
296 0 2 9.209 20.583 7.233 19.752
297 0 2 9.211 20.689 7.234 19.858
298 0 2 9.212 20.815 7.235 19.985
299 0 2 9.202 20.932 7.226 20.102
300 0 2 9.204 21.037 7.227 20.207
301 0 2 9.183 21.144 7.207 20.314
302 0 2 9.174 21.281 7.197 20.451
303 0 2 9.197 21.386 7.220 20.557
304 0 2 9.166 21.493 7.189 20.663
305 0 2 9.167 21.609 7.190 20.780
306 0 2 9.168 21.715 7.191 20.885
307 0 2 9.148 21.821 7.171 20.992
308 0 2 9.139 21.958 7.162 21.129
309 0 2 9.161 22.085 7.184 21.256
310 0 2 9.131 22.212 7.154 21.384
311 0 2 9.132 22.318 7.155 21.489
312 0 2 9.133 22.423 7.156 21.595
313 0 2 9.113 22.551 7.136 21.723
314 0 2 9.103 22.667 7.126 21.839
315 0 2 9.104 22.773 7.127 21.945
316 0 2 9.084 22.879 7.107 22.051
317 0 2 9.054 23.017 7.076 22.190
318 0 2 9.055 23.144 7.078 22.317
319 0 2 9.056 23.271 7.079 22.444
320 0 2 9.047 23.366 7.069 22.539
321 0 2 9.027 23.483 7.049 22.656
322 0 2 9.028 23.610 7.050 22.783
323 0 2 8.997 23.727 7.019 22.900
324 0 2 8.977 23.833 6.999 23.006
325 0 2 8.978 23.939 7.000 23.112
326 0 2 8.969 24.077 6.991 23.250
327 0 2 8.927 24.194 6.949 23.368
328 0 2 8.907 24.300 6.929 23.474
329 0 2 8.898 24.417 6.919 23.591
330 0 2 8.877 24.544 6.899 23.718
331 0 2 8.836 24.640 6.857 23.814
332 0 2 8.826 24.746 6.848 23.921
333 0 2 8.828 24.884 6.849 24.058
334 0 2 8.807 24.979 6.829 24.154
335 0 2 8.755 25.097 6.776 24.272
336 0 2 8.735 25.224 6.756 24.399
337 0 2 8.747 25.330 6.768 24.505
338 0 2 8.726 25.426 6.747 24.601
339 0 2 8.674 25.564 6.695 24.740
340 0 2 8.643 25.660 6.664 24.836
341 0 2 8.613 25.777 6.633 24.953
342 0 2 8.625 25.904 6.645 25.080
343 0 2 8.593 26.000 6.614 25.176
0 1 2 31.053 9.569 29.225 8.810
1 1 2 31.062 9.455 29.143 8.863
2 1 2 31.052 9.465 29.133 8.831
3 1 2 31.031 9.486 29.102 8.853
4 1 2 30.949 9.476 29.019 8.843
5 1 2 30.887 9.487 28.957 8.854
6 1 2 30.804 9.478 28.874 8.844
7 1 2 30.743 9.489 28.812 8.855
8 1 2 30.650 9.480 28.719 8.846
9 1 2 30.598 9.490 28.667 8.857
10 1 2 30.515 9.481 28.584 8.847
11 1 2 30.454 9.492 28.522 8.858
12 1 2 30.371 9.483 28.439 8.849
13 1 2 30.288 9.494 28.357 8.860
14 1 2 30.216 9.495 28.284 8.861
15 1 2 30.144 9.516 28.212 8.882
16 1 2 30.061 9.496 28.129 8.862
17 1 2 29.979 9.518 28.046 8.884
18 1 2 29.896 9.508 27.963 8.874
19 1 2 29.928 9.560 27.746 8.897
20 1 2 29.835 9.602 27.756 8.887
21 1 2 29.804 9.571 27.809 8.928
22 1 2 29.721 9.572 27.726 8.929
23 1 2 29.659 9.583 27.664 8.940
24 1 2 29.567 9.605 27.571 8.961
25 1 2 29.484 9.606 27.488 8.962
26 1 2 29.298 9.618 27.208 8.986
27 1 2 29.216 9.681 27.135 9.007
28 1 2 29.113 9.724 27.083 8.998
29 1 2 29.092 9.714 27.053 9.039
30 1 2 28.906 9.726 26.939 9.061
31 1 2 28.958 9.736 26.960 9.092
32 1 2 28.834 9.748 26.639 9.106
33 1 2 28.637 9.729 26.597 9.127
34 1 2 28.565 9.761 26.556 9.159
35 1 2 28.483 9.772 26.577 9.127
36 1 2 28.358 9.784 26.432 9.191
37 1 2 28.442 9.804 26.453 9.191
38 1 2 28.348 9.805 26.359 9.192
39 1 2 28.276 9.816 26.287 9.203
40 1 2 28.183 9.827 26.193 9.215
41 1 2 27.883 9.862 25.955 9.279
42 1 2 27.956 9.882 25.976 9.279
43 1 2 27.686 9.895 25.653 9.230
44 1 2 27.552 9.938 25.528 9.232
45 1 2 27.490 9.928 25.529 9.263
46 1 2 27.346 10.013 25.487 9.232
47 1 2 27.438 9.939 25.467 9.336
48 1 2 27.345 9.940 25.374 9.337
49 1 2 27.252 9.962 25.280 9.359
50 1 2 27.168 9.953 25.197 9.350
51 1 2 27.055 9.985 25.083 9.382
52 1 2 26.982 9.976 25.010 9.372
53 1 2 26.858 9.987 24.885 9.384
54 1 2 26.764 10.009 24.792 9.406
55 1 2 26.650 10.010 24.677 9.407
56 1 2 26.567 10.001 24.594 9.398
57 1 2 26.474 10.002 24.500 9.399
58 1 2 26.380 10.003 24.406 9.400
59 1 2 26.255 10.015 24.281 9.411
60 1 2 26.162 10.036 24.188 9.433
61 1 2 26.048 10.027 24.073 9.424
62 1 2 25.965 10.039 23.990 9.435
63 1 2 25.850 10.029 23.875 9.426
64 1 2 25.757 10.041 23.781 9.437
65 1 2 25.653 10.052 23.677 9.449
66 1 2 25.559 10.053 23.583 9.450
67 1 2 25.445 10.055 23.468 9.451
68 1 2 25.362 10.066 23.385 9.462
69 1 2 25.247 10.067 23.270 9.463
70 1 2 25.165 10.089 23.187 9.485
71 1 2 25.050 10.080 23.072 9.476
72 1 2 24.956 10.081 22.978 9.477
73 1 2 24.831 10.082 22.853 9.478
74 1 2 24.759 10.093 22.780 9.489
75 1 2 24.644 10.095 22.665 9.491
76 1 2 24.561 10.096 22.581 9.492
77 1 2 24.342 10.088 22.706 9.459
78 1 2 24.498 10.096 22.529 9.492
79 1 2 24.373 10.087 22.404 9.483
80 1 2 24.279 10.099 22.310 9.494
81 1 2 24.175 10.100 22.205 9.495
82 1 2 24.123 10.100 22.153 9.496
83 1 2 23.977 10.092 22.006 9.487
84 1 2 23.852 10.124 21.881 9.520
85 1 2 23.737 10.115 21.766 9.511
86 1 2 23.675 10.126 21.703 9.522
87 1 2 23.571 10.127 21.599 9.523
88 1 2 23.456 10.129 21.484 9.524
89 1 2 23.330 10.120 21.358 9.515
90 1 2 23.247 10.131 21.274 9.526
91 1 2 23.122 10.122 21.149 9.517
92 1 2 23.028 10.154 21.055 9.549
93 1 2 22.903 10.145 20.929 9.540
94 1 2 22.830 10.177 20.856 9.572
95 1 2 22.705 10.179 20.730 9.574
96 1 2 22.600 10.180 20.626 9.575
97 1 2 22.444 10.202 20.469 9.597
98 1 2 22.360 10.193 20.385 9.588
99 1 2 22.256 10.225 20.280 9.620
100 1 2 22.276 10.194 20.301 9.589
101 1 2 22.037 10.249 20.060 9.643
102 1 2 21.942 10.239 19.966 9.634
103 1 2 21.744 10.252 19.767 9.646
104 1 2 21.702 10.263 19.725 9.657
105 1 2 21.598 10.295 19.620 9.690
106 1 2 21.504 10.296 19.526 9.691
107 1 2 21.378 10.298 19.400 9.692
108 1 2 21.294 10.319 19.316 9.714
109 1 2 21.169 10.310 19.190 9.705
110 1 2 21.054 10.332 19.075 9.727
111 1 2 20.897 10.397 19.064 9.738
112 1 2 20.804 10.429 18.917 9.729
113 1 2 20.657 10.431 18.781 9.741
114 1 2 20.458 10.433 18.655 9.752
115 1 2 20.374 10.465 18.549 9.753
116 1 2 20.364 10.455 18.434 9.765
117 1 2 20.311 10.477 18.360 9.766
118 1 2 20.322 10.445 18.393 9.839
119 1 2 20.083 10.699 18.130 9.821
120 1 2 20.021 10.741 18.141 9.862
121 1 2 20.040 10.615 18.121 10.009
122 1 2 19.957 10.637 18.037 10.031
123 1 2 19.831 10.660 17.911 10.053
124 1 2 19.747 10.650 17.827 10.044
125 1 2 19.653 10.672 17.733 10.066
126 1 2 19.548 10.694 17.628 10.088
127 1 2 19.401 10.706 17.480 10.100
128 1 2 19.307 10.728 17.386 10.122
129 1 2 18.878 10.890 17.080 10.104
130 1 2 18.721 10.913 16.964 10.126
131 1 2 18.658 10.903 16.933 10.137
132 1 2 18.553 10.978 16.869 10.075
133 1 2 18.606 11.019 16.627 10.078
134 1 2 18.427 10.958 16.616 10.120
135 1 2 18.374 10.938 16.522 10.142
136 1 2 18.206 10.940 16.427 10.132
137 1 2 18.101 10.951 16.374 10.112
138 1 2 18.006 10.942 16.227 10.155
139 1 2 17.816 10.934 16.206 10.166
140 1 2 17.743 10.945 16.174 10.146
141 1 2 17.774 10.913 16.068 10.157
142 1 2 17.690 10.904 15.910 10.159
143 1 2 17.500 10.896 15.921 10.180
144 1 2 17.363 10.897 15.847 10.191
145 1 2 17.438 11.001 15.625 10.141
146 1 2 17.237 10.919 15.721 10.203
147 1 2 17.312 11.002 15.466 10.132
148 1 2 17.100 10.911 15.509 10.205
149 1 2 17.079 10.900 15.425 10.227
150 1 2 16.984 10.912 15.372 10.238
151 1 2 17.048 10.932 15.246 10.261
152 1 2 17.026 10.922 15.204 10.251
153 1 2 16.911 10.944 15.087 10.262
154 1 2 16.838 11.039 15.003 10.253
155 1 2 16.765 11.082 14.950 10.253
156 1 2 16.776 11.124 14.802 10.265
157 1 2 16.670 11.125 14.750 10.318
158 1 2 16.597 11.168 14.760 10.329
159 1 2 16.396 11.076 14.783 10.413
160 1 2 16.491 11.148 14.623 10.362
161 1 2 16.449 11.170 14.550 10.384
162 1 2 16.439 11.201 14.561 10.447
163 1 2 16.313 11.245 14.518 10.436
164 1 2 16.323 11.213 14.456 10.511
165 1 2 16.070 11.216 14.562 10.541
166 1 2 16.187 11.257 14.298 10.607
167 1 2 16.103 11.310 14.256 10.639
168 1 2 16.083 11.426 14.149 10.535
169 1 2 15.966 11.354 14.151 10.682
170 1 2 15.787 11.398 14.150 10.609
171 1 2 15.714 11.461 14.140 10.630
172 1 2 15.746 11.493 14.097 10.630
173 1 2 15.759 11.702 13.927 10.559
174 1 2 15.590 11.704 13.917 10.611
175 1 2 15.624 11.882 13.875 10.591
176 1 2 15.537 11.652 13.707 10.750
177 1 2 15.493 11.517 13.825 10.906
178 1 2 15.591 11.841 13.571 10.867
179 1 2 15.497 11.905 13.498 10.984
180 1 2 15.507 11.873 13.466 11.026
181 1 2 15.327 11.781 13.659 11.171
182 1 2 15.285 11.813 13.617 11.203
183 1 2 15.211 11.856 13.543 11.246
184 1 2 15.201 11.877 13.533 11.267
185 1 2 14.782 12.228 13.171 11.145
186 1 2 14.709 12.282 13.097 11.209
187 1 2 14.656 12.314 13.119 11.230
188 1 2 14.625 12.398 13.141 11.271
189 1 2 14.583 12.430 13.162 11.313
190 1 2 14.607 12.661 13.054 11.115
191 1 2 14.713 12.712 12.939 11.221
192 1 2 14.577 12.777 12.940 11.347
193 1 2 14.729 12.198 13.112 11.587
194 1 2 14.697 12.229 13.081 11.619
195 1 2 14.624 12.304 13.007 11.693
196 1 2 14.635 12.356 13.019 11.746
197 1 2 14.541 12.431 12.924 11.821
198 1 2 14.510 12.463 12.893 11.852
199 1 2 14.415 12.558 12.798 11.948
200 1 2 14.406 12.632 12.788 12.022
201 1 2 14.311 12.707 12.694 12.097
202 1 2 14.301 12.717 12.683 12.107
203 1 2 14.228 12.792 12.610 12.182
204 1 2 14.218 12.866 12.600 12.256
205 1 2 13.760 13.607 12.428 12.089
206 1 2 14.124 12.972 12.506 12.362
207 1 2 14.072 13.046 12.453 12.436
208 1 2 14.061 13.057 12.443 12.447
209 1 2 13.988 13.131 12.369 12.521
210 1 2 13.957 13.205 12.338 12.595
211 1 2 13.884 13.311 12.265 12.702
212 1 2 13.832 13.396 12.213 12.786
213 1 2 13.780 13.470 12.161 12.861
214 1 2 13.770 13.512 12.151 12.903
215 1 2 13.718 13.597 12.098 12.988
216 1 2 13.676 13.671 12.057 13.062
217 1 2 13.593 13.778 11.973 13.168
218 1 2 13.562 13.862 11.942 13.253
219 1 2 13.499 13.958 11.879 13.348
220 1 2 13.500 14.021 11.880 13.412
221 1 2 13.448 14.106 11.828 13.496
222 1 2 13.449 14.179 11.829 13.570
223 1 2 13.376 14.285 11.755 13.676
224 1 2 13.334 14.370 11.714 13.761
225 1 2 13.272 14.466 11.651 13.857
226 1 2 13.262 14.529 11.641 13.920
227 1 2 13.242 14.634 11.621 14.026
228 1 2 13.221 14.677 11.600 14.068
229 1 2 13.148 14.814 11.527 14.206
230 1 2 13.107 14.899 11.486 14.291
231 1 2 13.065 14.994 11.444 14.386
232 1 2 13.056 15.079 11.435 14.470
233 1 2 13.014 15.185 11.393 14.576
234 1 2 12.994 15.248 11.373 14.640
235 1 2 12.942 15.364 11.321 14.756
236 1 2 12.901 15.449 11.279 14.841
237 1 2 12.860 15.576 11.238 14.968
238 1 2 12.850 15.650 11.228 15.042
239 1 2 12.808 15.735 11.186 15.127
240 1 2 12.820 15.808 11.198 15.201
241 1 2 12.736 15.957 11.114 15.349
242 1 2 12.716 16.041 11.094 15.434
243 1 2 12.654 16.137 11.031 15.530
244 1 2 12.665 16.221 11.043 15.614
245 1 2 12.624 16.327 11.001 15.720
246 1 2 12.656 16.337 11.033 15.730
247 1 2 12.552 16.528 10.929 15.921
248 1 2 12.542 16.623 10.919 16.016
249 1 2 12.480 16.771 10.857 16.165
250 1 2 12.470 16.824 10.847 16.218
251 1 2 12.429 16.951 10.806 16.345
252 1 2 12.419 17.036 10.796 16.429
253 1 2 12.399 17.131 10.776 16.524
254 1 2 12.347 17.237 10.724 16.631
255 1 2 12.327 17.374 10.704 16.768
256 1 2 12.307 17.480 10.684 16.874
257 1 2 12.266 17.586 10.642 16.980
258 1 2 12.256 17.681 10.633 17.075
259 1 2 12.236 17.786 10.613 17.181
260 1 2 12.217 17.924 10.593 17.318
261 1 2 12.186 18.030 10.562 17.424
262 1 2 12.166 18.135 10.542 17.530
263 1 2 12.146 18.262 10.522 17.657
264 1 2 12.136 18.357 10.512 17.752
265 1 2 12.116 18.463 10.492 17.858
266 1 2 12.096 18.600 10.472 17.995
267 1 2 12.066 18.706 10.441 18.101
268 1 2 12.046 18.812 10.421 18.207
269 1 2 12.026 18.939 10.401 18.334
270 1 2 12.027 19.033 10.402 18.429
271 1 2 12.007 19.139 10.382 18.535
272 1 2 11.987 19.276 10.362 18.672
273 1 2 11.999 19.382 10.374 18.778
274 1 2 11.968 19.488 10.343 18.884
275 1 2 11.959 19.614 10.334 19.010
276 1 2 11.949 19.709 10.324 19.106
277 1 2 11.929 19.815 10.304 19.211
278 1 2 11.941 19.952 10.316 19.348
279 1 2 11.921 20.079 10.296 19.475
280 1 2 11.923 20.205 10.298 19.602
281 1 2 11.924 20.332 10.299 19.729
282 1 2 11.915 20.437 10.290 19.834
283 1 2 11.916 20.543 10.291 19.940
284 1 2 11.917 20.669 10.292 20.067
285 1 2 11.929 20.785 10.304 20.182
286 1 2 11.930 20.912 10.305 20.309
287 1 2 11.932 21.038 10.307 20.436
288 1 2 11.923 21.154 10.297 20.552
289 1 2 11.956 21.259 10.330 20.657
290 1 2 11.946 21.386 10.321 20.784
291 1 2 11.979 21.501 10.354 20.899
292 1 2 11.981 21.607 10.356 21.005
293 1 2 12.003 21.712 10.378 21.110
294 1 2 12.015 21.849 10.390 21.247
295 1 2 12.038 21.975 10.413 21.373
296 1 2 12.061 22.101 10.436 21.500
297 1 2 12.093 22.195 10.469 21.594
298 1 2 12.116 22.300 10.491 21.699
299 1 2 12.139 22.426 10.514 21.825
300 1 2 12.150 22.542 10.526 21.941
301 1 2 12.173 22.647 10.548 22.047
302 1 2 12.196 22.773 10.571 22.173
303 1 2 12.229 22.889 10.604 22.288
304 1 2 12.241 22.994 10.616 22.394
305 1 2 12.295 23.098 10.670 22.498
307 1 2 12.295 23.109 10.670 22.509
308 1 2 12.327 23.150 10.703 22.550
309 1 2 12.316 23.119 10.692 22.519
310 1 2 12.348 23.118 10.724 22.518
311 1 2 12.039 25.003 11.146 23.133
312 1 2 12.167 25.042 11.147 23.217
313 1 2 12.178 25.084 11.148 23.312
314 1 2 12.169 25.180 11.183 23.617
315 1 2 12.267 25.420 11.311 23.646
316 1 2 12.290 25.515 11.217 23.796
317 1 2 12.281 25.684 11.260 23.806
318 1 2 12.357 25.830 11.368 24.004
319 1 2 12.443 25.912 11.391 24.152
320 1 2 12.464 25.922 11.371 24.236
321 1 2 12.413 26.061 11.425 24.277
322 1 2 12.563 26.226 11.565 24.475
323 1 2 12.554 26.385 11.587 24.559
324 1 2 12.629 26.394 11.642 24.653
325 1 2 12.620 26.521 11.685 24.758
326 1 2 12.675 26.720 11.782 24.872
327 1 2 12.719 26.814 11.773 25.009
328 1 2 12.740 26.855 11.743 25.157
329 1 2 12.730 26.898 11.894 25.386
330 1 2 12.808 27.171 11.894 25.376
331 1 2 12.894 27.253 11.906 25.449
332 1 2 12.948 27.368 11.950 25.596
333 1 2 12.950 27.516 11.994 25.733
334 1 2 13.004 27.651 12.027 25.837
335 1 2 12.962 27.631 11.965 25.966
336 1 2 12.964 27.821 11.966 26.061
337 1 2 13.040 28.041 12.041 26.175
338 1 2 13.085 28.188 11.989 26.229
339 1 2 13.170 28.249 12.129 26.405
340 1 2 13.281 28.658 12.172 26.446
341 1 2 13.345 28.709 12.227 26.561
342 1 2 13.399 28.761 12.292 26.739
343 1 2 13.411 28.855 12.294 26.866
0 2 2 36.159 7.327 34.321 6.311
1 2 2 36.210 7.357 34.290 6.300
2 2 2 36.159 7.337 34.238 6.280
3 2 2 36.067 7.338 34.146 6.281
4 2 2 36.005 7.318 34.084 6.261
5 2 2 35.923 7.277 34.002 6.220
6 2 2 35.851 7.257 33.930 6.200
7 2 2 35.769 7.258 33.847 6.201
8 2 2 35.707 7.228 33.785 6.170
9 2 2 35.614 7.198 33.693 6.140
10 2 2 35.532 7.178 33.610 6.120
11 2 2 35.440 7.168 33.518 6.110
12 2 2 35.358 7.159 33.435 6.101
13 2 2 35.255 7.129 33.332 6.071
14 2 2 35.204 7.139 33.281 6.081
15 2 2 35.101 7.120 33.178 6.061
16 2 2 35.019 7.100 33.096 6.052
17 2 2 34.906 7.090 32.982 6.042
18 2 2 34.804 7.102 32.880 6.053
19 2 2 34.721 7.092 32.797 6.044
20 2 2 34.650 7.103 32.726 6.055
21 2 2 34.547 7.104 32.623 6.055
22 2 2 34.445 7.105 32.520 6.056
23 2 2 34.352 7.095 32.427 6.047
24 2 2 34.250 7.106 32.324 6.058
25 2 2 34.147 7.097 32.221 6.048
26 2 2 34.075 7.108 32.150 6.059
27 2 2 33.973 7.109 32.047 6.060
28 2 2 33.870 7.110 31.944 6.061
29 2 2 33.778 7.111 31.851 6.062
30 2 2 33.655 7.112 31.727 6.063
31 2 2 33.552 7.112 31.625 6.063
32 2 2 33.439 7.113 31.511 6.064
33 2 2 33.336 7.125 31.408 6.075
34 2 2 33.233 7.105 31.305 6.056
35 2 2 33.100 7.127 31.171 6.077
36 2 2 33.007 7.107 31.078 6.057
37 2 2 32.894 7.129 30.965 6.079
38 2 2 32.781 7.119 30.852 6.069
39 2 2 32.678 7.130 30.749 6.081
40 2 2 32.575 7.111 30.645 6.061
41 2 2 32.442 7.133 30.511 6.083
42 2 2 32.349 7.133 30.419 6.083
43 2 2 32.236 7.134 30.305 6.084
44 2 2 32.123 7.135 30.192 6.085
45 2 2 31.999 7.136 30.068 6.086
46 2 2 31.897 7.158 29.965 6.108
47 2 2 31.784 7.180 29.851 6.129
48 2 2 31.660 7.181 29.727 6.130
49 2 2 31.557 7.182 29.624 6.131
50 2 2 31.464 7.182 29.531 6.132
51 2 2 31.310 7.205 29.376 6.154
52 2 2 31.218 7.226 29.284 6.175
53 2 2 31.084 7.227 29.149 6.176
54 2 2 30.960 7.249 29.026 6.198
55 2 2 30.837 7.271 28.902 6.220
56 2 2 30.744 7.272 28.809 6.220
57 2 2 30.641 7.293 28.705 6.242
58 2 2 30.508 7.346 28.572 6.295
59 2 2 30.394 7.358 28.458 6.306
60 2 2 30.270 7.359 28.334 6.307
61 2 2 30.167 7.370 28.230 6.318
62 2 2 30.054 7.423 28.117 6.371
63 2 2 29.931 7.445 27.993 6.393
64 2 2 29.807 7.467 27.869 6.415
65 2 2 29.694 7.509 27.756 6.457
66 2 2 29.591 7.531 27.652 6.479
67 2 2 29.488 7.521 27.549 6.469
68 2 2 29.354 7.554 27.414 6.502
69 2 2 29.230 7.596 27.290 6.544
70 2 2 29.107 7.649 27.167 6.597
71 2 2 29.014 7.660 27.073 6.608
72 2 2 28.910 7.661 26.970 6.609
73 2 2 28.755 7.663 26.814 6.610
74 2 2 28.663 7.726 26.721 6.673
75 2 2 28.508 7.748 26.566 6.696
76 2 2 28.415 7.770 26.473 6.717
77 2 2 28.281 7.792 26.338 6.739
78 2 2 28.157 7.813 26.214 6.761
79 2 2 28.032 7.825 26.089 6.772
80 2 2 27.940 7.899 25.997 6.846
81 2 2 27.837 7.920 25.893 6.868
82 2 2 27.630 7.933 25.685 6.880
83 2 2 27.588 7.943 25.644 6.890
84 2 2 27.433 7.986 25.489 6.933
85 2 2 27.341 8.018 25.395 6.965
86 2 2 27.196 8.051 25.250 6.998
87 2 2 27.092 8.073 25.146 7.019
88 2 2 26.937 8.116 24.991 7.062
89 2 2 26.844 8.158 24.898 7.105
90 2 2 26.689 8.180 24.742 7.127
91 2 2 26.596 8.212 24.649 7.159
92 2 2 26.451 8.245 24.503 7.192
93 2 2 26.348 8.288 24.400 7.234
94 2 2 26.192 8.331 24.244 7.277
95 2 2 26.099 8.352 24.150 7.299
96 2 2 25.944 8.375 23.994 7.321
97 2 2 25.851 8.417 23.901 7.363
98 2 2 25.695 8.460 23.745 7.406
99 2 2 25.602 8.482 23.652 7.428
100 2 2 25.446 8.504 23.496 7.450
101 2 2 25.353 8.568 23.402 7.514
102 2 2 25.197 8.569 23.246 7.515
103 2 2 25.104 8.612 23.153 7.558
104 2 2 24.949 8.655 22.997 7.601
105 2 2 24.855 8.677 22.903 7.622
106 2 2 24.700 8.741 22.747 7.686
107 2 2 24.606 8.742 22.653 7.687
108 2 2 24.450 8.785 22.497 7.730
109 2 2 24.336 8.807 22.382 7.752
110 2 2 24.212 8.870 22.258 7.816
111 2 2 24.087 8.872 22.132 7.817
112 2 2 23.952 8.915 21.997 7.860
113 2 2 23.827 8.937 21.872 7.882
114 2 2 23.702 8.980 21.747 7.925
115 2 2 23.588 9.022 21.632 7.968
116 2 2 23.463 9.065 21.507 8.011
117 2 2 23.339 9.088 21.382 8.033
118 2 2 23.182 9.110 21.225 8.055
119 2 2 23.047 9.153 21.089 8.098
120 2 2 22.943 9.196 20.985 8.141
121 2 2 22.787 9.218 20.828 8.163
122 2 2 22.693 9.240 20.734 8.185
123 2 2 22.537 9.283 20.578 8.228
124 2 2 22.474 9.232 20.600 8.332
125 2 2 22.518 9.450 20.463 8.302
126 2 2 22.372 9.473 20.433 8.344
127 2 2 22.142 9.496 20.307 8.335
128 2 2 21.858 9.353 20.109 8.462
129 2 2 21.722 9.365 20.025 8.484
130 2 2 21.850 9.572 19.952 8.453
131 2 2 21.683 9.532 19.878 8.465
132 2 2 21.422 9.598 19.679 8.487
133 2 2 21.453 9.608 19.586 8.551
134 2 2 21.276 9.620 19.513 8.614
135 2 2 21.159 9.548 19.346 8.741
136 2 2 20.992 9.581 19.252 8.774
137 2 2 20.971 9.571 19.211 8.805
138 2 2 20.868 9.656 19.063 8.755
139 2 2 20.660 9.846 18.853 8.725
140 2 2 20.522 9.680 18.707 8.831
141 2 2 20.441 9.890 18.643 8.790
142 2 2 20.442 9.963 18.559 8.801
143 2 2 20.189 9.924 18.444 8.855
144 2 2 20.167 9.820 18.318 8.888
145 2 2 20.178 9.851 18.382 8.897
146 2 2 20.063 9.884 18.266 8.930
147 2 2 19.864 9.907 17.900 9.091
148 2 2 19.698 10.076 17.878 9.028
149 2 2 19.403 9.974 17.690 9.166
150 2 2 19.489 10.130 17.606 9.104
151 2 2 19.319 9.996 17.554 9.230
152 2 2 19.288 10.028 17.533 9.220
153 2 2 19.205 10.060 17.449 9.242
154 2 2 19.005 10.041 17.250 9.286
155 2 2 19.078 10.009 17.208 9.317
156 2 2 19.037 10.135 16.986 9.225
157 2 2 18.953 10.126 17.017 9.246
158 2 2 19.006 10.146 16.954 9.226
159 2 2 18.542 10.046 17.071 9.308
160 2 2 18.469 10.068 17.039 9.330
161 2 2 18.596 10.171 16.670 9.271
162 2 2 18.280 10.112 16.850 9.353
163 2 2 18.469 10.100 16.608 9.345
164 2 2 18.354 10.122 16.513 9.367
165 2 2 18.091 10.156 16.672 9.438
166 2 2 18.018 10.188 16.619 9.460
167 2 2 18.188 10.291 16.303 9.473
168 2 2 17.882 10.242 16.441 9.524
169 2 2 17.840 10.243 16.441 9.524
170 2 2 17.893 10.252 16.178 9.601
171 2 2 17.830 10.305 16.125 9.559
172 2 2 17.525 10.340 16.073 9.633
173 2 2 17.588 10.319 16.137 9.664
174 2 2 17.705 10.370 15.789 9.751
175 2 2 17.316 10.437 15.884 9.761
176 2 2 17.474 10.477 15.810 9.751
177 2 2 17.126 10.470 15.684 9.752
178 2 2 17.285 10.490 15.631 9.774
179 2 2 17.106 10.502 15.441 9.745
180 2 2 17.137 10.481 15.483 9.765
181 2 2 17.043 10.524 15.389 9.808
182 2 2 16.980 10.545 15.326 9.830
183 2 2 16.875 10.599 15.220 9.883
184 2 2 16.822 10.599 15.168 9.884
185 2 2 16.540 10.791 15.043 10.032
186 2 2 16.498 10.834 14.991 10.117
187 2 2 16.404 10.856 15.096 10.105
188 2 2 16.341 10.888 14.991 10.127
189 2 2 16.414 10.835 14.759 10.213
190 2 2 16.204 10.963 14.632 10.162
191 2 2 16.173 10.974 14.716 10.130
192 2 2 16.194 10.973 14.695 10.120
193 2 2 15.909 11.019 14.579 10.205
194 2 2 15.826 11.104 14.495 10.258
195 2 2 15.869 11.166 14.368 10.249
196 2 2 15.901 11.239 14.252 10.292
197 2 2 15.923 11.270 14.169 10.377
198 2 2 15.617 11.274 14.127 10.472
199 2 2 15.638 11.315 13.991 10.621
200 2 2 15.555 11.411 13.938 10.569
201 2 2 15.419 11.496 13.927 10.517
202 2 2 15.355 11.497 13.874 10.549
203 2 2 15.335 11.560 13.885 10.559
204 2 2 15.123 11.552 13.949 10.632
205 2 2 15.092 11.605 13.939 10.653
206 2 2 15.009 11.701 13.855 10.738
207 2 2 14.968 11.806 13.803 10.802
208 2 2 14.915 11.859 13.730 10.886
209 2 2 14.821 11.902 13.593 10.951
210 2 2 14.737 11.966 13.551 10.983
211 2 2 14.631 12.010 13.509 11.025
212 2 2 14.558 12.095 13.393 11.090
213 2 2 14.561 12.347 13.266 11.091
214 2 2 14.509 12.389 13.245 11.144
215 2 2 14.508 12.347 13.182 11.218
216 2 2 14.499 12.452 13.204 11.239
217 2 2 14.446 12.485 13.141 11.282
218 2 2 14.309 12.476 13.036 11.378
219 2 2 14.226 12.666 12.878 11.516
220 2 2 14.260 12.823 12.942 11.547
221 2 2 14.250 12.876 12.869 11.632
222 2 2 14.198 12.960 12.901 11.621
223 2 2 14.103 13.035 12.848 11.706
224 2 2 14.246 12.592 12.904 11.894
225 2 2 14.031 13.236 12.808 11.864
226 2 2 14.205 12.677 12.862 11.979
227 2 2 14.163 12.740 12.820 12.043
228 2 2 14.154 12.803 12.810 12.106
229 2 2 14.091 12.899 12.748 12.201
230 2 2 14.071 12.983 12.728 12.286
231 2 2 14.019 13.089 12.676 12.391
232 2 2 14.020 13.120 12.676 12.423
233 2 2 13.978 13.205 12.635 12.508
234 2 2 13.979 13.268 12.635 12.571
235 2 2 13.927 13.384 12.583 12.687
236 2 2 13.907 13.469 12.563 12.771
237 2 2 13.866 13.574 12.522 12.877
238 2 2 13.877 13.627 12.533 12.930
239 2 2 13.857 13.711 12.513 13.014
240 2 2 13.857 13.764 12.513 13.067
241 2 2 13.806 13.890 12.462 13.193
242 2 2 13.785 13.975 12.441 13.278
243 2 2 13.765 14.080 12.421 13.383
244 2 2 13.777 14.133 12.433 13.436
245 2 2 13.756 14.217 12.412 13.520
246 2 2 13.883 14.205 12.540 13.508
247 2 2 13.727 14.396 12.382 13.699
248 2 2 13.738 14.490 12.394 13.794
249 2 2 13.644 14.628 12.300 13.932
250 2 2 13.708 14.670 12.364 13.973
251 2 2 13.688 14.775 12.344 14.079
252 2 2 13.721 14.838 12.377 14.141
253 2 2 13.680 14.954 12.335 14.258
254 2 2 13.681 15.038 12.336 14.342
255 2 2 13.661 15.154 12.316 14.458
256 2 2 13.672 15.238 12.328 14.542
257 2 2 13.652 15.343 12.308 14.648
258 2 2 13.674 15.417 12.330 14.721
259 2 2 13.665 15.522 12.320 14.826
260 2 2 13.666 15.606 12.321 14.910
261 2 2 13.657 15.722 12.312 15.026
262 2 2 13.658 15.806 12.313 15.111
263 2 2 13.659 15.911 12.314 15.216
264 2 2 13.670 15.985 12.326 15.289
265 2 2 13.671 16.090 12.327 15.395
266 2 2 13.673 16.195 12.328 15.500
267 2 2 13.663 16.311 12.319 15.616
268 2 2 13.664 16.416 12.320 15.721
269 2 2 13.665 16.490 12.321 15.795
270 2 2 13.677 16.595 12.332 15.900
271 2 2 13.678 16.700 12.333 16.005
272 2 2 13.679 16.805 12.335 16.110
273 2 2 13.670 16.921 12.325 16.226
274 2 2 13.671 17.026 12.326 16.332
275 2 2 13.672 17.131 12.328 16.437
276 2 2 13.684 17.205 12.339 16.510
277 2 2 13.685 17.320 12.340 16.626
278 2 2 13.686 17.415 12.341 16.721
279 2 2 13.677 17.520 12.332 16.826
280 2 2 13.678 17.626 12.333 16.932
281 2 2 13.679 17.731 12.334 17.037
282 2 2 13.691 17.846 12.346 17.153
283 2 2 13.713 17.951 12.369 17.258
284 2 2 13.715 18.046 12.370 17.352
285 2 2 13.705 18.151 12.360 17.458
286 2 2 13.706 18.257 12.361 17.563
287 2 2 13.707 18.362 12.362 17.668
288 2 2 13.741 18.477 12.396 17.784
289 2 2 13.742 18.582 12.397 17.889
290 2 2 13.743 18.687 12.398 17.994
291 2 2 13.733 18.782 12.388 18.089
292 2 2 13.766 18.897 12.422 18.205
293 2 2 13.757 18.992 12.412 18.300
294 2 2 13.790 19.108 12.445 18.415
295 2 2 13.781 19.202 12.436 18.510
296 2 2 13.782 19.318 12.437 18.626
297 2 2 13.804 19.413 12.459 18.720
298 2 2 13.805 19.528 12.460 18.836
299 2 2 13.838 19.623 12.493 18.930
300 2 2 13.840 19.738 12.495 19.046
301 2 2 13.841 19.833 12.496 19.141
302 2 2 13.863 19.948 12.518 19.257
303 2 2 13.854 20.043 12.509 19.351
304 2 2 13.876 20.159 12.531 19.467
305 2 2 13.877 20.253 12.532 19.562
306 2 2 13.889 20.369 12.544 19.677
307 2 2 13.911 20.463 12.566 19.772
308 2 2 13.913 20.579 12.568 19.888
309 2 2 13.924 20.674 12.579 19.982
310 2 2 13.926 20.789 12.581 20.098
311 2 2 13.948 20.884 12.603 20.193
312 2 2 13.960 20.999 12.615 20.308
313 2 2 13.982 21.125 12.637 20.434
314 2 2 13.983 21.220 12.638 20.529
315 2 2 13.995 21.336 12.650 20.645
316 2 2 14.028 21.440 12.683 20.750
317 2 2 14.019 21.535 12.674 20.845
318 2 2 14.052 21.640 12.707 20.950
319 2 2 14.074 21.745 12.729 21.055
320 2 2 14.097 21.850 12.752 21.160
321 2 2 14.108 21.965 12.764 21.275
322 2 2 14.110 22.092 12.765 21.402
323 2 2 14.132 22.186 12.787 21.496
324 2 2 14.144 22.302 12.799 21.612
325 2 2 14.166 22.406 12.822 21.717
326 2 2 14.168 22.512 12.823 21.822
327 2 2 14.179 22.606 12.834 21.917
328 2 2 14.181 22.722 12.836 22.033
329 2 2 14.213 22.816 12.869 22.127
330 2 2 14.204 22.953 12.859 22.264
331 2 2 14.237 23.048 12.892 22.358
332 2 2 14.270 23.142 12.925 22.453
333 2 2 14.272 23.268 12.927 22.579
334 2 2 14.273 23.394 12.928 22.706
335 2 2 14.327 23.467 12.982 22.778
336 2 2 14.307 23.594 12.962 22.905
337 2 2 14.308 23.699 12.963 23.011
338 2 2 14.065 24.695 13.172 22.658
339 2 2 14.310 23.826 12.965 23.137
340 2 2 14.311 23.910 12.966 23.221
341 2 2 14.322 23.983 12.977 23.295
342 2 2 14.344 24.088 13.000 23.400
343 2 2 14.335 24.194 12.990 23.506
15 3 2 9.030 28.806 8.044 26.680
16 3 2 9.027 28.520 8.129 26.561
17 3 2 9.143 28.433 8.320 26.493
18 3 2 9.081 28.614 8.191 26.380
19 3 2 9.164 28.401 8.307 26.240
20 3 2 9.162 28.157 8.328 26.207
21 3 2 9.192 28.040 8.241 26.093
22 3 2 9.159 27.871 8.273 26.060
23 3 2 9.148 27.829 8.250 25.934
24 3 2 9.147 27.766 8.282 25.848
25 3 2 9.156 27.607 8.227 25.776
26 3 2 9.176 27.479 8.258 25.658
27 3 2 9.165 27.427 8.268 25.552
28 3 2 9.164 27.395 8.224 25.458
29 3 2 9.185 27.288 8.308 25.318
30 3 2 9.193 27.055 8.264 25.224
31 3 2 9.149 26.972 8.242 25.108
32 3 2 9.139 27.004 8.219 24.982
33 3 2 9.148 26.834 8.261 24.938
34 3 2 9.167 26.675 8.239 24.812
35 3 2 9.187 26.537 8.227 24.727
36 3 2 9.198 26.526 8.236 24.600
37 3 2 9.207 26.420 8.257 24.515
38 3 2 9.259 26.260 8.234 24.410
39 3 2 9.311 26.079 8.233 24.304
40 3 2 9.257 26.070 8.339 24.164
41 3 2 9.213 25.965 8.306 24.122
42 3 2 9.275 25.773 8.284 23.996
43 3 2 9.338 25.676 8.400 23.845
44 3 2 9.380 25.601 8.420 23.750
45 3 2 9.326 25.539 8.482 23.590
46 3 2 9.367 25.369 8.535 23.462
47 3 2 9.344 25.200 8.427 23.411
48 3 2 9.311 25.159 8.447 23.262
49 3 2 9.310 25.011 8.468 23.209
50 3 2 9.350 24.756 8.606 23.174
51 3 2 9.414 24.744 8.550 22.869
52 3 2 9.371 24.734 8.495 22.785
53 3 2 9.412 24.532 8.547 22.657
54 3 2 9.431 24.384 8.567 22.519
55 3 2 9.452 24.320 8.566 22.414
56 3 2 9.452 24.288 8.598 22.381
57 3 2 9.429 24.172 8.617 22.106
58 3 2 9.481 24.002 8.647 21.926
59 3 2 9.533 23.864 8.679 21.904
60 3 2 9.500 23.759 8.656 21.809
61 3 2 9.486 23.516 8.634 21.693
62 3 2 9.528 23.441 8.707 21.533
63 3 2 9.602 23.397 8.685 21.502
64 3 2 9.591 23.302 8.715 21.311
65 3 2 9.599 23.080 8.713 21.163
66 3 2 9.662 22.994 8.723 21.089
67 3 2 9.629 22.910 8.775 20.961
68 3 2 9.649 22.762 8.806 20.791
69 3 2 9.562 22.573 8.752 20.740
70 3 2 9.615 22.530 8.750 20.623
71 3 2 9.645 22.381 8.749 20.518
72 3 2 9.664 22.159 8.748 20.359
73 3 2 9.664 22.138 8.757 20.200
74 3 2 9.663 22.054 8.767 20.179
75 3 2 9.714 21.862 8.851 20.040
76 3 2 9.670 21.726 8.860 19.871
77 3 2 9.744 21.703 8.901 19.733
78 3 2 9.754 21.619 8.891 19.722
79 3 2 9.773 21.354 8.878 19.554
80 3 2 9.803 21.216 8.877 19.427
81 3 2 9.803 21.185 8.929 19.310
82 3 2 9.812 21.036 8.885 19.226
83 3 2 9.874 20.824 8.862 19.078
84 3 2 9.895 20.781 8.978 18.929
85 3 2 9.884 20.771 9.009 18.854
86 3 2 9.957 20.611 9.019 18.791
87 3 2 10.029 20.409 9.049 18.558
88 3 2 9.986 20.368 9.112 18.430
89 3 2 10.060 20.261 9.069 18.388
90 3 2 10.037 20.124 9.120 18.176
91 3 2 10.152 19.953 9.279 18.100
92 3 2 10.205 19.889 9.310 18.025
93 3 2 10.227 19.920 9.373 17.866
94 3 2 10.319 19.559 9.382 17.792
95 3 2 10.232 19.424 9.328 17.666
96 3 2 10.264 19.413 9.359 17.581
97 3 2 10.402 19.389 9.474 17.410
98 3 2 10.378 19.136 9.410 17.380
99 3 2 10.440 18.956 9.484 17.294
100 3 2 10.525 18.891 9.526 17.230
101 3 2 10.524 18.807 9.429 17.137
102 3 2 10.607 18.615 9.586 16.912
103 3 2 10.638 18.520 9.638 16.774
104 3 2 10.669 18.498 9.627 16.701
105 3 2 10.711 18.392 9.743 16.593
106 3 2 10.730 18.181 9.710 16.478
107 3 2 10.761 18.096 9.773 16.361
108 3 2 10.878 18.062 9.793 16.276
109 3 2 10.897 17.893 9.898 16.095
110 3 2 10.959 17.734 9.843 16.012
111 3 2 10.893 17.482 10.069 16.156
112 3 2 10.924 17.418 10.101 16.134
113 3 2 11.031 17.459 10.076 15.787
114 3 2 11.146 17.309 10.084 15.618
115 3 2 11.251 17.118 10.179 15.511
116 3 2 11.272 17.149 10.188 15.384
117 3 2 11.302 16.969 10.146 15.395
118 3 2 11.269 16.875 10.228 15.141
119 3 2 11.343 16.758 10.302 15.045
120 3 2 11.427 16.714 10.291 14.993
121 3 2 11.553 16.565 10.386 14.917
122 3 2 11.584 16.491 10.449 14.843
123 3 2 11.644 16.132 10.726 14.860
124 3 2 11.644 16.079 10.726 14.839
125 3 2 11.793 16.150 10.670 14.576
126 3 2 11.856 16.055 10.604 14.377
127 3 2 11.898 15.991 10.699 14.323
128 3 2 11.979 15.695 10.890 14.320
129 3 2 12.139 15.713 10.910 14.151
130 3 2 12.127 15.598 10.845 14.078
131 3 2 12.137 15.524 10.875 13.878
132 3 2 12.157 15.397 10.948 13.782
133 3 2 12.241 15.343 10.948 13.708
134 3 2 12.304 15.237 11.053 13.644
135 3 2 12.282 15.216 11.115 13.485
136 3 2 12.397 15.067 11.242 13.399
137 3 2 12.386 14.983 11.252 13.315
138 3 2 12.298 14.732 11.318 13.493
139 3 2 12.479 14.729 11.313 13.051
140 3 2 12.444 14.498 11.409 13.144
141 3 2 12.699 14.516 11.470 12.828
142 3 2 12.646 14.464 11.533 12.806
143 3 2 12.751 14.368 11.542 12.648
144 3 2 12.770 14.199 11.605 12.531
145 3 2 12.673 14.022 11.797 12.665
146 3 2 12.844 14.145 11.687 12.288
147 3 2 12.831 13.988 11.675 12.183
148 3 2 12.798 13.852 11.737 12.024
149 3 2 12.786 13.736 11.800 11.939
150 3 2 12.828 13.704 11.810 11.908
151 3 2 12.901 13.587 11.810 11.845
152 3 2 12.931 13.440 11.892 11.612
153 3 2 12.951 13.282 11.913 11.538
154 3 2 13.014 13.249 11.901 11.454
155 3 2 12.993 13.260 12.028 11.400
156 3 2 13.140 13.090 12.026 11.232
157 3 2 13.190 12.900 12.078 11.126
158 3 2 13.167 12.690 12.165 11.314
159 3 2 13.211 12.816 12.266 10.830
160 3 2 13.063 12.839 12.260 11.282
161 3 2 13.104 12.743 12.302 11.187
162 3 2 13.376 12.383 12.380 10.597
163 3 2 13.397 12.393 12.389 10.492
164 3 2 13.395 12.267 12.452 10.365
165 3 2 13.425 12.109 12.535 10.185
166 3 2 13.414 12.025 12.480 10.091
167 3 2 13.562 12.012 12.427 10.060
168 3 2 13.539 11.834 12.576 10.111
169 3 2 13.569 11.655 12.627 9.953
170 3 2 13.505 11.614 12.703 10.057
171 3 2 13.630 11.444 12.520 9.807
172 3 2 13.810 11.400 12.784 9.720
173 3 2 13.682 11.360 12.880 9.803
174 3 2 14.410 11.173 13.609 9.617
175 3 2 13.796 11.159 12.995 9.602
176 3 2 13.848 11.064 13.047 9.507
177 3 2 13.572 11.004 12.770 9.447
178 3 2 13.931 10.884 13.129 9.328
179 3 2 14.014 10.789 13.213 9.233
180 3 2 14.161 10.671 13.360 9.116
181 3 2 14.129 10.609 13.328 9.053
182 3 2 14.191 10.514 13.390 8.958
183 3 2 14.243 10.440 13.442 8.884
184 3 2 14.348 10.333 13.547 8.778
185 3 2 14.411 10.259 13.610 8.704
186 3 2 14.494 10.153 13.693 8.598
187 3 2 14.567 10.079 13.767 8.524
188 3 2 14.651 9.984 13.850 8.428
189 3 2 14.714 9.920 13.913 8.365
190 3 2 14.808 9.846 14.008 8.290
191 3 2 14.891 9.750 14.091 8.195
192 3 2 14.996 9.665 14.196 8.110
193 3 2 15.069 9.591 14.269 8.036
194 3 2 15.153 9.517 14.353 7.962
195 3 2 15.697 9.092 14.117 7.670
196 3 2 15.237 9.464 14.437 7.909
197 3 2 15.321 9.400 14.521 7.845
198 3 2 15.415 9.336 14.615 7.781
199 3 2 15.520 9.282 14.720 7.728
200 3 2 15.625 9.197 14.825 7.643
201 3 2 15.719 9.144 14.920 7.590
202 3 2 15.824 9.070 15.024 7.515
203 3 2 15.929 9.016 15.129 7.462
204 3 2 16.044 8.973 15.245 7.419
205 3 2 16.149 8.941 15.350 7.387
206 3 2 16.254 8.877 15.455 7.323
207 3 2 16.349 8.844 15.550 7.291
208 3 2 16.475 8.791 15.676 7.237
209 3 2 16.580 8.790 15.782 7.236
210 3 2 16.695 8.736 15.897 7.183
211 3 2 16.822 8.724 16.023 7.171
212 3 2 16.927 8.682 16.128 7.129
213 3 2 17.021 8.649 16.223 7.096
214 3 2 17.147 8.617 16.349 7.064
215 3 2 17.273 8.615 16.476 7.063
216 3 2 17.410 8.572 16.612 7.020
217 3 2 17.515 8.571 16.718 7.019
218 3 2 17.641 8.559 16.844 7.007
219 3 2 17.736 8.538 16.938 6.985
220 3 2 17.862 8.536 17.065 6.984
221 3 2 17.988 8.546 17.191 6.994
222 3 2 18.104 8.524 17.307 6.972
223 3 2 18.230 8.543 17.433 6.992
224 3 2 18.356 8.521 17.559 6.970
225 3 2 18.451 8.541 17.654 6.990
226 3 2 18.577 8.519 17.780 6.968
227 3 2 18.703 8.539 17.907 6.988
228 3 2 18.840 8.537 18.044 6.986
229 3 2 18.966 8.547 18.170 6.996
230 3 2 19.071 8.556 18.275 7.005
231 3 2 19.187 8.597 18.391 7.046
232 3 2 19.313 8.595 18.517 7.045
233 3 2 19.439 8.605 18.644 7.055
234 3 2 19.555 8.624 18.759 7.074
235 3 2 19.681 8.654 18.886 7.105
236 3 2 19.776 8.654 18.980 7.104
237 3 2 19.902 8.684 19.107 7.134
238 3 2 20.028 8.693 19.233 7.144
239 3 2 20.154 8.733 19.359 7.184
240 3 2 20.270 8.743 19.475 7.194
241 3 2 20.396 8.773 19.601 7.224
242 3 2 20.522 8.782 19.727 7.233
243 3 2 20.616 8.802 19.822 7.253
244 3 2 20.753 8.811 19.958 7.263
245 3 2 20.847 8.852 20.053 7.303
246 3 2 20.983 8.851 20.189 7.302
247 3 2 21.078 8.891 20.284 7.343
248 3 2 21.193 8.890 20.399 7.342
249 3 2 21.309 8.931 20.515 7.383
250 3 2 21.414 8.930 20.620 7.382
251 3 2 21.550 8.970 20.757 7.423
252 3 2 21.655 8.969 20.861 7.422
253 3 2 21.760 9.010 20.967 7.462
254 3 2 21.885 9.008 21.092 7.461
255 3 2 22.001 9.049 21.208 7.502
256 3 2 22.127 9.069 21.334 7.522
257 3 2 22.221 9.109 21.428 7.563
258 3 2 22.347 9.108 21.554 7.562
259 3 2 22.452 9.149 21.659 7.602
260 3 2 22.660 9.136 21.868 7.590
261 3 2 22.672 9.188 21.879 7.642
262 3 2 22.807 9.187 22.015 7.641
263 3 2 22.870 9.217 22.078 7.672
264 3 2 23.027 9.247 22.235 7.701
265 3 2 23.153 9.277 22.361 7.731
266 3 2 23.299 9.296 22.508 7.751
267 3 2 23.394 9.327 22.602 7.781
268 3 2 23.498 9.326 22.706 7.780
269 3 2 23.603 9.356 22.811 7.811
270 3 2 23.718 9.365 22.926 7.820
271 3 2 23.822 9.406 23.031 7.861
272 3 2 23.958 9.435 23.167 7.891
273 3 2 24.084 9.465 23.293 7.921
274 3 2 24.188 9.464 23.397 7.920
275 3 2 24.282 9.495 23.491 7.950
276 3 2 24.386 9.504 23.596 7.960
277 3 2 24.491 9.513 23.700 7.969
278 3 2 24.606 9.543 23.815 7.999
279 3 2 24.710 9.584 23.920 8.040
280 3 2 24.815 9.583 24.024 8.039
281 3 2 24.930 9.623 24.139 8.080
282 3 2 25.055 9.653 24.265 8.110
283 3 2 25.159 9.683 24.369 8.140
284 3 2 25.274 9.692 24.484 8.149
285 3 2 25.378 9.722 24.589 8.180
286 3 2 25.482 9.721 24.693 8.179
287 3 2 25.576 9.752 24.787 8.209
288 3 2 26.682 9.261 24.862 8.395
19 4 2 10.580 28.958 9.739 27.159
20 4 2 10.579 28.821 9.782 27.211
21 4 2 10.643 28.851 9.715 26.969
22 4 2 10.609 28.661 9.682 26.811
23 4 2 10.566 28.673 9.650 26.833
24 4 2 10.545 28.652 9.670 26.769
25 4 2 10.480 28.580 9.615 26.538
26 4 2 10.479 28.463 9.613 26.421
27 4 2 10.487 28.283 9.613 26.411
28 4 2 10.434 28.263 9.612 26.305
29 4 2 10.485 28.072 9.591 26.295
30 4 2 10.431 28.041 9.631 26.082
31 4 2 10.473 27.977 9.641 25.976
32 4 2 10.483 27.839 9.608 25.892
33 4 2 10.439 27.766 9.639 25.860
34 4 2 10.459 27.660 9.659 25.648
35 4 2 10.479 27.533 9.668 25.531
36 4 2 10.509 27.363 9.592 25.459
37 4 2 10.488 27.331 9.635 25.448
38 4 2 10.518 27.162 9.602 25.374
39 4 2 10.549 27.097 9.761 25.223
40 4 2 10.537 26.928 9.706 25.097
41 4 2 10.516 26.950 9.651 24.982
42 4 2 10.503 26.760 9.640 24.887
43 4 2 10.608 26.620 9.852 24.745
44 4 2 10.617 26.472 9.797 24.609
45 4 2 10.543 26.516 9.689 24.537
46 4 2 10.541 26.294 9.625 24.485
47 4 2 10.560 26.124 9.730 24.303
48 4 2 10.559 26.050 9.696 24.198
49 4 2 10.569 25.987 9.664 24.167
50 4 2 10.578 25.818 9.694 23.976
51 4 2 10.587 25.648 9.703 23.807
52 4 2 10.597 25.606 9.691 23.681
53 4 2 10.628 25.510 9.712 23.648
54 4 2 10.617 25.436 9.763 23.468
55 4 2 10.591 25.056 9.774 23.467
56 4 2 10.601 24.961 9.752 23.447
57 4 2 10.600 24.898 9.762 23.309
58 4 2 10.631 24.770 9.803 23.203
59 4 2 10.726 24.747 9.831 22.790
60 4 2 10.736 24.683 9.852 22.789
61 4 2 10.735 24.588 9.862 22.705
62 4 2 10.722 24.293 9.927 22.767
63 4 2 10.743 24.313 9.817 22.515
64 4 2 10.667 24.135 10.010 22.543
65 4 2 10.752 24.123 10.017 22.216
66 4 2 10.782 23.964 10.026 22.057
67 4 2 10.834 23.836 9.992 21.941
68 4 2 10.864 23.656 10.034 21.867
69 4 2 10.948 23.570 9.958 21.731
70 4 2 10.875 23.656 10.063 21.591
71 4 2 10.924 23.338 10.073 21.538
72 4 2 10.966 23.231 10.092 21.306
73 4 2 11.027 23.008 10.134 21.210
74 4 2 11.048 22.944 10.164 21.061
75 4 2 11.015 22.840 10.068 21.032
76 4 2 10.993 22.766 10.098 20.841
77 4 2 11.149 22.478 10.172 20.787
78 4 2 11.127 22.415 10.182 20.702
79 4 2 11.051 22.290 10.179 20.480
80 4 2 11.092 22.141 10.167 20.364
81 4 2 11.157 22.161 10.305 20.225
82 4 2 11.209 22.055 10.336 20.150
83 4 2 11.217 21.843 10.345 19.992
84 4 2 11.247 21.653 10.429 19.885
85 4 2 11.279 21.631 10.406 19.716
86 4 2 11.277 21.515 10.522 19.672
87 4 2 11.339 21.303 10.520 19.429
88 4 2 11.317 21.240 10.370 19.347
89 4 2 11.327 21.187 10.454 19.283
90 4 2 11.421 20.995 10.443 19.209
91 4 2 11.365 20.796 10.537 19.070
92 4 2 11.502 20.688 10.557 18.922
93 4 2 11.501 20.593 10.610 18.889
94 4 2 11.606 20.412 10.747 18.813
95 4 2 11.615 20.306 10.681 18.614
96 4 2 11.700 20.273 10.754 18.423
97 4 2 11.667 20.168 10.743 18.381
98 4 2 11.740 20.040 10.848 18.252
99 4 2 11.771 19.976 10.910 18.072
100 4 2 11.706 19.851 10.878 18.041
101 4 2 11.823 19.796 10.951 17.934
102 4 2 11.895 19.594 11.013 17.786
103 4 2 11.904 19.457 11.054 17.637
104 4 2 11.893 19.405 11.000 17.586
105 4 2 12.019 19.276 11.000 17.596
106 4 2 12.049 19.149 11.136 17.362
107 4 2 12.005 18.981 11.145 17.225
108 4 2 12.058 18.927 11.049 17.163
109 4 2 12.120 18.810 11.101 17.078
110 4 2 12.138 18.515 11.218 17.066
111 4 2 12.276 18.523 11.237 16.823
112 4 2 12.265 18.439 11.268 16.770
113 4 2 12.349 18.353 11.383 16.568
114 4 2 12.368 18.195 11.425 16.546
115 4 2 12.441 18.057 11.476 16.345
116 4 2 12.525 17.950 11.551 16.396
117 4 2 12.565 17.760 11.635 16.279
118 4 2 12.714 17.768 11.676 16.099
119 4 2 12.755 17.599 11.706 15.952
120 4 2 12.657 17.442 11.834 16.002
121 4 2 12.742 17.452 11.759 15.951
122 4 2 12.857 17.292 11.757 15.730
123 4 2 12.941 17.133 11.872 15.623
124 4 2 12.898 17.123 11.818 15.497
125 4 2 12.969 16.848 11.925 15.527
126 4 2 13.066 16.920 11.921 15.243
127 4 2 13.031 16.668 12.060 15.293
128 4 2 13.254 16.685 12.068 15.072
129 4 2 13.103 16.509 12.197 15.175
130 4 2 13.314 16.400 12.311 14.921
131 4 2 13.442 16.409 12.256 14.796
132 4 2 13.419 16.315 12.404 14.667
133 4 2 13.546 16.228 12.477 14.603
134 4 2 13.577 16.165 12.550 14.476
135 4 2 13.671 16.016 12.476 14.445
136 4 2 13.680 15.942 12.538 14.329
137 4 2 13.668 15.795 12.600 14.212
138 4 2 13.795 15.762 12.642 14.159
139 4 2 13.877 15.529 12.832 14.083
140 4 2 13.812 15.404 12.853 14.030
141 4 2 13.853 15.288 12.926 13.944
142 4 2 13.971 15.360 12.966 13.702
143 4 2 14.118 15.252 12.934 13.639
144 4 2 14.243 15.093 13.092 13.585
145 4 2 14.327 15.050 13.207 13.394
146 4 2 14.391 15.038 13.270 13.351
147 4 2 14.570 14.983 13.270 13.330
148 4 2 14.641 14.761 13.332 13.256
149 4 2 14.199 14.988 13.451 13.475
150 4 2 14.273 14.914 13.525 13.400
151 4 2 14.367 14.807 13.619 13.294
152 4 2 14.430 14.754 13.682 13.240
153 4 2 14.503 14.658 13.755 13.145
154 4 2 14.566 14.605 13.818 13.091
155 4 2 14.681 14.477 13.933 12.964
156 4 2 14.796 14.423 14.049 12.910
157 4 2 14.890 14.296 14.143 12.783
158 4 2 14.953 14.263 14.206 12.750
159 4 2 15.048 14.188 14.300 12.675
160 4 2 15.875 13.505 14.583 12.399
161 4 2 15.467 13.889 14.720 12.376
162 4 2 15.540 13.835 14.794 12.323
163 4 2 15.614 13.803 14.867 12.290
164 4 2 15.740 13.717 14.993 12.205
165 4 2 16.514 13.098 14.836 12.333
166 4 2 15.898 13.662 15.151 12.150
167 4 2 15.939 13.630 15.193 12.118
168 4 2 16.055 13.576 15.309 12.064
169 4 2 16.118 13.544 15.372 12.032
170 4 2 16.254 13.479 15.508 11.967
171 4 2 16.370 13.425 15.624 11.914
172 4 2 16.506 13.350 15.760 11.838
173 4 2 16.611 13.327 15.866 11.816
174 4 2 16.727 13.273 15.981 11.762
175 4 2 16.821 13.241 16.076 11.730
176 4 2 16.947 13.176 16.202 11.665
177 4 2 17.063 13.143 16.318 11.632
178 4 2 17.210 13.078 16.464 11.568
179 4 2 17.325 13.045 16.580 11.535
180 4 2 17.441 13.012 16.696 11.502
181 4 2 17.546 12.990 16.801 11.480
182 4 2 17.682 12.936 16.937 11.426
183 4 2 17.797 12.903 17.053 11.393
184 4 2 17.923 12.839 17.179 11.329
185 4 2 18.038 12.806 17.294 11.296
186 4 2 18.154 12.773 17.410 11.263
187 4 2 18.259 12.750 17.515 11.241
188 4 2 18.395 12.696 17.651 11.187
189 4 2 18.510 12.663 17.766 11.154
190 4 2 18.636 12.620 17.892 11.111
191 4 2 18.751 12.587 18.008 11.078
192 4 2 18.887 12.533 18.144 11.024
193 4 2 18.992 12.511 18.249 11.002
194 4 2 19.128 12.457 18.385 10.948
195 4 2 19.243 12.424 18.500 10.915
196 4 2 19.390 12.359 18.647 10.851
197 4 2 19.505 12.326 18.762 10.818
198 4 2 19.641 12.272 18.898 10.764
199 4 2 19.745 12.250 19.003 10.742
200 4 2 19.860 12.196 19.118 10.689
201 4 2 19.975 12.164 19.233 10.656
202 4 2 20.121 12.099 19.379 10.592
203 4 2 20.236 12.066 19.494 10.559
204 4 2 20.372 12.012 19.630 10.505
205 4 2 20.477 11.990 19.735 10.483
206 4 2 20.612 11.936 19.870 10.429
207 4 2 20.727 11.903 19.985 10.397
208 4 2 20.873 11.839 20.131 10.332
209 4 2 20.988 11.827 20.247 10.321
210 4 2 21.124 11.773 20.382 10.267
211 4 2 21.228 11.751 20.487 10.245
212 4 2 21.364 11.697 20.623 10.191
213 4 2 21.478 11.664 20.737 10.158
214 4 2 21.624 11.621 20.884 10.115
215 4 2 21.739 11.588 20.998 10.082
216 4 2 21.874 11.534 21.134 10.029
217 4 2 21.979 11.533 21.239 10.028
218 4 2 22.114 11.479 21.374 9.974
219 4 2 22.250 11.467 21.510 9.962
220 4 2 22.396 11.403 21.656 9.898
221 4 2 22.511 11.391 21.771 9.886
222 4 2 22.646 11.358 21.906 9.853
223 4 2 22.750 11.336 22.011 9.831
224 4 2 22.886 11.303 22.146 9.799
225 4 2 23.000 11.291 22.261 9.787
226 4 2 23.146 11.248 22.407 9.744
227 4 2 23.261 11.236 22.522 9.732
228 4 2 23.396 11.193 22.657 9.689
229 4 2 23.500 11.202 22.761 9.698
230 4 2 23.615 11.169 22.876 9.666
231 4 2 23.730 11.168 22.991 9.664
232 4 2 23.875 11.114 23.136 9.611
233 4 2 23.989 11.081 23.251 9.578
234 4 2 24.124 11.038 23.386 9.535
235 4 2 24.229 11.047 23.490 9.545
236 4 2 24.343 11.015 23.605 9.512
237 4 2 24.457 10.993 23.719 9.490
238 4 2 24.602 10.939 23.864 9.436
239 4 2 24.717 10.927 23.979 9.425
240 4 2 24.831 10.884 24.093 9.382
241 4 2 24.935 10.893 24.198 9.391
242 4 2 25.049 10.861 24.312 9.359
243 4 2 25.164 10.870 24.426 9.368
244 4 2 25.309 10.827 24.572 9.325
245 4 2 25.413 10.815 24.676 9.313
246 4 2 25.516 10.741 24.779 9.239
247 4 2 25.652 10.802 24.915 9.301
248 4 2 25.766 10.759 25.029 9.258
249 4 2 25.870 10.778 25.133 9.277
250 4 2 25.984 10.746 25.247 9.245
251 4 2 26.109 10.734 25.372 9.233
252 4 2 26.223 10.712 25.486 9.211
253 4 2 26.337 10.700 25.601 9.200
254 4 2 26.451 10.689 25.715 9.188
255 4 2 26.545 10.688 25.808 9.187
256 4 2 26.659 10.676 25.923 9.176
257 4 2 26.773 10.685 26.037 9.185
258 4 2 26.876 10.653 26.141 9.153
259 4 2 26.991 10.662 26.255 9.162
260 4 2 27.104 10.619 26.369 9.119
261 4 2 27.208 10.628 26.473 9.128
262 4 2 27.322 10.616 26.587 9.117
263 4 2 27.436 10.605 26.701 9.105
264 4 2 27.540 10.603 26.805 9.104
265 4 2 27.633 10.592 26.898 9.093
266 4 2 27.747 10.580 27.012 9.081
267 4 2 27.871 10.579 26.286 9.962
268 4 2 28.120 10.555 26.535 9.939
269 4 2 28.337 10.532 26.753 9.916
270 4 2 28.586 10.519 27.002 9.903
271 4 2 28.803 10.516 27.220 9.900
272 4 2 29.061 10.493 27.479 9.877
273 4 2 29.289 10.469 27.707 9.853
275 4 2 29.547 10.446 27.965 9.830
276 4 2 29.754 10.454 28.173 9.838
277 4 2 29.970 10.420 28.390 9.804
278 4 2 30.177 10.407 28.597 9.792
279 4 2 30.394 10.405 28.814 9.790
280 4 2 30.620 10.382 29.041 9.766
281 4 2 30.837 10.410 29.259 9.795
282 4 2 31.033 10.388 29.455 9.772
283 4 2 31.239 10.385 29.662 9.770
284 4 2 31.414 10.363 29.837 9.747
285 4 2 31.631 10.339 30.054 9.724
286 4 2 31.836 10.316 30.260 9.701
288 4 2 33.906 9.693 32.335 9.079
289 4 2 32.238 10.291 30.663 9.676
290 4 2 32.382 10.290 30.807 9.675
291 4 2 34.443 9.915 32.873 9.301
292 4 2 32.649 10.235 31.075 9.620
293 4 2 32.792 10.212 31.219 9.598
294 4 2 32.926 10.190 31.352 9.576
295 4 2 35.283 9.865 33.715 9.251
296 4 2 33.224 10.177 31.651 9.562
297 4 2 31.804 10.172 30.227 9.557
298 4 2 31.845 10.192 30.196 9.557
299 4 2 31.928 10.201 30.279 9.566
300 4 2 32.051 10.210 30.403 9.575
301 4 2 32.134 10.241 30.486 9.606
302 4 2 32.247 10.250 30.600 9.615
303 4 2 32.341 10.280 30.693 9.645
304 4 2 32.444 10.289 30.796 9.654
305 4 2 32.537 10.319 30.890 9.684
306 4 2 32.629 10.328 30.983 9.694
307 4 2 32.733 10.358 31.086 9.724
308 4 2 32.846 10.377 31.200 9.743
309 4 2 32.919 10.418 31.273 9.784
310 4 2 33.022 10.438 31.376 9.803
311 4 2 33.115 10.478 31.469 9.844
312 4 2 33.208 10.508 31.562 9.874
313 4 2 33.311 10.538 31.666 9.904
314 4 2 33.424 10.557 31.780 9.923
315 4 2 33.497 10.598 31.852 9.964
316 4 2 33.600 10.617 31.956 9.984
317 4 2 33.693 10.678 32.049 10.045
318 4 2 33.786 10.677 32.142 10.044
319 4 2 33.889 10.738 32.246 10.105
320 4 2 34.003 10.757 32.359 10.124
321 4 2 34.075 10.788 32.431 10.154
322 4 2 34.178 10.818 32.535 10.184
323 4 2 34.271 10.858 32.628 10.225
324 4 2 34.364 10.888 32.721 10.255
325 4 2 34.467 10.918 32.824 10.285
326 4 2 34.580 10.937 32.938 10.304
327 4 2 34.673 10.977 33.031 10.344
328 4 2 34.755 10.997 33.113 10.364
329 4 2 34.858 11.037 33.217 10.404
330 4 2 34.961 11.046 33.320 10.414
331 4 2 35.064 11.076 33.423 10.443
332 4 2 35.146 11.096 33.505 10.463
333 4 2 35.249 11.105 33.608 10.472
334 4 2 35.351 11.114 33.711 10.482
335 4 2 35.941 11.541 33.792 10.398
336 4 2 35.661 11.286 33.980 10.613
337 4 2 35.754 11.295 34.073 10.622
338 4 2 36.054 11.539 34.131 10.363
339 4 2 36.249 11.568 34.316 10.402
340 4 2 36.955 11.611 34.160 10.228
341 4 2 36.944 11.559 34.109 10.270
342 4 2 36.491 11.358 34.572 10.348
343 4 2 36.542 11.348 34.674 10.316
