0 0 2 9.594 28.841 8.796 26.952
1 0 2 9.617 28.897 8.785 26.918
2 0 2 9.617 28.863 8.784 26.884
3 0 2 9.617 28.806 8.784 26.827
4 0 2 9.616 28.772 8.784 26.793
5 0 2 9.639 28.714 8.806 26.735
6 0 2 9.814 29.030 8.622 26.739
7 0 2 9.837 29.087 8.575 26.671
8 0 2 9.849 29.041 8.586 26.625
9 0 2 9.837 28.995 8.575 26.580
10 0 2 9.707 28.645 8.654 26.487
11 0 2 9.730 28.610 8.608 26.431
12 0 2 9.753 28.655 8.573 26.363
13 0 2 9.765 28.609 8.584 26.317
14 0 2 9.753 28.564 8.572 26.272
15 0 2 9.764 28.495 8.583 26.203
16 0 2 9.752 28.427 8.571 26.135
17 0 2 9.763 28.381 8.582 26.089
18 0 2 9.751 28.313 8.570 26.021
19 0 2 9.657 28.064 8.673 25.973
20 0 2 9.702 28.018 8.673 25.996
21 0 2 9.702 27.983 8.695 25.847
22 0 2 9.702 27.972 8.707 25.836
23 0 2 9.702 27.926 8.718 25.790
24 0 2 9.724 27.858 8.706 25.779
25 0 2 9.677 27.688 8.754 25.926
26 0 2 9.724 27.801 8.728 25.664
27 0 2 9.699 27.619 8.705 25.630
28 0 2 9.687 27.596 8.693 25.585
29 0 2 9.711 27.641 8.658 25.529
30 0 2 9.674 27.357 8.737 25.333
31 0 2 9.697 27.402 8.702 25.265
32 0 2 9.708 27.333 8.713 25.197
33 0 2 9.696 27.265 8.701 25.129
34 0 2 9.707 27.197 8.712 25.060
35 0 2 9.718 27.128 8.723 24.991
36 0 2 9.729 27.059 8.734 24.923
37 0 2 9.717 26.991 8.722 24.854
38 0 2 9.819 26.761 8.882 24.772
39 0 2 9.784 26.705 8.870 24.646
40 0 2 9.795 26.625 8.847 24.613
41 0 2 9.794 26.568 8.869 24.589
42 0 2 9.828 26.465 8.914 24.395
43 0 2 9.792 26.249 8.855 24.259
44 0 2 9.733 26.113 8.777 24.591
45 0 2 9.744 26.102 8.754 24.569
46 0 2 9.768 26.135 8.719 24.524
47 0 2 9.790 26.055 8.742 24.443
48 0 2 9.789 25.975 8.741 24.363
49 0 2 9.833 25.735 8.969 24.097
50 0 2 9.904 25.905 9.070 23.822
51 0 2 9.901 25.529 9.107 24.038
52 0 2 9.994 25.698 9.047 23.708
53 0 2 10.017 25.743 9.012 23.652
54 0 2 9.889 25.483 9.082 23.821
55 0 2 9.911 25.323 9.161 23.649
56 0 2 9.922 25.243 9.151 23.775
57 0 2 9.933 25.277 9.116 23.730
58 0 2 9.966 25.037 9.081 23.742
59 0 2 9.978 25.060 9.046 23.697
60 0 2 9.954 25.026 9.182 23.443
61 0 2 10.033 24.831 9.226 23.112
62 0 2 10.045 24.865 9.191 23.055
63 0 2 10.044 24.785 9.190 22.976
64 0 2 10.067 24.728 9.213 22.918
65 0 2 10.089 24.648 9.235 22.838
66 0 2 10.111 24.567 9.258 22.758
67 0 2 10.134 24.464 9.280 22.655
68 0 2 10.156 24.384 9.302 22.575
69 0 2 10.155 24.282 9.301 22.472
70 0 2 10.178 24.224 9.324 22.415
71 0 2 10.200 24.121 9.346 22.312
72 0 2 10.199 24.042 9.345 22.232
73 0 2 10.221 23.939 9.368 22.129
74 0 2 10.244 23.859 9.390 22.049
75 0 2 10.266 23.756 9.412 21.946
76 0 2 10.288 23.675 9.434 21.866
77 0 2 10.310 23.573 9.457 21.763
78 0 2 10.356 23.492 9.502 21.682
79 0 2 10.378 23.389 9.524 21.579
80 0 2 10.400 23.309 9.546 21.499
81 0 2 10.422 23.206 9.569 21.396
82 0 2 10.445 23.126 9.591 21.316
83 0 2 10.547 23.022 9.485 21.021
84 0 2 10.509 22.601 9.533 21.237
85 0 2 10.532 22.635 9.498 21.192
86 0 2 10.566 22.543 9.532 21.100
87 0 2 10.601 22.599 9.658 21.041
88 0 2 10.681 22.587 9.689 20.608
89 0 2 10.610 22.326 9.747 20.698
90 0 2 10.622 22.360 9.712 20.642
91 0 2 10.841 22.447 9.744 20.322
92 0 2 10.840 22.368 9.847 20.320
93 0 2 10.864 22.413 9.812 20.253
94 0 2 10.825 21.935 9.985 20.273
95 0 2 10.847 21.832 9.996 20.182
96 0 2 10.859 21.866 9.961 20.125
97 0 2 10.882 21.786 9.983 20.045
98 0 2 10.927 21.683 10.028 19.942
99 0 2 10.948 21.443 10.131 19.815
100 0 2 10.981 21.363 10.188 19.757
101 0 2 11.106 21.190 10.141 19.655
102 0 2 11.129 21.224 10.106 19.610
103 0 2 11.300 21.074 10.115 19.257
104 0 2 11.230 20.892 10.208 19.369
105 0 2 11.309 20.777 10.275 19.209
106 0 2 11.333 20.811 10.240 19.153
107 0 2 11.378 20.719 10.285 19.061
108 0 2 11.400 20.651 10.308 18.992
109 0 2 11.445 20.559 10.353 18.900
110 0 2 11.490 20.467 10.398 18.809
111 0 2 11.513 20.376 10.421 18.717
112 0 2 11.456 20.422 10.396 18.535
113 0 2 11.455 20.308 10.466 18.625
114 0 2 11.478 20.342 10.431 18.569
115 0 2 11.500 20.251 10.453 18.477
116 0 2 11.521 19.932 10.567 18.385
117 0 2 11.544 19.966 10.532 18.340
118 0 2 11.577 19.874 10.566 18.248
119 0 2 11.611 19.783 10.600 18.157
120 0 2 11.712 19.497 10.805 17.926
121 0 2 11.724 19.531 10.770 17.870
122 0 2 11.757 19.439 10.803 17.778
123 0 2 11.768 19.371 10.814 17.710
124 0 2 11.825 19.256 10.871 17.595
125 0 2 11.836 19.188 10.882 17.527
126 0 2 11.892 19.096 10.938 17.435
127 0 2 11.903 19.005 10.949 17.343
128 0 2 11.937 18.936 10.983 17.275
129 0 2 11.970 18.867 11.017 17.206
130 0 2 12.004 18.776 11.051 17.114
131 0 2 12.071 18.490 11.095 16.955
132 0 2 12.139 18.432 11.152 16.908
133 0 2 12.162 18.466 11.117 16.863
134 0 2 12.184 18.375 11.140 16.772
135 0 2 12.115 18.308 11.117 16.840
136 0 2 12.230 18.352 11.127 16.578
137 0 2 12.217 18.124 11.265 16.656
138 0 2 12.239 18.010 11.286 16.485
139 0 2 12.341 17.952 11.377 16.405
140 0 2 12.398 17.940 11.446 16.336
141 0 2 12.375 17.940 11.445 16.301
142 0 2 12.399 17.974 11.411 16.245
143 0 2 12.408 17.689 11.467 16.142
144 0 2 12.407 17.621 11.547 16.073
145 0 2 12.429 17.484 11.546 15.959
146 0 2 12.509 17.415 11.568 15.879
147 0 2 12.566 17.403 11.648 15.832
148 0 2 12.577 17.335 11.659 15.764
149 0 2 12.632 17.141 11.670 15.673
150 0 2 12.644 17.106 11.772 15.512
151 0 2 12.677 17.038 11.794 15.455
152 0 2 12.757 16.957 11.805 15.398
153 0 2 12.860 17.001 11.792 15.148
154 0 2 12.848 16.933 11.871 15.056
155 0 2 12.904 16.796 11.825 15.045
156 0 2 12.914 16.569 11.939 14.998
157 0 2 13.006 16.602 11.801 14.875
158 0 2 12.971 16.591 11.823 14.829
159 0 2 12.969 16.352 11.961 14.896
160 0 2 12.947 16.409 11.901 14.555
161 0 2 12.969 16.329 11.866 14.487
162 0 2 12.980 16.204 11.946 14.373
163 0 2 12.967 16.045 12.050 14.485
164 0 2 13.094 16.168 12.014 14.281
165 0 2 13.069 15.941 12.117 14.348
166 0 2 13.068 15.794 12.151 14.302
167 0 2 13.090 15.702 12.196 14.154
168 0 2 13.135 15.668 12.241 14.096
169 0 2 13.192 15.576 12.298 14.028
170 0 2 13.260 15.530 12.297 13.948
171 0 2 13.340 15.563 12.318 13.686
172 0 2 13.328 15.404 12.388 13.777
173 0 2 13.429 15.210 12.491 13.810
174 0 2 13.452 15.244 12.456 13.764
175 0 2 13.554 15.106 12.638 13.558
176 0 2 13.566 15.140 12.592 13.513
177 0 2 13.611 15.071 12.637 13.444
178 0 2 13.656 14.980 12.682 13.353
179 0 2 13.734 14.797 12.681 13.194
180 0 2 13.744 14.570 12.760 13.091
181 0 2 13.767 14.604 12.725 13.045
182 0 2 13.846 14.501 12.783 13.079
183 0 2 13.891 14.421 12.794 13.068
184 0 2 13.948 14.386 12.850 12.953
185 0 2 13.971 14.420 12.816 12.908
186 0 2 14.073 14.260 12.884 12.862
187 0 2 14.151 13.986 13.020 12.747
188 0 2 14.174 14.009 12.986 12.702
189 0 2 14.230 13.952 13.042 12.645
190 0 2 14.288 14.030 13.042 12.576
191 0 2 14.311 14.064 12.996 12.531
192 0 2 14.368 13.996 13.052 12.463
193 0 2 14.763 13.515 13.440 12.345
194 0 2 14.786 13.537 13.394 12.300
195 0 2 14.968 13.388 13.497 12.322
196 0 2 15.024 13.365 13.566 12.333
197 0 2 15.139 13.398 13.589 12.321
198 0 2 15.309 13.260 13.749 12.297
199 0 2 15.343 13.282 13.703 12.264
200 0 2 15.400 13.248 13.759 12.229
201 0 2 15.479 13.213 13.839 12.194
202 0 2 15.559 13.155 13.919 12.137
203 0 2 15.615 13.121 13.975 12.102
204 0 2 15.717 13.063 14.078 12.044
205 0 2 15.774 13.028 14.135 12.010
206 0 2 15.854 12.994 14.214 11.975
207 0 2 15.933 12.959 14.294 11.940
208 0 2 16.035 12.901 14.396 11.883
209 0 2 16.092 12.889 14.453 11.871
210 0 2 16.194 12.854 14.556 11.836
211 0 2 16.490 12.772 14.694 11.948
212 0 2 16.524 12.783 14.636 11.915
213 0 2 16.637 12.737 14.899 11.947
214 0 2 16.671 12.748 14.842 11.913
215 0 2 16.751 12.725 14.921 11.890
216 0 2 16.853 12.701 15.024 11.866
217 0 2 16.933 12.700 15.104 11.865
218 0 2 17.035 12.677 15.206 11.842
219 0 2 17.114 12.653 15.286 11.818
220 0 2 17.217 12.652 15.388 11.818
221 0 2 17.296 12.652 15.468 11.817
222 0 2 17.398 12.628 15.570 11.793
223 0 2 17.478 12.605 15.650 11.770
224 0 2 17.580 12.604 15.753 11.769
225 0 2 17.660 12.603 15.832 11.768
226 0 2 17.762 12.602 15.935 11.768
227 0 2 17.841 12.601 16.015 11.767
228 0 2 17.944 12.600 16.117 11.766
229 0 2 18.000 12.600 16.174 11.766
230 0 2 18.103 12.599 16.277 11.765
231 0 2 18.182 12.598 16.356 11.764
232 0 2 18.284 12.597 16.459 11.763
233 0 2 18.364 12.597 16.538 11.763
234 0 2 18.466 12.618 16.641 11.784
235 0 2 18.545 12.618 16.721 11.784
236 0 2 18.648 12.617 16.823 11.783
237 0 2 18.727 12.616 16.903 11.782
238 0 2 18.807 12.638 16.982 11.804
239 0 2 18.886 12.660 17.062 11.826
240 0 2 18.988 12.659 17.165 11.825
241 0 2 19.068 12.658 17.244 11.825
242 0 2 19.170 12.680 17.347 11.846
243 0 2 19.249 12.702 17.426 11.868
244 0 2 19.351 12.701 17.529 11.868
245 0 2 19.431 12.723 17.608 11.890
246 0 2 19.556 12.744 17.734 11.911
247 0 2 19.635 12.766 17.813 11.933
248 0 2 19.760 12.788 17.938 11.955
249 0 2 19.839 12.787 18.018 11.954
250 0 2 19.941 12.809 18.120 11.976
251 0 2 20.044 12.853 18.223 12.020
252 0 2 20.146 12.875 18.325 12.042
253 0 2 20.225 12.874 18.405 12.041
254 0 2 20.327 12.896 18.507 12.063
255 0 2 20.406 12.917 18.587 12.085
256 0 2 20.508 12.917 18.689 12.084
257 0 2 20.588 12.938 18.768 12.106
258 0 2 20.690 12.983 18.871 12.151
259 0 2 20.769 13.005 18.950 12.173
260 0 2 20.871 13.004 19.052 12.172
261 0 2 20.950 13.025 19.132 12.194
262 0 2 21.052 13.070 19.234 12.238
263 0 2 21.132 13.092 19.314 12.260
264 0 2 21.211 13.091 19.393 12.259
265 0 2 21.290 13.113 19.473 12.281
266 0 2 21.392 13.134 19.575 12.303
267 0 2 21.471 13.134 19.654 12.302
268 0 2 21.573 13.155 19.756 12.324
269 0 2 21.675 13.177 19.858 12.346
270 0 2 21.754 13.176 19.938 12.345
271 0 2 21.856 13.198 20.040 12.367
272 0 2 21.958 13.219 20.142 12.388
273 0 2 22.037 13.219 20.221 12.388
274 0 2 22.138 13.218 20.323 12.387
275 0 2 22.240 13.239 20.425 12.408
276 0 2 22.342 13.261 20.527 12.430
277 0 2 22.443 13.260 20.629 12.429
278 0 2 22.545 13.282 20.731 12.451
279 0 2 22.647 13.303 20.833 12.473
280 0 2 22.748 13.302 20.935 12.472
281 0 2 22.850 13.301 21.036 12.471
282 0 2 22.951 13.323 21.138 12.493
283 0 2 23.030 13.345 21.218 12.514
284 0 2 23.132 13.344 21.319 12.514
285 0 2 23.211 13.343 21.398 12.513
286 0 2 23.312 13.365 21.500 12.535
287 0 2 23.391 13.386 21.579 12.556
288 0 2 23.493 13.385 21.681 12.555
289 0 2 23.572 13.407 21.760 12.577
290 0 2 23.673 13.429 21.862 12.599
291 0 2 23.730 13.428 21.919 12.599
292 0 2 23.831 13.427 22.020 12.598
293 0 2 23.933 13.449 22.122 12.619
294 0 2 24.034 13.470 22.224 12.641
295 0 2 24.113 13.470 22.303 12.640
296 0 2 24.214 13.491 22.405 12.662
297 0 2 24.293 13.513 22.484 12.684
298 0 2 24.395 13.512 22.585 12.683
299 0 2 24.496 13.511 22.687 12.682
300 0 2 24.597 13.510 22.788 12.681
301 0 2 24.698 13.532 22.890 12.703
302 0 2 24.800 13.553 22.992 12.724
303 0 2 24.879 13.552 23.071 12.724
304 0 2 24.980 13.574 23.172 12.745
305 0 2 25.059 13.596 23.251 12.767
306 0 2 25.160 13.595 23.353 12.766
307 0 2 25.239 13.594 23.432 12.765
308 0 2 25.340 13.593 23.533 12.764
0 1 2 3.439 8.804 1.477 7.532
1 1 2 3.497 8.838 1.442 7.510
2 1 2 3.543 8.838 1.489 7.509
3 1 2 3.590 8.861 1.535 7.532
4 1 2 3.636 8.860 1.582 7.532
5 1 2 3.683 8.883 1.628 7.555
6 1 2 3.730 8.905 1.675 7.577
7 1 2 3.799 8.905 1.745 7.577
8 1 2 3.846 8.928 1.792 7.600
9 1 2 3.892 8.950 1.838 7.622
10 1 2 3.962 8.973 1.908 7.645
11 1 2 4.008 8.972 1.955 7.645
12 1 2 4.055 8.995 2.001 7.667
13 1 2 4.124 8.995 2.071 7.667
14 1 2 4.171 9.017 2.118 7.689
15 1 2 4.240 9.017 2.188 7.689
16 1 2 4.287 9.039 2.234 7.712
17 1 2 4.356 9.039 2.304 7.711
18 1 2 4.403 9.061 2.351 7.734
19 1 2 4.472 9.061 2.420 7.734
20 1 2 4.519 9.084 2.467 7.756
21 1 2 4.565 9.083 2.513 7.756
22 1 2 4.635 9.106 2.583 7.779
23 1 2 4.681 9.105 2.630 7.778
24 1 2 4.751 9.128 2.700 7.801
25 1 2 4.820 9.127 2.769 7.801
26 1 2 4.867 9.150 2.816 7.823
27 1 2 4.936 9.150 2.886 7.823
28 1 2 4.983 9.172 2.932 7.845
29 1 2 5.052 9.172 3.002 7.845
30 1 2 5.122 9.171 3.071 7.845
31 1 2 5.191 9.194 3.141 7.867
32 1 2 5.238 9.193 3.188 7.867
33 1 2 5.307 9.216 3.257 7.889
34 1 2 5.377 9.215 3.327 7.889
35 1 2 5.446 9.238 3.397 7.912
36 1 2 5.516 9.237 3.466 7.911
37 1 2 5.562 9.260 3.513 7.934
38 1 2 5.631 9.259 3.583 7.933
39 1 2 5.701 9.259 3.652 7.933
40 1 2 5.770 9.281 3.722 7.956
41 1 2 5.840 9.281 3.792 7.955
42 1 2 5.886 9.281 3.838 7.955
43 1 2 5.955 9.303 3.908 7.977
44 1 2 6.025 9.303 3.977 7.977
45 1 2 6.094 9.302 4.047 7.977
46 1 2 6.163 9.302 4.116 7.976
47 1 2 6.233 9.324 4.186 7.999
48 1 2 6.302 9.324 4.255 7.998
49 1 2 6.371 9.323 4.325 7.998
50 1 2 6.441 9.323 4.394 7.998
51 1 2 6.510 9.322 4.464 7.997
52 1 2 6.580 9.345 4.534 8.020
53 1 2 6.649 9.344 4.603 8.019
54 1 2 6.718 9.344 4.673 8.019
55 1 2 6.810 9.343 4.765 8.018
56 1 2 6.880 9.343 4.835 8.018
57 1 2 6.949 9.365 4.904 8.041
58 1 2 7.041 9.364 4.997 8.040
59 1 2 7.111 9.364 5.066 8.040
60 1 2 7.180 9.363 5.136 8.039
61 1 2 7.272 9.363 5.228 8.039
62 1 2 7.341 9.362 5.298 8.038
63 1 2 7.411 9.362 5.367 8.038
64 1 2 7.480 9.362 5.437 8.038
65 1 2 7.572 9.361 5.529 8.037
66 1 2 7.641 9.383 5.599 8.059
67 1 2 7.711 9.383 5.668 8.059
68 1 2 7.803 9.382 5.760 8.059
69 1 2 7.872 9.382 5.830 8.058
70 1 2 7.941 9.381 5.899 8.058
71 1 2 8.033 9.381 5.992 8.057
72 1 2 8.102 9.380 6.061 8.057
73 1 2 8.195 9.380 6.153 8.056
74 1 2 8.264 9.379 6.223 8.056
75 1 2 8.356 9.379 6.315 8.055
76 1 2 8.425 9.378 6.384 8.055
77 1 2 8.517 9.378 6.477 8.055
78 1 2 8.586 9.377 6.546 8.054
79 1 2 8.678 9.376 6.638 8.054
80 1 2 8.770 9.376 6.731 8.053
81 1 2 8.839 9.375 6.800 8.053
82 1 2 8.931 9.375 6.892 8.052
83 1 2 9.000 9.374 6.962 8.052
84 1 2 9.093 9.374 7.054 8.051
85 1 2 9.162 9.373 7.123 8.051
86 1 2 9.254 9.373 7.216 8.050
87 1 2 9.323 9.372 7.285 8.050
88 1 2 9.415 9.372 7.377 8.049
89 1 2 9.484 9.371 7.446 8.049
90 1 2 9.576 9.371 7.538 8.049
91 1 2 9.667 9.370 7.631 8.048
92 1 2 9.736 9.369 7.700 8.048
93 1 2 9.828 9.369 7.792 8.047
94 1 2 9.920 9.368 7.884 8.047
95 1 2 9.989 9.368 7.953 8.046
96 1 2 10.081 9.367 8.046 8.046
97 1 2 10.173 9.367 8.138 8.045
98 1 2 10.265 9.366 8.230 8.045
99 1 2 10.334 9.366 8.299 8.044
100 1 2 10.426 9.365 8.391 8.044
101 1 2 10.518 9.364 8.483 8.043
102 1 2 10.609 9.364 8.575 8.043
103 1 2 10.678 9.363 8.644 8.042
104 1 2 10.770 9.363 8.737 8.042
105 1 2 10.862 9.362 8.829 8.041
106 1 2 10.954 9.339 8.921 8.018
107 1 2 11.045 9.338 9.013 8.017
108 1 2 11.137 9.337 9.105 8.017
109 1 2 11.206 9.337 9.174 8.017
110 1 2 11.298 9.336 9.266 8.016
111 1 2 11.389 9.336 9.358 8.016
112 1 2 11.481 9.335 9.450 8.015
113 1 2 11.573 9.335 9.542 8.015
114 1 2 11.665 9.334 9.634 8.014
115 1 2 11.756 9.333 9.726 8.013
116 1 2 11.825 9.333 9.795 8.013
117 1 2 11.917 9.332 9.886 8.013
118 1 2 12.008 9.332 9.978 8.012
119 1 2 12.100 9.331 10.070 8.012
120 1 2 12.192 9.331 10.162 8.011
121 1 2 12.260 9.330 10.231 8.011
122 1 2 12.352 9.329 10.323 8.010
123 1 2 12.443 9.329 10.415 8.010
124 1 2 12.535 9.328 10.507 8.009
125 1 2 12.627 9.328 10.599 8.009
126 1 2 12.718 9.350 10.691 8.031
127 1 2 12.810 9.349 10.782 8.030
128 1 2 12.901 9.349 10.874 8.030
129 1 2 12.993 9.348 10.966 8.029
130 1 2 13.084 9.347 11.058 8.029
131 1 2 13.176 9.347 11.149 8.028
132 1 2 13.267 9.346 11.241 8.028
133 1 2 13.359 9.346 11.333 8.027
134 1 2 13.451 9.368 11.425 8.049
135 1 2 13.542 9.367 11.517 8.049
136 1 2 13.633 9.366 11.608 8.048
137 1 2 13.725 9.366 11.700 8.048
138 1 2 13.816 9.365 11.792 8.047
139 1 2 13.885 9.365 11.860 8.047
140 1 2 13.976 9.364 11.952 8.047
141 1 2 14.068 9.364 12.044 8.046
142 1 2 14.159 9.386 12.136 8.068
143 1 2 14.251 9.385 12.227 8.068
144 1 2 14.342 9.385 12.319 8.067
145 1 2 14.433 9.384 12.410 8.067
146 1 2 14.525 9.406 12.502 8.089
147 1 2 14.616 9.405 12.594 8.088
148 1 2 14.707 9.405 12.685 8.088
149 1 2 14.821 9.404 12.800 8.087
150 1 2 14.913 9.403 12.891 8.087
151 1 2 15.004 9.426 12.983 8.109
152 1 2 15.095 9.425 13.074 8.108
153 1 2 15.209 9.424 13.189 8.108
154 1 2 15.301 9.424 13.280 8.107
155 1 2 15.392 9.446 13.372 8.129
156 1 2 15.483 9.445 13.463 8.129
157 1 2 15.574 9.444 13.555 8.128
158 1 2 15.665 9.444 13.646 8.128
159 1 2 15.757 9.466 13.738 8.150
160 1 2 15.871 9.465 13.852 8.149
161 1 2 15.962 9.465 13.944 8.149
162 1 2 16.053 9.464 14.035 8.148
163 1 2 16.144 9.486 14.127 8.171
164 1 2 16.235 9.485 14.218 8.170
165 1 2 16.349 9.485 14.332 8.169
166 1 2 16.440 9.484 14.423 8.169
167 1 2 16.531 9.483 14.515 8.168
168 1 2 16.622 9.483 14.606 8.168
169 1 2 16.736 9.482 14.720 8.167
170 1 2 16.827 9.504 14.812 8.189
171 1 2 16.918 9.503 14.903 8.189
172 1 2 17.009 9.503 14.994 8.188
173 1 2 17.123 9.502 15.108 8.188
174 1 2 17.224 9.286 14.905 8.473
175 1 2 17.281 9.297 14.836 8.439
176 1 2 17.371 9.296 14.928 8.438
177 1 2 17.462 9.296 15.019 8.438
178 1 2 17.576 9.295 15.133 8.437
179 1 2 17.690 9.294 15.247 8.437
180 1 2 17.758 9.294 15.315 8.436
181 1 2 17.894 9.293 15.452 8.435
182 1 2 17.985 9.292 15.543 8.435
183 1 2 18.076 9.292 15.635 8.434
184 1 2 18.189 9.291 15.748 8.434
185 1 2 18.257 9.291 15.817 8.433
186 1 2 18.371 9.313 15.931 8.455
187 1 2 18.462 9.312 16.022 8.455
188 1 2 18.553 9.311 16.113 8.454
189 1 2 18.644 9.333 16.204 8.476
190 1 2 18.734 9.333 16.295 8.476
191 1 2 18.848 9.332 16.409 8.475
192 1 2 18.961 9.331 16.523 8.474
193 1 2 19.029 9.353 16.592 8.497
194 1 2 19.143 9.353 16.705 8.496
195 1 2 19.234 9.352 16.796 8.495
196 1 2 19.324 9.374 16.888 8.517
197 1 2 19.415 9.374 16.979 8.517
198 1 2 19.528 9.373 17.092 8.516
199 1 2 19.642 9.372 17.206 8.516
200 1 2 19.710 9.372 17.274 8.515
201 1 2 19.823 9.371 17.388 8.514
202 1 2 19.914 9.393 17.479 8.537
203 1 2 20.004 9.392 17.570 8.536
204 1 2 20.095 9.392 17.661 8.535
205 1 2 20.208 9.391 17.774 8.535
206 1 2 20.321 9.390 17.888 8.534
207 1 2 20.389 9.412 17.956 8.556
208 1 2 20.502 9.412 18.070 8.556
209 1 2 20.593 9.411 18.161 8.555
210 1 2 20.683 9.410 18.251 8.555
211 1 2 20.797 9.410 18.365 8.554
212 1 2 20.910 9.409 18.478 8.553
213 1 2 21.000 9.408 18.569 8.553
214 1 2 21.091 9.408 18.660 8.552
215 1 2 21.181 9.407 18.751 8.552
216 1 2 21.294 9.406 18.864 8.551
217 1 2 21.407 9.405 18.978 8.550
218 1 2 21.497 9.405 19.068 8.550
219 1 2 21.588 9.404 19.159 8.549
220 1 2 21.678 9.404 19.250 8.549
221 1 2 21.791 9.426 19.363 8.570
222 1 2 21.904 9.425 19.477 8.570
223 1 2 21.972 9.424 19.545 8.569
224 1 2 22.107 9.423 19.680 8.569
225 1 2 22.198 9.423 19.771 8.568
226 1 2 22.288 9.422 19.862 8.567
227 1 2 22.401 9.444 19.975 8.589
228 1 2 22.469 9.444 20.043 8.589
229 1 2 22.604 9.443 20.179 8.588
230 1 2 22.694 9.442 20.269 8.588
231 1 2 22.785 9.441 20.360 8.587
232 1 2 22.897 9.441 20.473 8.586
233 1 2 22.965 9.440 20.541 8.586
234 1 2 23.078 9.439 20.654 8.585
235 1 2 23.168 9.439 20.745 8.585
236 1 2 23.258 9.438 20.835 8.584
237 1 2 23.348 9.438 20.926 8.584
238 1 2 23.461 9.437 21.039 8.583
239 1 2 23.573 9.436 21.152 8.582
240 1 2 23.641 9.436 21.220 8.582
241 1 2 23.776 9.435 21.355 8.581
242 1 2 23.866 9.434 21.446 8.580
243 1 2 23.979 9.433 21.558 8.580
244 1 2 24.046 9.433 21.626 8.579
245 1 2 24.159 9.432 21.739 8.579
246 1 2 24.249 9.432 21.830 8.578
247 1 2 24.339 9.431 21.920 8.578
248 1 2 24.451 9.430 22.033 8.577
249 1 2 24.564 9.429 22.146 8.576
250 1 2 24.631 9.429 22.213 8.576
251 1 2 24.766 9.428 22.349 8.575
252 1 2 24.856 9.450 22.439 8.597
253 1 2 24.946 9.449 22.529 8.596
254 1 2 25.059 9.449 22.642 8.596
255 1 2 25.126 9.448 22.710 8.595
256 1 2 25.239 9.447 22.823 8.595
257 1 2 25.329 9.469 22.913 8.617
258 1 2 25.418 9.469 23.003 8.616
259 1 2 25.204 9.369 23.240 8.649
260 1 2 25.249 9.380 23.184 8.615
261 1 2 25.350 9.379 23.285 8.614
262 1 2 25.429 9.379 23.364 8.614
263 1 2 25.552 9.378 23.488 8.613
264 1 2 25.631 9.377 23.567 8.613
265 1 2 25.732 9.399 23.668 8.635
266 1 2 25.811 9.399 23.747 8.634
267 1 2 25.968 9.398 24.017 8.655
268 1 2 26.047 9.397 24.096 8.666
269 1 2 26.092 9.408 24.040 8.632
270 1 2 26.181 9.419 24.130 8.643
271 1 2 26.271 9.429 24.220 8.654
272 1 2 26.383 9.417 24.332 8.642
273 1 2 26.451 9.428 24.400 8.653
274 1 2 26.563 9.416 24.512 8.641
275 1 2 26.653 9.427 24.603 8.651
276 1 2 26.742 9.437 24.693 8.662
277 1 2 26.832 9.448 24.783 8.673
278 1 2 26.922 9.436 24.872 8.661
279 1 2 27.034 9.447 24.985 8.672
280 1 2 27.146 9.435 25.097 8.660
281 1 2 27.213 9.445 25.165 8.671
282 1 2 27.325 9.456 25.277 8.681
283 1 2 27.415 9.467 25.367 8.692
284 1 2 27.505 9.455 25.457 8.680
285 1 2 27.594 9.465 25.547 8.691
286 1 2 27.684 9.476 25.637 8.701
287 1 2 27.774 9.487 25.727 8.712
288 1 2 27.863 9.475 25.816 8.700
289 1 2 27.953 9.485 25.906 8.711
290 1 2 28.042 9.496 25.996 8.722
291 1 2 28.132 9.507 26.086 8.732
292 1 2 28.244 9.517 26.198 8.743
293 1 2 28.356 9.528 26.311 8.754
294 1 2 28.423 9.538 26.378 8.764
295 1 2 28.535 9.549 26.490 8.775
296 1 2 28.602 9.537 26.558 8.763
297 1 2 28.714 9.548 26.670 8.774
298 1 2 28.803 9.558 26.760 8.785
299 1 2 28.893 9.569 26.849 8.795
300 1 2 28.982 9.580 26.939 8.806
301 1 2 29.072 9.590 27.029 8.817
302 1 2 29.161 9.578 27.118 8.805
303 1 2 29.251 9.611 27.208 8.838
304 1 2 29.340 9.600 27.298 8.826
305 1 2 29.429 9.610 27.388 8.837
306 1 2 29.519 9.621 27.477 8.848
307 1 2 29.608 9.631 27.567 8.858
308 1 2 29.698 9.642 27.657 8.869
0 2 2 33.475 7.354 31.590 6.568
1 2 2 33.530 7.376 31.556 6.557
2 2 2 33.475 7.365 31.500 6.546
3 2 2 33.397 7.354 31.422 6.535
4 2 2 33.364 7.366 31.389 6.546
5 2 2 33.286 7.355 31.311 6.535
6 2 2 33.230 7.366 31.255 6.547
7 2 2 33.153 7.356 31.177 6.536
8 2 2 33.119 7.367 31.144 6.547
9 2 2 33.042 7.356 31.066 6.536
10 2 2 32.986 7.345 31.010 6.525
11 2 2 32.908 7.335 30.932 6.515
12 2 2 32.875 7.346 30.899 6.526
13 2 2 32.797 7.335 30.821 6.515
14 2 2 32.741 7.324 30.765 6.504
15 2 2 32.663 7.313 30.687 6.493
16 2 2 32.608 7.325 30.631 6.505
17 2 2 32.530 7.314 30.553 6.494
18 2 2 32.474 7.303 30.497 6.483
19 2 2 32.396 7.292 30.419 6.472
20 2 2 32.341 7.304 30.363 6.484
21 2 2 32.263 7.293 30.285 6.473
22 2 2 32.185 7.282 30.207 6.462
23 2 2 32.107 7.271 30.129 6.451
24 2 2 32.029 7.283 30.051 6.463
25 2 2 31.951 7.272 29.973 6.452
26 2 2 31.874 7.261 29.895 6.441
27 2 2 31.796 7.251 29.816 6.430
28 2 2 31.718 7.240 29.738 6.419
29 2 2 31.617 7.229 29.638 6.408
30 2 2 31.539 7.218 29.559 6.397
31 2 2 31.461 7.208 29.481 6.387
32 2 2 31.383 7.219 29.403 6.398
33 2 2 31.283 7.186 29.302 6.365
34 2 2 31.205 7.198 29.224 6.376
35 2 2 31.127 7.187 29.146 6.366
36 2 2 31.049 7.176 29.068 6.355
37 2 2 30.949 7.165 28.967 6.344
38 2 2 30.871 7.177 28.889 6.355
39 2 2 30.770 7.166 28.788 6.345
40 2 2 30.692 7.155 28.710 6.334
41 2 2 30.592 7.145 28.609 6.323
42 2 2 30.514 7.156 28.531 6.335
43 2 2 30.413 7.123 28.430 6.301
44 2 2 30.335 7.135 28.352 6.313
45 2 2 30.213 7.124 28.229 6.302
46 2 2 30.134 7.113 28.150 6.291
47 2 2 30.034 7.103 28.050 6.281
48 2 2 29.934 7.114 27.949 6.292
49 2 2 29.833 7.104 27.848 6.281
50 2 2 29.755 7.093 27.770 6.271
51 2 2 29.632 7.082 27.646 6.260
52 2 2 29.554 7.094 27.568 6.271
53 2 2 29.453 7.083 27.467 6.261
54 2 2 29.353 7.095 27.367 6.272
55 2 2 29.252 7.084 27.266 6.261
56 2 2 29.152 7.073 27.165 6.251
57 2 2 29.051 7.063 27.064 6.240
58 2 2 28.951 7.074 26.963 6.252
59 2 2 28.850 7.064 26.862 6.241
60 2 2 28.749 7.053 26.761 6.230
61 2 2 28.626 7.042 26.638 6.219
62 2 2 28.526 7.054 26.537 6.231
63 2 2 28.403 7.043 26.413 6.220
64 2 2 28.302 7.055 26.313 6.232
65 2 2 28.179 7.044 26.189 6.221
66 2 2 28.078 7.034 26.088 6.210
67 2 2 27.955 7.023 25.964 6.200
68 2 2 27.854 7.035 25.864 6.211
69 2 2 27.731 7.024 25.740 6.201
70 2 2 27.630 7.036 25.639 6.212
71 2 2 27.507 7.003 25.515 6.179
72 2 2 27.406 7.014 25.414 6.191
73 2 2 27.283 7.004 25.291 6.180
74 2 2 27.182 7.016 25.190 6.192
75 2 2 27.036 7.005 25.043 6.181
76 2 2 26.936 7.017 24.942 6.193
77 2 2 26.812 7.006 24.819 6.182
78 2 2 26.689 6.996 24.695 6.171
79 2 2 26.565 6.985 24.571 6.161
80 2 2 26.442 6.997 24.447 6.172
81 2 2 26.319 6.986 24.324 6.162
82 2 2 26.195 6.975 24.200 6.151
83 2 2 26.072 6.965 24.076 6.140
84 2 2 25.948 6.977 23.952 6.152
85 2 2 25.825 6.966 23.828 6.141
86 2 2 25.701 6.978 23.704 6.153
87 2 2 25.555 6.967 23.558 6.142
88 2 2 25.454 6.979 23.457 6.154
89 2 2 25.308 6.969 23.310 6.143
90 2 2 25.207 6.958 23.209 6.133
91 2 2 25.061 6.947 23.062 6.122
92 2 2 24.937 6.959 22.938 6.134
93 2 2 24.791 6.949 22.791 6.123
94 2 2 24.667 6.960 22.667 6.135
95 2 2 24.544 6.950 22.543 6.124
96 2 2 24.420 6.962 22.419 6.136
97 2 2 24.274 6.951 22.272 6.125
98 2 2 24.150 6.940 22.148 6.115
99 2 2 24.003 6.930 22.001 6.104
100 2 2 23.880 6.942 21.877 6.116
101 2 2 23.733 6.931 21.730 6.105
102 2 2 23.632 6.920 21.629 6.094
103 2 2 23.485 6.910 21.482 6.084
104 2 2 23.361 6.922 21.358 6.095
105 2 2 23.215 6.911 21.211 6.085
106 2 2 23.091 6.923 21.086 6.096
107 2 2 22.944 6.912 20.939 6.086
108 2 2 22.820 6.924 20.815 6.098
109 2 2 22.674 6.914 20.668 6.087
110 2 2 22.550 6.926 20.543 6.099
111 2 2 22.403 6.915 20.396 6.088
112 2 2 22.279 6.927 20.272 6.100
113 2 2 22.132 6.939 20.125 6.112
114 2 2 22.008 6.951 20.000 6.124
115 2 2 21.861 6.940 19.853 6.113
116 2 2 21.760 6.952 19.751 6.125
117 2 2 21.613 6.941 19.604 6.114
118 2 2 21.489 6.953 19.479 6.126
119 2 2 21.319 6.965 19.310 6.138
120 2 2 21.195 6.977 19.185 6.150
121 2 2 21.048 6.967 19.037 6.139
122 2 2 20.901 6.979 18.890 6.151
123 2 2 20.754 6.968 18.743 6.140
124 2 2 20.630 6.980 18.618 6.152
125 2 2 20.483 6.970 18.470 6.142
126 2 2 20.358 6.981 18.346 6.153
127 2 2 20.211 6.994 18.198 6.165
128 2 2 20.087 7.005 18.073 6.177
129 2 2 19.940 6.995 17.926 6.167
130 2 2 19.815 7.007 17.801 6.178
131 2 2 19.668 6.996 17.653 6.168
132 2 2 19.543 7.031 17.528 6.202
133 2 2 19.373 7.020 17.358 6.192
134 2 2 19.249 7.032 17.233 6.204
135 2 2 19.101 7.022 17.085 6.193
136 2 2 18.977 7.034 16.960 6.205
137 2 2 18.806 7.023 16.789 6.194
138 2 2 18.682 7.058 16.664 6.229
139 2 2 18.534 7.047 16.516 6.218
140 2 2 18.387 7.059 16.368 6.230
141 2 2 18.239 7.048 16.220 6.219
142 2 2 18.115 7.060 16.095 6.231
143 2 2 17.967 7.050 15.947 6.220
144 2 2 17.819 7.062 15.799 6.232
145 2 2 17.671 7.051 15.651 6.222
146 2 2 17.547 7.063 15.526 6.234
147 2 2 17.376 7.075 15.355 6.246
148 2 2 17.251 7.087 15.229 6.258
149 2 2 17.103 7.077 15.081 6.247
150 2 2 16.956 7.089 14.933 6.259
151 2 2 16.808 7.078 14.784 6.248
152 2 2 16.683 7.090 14.659 6.260
153 2 2 16.535 7.080 14.511 6.249
154 2 2 16.387 7.092 14.362 6.261
155 2 2 16.239 7.081 14.214 6.251
156 2 2 16.114 7.093 14.088 6.263
157 2 2 15.943 7.083 13.917 6.252
158 2 2 15.817 7.094 13.791 6.264
159 2 2 15.647 7.107 13.620 6.276
160 2 2 15.521 7.119 13.494 6.288
161 2 2 15.373 7.108 13.346 6.277
162 2 2 15.225 7.120 13.197 6.289
163 2 2 15.077 7.109 13.048 6.278
164 2 2 14.951 7.121 12.923 6.290
165 2 2 14.780 7.111 12.751 6.280
166 2 2 14.655 7.123 12.625 6.292
167 2 2 14.506 7.135 12.476 6.304
168 2 2 14.358 7.147 12.328 6.316
169 2 2 14.210 7.137 12.179 6.305
170 2 2 14.084 7.149 12.053 6.317
171 2 2 13.913 7.138 11.881 6.306
172 2 2 13.787 7.150 11.755 6.318
173 2 2 13.638 7.139 11.606 6.307
174 2 2 13.490 7.151 11.457 6.319
175 2 2 13.341 7.141 11.308 6.309
176 2 2 13.215 7.153 11.182 6.321
177 2 2 13.067 7.142 11.032 6.310
178 2 2 12.918 7.154 10.883 6.322
179 2 2 12.769 7.144 10.734 6.311
180 2 2 12.643 7.156 10.608 6.323
181 2 2 12.495 7.145 10.459 6.312
182 2 2 12.369 7.134 10.332 6.302
183 2 2 12.197 7.124 10.160 6.291
184 2 2 12.071 7.136 10.034 6.303
185 2 2 11.922 7.125 9.884 6.292
186 2 2 11.796 7.137 9.758 6.304
187 2 2 11.647 7.127 9.608 6.293
188 2 2 11.521 7.116 9.482 6.283
189 2 2 11.371 7.105 9.332 6.272
190 2 2 11.222 7.117 9.183 6.284
191 2 2 11.073 7.084 9.033 6.250
192 2 2 10.947 7.096 8.906 6.262
193 2 2 10.798 7.085 8.757 6.251
194 2 2 10.648 7.075 8.607 6.241
195 2 2 10.499 7.064 8.457 6.230
196 2 2 10.373 7.053 8.330 6.219
197 2 2 10.223 7.042 8.181 6.208
198 2 2 10.097 7.032 8.054 6.197
199 2 2 9.947 7.021 7.904 6.187
200 2 2 9.798 7.010 7.754 6.176
201 2 2 9.648 6.977 7.604 6.142
202 2 2 9.522 6.989 7.477 6.154
203 2 2 9.372 6.955 7.327 6.121
204 2 2 9.246 6.945 7.200 6.110
205 2 2 9.096 6.911 7.050 6.076
206 2 2 8.969 6.900 6.923 6.065
207 2 2 8.819 6.890 6.773 6.055
208 2 2 8.716 6.879 6.669 6.044
209 2 2 8.566 6.845 6.518 6.010
210 2 2 8.462 6.834 6.414 5.999
211 2 2 8.312 6.801 6.264 5.965
212 2 2 8.208 6.767 6.159 5.931
213 2 2 8.058 6.734 6.009 5.898
214 2 2 7.954 6.723 5.905 5.887
215 2 2 7.827 6.689 5.777 5.853
216 2 2 7.723 6.655 5.673 5.819
217 2 2 7.596 6.622 5.546 5.785
218 2 2 7.469 6.611 5.418 5.774
219 2 2 7.342 6.577 5.291 5.741
220 2 2 7.238 6.543 5.187 5.707
221 2 2 7.111 6.510 5.059 5.673
222 2 2 7.007 6.476 4.955 5.639
223 2 2 6.880 6.442 4.827 5.605
224 2 2 6.775 6.408 4.722 5.571
225 2 2 6.671 6.352 4.618 5.515
226 2 2 6.567 6.318 4.513 5.481
227 2 2 6.463 6.284 4.409 5.447
228 2 2 6.358 6.250 4.304 5.413
229 2 2 6.231 6.194 4.176 5.356
230 2 2 6.150 6.160 4.095 5.322
231 2 2 6.022 6.103 3.967 5.265
232 2 2 5.941 6.069 3.886 5.231
233 2 2 5.837 6.013 3.781 5.174
234 2 2 5.732 5.979 3.676 5.140
235 2 2 5.628 5.922 3.571 5.084
236 2 2 5.547 5.888 3.490 5.050
237 2 2 5.442 5.831 3.385 4.993
238 2 2 5.361 5.797 3.304 4.959
239 2 2 5.256 5.741 3.199 4.902
240 2 2 5.152 5.684 3.094 4.856
241 2 2 5.047 5.627 2.990 4.857
242 2 2 4.966 5.593 2.908 4.857
243 2 2 4.884 5.536 2.827 4.869
244 2 2 4.803 5.480 2.746 4.869
245 2 2 4.721 5.423 2.665 4.869
246 2 2 4.617 5.366 2.560 4.869
247 2 2 4.535 5.298 2.479 4.870
248 2 2 4.477 5.263 2.421 4.870
249 2 2 4.418 5.206 2.363 4.870
250 2 2 4.383 5.172 2.328 4.870
251 2 2 4.302 5.138 2.246 4.870
252 2 2 4.221 5.104 2.165 4.871
253 2 2 4.139 5.047 2.084 4.882
255 2 2 4.185 5.047 2.026 4.883
256 2 2 4.185 5.047 2.026 4.883
257 2 2 4.174 5.047 2.014 4.883
259 2 2 4.220 5.047 1.944 4.883
260 2 2 4.289 5.012 1.793 4.872
261 2 2 4.347 5.012 1.723 4.884
262 2 2 4.347 5.012 1.723 4.884
263 2 2 4.463 5.000 1.584 4.873
264 2 2 4.533 5.000 1.502 4.884
265 2 2 4.533 5.000 1.502 4.884
266 2 2 4.533 5.000 1.502 4.884
267 2 2 4.533 5.000 1.502 4.884
268 2 2 4.533 5.000 1.502 4.884
270 2 2 4.602 5.000 1.409 4.885
271 2 2 4.602 5.000 1.409 4.885
272 2 2 4.591 5.000 1.398 4.885
273 2 2 4.602 5.000 1.409 4.885
274 2 2 4.602 5.000 1.409 4.885
275 2 2 4.602 5.000 1.409 4.885
276 2 2 4.602 5.000 1.409 4.885
278 2 2 4.672 5.000 1.316 4.885
279 2 2 4.672 5.000 1.316 4.885
280 2 2 4.672 5.000 1.316 4.885
281 2 2 4.672 5.000 1.316 4.885
282 2 2 4.672 5.000 1.316 4.885
283 2 2 4.672 5.000 1.316 4.885
284 2 2 4.672 5.000 1.316 4.885
285 2 2 4.672 5.000 1.316 4.885
286 2 2 4.672 5.000 1.316 4.885
287 2 2 4.672 5.000 1.316 4.885
288 2 2 4.672 5.000 1.316 4.885
289 2 2 4.672 5.000 1.316 4.885
291 2 2 4.753 4.999 1.223 4.885
292 2 2 4.718 5.022 1.188 4.897
293 2 2 4.649 5.046 1.119 4.920
295 2 2 4.730 5.045 1.014 4.909
296 2 2 4.695 5.057 0.979 4.921
298 2 2 4.788 5.056 0.874 4.909
299 2 2 4.776 5.068 0.863 4.921
300 2 2 4.776 5.079 0.863 4.932
302 2 2 4.869 5.079 0.758 4.921
303 2 2 4.846 5.102 0.735 4.944
304 2 2 4.823 5.125 0.712 4.967
306 2 2 4.916 5.125 0.595 4.956
307 2 2 4.916 5.136 0.595 4.968
308 2 2 4.916 5.136 0.595 4.968
