0 0 2 2.378 9.351 0.373 8.133
1 0 2 2.436 9.385 0.338 8.110
2 0 2 2.471 9.397 0.373 8.121
3 0 2 2.529 9.385 0.431 8.109
4 0 2 2.587 9.396 0.490 8.120
5 0 2 2.646 9.407 0.548 8.132
6 0 2 2.727 9.418 0.630 8.143
7 0 2 2.809 9.429 0.712 8.154
8 0 2 2.890 9.440 0.794 8.165
9 0 2 2.949 9.451 0.852 8.176
10 0 2 3.030 9.462 0.934 8.187
11 0 2 3.088 9.451 0.992 8.176
12 0 2 3.170 9.484 1.074 8.210
13 0 2 3.228 9.473 1.132 8.198
14 0 2 3.309 9.484 1.214 8.209
15 0 2 3.368 9.495 1.273 8.220
16 0 2 3.449 9.506 1.354 8.231
17 0 2 3.530 9.494 1.436 8.219
18 0 2 3.612 9.505 1.518 8.231
19 0 2 3.670 9.516 1.576 8.242
20 0 2 3.775 9.527 1.681 8.253
21 0 2 3.833 9.515 1.739 8.241
22 0 2 3.937 9.526 1.844 8.252
23 0 2 4.018 9.514 1.926 8.240
24 0 2 4.100 9.548 2.007 8.274
25 0 2 4.181 9.536 2.089 8.262
26 0 2 4.286 9.547 2.194 8.273
27 0 2 4.367 9.558 2.275 8.284
28 0 2 4.472 9.569 2.380 8.295
29 0 2 4.576 9.557 2.485 8.283
30 0 2 4.681 9.590 2.590 8.317
31 0 2 4.785 9.578 2.695 8.305
32 0 2 4.890 9.612 2.800 8.339
33 0 2 4.994 9.600 2.904 8.327
34 0 2 5.098 9.611 3.009 8.338
35 0 2 5.203 9.622 3.114 8.349
36 0 2 5.307 9.632 3.219 8.360
37 0 2 5.411 9.620 3.323 8.348
38 0 2 5.539 9.631 3.451 8.359
39 0 2 5.620 9.619 3.532 8.347
40 0 2 5.747 9.653 3.660 8.381
41 0 2 5.852 9.641 3.765 8.369
42 0 2 5.956 9.651 3.870 8.380
43 0 2 6.060 9.639 3.974 8.368
44 0 2 6.164 9.650 4.079 8.379
45 0 2 6.268 9.638 4.183 8.367
46 0 2 6.396 9.649 4.311 8.378
47 0 2 6.500 9.637 4.415 8.366
48 0 2 6.627 9.625 4.543 8.353
49 0 2 6.731 9.613 4.647 8.342
50 0 2 6.858 9.623 4.775 8.352
51 0 2 6.962 9.611 4.879 8.340
52 0 2 7.089 9.599 5.006 8.328
53 0 2 7.193 9.587 5.111 8.316
54 0 2 7.320 9.598 5.238 8.327
55 0 2 7.447 9.585 5.366 8.315
56 0 2 7.574 9.596 5.493 8.326
57 0 2 7.678 9.584 5.597 8.314
58 0 2 7.805 9.595 5.725 8.325
59 0 2 7.932 9.583 5.852 8.313
60 0 2 8.059 9.593 5.980 8.324
61 0 2 8.163 9.581 6.084 8.312
62 0 2 8.313 9.592 6.234 8.322
63 0 2 8.416 9.580 6.338 8.310
64 0 2 8.543 9.590 6.466 8.321
65 0 2 8.670 9.578 6.593 8.309
66 0 2 8.797 9.589 6.720 8.320
67 0 2 8.900 9.577 6.824 8.308
68 0 2 9.050 9.587 6.974 8.319
69 0 2 9.154 9.575 7.078 8.307
70 0 2 9.304 9.586 7.229 8.317
71 0 2 9.407 9.574 7.332 8.305
72 0 2 9.557 9.562 7.482 8.293
73 0 2 9.683 9.572 7.610 8.304
74 0 2 9.833 9.560 7.760 8.292
75 0 2 9.959 9.548 7.886 8.280
76 0 2 10.109 9.558 8.037 8.291
77 0 2 10.235 9.546 8.163 8.279
78 0 2 10.385 9.557 8.313 8.289
79 0 2 10.511 9.522 8.440 8.254
80 0 2 10.661 9.532 8.590 8.265
81 0 2 10.810 9.520 8.740 8.253
82 0 2 10.959 9.508 8.889 8.241
83 0 2 11.085 9.496 9.016 8.229
84 0 2 11.235 9.506 9.166 8.239
85 0 2 11.361 9.494 9.293 8.227
86 0 2 11.510 9.482 9.442 8.215
87 0 2 11.659 9.469 9.592 8.203
88 0 2 11.808 9.480 9.741 8.214
89 0 2 11.957 9.468 9.891 8.202
90 0 2 12.106 9.455 10.040 8.190
91 0 2 12.255 9.443 10.190 8.177
92 0 2 12.427 9.454 10.362 8.188
93 0 2 12.553 9.441 10.489 8.176
94 0 2 12.725 9.452 10.661 8.187
95 0 2 12.851 9.417 10.787 8.152
96 0 2 13.022 9.427 10.960 8.162
97 0 2 13.148 9.415 11.086 8.150
98 0 2 13.320 9.403 11.258 8.138
99 0 2 13.468 9.391 11.407 8.126
100 0 2 13.617 9.378 11.556 8.114
101 0 2 13.766 9.366 11.705 8.102
102 0 2 13.914 9.354 11.854 8.090
103 0 2 14.063 9.342 12.003 8.078
104 0 2 14.234 9.329 12.175 8.065
105 0 2 14.359 9.317 12.301 8.053
106 0 2 14.531 9.305 12.473 8.041
107 0 2 14.679 9.293 12.622 8.029
108 0 2 14.827 9.280 12.771 8.017
109 0 2 14.976 9.268 12.919 8.005
110 0 2 15.147 9.256 13.091 7.993
111 0 2 15.295 9.244 13.240 7.981
112 0 2 15.466 9.231 13.411 7.969
113 0 2 15.614 9.219 13.560 7.956
114 0 2 15.785 9.207 13.731 7.944
115 0 2 15.933 9.172 13.880 7.910
116 0 2 16.081 9.183 14.028 7.920
117 0 2 16.229 9.148 14.177 7.885
118 0 2 16.400 9.158 14.348 7.896
119 0 2 16.548 9.146 14.496 7.884
120 0 2 16.718 9.134 14.668 7.872
121 0 2 16.866 9.121 14.816 7.860
122 0 2 17.014 9.109 14.964 7.848
123 0 2 17.162 9.097 15.113 7.836
124 0 2 17.332 9.107 15.284 7.846
125 0 2 17.480 9.095 15.432 7.834
126 0 2 17.650 9.083 15.603 7.822
127 0 2 17.798 9.071 15.751 7.810
128 0 2 17.968 9.081 15.922 7.821
129 0 2 18.116 9.069 16.070 7.809
130 0 2 18.286 9.079 16.241 7.819
131 0 2 18.434 9.067 16.389 7.807
132 0 2 18.604 9.078 16.560 7.818
133 0 2 18.751 9.066 16.708 7.806
134 0 2 18.922 9.076 16.878 7.816
135 0 2 19.069 9.064 17.026 7.804
136 0 2 19.216 9.052 17.174 7.792
137 0 2 19.364 9.040 17.322 7.780
138 0 2 19.534 9.050 17.492 7.791
139 0 2 19.681 9.060 17.640 7.802
140 0 2 19.851 9.071 17.811 7.812
141 0 2 19.998 9.059 17.958 7.800
142 0 2 20.168 9.069 18.129 7.811
143 0 2 20.315 9.080 18.276 7.821
144 0 2 20.485 9.090 18.447 7.832
145 0 2 20.632 9.078 18.594 7.820
146 0 2 20.801 9.088 18.764 7.830
147 0 2 20.949 9.099 18.912 7.841
148 0 2 21.118 9.132 19.082 7.874
149 0 2 21.265 9.119 19.230 7.862
150 0 2 21.435 9.152 19.400 7.895
151 0 2 21.582 9.163 19.547 7.906
152 0 2 21.751 9.173 19.717 7.917
153 0 2 21.898 9.184 19.865 7.927
154 0 2 22.068 9.217 20.035 7.960
155 0 2 22.214 9.227 20.182 7.971
156 0 2 22.384 9.260 20.352 8.004
157 0 2 22.530 9.248 20.499 7.992
158 0 2 22.700 9.281 20.669 8.025
159 0 2 22.846 9.291 20.816 8.036
160 0 2 23.015 9.324 20.986 8.069
161 0 2 23.162 9.335 21.133 8.080
162 0 2 23.331 9.368 21.302 8.113
163 0 2 23.478 9.401 21.450 8.146
164 0 2 23.647 9.433 21.619 8.179
165 0 2 23.793 9.444 21.766 8.190
166 0 2 23.962 9.477 21.936 8.223
167 0 2 24.109 9.487 22.082 8.233
168 0 2 24.278 9.543 22.252 8.289
169 0 2 24.424 9.553 22.399 8.300
170 0 2 24.570 9.586 22.546 8.333
171 0 2 24.717 9.619 22.693 8.366
172 0 2 24.885 9.652 22.862 8.399
173 0 2 25.032 9.685 23.009 8.432
174 0 2 25.200 9.717 23.178 8.465
175 0 2 25.347 9.750 23.324 8.498
176 0 2 25.515 9.783 23.494 8.531
177 0 2 25.661 9.816 23.640 8.564
178 0 2 25.830 9.849 23.809 8.597
179 0 2 25.976 9.882 23.956 8.631
180 0 2 26.144 9.914 24.125 8.663
181 0 2 26.290 9.947 24.271 8.697
182 0 2 26.458 9.980 24.440 8.730
183 0 2 26.604 10.013 24.586 8.763
184 0 2 26.773 10.046 24.755 8.796
185 0 2 26.918 10.078 24.902 8.829
186 0 2 27.064 10.111 25.048 8.862
187 0 2 27.210 10.144 25.194 8.895
188 0 2 27.378 10.177 25.363 8.928
189 0 2 27.524 10.210 25.509 8.961
190 0 2 27.692 10.242 25.677 8.993
191 0 2 27.837 10.275 25.823 9.026
192 0 2 28.005 10.308 25.992 9.059
193 0 2 28.151 10.340 26.138 9.092
194 0 2 28.296 10.373 26.284 9.125
195 0 2 28.442 10.383 26.430 9.136
196 0 2 28.609 10.439 26.598 9.191
197 0 2 28.732 10.449 26.721 9.202
198 0 2 28.900 10.482 26.890 9.234
199 0 2 29.045 10.492 27.035 9.245
200 0 2 29.213 10.524 27.203 9.278
201 0 2 29.336 10.557 27.327 9.311
202 0 2 29.503 10.590 27.495 9.343
203 0 2 29.648 10.600 27.640 9.354
204 0 2 29.816 10.633 27.808 9.387
205 0 2 29.960 10.643 27.954 9.397
206 0 2 30.128 10.675 28.121 9.430
207 0 2 30.273 10.686 28.267 9.440
208 0 2 30.440 10.718 28.435 9.473
209 0 2 30.585 10.728 28.580 9.483
210 0 2 30.752 10.761 28.748 9.516
211 0 2 30.897 10.771 28.893 9.526
212 0 2 31.064 10.804 29.060 9.559
213 0 2 31.231 10.814 29.228 9.569
214 0 2 31.397 10.824 29.395 9.580
215 0 2 31.542 10.834 29.540 9.590
216 0 2 31.709 10.866 29.708 9.623
217 0 2 31.853 10.877 29.853 9.633
218 0 2 31.998 10.887 29.998 9.643
219 0 2 32.164 10.897 30.165 9.654
220 0 2 32.309 10.929 30.310 9.686
221 0 2 32.453 10.917 30.454 9.674
222 0 2 32.620 10.950 30.622 9.707
223 0 2 32.764 10.960 30.766 9.717
224 0 2 32.931 10.992 30.933 9.750
225 0 2 33.075 11.002 31.078 9.760
226 0 2 33.241 11.012 31.245 9.770
227 0 2 33.385 11.022 31.390 9.781
228 0 2 33.529 11.055 31.534 9.813
229 0 2 33.674 11.065 31.679 9.824
230 0 2 33.840 11.098 31.846 9.856
231 0 2 33.984 11.108 31.990 9.867
232 0 2 34.128 11.140 32.135 9.899
233 0 2 34.272 11.150 32.279 9.910
234 0 2 34.438 11.183 32.446 9.942
235 0 2 34.582 11.193 32.590 9.953
236 0 2 34.726 11.225 32.735 9.985
237 0 2 34.870 11.235 32.879 9.996
238 0 2 35.014 11.268 33.023 10.028
239 0 2 35.157 11.278 33.167 10.039
240 0 2 35.301 11.311 33.312 10.071
241 0 2 35.445 11.321 33.456 10.081
242 0 2 35.611 11.353 33.622 10.114
243 0 2 35.754 11.363 33.766 10.124
244 0 2 35.920 11.395 33.933 10.157
245 0 2 36.063 11.405 34.077 10.167
246 0 2 36.207 11.438 34.221 10.200
247 0 2 36.350 11.448 34.365 10.210
248 0 2 36.516 11.458 34.530 10.220
249 0 2 36.659 11.468 34.674 10.230
250 0 2 36.803 11.478 34.818 10.240
251 0 2 36.946 11.488 34.962 10.251
252 0 2 37.089 11.498 35.106 10.261
253 0 2 37.232 11.486 35.249 10.249
254 0 2 37.375 11.496 35.393 10.259
255 0 2 37.518 11.484 35.536 10.247
256 0 2 37.662 11.494 35.680 10.257
257 0 2 37.760 11.460 35.812 10.223
258 0 2 37.749 11.471 35.956 10.233
259 0 2 37.749 11.437 36.077 10.199
260 0 2 37.749 11.426 36.231 10.187
261 0 2 37.749 11.393 36.352 10.152
262 0 2 37.738 11.382 36.517 10.140
263 0 2 37.737 11.348 36.649 10.106
264 0 2 37.737 11.315 36.792 10.071
265 0 2 37.726 11.281 36.913 10.037
266 0 2 37.726 11.293 37.068 10.047
268 0 2 37.715 11.315 36.175 10.120
269 0 2 37.737 11.337 36.109 10.076
270 0 2 37.748 11.304 36.252 10.041
271 0 2 37.737 11.248 36.384 9.984
272 0 2 37.737 11.214 36.494 9.950
273 0 2 37.736 11.159 36.615 9.894
274 0 2 37.736 11.125 36.769 9.859
275 0 2 37.724 11.069 36.834 9.803
277 0 2 37.724 10.991 36.944 9.724
278 0 2 37.724 11.014 36.900 9.680
279 0 2 37.724 10.980 36.977 9.646
280 0 2 37.724 10.947 37.042 9.612
281 0 2 37.724 10.958 36.998 9.623
282 0 2 37.724 10.969 36.987 9.635
283 0 2 37.724 10.980 36.977 9.646
284 0 2 37.724 10.969 36.987 9.635
285 0 2 37.724 10.980 36.977 9.646
286 0 2 37.724 10.969 36.987 9.635
287 0 2 37.724 10.980 36.977 9.646
288 0 2 37.724 10.969 36.987 9.635
289 0 2 37.724 10.980 36.977 9.646
290 0 2 37.724 10.969 36.987 9.635
291 0 2 37.724 10.980 36.999 9.646
292 0 2 37.724 10.969 37.010 9.634
293 0 2 37.724 10.980 36.999 9.646
294 0 2 37.724 10.969 37.010 9.634
295 0 2 37.724 10.980 36.999 9.646
296 0 2 37.724 10.969 37.010 9.634
297 0 2 37.724 10.980 36.999 9.646
0 1 2 10.580 27.816 9.692 26.033
1 1 2 10.649 27.872 9.736 25.872
2 1 2 10.649 27.792 9.736 25.861
3 1 2 10.636 27.701 9.735 25.758
4 1 2 10.625 27.656 9.769 25.598
5 1 2 10.636 27.701 9.734 25.530
6 1 2 10.646 27.416 9.767 25.461
7 1 2 10.680 27.370 9.755 25.393
8 1 2 10.691 27.415 9.709 25.337
9 1 2 10.690 27.244 9.788 25.210
10 1 2 10.702 27.290 9.753 25.142
11 1 2 10.723 27.005 9.833 25.038
12 1 2 10.837 26.980 9.844 25.015
13 1 2 10.861 27.025 9.809 24.959
14 1 2 10.722 26.891 9.762 24.834
15 1 2 10.745 26.936 9.727 24.767
16 1 2 10.684 26.481 9.762 24.766
17 1 2 10.696 26.515 9.715 24.710
18 1 2 10.638 26.494 9.794 24.492
19 1 2 10.650 26.539 9.759 24.435
20 1 2 10.661 26.448 9.770 24.344
21 1 2 10.648 26.357 9.758 24.253
22 1 2 10.682 26.265 9.791 24.161
23 1 2 10.772 26.024 9.836 24.046
24 1 2 10.795 26.069 9.801 23.990
25 1 2 10.806 25.978 9.812 23.899
26 1 2 10.794 25.887 9.800 23.808
27 1 2 10.805 25.795 9.811 23.716
28 1 2 10.755 25.306 9.834 23.750
29 1 2 10.813 25.374 9.855 23.465
30 1 2 10.800 25.226 9.878 23.453
31 1 2 10.811 25.135 9.876 23.259
32 1 2 10.821 24.986 9.852 23.157
33 1 2 10.866 24.883 9.898 23.156
34 1 2 10.866 24.837 9.897 23.076
35 1 2 10.842 24.735 9.874 22.974
36 1 2 10.922 24.643 9.861 22.780
37 1 2 10.945 24.688 9.826 22.724
38 1 2 10.944 24.574 9.825 22.610
39 1 2 10.931 24.346 9.904 22.415
40 1 2 10.895 24.256 9.880 22.312
41 1 2 10.919 24.301 9.845 22.256
42 1 2 10.918 24.198 9.844 22.153
43 1 2 10.917 24.073 9.843 22.028
44 1 2 10.938 23.856 9.933 21.776
45 1 2 10.961 23.901 9.898 21.708
46 1 2 10.972 23.799 9.908 21.605
47 1 2 10.983 23.696 9.919 21.502
48 1 2 10.970 23.571 9.907 21.377
49 1 2 10.981 23.445 9.917 21.251
50 1 2 10.991 23.320 9.928 21.126
51 1 2 11.002 23.194 9.938 21.000
52 1 2 10.989 23.069 9.925 20.875
53 1 2 11.000 22.967 9.936 20.772
54 1 2 10.846 22.365 9.948 20.840
55 1 2 10.926 22.410 9.934 20.476
56 1 2 10.867 22.137 9.992 20.543
57 1 2 10.902 22.273 9.932 20.327
58 1 2 10.926 22.318 9.898 20.271
59 1 2 10.948 22.193 9.920 20.145
60 1 2 10.958 22.022 10.033 19.927
61 1 2 10.956 21.874 10.043 19.813
62 1 2 10.933 21.817 10.054 19.721
63 1 2 11.000 21.645 10.065 19.596
64 1 2 10.940 21.259 10.134 19.618
65 1 2 11.054 21.200 10.107 19.219
66 1 2 11.065 21.109 10.130 19.162
67 1 2 11.075 20.960 10.118 19.071
68 1 2 11.131 20.766 10.162 18.876
69 1 2 11.118 20.584 10.232 18.978
70 1 2 11.245 20.662 10.127 18.751
71 1 2 11.198 20.583 10.229 18.590
72 1 2 11.220 20.468 10.274 18.441
73 1 2 11.254 20.308 10.227 18.362
74 1 2 11.276 20.263 10.318 18.304
75 1 2 11.300 20.308 10.283 18.247
76 1 2 11.242 20.309 10.374 18.030
77 1 2 11.254 20.365 10.339 17.962
78 1 2 11.265 20.251 10.349 17.848
79 1 2 11.298 20.137 10.383 17.733
80 1 2 11.331 20.000 10.416 17.596
81 1 2 11.365 19.885 10.450 17.481
82 1 2 11.486 19.269 10.518 17.378
83 1 2 11.486 19.212 10.540 17.287
84 1 2 11.586 18.812 10.654 17.160
85 1 2 11.609 18.845 10.619 17.103
86 1 2 11.642 18.743 10.653 17.000
87 1 2 11.629 18.435 10.697 16.852
88 1 2 11.719 18.286 10.753 16.668
89 1 2 11.731 18.331 10.683 16.521
90 1 2 11.683 18.093 10.786 16.497
91 1 2 11.832 18.057 10.796 16.246
92 1 2 11.739 17.864 10.911 16.279
93 1 2 11.899 17.874 10.920 16.017
94 1 2 11.920 17.669 10.932 16.108
95 1 2 11.967 17.759 10.942 15.891
96 1 2 12.045 17.416 11.069 15.936
97 1 2 12.043 17.280 11.137 15.832
98 1 2 12.146 17.210 11.182 15.706
99 1 2 12.202 17.084 11.250 15.637
100 1 2 12.363 17.094 11.282 15.307
101 1 2 12.419 16.934 11.349 15.158
102 1 2 12.475 16.762 11.430 15.157
103 1 2 12.543 16.716 11.475 15.111
104 1 2 12.587 16.420 11.474 15.008
105 1 2 12.621 16.442 11.381 14.816
106 1 2 12.539 16.204 11.496 14.826
107 1 2 12.677 16.305 11.460 14.621
108 1 2 12.709 15.963 11.678 14.619
109 1 2 12.789 15.939 11.734 14.447
110 1 2 12.834 15.825 11.711 14.414
111 1 2 12.915 15.938 11.640 14.198
112 1 2 12.993 15.732 11.790 14.265
113 1 2 13.061 15.652 11.926 14.161
114 1 2 13.174 15.480 11.914 14.024
115 1 2 13.345 15.421 12.051 13.943
116 1 2 13.470 15.284 12.130 13.851
117 1 2 13.493 15.317 12.084 13.806
118 1 2 13.560 15.044 12.175 13.749
119 1 2 13.605 14.975 12.163 13.703
120 1 2 13.639 14.998 12.117 13.658
121 1 2 13.707 14.929 12.185 13.589
122 1 2 13.831 14.666 12.516 13.427
123 1 2 13.990 14.516 12.665 13.334
124 1 2 14.104 14.458 12.721 13.277
125 1 2 14.138 14.481 12.675 13.232
126 1 2 14.444 14.194 12.949 13.093
127 1 2 14.501 14.159 12.937 13.070
128 1 2 14.536 14.181 12.891 13.036
129 1 2 14.638 14.112 12.994 12.967
130 1 2 14.602 13.908 13.290 12.805
131 1 2 14.625 13.931 13.244 12.772
132 1 2 14.931 13.712 13.472 12.713
133 1 2 15.193 13.562 13.575 12.678
134 1 2 15.330 13.572 13.701 12.654
135 1 2 15.295 13.515 13.769 12.574
136 1 2 15.317 13.424 13.848 12.539
137 1 2 15.419 13.367 14.042 12.458
138 1 2 15.464 13.332 14.076 12.389
139 1 2 15.738 13.284 14.338 12.308
140 1 2 15.873 13.124 14.406 12.239
141 1 2 16.089 13.111 14.611 12.169
142 1 2 16.124 13.133 14.565 12.135
143 1 2 16.237 13.075 14.679 12.077
144 1 2 16.351 13.018 14.792 12.020
145 1 2 16.441 12.960 14.883 11.962
146 1 2 16.486 12.846 14.883 11.962
147 1 2 16.520 12.857 14.826 11.917
148 1 2 16.622 12.811 14.928 11.871
149 1 2 16.747 12.765 15.053 11.825
150 1 2 16.849 12.696 15.155 11.756
151 1 2 16.974 12.672 15.281 11.732
152 1 2 17.076 12.603 15.383 11.663
153 1 2 17.201 12.579 15.508 11.639
154 1 2 17.302 12.510 15.610 11.570
155 1 2 17.427 12.487 15.735 11.547
156 1 2 17.529 12.418 15.837 11.478
157 1 2 17.654 12.394 15.962 11.454
158 1 2 17.756 12.325 16.064 11.385
159 1 2 17.880 12.302 16.189 11.362
160 1 2 17.982 12.255 16.292 11.316
161 1 2 18.107 12.209 16.416 11.269
162 1 2 18.209 12.163 16.519 11.223
163 1 2 18.333 12.139 16.644 11.199
164 1 2 18.458 12.116 16.769 11.176
165 1 2 18.582 12.069 16.893 11.130
166 1 2 18.684 12.046 16.996 11.106
167 1 2 18.809 12.022 17.120 11.083
168 1 2 18.933 11.976 17.245 11.036
169 1 2 19.058 11.952 17.370 11.013
170 1 2 19.160 11.929 17.472 10.989
171 1 2 19.284 11.883 17.597 10.943
172 1 2 19.386 11.859 17.699 10.920
173 1 2 19.510 11.858 17.824 10.919
174 1 2 19.635 11.834 17.949 10.895
175 1 2 19.759 11.788 18.073 10.849
176 1 2 19.861 11.765 18.175 10.826
177 1 2 20.008 11.764 18.323 10.825
178 1 2 20.110 11.740 18.425 10.801
179 1 2 20.234 11.694 18.549 10.755
180 1 2 20.358 11.670 18.674 10.732
181 1 2 20.482 11.670 18.799 10.731
182 1 2 20.584 11.669 18.901 10.730
183 1 2 20.708 11.645 19.025 10.707
184 1 2 20.833 11.622 19.150 10.683
185 1 2 20.957 11.621 19.274 10.682
186 1 2 21.059 11.620 19.376 10.681
187 1 2 21.205 11.596 19.524 10.658
188 1 2 21.307 11.573 19.625 10.634
189 1 2 21.431 11.594 19.750 10.656
190 1 2 21.555 11.571 19.874 10.633
191 1 2 21.680 11.570 19.999 10.632
192 1 2 21.804 11.569 20.124 10.631
193 1 2 21.928 11.568 20.248 10.630
194 1 2 22.029 11.567 20.350 10.630
195 1 2 22.176 11.566 20.497 10.629
196 1 2 22.278 11.565 20.599 10.628
197 1 2 22.402 11.565 20.723 10.627
198 1 2 22.526 11.564 20.847 10.626
199 1 2 22.650 11.563 20.972 10.625
200 1 2 22.751 11.562 21.073 10.625
201 1 2 22.898 11.561 21.220 10.624
202 1 2 22.999 11.560 21.322 10.623
203 1 2 23.145 11.559 21.469 10.622
204 1 2 23.247 11.558 21.571 10.621
205 1 2 23.393 11.557 21.717 10.620
206 1 2 23.494 11.556 21.819 10.620
207 1 2 23.641 11.555 21.966 10.619
208 1 2 23.742 11.577 22.067 10.641
209 1 2 23.866 11.553 22.191 10.617
210 1 2 23.990 11.575 22.315 10.639
211 1 2 24.113 11.574 22.440 10.638
212 1 2 24.237 11.573 22.564 10.637
213 1 2 24.361 11.572 22.688 10.636
214 1 2 24.462 11.594 22.789 10.658
215 1 2 24.608 11.616 22.936 10.680
216 1 2 24.710 11.615 23.037 10.679
217 1 2 24.856 11.614 23.184 10.678
218 1 2 24.957 11.635 23.285 10.700
219 1 2 25.080 11.657 23.409 10.722
220 1 2 25.204 11.656 23.533 10.721
221 1 2 25.327 11.655 23.657 10.720
222 1 2 25.451 11.654 23.781 10.719
223 1 2 25.574 11.676 23.905 10.741
224 1 2 25.676 11.698 24.006 10.763
225 1 2 25.821 11.674 24.152 10.739
226 1 2 25.923 11.718 24.254 10.784
227 1 2 26.068 11.717 24.400 10.783
228 1 2 26.169 11.716 24.501 10.782
229 1 2 26.315 11.738 24.647 10.803
230 1 2 26.416 11.714 24.748 10.780
231 1 2 26.562 11.758 24.894 10.824
232 1 2 26.662 11.757 24.995 10.823
233 1 2 26.808 11.779 25.142 10.845
234 1 2 26.909 11.756 25.242 10.822
235 1 2 27.032 11.777 25.366 10.843
236 1 2 27.155 11.776 25.490 10.843
237 1 2 27.278 11.798 25.613 10.864
238 1 2 27.379 11.819 25.714 10.886
239 1 2 27.502 11.818 25.838 10.885
240 1 2 27.625 11.818 25.961 10.884
241 1 2 27.749 11.839 26.085 10.906
242 1 2 27.849 11.861 26.186 10.928
243 1 2 27.995 11.860 26.331 10.927
244 1 2 28.095 11.859 26.432 10.926
245 1 2 28.218 11.880 26.555 10.948
246 1 2 28.319 11.902 26.656 10.969
247 1 2 28.442 11.901 26.780 10.969
248 1 2 28.565 11.900 26.903 10.968
249 1 2 28.688 11.922 27.026 10.989
250 1 2 28.788 11.943 27.127 11.011
251 1 2 28.911 11.942 27.250 11.010
252 1 2 29.012 11.964 27.351 11.032
253 1 2 29.134 11.986 27.474 11.054
254 1 2 29.235 11.985 27.575 11.053
255 1 2 29.715 12.060 27.732 11.119
256 1 2 29.760 12.082 27.676 11.086
257 1 2 29.871 12.103 27.788 11.108
258 1 2 29.960 12.102 27.877 11.107
259 1 2 30.072 12.124 27.989 11.129
260 1 2 30.205 12.123 28.123 11.128
261 1 2 30.317 12.144 28.235 11.149
262 1 2 30.440 12.166 28.370 11.261
263 1 2 30.484 12.188 28.303 11.228
264 1 2 30.596 12.198 28.414 11.238
265 1 2 30.707 12.209 28.526 11.248
266 1 2 30.819 12.241 28.638 11.281
268 1 2 31.041 12.262 28.862 11.302
269 1 2 31.152 12.272 28.973 11.313
270 1 2 31.264 12.305 29.085 11.345
271 1 2 31.353 12.316 29.174 11.356
272 1 2 31.464 12.326 29.286 11.366
273 1 2 31.575 12.336 29.398 11.377
274 1 2 31.687 12.369 29.509 11.410
275 1 2 31.798 12.379 29.621 11.420
277 1 2 31.998 12.400 29.822 11.441
278 1 2 32.109 12.433 29.933 11.474
279 1 2 32.220 12.443 30.045 11.484
280 1 2 32.309 12.453 30.134 11.495
281 1 2 32.420 12.464 30.245 11.505
282 1 2 32.531 12.496 30.357 11.538
283 1 2 32.642 12.507 30.468 11.548
284 1 2 32.731 12.539 30.558 11.581
285 1 2 32.842 12.550 30.669 11.592
286 1 2 32.953 12.582 30.781 11.625
287 1 2 33.064 12.593 30.892 11.635
288 1 2 33.153 12.626 30.981 11.668
289 1 2 33.264 12.636 31.092 11.678
290 1 2 33.375 12.668 31.204 11.711
291 1 2 33.464 12.701 31.293 11.744
292 1 2 33.575 12.734 31.404 11.777
293 1 2 33.686 12.744 31.516 11.787
294 1 2 33.775 12.777 31.605 11.820
295 1 2 33.886 12.810 31.716 11.853
296 1 2 33.997 12.842 31.827 11.886
297 1 2 34.085 12.853 31.916 11.896
267 1 2 30.930 12.252 28.750 11.292
276 1 2 31.887 12.390 29.710 11.431
0 2 2 31.263 9.142 29.396 8.187
1 2 2 31.318 9.175 29.362 8.175
2 2 2 31.285 9.176 29.329 8.176
3 2 2 31.252 9.198 29.296 8.198
4 2 2 31.196 9.221 29.240 8.221
5 2 2 31.163 9.221 29.207 8.221
6 2 2 31.130 9.244 29.173 8.244
7 2 2 31.097 9.266 29.140 8.266
8 2 2 31.041 9.289 29.084 8.289
9 2 2 30.986 9.290 29.029 8.289
10 2 2 30.930 9.312 28.973 8.312
11 2 2 30.897 9.312 28.939 8.312
12 2 2 30.819 9.335 28.861 8.335
13 2 2 30.786 9.358 28.828 8.358
14 2 2 30.730 9.358 28.772 8.358
15 2 2 30.675 9.381 28.717 8.381
16 2 2 30.597 9.404 28.639 8.404
17 2 2 30.564 9.427 28.605 8.426
18 2 2 30.486 9.427 28.527 8.427
19 2 2 30.430 9.450 28.472 8.450
20 2 2 30.353 9.473 28.394 8.472
21 2 2 30.297 9.473 28.338 8.473
22 2 2 30.219 9.496 28.260 8.496
23 2 2 30.164 9.496 28.204 8.496
24 2 2 30.086 9.519 28.126 8.519
25 2 2 30.008 9.542 28.048 8.542
26 2 2 29.930 9.543 27.969 8.542
27 2 2 29.874 9.565 27.914 8.565
28 2 2 29.796 9.566 27.836 8.565
29 2 2 29.741 9.589 27.780 8.588
30 2 2 29.663 9.589 27.702 8.589
31 2 2 29.607 9.612 27.646 8.611
32 2 2 29.529 9.612 27.568 8.612
33 2 2 29.451 9.635 27.489 8.635
34 2 2 29.373 9.636 27.411 8.635
35 2 2 29.318 9.659 27.355 8.658
36 2 2 29.217 9.659 27.255 8.658
37 2 2 29.162 9.660 27.199 8.659
38 2 2 29.061 9.683 27.098 8.682
39 2 2 29.006 9.683 27.042 8.682
40 2 2 28.905 9.706 26.942 8.705
41 2 2 28.827 9.707 26.863 8.705
42 2 2 28.727 9.707 26.762 8.706
43 2 2 28.649 9.730 26.684 8.729
44 2 2 28.548 9.731 26.583 8.729
45 2 2 28.470 9.754 26.505 8.752
46 2 2 28.370 9.754 26.404 8.753
47 2 2 28.292 9.755 26.326 8.753
48 2 2 28.191 9.778 26.225 8.776
49 2 2 28.113 9.778 26.147 8.777
50 2 2 28.012 9.779 26.046 8.777
51 2 2 27.934 9.780 25.967 8.778
52 2 2 27.834 9.780 25.866 8.778
53 2 2 27.755 9.781 25.788 8.779
54 2 2 27.655 9.804 25.687 8.802
55 2 2 27.577 9.804 25.609 8.802
56 2 2 27.476 9.805 25.508 8.803
57 2 2 27.398 9.805 25.429 8.803
58 2 2 27.275 9.806 25.306 8.804
59 2 2 27.196 9.807 25.227 8.804
60 2 2 27.096 9.830 25.126 8.827
61 2 2 26.995 9.830 25.025 8.828
62 2 2 26.894 9.831 24.924 8.828
63 2 2 26.793 9.832 24.823 8.829
64 2 2 26.693 9.832 24.722 8.830
65 2 2 26.614 9.855 24.643 8.852
66 2 2 26.491 9.856 24.520 8.853
67 2 2 26.390 9.857 24.419 8.854
68 2 2 26.289 9.857 24.317 8.854
69 2 2 26.211 9.858 24.239 8.855
70 2 2 26.088 9.858 24.115 8.855
71 2 2 26.009 9.881 24.036 8.878
72 2 2 25.886 9.882 23.913 8.879
73 2 2 25.808 9.883 23.834 8.879
74 2 2 25.684 9.884 23.710 8.880
75 2 2 25.606 9.884 23.631 8.881
76 2 2 25.482 9.885 23.508 8.881
77 2 2 25.381 9.885 23.406 8.882
78 2 2 25.280 9.886 23.305 8.882
79 2 2 25.179 9.909 23.204 8.905
80 2 2 25.056 9.910 23.080 8.906
81 2 2 24.955 9.911 22.978 8.907
82 2 2 24.854 9.911 22.877 8.907
83 2 2 24.753 9.912 22.776 8.908
84 2 2 24.629 9.913 22.652 8.908
85 2 2 24.528 9.913 22.550 8.909
86 2 2 24.427 9.914 22.449 8.910
87 2 2 24.326 9.915 22.347 8.910
88 2 2 24.202 9.938 22.223 8.933
89 2 2 24.101 9.938 22.122 8.934
90 2 2 23.977 9.939 21.998 8.935
91 2 2 23.898 9.940 21.919 8.935
92 2 2 23.775 9.941 21.794 8.936
93 2 2 23.674 9.964 21.693 8.959
94 2 2 23.550 9.965 21.569 8.960
95 2 2 23.448 9.965 21.467 8.960
96 2 2 23.325 9.966 21.343 8.961
97 2 2 23.223 9.967 21.241 8.961
98 2 2 23.099 9.967 21.117 8.962
99 2 2 22.998 9.968 21.015 8.963
100 2 2 22.874 9.969 20.891 8.963
101 2 2 22.773 9.992 20.789 8.986
102 2 2 22.649 9.993 20.665 8.987
103 2 2 22.547 9.993 20.563 8.988
104 2 2 22.423 9.994 20.439 8.988
105 2 2 22.322 9.995 20.337 8.989
106 2 2 22.198 10.018 20.213 9.012
107 2 2 22.096 10.019 20.111 9.013
108 2 2 21.972 10.020 19.986 9.013
109 2 2 21.871 10.020 19.884 9.014
110 2 2 21.746 10.021 19.760 9.015
111 2 2 21.645 10.044 19.658 9.038
112 2 2 21.521 10.045 19.533 9.039
113 2 2 21.397 10.046 19.409 9.039
114 2 2 21.273 10.069 19.284 9.063
115 2 2 21.171 10.070 19.182 9.063
116 2 2 21.047 10.071 19.058 9.064
117 2 2 20.945 10.094 18.956 9.087
118 2 2 20.821 10.095 18.831 9.088
119 2 2 20.719 10.095 18.729 9.088
120 2 2 20.595 10.119 18.604 9.112
121 2 2 20.493 10.119 18.502 9.112
122 2 2 20.369 10.143 18.378 9.136
123 2 2 20.244 10.166 18.253 9.159
124 2 2 20.120 10.167 18.128 9.160
125 2 2 20.018 10.190 18.026 9.183
126 2 2 19.894 10.214 17.901 9.206
127 2 2 19.769 10.237 17.776 9.230
128 2 2 19.645 10.261 17.652 9.253
129 2 2 19.543 10.261 17.549 9.254
130 2 2 19.396 10.285 17.402 9.277
131 2 2 19.294 10.308 17.300 9.300
132 2 2 19.170 10.332 17.175 9.324
133 2 2 19.068 10.355 17.073 9.347
134 2 2 18.943 10.379 16.948 9.371
135 2 2 18.819 10.402 16.823 9.394
136 2 2 18.694 10.426 16.698 9.417
137 2 2 18.592 10.472 16.596 9.463
138 2 2 18.468 10.495 16.471 9.487
139 2 2 18.366 10.541 16.368 9.533
140 2 2 18.241 10.565 16.243 9.556
141 2 2 18.117 10.611 16.118 9.602
142 2 2 17.992 10.657 15.994 9.649
143 2 2 17.890 10.680 15.891 9.672
144 2 2 17.766 10.727 15.766 9.718
145 2 2 17.664 10.773 15.664 9.764
146 2 2 17.539 10.796 15.539 9.788
147 2 2 17.414 10.842 15.414 9.834
148 2 2 17.290 10.889 15.289 9.880
149 2 2 17.188 10.935 15.186 9.926
150 2 2 17.063 10.981 15.061 9.972
151 2 2 16.961 11.050 14.959 10.041
152 2 2 16.836 11.096 14.834 10.087
153 2 2 16.734 11.142 14.731 10.134
154 2 2 16.609 11.188 14.606 10.180
155 2 2 16.530 11.257 14.527 10.249
156 2 2 16.405 11.303 14.402 10.295
157 2 2 16.303 11.372 14.299 10.364
158 2 2 16.179 11.441 14.174 10.433
159 2 2 16.100 11.510 14.095 10.501
160 2 2 15.975 11.556 13.969 10.548
161 2 2 15.895 11.625 13.890 10.617
162 2 2 15.771 11.694 13.765 10.686
163 2 2 15.691 11.763 13.685 10.754
164 2 2 15.566 11.832 13.560 10.824
165 2 2 15.487 11.901 13.481 10.892
166 2 2 15.362 11.970 13.355 10.962
167 2 2 15.283 12.039 13.276 11.030
168 2 2 15.181 12.130 13.173 11.122
169 2 2 15.079 12.199 13.071 11.191
170 2 2 14.977 12.268 12.969 11.260
171 2 2 14.898 12.360 12.889 11.352
172 2 2 14.796 12.429 12.787 11.421
173 2 2 14.694 12.521 12.684 11.513
174 2 2 14.591 12.590 12.582 11.582
175 2 2 14.512 12.681 12.502 11.673
176 2 2 14.410 12.773 12.400 11.765
177 2 2 14.331 12.842 12.320 11.834
178 2 2 14.251 12.934 12.241 11.926
179 2 2 14.172 13.025 12.161 12.018
180 2 2 14.070 13.117 12.059 12.110
181 2 2 13.991 13.209 11.979 12.201
182 2 2 13.912 13.300 11.900 12.293
183 2 2 13.560 13.599 12.313 12.370
184 2 2 13.583 13.622 12.267 12.324
185 2 2 13.503 13.714 12.187 12.416
186 2 2 13.424 13.805 12.108 12.508
187 2 2 13.367 13.897 12.051 12.599
188 2 2 13.265 13.989 11.949 12.691
189 2 2 13.209 14.103 11.893 12.806
190 2 2 12.924 14.265 11.665 13.013
191 2 2 12.777 14.471 11.585 13.093
192 2 2 12.800 14.505 11.539 13.048
193 2 2 12.721 14.654 11.529 13.230
194 2 2 12.642 14.735 11.644 13.264
195 2 2 12.573 14.804 11.554 13.447
196 2 2 12.529 14.975 11.509 13.607
197 2 2 12.588 15.213 11.338 13.756
198 2 2 12.600 15.270 11.442 13.778
199 2 2 12.464 15.385 11.270 13.894
200 2 2 12.361 15.466 11.259 13.962
201 2 2 12.236 15.581 11.249 14.088
202 2 2 12.134 15.719 11.135 14.237
203 2 2 12.043 15.788 11.113 14.283
204 2 2 12.009 15.902 11.193 14.316
205 2 2 11.896 16.120 11.023 14.580
206 2 2 11.909 16.200 11.001 14.626
207 2 2 11.805 16.201 10.922 14.820
208 2 2 11.817 16.235 10.887 14.775
209 2 2 11.751 16.532 10.901 15.060
210 2 2 11.729 16.646 10.822 15.197
211 2 2 11.672 16.692 10.833 15.174
212 2 2 11.638 16.795 10.754 15.323
213 2 2 11.616 16.841 10.743 15.369
214 2 2 11.687 17.170 10.744 15.540
215 2 2 11.607 17.240 10.710 15.643
216 2 2 11.494 17.355 10.665 15.712
217 2 2 11.505 17.389 10.630 15.655
218 2 2 11.485 17.754 10.633 16.031
219 2 2 11.497 17.788 10.598 15.975
220 2 2 11.475 17.913 10.576 16.101
221 2 2 11.430 18.016 10.531 16.204
222 2 2 11.385 18.142 10.486 16.330
223 2 2 11.363 18.268 10.464 16.455
224 2 2 11.364 18.393 10.465 16.581
225 2 2 11.319 18.519 10.420 16.707
226 2 2 11.297 18.645 10.398 16.832
227 2 2 11.252 18.748 10.353 16.935
228 2 2 11.231 18.896 10.331 17.084
229 2 2 11.231 18.999 10.332 17.186
230 2 2 11.210 19.124 10.310 17.312
231 2 2 11.004 19.252 10.196 17.439
232 2 2 11.016 19.298 10.161 17.382
233 2 2 10.994 19.423 10.139 17.508
234 2 2 10.972 19.549 10.117 17.634
235 2 2 10.973 19.674 10.119 17.759
236 2 2 10.951 19.800 10.097 17.885
237 2 2 10.929 19.903 10.074 17.988
238 2 2 10.930 20.051 10.076 18.136
239 2 2 10.908 20.154 10.053 18.239
240 2 2 10.909 20.302 10.055 18.387
241 2 2 10.887 20.405 10.032 18.490
242 2 2 10.888 20.530 10.034 18.616
243 2 2 10.970 20.711 10.049 19.163
244 2 2 10.948 20.871 10.084 19.219
245 2 2 10.939 21.145 10.049 19.140
246 2 2 10.858 21.123 10.086 19.436
247 2 2 10.930 21.396 10.063 19.402
248 2 2 10.885 21.613 10.042 19.619
249 2 2 10.886 21.715 9.951 19.780
250 2 2 10.898 21.783 9.906 19.906
251 2 2 10.887 21.806 9.943 20.156
252 2 2 10.935 22.125 9.943 20.179
253 2 2 10.902 22.205 9.943 20.247
254 2 2 10.879 22.183 10.015 20.589
255 2 2 10.973 22.500 10.014 20.497
256 2 2 10.903 22.342 10.028 20.748
257 2 2 10.915 22.398 10.017 20.862
258 2 2 10.892 22.387 10.018 20.976
259 2 2 10.928 22.672 10.031 21.124
260 2 2 10.940 22.706 9.996 21.079
261 2 2 10.941 22.820 9.997 21.193
262 2 2 10.979 23.195 10.046 21.580
263 2 2 11.016 23.559 10.024 21.626
264 2 2 11.039 23.604 9.989 21.570
265 2 2 11.040 23.718 9.990 21.684
266 2 2 11.064 23.831 10.014 21.797
268 2 2 11.089 24.104 10.039 22.070
269 2 2 11.090 24.218 10.040 22.184
270 2 2 11.114 24.332 10.064 22.298
271 2 2 11.115 24.468 10.065 22.435
272 2 2 11.240 24.250 10.344 22.886
273 2 2 11.228 24.250 10.310 22.932
274 2 2 11.195 24.444 10.254 23.093
275 2 2 11.219 24.478 10.219 23.048
277 2 2 11.336 24.772 10.256 23.287
278 2 2 11.361 25.011 10.268 23.423
279 2 2 11.408 25.158 10.327 23.605
280 2 2 11.386 25.295 10.386 23.786
281 2 2 11.318 25.364 10.363 23.809
282 2 2 11.344 25.751 10.306 23.856
283 2 2 11.366 25.671 10.423 24.105
284 2 2 11.425 25.863 10.433 23.956
285 2 2 11.448 25.909 10.399 23.900
286 2 2 11.437 25.977 10.530 24.479
287 2 2 11.531 26.157 10.508 24.673
288 2 2 11.509 26.272 10.566 24.717
289 2 2 11.532 26.305 10.531 24.672
290 2 2 11.501 26.716 10.600 24.705
291 2 2 11.513 26.761 10.566 24.649
292 2 2 11.548 26.829 10.662 25.217
293 2 2 11.631 27.192 10.707 25.102
294 2 2 11.689 27.270 10.696 25.159
295 2 2 11.757 27.223 10.745 25.523
296 2 2 11.780 27.257 10.710 25.467
297 2 2 11.804 27.370 10.734 25.580
267 2 2 11.065 23.968 10.015 21.934
276 2 2 11.313 24.738 10.290 23.332
