0 1 2 35.492 8.253 33.555 7.492
1 1 2 35.541 8.278 33.518 7.479
2 1 2 35.381 8.313 33.886 7.582
3 1 2 35.417 8.326 33.837 7.557
4 1 2 35.356 8.313 33.776 7.544
5 1 2 35.319 8.300 33.739 7.531
6 1 2 35.147 8.335 33.160 7.562
7 1 2 35.196 8.348 33.099 7.524
8 1 2 35.135 8.348 33.038 7.523
9 1 2 35.073 8.347 32.976 7.523
10 1 2 34.962 8.346 33.358 7.502
11 1 2 34.999 8.359 33.309 7.465
12 1 2 34.950 8.358 33.260 7.464
13 1 2 34.877 8.333 33.186 7.439
14 1 2 34.779 8.282 33.272 7.464
15 1 2 34.815 8.295 33.223 7.427
16 1 2 34.742 8.294 33.149 7.426
17 1 2 34.668 8.269 33.076 7.400
18 1 2 34.619 8.268 33.026 7.400
19 1 2 34.545 8.243 32.953 7.374
20 1 2 34.447 8.242 32.854 7.373
21 1 2 34.373 8.216 32.780 7.348
22 1 2 34.324 8.216 32.731 7.347
23 1 2 34.250 8.215 32.657 7.346
24 1 2 34.177 8.190 32.584 7.321
25 1 2 34.127 8.189 32.534 7.320
26 1 2 34.054 8.188 32.460 7.320
27 1 2 33.955 8.163 32.362 7.294
28 1 2 33.882 8.162 32.288 7.293
29 1 2 33.832 8.161 32.239 7.293
30 1 2 33.611 8.184 31.745 7.349
31 1 2 33.647 8.197 31.684 7.311
32 1 2 33.586 8.184 31.622 7.298
33 1 2 33.500 8.195 31.536 7.310
34 1 2 33.438 8.182 31.474 7.297
35 1 2 33.352 8.194 31.388 7.308
36 1 2 33.290 8.205 31.326 7.320
37 1 2 33.204 8.217 31.240 7.331
38 1 2 33.143 8.204 31.178 7.318
39 1 2 33.056 8.215 31.092 7.330
40 1 2 32.995 8.227 31.030 7.341
41 1 2 32.908 8.238 30.943 7.353
42 1 2 32.847 8.176 30.906 7.365
43 1 2 32.884 8.189 30.845 7.327
44 1 2 32.798 8.200 30.759 7.339
45 1 2 32.736 8.187 30.697 7.325
46 1 2 32.650 8.199 30.610 7.337
47 1 2 32.588 8.186 30.549 7.324
48 1 2 32.404 8.184 30.215 7.395
49 1 2 32.453 8.197 30.153 7.357
50 1 2 32.391 8.208 30.092 7.368
51 1 2 32.330 8.195 30.030 7.355
52 1 2 32.058 8.217 30.104 7.381
53 1 2 32.095 8.230 30.030 7.343
54 1 2 32.021 8.242 29.956 7.355
55 1 2 31.947 8.253 29.882 7.366
56 1 2 31.848 8.240 29.783 7.353
57 1 2 31.750 8.251 29.684 7.364
58 1 2 31.676 8.238 29.610 7.351
59 1 2 31.577 8.249 29.511 7.362
60 1 2 31.317 8.333 29.363 7.373
61 1 2 31.354 8.346 29.289 7.335
62 1 2 31.280 8.358 29.215 7.347
63 1 2 31.182 8.344 29.116 7.333
64 1 2 31.082 8.380 29.017 7.369
65 1 2 31.008 8.392 28.943 7.381
66 1 2 30.910 8.403 28.844 7.392
67 1 2 30.835 8.415 28.769 7.404
68 1 2 30.736 8.451 28.670 7.440
69 1 2 30.637 8.462 28.571 7.451
70 1 2 30.539 8.474 28.472 7.463
71 1 2 30.440 8.485 28.373 7.474
72 1 2 30.365 8.521 28.298 7.510
73 1 2 30.266 8.533 28.199 7.522
74 1 2 30.168 8.544 28.100 7.533
75 1 2 30.069 8.556 28.001 7.544
76 1 2 29.970 8.592 27.902 7.580
77 1 2 29.871 8.603 27.803 7.592
78 1 2 29.772 8.614 27.704 7.603
79 1 2 29.673 8.626 27.605 7.614
80 1 2 29.773 8.466 27.617 7.652
81 1 2 29.822 8.479 27.555 7.614
82 1 2 29.723 8.490 27.456 7.625
83 1 2 29.625 8.477 27.357 7.612
84 1 2 29.266 8.498 27.269 7.735
85 1 2 29.315 8.511 27.208 7.697
86 1 2 28.908 8.457 27.083 7.733
87 1 2 28.945 8.470 27.022 7.707
88 1 2 28.858 8.469 26.935 7.706
89 1 2 28.747 8.468 26.824 7.705
90 1 2 28.548 8.627 26.613 7.691
91 1 2 28.585 8.640 26.552 7.653
92 1 2 28.486 8.651 26.452 7.664
93 1 2 28.387 8.662 26.353 7.675
94 1 2 28.288 8.674 26.254 7.687
95 1 2 28.189 8.685 26.155 7.698
96 1 2 27.917 8.658 26.030 7.808
97 1 2 27.954 8.670 25.968 7.771
98 1 2 27.768 8.668 25.819 7.769
99 1 2 27.805 8.681 25.758 7.731
100 1 2 27.620 8.642 25.658 7.817
101 1 2 27.657 8.655 25.584 7.779
102 1 2 27.471 8.653 25.484 7.803
103 1 2 27.520 8.666 25.422 7.765
104 1 2 27.421 8.690 25.323 7.789
105 1 2 27.297 8.713 25.199 7.812
106 1 2 27.198 8.712 25.100 7.811
107 1 2 27.074 8.711 24.975 7.810
108 1 2 26.777 8.733 24.776 7.857
109 1 2 26.826 8.746 24.715 7.819
110 1 2 26.542 8.718 24.540 7.954
111 1 2 26.591 8.731 24.478 7.916
112 1 2 26.479 8.742 24.366 7.927
113 1 2 26.392 8.754 24.279 7.939
114 1 2 26.281 8.765 24.167 7.950
115 1 2 26.169 8.776 24.055 7.961
116 1 2 26.033 8.763 23.919 7.948
117 1 2 25.946 8.774 23.832 7.959
118 1 2 25.499 8.832 23.844 8.034
119 1 2 25.536 8.844 23.794 7.996
120 1 2 25.288 8.892 23.397 7.979
121 1 2 25.325 8.904 23.335 7.942
122 1 2 25.201 8.915 23.211 7.953
123 1 2 25.101 8.927 23.111 7.964
124 1 2 24.841 8.899 22.986 8.074
125 1 2 24.878 8.912 22.924 8.037
126 1 2 24.605 8.885 22.837 8.085
127 1 2 24.642 8.898 22.775 8.047
128 1 2 24.518 8.921 22.650 8.071
129 1 2 24.394 8.920 22.526 8.070
130 1 2 24.269 8.943 22.401 8.093
131 1 2 24.170 8.967 22.301 8.117
132 1 2 24.046 8.966 22.177 8.116
133 1 2 23.921 8.990 22.052 8.139
134 1 2 23.797 9.013 21.928 8.163
135 1 2 23.672 9.012 21.803 8.162
136 1 2 23.548 9.036 21.679 8.185
137 1 2 23.423 9.059 21.554 8.209
138 1 2 23.150 9.081 21.279 8.268
139 1 2 23.187 9.094 21.218 8.230
140 1 2 22.914 9.079 21.055 8.328
141 1 2 22.951 9.092 20.993 8.290
142 1 2 22.702 9.089 20.830 8.338
143 1 2 22.739 9.102 20.769 8.300
144 1 2 22.615 9.126 20.644 8.324
145 1 2 22.515 9.150 20.544 8.347
146 1 2 22.415 9.173 20.444 8.371
147 1 2 22.291 9.197 20.319 8.395
148 1 2 22.079 9.232 20.231 8.456
149 1 2 22.116 9.245 20.169 8.418
150 1 2 21.740 9.490 19.771 8.364
151 1 2 21.777 9.515 19.696 8.326
152 1 2 21.591 9.451 19.619 8.549
153 1 2 21.628 9.464 19.545 8.511
154 1 2 21.504 9.487 19.420 8.535
155 1 2 21.404 9.511 19.320 8.559
156 1 2 21.279 9.535 19.195 8.582
157 1 2 21.179 9.584 19.095 8.631
158 1 2 20.842 9.618 18.969 8.742
159 1 2 20.879 9.630 18.907 8.704
160 1 2 20.593 9.665 18.706 8.801
161 1 2 20.630 9.678 18.644 8.763
162 1 2 20.517 9.714 18.531 8.800
163 1 2 20.380 9.725 18.394 8.811
164 1 2 20.268 9.761 18.281 8.847
165 1 2 20.130 9.797 18.143 8.883
166 1 2 20.042 9.834 18.055 8.919
167 1 2 19.905 9.870 17.918 8.955
168 1 2 19.792 9.906 17.805 8.991
169 1 2 19.680 9.942 17.692 9.028
170 1 2 19.567 9.979 17.579 9.064
171 1 2 19.429 10.015 17.441 9.100
172 1 2 19.342 10.051 17.354 9.136
173 1 2 19.204 10.087 17.216 9.172
174 1 2 19.091 10.123 17.103 9.208
175 1 2 18.979 10.160 16.990 9.245
176 1 2 18.866 10.221 16.877 9.306
177 1 2 18.728 10.257 16.739 9.342
178 1 2 18.640 10.318 16.651 9.403
179 1 2 18.502 10.354 16.513 9.439
180 1 2 18.326 10.539 16.350 9.413
181 1 2 18.363 10.564 16.276 9.375
182 1 2 18.262 10.613 16.175 9.424
183 1 2 18.137 10.662 16.049 9.472
184 1 2 18.011 10.711 15.924 9.521
185 1 2 17.911 10.784 15.823 9.595
186 1 2 17.810 10.833 15.722 9.643
187 1 2 17.710 10.907 15.621 9.717
188 1 2 17.609 10.981 15.520 9.791
189 1 2 17.508 11.030 15.420 9.840
190 1 2 17.407 11.104 15.319 9.914
191 1 2 17.282 11.177 15.193 9.987
192 1 2 17.156 11.226 15.067 10.036
193 1 2 17.080 11.300 14.991 10.110
194 1 2 16.954 11.373 14.865 10.183
195 1 2 16.879 11.423 14.789 10.233
196 1 2 16.753 11.496 14.663 10.306
197 1 2 16.677 11.595 14.587 10.405
198 1 2 16.551 11.669 14.460 10.479
199 1 2 16.475 11.718 14.385 10.528
200 1 2 16.375 11.792 14.284 10.602
201 1 2 16.273 11.891 14.182 10.701
202 1 2 16.172 11.990 14.081 10.800
203 1 2 16.071 12.064 13.980 10.874
204 1 2 15.995 12.138 13.904 10.948
205 1 2 15.919 12.237 13.827 11.047
206 1 2 15.818 12.311 13.726 11.121
207 1 2 15.717 12.385 13.625 11.195
208 1 2 15.616 12.484 13.523 11.294
209 1 2 15.540 12.583 13.447 11.393
210 1 2 15.209 13.079 13.562 11.231
211 1 2 15.246 13.116 13.512 11.169
212 1 2 15.169 13.216 13.436 11.268
213 1 2 15.068 13.290 13.335 11.342
214 1 2 14.992 13.389 13.258 11.441
215 1 2 14.941 13.488 13.207 11.540
216 1 2 14.627 13.561 13.088 12.063
217 1 2 14.664 13.586 13.039 12.000
218 1 2 14.287 13.645 13.010 12.300
219 1 2 14.312 13.670 12.961 12.249
220 1 2 14.170 14.019 12.984 12.399
221 1 2 14.195 14.056 12.947 12.349
222 1 2 14.018 14.155 12.855 12.673
223 1 2 14.043 14.180 12.818 12.623
224 1 2 13.915 14.441 12.779 12.747
225 1 2 13.939 14.479 12.742 12.697
226 1 2 13.810 14.802 12.638 13.033
227 1 2 13.835 14.840 12.601 12.970
228 1 2 13.608 14.901 12.549 13.107
229 1 2 13.633 14.938 12.512 13.045
230 1 2 13.630 15.201 12.345 13.405
231 1 2 13.655 15.238 12.295 13.343
232 1 2 13.415 15.337 12.455 13.644
233 1 2 13.427 15.374 12.418 13.593
234 1 2 13.262 15.535 12.387 14.068
235 1 2 13.275 15.560 12.350 14.017
236 1 2 13.271 15.898 12.287 14.029
237 1 2 13.295 15.935 12.250 13.967
238 1 2 13.130 16.134 12.145 14.416
239 1 2 13.155 16.172 12.107 14.365
240 1 2 13.202 16.472 12.081 14.503
241 1 2 13.226 16.509 12.044 14.440
242 1 2 12.948 16.683 12.077 14.852
243 1 2 12.960 16.720 12.040 14.790
244 1 2 12.882 16.932 12.024 15.039
245 1 2 12.894 16.970 11.987 14.977
246 1 2 12.868 17.069 11.831 15.426
247 1 2 12.893 17.107 11.794 15.375
248 1 2 12.753 17.256 11.766 15.638
249 1 2 12.778 17.294 11.729 15.587
250 1 2 12.723 17.731 11.928 15.739
251 1 2 12.735 17.769 11.892 15.663
252 1 2 12.645 17.956 11.824 16.075
253 1 2 12.657 17.993 11.787 16.013
254 1 2 12.594 17.955 11.808 16.338
255 1 2 12.606 17.993 11.771 16.288
256 1 2 12.466 18.155 11.542 16.561
257 1 2 12.479 18.192 11.505 16.511
258 1 2 12.472 18.730 11.703 16.762
259 1 2 12.485 18.767 11.666 16.699
260 1 2 12.522 18.818 11.535 17.124
261 1 2 12.546 18.855 11.498 17.074
262 1 2 12.370 18.929 11.583 17.324
263 1 2 12.382 18.967 11.546 17.274
264 1 2 12.404 19.242 11.379 17.586
265 1 2 12.428 19.280 11.342 17.535
266 1 2 12.249 19.567 11.339 17.773
267 1 2 12.261 19.604 11.302 17.710
268 1 2 12.321 19.917 11.134 18.135
269 1 2 12.345 19.955 11.097 18.072
270 1 2 12.255 20.155 11.359 18.248
271 1 2 12.267 20.192 11.322 18.186
272 1 2 12.176 20.454 11.152 18.698
273 1 2 12.201 20.492 11.115 18.635
274 1 2 12.174 20.605 11.089 18.747
275 1 2 12.148 20.717 11.062 18.860
276 1 2 12.146 20.855 11.061 18.997
277 1 2 12.120 20.967 11.034 19.110
278 1 2 12.007 20.954 11.156 19.461
279 1 2 12.019 20.979 11.119 19.398
280 1 2 11.993 21.104 11.092 19.523
281 1 2 11.966 21.229 11.066 19.648
282 1 2 11.974 21.668 11.152 19.811
283 1 2 11.986 21.705 11.115 19.749
284 1 2 11.871 21.880 11.099 20.036
285 1 2 11.883 21.918 11.062 19.974
286 1 2 11.881 22.043 11.060 20.099
287 1 2 11.855 22.168 11.034 20.224
288 1 2 11.802 22.368 11.067 20.637
289 1 2 11.814 22.406 11.030 20.587
290 1 2 11.800 22.518 11.016 20.700
291 1 2 11.812 22.631 11.027 20.812
292 1 2 11.797 22.769 11.013 20.950
293 1 2 11.784 22.881 10.999 21.063
294 1 2 11.769 23.019 10.985 21.200
295 1 2 11.780 23.157 10.996 21.338
296 1 2 11.767 23.269 10.982 21.451
297 1 2 11.778 23.382 10.993 21.563
298 1 2 11.764 23.520 10.979 21.701
299 1 2 11.750 23.633 10.965 21.814
300 1 2 11.760 23.821 11.139 22.002
301 1 2 11.772 23.858 11.115 21.940
302 1 2 11.820 24.084 11.085 22.290
303 1 2 11.832 24.121 11.048 22.227
304 1 2 11.804 24.347 11.046 22.465
305 1 2 11.817 24.384 11.009 22.403
306 1 2 11.802 24.522 11.016 22.891
307 1 2 11.815 24.560 10.978 22.841
308 1 2 11.799 24.835 10.991 22.816
309 1 2 11.811 24.886 10.954 22.753
310 1 2 11.822 25.011 10.965 22.878
311 1 2 11.808 25.111 10.952 22.979
312 1 2 11.819 25.312 11.009 23.417
313 1 2 11.831 25.349 10.972 23.355
314 1 2 11.842 25.475 10.984 23.480
315 1 2 11.828 25.575 10.970 23.580
316 1 2 11.887 25.976 11.005 23.818
317 1 2 11.899 26.026 10.968 23.756
318 1 2 11.910 26.139 10.979 23.868
319 1 2 11.921 26.277 10.990 24.006
320 1 2 11.907 26.365 10.976 24.094
321 1 2 11.918 26.502 10.987 24.232
322 1 2 11.930 26.615 10.999 24.345
323 1 2 11.941 26.728 11.010 24.457
324 1 2 11.952 26.841 11.021 24.570
325 1 2 11.963 26.954 11.033 24.683
326 1 2 11.950 27.067 11.019 24.796
327 1 2 11.961 27.179 11.030 24.909
328 1 2 11.972 27.292 11.041 25.021
329 1 2 11.983 27.405 11.053 25.134
330 1 2 11.947 27.280 11.111 25.498
331 1 2 11.959 27.317 11.074 25.435
332 1 2 11.971 27.430 11.086 25.548
333 1 2 11.982 27.543 11.097 25.661
334 1 2 12.118 27.756 11.093 26.037
335 1 2 12.143 27.794 11.055 25.987
336 1 2 12.104 27.882 11.154 26.200
337 1 2 12.116 27.919 11.116 26.150
338 1 2 12.227 28.133 11.226 26.464
339 1 2 12.252 28.170 11.189 26.413
340 1 2 12.148 28.396 11.074 26.526
341 1 2 12.173 28.433 11.037 26.463
342 1 2 12.070 28.659 11.185 26.739
343 1 2 12.082 28.697 11.148 26.677
344 1 2 12.054 28.935 11.246 26.940
345 1 2 12.066 28.985 11.209 26.877
346 1 2 12.155 28.922 11.242 27.304
347 1 2 12.167 28.960 11.204 27.253
0 2 2 35.057 5.781 33.054 4.141
1 2 2 35.118 5.831 33.017 4.116
2 2 2 35.045 5.818 32.944 4.103
3 2 2 34.996 5.805 32.895 4.090
4 2 2 34.947 5.792 32.845 4.077
5 2 2 34.873 5.754 32.772 4.039
6 2 2 34.775 5.765 32.673 4.050
7 2 2 34.677 5.727 32.575 4.012
8 2 2 34.603 5.714 32.501 3.999
9 2 2 34.554 5.701 32.452 3.986
10 2 2 34.456 5.688 32.354 3.972
11 2 2 34.382 5.650 32.280 3.935
12 2 2 34.284 5.636 32.182 3.921
13 2 2 34.210 5.623 32.108 3.908
14 2 2 34.161 5.610 32.059 3.895
15 2 2 34.063 5.597 31.960 3.881
16 2 2 33.989 5.584 31.886 3.868
17 2 2 33.891 5.546 31.788 3.830
18 2 2 33.817 5.557 31.714 3.841
19 2 2 33.768 5.519 31.665 3.804
20 2 2 33.670 5.531 31.567 3.815
21 2 2 33.596 5.493 31.493 3.777
22 2 2 33.498 5.504 31.394 3.788
23 2 2 33.424 5.466 31.321 3.750
24 2 2 33.350 5.478 31.246 3.761
25 2 2 33.252 5.439 31.148 3.723
26 2 2 33.178 5.451 31.074 3.735
27 2 2 33.105 5.438 31.000 3.721
28 2 2 33.006 5.424 30.902 3.708
29 2 2 32.932 5.411 30.828 3.694
30 2 2 32.493 5.011 30.676 4.125
31 2 2 32.529 5.024 30.615 4.087
32 2 2 32.443 5.010 30.528 4.074
33 2 2 32.357 5.022 30.442 4.085
34 2 2 32.271 5.008 30.356 4.072
35 2 2 32.185 5.020 30.269 4.083
36 2 2 32.074 4.981 30.158 4.044
37 2 2 32.012 4.993 30.097 4.056
38 2 2 31.901 4.979 29.986 4.042
39 2 2 31.815 4.966 29.899 4.029
40 2 2 31.729 4.953 29.813 4.016
41 2 2 31.643 4.964 29.727 4.027
42 2 2 31.557 4.951 29.640 4.013
43 2 2 31.470 4.937 29.554 4.000
44 2 2 31.360 4.924 29.443 3.986
45 2 2 31.298 4.910 29.381 3.973
46 2 2 31.187 4.897 29.270 3.959
47 2 2 31.101 4.908 29.184 3.971
48 2 2 30.990 4.894 29.073 3.957
49 2 2 30.904 4.881 28.986 3.944
50 2 2 30.817 4.868 28.900 3.930
51 2 2 30.731 4.879 28.813 3.941
52 2 2 30.620 4.865 28.702 3.928
53 2 2 30.534 4.852 28.616 3.914
54 2 2 30.423 4.838 28.505 3.901
55 2 2 30.336 4.850 28.418 3.912
56 2 2 30.336 4.899 28.468 3.875
57 2 2 30.373 4.924 28.406 3.838
58 2 2 30.286 4.923 28.320 3.837
59 2 2 30.175 4.922 28.209 3.835
60 2 2 29.732 4.830 27.960 3.943
61 2 2 29.769 4.843 27.899 3.906
62 2 2 29.682 4.830 27.812 3.892
63 2 2 29.596 4.841 27.726 3.903
64 2 2 29.485 4.827 27.614 3.890
65 2 2 29.398 4.839 27.528 3.901
66 2 2 29.263 4.788 27.454 3.875
67 2 2 29.300 4.800 27.392 3.838
68 2 2 29.201 4.811 27.293 3.849
69 2 2 29.102 4.823 27.194 3.860
70 2 2 29.003 4.809 27.095 3.846
71 2 2 28.904 4.820 26.996 3.857
72 2 2 28.781 4.807 26.872 3.844
73 2 2 28.706 4.818 26.798 3.855
74 2 2 28.583 4.804 26.674 3.841
75 2 2 28.509 4.816 26.600 3.853
76 2 2 28.385 4.802 26.476 3.839
77 2 2 28.286 4.813 26.377 3.850
78 2 2 28.187 4.824 26.278 3.861
79 2 2 28.088 4.835 26.179 3.872
80 2 2 27.989 4.822 26.080 3.859
81 2 2 27.865 4.833 25.956 3.869
82 2 2 27.742 4.819 25.832 3.856
83 2 2 27.643 4.830 25.733 3.867
84 2 2 27.544 4.817 25.634 3.853
85 2 2 27.445 4.828 25.534 3.864
86 2 2 27.321 4.839 25.410 3.875
87 2 2 27.197 4.850 25.286 3.886
88 2 2 27.098 4.836 25.187 3.872
89 2 2 26.999 4.847 25.088 3.884
90 2 2 26.677 4.856 24.901 3.968
91 2 2 26.714 4.869 24.839 3.930
92 2 2 26.603 4.880 24.728 3.941
93 2 2 26.491 4.866 24.616 3.927
94 2 2 26.380 4.877 24.504 3.938
95 2 2 26.268 4.888 24.393 3.949
96 2 2 26.156 4.899 24.281 3.960
97 2 2 26.045 4.910 24.169 3.971
98 2 2 25.933 4.921 24.057 3.982
99 2 2 25.797 4.907 23.921 3.968
100 2 2 25.710 4.944 23.833 4.004
101 2 2 25.574 4.930 23.697 3.990
102 2 2 25.462 4.941 23.585 4.001
103 2 2 25.350 4.952 23.473 4.012
104 2 2 25.239 4.963 23.361 4.023
105 2 2 25.102 4.949 23.225 4.009
106 2 2 24.990 4.985 23.113 4.045
107 2 2 24.854 4.971 22.976 4.031
108 2 2 24.742 4.982 22.864 4.042
109 2 2 24.631 4.993 22.752 4.053
110 2 2 24.519 5.004 22.640 4.064
111 2 2 24.382 5.015 22.504 4.075
112 2 2 24.270 5.026 22.392 4.086
113 2 2 24.159 5.037 22.280 4.097
114 2 2 24.047 5.048 22.168 4.108
115 2 2 23.910 5.059 22.031 4.119
116 2 2 23.798 5.095 21.918 4.155
117 2 2 23.661 5.105 21.782 4.166
118 2 2 23.549 5.116 21.669 4.177
119 2 2 23.413 5.127 21.533 4.187
120 2 2 23.250 5.225 21.358 4.173
121 2 2 23.287 5.250 21.297 4.135
122 2 2 23.163 5.273 21.172 4.158
123 2 2 23.038 5.296 21.047 4.181
124 2 2 22.939 5.320 20.947 4.205
125 2 2 22.814 5.343 20.823 4.228
126 2 2 22.665 5.367 20.673 4.251
127 2 2 22.565 5.390 20.573 4.275
128 2 2 22.440 5.414 20.448 4.298
129 2 2 22.341 5.437 20.349 4.322
130 2 2 22.216 5.461 20.224 4.345
131 2 2 22.067 5.484 20.074 4.368
132 2 2 21.942 5.507 19.949 4.392
133 2 2 21.842 5.531 19.849 4.415
134 2 2 21.718 5.554 19.724 4.439
135 2 2 21.593 5.602 19.599 4.487
136 2 2 21.493 5.626 19.499 4.510
137 2 2 21.368 5.649 19.374 4.534
138 2 2 21.219 5.673 19.225 4.557
139 2 2 21.119 5.721 19.124 4.605
140 2 2 20.994 5.744 18.999 4.629
141 2 2 20.894 5.793 18.899 4.677
142 2 2 20.769 5.816 18.774 4.700
143 2 2 20.619 5.864 18.624 4.748
144 2 2 20.494 5.913 18.499 4.797
145 2 2 20.394 5.936 18.399 4.820
146 2 2 20.294 5.985 18.298 4.869
147 2 2 20.169 6.008 18.173 4.892
148 2 2 20.019 6.056 18.023 4.940
149 2 2 19.894 6.105 17.898 4.988
150 2 2 19.680 6.313 17.760 4.999
151 2 2 19.717 6.339 17.698 4.949
152 2 2 19.617 6.375 17.598 4.985
153 2 2 19.492 6.435 17.472 5.046
154 2 2 19.367 6.471 17.347 5.081
155 2 2 19.241 6.532 17.222 5.142
156 2 2 19.141 6.568 17.121 5.178
157 2 2 19.016 6.629 16.996 5.239
158 2 2 18.891 6.665 16.870 5.275
159 2 2 18.765 6.726 16.745 5.335
160 2 2 18.640 6.762 16.619 5.371
161 2 2 18.515 6.822 16.494 5.432
162 2 2 18.414 6.883 16.393 5.493
163 2 2 18.289 6.944 16.267 5.554
164 2 2 18.163 6.980 16.142 5.590
165 2 2 18.038 7.041 16.016 5.651
166 2 2 17.912 7.102 15.890 5.711
167 2 2 17.812 7.163 15.790 5.772
168 2 2 17.687 7.199 15.664 5.808
169 2 2 17.561 7.285 15.538 5.894
170 2 2 17.435 7.321 15.412 5.930
171 2 2 17.310 7.381 15.287 5.991
172 2 2 17.209 7.443 15.186 6.052
173 2 2 17.084 7.503 15.060 6.113
174 2 2 16.958 7.564 14.934 6.173
175 2 2 16.832 7.625 14.808 6.234
176 2 2 16.732 7.686 14.707 6.295
177 2 2 16.606 7.747 14.581 6.356
178 2 2 16.505 7.809 14.481 6.417
179 2 2 16.379 7.894 14.354 6.503
180 2 2 16.128 8.029 14.191 6.539
181 2 2 16.165 8.054 14.129 6.488
182 2 2 16.052 8.115 14.016 6.549
183 2 2 15.938 8.201 13.902 6.635
184 2 2 15.825 8.262 13.788 6.696
185 2 2 15.711 8.348 13.675 6.782
186 2 2 15.598 8.409 13.561 6.843
187 2 2 15.484 8.495 13.447 6.929
188 2 2 15.371 8.556 13.334 6.990
189 2 2 15.257 8.642 13.220 7.076
190 2 2 15.144 8.704 13.106 7.138
191 2 2 15.030 8.790 12.992 7.224
192 2 2 14.917 8.876 12.878 7.310
193 2 2 14.828 8.962 12.790 7.396
194 2 2 14.690 9.023 12.651 7.457
195 2 2 14.601 9.109 12.562 7.543
196 2 2 14.487 9.195 12.448 7.629
197 2 2 14.374 9.282 12.334 7.715
198 2 2 14.260 9.343 12.221 7.776
199 2 2 14.171 9.454 12.131 7.888
200 2 2 14.058 9.515 12.018 7.949
201 2 2 13.944 9.601 11.904 8.035
202 2 2 13.830 9.688 11.790 8.121
203 2 2 13.741 9.774 11.701 8.208
204 2 2 13.627 9.860 11.587 8.294
205 2 2 13.538 9.972 11.497 8.405
206 2 2 13.425 10.033 11.384 8.466
207 2 2 13.336 10.144 11.294 8.578
208 2 2 13.222 10.231 11.180 8.664
209 2 2 13.133 10.317 11.091 8.750
210 2 2 12.867 10.564 11.052 8.862
211 2 2 12.904 10.602 10.990 8.812
212 2 2 12.815 10.701 10.901 8.911
213 2 2 12.701 10.775 10.787 8.985
214 2 2 12.637 10.874 10.723 9.084
215 2 2 12.523 10.973 10.609 9.183
216 2 2 12.434 11.072 10.519 9.282
217 2 2 12.320 11.171 10.405 9.380
218 2 2 12.231 11.270 10.316 9.479
219 2 2 12.142 11.369 10.227 9.578
220 2 2 12.052 11.493 10.137 9.702
221 2 2 11.963 11.592 10.048 9.801
222 2 2 11.899 11.691 9.984 9.901
223 2 2 11.785 11.815 9.869 10.025
224 2 2 11.721 11.914 9.805 10.124
225 2 2 11.632 12.014 9.716 10.223
226 2 2 11.290 12.248 9.709 10.798
227 2 2 11.327 12.273 9.659 10.747
228 2 2 11.251 12.373 9.583 10.847
229 2 2 11.149 12.497 9.480 10.971
230 2 2 11.072 12.596 9.404 11.070
231 2 2 11.020 12.720 9.352 11.194
232 2 2 10.715 12.980 9.577 11.321
233 2 2 10.740 13.018 9.540 11.271
234 2 2 10.676 13.130 9.475 11.383
235 2 2 10.586 13.242 9.386 11.495
236 2 2 10.345 13.427 9.142 11.930
237 2 2 10.370 13.453 9.104 11.867
238 2 2 10.229 13.639 8.939 11.991
239 2 2 10.254 13.677 8.889 11.940
240 2 2 10.201 13.926 8.699 12.039
241 2 2 10.238 13.964 8.650 11.976
242 2 2 10.022 14.137 8.569 12.400
243 2 2 10.047 14.175 8.519 12.350
244 2 2 9.807 14.261 8.641 12.726
245 2 2 9.831 14.299 8.603 12.676
246 2 2 9.716 14.510 8.511 13.025
247 2 2 9.740 14.536 8.474 12.975
248 2 2 9.450 14.583 8.445 13.237
249 2 2 9.475 14.609 8.408 13.187
250 2 2 9.242 15.107 8.152 13.510
251 2 2 9.267 15.145 8.115 13.460
252 2 2 9.165 15.245 7.998 13.759
253 2 2 9.190 15.270 7.961 13.709
254 2 2 9.037 15.394 7.983 13.972
255 2 2 9.062 15.419 7.945 13.922
256 2 2 9.071 15.757 7.818 14.071
257 2 2 9.096 15.795 7.768 14.021
258 2 2 8.828 16.006 7.750 14.433
259 2 2 8.853 16.043 7.713 14.383
260 2 2 8.801 16.168 7.661 14.508
261 2 2 8.749 16.318 7.609 14.658
262 2 2 8.672 16.443 7.531 14.782
263 2 2 8.595 16.542 7.454 14.882
264 2 2 8.568 16.667 7.428 15.007
265 2 2 8.491 16.817 7.350 15.157
266 2 2 8.464 16.992 7.247 15.344
267 2 2 8.488 17.030 7.210 15.294
268 2 2 8.233 17.304 7.167 15.669
269 2 2 8.258 17.342 7.130 15.619
270 2 2 8.128 17.629 6.914 15.717
271 2 2 8.153 17.667 6.877 15.654
272 2 2 8.114 17.779 6.838 15.767
273 2 2 8.049 17.917 6.773 15.904
274 2 2 8.009 18.054 6.733 16.042
275 2 2 7.945 18.167 6.669 16.154
276 2 2 7.905 18.304 6.629 16.292
277 2 2 7.841 18.442 6.564 16.429
278 2 2 7.601 18.390 6.633 17.056
279 2 2 7.614 18.415 6.595 17.006
280 2 2 7.710 18.842 6.631 17.144
281 2 2 7.734 18.880 6.594 17.094
282 2 2 7.429 19.091 6.462 17.544
283 2 2 7.441 19.129 6.425 17.494
284 2 2 7.349 19.392 6.283 17.744
285 2 2 7.374 19.429 6.246 17.693
286 2 2 7.346 19.705 6.254 18.019
287 2 2 7.370 19.743 6.217 17.969
288 2 2 7.115 19.942 6.213 18.295
289 2 2 7.128 19.980 6.176 18.244
290 2 2 6.997 20.293 6.045 18.557
291 2 2 7.010 20.330 6.008 18.507
292 2 2 6.905 20.593 6.105 18.859
293 2 2 6.917 20.631 6.068 18.808
294 2 2 6.865 20.781 5.924 19.146
295 2 2 6.877 20.819 5.887 19.096
296 2 2 6.912 21.083 5.821 19.296
297 2 2 6.937 21.120 5.784 19.233
298 2 2 6.732 21.308 5.815 19.785
299 2 2 6.745 21.345 5.778 19.735
300 2 2 6.779 21.609 5.728 19.722
301 2 2 6.804 21.647 5.690 19.659
302 2 2 6.702 21.759 5.671 20.199
303 2 2 6.726 21.797 5.634 20.148
304 2 2 6.531 22.235 5.745 20.400
305 2 2 6.544 22.273 5.707 20.337
306 2 2 6.618 22.361 5.589 20.713
307 2 2 6.643 22.399 5.552 20.663
308 2 2 6.630 22.474 5.585 20.989
309 2 2 6.655 22.500 5.548 20.939
310 2 2 6.640 22.638 5.534 21.077
311 2 2 6.626 22.776 5.519 21.215
312 2 2 6.353 23.377 5.503 21.516
313 2 2 6.365 23.415 5.466 21.453
314 2 2 6.426 23.591 5.437 21.754
315 2 2 6.451 23.629 5.400 21.691
316 2 2 6.296 23.879 5.317 22.206
317 2 2 6.309 23.917 5.267 22.155
318 2 2 6.282 24.043 5.240 22.281
319 2 2 6.255 24.193 5.213 22.431
320 2 2 6.228 24.319 5.186 22.557
321 2 2 6.201 24.469 5.159 22.708
322 2 2 6.235 24.758 4.991 23.034
323 2 2 6.260 24.796 4.941 22.983
324 2 2 6.204 25.198 5.004 22.971
325 2 2 6.229 25.248 4.967 22.908
326 2 2 6.202 25.374 4.940 23.033
327 2 2 6.200 25.550 4.938 23.209
328 2 2 6.173 25.675 4.911 23.335
329 2 2 6.146 25.826 4.884 23.486
330 2 2 5.931 25.825 4.941 23.976
331 2 2 5.956 25.863 4.904 23.913
332 2 2 5.942 25.989 4.889 24.038
333 2 2 5.927 26.140 4.875 24.189
334 2 2 5.887 26.290 4.835 24.340
335 2 2 5.873 26.416 4.821 24.466
336 2 2 5.833 26.567 4.781 24.616
337 2 2 5.819 26.718 4.766 24.767
338 2 2 5.779 26.843 4.727 24.893
339 2 2 5.765 26.994 4.712 25.043
340 2 2 5.725 27.145 4.672 25.194
341 2 2 5.685 27.271 4.633 25.320
342 2 2 5.645 27.421 4.593 25.471
343 2 2 5.631 27.547 4.579 25.596
344 2 2 5.591 27.698 4.539 25.747
345 2 2 5.577 27.824 4.525 25.873
346 2 2 5.537 27.974 4.485 26.024
347 2 2 5.498 28.100 4.445 26.149
0 4 2 37.372 8.062 35.371 6.487
31 4 2 37.433 8.112 35.334 6.462
32 4 2 37.384 8.087 35.285 6.437
33 4 2 37.310 8.062 35.212 6.412
34 4 2 37.237 8.061 35.138 6.411
35 4 2 37.188 8.036 35.089 6.386
36 4 2 37.114 8.010 35.016 6.360
37 4 2 37.016 8.009 34.917 6.359
38 4 2 36.749 7.649 35.050 6.718
39 4 2 36.786 7.662 34.989 6.681
40 4 2 36.639 7.586 35.062 6.743
41 4 2 36.676 7.599 35.013 6.705
42 4 2 36.553 7.585 34.718 6.715
43 4 2 36.590 7.598 34.657 6.677
44 4 2 36.418 7.584 34.521 6.688
45 4 2 36.455 7.597 34.460 6.650
46 4 2 36.381 7.596 34.386 6.649
47 4 2 36.308 7.570 34.313 6.624
48 4 2 36.234 7.594 34.239 6.648
49 4 2 36.161 7.569 34.165 6.622
50 4 2 36.087 7.568 34.091 6.621
51 4 2 36.013 7.567 34.018 6.620
52 4 2 35.646 7.477 33.882 6.607
53 4 2 35.682 7.490 33.821 6.569
54 4 2 35.596 7.489 33.735 6.568
55 4 2 35.535 7.488 33.674 6.567
56 4 2 35.412 7.450 33.415 6.577
57 4 2 35.461 7.463 33.354 6.539
58 4 2 35.376 7.412 33.279 6.674
59 4 2 35.425 7.425 33.217 6.649
60 4 2 34.983 7.359 33.156 6.586
61 4 2 35.020 7.372 33.095 6.549
62 4 2 34.921 7.371 32.997 6.547
63 4 2 34.848 7.370 32.923 6.547
64 4 2 34.749 7.369 32.824 6.546
65 4 2 34.651 7.368 32.726 6.544
66 4 2 34.798 7.382 32.639 6.618
67 4 2 34.847 7.395 32.578 6.580
68 4 2 34.442 7.366 32.479 6.628
69 4 2 34.491 7.378 32.417 6.603
70 4 2 34.270 7.376 32.306 6.614
71 4 2 34.319 7.389 32.245 6.576
72 4 2 33.974 7.410 32.047 6.611
73 4 2 34.011 7.423 31.986 6.573
74 4 2 33.827 7.384 31.887 6.609
75 4 2 33.863 7.396 31.826 6.572
76 4 2 33.728 7.407 31.665 6.644
77 4 2 33.777 7.420 31.604 6.606
78 4 2 33.592 7.418 31.406 6.641
79 4 2 33.642 7.431 31.345 6.603
80 4 2 33.334 7.403 31.234 6.639
81 4 2 33.383 7.416 31.172 6.601
82 4 2 33.223 7.451 31.012 6.624
83 4 2 33.272 7.464 30.938 6.587
84 4 2 32.853 7.447 30.765 6.634
85 4 2 32.903 7.460 30.703 6.596
86 4 2 32.558 7.395 30.653 6.658
87 4 2 32.595 7.408 30.592 6.632
88 4 2 32.373 7.418 30.431 6.643
89 4 2 32.410 7.430 30.370 6.605
90 4 2 32.065 7.390 30.271 6.641
91 4 2 32.102 7.402 30.210 6.603
92 4 2 31.978 7.512 30.073 6.713
93 4 2 32.015 7.525 30.011 6.675
94 4 2 31.757 7.448 29.801 6.722
95 4 2 31.794 7.461 29.727 6.697
96 4 2 31.744 7.448 29.727 6.759
97 4 2 31.794 7.461 29.665 6.733
98 4 2 31.509 7.532 29.393 6.792
99 4 2 31.559 7.545 29.331 6.767
100 4 2 31.337 7.542 29.343 6.816
101 4 2 31.386 7.555 29.282 6.791
102 4 2 31.275 7.554 29.170 6.790
103 4 2 31.164 7.578 29.059 6.813
104 4 2 31.053 7.577 28.948 6.812
105 4 2 30.942 7.575 28.836 6.811
106 4 2 30.582 7.732 28.477 6.869
107 4 2 30.632 7.745 28.416 6.831
108 4 2 30.063 7.764 28.552 6.832
109 4 2 30.100 7.777 28.503 6.795
110 4 2 30.001 7.788 28.404 6.806
111 4 2 29.878 7.799 28.280 6.817
112 4 2 29.779 7.810 28.181 6.828
113 4 2 29.656 7.797 28.057 6.815
114 4 2 29.556 7.833 27.958 6.851
115 4 2 29.433 7.819 27.834 6.837
116 4 2 29.569 7.771 27.512 6.945
117 4 2 29.619 7.784 27.450 6.907
118 4 2 29.495 7.783 27.326 6.906
119 4 2 29.396 7.806 27.227 6.929
120 4 2 28.790 7.800 26.967 6.976
121 4 2 28.827 7.813 26.905 6.938
122 4 2 28.617 7.823 26.768 7.036
123 4 2 28.654 7.836 26.706 6.998
124 4 2 28.444 7.809 26.508 7.045
125 4 2 28.481 7.822 26.446 7.008
126 4 2 28.159 7.843 26.297 7.068
127 4 2 28.196 7.856 26.235 7.030
128 4 2 27.912 7.865 26.086 7.078
129 4 2 27.949 7.878 26.025 7.040
130 4 2 27.713 7.900 25.788 7.100
131 4 2 27.750 7.913 25.727 7.062
132 4 2 27.428 7.922 25.540 7.171
133 4 2 27.465 7.935 25.478 7.133
134 4 2 27.341 7.958 25.354 7.157
135 4 2 27.218 7.957 25.230 7.156
136 4 2 27.118 7.981 25.130 7.179
137 4 2 26.994 8.004 25.006 7.203
138 4 2 26.721 8.063 24.870 7.214
139 4 2 26.758 8.076 24.808 7.176
140 4 2 26.486 8.049 24.621 7.285
141 4 2 26.523 8.061 24.559 7.248
142 4 2 26.275 8.084 24.446 7.345
143 4 2 26.312 8.096 24.385 7.320
144 4 2 26.200 8.108 24.273 7.331
145 4 2 26.064 8.143 24.136 7.367
146 4 2 25.691 8.164 23.912 7.402
147 4 2 25.729 8.177 23.850 7.364
148 4 2 25.443 8.261 23.737 7.499
149 4 2 25.480 8.274 23.688 7.461
150 4 2 25.205 8.407 23.316 7.321
151 4 2 25.242 8.432 23.255 7.283
152 4 2 24.983 8.343 23.190 7.506
153 4 2 25.020 8.356 23.129 7.468
154 4 2 24.896 8.367 23.004 7.479
155 4 2 24.796 8.403 22.904 7.515
156 4 2 24.547 8.500 22.804 7.601
157 4 2 24.584 8.512 22.742 7.563
158 4 2 24.460 8.536 22.618 7.587
159 4 2 24.335 8.584 22.493 7.635
160 4 2 24.074 8.619 22.404 7.808
161 4 2 24.111 8.632 22.355 7.770
162 4 2 23.986 8.668 22.230 7.806
163 4 2 23.837 8.703 22.080 7.842
164 4 2 23.712 8.739 21.956 7.878
165 4 2 23.613 8.776 21.856 7.914
166 4 2 23.488 8.812 21.731 7.950
167 4 2 23.338 8.872 21.581 8.010
168 4 2 23.214 8.883 21.456 8.021
169 4 2 23.114 8.944 21.356 8.082
170 4 2 22.617 8.939 21.342 8.231
171 4 2 22.641 8.952 21.293 8.206
172 4 2 22.516 9.001 21.168 8.254
173 4 2 22.392 9.037 21.043 8.290
174 4 2 22.327 9.272 20.469 8.384
175 4 2 22.364 9.285 20.407 8.346
176 4 2 22.115 9.369 20.281 8.469
177 4 2 22.152 9.382 20.219 8.431
178 4 2 22.039 9.430 20.106 8.480
179 4 2 21.902 9.479 19.969 8.528
180 4 2 21.564 9.687 19.658 8.425
181 4 2 21.601 9.712 19.596 8.375
182 4 2 21.489 9.748 19.484 8.411
183 4 2 21.376 9.809 19.371 8.472
184 4 2 21.239 9.845 19.233 8.508
185 4 2 21.126 9.906 19.120 8.569
186 4 2 20.988 9.942 18.983 8.605
187 4 2 20.876 10.003 18.870 8.666
188 4 2 20.763 10.039 18.757 8.702
189 4 2 20.650 10.101 18.644 8.763
190 4 2 20.513 10.137 18.506 8.799
191 4 2 20.400 10.198 18.393 8.860
192 4 2 20.263 10.234 18.256 8.896
193 4 2 20.175 10.295 18.167 8.958
194 4 2 20.037 10.356 18.029 9.018
195 4 2 19.924 10.417 17.916 9.080
196 4 2 19.811 10.478 17.803 9.141
197 4 2 19.698 10.539 17.690 9.202
198 4 2 19.561 10.575 17.552 9.238
199 4 2 19.473 10.637 17.464 9.299
200 4 2 19.335 10.698 17.326 9.360
201 4 2 19.222 10.759 17.213 9.421
202 4 2 19.109 10.820 17.100 9.482
203 4 2 18.996 10.881 16.987 9.543
204 4 2 18.858 10.942 16.849 9.604
205 4 2 18.770 11.029 16.760 9.691
206 4 2 18.632 11.065 16.622 9.727
207 4 2 18.519 11.151 16.509 9.813
208 4 2 18.406 11.212 16.395 9.874
209 4 2 18.293 11.298 16.282 9.960
210 4 2 18.066 11.470 16.243 10.059
211 4 2 18.103 11.496 16.181 10.009
212 4 2 18.002 11.557 16.080 10.070
213 4 2 17.902 11.643 15.979 10.156
214 4 2 17.801 11.705 15.879 10.218
215 4 2 17.675 11.791 15.752 10.304
216 4 2 17.599 11.852 15.677 10.365
217 4 2 17.473 11.963 15.550 10.476
218 4 2 17.398 12.025 15.474 10.538
219 4 2 17.272 12.111 15.348 10.624
220 4 2 17.196 12.198 15.272 10.711
221 4 2 17.070 12.284 15.146 10.797
222 4 2 16.994 12.370 15.070 10.883
223 4 2 16.893 12.457 14.969 10.970
224 4 2 16.792 12.543 14.868 11.056
225 4 2 16.690 12.654 14.766 11.167
226 4 2 16.614 12.741 14.690 11.254
227 4 2 16.538 12.828 14.614 11.340
228 4 2 16.437 12.914 14.513 11.427
229 4 2 16.336 13.025 14.411 11.538
230 4 2 16.260 13.112 14.335 11.625
231 4 2 16.184 13.224 14.258 11.736
232 4 2 15.568 13.443 14.281 11.949
233 4 2 15.593 13.468 14.232 11.886
234 4 2 15.453 13.604 14.116 12.122
235 4 2 15.478 13.629 14.067 12.072
236 4 2 15.173 13.989 13.887 12.444
237 4 2 15.198 14.026 13.837 12.394
238 4 2 15.059 14.100 13.735 12.543
239 4 2 15.084 14.138 13.686 12.493
240 4 2 15.143 14.488 13.646 12.654
241 4 2 15.180 14.525 13.597 12.592
242 4 2 14.754 14.510 13.554 13.065
243 4 2 14.779 14.535 13.517 13.015
244 4 2 14.640 14.659 13.414 13.177
245 4 2 14.664 14.684 13.365 13.126
246 4 2 14.523 14.995 13.336 13.413
247 4 2 14.548 15.032 13.299 13.363
248 4 2 14.393 15.381 13.347 13.588
249 4 2 14.418 15.418 13.310 13.525
250 4 2 14.265 15.642 13.218 13.912
251 4 2 14.290 15.680 13.181 13.861
252 4 2 14.162 15.916 13.216 14.074
253 4 2 14.174 15.954 13.179 14.011
254 4 2 14.096 16.140 13.113 14.323
255 4 2 14.121 16.178 13.076 14.260
256 4 2 14.019 16.352 13.072 14.597
257 4 2 14.031 16.390 13.035 14.535
258 4 2 13.977 16.714 13.057 14.834
259 4 2 13.989 16.752 13.020 14.772
260 4 2 13.988 16.839 13.091 15.122
261 4 2 14.000 16.877 13.054 15.072
262 4 2 13.896 17.213 13.065 15.209
263 4 2 13.908 17.263 13.028 15.146
264 4 2 13.918 17.476 12.986 15.571
265 4 2 13.930 17.513 12.949 15.508
266 4 2 13.878 17.725 13.021 15.796
267 4 2 13.890 17.763 12.984 15.733
268 4 2 13.864 17.863 12.941 16.158
269 4 2 13.876 17.900 12.904 16.108
270 4 2 13.898 18.175 13.039 16.371
271 4 2 13.910 18.213 13.002 16.308
272 4 2 13.854 18.700 12.837 16.532
273 4 2 13.879 18.750 12.800 16.469
274 4 2 13.878 18.875 12.798 16.594
275 4 2 13.876 19.000 12.797 16.719
276 4 2 13.875 19.125 12.795 16.844
277 4 2 13.873 19.275 12.794 16.994
278 4 2 13.897 19.400 12.817 17.119
279 4 2 13.870 19.525 12.791 17.244
280 4 2 13.894 19.675 12.814 17.394
281 4 2 13.892 19.800 12.813 17.519
282 4 2 13.891 19.925 12.811 17.644
283 4 2 13.890 20.050 12.810 17.769
284 4 2 13.913 20.175 12.834 17.894
285 4 2 13.937 20.300 12.857 18.019
286 4 2 13.936 20.425 12.856 18.144
287 4 2 13.934 20.575 12.854 18.294
288 4 2 13.933 20.700 12.853 18.419
289 4 2 13.931 20.825 12.852 18.544
290 4 2 13.955 20.950 12.875 18.669
291 4 2 14.004 21.076 12.924 18.795
292 4 2 14.053 21.138 13.258 19.247
293 4 2 14.065 21.176 13.221 19.184
294 4 2 14.014 21.263 13.206 19.459
295 4 2 14.026 21.301 13.169 19.396
296 4 2 14.048 21.588 13.040 19.658
297 4 2 14.073 21.626 13.003 19.595
298 4 2 14.046 21.763 13.225 19.997
299 4 2 14.058 21.801 13.188 19.934
300 4 2 14.156 22.052 13.197 20.222
301 4 2 14.168 22.089 13.160 20.159
302 4 2 14.179 22.202 13.171 20.271
303 4 2 14.190 22.339 13.182 20.409
304 4 2 14.201 22.477 13.193 20.547
305 4 2 14.213 22.590 13.205 20.659
306 4 2 14.123 22.802 13.439 21.048
307 4 2 14.135 22.839 13.414 20.985
308 4 2 14.146 22.952 13.426 21.098
309 4 2 14.132 23.115 13.411 21.261
310 4 2 14.168 23.227 13.448 21.373
311 4 2 14.154 23.365 13.434 21.511
312 4 2 14.226 23.640 13.418 21.798
313 4 2 14.238 23.678 13.381 21.736
314 4 2 14.200 23.778 13.427 22.099
315 4 2 14.212 23.816 13.390 22.049
316 4 2 14.210 23.928 13.389 22.161
317 4 2 14.234 24.041 13.412 22.274
318 4 2 14.258 24.204 13.436 22.437
319 4 2 14.256 24.316 13.435 22.549
320 4 2 14.255 24.454 13.433 22.687
321 4 2 14.254 24.566 13.432 22.799
322 4 2 14.277 24.704 13.455 22.937
323 4 2 14.301 24.842 13.479 23.075
324 4 2 14.299 24.980 13.477 23.213
325 4 2 14.298 25.092 13.476 23.325
326 4 2 14.296 25.255 13.474 23.488
327 4 2 14.320 25.368 13.498 23.601
328 4 2 14.344 25.505 13.522 23.738
329 4 2 14.342 25.618 13.520 23.851
330 4 2 14.339 25.893 13.568 24.114
331 4 2 14.351 25.931 13.531 24.051
332 4 2 14.350 26.044 13.529 24.164
333 4 2 14.373 26.206 13.553 24.327
334 4 2 14.372 26.319 13.551 24.439
335 4 2 14.396 26.457 13.575 24.577
336 4 2 14.394 26.595 13.574 24.715
337 4 2 14.393 26.732 13.572 24.853
338 4 2 14.696 27.734 13.219 24.989
339 4 2 14.733 27.797 13.169 24.902
340 4 2 14.744 27.922 13.180 25.027
341 4 2 14.730 28.048 13.166 25.152
342 4 2 14.741 28.198 13.177 25.302
343 4 2 14.752 28.323 13.188 25.428
344 4 2 14.788 28.423 13.225 25.528
345 4 2 14.774 28.574 13.211 25.678
346 4 2 14.785 28.699 13.222 25.803
347 4 2 14.796 28.849 13.233 25.954
0 0 2 33.357 9.083 31.430 8.137
1 0 2 33.406 9.108 31.393 8.124
2 0 2 33.271 9.070 31.504 8.199
3 0 2 33.308 9.082 31.442 8.162
4 0 2 33.184 9.106 31.380 8.186
5 0 2 33.221 9.119 31.319 8.148
6 0 2 33.098 9.080 31.442 8.211
7 0 2 33.135 9.093 31.393 8.173
8 0 2 32.962 9.153 31.133 8.257
9 0 2 32.999 9.166 31.072 8.220
10 0 2 32.876 9.152 31.047 8.256
11 0 2 32.913 9.165 30.985 8.219
12 0 2 32.777 9.151 30.861 8.292
13 0 2 32.814 9.164 30.800 8.254
14 0 2 32.555 9.174 30.800 8.254
15 0 2 32.592 9.187 30.738 8.216
16 0 2 32.370 9.197 30.627 8.240
17 0 2 32.407 9.209 30.566 8.202
18 0 2 32.345 9.221 30.504 8.214
19 0 2 32.259 9.233 30.417 8.225
20 0 2 32.173 9.219 30.331 8.212
21 0 2 32.111 9.231 30.269 8.224
22 0 2 32.025 9.218 30.183 8.210
23 0 2 31.963 9.230 30.121 8.222
24 0 2 31.877 9.217 30.035 8.209
25 0 2 31.815 9.228 29.973 8.221
26 0 2 31.729 9.215 29.887 8.207
27 0 2 31.667 9.227 29.825 8.219
28 0 2 31.581 9.214 29.738 8.206
29 0 2 31.495 9.225 29.652 8.217
30 0 2 31.238 8.988 29.416 8.339
31 0 2 31.274 9.000 29.354 8.313
32 0 2 31.213 9.000 29.293 8.313
33 0 2 31.126 8.999 29.206 8.312
34 0 2 31.040 8.998 29.119 8.311
35 0 2 30.929 8.997 29.008 8.310
36 0 2 30.756 9.070 29.021 8.322
37 0 2 30.792 9.082 28.959 8.284
38 0 2 30.595 9.043 28.884 8.383
39 0 2 30.632 9.056 28.822 8.357
40 0 2 30.373 9.078 28.661 8.393
41 0 2 30.410 9.091 28.600 8.367
42 0 2 30.213 9.039 28.476 8.416
43 0 2 30.249 9.052 28.414 8.390
44 0 2 29.990 9.037 28.266 8.376
45 0 2 30.027 9.050 28.204 8.351
46 0 2 29.768 9.035 28.043 8.386
47 0 2 29.805 9.048 27.981 8.361
48 0 2 29.607 9.058 27.857 8.372
49 0 2 29.644 9.071 27.796 8.347
50 0 2 29.582 9.095 27.721 8.371
51 0 2 29.619 9.108 27.660 8.345
52 0 2 29.199 9.104 27.449 8.368
53 0 2 29.236 9.116 27.387 8.343
54 0 2 28.964 9.126 27.213 8.403
55 0 2 29.001 9.139 27.152 8.377
56 0 2 28.691 9.148 27.077 8.401
57 0 2 28.728 9.161 27.028 8.364
58 0 2 28.555 9.196 26.829 8.411
59 0 2 28.592 9.209 26.768 8.374
60 0 2 28.295 9.169 26.544 8.421
61 0 2 28.332 9.182 26.483 8.383
62 0 2 28.221 9.181 26.371 8.382
63 0 2 28.110 9.204 26.259 8.406
64 0 2 27.998 9.203 26.148 8.404
65 0 2 27.887 9.202 26.036 8.403
66 0 2 27.664 9.225 25.949 8.477
67 0 2 27.701 9.238 25.887 8.439
68 0 2 27.391 9.247 25.701 8.499
69 0 2 27.428 9.260 25.651 8.461
70 0 2 27.181 9.270 25.453 8.496
71 0 2 27.218 9.282 25.391 8.459
72 0 2 26.896 9.242 25.241 8.532
73 0 2 26.933 9.255 25.192 8.506
74 0 2 26.697 9.265 24.956 8.566
75 0 2 26.734 9.278 24.894 8.540
76 0 2 26.437 9.275 24.645 8.575
77 0 2 26.474 9.287 24.584 8.550
78 0 2 26.214 9.273 24.434 8.585
79 0 2 26.251 9.285 24.372 8.560
80 0 2 25.929 9.307 24.236 8.596
81 0 2 25.966 9.320 24.186 8.570
82 0 2 25.705 9.342 23.862 8.666
83 0 2 25.742 9.355 23.800 8.641
84 0 2 25.258 9.387 23.738 8.653
85 0 2 25.295 9.400 23.689 8.627
86 0 2 25.059 9.422 23.502 8.650
87 0 2 25.096 9.435 23.453 8.613
88 0 2 24.736 9.432 23.228 8.685
89 0 2 24.774 9.445 23.179 8.647
90 0 2 24.599 9.505 22.769 8.618
91 0 2 24.636 9.518 22.707 8.580
92 0 2 24.326 9.477 22.556 8.740
93 0 2 24.363 9.490 22.494 8.715
94 0 2 23.891 9.535 22.419 8.801
95 0 2 23.916 9.548 22.357 8.775
96 0 2 23.655 9.570 22.232 8.824
97 0 2 23.679 9.583 22.183 8.786
98 0 2 23.393 9.605 21.908 8.870
99 0 2 23.430 9.618 21.859 8.845
100 0 2 23.294 9.592 21.522 8.916
101 0 2 23.331 9.604 21.460 8.891
102 0 2 22.821 9.649 21.348 8.914
103 0 2 22.846 9.662 21.286 8.889
104 0 2 22.571 9.721 21.023 8.949
105 0 2 22.609 9.734 20.974 8.911
106 0 2 22.335 9.731 20.662 8.970
107 0 2 22.372 9.744 20.613 8.932
108 0 2 22.036 9.753 20.537 9.018
109 0 2 22.073 9.766 20.487 8.993
110 0 2 21.762 9.825 20.212 9.077
111 0 2 21.799 9.838 20.163 9.039
112 0 2 21.575 9.811 19.800 9.135
113 0 2 21.612 9.824 19.738 9.110
114 0 2 21.263 9.920 19.663 9.159
115 0 2 21.300 9.933 19.613 9.121
116 0 2 21.063 9.918 19.300 9.242
117 0 2 21.101 9.931 19.238 9.217
118 0 2 20.626 10.051 19.137 9.303
119 0 2 20.663 10.063 19.088 9.265
120 0 2 20.437 10.210 18.602 9.211
121 0 2 20.475 10.223 18.540 9.160
122 0 2 20.337 10.247 18.402 9.184
123 0 2 20.175 10.295 18.239 9.232
124 0 2 20.037 10.343 18.102 9.280
125 0 2 19.875 10.367 17.939 9.304
126 0 2 19.762 10.416 17.826 9.352
127 0 2 19.599 10.464 17.663 9.401
128 0 2 19.462 10.512 17.525 9.449
129 0 2 19.324 10.561 17.387 9.497
130 0 2 19.186 10.609 17.249 9.546
131 0 2 19.023 10.658 17.086 9.594
132 0 2 18.886 10.706 16.948 9.643
133 0 2 18.748 10.755 16.810 9.691
134 0 2 18.610 10.803 16.672 9.740
135 0 2 18.447 10.851 16.509 9.788
136 0 2 18.334 10.900 16.396 9.837
137 0 2 18.196 10.949 16.258 9.885
138 0 2 18.058 11.022 16.119 9.959
139 0 2 17.920 11.096 15.981 10.032
140 0 2 17.357 11.178 16.091 10.282
141 0 2 17.382 11.190 16.041 10.244
142 0 2 17.230 11.314 15.738 10.441
143 0 2 17.268 11.326 15.689 10.403
144 0 2 17.129 11.400 15.550 10.476
145 0 2 16.991 11.473 15.412 10.550
146 0 2 16.501 11.644 15.223 10.673
147 0 2 16.526 11.656 15.173 10.635
148 0 2 16.274 11.816 15.032 10.871
149 0 2 16.299 11.829 14.983 10.833
150 0 2 16.333 12.203 14.519 10.816
151 0 2 16.370 12.228 14.457 10.766
152 0 2 15.807 12.223 14.478 11.190
153 0 2 15.831 12.248 14.428 11.152
154 0 2 15.580 12.346 14.112 11.361
155 0 2 15.605 12.359 14.062 11.323
156 0 2 15.313 12.656 13.961 11.459
157 0 2 15.338 12.681 13.911 11.422
158 0 2 15.111 12.841 13.759 11.570
159 0 2 15.136 12.866 13.709 11.520
160 0 2 14.808 13.075 13.505 11.792
161 0 2 14.832 13.101 13.456 11.742
162 0 2 14.668 13.274 13.289 12.053
163 0 2 14.692 13.299 13.239 12.015
164 0 2 14.401 13.534 13.150 12.176
165 0 2 14.426 13.559 13.100 12.126
166 0 2 14.085 13.831 12.933 12.461
167 0 2 14.109 13.856 12.896 12.411
168 0 2 13.844 14.054 12.692 12.647
169 0 2 13.869 14.079 12.655 12.596
170 0 2 13.753 14.353 12.565 12.770
171 0 2 13.777 14.390 12.528 12.720
172 0 2 13.524 14.563 12.424 13.044
173 0 2 13.549 14.601 12.387 12.994
174 0 2 13.270 14.873 12.283 13.293
175 0 2 13.294 14.911 12.246 13.242
176 0 2 13.166 15.160 12.066 13.566
177 0 2 13.191 15.198 12.029 13.515
178 0 2 12.974 15.471 11.974 13.915
179 0 2 12.999 15.509 11.937 13.864
180 0 2 13.157 15.947 11.709 14.025
181 0 2 13.182 15.984 11.660 13.962
182 0 2 12.678 16.131 11.819 14.351
183 0 2 12.690 16.169 11.782 14.288
184 0 2 12.625 16.343 11.650 14.837
185 0 2 12.637 16.381 11.600 14.787
186 0 2 12.507 16.805 11.661 14.949
187 0 2 12.519 16.842 11.624 14.887
188 0 2 12.504 17.055 11.531 15.311
189 0 2 12.516 17.092 11.481 15.248
190 0 2 12.362 17.416 11.666 15.612
191 0 2 12.374 17.454 11.641 15.549
192 0 2 12.485 17.642 11.472 16.023
193 0 2 12.509 17.680 11.435 15.973
194 0 2 12.404 18.117 11.370 16.172
195 0 2 12.429 18.154 11.333 16.110
196 0 2 12.148 18.490 11.340 16.572
197 0 2 12.160 18.528 11.303 16.510
198 0 2 12.147 18.628 11.337 16.822
199 0 2 12.159 18.666 11.300 16.760
200 0 2 12.144 18.828 11.286 16.922
201 0 2 12.105 18.965 11.247 17.059
202 0 2 12.090 19.153 11.232 17.247
203 0 2 12.051 19.290 11.193 17.384
204 0 2 12.009 19.703 11.200 17.847
205 0 2 12.021 19.741 11.163 17.784
206 0 2 12.420 20.018 10.971 18.071
207 0 2 12.445 20.055 10.921 18.008
208 0 2 12.003 20.191 11.003 18.572
209 0 2 12.028 20.229 10.965 18.521
210 0 2 11.860 20.591 11.151 18.773
211 0 2 11.872 20.628 11.127 18.710
212 0 2 11.958 20.841 10.781 19.196
213 0 2 11.983 20.879 10.744 19.146
214 0 2 11.980 21.092 10.854 19.472
215 0 2 12.005 21.129 10.817 19.422
216 0 2 11.978 21.280 10.790 19.572
217 0 2 11.976 21.430 10.788 19.722
218 0 2 11.757 21.867 10.760 19.985
219 0 2 11.782 21.905 10.723 19.922
220 0 2 11.692 22.055 10.729 20.423
221 0 2 11.705 22.092 10.692 20.373
222 0 2 11.662 22.518 10.725 20.773
223 0 2 11.674 22.555 10.688 20.711
224 0 2 11.660 22.706 10.674 20.861
225 0 2 11.620 22.881 10.634 21.036
226 0 2 11.606 23.031 10.620 21.186
227 0 2 11.591 23.181 10.605 21.336
228 0 2 11.683 23.946 10.311 21.749
229 0 2 11.708 23.996 10.261 21.686
230 0 2 11.709 23.871 10.216 22.325
231 0 2 11.747 23.908 10.166 22.274
232 0 2 11.581 24.083 10.466 22.451
233 0 2 11.606 24.121 10.429 22.400
234 0 2 11.513 24.484 10.511 22.914
235 0 2 11.538 24.521 10.474 22.864
236 0 2 11.519 25.073 10.525 22.852
237 0 2 11.544 25.123 10.488 22.789
238 0 2 11.517 25.273 10.461 22.939
239 0 2 11.490 25.449 10.434 23.115
240 0 2 11.313 25.461 10.466 23.616
241 0 2 11.325 25.498 10.428 23.553
242 0 2 11.299 25.649 10.401 23.704
243 0 2 11.271 25.824 10.374 23.879
244 0 2 11.244 25.975 10.347 24.029
245 0 2 11.217 26.150 10.320 24.205
246 0 2 11.162 26.576 10.240 24.618
247 0 2 11.174 26.614 10.202 24.555
248 0 2 11.134 26.840 10.236 24.894
249 0 2 11.146 26.877 10.199 24.831
250 0 2 11.119 27.028 10.172 24.982
251 0 2 11.117 27.203 10.170 25.157
252 0 2 11.003 27.228 10.152 25.634
253 0 2 11.015 27.266 10.115 25.583
254 0 2 10.988 27.416 10.088 25.734
255 0 2 10.986 27.592 10.086 25.910
256 0 2 10.959 27.767 10.059 26.085
257 0 2 10.907 27.918 10.006 26.235
258 0 2 10.880 28.093 9.979 26.411
259 0 2 10.878 28.269 9.977 26.587
260 0 2 10.851 28.420 9.950 26.737
261 0 2 10.824 28.570 9.923 26.888
262 0 2 10.822 28.721 9.921 27.038
263 0 2 10.795 28.896 9.894 27.214
264 0 2 10.554 29.022 9.687 27.665
265 0 2 10.567 29.009 9.650 27.603
266 0 2 10.579 29.009 9.661 27.690
267 0 2 10.592 29.009 9.672 27.891
268 0 2 10.554 28.997 9.632 28.080
270 0 2 10.844 28.972 9.378 28.217
0 3 2 31.088 6.366 29.196 5.318
1 3 2 31.137 6.403 29.159 5.306
2 3 2 30.977 6.364 29.158 5.417
3 3 2 31.014 6.377 29.097 5.379
4 3 2 30.804 6.350 28.997 5.427
5 3 2 30.841 6.363 28.936 5.390
6 3 2 30.742 6.362 28.837 5.388
7 3 2 30.668 6.386 28.763 5.412
8 3 2 30.397 6.346 28.664 5.423
9 3 2 30.434 6.358 28.602 5.386
10 3 2 30.335 6.357 28.503 5.384
11 3 2 30.236 6.381 28.404 5.408
12 3 2 30.162 6.355 28.330 5.382
13 3 2 30.039 6.379 28.206 5.406
14 3 2 29.965 6.378 28.132 5.405
15 3 2 29.841 6.377 28.009 5.404
16 3 2 29.631 6.448 27.747 5.561
17 3 2 29.668 6.461 27.686 5.524
18 3 2 29.569 6.472 27.587 5.535
19 3 2 29.470 6.459 27.488 5.521
20 3 2 29.371 6.495 27.389 5.557
21 3 2 29.272 6.482 27.290 5.544
22 3 2 29.148 6.517 27.165 5.579
23 3 2 29.024 6.528 27.042 5.590
24 3 2 28.950 6.540 26.967 5.602
25 3 2 28.826 6.551 26.843 5.613
26 3 2 28.727 6.587 26.744 5.649
27 3 2 28.628 6.598 26.645 5.660
28 3 2 28.529 6.609 26.546 5.671
29 3 2 28.405 6.620 26.422 5.682
30 3 2 28.096 6.679 26.261 5.643
31 3 2 28.133 6.704 26.199 5.605
32 3 2 28.034 6.715 26.100 5.617
33 3 2 27.910 6.726 25.976 5.628
34 3 2 27.810 6.762 25.877 5.664
35 3 2 27.711 6.774 25.777 5.675
36 3 2 27.587 6.785 25.653 5.686
37 3 2 27.464 6.796 25.529 5.697
38 3 2 27.142 6.767 25.553 5.833
39 3 2 27.179 6.780 25.503 5.796
40 3 2 27.080 6.792 25.404 5.807
41 3 2 26.956 6.803 25.280 5.818
42 3 2 26.770 6.862 25.019 5.877
43 3 2 26.807 6.875 24.957 5.839
44 3 2 26.546 6.934 24.745 5.961
45 3 2 26.583 6.947 24.684 5.923
46 3 2 26.323 6.957 24.484 5.982
47 3 2 26.360 6.969 24.423 5.945
48 3 2 26.137 6.992 24.273 6.017
49 3 2 26.174 7.005 24.211 5.979
50 3 2 25.864 6.939 24.086 6.077
51 3 2 25.901 6.952 24.025 6.039
52 3 2 25.628 6.986 23.814 6.037
53 3 2 25.665 6.999 23.752 5.999
54 3 2 25.541 7.023 23.627 6.022
55 3 2 25.442 7.046 23.528 6.046
56 3 2 25.119 7.030 23.253 6.167
57 3 2 25.157 7.043 23.192 6.129
58 3 2 24.884 7.053 22.880 6.200
59 3 2 24.933 7.066 22.818 6.162
60 3 2 24.549 7.024 22.817 6.261
61 3 2 24.586 7.037 22.756 6.223
62 3 2 24.449 7.048 22.619 6.234
63 3 2 24.313 7.059 22.482 6.245
64 3 2 24.200 7.095 22.370 6.281
65 3 2 24.064 7.106 22.233 6.292
66 3 2 23.888 7.302 22.058 6.327
67 3 2 23.925 7.315 21.996 6.289
68 3 2 23.665 7.263 21.809 6.411
69 3 2 23.702 7.276 21.747 6.373
70 3 2 23.366 7.284 21.559 6.471
71 3 2 23.404 7.297 21.497 6.433
72 3 2 23.205 7.307 21.372 6.518
73 3 2 23.242 7.320 21.310 6.480
74 3 2 22.831 7.440 21.110 6.540
75 3 2 22.868 7.453 21.048 6.502
76 3 2 22.631 7.537 20.835 6.637
77 3 2 22.668 7.550 20.774 6.599
78 3 2 22.369 7.559 20.548 6.708
79 3 2 22.406 7.572 20.486 6.670
80 3 2 22.282 7.595 20.361 6.693
81 3 2 22.132 7.644 20.211 6.741
82 3 2 21.845 7.703 20.025 6.739
83 3 2 21.883 7.715 19.963 6.701
84 3 2 21.758 7.751 19.838 6.737
85 3 2 21.658 7.788 19.738 6.774
86 3 2 21.508 7.798 19.588 6.784
87 3 2 21.383 7.859 19.462 6.845
88 3 2 21.234 7.870 19.313 6.856
89 3 2 21.109 7.931 19.187 6.917
90 3 2 20.759 8.002 18.900 6.938
91 3 2 20.796 8.027 18.838 6.900
92 3 2 20.659 8.063 18.701 6.936
93 3 2 20.546 8.099 18.588 6.972
94 3 2 20.284 8.183 18.511 7.146
95 3 2 20.321 8.208 18.449 7.108
96 3 2 20.196 8.244 18.324 7.144
97 3 2 20.071 8.280 18.199 7.180
98 3 2 19.635 8.251 18.034 7.402
99 3 2 19.672 8.264 17.985 7.364
100 3 2 19.483 8.436 17.796 7.486
101 3 2 19.521 8.449 17.746 7.448
102 3 2 19.058 8.506 17.420 7.557
103 3 2 19.096 8.519 17.371 7.519
104 3 2 18.845 8.591 17.206 7.716
105 3 2 18.883 8.604 17.157 7.678
106 3 2 18.570 8.700 16.993 7.789
107 3 2 18.607 8.713 16.944 7.751
108 3 2 18.456 8.811 16.629 7.909
109 3 2 18.494 8.824 16.567 7.871
110 3 2 18.141 9.057 16.291 7.943
111 3 2 18.179 9.082 16.229 7.905
112 3 2 17.679 9.115 16.227 8.079
113 3 2 17.703 9.140 16.178 8.042
114 3 2 17.465 9.274 15.925 8.288
115 3 2 17.502 9.287 15.875 8.250
116 3 2 17.138 9.420 15.611 8.372
117 3 2 17.175 9.446 15.561 8.334
118 3 2 16.899 9.530 15.397 8.469
119 3 2 16.937 9.555 15.347 8.432
120 3 2 16.833 9.915 15.034 8.428
121 3 2 16.870 9.941 14.972 8.378
122 3 2 16.744 10.027 14.846 8.464
123 3 2 16.618 10.088 14.720 8.525
124 3 2 16.156 10.046 14.766 8.887
125 3 2 16.181 10.071 14.717 8.849
126 3 2 16.067 10.157 14.603 8.935
127 3 2 15.954 10.219 14.489 8.996
128 3 2 15.840 10.330 14.375 9.107
129 3 2 15.726 10.416 14.262 9.193
130 3 2 15.588 10.502 14.123 9.279
131 3 2 15.499 10.588 14.034 9.365
132 3 2 15.360 10.699 13.895 9.476
133 3 2 15.272 10.760 13.807 9.538
134 3 2 15.133 10.871 13.667 9.649
135 3 2 15.044 10.958 13.579 9.735
136 3 2 14.930 11.069 13.464 9.846
137 3 2 14.816 11.155 13.351 9.932
138 3 2 14.702 11.266 13.236 10.044
139 3 2 14.614 11.353 13.148 10.130
140 3 2 14.500 11.464 13.033 10.241
141 3 2 14.411 11.576 12.944 10.353
142 3 2 14.297 11.687 12.830 10.464
143 3 2 14.208 11.773 12.741 10.550
144 3 2 14.093 11.910 12.627 10.687
145 3 2 14.005 11.996 12.538 10.773
146 3 2 13.699 12.405 12.473 10.947
147 3 2 13.724 12.430 12.423 10.897
148 3 2 13.647 12.542 12.347 11.009
149 3 2 13.571 12.654 12.270 11.120
150 3 2 13.555 12.978 11.905 11.242
151 3 2 13.592 13.016 11.855 11.191
152 3 2 13.239 13.138 11.888 11.629
153 3 2 13.264 13.176 11.838 11.578
154 3 2 12.886 13.322 11.621 11.851
155 3 2 12.910 13.347 11.571 11.801
156 3 2 12.756 13.683 11.607 11.988
157 3 2 12.781 13.721 11.570 11.938
158 3 2 12.577 13.919 11.428 12.249
159 3 2 12.602 13.957 11.391 12.199
160 3 2 12.412 14.080 11.300 12.473
161 3 2 12.437 14.118 11.263 12.423
162 3 2 12.234 14.304 11.095 12.771
163 3 2 12.259 14.342 11.058 12.721
164 3 2 12.030 14.590 10.967 12.982
165 3 2 12.054 14.627 10.930 12.932
166 3 2 11.888 14.876 10.838 13.244
167 3 2 11.913 14.914 10.801 13.193
168 3 2 11.759 15.138 10.736 13.405
169 3 2 11.784 15.175 10.698 13.355
170 3 2 11.695 15.300 10.567 13.804
171 3 2 11.719 15.325 10.530 13.741
172 3 2 11.453 15.560 10.414 14.003
173 3 2 11.477 15.598 10.377 13.953
174 3 2 11.348 15.935 10.286 14.177
175 3 2 11.372 15.972 10.249 14.114
176 3 2 11.245 16.084 10.169 14.539
177 3 2 11.270 16.122 10.131 14.488
178 3 2 11.079 16.371 10.052 14.775
179 3 2 11.103 16.408 10.015 14.725
180 3 2 11.074 16.733 9.887 14.887
181 3 2 11.099 16.771 9.850 14.824
182 3 2 10.731 17.044 9.860 15.124
183 3 2 10.743 17.081 9.822 15.061
184 3 2 10.754 17.207 9.716 15.549
185 3 2 10.779 17.244 9.679 15.498
186 3 2 10.575 17.481 9.650 15.786
187 3 2 10.587 17.518 9.613 15.736
188 3 2 10.521 17.818 9.533 16.085
189 3 2 10.545 17.856 9.496 16.035
190 3 2 10.393 17.993 9.442 16.348
191 3 2 10.405 18.030 9.405 16.297
192 3 2 10.225 18.292 9.377 16.510
193 3 2 10.238 18.330 9.340 16.447
194 3 2 10.146 18.655 9.286 16.760
195 3 2 10.158 18.692 9.249 16.697
196 3 2 10.054 18.967 9.092 17.134
197 3 2 10.066 19.005 9.055 17.071
198 3 2 9.961 19.317 8.949 17.509
199 3 2 9.986 19.355 8.912 17.446
200 3 2 9.934 19.480 8.960 17.659
201 3 2 9.946 19.518 8.910 17.596
202 3 2 9.805 19.742 8.681 17.770
203 3 2 9.830 19.780 8.644 17.707
204 3 2 9.778 19.955 8.752 18.221
205 3 2 9.802 19.993 8.714 18.171
206 3 2 9.699 20.243 8.672 18.534
207 3 2 9.723 20.280 8.635 18.484
208 3 2 9.557 20.480 8.606 18.809
209 3 2 9.569 20.518 8.569 18.759
210 3 2 9.465 20.818 8.415 18.946
211 3 2 9.490 20.856 8.378 18.883
212 3 2 9.386 21.081 8.375 19.159
213 3 2 9.411 21.118 8.338 19.096
214 3 2 9.269 21.381 8.267 19.685
215 3 2 9.294 21.419 8.230 19.634
216 3 2 9.127 21.694 8.165 19.834
217 3 2 9.139 21.731 8.128 19.772
218 3 2 9.023 21.944 8.097 20.185
219 3 2 9.035 21.982 8.060 20.122
220 3 2 8.945 22.107 7.907 20.297
221 3 2 8.970 22.144 7.870 20.234
222 3 2 8.940 22.508 7.813 20.698
223 3 2 8.965 22.546 7.776 20.635
224 3 2 8.798 22.783 7.811 20.936
225 3 2 8.823 22.821 7.774 20.873
226 3 2 8.720 22.984 7.693 21.287
227 3 2 8.745 23.021 7.655 21.236
228 3 2 8.666 23.284 7.625 21.688
229 3 2 8.691 23.322 7.588 21.637
230 3 2 8.561 23.610 7.623 21.826
231 3 2 8.573 23.648 7.586 21.763
232 3 2 8.432 23.836 7.544 22.089
233 3 2 8.445 23.873 7.507 22.026
234 3 2 8.403 24.199 7.428 22.264
235 3 2 8.415 24.237 7.379 22.201
236 3 2 8.235 24.538 7.322 22.665
237 3 2 8.247 24.575 7.285 22.602
238 3 2 8.157 24.688 7.204 23.066
239 3 2 8.169 24.726 7.167 23.016
240 3 2 8.241 25.040 7.038 23.166
241 3 2 8.266 25.077 7.001 23.103
242 3 2 8.050 25.190 6.983 23.593
243 3 2 8.075 25.227 6.945 23.542
244 3 2 7.879 25.717 6.815 23.893
245 3 2 7.904 25.754 6.777 23.831
246 3 2 7.837 26.068 6.787 24.069
247 3 2 7.862 26.106 6.750 23.994
248 3 2 7.760 26.193 6.669 24.420
249 3 2 7.785 26.231 6.632 24.357
250 3 2 7.693 26.507 6.577 24.721
251 3 2 7.718 26.545 6.540 24.659
252 3 2 7.589 26.746 6.511 24.947
253 3 2 7.614 26.783 6.474 24.884
254 3 2 7.562 26.909 6.422 25.010
255 3 2 7.510 27.034 6.370 25.135
256 3 2 7.457 27.210 6.317 25.311
257 3 2 7.405 27.336 6.265 25.437
258 3 2 7.353 27.487 6.212 25.587
259 3 2 7.300 27.637 6.160 25.738
260 3 2 7.248 27.788 6.107 25.889
261 3 2 7.196 27.914 6.055 26.014
262 3 2 7.144 28.039 6.003 26.140
263 3 2 7.091 28.190 5.950 26.290
264 3 2 7.039 28.341 5.898 26.441
265 3 2 6.986 28.491 5.845 26.592
266 3 2 6.934 28.617 5.793 26.718
267 3 2 6.882 28.743 5.741 26.843
268 3 2 6.830 28.894 5.689 26.994
269 3 2 6.778 29.019 5.636 27.132
270 3 2 6.727 29.019 5.584 27.270
