0 0 2 32.700 8.118 30.480 7.132
1 0 2 32.761 8.148 30.439 7.121
2 0 2 32.730 8.128 30.408 7.101
3 0 2 32.679 8.107 30.357 7.080
4 0 2 32.638 8.087 30.316 7.060
5 0 2 32.587 8.056 30.264 7.029
6 0 2 32.546 8.046 30.223 7.018
7 0 2 32.484 8.015 30.161 6.987
8 0 2 32.433 8.005 30.110 6.977
9 0 2 32.392 8.005 30.069 6.977
10 0 2 32.330 8.005 30.007 6.977
11 0 2 32.259 7.995 29.935 6.967
12 0 2 32.197 7.995 29.873 6.967
13 0 2 32.136 8.026 29.812 6.998
14 0 2 32.085 8.026 29.761 6.999
15 0 2 32.023 8.026 29.699 6.999
16 0 2 31.962 8.027 29.637 6.999
17 0 2 31.890 8.017 29.565 6.989
18 0 2 31.808 8.037 29.483 7.009
19 0 2 31.726 8.058 29.401 7.030
20 0 2 31.675 8.069 29.350 7.041
21 0 2 31.634 8.069 29.308 7.041
22 0 2 31.573 8.069 29.247 7.041
23 0 2 31.511 8.059 29.185 7.031
24 0 2 31.450 8.059 29.123 7.031
25 0 2 31.388 8.059 29.061 7.031
26 0 2 31.317 8.070 28.989 7.041
27 0 2 31.265 8.070 28.938 7.041
28 0 2 31.193 8.070 28.866 7.042
29 0 2 31.142 8.060 28.814 7.031
30 0 2 31.081 8.060 28.753 7.031
31 0 2 31.019 8.091 28.691 7.063
32 0 2 30.937 8.091 28.609 7.063
33 0 2 30.876 8.092 28.547 7.063
34 0 2 30.814 8.112 28.485 7.084
35 0 2 30.742 8.102 28.413 7.074
36 0 2 30.660 8.102 28.331 7.074
37 0 2 30.578 8.103 28.248 7.074
38 0 2 30.506 8.134 28.176 7.105
39 0 2 30.445 8.124 28.115 7.095
40 0 2 30.363 8.134 28.032 7.105
41 0 2 30.270 8.145 27.940 7.116
42 0 2 30.219 8.145 27.888 7.116
43 0 2 30.127 8.145 27.795 7.116
44 0 2 30.055 8.156 27.723 7.127
45 0 2 29.972 8.156 27.641 7.127
46 0 2 29.890 8.156 27.558 7.127
47 0 2 29.798 8.146 27.465 7.117
48 0 2 29.716 8.157 27.383 7.127
49 0 2 29.633 8.147 27.300 7.117
50 0 2 29.561 8.136 27.228 7.107
51 0 2 29.479 8.137 27.145 7.107
52 0 2 29.397 8.137 27.063 7.107
53 0 2 29.304 8.127 26.970 7.097
54 0 2 29.232 8.127 26.898 7.097
55 0 2 29.140 8.127 26.805 7.097
56 0 2 29.068 8.138 26.733 7.108
57 0 2 28.954 8.138 26.619 7.108
58 0 2 28.852 8.138 26.516 7.108
59 0 2 28.779 8.128 26.443 7.098
60 0 2 28.666 8.139 26.330 7.109
61 0 2 28.563 8.160 26.227 7.130
62 0 2 28.471 8.150 26.134 7.119
63 0 2 28.368 8.160 26.030 7.130
64 0 2 28.265 8.181 25.927 7.151
65 0 2 28.151 8.171 25.813 7.141
66 0 2 28.059 8.182 25.720 7.151
67 0 2 27.976 8.172 25.637 7.141
68 0 2 27.863 8.183 25.524 7.152
69 0 2 27.770 8.183 25.431 7.152
70 0 2 27.657 8.183 25.317 7.152
71 0 2 27.564 8.173 25.224 7.142
72 0 2 27.461 8.153 25.120 7.121
73 0 2 27.327 8.163 24.985 7.132
74 0 2 27.234 8.153 24.892 7.122
75 0 2 27.151 8.133 24.809 7.101
76 0 2 27.048 8.143 24.706 7.112
77 0 2 26.934 8.123 24.592 7.091
78 0 2 26.841 8.123 24.498 7.092
79 0 2 26.728 8.124 24.384 7.092
80 0 2 26.614 8.134 24.271 7.102
81 0 2 26.511 8.135 24.167 7.103
82 0 2 26.387 8.093 24.042 7.061
83 0 2 26.274 8.146 23.928 7.113
84 0 2 26.150 8.167 23.804 7.134
85 0 2 26.046 8.177 23.701 7.145
86 0 2 25.933 8.167 23.586 7.135
87 0 2 25.829 8.167 23.483 7.135
88 0 2 25.715 8.168 23.368 7.135
89 0 2 25.591 8.179 23.244 7.146
90 0 2 25.498 8.179 23.151 7.146
91 0 2 25.374 8.189 23.026 7.157
92 0 2 25.271 8.211 22.922 7.178
93 0 2 25.136 8.211 22.787 7.178
94 0 2 25.033 8.222 22.683 7.189
95 0 2 24.909 8.222 22.559 7.189
96 0 2 24.816 8.243 22.465 7.210
97 0 2 24.691 8.254 22.341 7.220
98 0 2 24.588 8.275 22.237 7.241
99 0 2 24.464 8.275 22.112 7.242
100 0 2 24.350 8.286 21.998 7.252
101 0 2 24.246 8.286 21.894 7.253
102 0 2 24.143 8.318 21.790 7.284
103 0 2 24.028 8.318 21.675 7.284
104 0 2 23.925 8.339 21.571 7.305
105 0 2 23.821 8.360 21.468 7.326
106 0 2 23.686 8.350 21.332 7.316
107 0 2 23.583 8.381 21.228 7.348
108 0 2 23.479 8.392 21.124 7.358
109 0 2 23.386 8.424 21.031 7.390
110 0 2 23.261 8.414 20.906 7.380
111 0 2 23.158 8.445 20.802 7.411
112 0 2 23.044 8.456 20.687 7.422
113 0 2 22.919 8.477 20.562 7.443
114 0 2 22.815 8.529 20.458 7.495
115 0 2 22.722 8.550 20.364 7.516
116 0 2 22.618 8.571 20.260 7.537
117 0 2 22.357 8.385 20.438 7.662
118 0 2 22.233 8.375 20.365 7.641
119 0 2 22.483 8.530 20.166 7.537
120 0 2 22.056 8.396 20.136 7.715
121 0 2 21.974 8.657 19.864 7.548
122 0 2 21.912 8.657 19.801 7.580
123 0 2 22.047 8.615 19.760 7.632
124 0 2 21.922 8.636 19.635 7.653
125 0 2 21.818 8.626 19.530 7.643
126 0 2 21.704 8.657 19.416 7.675
127 0 2 21.610 8.658 19.322 7.675
128 0 2 21.506 8.689 19.218 7.706
129 0 2 21.402 8.700 19.113 7.717
130 0 2 21.257 8.742 18.967 7.759
131 0 2 21.153 8.753 18.863 7.770
132 0 2 21.059 8.784 18.769 7.801
133 0 2 20.965 8.806 18.675 7.822
134 0 2 20.861 8.837 18.571 7.854
135 0 2 20.737 8.869 18.445 7.885
136 0 2 20.622 8.911 18.330 7.927
137 0 2 20.508 8.922 18.215 7.938
138 0 2 20.404 8.953 18.111 7.970
139 0 2 20.310 8.974 18.017 7.991
140 0 2 20.216 9.006 17.923 8.022
141 0 2 20.091 9.038 17.798 8.054
142 0 2 19.977 9.080 17.683 8.096
143 0 2 19.862 9.111 17.568 8.128
144 0 2 19.758 9.143 17.463 8.159
145 0 2 19.664 9.164 17.369 8.180
146 0 2 19.570 9.196 17.275 8.212
147 0 2 18.975 9.187 17.087 8.296
148 0 2 18.975 9.125 17.234 8.369
149 0 2 18.819 9.240 16.930 8.359
150 0 2 18.694 9.428 16.950 8.203
151 0 2 18.558 9.449 16.835 8.276
152 0 2 18.496 9.502 16.846 8.359
153 0 2 18.371 9.565 16.762 8.391
154 0 2 18.371 9.648 16.574 8.486
155 0 2 18.319 9.649 16.574 8.527
156 0 2 18.098 9.503 16.250 8.675
157 0 2 18.111 9.837 16.218 8.539
158 0 2 17.996 9.879 16.186 8.508
159 0 2 17.933 9.911 16.040 8.613
160 0 2 17.807 9.755 16.030 8.759
161 0 2 17.724 9.849 15.905 8.822
162 0 2 17.724 9.860 15.716 8.958
163 0 2 17.378 9.903 15.622 9.084
164 0 2 17.347 9.892 15.560 9.095
165 0 2 17.525 9.954 15.486 9.022
166 0 2 17.076 10.196 15.349 8.991
167 0 2 17.065 10.113 15.192 9.159
168 0 2 17.044 10.113 15.150 9.159
169 0 2 16.982 10.228 15.108 9.211
170 0 2 16.836 10.260 14.972 9.337
171 0 2 16.961 10.239 14.972 9.306
172 0 2 16.846 10.302 14.857 9.369
173 0 2 16.752 10.344 14.763 9.411
174 0 2 16.658 10.417 14.668 9.485
175 0 2 16.574 10.460 14.584 9.527
176 0 2 16.481 10.544 14.490 9.611
177 0 2 16.397 10.596 14.406 9.664
178 0 2 16.282 10.680 14.291 9.748
179 0 2 16.188 10.764 14.197 9.832
180 0 2 15.539 11.018 14.093 10.021
181 0 2 15.874 10.964 13.893 10.032
182 0 2 15.791 11.027 13.809 10.095
183 0 2 15.717 11.049 13.735 10.116
184 0 2 15.592 11.143 13.609 10.211
185 0 2 15.508 11.227 13.525 10.295
186 0 2 15.404 11.332 13.421 10.400
187 0 2 15.351 11.364 13.368 10.432
188 0 2 15.268 11.427 13.284 10.495
189 0 2 15.215 11.490 13.232 10.558
190 0 2 15.069 11.585 13.085 10.653
191 0 2 14.985 11.648 13.001 10.716
192 0 2 14.891 11.816 12.907 10.884
193 0 2 14.828 11.806 12.844 10.874
194 0 2 14.745 11.901 12.760 10.969
195 0 2 14.566 11.902 12.580 10.970
196 0 2 14.588 12.058 12.602 11.127
197 0 2 14.504 12.143 12.518 11.211
198 0 2 14.463 12.258 12.477 11.327
199 0 2 14.347 12.321 12.361 11.390
200 0 2 14.264 12.406 12.277 11.474
201 0 2 14.159 12.469 12.172 11.538
202 0 2 14.085 12.564 12.098 11.632
203 0 2 14.023 12.648 12.036 11.717
204 0 2 13.950 12.742 11.962 11.811
205 0 2 13.520 13.111 12.005 11.885
206 0 2 13.373 13.259 11.909 11.675
207 0 2 13.278 13.197 11.953 12.000
208 0 2 13.131 13.303 11.921 11.948
209 0 2 13.005 13.429 11.763 12.096
210 0 2 13.646 13.069 11.679 12.138
211 0 2 13.552 13.153 11.584 12.222
212 0 2 13.499 13.237 11.532 12.307
213 0 2 13.416 13.332 11.448 12.401
214 0 2 13.353 13.437 11.385 12.507
215 0 2 13.258 13.490 11.290 12.560
216 0 2 13.196 13.595 11.227 12.665
217 0 2 13.133 13.680 11.164 12.749
218 0 2 13.049 13.785 11.080 12.855
219 0 2 12.997 13.900 11.028 12.970
220 0 2 12.955 13.974 10.986 13.044
221 0 2 12.882 14.090 10.913 13.160
222 0 2 12.809 14.185 10.839 13.255
223 0 2 12.746 14.269 10.776 13.339
224 0 2 12.683 14.353 10.713 13.423
225 0 2 12.610 14.469 10.640 13.539
226 0 2 12.547 14.574 10.577 13.645
227 0 2 11.844 15.355 10.862 13.601
228 0 2 12.485 14.690 10.514 13.761
229 0 2 12.422 14.774 10.451 13.845
230 0 2 12.359 14.879 10.388 13.950
231 0 2 12.328 14.974 10.357 14.045
232 0 2 12.265 15.079 10.294 14.150
233 0 2 12.223 15.184 10.252 14.256
234 0 2 12.150 15.300 10.178 14.372
235 0 2 12.109 15.405 10.137 14.477
236 0 2 12.046 15.511 10.074 14.582
237 0 2 12.015 15.605 10.042 14.677
238 0 2 11.952 15.711 9.979 14.783
239 0 2 11.889 15.816 9.916 14.888
240 0 2 11.837 15.953 9.864 15.025
241 0 2 11.795 16.058 9.822 15.130
242 0 2 11.754 16.163 9.781 15.236
243 0 2 11.722 16.258 9.749 15.330
244 0 2 11.660 16.363 9.686 15.436
245 0 2 11.618 16.469 9.645 15.541
246 0 2 11.566 16.584 9.592 15.657
247 0 2 11.524 16.690 9.550 15.763
248 0 2 11.461 16.816 9.487 15.889
249 0 2 11.430 16.911 9.456 15.984
250 0 2 11.388 17.016 9.414 16.089
251 0 2 11.347 17.121 9.373 16.195
252 0 2 11.273 17.258 9.299 16.332
253 0 2 11.232 17.363 9.257 16.437
254 0 2 11.190 17.469 9.215 16.543
255 0 2 11.159 17.563 9.184 16.637
256 0 2 11.085 17.690 9.111 16.764
257 0 2 11.075 17.795 9.100 16.869
258 0 2 11.002 17.911 9.027 16.986
259 0 2 10.960 18.038 8.985 17.112
260 0 2 10.919 18.143 8.943 17.218
261 0 2 10.887 18.238 8.912 17.312
262 0 2 10.846 18.343 8.870 17.418
263 0 2 10.794 18.469 8.818 17.544
264 0 2 10.762 18.585 8.786 17.660
265 0 2 10.710 18.691 8.734 17.766
266 0 2 10.679 18.796 8.703 17.871
267 0 2 10.637 18.891 8.661 17.966
268 0 2 10.595 19.028 8.619 18.103
269 0 2 10.554 19.123 8.577 18.198
270 0 2 10.523 19.259 8.546 18.335
271 0 2 10.481 19.365 8.504 18.441
272 0 2 10.439 19.491 8.462 18.567
273 0 2 10.408 19.586 8.431 18.662
274 0 2 10.366 19.691 8.389 18.768
275 0 2 10.325 19.828 8.347 18.905
276 0 2 10.293 19.923 8.316 19.000
277 0 2 10.252 20.060 8.274 19.137
278 0 2 10.210 20.155 8.232 19.232
279 0 2 10.179 20.271 8.201 19.348
280 0 2 10.158 20.376 8.180 19.454
281 0 2 10.127 20.513 8.149 19.591
282 0 2 10.064 20.619 8.086 19.696
283 0 2 10.022 20.724 8.044 19.802
284 0 2 9.991 20.882 8.013 19.960
285 0 2 9.960 20.966 7.982 20.045
286 0 2 9.950 21.093 7.972 20.171
287 0 2 9.908 21.188 7.930 20.266
288 0 2 9.867 21.293 7.888 20.372
289 0 2 9.846 21.398 7.867 20.477
290 0 2 9.794 21.515 7.815 20.593
291 0 2 9.752 21.620 7.773 20.699
292 0 2 9.742 21.725 7.763 20.804
293 0 2 9.700 21.820 7.721 20.900
294 0 2 9.658 21.936 7.679 21.016
295 0 2 9.616 22.063 7.637 21.142
296 0 2 9.585 22.168 7.606 21.248
297 0 2 9.543 22.274 7.564 21.354
298 0 2 9.502 22.401 7.522 21.481
299 0 2 9.492 22.495 7.512 21.575
300 0 2 9.450 22.622 7.470 21.702
301 0 2 9.408 22.748 7.428 21.829
302 0 2 9.377 22.885 7.397 21.966
303 0 2 9.335 23.012 7.355 22.093
304 0 2 9.325 23.138 7.345 22.219
305 0 2 9.284 23.254 7.303 22.335
306 0 2 9.242 23.392 7.261 22.473
307 0 2 9.221 23.486 7.241 22.568
308 0 2 9.190 23.602 7.209 22.684
309 0 2 9.148 23.729 7.168 22.811
310 0 2 9.128 23.834 7.147 22.916
311 0 2 9.096 23.930 7.115 23.011
312 0 2 9.076 24.066 7.095 23.149
313 0 2 9.034 24.162 7.053 23.244
314 0 2 9.003 24.278 7.022 23.360
315 0 2 8.961 24.383 6.980 23.466
316 0 2 8.919 24.510 6.938 23.593
317 0 2 8.909 24.605 6.928 23.688
318 0 2 8.888 24.710 6.907 23.793
319 0 2 8.847 24.847 6.865 23.931
320 0 2 8.816 24.953 6.834 24.036
321 0 2 8.774 25.059 6.792 24.142
322 0 2 8.764 25.164 6.782 24.248
323 0 2 8.722 25.280 6.740 24.364
324 0 2 8.680 25.407 6.698 24.491
325 0 2 8.659 25.512 6.677 24.596
326 0 2 8.628 25.629 6.646 24.713
327 0 2 8.586 25.734 6.604 24.819
328 0 2 8.566 25.840 6.583 24.924
329 0 2 8.534 25.935 6.552 25.019
330 0 2 8.514 26.040 6.531 25.125
331 0 2 8.472 26.146 6.489 25.231
332 0 2 8.440 26.241 6.457 25.326
333 0 2 8.420 26.326 6.437 25.411
1 7 2 10.989 29.054 9.941 27.088
2 7 2 10.956 28.865 9.961 27.004
3 7 2 10.882 28.835 10.035 26.908
4 7 2 10.924 28.793 10.087 26.708
5 7 2 10.944 28.593 10.097 26.687
6 7 2 10.891 28.562 10.065 26.540
7 7 2 10.943 28.446 10.106 26.403
8 7 2 10.953 28.267 10.064 26.351
9 7 2 10.952 28.141 10.084 26.225
10 7 2 10.994 28.036 10.094 26.109
11 7 2 10.920 28.016 10.040 25.974
12 7 2 10.940 27.900 10.072 25.910
13 7 2 11.013 27.689 10.198 25.761
14 7 2 10.907 27.576 10.070 25.637
15 7 2 10.896 27.534 10.070 25.553
16 7 2 10.895 27.450 10.101 25.343
17 7 2 10.894 27.282 10.111 25.248
18 7 2 10.926 27.177 10.121 25.153
19 7 2 10.967 27.060 10.173 25.016
20 7 2 10.967 26.997 10.225 24.879
21 7 2 10.966 26.830 10.267 24.763
22 7 2 10.986 26.682 10.192 24.701
23 7 2 10.943 26.557 10.139 24.618
24 7 2 10.921 26.411 10.117 24.429
25 7 2 10.942 26.305 10.127 24.324
26 7 2 10.952 26.232 10.105 24.251
27 7 2 11.004 26.063 10.115 24.051
28 7 2 10.908 25.918 10.125 23.935
29 7 2 11.003 25.769 10.082 23.852
30 7 2 10.939 25.718 10.102 23.757
31 7 2 10.949 25.592 10.070 23.611
32 7 2 10.937 25.393 10.091 23.506
33 7 2 11.095 25.317 9.973 23.413
34 7 2 11.084 25.180 10.057 23.233
35 7 2 11.083 24.992 9.961 23.119
36 7 2 11.019 24.898 10.088 23.012
37 7 2 10.955 24.836 10.087 22.918
38 7 2 11.050 24.688 10.076 22.781
39 7 2 11.017 24.531 10.107 22.644
40 7 2 10.964 24.521 10.106 22.476
41 7 2 11.016 24.353 10.021 22.467
42 7 2 11.047 24.216 10.042 22.341
43 7 2 11.036 24.080 9.967 22.163
44 7 2 10.961 23.997 10.009 22.121
45 7 2 11.013 23.881 10.040 22.057
46 7 2 11.013 23.776 10.113 21.846
47 7 2 11.128 23.575 10.017 21.690
48 7 2 11.064 23.513 10.069 21.585
49 7 2 11.064 23.397 10.132 21.395
50 7 2 10.967 23.199 10.142 21.269
51 7 2 11.041 23.135 10.131 21.185
52 7 2 11.125 22.977 10.141 21.048
53 7 2 11.007 22.768 10.150 20.838
54 7 2 11.018 22.716 10.150 20.775
55 7 2 11.165 22.536 10.244 20.617
56 7 2 11.195 22.346 10.254 20.501
57 7 2 11.174 22.273 10.327 20.332
58 7 2 11.120 22.148 10.263 20.144
59 7 2 11.236 21.979 10.316 20.101
60 7 2 11.267 21.884 10.336 19.923
61 7 2 11.245 21.821 10.388 19.765
62 7 2 11.191 21.570 10.302 19.577
63 7 2 11.222 21.433 10.312 19.472
64 7 2 11.253 21.307 10.386 19.387
65 7 2 11.273 21.149 10.342 19.177
66 7 2 11.346 20.928 10.363 19.135
67 7 2 11.335 20.876 10.457 18.945
68 7 2 11.387 20.666 10.510 18.808
69 7 2 11.439 20.487 10.562 18.776
70 7 2 11.524 20.517 10.678 18.544
71 7 2 11.565 20.338 10.740 18.386
72 7 2 11.616 20.086 10.602 18.283
73 7 2 11.606 20.034 10.707 18.218
74 7 2 11.594 19.814 10.802 18.165
75 7 2 11.636 19.729 10.737 17.809
76 7 2 11.656 19.603 10.758 17.777
77 7 2 11.719 19.498 10.821 17.693
78 7 2 11.802 19.298 10.873 17.493
79 7 2 11.865 19.171 10.946 17.377
80 7 2 11.875 19.003 10.956 17.272
81 7 2 12.042 18.781 11.029 17.103
82 7 2 12.074 18.770 11.049 16.914
83 7 2 12.021 18.687 11.017 16.862
84 7 2 12.020 18.540 11.038 16.746
85 7 2 12.082 18.288 11.079 16.589
86 7 2 12.103 18.246 11.111 16.484
87 7 2 12.187 18.119 11.131 16.295
88 7 2 12.217 17.920 11.183 16.179
89 7 2 12.322 17.856 11.341 16.062
90 7 2 12.364 17.730 11.393 15.978
91 7 2 12.521 17.540 11.467 15.851
92 7 2 12.573 17.392 11.550 15.725
93 7 2 12.615 17.402 11.603 15.598
94 7 2 12.709 17.182 11.697 15.398
95 7 2 12.761 17.045 11.697 15.398
96 7 2 12.719 16.982 11.717 15.189
97 7 2 12.824 16.877 11.801 15.156
98 7 2 12.865 16.719 11.758 14.999
99 7 2 12.917 16.656 11.831 14.831
100 7 2 12.990 16.498 11.915 14.768
101 7 2 13.042 16.320 11.946 14.673
102 7 2 13.115 16.235 12.019 14.557
103 7 2 13.251 16.066 12.135 14.420
104 7 2 13.230 16.035 12.166 14.273
105 7 2 13.345 15.887 12.207 14.168
106 7 2 13.397 15.740 12.354 14.020
107 7 2 13.597 15.603 12.428 14.030
108 7 2 13.659 15.508 12.459 13.915
109 7 2 13.722 15.455 12.469 13.705
110 7 2 13.460 15.583 12.691 13.913
111 7 2 13.816 15.245 12.689 13.494
112 7 2 13.910 15.066 12.805 13.420
113 7 2 14.056 14.950 12.878 13.273
114 7 2 14.129 14.771 12.919 13.136
115 7 2 14.286 14.645 12.982 13.105
116 7 2 13.908 14.836 13.141 13.187
117 7 2 13.992 14.752 13.225 13.103
118 7 2 14.547 14.141 13.298 12.966
119 7 2 14.107 14.594 13.340 12.945
120 7 2 14.191 14.488 13.424 12.840
121 7 2 14.285 14.394 13.518 12.745
122 7 2 14.389 14.267 12.751 13.284
123 7 2 14.662 14.098 13.024 13.115
124 7 2 14.976 13.907 13.340 12.924
125 7 2 15.228 13.728 13.592 12.745
126 7 2 15.489 13.559 13.854 12.576
127 7 2 15.699 13.390 14.064 12.407
128 7 2 16.054 13.168 14.420 12.185
129 7 2 16.305 12.989 14.672 12.006
152 7 2 19.207 11.501 17.581 10.518
153 7 2 19.395 11.468 17.643 10.465
154 7 2 19.551 11.447 17.769 10.412
155 7 2 19.708 11.394 17.978 10.380
156 7 2 19.937 11.361 18.124 10.338
157 7 2 19.875 11.372 18.156 10.379
158 7 2 20.000 11.340 18.281 10.348
159 7 2 20.156 11.308 18.438 10.316
160 7 2 20.323 11.286 18.605 10.294
161 7 2 20.468 11.244 18.751 10.252
162 7 2 20.593 11.222 18.876 10.230
163 7 2 20.864 11.190 19.075 10.209
164 7 2 21.083 11.220 19.158 10.187
165 7 2 21.218 11.230 19.336 10.166
166 7 2 21.395 11.187 19.482 10.134
167 7 2 21.541 11.207 19.607 10.102
168 7 2 21.437 11.166 19.680 10.185
169 7 2 21.561 11.155 19.805 10.174
170 7 2 21.717 11.113 19.962 10.132
171 7 2 21.842 11.112 20.087 10.131
172 7 2 22.248 11.089 20.221 9.933
173 7 2 22.383 11.037 20.492 9.942
174 7 2 22.506 10.838 20.576 10.035
175 7 2 22.568 10.807 20.722 10.035
176 7 2 22.517 10.922 20.743 9.962
177 7 2 22.652 10.900 20.878 9.941
178 7 2 22.797 10.889 21.024 9.930
179 7 2 22.953 10.878 21.180 9.918
180 7 2 23.078 10.877 21.305 9.918
181 7 2 23.223 10.887 21.451 9.928
182 7 2 23.337 10.876 21.565 9.917
183 7 2 23.616 10.688 21.888 10.051
184 7 2 23.917 10.686 22.096 10.040
185 7 2 23.825 10.843 22.064 9.915
186 7 2 24.166 10.685 22.315 10.039
187 7 2 24.249 10.716 22.429 10.028
188 7 2 24.456 10.715 22.647 10.027
189 7 2 24.612 10.725 22.865 10.016
190 7 2 24.757 10.713 22.876 10.036
191 7 2 24.860 10.692 22.980 10.046
192 7 2 25.036 10.671 23.167 10.066
193 7 2 25.129 10.701 23.374 10.045
194 7 2 25.306 10.732 23.540 10.023
195 7 2 25.285 10.794 23.529 9.982
196 7 2 25.430 10.804 23.675 9.991
197 7 2 25.678 10.720 23.883 10.053
198 7 2 25.647 10.813 23.893 10.011
199 7 2 25.792 10.812 24.038 10.011
200 7 2 26.051 10.884 24.297 10.082
201 7 2 26.061 10.801 24.307 9.999
202 7 2 26.216 10.810 24.463 10.009
203 7 2 26.278 10.779 24.525 9.977
204 7 2 26.454 10.820 24.701 10.018
205 7 2 26.588 10.819 24.836 10.018
206 7 2 26.743 10.839 24.991 10.038
207 7 2 26.867 10.849 25.115 10.048
208 7 2 27.001 10.848 25.250 10.047
209 7 2 27.125 10.837 25.374 10.036
210 7 2 27.259 10.836 25.509 10.036
211 7 2 27.393 10.867 25.643 10.066
212 7 2 27.538 10.866 25.788 10.066
213 7 2 27.672 10.865 25.922 10.065
214 7 2 27.806 10.865 26.057 10.064
215 7 2 27.909 10.854 26.160 10.054
216 7 2 28.074 10.874 26.326 10.074
217 7 2 28.177 10.873 26.429 10.073
218 7 2 28.321 10.883 26.574 10.083
219 7 2 28.455 10.882 26.708 10.082
220 7 2 28.589 10.882 26.842 10.082
221 7 2 28.692 10.892 26.945 10.092
222 7 2 28.836 10.891 27.090 10.091
223 7 2 28.959 10.890 27.214 10.091
224 7 2 29.104 10.900 27.358 10.100
225 7 2 29.217 10.920 27.472 10.121
226 7 2 29.351 10.919 27.606 10.120
227 7 2 29.453 10.929 27.709 10.130
228 7 2 29.597 10.929 27.853 10.129
229 7 2 29.700 10.949 27.956 10.150
230 7 2 29.844 10.958 28.101 10.159
231 7 2 30.369 11.173 28.101 10.139
232 7 2 30.698 11.182 28.224 10.148
233 7 2 30.317 11.080 28.565 10.282
234 7 2 30.441 11.079 28.688 10.281
235 7 2 30.564 11.100 28.812 10.301
236 7 2 30.955 11.253 28.760 10.146
237 7 2 30.728 11.109 28.977 10.311
238 7 2 30.852 11.139 29.100 10.341
239 7 2 30.985 11.139 29.234 10.341
240 7 2 31.334 11.178 29.162 10.269
241 7 2 31.129 11.148 29.378 10.350
242 7 2 31.252 11.158 29.502 10.360
243 7 2 31.375 11.178 29.625 10.380
244 7 2 31.477 11.178 29.728 10.380
245 7 2 31.611 11.208 29.862 10.410
246 7 2 31.734 11.249 29.985 10.451
247 7 2 31.857 11.269 30.109 10.471
248 7 2 31.949 11.278 30.201 10.481
249 7 2 32.072 11.298 30.325 10.501
250 7 2 32.195 11.318 30.448 10.521
251 7 2 32.329 11.369 30.582 10.572
252 7 2 32.431 11.379 30.684 10.582
253 7 2 32.554 11.399 30.808 10.602
254 7 2 32.667 11.440 30.921 10.643
255 7 2 32.769 11.460 31.023 10.663
256 7 2 32.892 11.480 31.147 10.683
257 7 2 33.025 11.510 31.280 10.714
258 7 2 33.128 11.530 31.383 10.734
259 7 2 33.251 11.571 31.506 10.775
260 7 2 33.363 11.580 31.619 10.784
261 7 2 33.925 11.598 31.772 10.773
262 7 2 33.690 11.589 31.947 10.793
263 7 2 33.813 11.619 32.070 10.824
264 7 2 33.915 11.660 32.172 10.864
265 7 2 34.069 11.680 32.326 10.884
266 7 2 34.130 11.710 32.388 10.915
267 7 2 34.253 11.730 32.511 10.935
268 7 2 34.345 11.771 32.603 10.976
269 7 2 34.508 11.801 32.767 11.006
270 7 2 34.590 11.842 32.849 11.047
271 7 2 34.723 11.862 32.982 11.067
272 7 2 34.804 11.882 33.064 11.087
273 7 2 34.927 11.922 33.187 11.128
274 7 2 35.091 12.004 33.290 11.220
275 7 2 35.223 12.034 33.351 11.199
276 7 2 35.540 12.104 33.351 11.199
277 7 2 35.478 12.073 33.535 11.219
278 7 2 35.642 12.165 33.474 11.250
279 7 2 35.855 12.112 33.627 11.228
280 7 2 35.835 12.113 33.730 11.321
281 7 2 35.978 12.153 33.965 11.340
