0 0 2 26.689 6.440 24.920 5.630
1 0 2 26.737 6.464 24.884 5.618
2 0 2 26.630 6.476 24.777 5.630
3 0 2 26.500 6.465 24.647 5.619
4 0 2 26.394 6.500 24.540 5.655
5 0 2 26.264 6.489 24.410 5.643
6 0 2 26.157 6.525 24.304 5.679
7 0 2 26.027 6.513 24.173 5.668
8 0 2 25.921 6.549 24.067 5.704
9 0 2 25.790 6.538 23.936 5.692
10 0 2 25.684 6.574 23.829 5.728
11 0 2 25.554 6.586 23.699 5.740
12 0 2 25.423 6.598 23.569 5.753
13 0 2 25.293 6.611 23.438 5.765
14 0 2 25.187 6.623 23.331 5.777
15 0 2 25.056 6.635 23.201 5.789
16 0 2 24.950 6.671 23.094 5.825
17 0 2 24.796 6.683 22.940 5.837
18 0 2 24.689 6.696 22.833 5.850
19 0 2 24.559 6.708 22.703 5.862
20 0 2 24.429 6.744 22.572 5.898
21 0 2 24.298 6.756 22.442 5.910
22 0 2 24.168 6.769 22.311 5.922
23 0 2 24.037 6.781 22.180 5.935
24 0 2 23.907 6.817 22.050 5.971
25 0 2 23.777 6.829 21.919 5.983
26 0 2 23.670 6.865 21.813 6.019
27 0 2 23.516 6.878 21.658 6.031
28 0 2 23.409 6.913 21.551 6.067
29 0 2 23.255 6.926 21.397 6.079
30 0 2 23.148 6.962 21.290 6.115
31 0 2 23.018 6.974 21.159 6.127
32 0 2 22.887 7.010 21.029 6.163
33 0 2 22.757 7.022 20.898 6.176
34 0 2 22.626 7.059 20.767 6.212
35 0 2 22.496 7.095 20.636 6.248
36 0 2 22.365 7.131 20.506 6.284
37 0 2 22.211 7.143 20.351 6.296
38 0 2 22.104 7.179 20.244 6.332
39 0 2 21.950 7.215 20.090 6.368
40 0 2 21.843 7.251 19.983 6.404
41 0 2 21.689 7.264 19.828 6.417
42 0 2 21.582 7.323 19.721 6.476
43 0 2 21.427 7.336 19.566 6.489
44 0 2 21.321 7.372 19.459 6.525
45 0 2 21.166 7.408 19.304 6.561
46 0 2 21.036 7.468 19.174 6.621
47 0 2 20.905 7.480 19.043 6.633
48 0 2 20.774 7.540 18.912 6.693
49 0 2 20.643 7.552 18.781 6.705
50 0 2 20.513 7.612 18.650 6.765
51 0 2 20.382 7.648 18.519 6.801
52 0 2 20.251 7.708 18.388 6.861
53 0 2 20.120 7.744 18.257 6.897
54 0 2 19.990 7.804 18.126 6.957
55 0 2 19.859 7.840 17.995 6.993
56 0 2 19.728 7.900 17.864 7.053
57 0 2 19.597 7.936 17.733 7.089
58 0 2 19.467 7.996 17.602 7.149
59 0 2 19.336 8.032 17.471 7.185
60 0 2 19.205 8.092 17.340 7.245
61 0 2 19.074 8.128 17.209 7.281
62 0 2 18.943 8.188 17.078 7.341
63 0 2 18.812 8.248 16.946 7.401
64 0 2 18.681 8.308 16.815 7.461
65 0 2 18.550 8.344 16.684 7.497
66 0 2 18.443 8.404 16.577 7.557
67 0 2 18.288 8.441 16.422 7.593
68 0 2 18.181 8.524 16.314 7.676
69 0 2 18.050 8.561 16.183 7.713
70 0 2 17.919 8.621 16.052 7.773
71 0 2 17.788 8.681 15.921 7.833
72 0 2 17.681 8.764 15.813 7.916
73 0 2 17.550 8.800 15.682 7.953
74 0 2 17.419 8.884 15.551 8.036
75 0 2 17.288 8.944 15.419 8.096
76 0 2 17.180 9.004 15.312 8.156
77 0 2 17.049 9.064 15.181 8.216
78 0 2 16.942 9.148 15.073 8.300
79 0 2 16.811 9.208 14.942 8.360
80 0 2 16.704 9.292 14.834 8.444
81 0 2 16.573 9.352 14.703 8.504
82 0 2 16.465 9.436 14.596 8.588
83 0 2 16.334 9.496 14.464 8.648
84 0 2 16.227 9.580 14.357 8.732
85 0 2 16.096 9.640 14.225 8.792
86 0 2 15.988 9.724 14.118 8.876
87 0 2 15.857 9.784 13.986 8.936
88 0 2 15.750 9.868 13.879 9.020
89 0 2 15.642 9.952 13.771 9.103
90 0 2 15.535 10.035 13.663 9.187
91 0 2 15.404 10.120 13.532 9.271
92 0 2 15.320 10.203 13.448 9.355
93 0 2 15.189 10.264 13.317 9.415
94 0 2 15.081 10.371 13.209 9.523
95 0 2 14.974 10.455 13.102 9.607
96 0 2 14.867 10.539 12.994 9.691
97 0 2 14.759 10.623 12.886 9.775
98 0 2 14.652 10.707 12.779 9.859
99 0 2 14.544 10.791 12.671 9.943
100 0 2 14.437 10.899 12.563 10.051
101 0 2 14.329 10.983 12.456 10.135
102 0 2 14.246 11.091 12.372 10.242
103 0 2 14.114 11.175 12.240 10.327
104 0 2 14.031 11.283 12.156 10.434
105 0 2 13.923 11.367 12.049 10.518
106 0 2 13.840 11.474 11.965 10.626
107 0 2 13.732 11.558 11.857 10.710
108 0 2 13.649 11.666 11.773 10.818
109 0 2 13.541 11.750 11.666 10.902
110 0 2 13.457 11.858 11.582 11.010
111 0 2 13.350 11.966 11.474 11.118
112 0 2 13.266 12.074 11.390 11.226
113 0 2 13.159 12.182 11.282 11.334
114 0 2 13.099 12.290 11.223 11.442
115 0 2 12.991 12.398 11.115 11.550
116 0 2 12.908 12.506 11.031 11.658
117 0 2 12.824 12.614 10.947 11.766
118 0 2 12.740 12.722 10.863 11.874
119 0 2 12.657 12.830 10.780 11.982
120 0 2 12.573 12.961 10.696 12.114
121 0 2 12.489 13.069 10.612 12.222
122 0 2 12.430 13.177 10.552 12.329
123 0 2 12.322 13.286 10.444 12.438
124 0 2 12.262 13.417 10.384 12.569
125 0 2 12.179 13.525 10.300 12.677
126 0 2 12.119 13.657 10.241 12.809
127 0 2 12.035 13.765 10.157 12.917
128 0 2 11.976 13.897 10.097 13.049
129 0 2 11.892 14.005 10.013 13.157
130 0 2 11.832 14.137 9.953 13.289
131 0 2 11.748 14.245 9.869 13.397
132 0 2 11.689 14.377 9.809 13.529
133 0 2 11.629 14.485 9.749 13.637
134 0 2 11.569 14.617 9.690 13.769
135 0 2 11.485 14.725 9.606 13.877
136 0 2 11.450 14.857 9.570 14.009
137 0 2 11.366 14.965 9.486 14.117
138 0 2 11.306 15.097 9.426 14.249
139 0 2 11.246 15.229 9.366 14.382
140 0 2 11.187 15.361 9.306 14.514
141 0 2 11.127 15.469 9.246 14.622
142 0 2 11.067 15.601 9.186 14.754
143 0 2 11.007 15.733 9.126 14.886
144 0 2 10.972 15.865 9.090 15.018
145 0 2 10.912 15.973 9.030 15.126
146 0 2 10.852 16.129 8.971 15.282
147 0 2 10.792 16.237 8.911 15.390
148 0 2 10.756 16.369 8.875 15.522
149 0 2 10.697 16.501 8.815 15.654
150 0 2 10.661 16.633 8.779 15.786
151 0 2 10.601 16.765 8.719 15.918
152 0 2 10.565 16.897 8.683 16.051
153 0 2 10.505 17.006 8.623 16.159
154 0 2 10.470 17.162 8.587 16.315
155 0 2 10.410 17.270 8.527 16.423
156 0 2 10.374 17.402 8.491 16.555
157 0 2 10.314 17.534 8.431 16.687
158 0 2 10.278 17.666 8.395 16.820
159 0 2 10.243 17.798 8.360 16.952
160 0 2 10.207 17.930 8.324 17.084
161 0 2 10.147 18.063 8.264 17.216
162 0 2 10.111 18.195 8.228 17.348
163 0 2 10.075 18.327 8.192 17.480
164 0 2 10.040 18.483 8.156 17.637
165 0 2 9.668 19.050 8.723 17.380
166 0 2 9.680 19.086 8.686 17.320
167 0 2 9.644 19.218 8.650 17.453
168 0 2 9.608 19.374 8.615 17.609
169 0 2 9.572 19.482 8.579 17.717
170 0 2 9.536 19.639 8.543 17.873
171 0 2 9.501 19.771 8.507 18.005
172 0 2 9.465 19.903 8.471 18.137
173 0 2 9.429 20.035 8.435 18.270
174 0 2 9.393 20.192 8.399 18.426
175 0 2 9.357 20.324 8.363 18.558
176 0 2 9.165 20.674 8.183 18.800
177 0 2 9.189 20.710 8.147 18.740
178 0 2 9.166 20.830 8.123 18.860
179 0 2 9.142 20.950 8.099 18.980
180 0 2 9.094 21.119 8.051 19.149
181 0 2 9.070 21.239 8.027 19.269
182 0 2 9.046 21.383 8.003 19.413
183 0 2 8.998 21.528 7.955 19.558
184 0 2 8.975 21.672 7.931 19.702
185 0 2 8.927 21.817 7.883 19.846
186 0 2 8.903 21.937 7.859 19.967
187 0 2 8.891 22.129 7.957 20.134
188 0 2 8.903 22.177 7.920 20.074
189 0 2 8.880 22.298 7.896 20.194
190 0 2 8.832 22.466 7.848 20.363
191 0 2 8.784 22.587 7.800 20.483
192 0 2 8.760 22.755 7.776 20.652
193 0 2 8.736 22.876 7.753 20.772
194 0 2 8.688 23.021 7.705 20.917
195 0 2 8.664 23.165 7.681 21.061
196 0 2 8.640 23.310 7.657 21.205
197 0 2 8.593 23.454 7.609 21.350
198 0 2 8.436 23.805 7.489 21.676
199 0 2 8.448 23.853 7.452 21.616
200 0 2 8.413 23.985 7.416 21.749
201 0 2 8.377 24.142 7.380 21.905
202 0 2 8.341 24.275 7.344 22.038
203 0 2 8.305 24.407 7.308 22.170
204 0 2 8.269 24.540 7.272 22.303
205 0 2 8.233 24.697 7.236 22.460
206 0 2 8.173 24.830 7.176 22.592
207 0 2 8.161 24.962 7.164 22.725
208 0 2 8.101 25.096 7.104 22.858
209 0 2 8.077 25.072 7.142 23.459
210 0 2 8.089 25.108 7.105 23.411
211 0 2 8.065 25.228 7.081 23.532
212 0 2 7.993 25.398 7.009 23.701
213 0 2 7.969 25.518 6.985 23.821
214 0 2 7.921 25.663 6.937 23.966
215 0 2 7.873 25.808 6.889 24.111
216 0 2 7.825 25.953 6.841 24.256
217 0 2 7.801 26.074 6.817 24.377
218 0 2 7.777 26.195 6.793 24.497
219 0 2 7.705 26.364 6.721 24.667
220 0 2 7.681 26.461 6.697 24.763
221 0 2 7.632 26.606 6.648 24.908
222 0 2 7.584 26.751 6.600 25.053
223 0 2 7.536 26.872 6.552 25.174
224 0 2 7.512 27.041 6.528 25.343
225 0 2 7.488 27.162 6.504 25.464
226 0 2 7.416 27.307 6.432 25.609
227 0 2 7.392 27.452 6.408 25.754
228 0 2 7.344 27.573 6.360 25.875
229 0 2 7.296 27.695 6.311 25.996
230 0 2 7.248 27.864 6.263 26.166
231 0 2 7.224 27.961 6.239 26.262
232 0 2 7.200 28.106 6.215 26.407
233 0 2 7.127 28.227 6.143 26.529
234 0 2 7.103 28.372 6.119 26.674
235 0 2 7.055 28.517 6.071 26.819
236 0 2 7.007 28.639 6.022 26.940
237 0 2 6.983 28.760 5.998 27.061
238 0 2 6.959 28.905 5.974 27.206
239 0 2 6.887 29.026 5.902 27.327
240 0 2 6.863 29.147 5.878 27.448
241 0 2 6.815 29.293 5.830 27.593
242 0 2 6.792 29.884 5.733 27.679
243 0 2 6.816 29.932 5.696 27.607
244 0 2 6.792 30.041 5.672 27.716
245 0 2 6.768 30.102 5.648 27.837
246 0 2 6.719 30.102 5.600 27.958
247 0 2 6.671 30.103 5.551 28.092
248 0 2 6.622 30.092 5.503 28.225
249 0 2 6.598 30.092 5.479 28.370
250 0 2 6.574 30.092 5.455 28.479
251 0 2 6.501 30.081 5.383 28.613
252 0 2 6.477 30.082 5.358 28.746
253 0 2 6.428 30.082 5.310 28.867
254 0 2 6.428 30.082 5.310 28.976
255 0 2 6.428 30.070 5.311 29.108
256 0 2 6.404 30.071 5.286 29.217
258 0 2 6.428 30.070 5.250 29.170
259 0 2 6.416 30.071 5.238 29.254
260 0 2 6.404 30.071 5.226 29.351
261 0 2 6.392 30.071 5.214 29.460
262 0 2 6.380 30.071 5.202 29.545
264 0 2 6.404 30.071 5.166 29.509
265 0 2 6.404 30.059 5.166 29.497
267 0 2 6.428 30.058 5.117 29.461
268 0 2 6.428 30.058 5.117 29.461
269 0 2 6.428 30.058 5.117 29.461
270 0 2 6.428 30.058 5.117 29.461
271 0 2 6.428 30.058 5.117 29.461
272 0 2 6.428 30.058 5.117 29.461
273 0 2 6.428 30.070 5.117 29.473
274 0 2 6.428 30.070 5.117 29.473
275 0 2 6.428 30.070 5.117 29.473
277 0 2 6.452 30.070 5.068 29.438
278 0 2 6.452 30.070 5.068 29.438
279 0 2 6.452 30.070 5.068 29.438
280 0 2 6.452 30.070 5.068 29.438
281 0 2 6.452 30.070 5.068 29.438
282 0 2 6.452 30.070 5.068 29.438
283 0 2 6.452 30.070 5.068 29.438
284 0 2 6.452 30.070 5.068 29.438
285 0 2 6.452 30.070 5.068 29.438
286 0 2 6.452 30.070 5.068 29.438
287 0 2 6.452 30.070 5.068 29.438
288 0 2 6.452 30.070 5.068 29.438
289 0 2 6.452 30.070 5.068 29.438
291 0 2 6.477 30.070 5.020 29.402
292 0 2 6.477 30.070 5.020 29.402
293 0 2 6.477 30.070 5.020 29.402
294 0 2 6.477 30.070 5.020 29.402
295 0 2 6.477 30.070 5.020 29.402
296 0 2 6.477 30.070 5.020 29.402
0 1 2 29.227 9.149 27.354 8.484
1 1 2 29.274 9.173 27.318 8.484
2 1 2 29.203 9.161 27.247 8.472
3 1 2 29.109 9.174 27.153 8.485
4 1 2 29.038 9.186 27.082 8.497
5 1 2 28.943 9.174 26.987 8.485
6 1 2 28.872 9.187 26.916 8.498
7 1 2 28.778 9.175 26.821 8.486
8 1 2 28.683 9.187 26.727 8.498
9 1 2 28.589 9.176 26.632 8.487
10 1 2 28.494 9.188 26.537 8.499
11 1 2 28.400 9.201 26.443 8.511
12 1 2 28.305 9.213 26.348 8.524
13 1 2 28.234 9.225 26.277 8.536
14 1 2 28.140 9.261 26.183 8.572
15 1 2 28.046 9.273 26.088 8.584
16 1 2 27.975 9.285 26.017 8.596
17 1 2 27.880 9.298 25.922 8.608
18 1 2 27.786 9.310 25.828 8.621
19 1 2 27.691 9.322 25.733 8.633
20 1 2 27.620 9.334 25.662 8.645
21 1 2 27.526 9.347 25.567 8.657
22 1 2 27.431 9.359 25.472 8.670
23 1 2 27.336 9.371 25.378 8.682
24 1 2 27.242 9.384 25.283 8.694
25 1 2 27.147 9.372 25.188 8.683
26 1 2 27.052 9.385 25.093 8.695
27 1 2 26.982 9.397 25.022 8.707
28 1 2 26.887 9.409 24.927 8.720
29 1 2 26.792 9.398 24.832 8.708
30 1 2 26.697 9.410 24.737 8.720
31 1 2 26.603 9.422 24.643 8.733
32 1 2 26.508 9.435 24.548 8.745
33 1 2 26.413 9.423 24.453 8.734
34 1 2 26.319 9.459 24.358 8.769
35 1 2 26.200 9.448 24.239 8.758
36 1 2 26.106 9.460 24.145 8.770
37 1 2 26.011 9.473 24.050 8.783
38 1 2 25.892 9.485 23.931 8.795
39 1 2 25.798 9.497 23.836 8.807
40 1 2 25.679 9.533 23.718 8.844
41 1 2 25.585 9.546 23.623 8.856
42 1 2 25.490 9.582 23.528 8.892
43 1 2 25.395 9.594 23.433 8.904
44 1 2 25.301 9.630 23.338 8.940
45 1 2 25.206 9.642 23.243 8.952
46 1 2 25.087 9.655 23.125 8.965
47 1 2 24.993 9.667 23.030 8.977
48 1 2 24.898 9.679 22.935 8.989
49 1 2 24.779 9.692 22.816 9.002
50 1 2 24.684 9.704 22.721 9.014
51 1 2 24.589 9.717 22.626 9.026
52 1 2 24.471 9.729 22.507 9.039
53 1 2 24.376 9.718 22.412 9.027
54 1 2 24.257 9.730 22.293 9.040
55 1 2 24.162 9.742 22.198 9.052
56 1 2 24.067 9.755 22.103 9.064
57 1 2 23.973 9.767 22.008 9.077
58 1 2 23.854 9.779 21.889 9.089
59 1 2 23.759 9.792 21.794 9.101
60 1 2 23.664 9.804 21.699 9.114
61 1 2 23.545 9.793 21.580 9.103
62 1 2 23.450 9.829 21.485 9.139
63 1 2 23.332 9.818 21.366 9.127
64 1 2 23.237 9.854 21.271 9.163
65 1 2 23.142 9.866 21.176 9.176
66 1 2 23.047 9.878 21.081 9.188
67 1 2 22.928 9.891 20.962 9.200
68 1 2 22.833 9.903 20.866 9.213
69 1 2 22.738 9.916 20.771 9.225
70 1 2 22.619 9.928 20.652 9.237
71 1 2 22.524 9.940 20.557 9.250
72 1 2 22.429 9.976 20.462 9.286
73 1 2 22.310 9.965 20.343 9.275
74 1 2 22.215 10.001 20.248 9.311
75 1 2 22.120 10.014 20.152 9.323
76 1 2 22.025 10.026 20.057 9.335
77 1 2 21.906 10.039 19.938 9.348
78 1 2 21.811 10.075 19.843 9.384
79 1 2 21.716 10.087 19.748 9.396
80 1 2 21.621 10.099 19.652 9.409
81 1 2 21.526 10.112 19.557 9.421
82 1 2 21.407 10.148 19.438 9.457
83 1 2 21.312 10.160 19.343 9.469
84 1 2 21.217 10.173 19.247 9.482
85 1 2 21.122 10.185 19.152 9.494
86 1 2 21.027 10.221 19.057 9.530
87 1 2 20.931 10.234 18.962 9.543
88 1 2 20.812 10.246 18.842 9.555
89 1 2 20.717 10.258 18.747 9.567
90 1 2 20.622 10.295 18.652 9.604
91 1 2 20.527 10.307 18.556 9.616
92 1 2 20.432 10.319 18.461 9.628
93 1 2 20.313 10.332 18.342 9.641
94 1 2 20.217 10.368 18.246 9.677
95 1 2 20.122 10.380 18.151 9.689
96 1 2 20.027 10.416 18.056 9.725
97 1 2 19.932 10.429 17.960 9.738
98 1 2 19.837 10.465 17.865 9.774
99 1 2 19.741 10.477 17.769 9.786
100 1 2 19.622 10.514 17.650 9.822
101 1 2 19.527 10.526 17.555 9.835
102 1 2 19.432 10.562 17.459 9.871
103 1 2 19.336 10.575 17.364 9.883
104 1 2 19.241 10.611 17.268 9.920
105 1 2 19.170 10.623 17.197 9.932
106 1 2 19.074 10.659 17.101 9.968
107 1 2 18.979 10.672 17.006 9.980
108 1 2 18.884 10.708 16.910 10.017
109 1 2 18.788 10.720 16.815 10.029
110 1 2 18.693 10.757 16.719 10.065
111 1 2 18.621 10.769 16.647 10.077
112 1 2 18.526 10.805 16.552 10.114
113 1 2 18.431 10.841 16.456 10.150
114 1 2 18.336 10.877 16.361 10.186
115 1 2 18.264 10.890 16.289 10.198
116 1 2 18.169 10.926 16.194 10.234
117 1 2 18.073 10.962 16.098 10.271
118 1 2 17.978 10.998 16.003 10.307
119 1 2 17.906 11.011 15.931 10.319
120 1 2 17.811 11.047 15.835 10.355
121 1 2 17.715 11.083 15.740 10.392
122 1 2 17.620 11.119 15.644 10.428
123 1 2 17.549 11.155 15.573 10.464
124 1 2 17.453 11.192 15.477 10.500
125 1 2 17.358 11.228 15.381 10.536
126 1 2 17.262 11.264 15.286 10.573
127 1 2 17.191 11.300 15.214 10.609
128 1 2 17.095 11.337 15.118 10.645
129 1 2 17.000 11.373 15.023 10.681
130 1 2 16.928 11.433 14.951 10.741
131 1 2 16.833 11.469 14.856 10.777
132 1 2 16.761 11.529 14.784 10.837
133 1 2 16.690 11.565 14.712 10.874
134 1 2 16.594 11.625 14.617 10.934
135 1 2 16.523 11.661 14.545 10.970
136 1 2 16.427 11.721 14.449 11.030
137 1 2 16.356 11.758 14.378 11.066
138 1 2 16.260 11.818 14.282 11.126
139 1 2 16.189 11.854 14.210 11.162
140 1 2 16.093 11.914 14.114 11.222
141 1 2 15.998 11.974 14.019 11.283
142 1 2 15.926 12.034 13.947 11.343
143 1 2 15.854 12.070 13.875 11.379
144 1 2 15.759 12.130 13.780 11.439
145 1 2 15.687 12.190 13.708 11.499
146 1 2 15.616 12.251 13.636 11.559
147 1 2 15.520 12.287 13.540 11.595
148 1 2 15.449 12.347 13.469 11.655
149 1 2 15.377 12.407 13.397 11.715
150 1 2 15.305 12.491 13.325 11.799
151 1 2 15.234 12.551 13.253 11.859
152 1 2 15.162 12.635 13.182 11.943
153 1 2 15.091 12.695 13.110 12.003
154 1 2 15.043 12.779 13.062 12.087
155 1 2 14.971 12.839 12.990 12.147
156 1 2 14.900 12.923 12.919 12.231
157 1 2 14.828 13.007 12.847 12.315
158 1 2 14.757 13.091 12.775 12.399
159 1 2 14.685 13.174 12.704 12.483
160 1 2 14.638 13.258 12.656 12.567
161 1 2 14.566 13.342 12.584 12.651
162 1 2 14.518 13.426 12.536 12.735
163 1 2 14.447 13.510 12.465 12.819
164 1 2 14.399 13.594 12.417 12.903
165 1 2 13.921 14.051 12.945 12.780
166 1 2 13.945 14.074 12.908 12.733
167 1 2 13.898 14.170 12.861 12.828
168 1 2 13.850 14.242 12.813 12.900
169 1 2 13.778 14.338 12.741 12.996
170 1 2 13.755 14.434 12.718 13.092
171 1 2 13.683 14.530 12.646 13.188
172 1 2 13.635 14.602 12.598 13.260
173 1 2 13.588 14.698 12.550 13.356
174 1 2 13.540 14.794 12.503 13.451
175 1 2 13.492 14.890 12.455 13.547
176 1 2 13.253 15.238 12.443 13.703
177 1 2 13.265 15.274 12.407 13.655
178 1 2 13.242 15.369 12.384 13.751
179 1 2 13.194 15.465 12.336 13.847
180 1 2 13.146 15.561 12.288 13.943
181 1 2 13.123 15.657 12.264 14.038
182 1 2 13.075 15.777 12.217 14.158
183 1 2 13.051 15.873 12.193 14.254
184 1 2 13.028 15.992 12.169 14.374
185 1 2 12.980 16.088 12.122 14.469
186 1 2 12.956 16.184 12.098 14.565
187 1 2 13.029 16.291 12.002 14.781
188 1 2 13.053 16.327 11.966 14.733
189 1 2 13.029 16.423 11.942 14.829
190 1 2 13.006 16.542 11.919 14.949
191 1 2 12.958 16.662 11.871 15.069
192 1 2 12.934 16.734 11.847 15.141
193 1 2 12.911 16.878 11.824 15.284
194 1 2 12.887 16.974 11.800 15.380
195 1 2 12.839 17.070 11.752 15.476
196 1 2 12.816 17.166 11.728 15.572
197 1 2 12.792 17.286 11.705 15.692
198 1 2 12.624 17.455 11.777 15.823
199 1 2 12.636 17.490 11.741 15.775
200 1 2 12.625 17.586 11.729 15.871
201 1 2 12.589 17.706 11.694 15.991
202 1 2 12.577 17.802 11.682 16.087
203 1 2 12.542 17.898 11.646 16.183
204 1 2 12.530 18.018 11.635 16.302
205 1 2 12.494 18.138 11.599 16.422
206 1 2 12.483 18.234 11.587 16.518
207 1 2 12.447 18.330 11.551 16.614
208 1 2 12.435 18.449 11.540 16.734
209 1 2 12.557 18.939 11.504 16.950
210 1 2 12.581 18.987 11.468 16.890
211 1 2 12.558 19.083 11.444 16.986
212 1 2 12.558 19.203 11.445 17.106
213 1 2 12.534 19.299 11.421 17.202
214 1 2 12.511 19.419 11.397 17.321
215 1 2 12.511 19.514 11.397 17.417
216 1 2 12.487 19.634 11.374 17.537
217 1 2 12.464 19.730 11.350 17.633
218 1 2 12.464 19.850 11.350 17.753
219 1 2 12.440 19.970 11.327 17.873
220 1 2 12.417 20.066 11.303 17.969
221 1 2 12.417 20.186 11.303 18.088
222 1 2 12.393 20.282 11.279 18.184
223 1 2 12.370 20.402 11.256 18.304
224 1 2 12.370 20.498 11.256 18.400
225 1 2 12.346 20.618 11.232 18.520
226 1 2 12.322 20.714 11.209 18.616
227 1 2 12.323 20.834 11.209 18.736
228 1 2 12.299 20.930 11.185 18.832
229 1 2 12.275 21.050 11.161 18.952
230 1 2 12.276 21.170 11.162 19.072
231 1 2 12.131 21.076 10.897 19.170
232 1 2 12.155 21.123 10.849 19.111
233 1 2 12.144 21.231 10.837 19.219
234 1 2 12.132 21.315 10.825 19.303
235 1 2 12.120 21.447 10.814 19.435
236 1 2 12.085 21.556 10.778 19.543
237 1 2 12.073 21.664 10.766 19.651
238 1 2 12.061 21.772 10.754 19.759
239 1 2 12.050 21.904 10.743 19.891
240 1 2 12.038 21.988 10.731 19.975
241 1 2 12.026 22.120 10.719 20.107
242 1 2 12.014 22.228 10.707 20.215
243 1 2 12.003 22.336 10.696 20.323
244 1 2 11.991 22.444 10.684 20.431
245 1 2 11.979 22.576 10.672 20.563
246 1 2 11.968 22.660 10.660 20.647
247 1 2 11.956 22.792 10.649 20.779
248 1 2 11.944 22.900 10.637 20.887
249 1 2 11.933 23.009 10.625 20.995
250 1 2 11.921 23.117 10.614 21.103
251 1 2 11.933 23.249 10.626 21.235
252 1 2 11.922 23.357 10.614 21.343
253 1 2 11.910 23.489 10.603 21.475
254 1 2 11.898 23.597 10.591 21.583
255 1 2 11.887 23.705 10.579 21.691
256 1 2 11.875 23.813 10.567 21.799
258 1 2 11.876 24.053 10.568 22.039
259 1 2 11.864 24.162 10.556 22.148
260 1 2 11.852 24.270 10.545 22.256
261 1 2 11.865 24.402 10.557 22.388
262 1 2 11.853 24.510 10.545 22.496
264 1 2 11.854 24.726 10.546 22.712
265 1 2 11.842 24.858 10.534 22.844
267 1 2 11.843 25.074 10.535 23.060
268 1 2 11.831 25.183 10.523 23.168
269 1 2 11.820 25.291 10.511 23.277
270 1 2 11.808 25.399 10.500 23.385
271 1 2 11.820 25.531 10.512 23.517
272 1 2 11.809 25.639 10.500 23.625
273 1 2 11.821 25.747 10.513 23.733
274 1 2 11.809 25.856 10.501 23.841
275 1 2 11.822 25.964 10.513 23.949
277 1 2 11.822 26.180 10.514 24.165
278 1 2 11.811 26.288 10.502 24.274
279 1 2 11.823 26.396 10.515 24.382
280 1 2 11.811 26.481 10.503 24.466
281 1 2 11.824 26.613 10.515 24.598
282 1 2 11.812 26.697 10.503 24.682
283 1 2 11.824 26.805 10.516 24.790
284 1 2 11.837 26.913 10.528 24.898
285 1 2 11.849 27.021 10.540 25.006
286 1 2 11.837 27.105 10.529 25.090
287 1 2 11.850 27.237 10.541 25.222
288 1 2 11.838 27.322 10.529 25.307
289 1 2 11.875 27.430 10.566 25.414
291 1 2 11.875 27.646 10.566 25.631
292 1 2 11.888 27.730 10.579 25.715
293 1 2 11.900 27.838 10.591 25.823
294 1 2 11.888 27.922 10.579 25.907
295 1 2 11.901 28.055 10.592 26.039
296 1 2 11.913 28.139 10.604 26.123
257 1 2 11.888 23.945 10.580 21.931
263 1 2 11.866 24.618 10.558 22.604
266 1 2 11.831 24.967 10.522 22.952
276 1 2 11.810 26.072 10.502 24.057
290 1 2 11.863 27.514 10.554 25.499
297 1 2 11.925 28.247 10.616 26.231
0 2 2 32.425 7.895 30.617 7.206
1 2 2 32.472 7.918 30.581 7.206
2 2 2 32.366 7.930 30.475 7.218
3 2 2 32.260 7.919 30.369 7.207
4 2 2 32.154 7.931 30.263 7.219
5 2 2 32.048 7.920 30.157 7.207
6 2 2 31.942 7.932 30.051 7.220
7 2 2 31.836 7.944 29.944 7.232
8 2 2 31.707 7.957 29.815 7.244
9 2 2 31.624 7.945 29.732 7.233
10 2 2 31.495 7.958 29.602 7.245
11 2 2 31.389 7.970 29.496 7.257
12 2 2 31.259 7.982 29.366 7.270
13 2 2 31.153 7.995 29.260 7.282
14 2 2 31.024 8.007 29.130 7.294
15 2 2 30.918 8.019 29.024 7.306
16 2 2 30.788 8.032 28.894 7.319
17 2 2 30.658 8.044 28.765 7.331
18 2 2 30.529 8.056 28.635 7.343
19 2 2 30.423 8.069 28.528 7.355
20 2 2 30.293 8.081 28.399 7.368
21 2 2 30.163 8.093 28.269 7.380
22 2 2 30.034 8.106 28.139 7.392
23 2 2 29.927 8.118 28.032 7.405
24 2 2 29.774 8.154 27.879 7.441
25 2 2 29.668 8.143 27.772 7.429
26 2 2 29.538 8.179 27.643 7.465
27 2 2 29.408 8.167 27.512 7.454
28 2 2 29.279 8.203 27.383 7.490
29 2 2 29.172 8.192 27.276 7.479
30 2 2 29.019 8.228 27.123 7.515
31 2 2 28.913 8.217 27.016 7.503
32 2 2 28.759 8.253 26.862 7.539
33 2 2 28.629 8.242 26.732 7.528
34 2 2 28.499 8.254 26.602 7.540
35 2 2 28.346 8.266 26.448 7.553
36 2 2 28.192 8.279 26.294 7.565
37 2 2 28.062 8.291 26.164 7.578
38 2 2 27.909 8.304 26.010 7.590
39 2 2 27.779 8.316 25.880 7.602
40 2 2 27.625 8.329 25.726 7.615
41 2 2 27.471 8.341 25.572 7.627
42 2 2 27.318 8.354 25.418 7.640
43 2 2 27.187 8.342 25.288 7.629
44 2 2 27.034 8.379 25.134 7.665
45 2 2 26.903 8.367 25.004 7.653
46 2 2 26.750 8.380 24.849 7.666
47 2 2 26.596 8.392 24.695 7.678
48 2 2 26.442 8.405 24.541 7.691
49 2 2 26.312 8.394 24.411 7.679
50 2 2 26.134 8.430 24.233 7.716
51 2 2 26.004 8.419 24.102 7.704
52 2 2 25.826 8.431 23.925 7.717
53 2 2 25.696 8.444 23.794 7.729
54 2 2 25.518 8.456 23.616 7.742
55 2 2 25.364 8.445 23.462 7.731
56 2 2 25.210 8.481 23.308 7.767
57 2 2 25.056 8.470 23.153 7.756
58 2 2 24.902 8.506 22.999 7.792
59 2 2 24.748 8.495 22.844 7.781
60 2 2 24.570 8.532 22.666 7.817
61 2 2 24.416 8.520 22.512 7.806
62 2 2 24.262 8.557 22.358 7.842
63 2 2 24.108 8.569 22.203 7.854
64 2 2 23.930 8.582 22.025 7.867
65 2 2 23.799 8.594 21.894 7.879
66 2 2 23.621 8.607 21.716 7.892
67 2 2 23.467 8.619 21.561 7.904
68 2 2 23.289 8.632 21.383 7.917
69 2 2 23.135 8.645 21.228 7.929
70 2 2 22.980 8.681 21.074 7.966
71 2 2 22.826 8.693 20.919 7.978
72 2 2 22.648 8.706 20.741 7.991
73 2 2 22.493 8.719 20.586 8.003
74 2 2 22.315 8.755 20.408 8.040
75 2 2 22.161 8.768 20.253 8.052
76 2 2 22.006 8.804 20.098 8.088
77 2 2 21.852 8.816 19.944 8.101
78 2 2 21.674 8.853 19.765 8.137
79 2 2 21.519 8.865 19.610 8.150
80 2 2 21.365 8.926 19.456 8.210
81 2 2 21.210 8.938 19.301 8.222
82 2 2 21.032 8.975 19.122 8.259
83 2 2 20.877 9.011 18.967 8.295
84 2 2 20.699 9.047 18.789 8.332
85 2 2 20.544 9.084 18.634 8.368
86 2 2 20.366 9.120 18.455 8.404
87 2 2 20.211 9.156 18.300 8.441
88 2 2 20.057 9.217 18.145 8.501
89 2 2 19.902 9.253 17.990 8.537
90 2 2 19.723 9.313 17.812 8.597
91 2 2 19.569 9.350 17.656 8.634
92 2 2 19.390 9.410 17.478 8.694
93 2 2 19.235 9.446 17.323 8.730
94 2 2 19.081 9.506 17.168 8.790
95 2 2 18.926 9.567 17.013 8.850
96 2 2 18.747 9.627 16.834 8.911
97 2 2 18.592 9.687 16.679 8.971
98 2 2 18.438 9.771 16.524 9.055
99 2 2 18.283 9.831 16.368 9.115
100 2 2 18.128 9.915 16.213 9.199
101 2 2 17.973 9.975 16.058 9.259
102 2 2 17.818 10.083 15.903 9.367
103 2 2 17.664 10.167 15.748 9.451
104 2 2 17.509 10.275 15.593 9.559
105 2 2 17.354 10.359 15.438 9.643
106 2 2 17.199 10.467 15.282 9.751
107 2 2 17.044 10.551 15.127 9.835
108 2 2 16.913 10.659 14.996 9.943
109 2 2 16.758 10.767 14.841 10.051
110 2 2 16.627 10.875 14.709 10.159
111 2 2 16.496 10.983 14.578 10.267
112 2 2 16.341 11.091 14.423 10.375
113 2 2 16.210 11.199 14.291 10.483
114 2 2 16.055 11.331 14.136 10.615
115 2 2 15.924 11.462 14.005 10.746
116 2 2 15.793 11.594 13.873 10.878
117 2 2 15.661 11.702 13.742 10.986
118 2 2 15.530 11.834 13.611 11.118
119 2 2 15.423 11.966 13.503 11.250
120 2 2 15.292 12.098 13.372 11.382
121 2 2 15.185 12.229 13.264 11.513
122 2 2 15.077 12.385 13.157 11.669
123 2 2 14.970 12.541 13.049 11.825
124 2 2 14.863 12.696 12.942 11.981
125 2 2 14.756 12.852 12.834 12.136
126 2 2 14.649 13.008 12.727 12.292
127 2 2 14.565 13.163 12.643 12.448
128 2 2 14.482 13.343 12.560 12.627
129 2 2 14.399 13.498 12.476 12.783
130 2 2 14.291 13.654 12.369 12.939
131 2 2 14.232 13.810 12.309 13.095
132 2 2 14.149 13.989 12.226 13.274
133 2 2 14.089 14.145 12.166 13.430
134 2 2 14.006 14.325 12.083 13.610
135 2 2 13.947 14.480 12.023 13.765
136 2 2 13.863 14.660 11.940 13.945
137 2 2 13.804 14.816 11.880 14.101
138 2 2 13.745 14.995 11.821 14.280
139 2 2 13.685 15.175 11.761 14.460
140 2 2 13.626 15.354 11.701 14.640
141 2 2 13.566 15.510 11.642 14.796
142 2 2 13.507 15.690 11.582 14.975
143 2 2 13.448 15.870 11.523 15.155
144 2 2 13.388 16.049 11.463 15.335
145 2 2 13.353 16.205 11.428 15.491
146 2 2 13.293 16.385 11.368 15.671
147 2 2 13.234 16.565 11.308 15.850
148 2 2 13.175 16.744 11.249 16.030
149 2 2 13.139 16.900 11.213 16.186
150 2 2 13.080 17.080 11.154 16.366
151 2 2 13.044 17.260 11.118 16.546
152 2 2 12.985 17.440 11.058 16.726
153 2 2 12.949 17.619 11.023 16.906
154 2 2 12.890 17.799 10.963 17.086
155 2 2 12.854 17.979 10.928 17.266
156 2 2 12.795 18.159 10.868 17.446
157 2 2 12.759 18.339 10.832 17.626
158 2 2 12.724 18.519 10.797 17.805
159 2 2 12.689 18.699 10.761 17.985
160 2 2 12.629 18.879 10.701 18.166
161 2 2 12.618 19.058 10.690 18.345
162 2 2 12.558 19.238 10.630 18.526
163 2 2 12.547 19.418 10.619 18.705
164 2 2 12.487 19.598 10.559 18.886
165 2 2 12.250 20.691 11.185 18.796
166 2 2 12.274 20.727 11.149 18.725
167 2 2 12.239 20.895 11.113 18.893
168 2 2 12.227 21.087 11.102 19.084
169 2 2 12.168 21.279 11.042 19.277
170 2 2 12.156 21.471 11.030 19.468
171 2 2 12.121 21.663 10.995 19.661
172 2 2 12.085 21.831 10.959 19.829
173 2 2 12.050 22.024 10.924 20.021
174 2 2 12.014 22.216 10.888 20.213
175 2 2 11.979 22.408 10.853 20.405
176 2 2 11.943 22.601 10.817 20.597
177 2 2 11.908 22.769 10.781 20.766
178 2 2 11.896 22.961 10.770 20.958
179 2 2 11.837 23.154 10.710 21.150
180 2 2 11.825 23.322 10.699 21.318
181 2 2 11.790 23.514 10.663 21.510
182 2 2 11.754 23.707 10.627 21.703
183 2 2 11.719 23.899 10.592 21.895
184 2 2 11.683 24.068 10.556 22.064
185 2 2 11.648 24.260 10.520 22.256
186 2 2 11.612 24.453 10.485 22.448
187 2 2 11.469 24.875 10.631 23.071
188 2 2 11.481 24.911 10.595 23.011
189 2 2 11.457 25.103 10.571 23.204
190 2 2 11.410 25.272 10.524 23.372
191 2 2 11.386 25.464 10.500 23.565
192 2 2 11.338 25.657 10.452 23.758
193 2 2 11.315 25.850 10.429 23.950
194 2 2 11.291 26.018 10.405 24.118
195 2 2 11.244 26.211 10.358 24.311
196 2 2 11.220 26.404 10.334 24.504
197 2 2 11.172 26.597 10.286 24.697
198 2 2 11.149 26.790 10.263 24.889
199 2 2 11.101 26.959 10.215 25.058
200 2 2 11.078 27.151 10.191 25.251
201 2 2 11.030 27.344 10.143 25.444
202 2 2 11.006 27.537 10.120 25.636
203 2 2 10.959 27.730 10.072 25.829
204 2 2 10.911 27.899 10.024 25.998
205 2 2 10.887 28.092 10.001 26.191
206 2 2 10.840 28.285 9.953 26.384
207 2 2 10.792 28.455 9.905 26.553
208 2 2 10.744 28.648 9.857 26.746
209 2 2 10.696 28.817 9.809 26.915
210 2 2 10.673 29.010 9.786 27.108
211 2 2 10.625 29.203 9.738 27.301
212 2 2 10.577 29.373 9.690 27.470
213 2 2 10.529 29.566 9.642 27.664
214 2 2 10.482 29.735 9.594 27.833
215 2 2 10.434 29.929 9.547 28.026
216 2 2 10.386 30.038 9.499 28.183
217 2 2 10.313 30.039 9.427 28.365
218 2 2 10.265 30.027 9.379 28.558
219 2 2 10.193 30.028 9.307 28.728
220 2 2 10.144 30.029 9.259 28.933
221 2 2 10.096 30.018 9.211 29.103
223 2 2 10.277 29.991 8.982 29.467
224 2 2 10.301 30.003 8.934 29.444
226 2 2 10.253 30.003 8.886 29.589
227 2 2 10.277 30.003 8.837 29.566
228 2 2 10.277 30.003 8.837 29.566
229 2 2 10.277 30.003 8.837 29.566
230 2 2 10.277 30.003 8.837 29.566
231 2 2 10.277 29.991 8.837 29.554
232 2 2 10.277 30.003 8.837 29.566
233 2 2 10.277 30.003 8.837 29.566
234 2 2 10.277 30.003 8.837 29.566
235 2 2 10.277 30.003 8.837 29.566
236 2 2 10.277 30.003 8.837 29.566
237 2 2 10.277 30.003 8.837 29.566
238 2 2 10.277 30.003 8.837 29.566
239 2 2 10.277 30.003 8.837 29.566
240 2 2 10.277 30.003 8.837 29.566
241 2 2 10.277 30.003 8.837 29.566
242 2 2 10.277 30.003 8.837 29.566
243 2 2 10.277 30.003 8.837 29.566
244 2 2 10.277 30.003 8.837 29.566
245 2 2 10.277 30.003 8.837 29.566
246 2 2 10.277 30.003 8.837 29.566
247 2 2 10.277 30.003 8.837 29.566
248 2 2 10.277 30.003 8.837 29.566
249 2 2 10.277 30.003 8.837 29.566
250 2 2 10.277 30.003 8.837 29.566
251 2 2 10.277 30.003 8.837 29.566
252 2 2 10.277 30.003 8.837 29.566
253 2 2 10.277 30.003 8.837 29.566
254 2 2 10.277 30.003 8.837 29.566
255 2 2 10.277 30.003 8.837 29.566
256 2 2 10.277 30.003 8.837 29.566
258 2 2 10.277 30.003 8.837 29.566
259 2 2 10.277 30.003 8.837 29.566
260 2 2 10.277 30.003 8.837 29.566
261 2 2 10.277 30.003 8.837 29.566
262 2 2 10.277 30.003 8.837 29.566
264 2 2 10.277 30.003 8.837 29.566
265 2 2 10.277 30.003 8.837 29.566
267 2 2 10.277 30.003 8.837 29.566
268 2 2 10.277 30.003 8.837 29.566
269 2 2 10.277 30.003 8.837 29.566
270 2 2 10.277 29.991 8.837 29.554
271 2 2 10.277 30.003 8.837 29.566
272 2 2 10.277 29.991 8.837 29.554
273 2 2 10.277 30.003 8.837 29.566
274 2 2 10.277 30.003 8.837 29.566
275 2 2 10.277 30.003 8.837 29.566
277 2 2 10.277 30.003 8.837 29.566
278 2 2 10.277 30.003 8.837 29.566
279 2 2 10.277 30.003 8.837 29.566
280 2 2 10.277 30.003 8.837 29.566
281 2 2 10.277 30.003 8.837 29.566
282 2 2 10.277 30.003 8.837 29.566
283 2 2 10.277 30.003 8.837 29.566
284 2 2 10.277 29.991 8.837 29.554
285 2 2 10.277 30.003 8.837 29.566
286 2 2 10.277 29.991 8.837 29.554
287 2 2 10.277 30.003 8.837 29.566
288 2 2 10.277 30.003 8.837 29.566
289 2 2 10.277 29.991 8.837 29.554
291 2 2 10.277 29.991 8.837 29.554
292 2 2 10.277 29.991 8.837 29.554
293 2 2 10.277 29.991 8.837 29.554
294 2 2 10.277 29.991 8.837 29.554
295 2 2 10.277 29.991 8.837 29.554
296 2 2 10.277 29.991 8.837 29.554
257 2 2 10.277 30.003 8.837 29.566
263 2 2 10.277 30.003 8.837 29.566
266 2 2 10.277 30.003 8.837 29.566
276 2 2 10.277 30.003 8.837 29.566
290 2 2 10.277 30.003 8.837 29.566
297 2 2 10.277 29.991 8.837 29.554
0 3 2 32.997 5.923 31.010 4.786
1 3 2 33.056 5.958 30.975 4.774
2 3 2 32.962 5.971 30.881 4.786
3 3 2 32.868 5.983 30.787 4.798
4 3 2 32.774 6.018 30.693 4.834
5 3 2 32.680 6.030 30.599 4.846
6 3 2 32.586 6.042 30.504 4.858
7 3 2 32.469 6.055 30.387 4.870
8 3 2 32.351 6.090 30.269 4.906
9 3 2 32.281 6.102 30.198 4.918
10 3 2 32.163 6.115 30.080 4.930
11 3 2 32.069 6.127 29.986 4.942
12 3 2 31.975 6.139 29.892 4.954
13 3 2 31.881 6.151 29.798 4.966
14 3 2 31.764 6.187 29.680 5.002
15 3 2 31.646 6.199 29.562 5.014
16 3 2 31.552 6.211 29.468 5.026
17 3 2 31.458 6.223 29.374 5.038
18 3 2 31.340 6.235 29.256 5.050
19 3 2 31.199 6.248 29.114 5.062
20 3 2 31.104 6.260 29.020 5.074
21 3 2 30.987 6.272 28.902 5.086
22 3 2 30.892 6.284 28.807 5.099
23 3 2 30.775 6.296 28.689 5.111
24 3 2 30.633 6.309 28.548 5.123
25 3 2 30.539 6.321 28.453 5.135
26 3 2 30.421 6.333 28.335 5.147
27 3 2 30.327 6.345 28.241 5.159
28 3 2 30.233 6.357 28.147 5.171
29 3 2 30.115 6.369 28.029 5.183
30 3 2 29.973 6.382 27.887 5.196
31 3 2 29.856 6.394 27.769 5.208
32 3 2 29.761 6.406 27.674 5.220
33 3 2 29.643 6.418 27.556 5.232
34 3 2 29.526 6.454 27.438 5.268
35 3 2 29.431 6.466 27.344 5.280
36 3 2 29.313 6.478 27.226 5.292
37 3 2 29.172 6.491 27.084 5.304
38 3 2 29.054 6.503 26.966 5.316
39 3 2 28.959 6.515 26.871 5.329
40 3 2 28.818 6.551 26.729 5.364
41 3 2 28.700 6.563 26.611 5.377
42 3 2 28.558 6.575 26.469 5.389
43 3 2 28.440 6.588 26.351 5.401
44 3 2 28.346 6.600 26.256 5.413
45 3 2 28.228 6.612 26.138 5.425
46 3 2 28.086 6.624 25.996 5.438
47 3 2 27.968 6.637 25.878 5.450
48 3 2 27.873 6.649 25.783 5.462
49 3 2 27.732 6.661 25.641 5.474
50 3 2 27.614 6.673 25.523 5.486
51 3 2 27.472 6.686 25.381 5.498
52 3 2 27.330 6.698 25.239 5.511
53 3 2 27.212 6.710 25.120 5.523
54 3 2 27.093 6.723 25.002 5.535
55 3 2 26.952 6.735 24.860 5.547
56 3 2 26.833 6.747 24.741 5.560
57 3 2 26.715 6.759 24.623 5.572
58 3 2 26.573 6.795 24.481 5.608
59 3 2 26.431 6.808 24.339 5.620
60 3 2 26.313 6.820 24.220 5.632
61 3 2 26.195 6.832 24.102 5.644
62 3 2 26.053 6.868 23.960 5.680
63 3 2 25.911 6.881 23.817 5.693
64 3 2 25.769 6.893 23.675 5.705
65 3 2 25.627 6.905 23.533 5.717
66 3 2 25.509 6.941 23.414 5.753
67 3 2 25.390 6.953 23.296 5.765
68 3 2 25.225 6.990 23.130 5.801
69 3 2 25.106 7.002 23.011 5.813
70 3 2 24.964 7.014 22.869 5.826
71 3 2 24.822 7.027 22.726 5.838
72 3 2 24.680 7.063 22.584 5.874
73 3 2 24.537 7.075 22.442 5.886
74 3 2 24.395 7.111 22.299 5.922
75 3 2 24.277 7.123 22.180 5.935
76 3 2 24.158 7.159 22.062 5.970
77 3 2 23.992 7.148 21.895 5.959
78 3 2 23.874 7.184 21.777 5.995
79 3 2 23.708 7.197 21.610 6.008
80 3 2 23.613 7.232 21.515 6.043
81 3 2 23.471 7.245 21.373 6.056
82 3 2 23.328 7.281 21.230 6.092
83 3 2 23.186 7.293 21.088 6.104
84 3 2 23.044 7.329 20.945 6.140
85 3 2 22.925 7.342 20.826 6.152
86 3 2 22.759 7.378 20.660 6.188
87 3 2 22.640 7.414 20.541 6.224
88 3 2 22.474 7.450 20.375 6.261
89 3 2 22.355 7.462 20.256 6.273
90 3 2 22.213 7.499 20.113 6.309
91 3 2 22.070 7.511 19.970 6.321
92 3 2 21.928 7.571 19.828 6.381
93 3 2 21.786 7.583 19.685 6.393
94 3 2 21.643 7.619 19.542 6.429
95 3 2 21.501 7.656 19.399 6.465
96 3 2 21.358 7.692 19.256 6.502
97 3 2 21.215 7.728 19.114 6.538
98 3 2 21.073 7.764 18.971 6.574
99 3 2 20.930 7.800 18.828 6.610
100 3 2 20.788 7.836 18.685 6.646
101 3 2 20.645 7.849 18.542 6.658
102 3 2 20.502 7.909 18.399 6.718
103 3 2 20.360 7.945 18.256 6.754
104 3 2 20.217 8.005 18.113 6.814
105 3 2 20.074 8.041 17.970 6.850
106 3 2 19.932 8.077 17.827 6.886
107 3 2 19.789 8.114 17.684 6.923
108 3 2 19.622 8.174 17.518 6.983
109 3 2 19.503 8.210 17.398 7.019
110 3 2 19.337 8.270 17.232 7.079
111 3 2 19.218 8.330 17.112 7.139
112 3 2 19.051 8.390 16.946 7.199
113 3 2 18.932 8.450 16.826 7.258
114 3 2 18.766 8.510 16.659 7.319
115 3 2 18.647 8.570 16.540 7.378
116 3 2 18.504 8.654 16.397 7.462
117 3 2 18.361 8.714 16.254 7.522
118 3 2 18.218 8.797 16.111 7.606
119 3 2 18.075 8.857 15.968 7.666
120 3 2 17.932 8.941 15.825 7.750
121 3 2 17.790 9.025 15.681 7.834
122 3 2 17.671 9.109 15.562 7.917
123 3 2 17.551 9.169 15.443 7.977
124 3 2 17.409 9.277 15.300 8.085
125 3 2 17.266 9.337 15.156 8.145
126 3 2 17.123 9.445 15.013 8.253
127 3 2 17.004 9.528 14.894 8.337
128 3 2 16.884 9.612 14.775 8.420
129 3 2 16.741 9.696 14.631 8.504
130 3 2 16.598 9.804 14.488 8.612
131 3 2 16.479 9.888 14.369 8.696
132 3 2 16.384 9.995 14.273 8.803
133 3 2 16.265 10.103 14.154 8.911
134 3 2 16.122 10.211 14.010 9.019
135 3 2 16.003 10.319 13.891 9.127
136 3 2 15.884 10.427 13.772 9.234
137 3 2 15.740 10.534 13.628 9.342
138 3 2 15.621 10.642 13.509 9.450
139 3 2 15.526 10.750 13.413 9.558
140 3 2 15.407 10.858 13.294 9.666
141 3 2 15.239 10.966 13.126 9.774
142 3 2 15.168 11.097 13.055 9.905
143 3 2 15.025 11.205 12.911 10.013
144 3 2 14.906 11.337 12.792 10.145
145 3 2 14.834 11.445 12.720 10.253
146 3 2 14.691 11.577 12.576 10.384
147 3 2 14.596 11.685 12.481 10.492
148 3 2 14.500 11.816 12.385 10.624
149 3 2 14.405 11.948 12.290 10.756
150 3 2 14.309 12.080 12.194 10.887
151 3 2 14.214 12.188 12.098 10.995
152 3 2 14.119 12.343 12.003 11.151
153 3 2 14.023 12.475 11.907 11.283
154 3 2 13.928 12.607 11.811 11.415
155 3 2 13.832 12.739 11.716 11.546
156 3 2 13.761 12.894 11.644 11.702
157 3 2 13.689 13.026 11.572 11.834
158 3 2 13.594 13.158 11.477 11.966
159 3 2 13.498 13.290 11.381 12.097
160 3 2 13.427 13.445 11.309 12.253
161 3 2 13.379 13.577 11.262 12.385
162 3 2 13.308 13.733 11.190 12.540
163 3 2 13.212 13.865 11.094 12.672
164 3 2 13.141 14.020 11.023 12.828
165 3 2 12.734 14.298 11.564 12.837
166 3 2 12.758 14.334 11.527 12.789
167 3 2 12.710 14.477 11.480 12.933
168 3 2 12.639 14.621 11.408 13.077
169 3 2 12.591 14.789 11.360 13.244
170 3 2 12.544 14.932 11.313 13.388
171 3 2 12.496 15.076 11.265 13.531
172 3 2 12.449 15.244 11.218 13.699
173 3 2 12.401 15.388 11.170 13.843
174 3 2 12.353 15.555 11.122 14.010
175 3 2 12.306 15.699 11.075 14.154
176 3 2 12.176 16.310 11.160 14.405
177 3 2 12.200 16.358 11.123 14.345
178 3 2 12.164 16.513 11.088 14.501
179 3 2 12.129 16.669 11.052 14.656
180 3 2 12.093 16.825 11.016 14.812
181 3 2 12.058 16.981 10.981 14.968
182 3 2 12.046 17.136 10.969 15.123
183 3 2 12.011 17.292 10.934 15.279
184 3 2 11.999 17.472 10.922 15.459
185 3 2 11.963 17.604 10.886 15.590
186 3 2 11.952 17.783 10.875 15.770
187 3 2 11.724 17.893 10.708 16.190
188 3 2 11.748 17.929 10.671 16.131
189 3 2 11.736 18.073 10.660 16.274
190 3 2 11.725 18.240 10.648 16.442
191 3 2 11.713 18.408 10.637 16.610
192 3 2 11.702 18.552 10.625 16.753
193 3 2 11.690 18.720 10.614 16.921
194 3 2 11.679 18.887 10.602 17.089
195 3 2 11.691 19.031 10.614 17.232
196 3 2 11.680 19.199 10.603 17.400
197 3 2 11.692 19.366 10.615 17.568
198 3 2 11.694 19.929 10.652 17.879
199 3 2 11.718 19.977 10.616 17.819
200 3 2 11.707 20.133 10.605 17.975
201 3 2 11.719 20.265 10.617 18.106
202 3 2 11.732 20.444 10.630 18.286
203 3 2 11.720 20.600 10.618 18.442
204 3 2 11.733 20.756 10.630 18.597
205 3 2 11.721 20.912 10.619 18.753
206 3 2 11.734 21.092 10.631 18.933
207 3 2 11.722 21.248 10.620 19.089
208 3 2 11.735 21.403 10.632 19.245
209 3 2 11.964 21.653 10.549 19.521
210 3 2 11.989 21.701 10.500 19.450
211 3 2 11.989 21.844 10.501 19.593
212 3 2 12.014 22.012 10.525 19.761
213 3 2 12.014 22.156 10.526 19.905
214 3 2 12.015 22.324 10.526 20.073
215 3 2 12.015 22.492 10.527 20.241
216 3 2 12.040 22.635 10.551 20.384
217 3 2 12.040 22.803 10.552 20.552
218 3 2 12.041 22.971 10.552 20.720
219 3 2 12.066 23.115 10.577 20.864
220 3 2 12.066 23.283 10.577 21.032
221 3 2 12.067 23.427 10.578 21.175
222 3 2 12.091 23.595 10.602 21.343
223 3 2 12.092 23.739 10.603 21.487
224 3 2 12.092 23.907 10.603 21.655
225 3 2 12.093 24.075 10.604 21.823
226 3 2 12.117 24.219 10.628 21.967
227 3 2 12.118 24.387 10.629 22.135
228 3 2 12.118 24.555 10.629 22.303
229 3 2 12.143 24.699 10.654 22.447
230 3 2 12.143 24.867 10.654 22.615
231 3 2 12.144 25.011 10.655 22.759
232 3 2 12.144 25.179 10.655 22.927
233 3 2 12.169 25.347 10.680 23.095
234 3 2 12.170 25.515 10.680 23.263
235 3 2 12.194 25.659 10.705 23.406
236 3 2 12.195 25.827 10.705 23.575
237 3 2 12.195 25.995 10.706 23.743
238 3 2 12.220 26.139 10.730 23.886
239 3 2 12.220 26.307 10.731 24.055
240 3 2 12.245 26.475 10.755 24.223
241 3 2 12.246 26.643 10.756 24.391
242 3 2 12.113 26.753 11.106 24.699
243 3 2 12.138 26.801 11.070 24.639
244 3 2 12.162 26.957 11.095 24.795
245 3 2 12.163 27.137 11.095 24.975
246 3 2 12.188 27.293 11.120 25.131
247 3 2 12.212 27.449 11.144 25.287
248 3 2 12.237 27.605 11.169 25.443
249 3 2 12.261 27.761 11.194 25.599
250 3 2 12.286 27.917 11.218 25.755
251 3 2 12.311 28.073 11.243 25.911
252 3 2 12.335 28.229 11.267 26.067
253 3 2 12.275 28.230 11.366 26.607
254 3 2 12.287 28.266 11.329 26.559
255 3 2 12.312 28.398 11.354 26.691
256 3 2 12.360 28.553 11.402 26.846
258 3 2 12.458 28.841 11.500 27.134
259 3 2 12.507 28.997 11.549 27.289
260 3 2 12.531 29.129 11.573 27.421
261 3 2 12.556 29.285 11.598 27.577
262 3 2 12.629 29.416 11.670 27.709
264 3 2 13.016 29.976 11.659 27.901
265 3 2 13.040 30.012 11.611 27.830
267 3 2 13.113 29.999 11.684 28.094
268 3 2 13.197 29.997 11.769 28.225
269 3 2 13.257 29.996 11.829 28.368
270 3 2 13.317 29.984 11.890 28.524
271 3 2 13.378 29.983 11.951 28.679
272 3 2 13.438 29.982 12.012 28.799
273 3 2 13.474 29.981 12.048 28.907
275 3 2 13.185 29.937 11.869 29.571
277 3 2 13.209 29.937 11.821 29.548
278 3 2 13.161 29.974 11.786 29.801
279 3 2 13.257 29.972 11.665 29.767
280 3 2 13.293 29.960 11.616 29.731
281 3 2 13.293 29.960 11.616 29.731
282 3 2 13.293 29.960 11.616 29.731
283 3 2 13.293 29.960 11.616 29.731
284 3 2 13.293 29.960 11.616 29.731
285 3 2 13.293 29.960 11.616 29.731
286 3 2 13.293 29.960 11.616 29.731
287 3 2 13.293 29.960 11.616 29.731
288 3 2 13.293 29.960 11.616 29.731
289 3 2 13.293 29.960 11.616 29.731
291 3 2 13.293 29.960 11.616 29.731
292 3 2 13.293 29.960 11.616 29.731
293 3 2 13.293 29.960 11.616 29.731
294 3 2 13.293 29.960 11.616 29.731
295 3 2 13.293 29.960 11.616 29.731
296 3 2 13.293 29.960 11.616 29.731
257 3 2 12.409 28.709 11.451 27.002
263 3 2 12.653 29.572 11.695 27.865
266 3 2 13.077 30.011 11.647 27.962
290 3 2 13.293 29.960 11.616 29.731
297 3 2 13.293 29.960 11.616 29.731
0 4 2 37.328 5.862 35.369 4.362
1 4 2 37.387 5.909 35.333 4.339
2 4 2 37.317 5.886 35.263 4.315
3 4 2 37.223 5.863 35.168 4.292
4 4 2 37.129 5.839 35.074 4.269
5 4 2 37.058 5.816 35.004 4.245
6 4 2 36.988 5.793 34.933 4.222
7 4 2 36.894 5.769 34.839 4.199
8 4 2 36.800 5.746 34.745 4.175
9 4 2 36.706 5.723 34.651 4.152
10 4 2 36.612 5.676 34.557 4.105
11 4 2 36.518 5.653 34.462 4.082
12 4 2 36.447 5.630 34.392 4.059
13 4 2 36.377 5.606 34.321 4.059
14 4 2 36.259 5.583 34.204 4.059
15 4 2 36.188 5.560 34.133 4.059
16 4 2 36.095 5.560 34.039 4.059
17 4 2 36.001 5.525 33.945 4.048
18 4 2 35.907 5.502 33.852 4.060
19 4 2 35.813 5.502 33.758 4.060
20 4 2 35.719 5.479 33.664 4.060
21 4 2 35.625 5.479 33.570 4.061
22 4 2 35.531 5.456 33.476 4.061
23 4 2 35.413 5.456 33.358 4.061
24 4 2 35.343 5.457 33.288 4.061
25 4 2 35.226 5.457 33.170 4.062
26 4 2 35.132 5.434 33.076 4.062
27 4 2 35.014 5.434 32.958 4.062
28 4 2 34.897 5.434 32.841 4.062
29 4 2 34.803 5.435 32.747 4.063
30 4 2 34.709 5.435 32.653 4.063
31 4 2 34.615 5.435 32.559 4.063
32 4 2 34.498 5.436 32.441 4.063
33 4 2 34.356 5.412 32.300 4.064
34 4 2 34.262 5.413 32.206 4.064
35 4 2 34.145 5.413 32.088 4.064
36 4 2 34.051 5.413 31.994 4.064
37 4 2 33.957 5.414 31.900 4.065
38 4 2 33.839 5.414 31.782 4.065
39 4 2 33.722 5.414 31.664 4.065
40 4 2 33.628 5.415 31.570 4.065
41 4 2 33.534 5.415 31.476 4.066
42 4 2 33.416 5.415 31.358 4.066
43 4 2 33.275 5.416 31.217 4.066
44 4 2 33.158 5.416 31.099 4.066
45 4 2 33.064 5.416 31.005 4.067
46 4 2 32.946 5.393 30.887 4.067
47 4 2 32.805 5.394 30.746 4.067
48 4 2 32.687 5.394 30.628 4.068
49 4 2 32.593 5.394 30.534 4.068
50 4 2 32.475 5.395 30.416 4.068
51 4 2 32.334 5.395 30.274 4.068
52 4 2 32.216 5.395 30.157 4.069
53 4 2 32.122 5.396 30.062 4.069
54 4 2 32.004 5.396 29.944 4.069
55 4 2 31.887 5.396 29.826 4.069
56 4 2 31.793 5.397 29.732 4.070
57 4 2 31.651 5.397 29.591 4.070
58 4 2 31.534 5.397 29.473 4.070
59 4 2 31.369 5.398 29.307 4.071
60 4 2 31.274 5.398 29.213 4.071
61 4 2 31.157 5.398 29.095 4.071
62 4 2 31.015 5.422 28.953 4.071
63 4 2 30.898 5.423 28.835 4.072
64 4 2 30.780 5.423 28.717 4.072
65 4 2 30.615 5.424 28.552 4.072
66 4 2 30.497 5.424 28.434 4.073
67 4 2 30.355 5.424 28.292 4.073
68 4 2 30.238 5.448 28.174 4.073
69 4 2 30.120 5.449 28.056 4.074
70 4 2 29.978 5.449 27.914 4.074
71 4 2 29.837 5.450 27.773 4.074
72 4 2 29.719 5.474 27.655 4.075
73 4 2 29.601 5.474 27.536 4.075
74 4 2 29.459 5.474 27.395 4.075
75 4 2 29.318 5.475 27.253 4.076
76 4 2 29.200 5.499 27.135 4.076
77 4 2 29.082 5.499 27.016 4.076
78 4 2 28.940 5.523 26.874 4.076
79 4 2 28.799 5.524 26.733 4.077
80 4 2 28.657 5.548 26.591 4.065
81 4 2 28.516 5.583 26.449 4.077
82 4 2 28.398 5.607 26.330 4.078
83 4 2 28.280 5.608 26.212 4.078
84 4 2 28.114 5.632 26.046 4.078
85 4 2 27.996 5.632 25.928 4.079
86 4 2 27.855 5.656 25.786 4.079
87 4 2 27.713 5.680 25.644 4.103
88 4 2 27.571 5.681 25.502 4.103
89 4 2 27.429 5.705 25.360 4.127
90 4 2 27.288 5.729 25.218 4.151
91 4 2 27.146 5.753 25.076 4.175
92 4 2 27.004 5.754 24.934 4.176
93 4 2 26.886 5.778 24.816 4.199
94 4 2 26.768 5.802 24.697 4.223
95 4 2 26.602 5.826 24.532 4.247
96 4 2 26.484 5.850 24.413 4.271
97 4 2 26.319 5.898 24.248 4.319
98 4 2 26.201 5.922 24.129 4.343
99 4 2 26.035 5.946 23.964 4.367
100 4 2 25.917 5.970 23.845 4.391
101 4 2 25.751 5.994 23.679 4.415
102 4 2 25.633 6.042 23.561 4.463
103 4 2 25.467 6.066 23.395 4.487
104 4 2 25.349 6.114 23.277 4.534
105 4 2 25.184 6.161 23.111 4.582
106 4 2 25.065 6.209 22.992 4.630
107 4 2 24.923 6.233 22.850 4.654
108 4 2 24.781 6.281 22.708 4.702
109 4 2 24.616 6.329 22.542 4.749
110 4 2 24.498 6.377 22.423 4.797
111 4 2 24.332 6.401 22.257 4.821
112 4 2 24.213 6.449 22.139 4.869
113 4 2 24.048 6.497 21.973 4.917
114 4 2 23.929 6.544 21.854 4.964
115 4 2 23.787 6.592 21.712 5.012
116 4 2 23.645 6.640 21.570 5.060
117 4 2 23.503 6.688 21.427 5.108
118 4 2 23.361 6.736 21.285 5.155
119 4 2 23.219 6.784 21.142 5.203
120 4 2 23.077 6.855 21.000 5.275
121 4 2 22.934 6.903 20.858 5.323
122 4 2 22.792 6.951 20.715 5.370
123 4 2 22.674 6.999 20.596 5.418
124 4 2 22.555 7.071 20.478 5.490
125 4 2 22.389 7.119 20.311 5.538
126 4 2 22.271 7.190 20.193 5.609
127 4 2 22.128 7.238 20.050 5.657
128 4 2 21.986 7.310 19.908 5.728
129 4 2 21.844 7.358 19.765 5.776
130 4 2 21.725 7.406 19.646 5.824
131 4 2 21.607 7.477 19.527 5.896
132 4 2 21.440 7.525 19.361 5.944
133 4 2 21.322 7.597 19.242 6.015
134 4 2 21.179 7.669 19.100 6.087
135 4 2 21.037 7.740 18.957 6.159
136 4 2 20.918 7.788 18.838 6.206
137 4 2 20.800 7.860 18.719 6.278
138 4 2 20.657 7.932 18.576 6.350
139 4 2 20.515 8.004 18.434 6.421
140 4 2 20.396 8.075 18.315 6.493
141 4 2 20.277 8.123 18.196 6.541
142 4 2 20.135 8.195 18.053 6.613
143 4 2 19.992 8.267 17.910 6.684
144 4 2 19.850 8.339 17.767 6.756
145 4 2 19.707 8.411 17.624 6.828
146 4 2 19.588 8.482 17.505 6.900
147 4 2 19.493 8.554 17.410 6.971
148 4 2 19.350 8.626 17.267 7.043
149 4 2 19.232 8.698 17.148 7.115
150 4 2 19.065 8.770 16.981 7.187
151 4 2 18.946 8.842 16.862 7.258
152 4 2 18.803 8.914 16.719 7.330
153 4 2 18.661 8.986 16.576 7.402
154 4 2 18.542 9.057 16.457 7.474
155 4 2 18.423 9.129 16.338 7.546
156 4 2 18.280 9.201 16.195 7.618
157 4 2 18.137 9.273 16.052 7.689
158 4 2 18.018 9.345 15.932 7.761
159 4 2 17.899 9.417 15.813 7.833
160 4 2 17.756 9.489 15.670 7.905
161 4 2 17.637 9.561 15.551 7.977
162 4 2 17.518 9.657 15.431 8.072
163 4 2 17.375 9.729 15.288 8.144
164 4 2 17.232 9.801 15.145 8.216
165 4 2 17.243 9.622 15.374 8.632
166 4 2 17.279 9.646 15.314 8.596
167 4 2 17.148 9.706 15.182 8.657
168 4 2 17.041 9.790 15.075 8.740
169 4 2 16.910 9.874 14.944 8.824
170 4 2 16.778 9.958 14.812 8.908
171 4 2 16.647 10.042 14.681 8.992
172 4 2 16.540 10.126 14.574 9.076
173 4 2 16.409 10.233 14.442 9.184
174 4 2 16.278 10.294 14.311 9.244
175 4 2 16.147 10.401 14.179 9.352
176 4 2 16.039 10.485 14.072 9.435
177 4 2 15.908 10.569 13.940 9.519
178 4 2 15.801 10.653 13.833 9.603
179 4 2 15.670 10.761 13.701 9.711
180 4 2 15.562 10.845 13.594 9.795
181 4 2 15.431 10.953 13.462 9.903
182 4 2 15.324 11.037 13.355 9.987
183 4 2 15.192 11.145 13.223 10.095
184 4 2 15.085 11.229 13.116 10.179
185 4 2 14.954 11.337 12.984 10.287
186 4 2 14.846 11.421 12.876 10.371
187 4 2 14.715 11.529 12.745 10.479
188 4 2 14.631 11.613 12.661 10.563
189 4 2 14.500 11.721 12.529 10.671
190 4 2 14.416 11.805 12.446 10.755
191 4 2 14.285 11.913 12.314 10.863
192 4 2 14.177 12.021 12.206 10.971
193 4 2 14.070 12.153 12.099 11.103
194 4 2 13.962 12.237 11.991 11.187
195 4 2 13.855 12.345 11.883 11.295
196 4 2 13.771 12.453 11.799 11.403
197 4 2 13.664 12.585 11.692 11.535
198 4 2 13.556 12.669 11.584 11.619
199 4 2 13.449 12.801 11.476 11.751
200 4 2 13.365 12.909 11.392 11.859
201 4 2 13.258 13.041 11.284 11.991
202 4 2 13.150 13.149 11.177 12.099
203 4 2 13.042 13.257 11.069 12.207
204 4 2 12.959 13.365 10.985 12.315
205 4 2 12.851 13.497 10.877 12.447
206 4 2 12.767 13.605 10.793 12.555
207 4 2 12.660 13.737 10.685 12.687
208 4 2 12.576 13.845 10.602 12.795
209 4 2 12.492 13.977 10.518 12.927
210 4 2 12.409 14.085 10.434 13.035
211 4 2 12.301 14.217 10.326 13.167
212 4 2 12.217 14.325 10.242 13.275
213 4 2 12.134 14.457 10.158 13.407
214 4 2 12.050 14.589 10.074 13.539
215 4 2 11.966 14.722 9.990 13.672
216 4 2 11.882 14.830 9.906 13.780
217 4 2 11.799 14.962 9.822 13.912
218 4 2 11.739 15.094 9.763 14.044
219 4 2 11.631 15.226 9.655 14.176
220 4 2 11.571 15.358 9.595 14.308
221 4 2 11.488 15.490 9.511 14.440
222 4 2 11.428 15.598 9.451 14.548
223 4 2 11.320 15.731 9.343 14.681
224 4 2 11.260 15.863 9.283 14.813
225 4 2 11.176 15.995 9.199 14.945
226 4 2 11.117 16.127 9.139 15.077
227 4 2 11.033 16.259 9.055 15.209
228 4 2 10.973 16.391 8.995 15.342
229 4 2 10.889 16.524 8.911 15.474
230 4 2 10.829 16.656 8.851 15.606
231 4 2 10.746 16.788 8.767 15.738
232 4 2 10.686 16.920 8.707 15.871
233 4 2 10.602 17.053 8.623 16.003
234 4 2 10.542 17.185 8.563 16.135
235 4 2 10.482 17.341 8.503 16.291
236 4 2 10.422 17.473 8.443 16.424
237 4 2 10.338 17.606 8.359 16.556
238 4 2 10.279 17.738 8.299 16.689
239 4 2 10.219 17.894 8.239 16.845
240 4 2 10.159 18.027 8.179 16.977
241 4 2 10.099 18.159 8.119 17.109
242 4 2 10.039 18.291 8.059 17.242
243 4 2 9.979 18.448 7.999 17.398
244 4 2 9.919 18.556 7.938 17.507
245 4 2 9.860 18.712 7.878 17.663
246 4 2 9.800 18.845 7.818 17.795
247 4 2 9.740 19.001 7.758 17.952
248 4 2 9.680 19.134 7.698 18.084
249 4 2 9.620 19.290 7.638 18.241
250 4 2 9.560 19.422 7.578 18.373
251 4 2 9.500 19.555 7.518 18.506
252 4 2 9.440 19.687 7.458 18.638
253 4 2 9.380 19.844 7.398 18.795
254 4 2 9.320 19.976 7.338 18.927
255 4 2 9.260 20.133 7.278 19.084
256 4 2 9.224 20.265 7.242 19.216
258 4 2 9.105 20.554 7.121 19.505
259 4 2 9.045 20.711 7.061 19.662
260 4 2 8.985 20.844 7.001 19.795
261 4 2 8.925 20.976 6.941 19.927
262 4 2 8.889 21.109 6.905 20.060
264 4 2 8.769 21.398 6.785 20.349
265 4 2 8.709 21.555 6.724 20.506
267 4 2 8.589 21.844 6.604 20.796
268 4 2 8.553 21.977 6.568 20.928
269 4 2 8.493 22.134 6.508 21.085
270 4 2 8.433 22.266 6.448 21.218
271 4 2 8.373 22.423 6.387 21.375
272 4 2 8.337 22.556 6.351 21.507
273 4 2 8.277 22.713 6.291 21.664
274 4 2 8.216 22.846 6.231 21.797
275 4 2 8.156 22.978 6.171 21.930
277 4 2 8.060 23.268 6.074 22.220
278 4 2 8.000 23.401 6.014 22.353
279 4 2 7.940 23.558 5.954 22.510
280 4 2 7.904 23.691 5.918 22.642
281 4 2 7.844 23.848 5.857 22.799
282 4 2 7.784 23.981 5.797 22.932
283 4 2 7.724 24.138 5.737 23.089
284 4 2 7.688 24.270 5.701 23.222
285 4 2 7.628 24.427 5.640 23.379
286 4 2 7.567 24.560 5.580 23.512
287 4 2 7.507 24.694 5.520 23.646
288 4 2 7.471 24.826 5.484 23.778
289 4 2 7.411 24.983 5.423 23.936
291 4 2 7.291 25.274 5.302 24.226
292 4 2 7.230 25.407 5.242 24.359
293 4 2 7.170 25.540 5.182 24.492
294 4 2 7.134 25.673 5.146 24.625
295 4 2 7.050 25.831 5.061 24.783
296 4 2 7.014 25.963 5.025 24.916
257 4 2 9.140 20.422 7.157 19.373
263 4 2 8.805 21.266 6.821 20.217
266 4 2 8.649 21.688 6.664 20.639
276 4 2 8.120 23.111 6.135 22.063
290 4 2 7.351 25.117 5.363 24.069
297 4 2 6.929 26.121 4.940 25.073
