0 0 2 30.130 6.528 28.203 5.467
1 0 2 30.188 6.562 28.169 5.456
2 0 2 30.131 6.563 28.112 5.456
3 0 2 30.051 6.563 28.032 5.457
4 0 2 29.983 6.564 27.963 5.457
5 0 2 29.891 6.553 27.872 5.446
6 0 2 29.835 6.588 27.815 5.481
7 0 2 29.743 6.577 27.723 5.470
8 0 2 29.686 6.589 27.666 5.482
9 0 2 29.618 6.589 27.598 5.482
10 0 2 29.550 6.613 27.529 5.506
11 0 2 29.447 6.602 27.426 5.495
12 0 2 29.379 6.602 27.358 5.495
13 0 2 29.311 6.637 27.289 5.530
14 0 2 29.231 6.638 27.209 5.531
15 0 2 29.162 6.638 27.141 5.531
16 0 2 29.094 6.662 27.072 5.554
17 0 2 28.991 6.651 26.969 5.544
18 0 2 28.923 6.652 26.901 5.544
19 0 2 28.832 6.686 26.809 5.579
20 0 2 28.752 6.687 26.729 5.580
21 0 2 28.684 6.710 26.661 5.603
22 0 2 28.592 6.734 26.570 5.626
23 0 2 28.490 6.723 26.466 5.616
24 0 2 28.398 6.747 26.375 5.639
25 0 2 28.341 6.747 26.318 5.640
26 0 2 28.250 6.782 26.227 5.675
27 0 2 28.159 6.783 26.135 5.675
28 0 2 28.068 6.806 26.044 5.699
29 0 2 27.965 6.796 25.940 5.688
30 0 2 27.874 6.831 25.849 5.723
31 0 2 27.782 6.820 25.757 5.712
32 0 2 27.702 6.855 25.677 5.747
33 0 2 27.611 6.879 25.586 5.770
34 0 2 27.520 6.868 25.494 5.760
35 0 2 27.417 6.891 25.391 5.783
36 0 2 27.326 6.915 25.300 5.807
37 0 2 27.234 6.939 25.208 5.830
38 0 2 27.132 6.951 25.105 5.842
39 0 2 27.040 6.974 25.014 5.866
40 0 2 26.926 6.998 24.899 5.890
41 0 2 26.823 6.987 24.796 5.879
42 0 2 26.709 7.023 24.681 5.914
43 0 2 26.629 7.012 24.601 5.903
44 0 2 26.582 6.920 24.603 6.121
45 0 2 26.502 6.933 24.546 6.133
46 0 2 26.549 7.047 24.545 6.030
47 0 2 26.435 7.082 24.430 6.065
48 0 2 26.343 7.106 24.339 6.088
49 0 2 26.229 7.106 24.224 6.089
50 0 2 26.103 7.130 24.098 6.113
51 0 2 26.000 7.154 23.995 6.137
52 0 2 25.874 7.143 23.868 6.126
53 0 2 25.771 7.156 23.765 6.138
54 0 2 25.657 7.179 23.651 6.162
55 0 2 25.542 7.203 23.536 6.186
56 0 2 25.416 7.193 23.409 6.175
57 0 2 25.313 7.205 23.306 6.187
58 0 2 25.187 7.229 23.180 6.211
59 0 2 25.084 7.253 23.077 6.235
60 0 2 24.970 7.253 22.962 6.236
61 0 2 24.855 7.243 22.847 6.225
62 0 2 24.729 7.278 22.720 6.260
63 0 2 24.626 7.302 22.617 6.284
64 0 2 24.477 7.292 22.467 6.274
65 0 2 24.373 7.304 22.364 6.286
66 0 2 24.259 7.328 22.249 6.310
67 0 2 24.121 7.352 22.111 6.333
68 0 2 23.995 7.341 21.985 6.323
69 0 2 23.891 7.342 21.881 6.324
70 0 2 23.742 7.366 21.731 6.348
71 0 2 23.639 7.401 21.628 6.383
72 0 2 23.524 7.391 21.513 6.372
73 0 2 23.387 7.426 21.375 6.408
74 0 2 23.260 7.450 21.248 6.431
75 0 2 23.122 7.440 21.110 6.421
76 0 2 23.008 7.475 20.995 6.456
77 0 2 22.904 7.499 20.892 6.480
78 0 2 22.789 7.488 20.776 6.469
79 0 2 22.640 7.524 20.627 6.505
80 0 2 22.537 7.559 20.523 6.540
81 0 2 22.399 7.583 20.385 6.564
82 0 2 22.284 7.538 20.269 6.519
83 0 2 22.169 7.619 20.155 6.600
84 0 2 22.020 7.644 20.005 6.624
85 0 2 21.951 7.621 19.935 6.602
86 0 2 21.778 7.668 19.763 6.649
87 0 2 21.664 7.715 19.648 6.696
88 0 2 21.514 7.739 19.498 6.720
89 0 2 21.410 7.740 19.394 6.721
90 0 2 21.295 7.764 19.279 6.745
91 0 2 21.157 7.777 19.140 6.757
92 0 2 21.042 7.778 19.024 6.758
93 0 2 20.904 7.813 18.886 6.793
94 0 2 20.777 7.849 18.759 6.829
95 0 2 20.639 7.873 18.621 6.853
96 0 2 20.535 7.874 18.517 6.854
97 0 2 20.397 7.909 18.378 6.889
98 0 2 20.282 7.956 18.263 6.936
99 0 2 20.167 7.980 18.148 6.960
100 0 2 20.017 7.981 17.997 6.961
101 0 2 19.914 8.005 17.893 6.985
102 0 2 19.764 8.052 17.743 7.032
103 0 2 19.660 8.088 17.640 7.067
104 0 2 19.532 7.939 17.374 7.150
105 0 2 19.348 7.987 17.259 7.186
106 0 2 19.267 7.987 17.050 7.233
107 0 2 19.336 8.021 16.912 7.303
108 0 2 19.176 8.138 17.120 7.198
109 0 2 19.094 8.081 16.751 7.397
110 0 2 18.898 8.128 16.612 7.467
111 0 2 18.644 8.177 16.450 7.503
112 0 2 18.599 8.292 16.519 7.422
113 0 2 18.484 8.328 16.404 7.457
114 0 2 18.357 8.340 16.276 7.470
115 0 2 18.253 8.364 16.172 7.493
116 0 2 17.953 8.436 15.813 7.531
117 0 2 17.872 8.448 15.708 7.543
118 0 2 17.629 8.484 15.627 7.544
119 0 2 17.513 8.497 15.604 7.567
120 0 2 17.409 8.509 15.395 7.557
121 0 2 17.502 8.543 15.256 7.604
122 0 2 17.363 8.556 15.234 7.674
123 0 2 17.248 8.626 15.061 7.790
124 0 2 17.052 8.685 14.969 7.895
125 0 2 16.785 8.687 14.841 7.954
126 0 2 16.670 8.688 14.679 7.990
127 0 2 16.763 8.745 14.436 8.072
128 0 2 16.671 8.838 14.378 8.096
129 0 2 16.509 8.886 14.320 8.120
130 0 2 16.301 8.945 14.191 8.028
131 0 2 16.162 8.992 14.029 8.064
132 0 2 15.896 9.064 13.959 8.099
133 0 2 15.780 9.077 13.890 8.169
134 0 2 15.653 9.124 13.763 8.263
135 0 2 15.665 9.193 13.729 8.298
136 0 2 15.584 9.228 13.566 8.380
137 0 2 15.387 9.276 13.474 8.438
138 0 2 15.306 9.288 13.358 8.508
139 0 2 15.213 9.324 13.242 8.556
140 0 2 15.225 9.335 13.265 8.567
141 0 2 14.773 9.408 12.858 8.559
142 0 2 14.796 9.443 12.753 8.548
143 0 2 14.634 9.525 12.684 8.595
144 0 2 14.612 9.629 12.627 8.757
145 0 2 14.461 9.631 12.464 8.851
146 0 2 14.206 9.748 12.371 8.875
147 0 2 14.125 9.749 12.302 8.922
148 0 2 13.986 9.831 12.128 8.981
149 0 2 13.905 9.890 12.105 9.039
150 0 2 13.848 9.983 12.035 9.028
151 0 2 13.686 10.076 11.779 9.100
152 0 2 13.558 10.135 11.768 9.204
153 0 2 13.512 10.171 11.735 9.378
154 0 2 13.293 10.369 11.653 9.367
155 0 2 13.212 10.451 11.548 9.402
156 0 2 13.246 10.335 11.422 9.589
157 0 2 13.049 10.418 11.304 9.532
158 0 2 13.050 10.533 11.153 9.603
159 0 2 13.026 10.441 11.201 9.683
160 0 2 12.945 10.511 11.120 9.753
161 0 2 12.852 10.593 11.027 9.835
162 0 2 12.736 10.675 10.911 9.917
163 0 2 12.344 11.095 10.666 9.966
164 0 2 12.287 11.211 10.561 10.013
165 0 2 12.136 11.351 10.481 10.210
166 0 2 12.149 11.467 10.388 10.269
167 0 2 12.009 11.526 10.377 10.292
168 0 2 11.904 11.516 10.354 10.339
169 0 2 11.884 11.851 10.272 10.293
170 0 2 12.043 11.318 10.286 10.560
171 0 2 11.962 11.399 10.204 10.641
172 0 2 11.535 11.994 9.984 10.771
173 0 2 11.419 12.099 10.078 10.863
174 0 2 11.339 12.181 10.008 10.956
175 0 2 11.119 12.392 9.823 11.085
176 0 2 11.119 12.415 9.788 11.190
177 0 2 10.992 12.624 9.812 11.236
178 0 2 10.971 12.868 9.706 11.121
179 0 2 11.339 12.192 9.638 11.434
180 0 2 11.269 12.286 9.569 11.528
181 0 2 11.223 12.379 9.523 11.621
182 0 2 11.143 12.507 9.442 11.749
183 0 2 11.109 12.612 9.408 11.854
184 0 2 11.016 12.728 9.315 11.971
185 0 2 10.982 12.833 9.281 12.075
186 0 2 10.925 12.961 9.224 12.203
187 0 2 10.879 13.054 9.178 12.296
188 0 2 10.822 13.182 9.120 12.425
189 0 2 10.787 13.287 9.086 12.529
190 0 2 10.719 13.426 9.017 12.669
191 0 2 10.684 13.531 8.983 12.774
192 0 2 10.627 13.659 8.925 12.902
193 0 2 10.628 13.752 8.926 12.995
194 0 2 9.903 15.116 9.031 12.982
195 0 2 10.571 13.880 8.869 13.123
196 0 2 10.525 13.996 8.823 13.239
197 0 2 10.491 14.124 8.789 13.367
198 0 2 10.480 14.228 8.778 13.471
199 0 2 10.434 14.344 8.732 13.588
200 0 2 10.423 14.449 8.721 13.692
201 0 2 10.389 14.577 8.687 13.820
202 0 2 10.367 14.716 8.665 13.960
203 0 2 10.333 14.844 8.631 14.088
204 0 2 10.322 14.948 8.620 14.192
205 0 2 10.300 15.064 8.597 14.308
206 0 2 10.289 15.192 8.587 14.436
207 0 2 10.255 15.308 8.553 14.552
208 0 2 10.233 15.459 8.530 14.703
209 0 2 10.199 15.587 8.496 14.831
210 0 2 10.189 15.703 8.486 14.947
211 0 2 10.166 15.807 8.463 15.052
212 0 2 10.155 15.935 8.452 15.180
213 0 2 10.145 16.051 8.442 15.296
214 0 2 9.630 17.391 8.655 15.595
215 0 2 10.123 16.214 8.419 15.459
216 0 2 10.112 16.306 8.408 15.552
217 0 2 10.113 16.411 8.409 15.656
218 0 2 10.102 16.515 8.398 15.760
219 0 2 10.091 16.631 8.388 15.877
220 0 2 9.543 18.239 8.357 16.376
222 0 2 10.069 16.771 8.365 16.016
223 0 2 10.069 16.817 8.366 16.063
224 0 2 10.012 16.899 8.308 16.144
225 0 2 9.954 16.958 8.250 16.203
226 0 2 9.907 17.005 8.203 16.250
227 0 2 9.363 19.076 8.328 17.130
228 0 2 9.340 19.181 8.282 17.224
230 0 2 9.307 19.355 8.237 17.491
231 0 2 9.296 19.530 8.215 17.677
232 0 2 9.274 19.646 8.192 17.712
233 0 2 9.239 19.705 8.216 17.805
234 0 2 9.275 19.832 8.206 18.037
235 0 2 9.312 20.028 8.324 18.070
236 0 2 9.313 20.144 8.336 18.175
237 0 2 9.279 20.296 8.326 18.326
238 0 2 9.292 20.400 8.304 18.500
239 0 2 9.246 20.551 8.293 18.570
240 0 2 9.306 20.655 8.282 18.663
241 0 2 9.260 20.760 8.248 18.814
242 0 2 9.226 20.900 8.249 18.965
243 0 2 9.227 21.085 8.238 19.081
244 0 2 9.216 21.109 8.239 19.139
245 0 2 9.205 21.225 8.205 19.314
246 0 2 9.218 21.387 8.218 19.476
247 0 2 9.231 21.550 8.196 19.639
248 0 2 9.196 21.585 8.174 19.744
249 0 2 9.103 21.668 8.222 19.964
250 0 2 9.164 21.887 8.129 19.988
251 0 2 9.141 22.027 8.165 20.116
252 0 2 9.083 22.086 8.106 20.093
253 0 2 9.107 22.097 8.036 20.118
254 0 2 9.062 22.330 8.085 20.337
255 0 2 9.041 22.562 8.063 20.558
256 0 2 8.982 22.622 8.029 20.663
257 0 2 8.984 22.772 7.983 20.827
259 0 2 8.974 23.016 7.903 21.107
260 0 2 8.893 23.111 7.881 21.246
261 0 2 8.964 23.272 7.906 21.409
262 0 2 8.919 23.447 7.860 21.514
263 0 2 8.896 23.517 7.849 21.630
264 0 2 8.885 23.622 7.838 21.723
265 0 2 8.852 23.808 7.792 21.863
266 0 2 8.830 23.983 7.817 21.979
267 0 2 8.795 24.018 7.747 22.108
268 0 2 8.725 24.135 7.701 22.213
269 0 2 8.715 24.229 7.644 22.389
270 0 2 8.727 24.321 7.705 22.643
271 0 2 8.705 24.531 7.622 22.621
272 0 2 8.635 24.532 7.637 22.923
273 0 2 8.614 24.834 7.484 22.937
274 0 2 8.638 24.915 7.415 23.078
275 0 2 8.557 24.963 7.357 23.160
276 0 2 8.546 25.091 7.323 23.324
277 0 2 8.524 25.324 7.313 23.498
278 0 2 8.595 25.392 7.395 23.567
279 0 2 8.583 25.346 7.408 23.648
280 0 2 8.573 25.509 7.245 23.778
281 0 2 8.563 25.730 7.351 23.928
282 0 2 8.482 25.859 7.329 24.009
283 0 2 8.471 25.906 7.329 24.102
284 0 2 8.460 26.080 7.237 24.267
285 0 2 8.413 26.093 7.297 24.510
286 0 2 8.427 26.348 7.192 24.500
287 0 2 8.404 26.372 7.110 24.536
288 0 2 8.171 26.527 7.075 24.618
289 0 2 8.289 26.630 7.018 24.794
290 0 2 8.244 26.828 7.007 24.934
291 0 2 8.302 26.781 6.891 25.017
292 0 2 8.151 26.993 6.798 25.158
293 0 2 7.975 27.031 6.870 25.413
294 0 2 8.000 27.228 6.694 25.463
295 0 2 7.919 27.323 6.695 25.556
296 0 2 7.813 27.255 6.684 25.626
297 0 2 7.839 27.510 6.579 25.744
298 0 2 7.862 27.556 6.510 25.885
299 0 2 7.771 27.802 6.464 25.979
300 0 2 7.700 27.839 6.464 26.072
301 0 2 7.748 27.931 6.465 26.153
302 0 2 7.761 28.105 6.443 26.293
303 0 2 7.704 28.234 6.409 26.434
304 0 2 7.598 28.259 6.410 26.562
305 0 2 7.493 28.296 6.376 26.725
306 0 2 7.530 28.586 6.235 26.751
307 0 2 7.472 28.681 6.249 27.018
308 0 2 7.437 28.681 6.214 27.101
309 0 2 7.367 28.718 6.156 27.230
310 0 2 7.371 29.183 6.027 27.290
311 0 2 7.194 29.047 6.240 27.379
312 0 2 7.372 29.311 5.970 27.431
313 0 2 7.325 29.335 5.946 27.432
314 0 2 7.174 29.466 5.936 27.607
315 0 2 7.116 29.619 5.925 27.688
316 0 2 7.069 29.585 5.810 28.063
317 0 2 6.940 29.634 5.986 27.978
318 0 2 6.904 29.612 5.729 28.158
319 0 2 6.847 29.764 5.683 28.322
0 1 2 31.105 8.326 28.927 7.052
1 1 2 31.162 8.360 28.881 7.029
2 1 2 31.128 8.372 28.847 7.041
3 1 2 31.072 8.384 28.790 7.053
4 1 2 31.026 8.395 28.744 7.065
5 1 2 30.970 8.430 28.687 7.099
6 1 2 30.935 8.419 28.653 7.088
7 1 2 30.890 8.454 28.608 7.123
8 1 2 30.856 8.443 28.573 7.112
9 1 2 30.776 8.478 28.494 7.147
10 1 2 30.708 8.490 28.425 7.159
11 1 2 30.617 8.525 28.334 7.194
12 1 2 30.549 8.514 28.266 7.183
13 1 2 30.481 8.549 28.197 7.217
14 1 2 30.413 8.561 28.129 7.229
15 1 2 30.367 8.572 28.083 7.241
16 1 2 30.276 8.585 27.992 7.253
17 1 2 30.208 8.597 27.924 7.265
18 1 2 30.117 8.609 27.832 7.277
19 1 2 30.049 8.644 27.764 7.312
20 1 2 29.981 8.656 27.696 7.324
21 1 2 29.890 8.691 27.604 7.359
22 1 2 29.821 8.703 27.536 7.371
23 1 2 29.753 8.738 27.468 7.406
24 1 2 29.662 8.773 27.377 7.441
25 1 2 29.594 8.808 27.308 7.476
26 1 2 29.549 8.819 27.263 7.488
27 1 2 29.481 8.854 27.194 7.523
28 1 2 29.390 8.867 27.103 7.535
29 1 2 29.322 8.902 27.035 7.570
30 1 2 29.253 8.936 26.966 7.605
31 1 2 29.162 8.972 26.875 7.640
32 1 2 28.842 8.871 26.844 7.995
33 1 2 28.785 8.872 26.868 8.064
34 1 2 28.717 8.918 26.856 8.052
35 1 2 28.705 8.907 26.776 8.041
36 1 2 28.569 8.954 26.673 8.054
37 1 2 28.466 9.000 26.525 8.101
38 1 2 28.261 9.025 26.422 8.079
39 1 2 28.467 9.035 26.400 8.182
40 1 2 28.181 9.026 26.273 8.149
41 1 2 28.273 9.071 26.320 8.206
42 1 2 28.216 9.094 26.183 8.287
43 1 2 27.873 9.120 26.206 8.287
44 1 2 27.851 9.223 26.023 8.368
45 1 2 27.863 9.281 25.955 8.369
46 1 2 27.692 9.305 25.794 8.393
47 1 2 27.658 9.328 25.772 8.394
48 1 2 27.521 9.352 25.577 8.418
49 1 2 27.533 9.364 25.554 8.441
50 1 2 27.453 9.376 25.508 8.430
51 1 2 27.384 9.399 25.348 8.466
52 1 2 27.213 9.401 25.256 8.421
53 1 2 27.144 9.447 25.222 8.478
54 1 2 27.167 9.401 25.199 8.444
55 1 2 27.133 9.402 25.153 8.467
56 1 2 26.961 9.437 24.958 8.469
57 1 2 26.847 9.496 25.005 8.538
58 1 2 26.779 9.508 24.821 8.516
59 1 2 26.733 9.520 24.798 8.551
60 1 2 26.733 9.508 24.729 8.540
61 1 2 26.470 9.534 24.581 8.587
62 1 2 26.539 9.544 24.535 8.656
63 1 2 26.344 9.581 24.455 8.691
64 1 2 26.333 9.581 24.467 8.714
65 1 2 26.242 9.604 24.341 8.727
66 1 2 26.093 9.606 24.261 8.762
67 1 2 25.989 9.572 24.159 8.866
68 1 2 25.932 9.573 24.078 8.878
69 1 2 25.795 9.689 24.044 8.855
70 1 2 25.864 9.688 23.802 8.858
71 1 2 25.750 9.746 23.757 8.869
72 1 2 25.624 9.736 23.654 8.928
73 1 2 25.383 9.738 23.631 8.939
74 1 2 25.235 9.786 23.584 8.848
75 1 2 25.177 9.740 23.458 8.906
76 1 2 25.132 9.798 23.435 8.918
77 1 2 24.902 9.754 23.298 8.977
78 1 2 24.993 9.753 23.194 8.978
79 1 2 24.764 9.767 23.309 8.954
80 1 2 24.776 9.847 22.952 8.911
81 1 2 24.822 9.824 22.907 8.957
82 1 2 24.604 9.826 22.861 8.946
83 1 2 24.558 9.803 22.814 8.935
84 1 2 24.317 9.817 22.608 8.983
85 1 2 24.191 9.864 22.401 8.996
86 1 2 24.145 9.887 22.378 9.019
87 1 2 24.122 9.876 22.308 8.962
88 1 2 24.156 9.853 22.124 8.987
89 1 2 24.077 9.922 22.056 9.045
90 1 2 24.054 9.911 22.022 9.091
91 1 2 23.916 9.912 22.172 9.124
92 1 2 23.824 9.925 22.080 9.137
93 1 2 23.388 9.998 21.712 9.197
94 1 2 23.342 10.010 21.586 9.244
95 1 2 23.319 10.021 21.586 9.313
96 1 2 23.331 10.067 21.598 9.302
97 1 2 23.228 10.091 21.494 9.326
98 1 2 23.170 10.080 21.436 9.315
99 1 2 23.067 10.104 21.333 9.339
100 1 2 22.987 10.128 21.253 9.362
101 1 2 22.860 10.140 21.126 9.375
102 1 2 22.780 10.164 21.045 9.399
103 1 2 22.642 10.188 20.907 9.423
104 1 2 22.596 10.177 20.861 9.412
105 1 2 22.493 10.201 20.757 9.436
106 1 2 22.424 10.202 20.688 9.436
107 1 2 22.263 10.238 20.527 9.472
108 1 2 22.182 10.239 20.446 9.473
109 1 2 22.079 10.274 20.343 9.508
110 1 2 22.021 10.275 20.285 9.509
111 1 2 21.652 10.244 19.997 9.512
112 1 2 21.756 10.254 20.031 9.500
113 1 2 21.630 10.290 19.905 9.535
114 1 2 21.538 10.302 19.812 9.548
115 1 2 21.411 10.327 19.685 9.572
116 1 2 21.445 10.280 19.581 9.550
117 1 2 21.388 10.304 19.662 9.561
118 1 2 21.111 10.306 19.281 9.599
119 1 2 20.985 10.308 19.131 9.600
120 1 2 20.997 10.365 19.074 9.681
121 1 2 20.870 10.343 18.982 9.693
122 1 2 20.732 10.379 18.878 9.671
123 1 2 20.720 10.391 18.866 9.683
124 1 2 20.698 10.448 18.855 9.694
125 1 2 20.640 10.483 18.774 9.718
126 1 2 20.559 10.461 18.647 9.731
127 1 2 20.491 10.542 18.543 9.778
128 1 2 20.410 10.509 18.682 9.811
129 1 2 20.306 10.533 18.578 9.835
130 1 2 20.202 10.522 18.474 9.825
131 1 2 20.110 10.569 18.382 9.872
132 1 2 20.007 10.593 18.278 9.896
133 1 2 19.926 10.605 18.197 9.908
134 1 2 19.810 10.606 18.082 9.909
135 1 2 19.730 10.607 18.001 9.910
136 1 2 19.660 10.619 17.931 9.922
137 1 2 19.557 10.643 17.827 9.946
138 1 2 19.453 10.667 17.723 9.970
139 1 2 19.349 10.680 17.619 9.982
140 1 2 19.280 10.681 17.550 9.983
141 1 2 19.120 10.878 17.076 10.033
142 1 2 19.061 10.775 17.331 10.077
143 1 2 18.923 10.834 17.192 10.136
144 1 2 18.842 10.835 17.111 10.137
145 1 2 18.738 10.882 17.007 10.184
146 1 2 18.692 10.871 16.961 10.173
147 1 2 18.670 10.951 16.786 10.105
148 1 2 18.438 10.965 16.740 10.129
149 1 2 18.496 10.942 16.624 10.118
150 1 2 18.358 11.024 16.544 10.200
151 1 2 18.266 11.048 16.463 10.178
152 1 2 18.138 11.072 16.486 10.189
153 1 2 18.069 11.107 16.393 10.213
154 1 2 18.092 11.095 16.289 10.271
155 1 2 17.931 11.143 16.128 10.377
156 1 2 17.931 11.212 16.046 10.331
157 1 2 17.769 11.202 15.988 10.343
158 1 2 17.712 11.249 15.931 10.390
159 1 2 17.700 11.215 15.827 10.426
160 1 2 17.619 11.227 15.711 10.473
161 1 2 17.550 11.251 15.734 10.484
162 1 2 17.422 11.252 15.537 10.498
163 1 2 17.412 11.367 15.560 10.451
164 1 2 17.307 11.288 15.525 10.463
165 1 2 17.134 11.370 15.514 10.452
166 1 2 17.145 11.347 15.259 10.489
167 1 2 17.180 11.381 15.270 10.500
168 1 2 16.961 11.487 15.143 10.582
169 1 2 16.800 11.581 15.039 10.653
170 1 2 16.707 11.617 14.947 10.723
171 1 2 16.673 11.640 14.947 10.746
172 1 2 16.708 11.732 14.843 10.816
173 1 2 16.616 11.756 14.785 10.851
174 1 2 16.268 11.783 14.682 10.933
175 1 2 16.245 11.806 14.635 10.945
176 1 2 16.210 11.772 14.438 10.959
177 1 2 16.118 11.853 14.414 10.913
178 1 2 16.106 11.865 14.322 10.971
179 1 2 15.898 11.913 14.287 11.041
180 1 2 15.782 11.972 14.136 11.031
181 1 2 15.702 12.042 14.090 11.112
182 1 2 15.565 12.286 13.940 11.264
183 1 2 15.542 12.344 13.941 11.287
184 1 2 15.450 12.426 13.883 11.322
185 1 2 15.450 12.449 13.860 11.346
186 1 2 15.323 12.520 13.778 11.369
187 1 2 15.300 12.589 13.639 11.440
188 1 2 15.335 12.635 13.581 11.383
189 1 2 15.208 12.706 13.524 11.499
190 1 2 15.012 12.846 13.466 11.557
191 1 2 15.047 12.904 13.304 11.721
192 1 2 14.757 12.942 13.293 11.756
193 1 2 14.804 12.976 13.317 11.883
194 1 2 14.607 13.047 13.247 11.849
195 1 2 14.597 13.197 13.283 11.906
196 1 1 14.528 13.348 13.203 12.069
197 1 2 14.552 13.417 13.108 11.873
198 1 2 14.437 13.546 13.027 11.943
199 1 2 15.216 12.313 13.679 11.971
200 1 2 14.605 12.805 13.066 12.463
201 1 2 14.547 12.875 13.009 12.533
202 1 2 14.277 13.837 12.937 12.372
203 1 2 14.103 13.873 12.799 12.512
204 1 2 14.329 13.097 12.789 12.755
205 1 2 14.294 13.143 12.755 12.802
206 1 2 13.896 14.188 12.671 12.537
207 1 2 14.237 13.236 12.697 12.895
208 1 2 14.156 13.330 12.616 12.988
209 1 2 14.110 13.399 12.570 13.058
210 1 2 14.053 13.492 12.513 13.151
211 1 2 14.018 13.551 12.479 13.210
212 1 2 13.961 13.644 12.421 13.303
213 1 2 13.904 13.737 12.364 13.396
214 1 2 13.530 14.943 12.283 13.478
215 1 2 13.835 13.853 12.295 13.513
216 1 2 13.777 13.935 12.237 13.594
218 1 2 13.789 13.935 12.249 13.594
219 1 2 13.743 14.016 12.203 13.676
220 1 2 13.663 14.133 12.122 13.792
222 1 2 13.629 14.226 12.088 13.885
223 1 2 13.594 14.295 12.054 13.955
224 1 2 13.549 14.400 12.008 14.060
225 1 2 13.503 14.470 11.962 14.130
226 1 2 13.445 14.575 11.904 14.234
227 1 2 13.400 14.668 11.858 14.328
228 1 2 13.354 14.761 11.813 14.421
230 1 2 13.286 14.935 11.744 14.595
231 1 2 13.251 15.028 11.710 14.688
232 1 2 13.194 15.133 11.652 14.793
233 1 2 13.160 15.226 11.618 14.886
234 1 2 13.114 15.319 11.572 14.979
235 1 2 13.092 15.400 11.550 15.060
236 1 2 13.057 15.493 11.515 15.153
237 1 2 13.023 15.586 11.481 15.246
238 1 2 12.978 15.702 11.436 15.363
239 1 2 12.944 15.807 11.401 15.467
240 1 2 12.909 15.888 11.367 15.549
241 1 2 12.562 17.524 11.450 15.710
242 1 2 12.563 17.605 11.486 15.802
243 1 2 12.446 17.560 11.452 15.884
244 1 2 12.413 17.839 11.429 15.988
245 1 2 12.378 17.828 11.419 16.208
246 1 2 12.357 18.083 11.290 16.129
247 1 2 12.333 17.979 11.305 16.465
248 1 2 12.276 18.119 11.306 16.557
249 1 2 12.290 18.373 11.096 16.572
250 1 2 12.302 18.489 11.154 16.629
251 1 2 12.208 18.432 11.238 16.813
252 1 2 12.174 18.525 11.133 16.826
253 1 2 12.117 18.619 11.123 17.104
254 1 2 12.212 18.895 10.983 17.117
255 1 2 12.155 18.989 10.983 17.129
256 1 2 12.074 19.117 10.960 17.152
257 1 2 12.063 19.164 10.997 17.291
259 1 2 12.065 19.395 10.963 17.477
260 1 2 11.996 19.535 10.894 17.628
261 1 2 11.902 19.479 10.849 17.803
262 1 2 11.974 19.698 10.789 17.630
263 1 2 11.940 19.803 10.873 17.837
264 1 2 11.953 19.907 10.850 17.919
265 1 2 11.942 20.023 10.828 18.081
266 1 2 11.931 20.057 10.818 18.244
267 1 2 11.919 20.116 10.783 18.279
268 1 2 11.909 20.232 10.784 18.441
269 1 2 11.910 20.336 10.773 18.522
270 1 2 11.888 20.498 10.774 18.615
271 1 2 11.876 20.533 10.787 18.719
272 1 2 11.865 20.603 10.764 18.812
273 1 2 11.867 20.777 10.765 18.893
274 1 2 11.891 20.846 10.789 18.951
275 1 2 11.880 20.950 10.789 19.044
276 1 2 11.752 20.964 10.850 19.251
277 1 2 11.812 21.171 10.803 19.229
278 1 2 11.789 21.183 10.771 19.635
279 1 2 11.825 21.333 10.758 19.484
280 1 2 11.814 21.438 10.735 19.520
281 1 2 11.744 21.416 10.737 19.728
282 1 2 11.652 21.580 10.727 19.960
283 1 2 11.654 21.892 10.692 19.914
284 1 2 11.620 21.986 10.657 20.008
285 1 2 11.644 22.020 10.705 20.100
286 1 2 11.573 21.940 10.659 20.193
287 1 2 11.565 22.311 10.671 20.297
288 1 2 11.554 22.439 10.626 20.437
289 1 2 11.518 22.324 10.604 20.623
290 1 2 11.461 22.545 10.369 20.511
291 1 2 11.521 22.625 10.347 20.708
292 1 2 11.461 22.510 10.431 20.939
293 1 2 11.417 22.824 10.349 20.928
294 1 2 11.372 22.987 10.315 21.010
295 1 2 11.289 22.837 10.317 21.230
296 1 2 11.396 23.125 10.293 21.219
297 1 2 11.373 23.184 10.201 21.418
298 1 2 11.328 23.335 10.225 21.406
299 1 2 11.234 23.209 10.180 21.685
300 1 2 11.329 23.463 10.180 21.650
301 1 2 11.272 23.603 10.064 21.745
302 1 2 11.262 23.812 10.076 21.861
303 1 2 11.262 23.858 10.077 21.977
304 1 2 11.171 24.057 10.008 22.070
305 1 2 11.159 24.057 9.962 22.152
306 1 2 11.161 24.289 9.940 22.385
307 1 2 11.115 24.336 9.918 22.443
308 1 2 11.138 24.336 9.907 22.583
309 1 2 11.104 24.441 9.907 22.629
310 1 2 11.093 24.534 9.932 22.710
311 1 2 11.129 24.649 9.932 22.814
312 1 2 11.141 24.649 9.909 22.873
313 1 2 11.176 24.718 9.794 23.037
314 1 2 10.979 24.884 9.887 22.966
315 1 2 10.968 25.012 9.876 23.082
316 1 2 10.981 25.139 9.889 23.244
317 1 2 10.935 25.267 9.902 23.349
318 1 2 10.830 25.211 9.881 23.662
319 1 2 10.796 25.328 9.812 23.791
320 1 2 10.738 25.468 9.742 23.850
321 1 2 10.727 25.550 9.709 24.060
322 1 2 10.706 25.840 9.625 23.887
323 1 2 10.695 25.898 9.579 23.946
324 1 2 10.696 25.968 9.393 24.147
325 1 2 10.614 25.981 9.373 24.530
326 1 2 10.662 26.154 9.302 24.439
327 1 2 10.570 26.319 9.291 24.462
328 1 2 10.441 26.263 9.282 24.811
329 1 2 10.383 26.345 9.282 24.811
330 1 2 10.420 26.600 9.106 24.825
331 1 2 10.303 26.579 9.143 25.057
332 1 2 10.339 26.660 9.179 25.172
333 1 2 10.316 26.683 9.180 25.254
334 1 2 10.317 26.869 9.168 25.277
335 1 2 10.365 27.019 8.970 25.350
336 1 2 10.250 27.195 9.182 25.486
337 1 2 10.182 27.464 9.030 25.524
338 1 2 10.099 27.396 9.091 25.766
339 1 2 10.029 27.420 8.997 25.745
340 1 2 10.090 27.628 8.915 25.804
341 1 2 9.983 27.514 8.952 25.990
342 1 2 9.902 27.609 8.788 26.074
343 1 2 9.786 27.692 8.755 26.261
221 1 2 13.187 15.699 11.959 13.863
229 1 2 13.331 14.842 11.790 14.502
258 1 2 12.087 19.291 10.997 17.407
0 2 2 37.119 9.665 35.701 8.129
1 2 2 37.084 9.551 35.724 8.140
2 2 2 36.926 9.507 35.633 8.152
3 2 2 36.971 9.552 35.633 8.163
4 2 2 36.880 9.462 35.497 8.107
5 2 2 36.789 9.395 35.439 8.028
6 2 2 36.812 9.417 35.462 8.051
7 2 2 36.651 9.191 35.358 7.835
8 2 2 36.719 9.247 35.381 7.892
9 2 2 36.639 9.180 35.301 7.824
10 2 2 36.582 9.135 35.244 7.779
11 2 2 36.514 9.078 35.176 7.723
12 2 2 36.468 9.045 35.130 7.689
13 2 2 36.411 9.000 35.073 7.644
14 2 2 36.354 8.954 35.016 7.599
15 2 2 36.275 8.932 34.936 7.576
16 2 2 36.218 8.910 34.879 7.554
17 2 2 36.127 8.843 34.788 7.486
18 2 2 36.082 8.843 34.743 7.487
19 2 2 36.002 8.798 34.663 7.442
20 2 2 35.945 8.776 34.606 7.419
21 2 2 35.843 8.731 34.504 7.375
22 2 2 35.786 8.709 34.447 7.352
23 2 2 35.673 8.698 34.333 7.342
24 2 2 35.627 8.687 34.288 7.331
25 2 2 35.525 8.665 34.185 7.309
26 2 2 35.469 8.666 34.129 7.309
27 2 2 35.366 8.644 34.026 7.287
28 2 2 35.287 8.622 33.947 7.265
29 2 2 35.174 8.611 33.833 7.254
30 2 2 35.106 8.623 33.765 7.266
31 2 2 35.003 8.590 33.663 7.233
32 2 2 34.924 8.579 33.583 7.222
33 2 2 34.845 8.580 33.504 7.223
34 2 2 34.765 8.558 33.424 7.200
35 2 2 34.651 8.525 33.310 7.167
36 2 2 34.584 8.537 33.242 7.179
37 2 2 34.459 8.504 33.117 7.146
38 2 2 34.379 8.493 33.038 7.135
39 2 2 34.277 8.494 32.935 7.136
40 2 2 34.175 8.495 32.833 7.137
41 2 2 34.061 8.461 32.719 7.103
42 2 2 33.970 8.451 32.628 7.092
43 2 2 33.868 8.452 32.526 7.093
44 2 2 33.766 8.452 32.424 7.094
45 2 2 33.641 8.431 32.298 7.072
46 2 2 33.539 8.409 32.196 7.050
47 2 2 33.402 8.398 32.059 7.040
48 2 2 33.312 8.411 31.968 7.052
49 2 2 33.209 8.377 31.866 7.018
50 2 2 33.107 8.367 31.763 7.008
51 2 2 32.982 8.368 31.638 7.009
52 2 2 32.902 8.346 31.558 6.986
53 2 2 32.766 8.312 31.421 6.953
54 2 2 32.675 8.325 31.331 6.965
55 2 2 32.572 8.325 31.228 6.966
56 2 2 32.470 8.326 31.126 6.967
57 2 2 32.345 8.305 31.000 6.945
58 2 2 32.242 8.283 30.898 6.923
59 2 2 32.129 8.295 30.784 6.935
60 2 2 32.026 8.273 30.681 6.913
61 2 2 31.901 8.274 30.556 6.914
62 2 2 31.810 8.286 30.465 6.926
63 2 2 31.685 8.287 30.340 6.927
64 2 2 31.560 8.265 30.214 6.905
65 2 2 31.423 8.232 30.077 6.872
66 2 2 31.332 8.267 29.986 6.907
67 2 2 31.195 8.234 29.849 6.873
68 2 2 31.104 8.246 29.758 6.885
69 2 2 30.979 8.247 29.632 6.886
70 2 2 30.877 8.248 29.530 6.887
71 2 2 30.740 8.238 29.393 6.877
72 2 2 30.649 8.227 29.301 6.866
73 2 2 30.512 8.194 29.164 6.833
74 2 2 30.398 8.229 29.050 6.868
75 2 2 30.273 8.207 28.925 6.846
76 2 2 30.170 8.208 28.822 6.847
77 2 2 30.033 8.198 28.685 6.836
78 2 2 29.908 8.188 28.559 6.826
79 2 2 29.782 8.166 28.433 6.804
80 2 2 29.691 8.189 28.342 6.827
81 2 2 29.542 8.145 28.193 6.783
82 2 2 29.440 8.146 28.090 6.783
83 2 2 29.303 8.135 27.953 6.773
84 2 2 29.177 8.148 27.828 6.785
85 2 2 29.051 8.137 27.702 6.775
86 2 2 28.960 8.150 27.610 6.787
87 2 2 28.812 8.151 27.462 6.788
88 2 2 28.709 8.152 27.359 6.789
89 2 2 28.549 8.142 27.199 6.779
90 2 2 28.458 8.154 27.107 6.791
91 2 2 28.298 8.121 26.947 6.757
92 2 2 28.207 8.156 26.855 6.792
93 2 2 28.058 8.134 26.706 6.771
94 2 2 27.955 8.158 26.604 6.794
95 2 2 27.795 8.125 26.443 6.761
96 2 2 27.704 8.160 26.352 6.796
97 2 2 27.543 8.127 26.191 6.763
98 2 2 27.452 8.162 26.100 6.798
99 2 2 27.326 8.140 25.974 6.776
100 2 2 27.201 8.164 25.848 6.800
101 2 2 27.040 8.131 25.687 6.767
102 2 2 26.926 8.166 25.573 6.802
103 2 2 26.800 8.133 25.446 6.768
104 2 2 26.674 8.168 25.321 6.804
105 2 2 26.525 8.170 25.172 6.805
106 2 2 26.399 8.171 25.046 6.806
107 2 2 26.262 8.172 24.908 6.807
108 2 2 26.148 8.173 24.793 6.808
109 2 2 25.987 8.174 24.633 6.809
110 2 2 25.873 8.198 24.518 6.833
111 2 2 25.747 8.222 24.392 6.856
112 2 2 25.621 8.211 24.266 6.846
113 2 2 25.460 8.224 24.105 6.859
114 2 2 25.346 8.248 23.990 6.882
115 2 2 25.220 8.272 23.864 6.906
116 2 2 25.094 8.262 23.738 6.896
117 2 2 24.968 8.274 23.612 6.908
118 2 2 24.842 8.298 23.485 6.932
119 2 2 24.693 8.322 23.336 6.956
120 2 2 24.567 8.323 23.210 6.957
121 2 2 24.417 8.324 23.060 6.958
122 2 2 24.314 8.348 22.957 6.982
123 2 2 24.165 8.372 22.808 7.006
124 2 2 24.039 8.362 22.681 6.995
125 2 2 23.890 8.375 22.532 7.008
126 2 2 23.764 8.399 22.405 7.032
127 2 2 23.615 8.446 22.256 7.079
128 2 2 23.477 8.459 22.118 7.091
129 2 2 23.339 8.460 21.980 7.092
130 2 2 23.213 8.461 21.854 7.093
131 2 2 23.086 8.496 21.727 7.129
132 2 2 22.960 8.543 21.601 7.176
133 2 2 22.811 8.567 21.451 7.200
134 2 2 22.685 8.591 21.325 7.224
135 2 2 22.559 8.638 21.199 7.271
136 2 2 22.432 8.663 21.072 7.295
137 2 2 22.306 8.664 20.945 7.296
138 2 2 22.179 8.688 20.819 7.320
139 2 2 22.016 8.425 20.232 7.520
140 2 2 21.958 8.437 20.036 7.533
141 2 2 21.866 8.449 19.967 7.545
142 2 2 21.729 8.508 19.736 7.569
143 2 2 21.660 8.554 19.644 7.616
144 2 2 21.533 8.567 19.564 7.663
145 2 2 21.315 8.649 19.496 7.778
146 2 2 21.119 8.605 19.335 7.883
147 2 2 20.970 8.686 19.092 7.828
148 2 2 20.854 8.687 19.046 7.886
149 2 2 20.866 8.710 18.966 7.898
150 2 2 20.683 8.884 19.184 7.746
151 2 2 20.557 8.908 19.057 7.770
152 2 2 20.314 8.853 18.516 8.039
153 2 2 20.153 8.912 18.307 8.007
154 2 2 20.014 8.913 18.285 8.030
155 2 2 19.945 8.914 18.123 8.054
156 2 2 19.957 8.971 17.961 8.078
157 2 2 19.888 8.972 17.891 8.056
158 2 2 19.738 9.019 17.776 8.138
159 2 2 19.496 9.079 17.719 8.207
160 2 2 19.346 9.115 17.673 8.219
161 2 2 19.231 9.162 17.349 8.233
162 2 2 19.058 9.163 17.304 8.337
163 2 2 19.046 9.163 17.258 8.418
164 2 2 19.105 9.243 17.039 8.558
165 2 2 18.967 9.302 16.912 8.571
166 2 2 18.666 9.316 16.808 8.606
167 2 2 18.587 9.524 16.760 8.446
168 2 2 18.437 9.560 16.656 8.458
169 2 2 18.322 9.607 16.563 8.493
170 2 2 18.160 9.643 16.402 8.575
171 2 2 18.159 9.517 16.252 8.692
172 2 2 18.067 9.598 16.090 8.728
173 2 2 17.814 9.692 16.102 8.739
174 2 2 17.883 9.646 15.918 8.972
175 2 2 17.733 9.705 15.779 8.973
176 2 2 17.606 9.763 15.676 9.112
177 2 2 17.340 9.847 15.559 9.032
178 2 2 17.225 9.894 15.513 9.010
179 2 2 17.248 9.905 15.420 9.022
180 2 2 17.005 9.942 15.200 9.093
181 2 2 16.890 10.012 15.073 9.187
182 2 2 16.659 10.060 14.969 9.303
183 2 2 16.508 10.131 14.888 9.350
184 2 2 16.439 10.166 14.808 9.466
185 2 2 16.325 10.329 14.762 9.536
186 2 2 16.313 10.352 14.541 9.503
187 2 2 16.209 10.387 14.437 9.538
188 2 2 16.140 10.377 14.577 9.560
189 2 2 16.024 10.424 14.461 9.607
190 2 2 15.932 10.494 14.368 9.678
191 2 2 15.805 10.576 14.241 9.760
192 2 2 15.713 10.646 14.149 9.830
193 2 2 15.436 10.810 14.023 10.039
194 2 2 15.540 10.821 13.988 10.016
195 2 2 15.436 10.880 13.884 10.075
196 2 2 15.356 10.961 13.803 10.156
197 2 2 14.941 11.381 13.420 10.241
198 2 2 14.849 11.428 13.315 10.311
199 2 2 14.767 11.406 13.246 10.404
200 2 2 14.675 11.453 13.096 10.463
201 2 2 14.652 11.522 13.072 10.475
202 2 2 14.573 11.777 13.096 10.498
203 2 2 14.399 11.894 12.818 10.709
204 2 2 14.515 11.859 12.809 10.940
205 2 2 14.330 11.930 12.726 10.860
206 2 2 14.237 11.965 12.656 10.861
207 2 2 14.087 12.059 12.552 10.919
208 2 2 14.007 12.234 12.577 11.081
209 2 2 13.938 12.350 12.496 11.140
210 2 2 13.940 12.581 12.262 11.119
211 2 2 13.788 12.455 12.299 11.327
212 2 2 13.684 12.561 12.229 11.316
213 2 2 13.558 12.747 12.207 11.466
214 2 2 13.628 12.862 11.975 11.619
215 2 2 13.397 12.957 11.918 11.724
216 2 2 13.327 12.957 11.849 11.794
217 2 2 13.234 13.005 11.779 11.818
218 2 2 13.061 13.192 11.675 11.923
219 2 2 13.261 13.386 11.419 12.030
220 2 2 12.888 13.425 11.420 12.192
222 2 2 12.854 13.506 11.480 12.295
223 2 2 12.751 13.692 11.375 12.412
224 2 2 12.612 13.775 11.213 12.541
225 2 2 12.566 13.914 11.097 12.658
226 2 2 12.403 13.962 11.051 12.705
227 2 2 12.334 14.009 11.005 12.786
228 2 2 12.160 14.150 10.948 12.984
230 2 2 12.081 14.417 10.692 13.033
231 2 2 11.977 14.500 10.681 13.149
232 2 2 11.988 14.488 10.600 13.231
233 2 2 11.944 14.789 10.588 13.196
234 2 2 11.804 14.826 10.567 13.416
235 2 2 11.793 14.861 10.463 13.603
236 2 2 11.689 15.012 10.370 13.639
237 2 2 11.596 15.071 10.335 13.685
238 2 2 11.469 15.223 10.255 13.930
239 2 2 11.412 15.352 10.162 13.989
240 2 2 11.448 15.502 9.998 13.909
241 2 2 11.273 15.504 10.081 14.082
242 2 2 11.263 15.689 9.872 14.166
243 2 2 11.468 15.096 10.177 14.290
244 2 2 11.387 15.178 10.096 14.372
245 2 2 11.330 15.272 10.038 14.465
246 2 2 11.284 15.376 9.992 14.570
247 2 2 11.215 15.481 9.923 14.675
248 2 2 11.122 15.598 9.830 14.792
249 2 2 11.077 15.703 9.784 14.897
250 2 2 11.007 15.808 9.715 15.002
251 2 2 10.950 15.902 9.657 15.095
252 2 2 10.904 16.030 9.612 15.223
253 2 2 10.835 16.112 9.542 15.305
254 2 2 10.777 16.251 9.485 15.445
255 2 2 10.732 16.356 9.439 15.550
256 2 2 10.686 16.461 9.393 15.655
257 2 2 10.605 16.555 9.312 15.749
259 2 2 10.501 16.765 9.208 15.959
260 2 2 10.456 16.881 9.162 16.075
261 2 2 10.410 16.986 9.116 16.180
262 2 2 10.341 17.115 9.047 16.309
263 2 2 10.259 17.185 8.966 16.379
264 2 2 10.237 17.313 8.943 16.507
265 2 2 10.168 17.418 8.874 16.613
266 2 2 10.134 17.535 8.840 16.729
267 2 2 10.088 17.640 8.794 16.834
268 2 2 10.042 17.768 8.748 16.962
269 2 2 9.984 17.861 8.690 17.056
270 2 2 9.939 17.966 8.644 17.161
271 2 2 9.869 18.072 8.575 17.266
272 2 2 9.812 18.212 8.518 17.406
273 2 2 9.789 18.293 8.495 17.488
274 2 2 9.720 18.422 8.426 17.616
275 2 2 9.686 18.515 8.391 17.710
276 2 2 9.616 18.620 8.322 17.815
277 2 2 9.594 18.725 8.299 17.920
278 2 2 9.537 18.865 8.242 18.060
279 2 2 9.491 18.970 8.196 18.165
280 2 2 9.445 19.075 8.150 18.270
281 2 2 9.387 19.169 8.092 18.364
282 2 2 9.341 19.297 8.046 18.492
283 2 2 9.295 19.402 8.000 18.597
284 2 2 9.261 19.542 7.966 18.737
285 2 2 9.215 19.647 7.920 18.842
286 2 2 9.169 19.752 7.874 18.947
287 2 2 9.112 19.846 7.816 19.041
288 2 2 9.066 19.974 7.770 19.169
289 2 2 9.020 20.079 7.724 19.275
290 2 2 8.986 20.219 7.690 19.415
291 2 2 8.940 20.301 7.644 19.496
292 2 2 8.894 20.429 7.598 19.625
293 2 2 8.836 20.523 7.540 19.719
294 2 2 8.790 20.651 7.494 19.847
295 2 2 8.744 20.757 7.448 19.952
296 2 2 8.710 20.873 7.414 20.069
297 2 2 8.664 20.978 7.368 20.174
298 2 2 8.618 21.107 7.322 20.303
299 2 2 8.561 21.201 7.264 20.397
300 2 2 8.515 21.306 7.218 20.502
301 2 2 8.469 21.411 7.172 20.607
302 2 2 8.435 21.551 7.138 20.747
303 2 2 8.389 21.656 7.092 20.852
304 2 2 8.343 21.785 7.046 20.981
305 2 2 8.285 21.879 6.988 21.075
306 2 2 8.239 21.984 6.942 21.180
307 2 2 8.193 22.089 6.895 21.285
308 2 2 8.159 22.229 6.861 21.426
309 2 2 8.113 22.334 6.815 21.531
310 2 2 8.067 22.463 6.769 21.659
311 2 2 8.009 22.557 6.711 21.753
312 2 2 7.963 22.662 6.665 21.859
313 2 2 7.917 22.767 6.619 21.964
314 2 2 7.906 22.907 6.609 22.104
315 2 2 7.837 23.013 6.539 22.210
316 2 2 7.814 23.141 6.516 22.338
317 2 2 7.733 23.235 6.435 22.432
318 2 2 7.710 23.340 6.412 22.537
319 2 2 7.641 23.446 6.343 22.643
320 2 2 7.630 23.586 6.332 22.783
321 2 2 7.561 23.691 6.262 22.889
322 2 2 7.538 23.796 6.240 22.994
323 2 2 7.457 23.891 6.158 23.088
324 2 2 7.434 24.019 6.136 23.216
325 2 2 7.365 24.125 6.066 23.322
326 2 2 7.331 24.242 6.032 23.439
327 2 2 7.284 24.347 5.985 23.545
328 2 2 7.239 24.476 5.939 23.673
329 2 2 7.157 24.570 5.858 23.768
330 2 2 7.088 24.676 5.788 23.874
331 2 2 7.041 24.782 5.742 23.979
332 2 2 7.007 24.922 5.708 24.120
333 2 2 6.961 25.027 5.662 24.225
221 2 2 12.911 13.413 11.444 12.249
229 2 2 12.149 14.266 10.774 13.078
258 2 2 10.536 16.660 9.242 15.854
22 11 2 11.311 29.553 10.428 27.494
23 11 2 11.403 29.365 10.486 27.481
24 11 2 11.414 29.307 10.439 27.424
25 11 2 11.318 29.042 10.452 27.528
26 11 2 11.412 29.156 10.484 27.214
27 11 2 11.376 28.983 10.436 27.064
28 11 2 11.338 28.694 10.413 27.146
29 11 2 11.314 28.601 10.389 27.018
30 11 2 11.350 28.647 10.446 26.901
31 11 2 11.337 28.508 10.458 26.866
32 11 2 11.336 28.404 10.469 26.773
33 11 2 11.311 28.253 10.433 26.658
34 11 2 11.322 28.137 10.432 26.553
35 11 2 11.264 28.161 10.466 26.460
36 11 2 11.240 28.139 10.477 26.355
37 11 2 11.250 27.895 10.382 26.264
38 11 2 11.237 27.791 10.463 26.077
39 11 2 11.213 27.710 10.451 26.007
40 11 2 11.213 27.640 10.415 25.927
41 11 2 11.259 27.593 10.366 25.719
42 11 2 11.258 27.477 10.365 25.603
43 11 2 11.234 27.361 10.177 25.525
44 11 2 11.268 27.291 10.282 25.396
45 11 2 11.291 27.267 10.363 25.359
46 11 2 11.255 27.129 10.385 25.162
47 11 2 11.208 27.130 10.361 25.092
48 11 2 11.207 26.944 10.313 24.989
49 11 2 11.182 26.840 10.301 24.885
50 11 2 11.274 26.630 10.324 24.861
51 11 2 11.286 26.630 10.392 24.639
52 11 2 11.260 26.352 10.263 24.560
53 11 2 11.283 26.316 10.309 24.432
54 11 2 11.352 26.199 10.354 24.304
55 11 2 11.282 26.131 10.365 24.176
56 11 2 11.257 25.946 10.329 24.084
57 11 2 11.313 25.736 10.458 24.058
58 11 2 11.395 25.734 10.408 23.781
59 11 2 11.334 25.469 10.432 23.792
60 11 2 11.381 25.468 10.383 23.549
61 11 2 11.298 25.261 10.430 23.618
62 11 2 11.355 25.132 10.464 23.490
63 11 2 11.330 24.970 10.416 23.340
64 11 2 11.388 24.946 10.320 22.958
65 11 2 11.293 24.762 10.368 23.132
66 11 2 11.422 24.725 10.354 22.865
67 11 2 11.338 24.471 10.401 22.911
68 11 2 11.384 24.459 10.328 22.622
69 11 2 11.384 24.447 10.409 22.493
70 11 2 11.370 24.181 10.433 22.551
71 11 2 11.359 24.181 10.477 22.260
72 11 2 11.309 23.904 10.431 22.272
73 11 2 11.344 23.880 10.429 22.098
74 11 2 11.285 23.800 10.488 22.155
75 11 2 11.365 23.601 10.510 21.958
76 11 2 11.388 23.520 10.449 21.680
77 11 2 11.375 23.334 10.496 21.645
78 11 2 11.445 23.380 10.494 21.436
79 11 2 11.410 23.392 10.516 21.273
80 11 2 11.443 23.159 10.574 21.168
81 11 2 11.487 22.834 10.574 21.180
82 11 2 11.523 22.926 10.595 20.971
83 11 2 11.534 22.798 10.629 20.808
84 11 2 11.532 22.578 10.662 20.610
85 11 2 11.531 22.520 10.650 20.576
86 11 2 11.530 22.381 10.625 20.356
87 11 2 11.540 22.172 10.612 20.240
88 11 2 11.563 22.068 10.647 20.135
89 11 2 11.562 21.975 10.634 20.008
90 11 2 11.584 21.847 10.633 19.892
91 11 2 11.631 21.881 10.632 19.765
92 11 2 11.628 21.534 10.700 19.520
93 11 2 11.581 21.465 10.710 19.311
94 11 2 11.684 21.255 10.710 19.300
95 11 2 11.718 21.138 10.744 19.206
96 11 2 11.681 20.907 10.803 19.252
97 11 2 11.774 20.836 10.743 19.056
98 11 2 11.808 20.731 10.799 18.835
99 11 2 11.854 20.615 10.798 18.719
100 11 2 11.817 20.430 10.881 18.787
101 11 2 11.934 20.440 10.855 18.475
102 11 2 11.921 20.278 11.029 18.356
103 11 2 11.885 20.128 10.829 18.220
104 11 2 11.918 19.953 10.877 18.324
105 11 2 11.918 19.977 10.875 18.104
106 11 2 11.962 19.640 11.049 17.985
107 11 2 11.996 19.512 11.060 17.916
108 11 2 12.067 19.615 11.023 17.650
109 11 2 12.159 19.475 11.093 17.626
110 11 2 12.240 19.346 11.267 17.507
111 11 2 12.178 18.988 11.243 17.403
112 11 2 12.201 18.930 11.324 17.344
113 11 2 12.270 18.802 11.358 17.240
114 11 2 12.352 18.858 11.379 16.915
115 11 2 12.397 18.719 11.424 16.799
116 11 2 12.432 18.626 11.447 16.683
117 11 2 12.501 18.590 11.493 16.647
118 11 2 12.558 18.346 11.515 16.496
119 11 2 12.520 18.069 11.574 16.507
120 11 2 12.625 18.009 11.596 16.380
121 11 2 12.543 18.011 11.736 16.331
122 11 2 12.682 17.881 11.605 16.067
123 11 2 12.762 17.764 11.650 15.893
124 11 2 12.796 17.613 11.672 15.777
125 11 2 12.748 17.441 11.743 15.891
126 11 2 12.735 17.279 11.754 15.764
127 11 2 12.817 17.301 11.683 15.603
128 11 2 12.828 17.208 11.774 15.393
129 11 2 12.791 16.977 11.857 15.485
130 11 2 12.836 16.861 11.903 15.415
131 11 2 12.905 16.756 12.018 15.240
132 11 2 12.963 16.686 12.064 15.205
133 11 2 13.008 16.569 12.144 15.018
134 11 2 13.066 16.522 12.132 14.903
135 11 2 13.065 16.360 12.259 14.786
136 11 2 13.227 16.254 12.316 14.704
137 11 2 13.273 16.172 12.362 14.530
138 11 2 13.330 15.998 12.420 14.506
139 11 2 13.446 15.985 12.442 14.390
140 11 2 13.503 15.834 12.499 14.274
141 11 2 13.526 15.764 12.510 14.216
142 11 2 13.595 15.729 12.461 13.927
143 11 2 13.653 15.693 12.531 13.892
144 11 2 13.722 15.600 12.565 13.799
145 11 2 13.803 15.483 12.611 13.763
146 11 2 13.742 15.241 12.717 13.808
147 11 2 13.834 15.113 12.831 13.599
148 11 2 13.892 15.020 12.901 13.575
149 11 2 14.030 14.926 12.982 13.458
150 11 2 14.241 15.016 12.957 13.308
151 11 2 14.332 14.830 13.178 13.306
152 11 2 14.447 14.736 13.142 13.133
153 11 2 14.610 14.745 13.176 13.040
154 11 2 14.146 14.867 13.342 13.397
155 11 2 14.227 14.773 13.423 13.303
156 11 2 14.342 14.679 13.538 13.209
157 11 2 14.435 14.597 13.631 13.127
158 11 2 14.516 14.573 13.712 13.103
159 11 2 14.608 14.503 13.805 13.033
160 11 2 14.700 14.421 13.897 12.951
161 11 2 14.828 14.327 14.024 12.857
162 11 2 14.943 14.279 14.140 12.810
163 11 2 15.024 14.221 14.221 12.751
164 11 2 15.152 14.196 14.349 12.727
165 11 2 15.267 14.125 14.464 12.656
166 11 2 15.348 14.055 14.023 12.776
167 11 2 15.452 13.996 14.128 12.717
168 11 2 15.544 13.903 14.220 12.624
169 11 2 15.637 13.890 14.313 12.612
170 11 2 15.694 13.774 14.370 12.495
171 11 2 15.810 13.726 14.486 12.448
172 11 2 15.878 13.633 14.555 12.355
173 11 2 15.947 13.575 14.624 12.296
174 11 2 16.051 13.527 14.728 12.249
175 11 2 16.144 13.492 14.395 12.726
176 11 2 16.433 13.385 14.685 12.619
177 11 2 16.687 13.301 14.940 12.535
178 11 2 16.953 13.194 15.206 12.429
179 11 2 17.230 13.087 15.484 12.322
180 11 2 17.519 12.992 15.773 12.226
181 11 2 17.750 12.920 16.005 12.155
182 11 2 18.016 12.836 16.271 12.071
183 11 2 18.304 12.718 16.559 11.953
205 11 2 21.141 12.261 19.403 11.497
206 11 2 21.418 12.247 19.541 11.415
207 11 2 21.498 12.234 19.714 11.425
208 11 2 21.625 12.222 19.794 11.378
209 11 2 21.728 12.163 19.876 11.469
210 11 2 21.774 12.139 20.014 11.433
211 11 2 22.027 12.137 20.222 11.419
212 11 2 22.212 12.146 20.407 11.418
213 11 2 22.292 12.157 20.452 11.383
214 11 2 22.441 12.075 20.683 11.380
215 11 2 22.476 12.075 20.764 11.356
216 11 2 22.636 12.038 20.786 11.310
217 11 2 22.809 12.025 20.959 11.262
218 11 2 23.005 12.023 21.120 11.215
219 11 2 23.039 11.988 21.316 11.236
220 11 2 23.269 12.043 21.396 11.166
222 11 2 23.487 11.960 21.661 11.152
223 11 2 23.544 11.914 21.822 11.116
224 11 2 23.808 11.911 21.982 11.011
225 11 2 24.014 11.829 22.120 10.998
226 11 2 24.129 11.816 22.350 10.950
227 11 2 24.163 11.724 22.442 10.937
228 11 2 24.254 11.688 22.626 10.924
230 11 2 24.438 11.652 22.730 10.934
231 11 2 24.575 11.628 22.868 10.910
232 11 2 24.701 11.580 22.994 10.863
233 11 2 24.862 11.567 23.155 10.850
234 11 2 24.999 11.543 23.292 10.825
235 11 2 25.148 11.518 23.441 10.801
236 11 2 25.262 11.460 23.556 10.742
237 11 2 25.400 11.447 23.694 10.730
238 11 2 25.525 11.411 23.820 10.694
239 11 2 25.686 11.375 23.980 10.658
240 11 2 25.800 11.351 24.095 10.634
241 11 2 25.960 11.327 24.255 10.609
242 11 2 26.063 11.291 24.358 10.574
243 11 2 26.200 11.244 24.496 10.527
244 11 2 26.544 11.241 24.656 10.422
245 11 2 26.452 11.207 24.748 10.490
246 11 2 26.738 11.250 24.827 10.351
247 11 2 26.818 11.203 25.011 10.384
248 11 2 27.025 11.259 25.125 10.337
249 11 2 26.909 11.168 25.207 10.451
250 11 2 27.012 11.144 25.310 10.427
251 11 2 27.276 11.176 25.400 10.312
252 11 2 27.481 11.071 25.675 10.229
253 11 2 27.583 11.047 25.720 10.182
254 11 2 27.686 10.988 25.880 10.158
255 11 2 27.628 10.955 25.927 10.238
256 11 2 27.776 10.907 26.075 10.191
257 11 2 27.879 10.929 26.179 10.212
259 11 2 28.141 10.835 26.441 10.118
260 11 2 28.324 10.833 26.624 10.117
261 11 2 28.427 10.832 26.727 10.116
262 11 2 28.575 10.785 26.876 10.068
263 11 2 28.712 10.749 27.013 10.033
264 11 2 28.815 10.737 27.116 10.020
265 11 2 28.940 10.724 27.241 10.008
266 11 2 29.100 10.700 27.401 9.983
267 11 2 29.202 10.653 27.504 9.936
268 11 2 29.350 10.640 27.652 9.924
269 11 2 29.487 10.639 27.790 9.922
270 11 2 29.624 10.637 27.927 9.921
271 11 2 29.749 10.613 28.052 9.897
272 11 2 29.897 10.566 28.200 9.850
273 11 2 30.022 10.542 28.326 9.826
274 11 2 30.147 10.529 28.451 9.813
275 11 2 30.284 10.528 28.588 9.812
276 11 2 30.398 10.504 28.702 9.788
277 11 2 30.546 10.468 28.851 9.752
278 11 2 30.660 10.467 28.965 9.751
279 11 2 30.796 10.443 29.101 9.727
280 11 2 30.944 10.430 29.250 9.714
281 11 2 31.058 10.429 29.364 9.713
282 11 2 31.172 10.405 29.478 9.689
283 11 2 31.297 10.393 29.603 9.677
284 11 2 31.433 10.391 29.740 9.676
285 11 2 31.570 10.390 29.877 9.674
286 11 2 31.942 10.078 30.161 9.580
287 11 2 31.887 10.227 30.194 9.523
288 11 2 32.340 10.040 30.594 9.553
289 11 2 32.408 10.039 30.628 9.542
290 11 2 32.375 10.142 30.684 9.461
291 11 2 32.489 10.130 30.798 9.449
292 11 2 32.636 10.151 30.946 9.470
293 11 2 32.750 10.139 31.060 9.458
294 11 2 32.909 10.126 31.219 9.445
295 11 2 33.034 10.102 31.344 9.421
296 11 2 33.170 10.112 31.481 9.431
297 11 2 33.306 10.099 31.617 9.418
298 11 2 33.634 10.005 31.744 9.554
299 11 2 33.534 10.131 31.845 9.462
300 11 2 33.647 10.119 31.959 9.450
301 11 2 33.795 10.118 32.106 9.448
302 11 2 33.931 10.116 32.243 9.447
303 11 2 34.259 10.022 32.402 9.491
304 11 2 34.417 9.998 32.573 9.513
305 11 2 34.328 10.101 32.641 9.455
306 11 2 34.464 10.100 32.777 9.454
307 11 2 34.588 10.087 32.902 9.441
308 11 2 34.724 10.086 33.038 9.440
309 11 2 34.860 10.085 33.175 9.439
310 11 2 34.962 10.095 33.277 9.449
311 11 2 35.098 10.094 33.413 9.448
312 11 2 35.212 10.093 33.527 9.447
313 11 2 35.359 10.080 33.674 9.434
314 11 2 35.472 10.090 33.788 9.445
315 11 2 35.608 10.078 33.924 9.432
316 11 2 35.733 10.088 34.049 9.442
317 11 2 35.846 10.087 34.162 9.441
318 11 2 35.982 10.086 34.298 9.440
319 11 2 36.106 10.073 34.423 9.427
320 11 2 36.242 10.083 34.559 9.438
321 11 2 36.355 10.071 34.672 9.425
322 11 2 36.479 10.081 34.797 9.435
323 11 2 36.592 10.068 34.910 9.423
324 11 2 36.717 10.079 35.035 9.433
325 11 2 36.852 10.066 35.171 9.421
326 11 2 36.988 10.042 35.306 9.397
327 11 2 37.112 10.052 35.431 9.407
328 11 2 37.202 10.040 35.521 9.395
329 11 2 37.338 10.016 35.657 9.371
330 11 2 37.439 9.969 35.759 9.324
331 11 2 37.574 9.957 35.894 9.312
332 11 2 37.687 9.933 36.007 9.288
333 11 2 37.833 9.886 36.154 9.241
334 11 2 37.923 9.851 36.244 9.206
335 11 2 38.036 9.827 36.357 9.182
336 11 2 38.137 9.758 36.458 9.113
337 11 2 38.272 9.745 36.593 9.100
338 11 2 38.384 9.676 36.706 9.031
339 11 2 38.693 10.049 36.935 8.266
340 11 2 38.497 9.652 36.819 9.007
341 11 2 38.609 9.606 36.931 8.961
342 11 2 38.653 9.514 36.975 8.869
343 11 2 39.062 9.749 37.490 8.341
221 11 2 23.349 11.996 21.592 11.141
229 11 2 24.312 11.688 22.603 10.970
258 11 2 28.051 10.905 26.350 10.188
22 12 2 8.991 29.347 8.002 27.379
23 12 2 8.957 29.417 7.931 27.346
24 12 2 8.956 29.359 7.977 27.229
25 12 2 8.942 29.104 7.894 27.079
26 12 2 8.883 28.977 7.905 27.044
27 12 2 8.893 28.837 7.904 26.963
28 12 2 8.929 28.895 7.892 26.847
29 12 2 8.916 28.790 8.020 26.786
30 12 2 8.951 28.685 7.996 26.624
31 12 2 8.985 28.615 8.007 26.531
32 12 2 8.937 28.418 7.900 26.475
33 12 2 9.006 28.277 8.053 26.460
34 12 2 9.006 28.242 8.076 26.425
35 12 2 9.016 28.068 8.087 26.366
36 12 2 9.040 28.184 8.050 26.111
37 12 2 9.039 28.044 8.037 25.984
38 12 2 9.062 27.962 8.001 25.915
39 12 2 8.989 27.662 8.109 26.110
40 12 2 9.002 27.847 7.988 25.752
41 12 2 8.964 27.500 8.071 25.786
42 12 2 8.927 27.291 8.070 25.635
43 12 2 8.940 27.372 7.996 25.264
44 12 2 8.926 27.117 8.055 25.333
45 12 2 8.950 27.221 7.971 25.113
46 12 2 8.926 27.152 7.959 25.044
47 12 2 8.878 26.944 7.865 24.999
48 12 2 8.866 26.967 7.852 24.883
49 12 2 8.899 26.699 8.041 24.984
50 12 2 8.933 26.559 8.051 24.868
51 12 2 8.908 26.385 8.015 24.729
52 12 2 8.896 26.293 8.061 24.635
53 12 2 8.955 26.419 7.977 24.404
54 12 2 8.955 26.361 8.023 24.311
55 12 2 8.919 26.234 7.906 24.255
56 12 2 8.941 26.060 7.952 24.138
57 12 2 8.975 25.978 7.962 23.940
58 12 2 8.975 25.919 8.055 23.857
59 12 2 8.962 25.827 8.008 23.800
60 12 2 8.974 25.815 7.994 23.626
61 12 2 8.984 25.641 7.994 23.568
62 12 2 8.995 25.513 8.004 23.416
63 12 2 8.994 25.478 8.027 23.358
64 12 2 8.982 25.397 8.015 23.277
65 12 2 9.005 25.361 8.014 23.137
66 12 2 9.015 25.117 8.107 23.055
67 12 2 9.060 24.873 8.117 22.892
68 12 2 9.046 24.583 8.141 22.938
69 12 2 9.022 24.595 8.022 22.708
70 12 2 9.020 24.351 8.081 22.799
71 12 2 9.056 24.443 8.032 22.545
72 12 2 9.172 24.302 8.148 22.380
73 12 2 9.149 24.302 8.159 22.310
74 12 2 9.122 23.943 8.218 22.274
75 12 2 9.110 23.885 8.229 22.193
76 12 2 9.145 23.814 8.228 22.088
77 12 2 9.167 23.698 8.227 22.007
78 12 2 9.142 23.536 8.238 21.856
79 12 2 9.153 23.385 8.214 21.764
80 12 2 9.141 23.350 8.260 21.705
81 12 2 9.223 23.326 8.164 21.404
82 12 2 9.245 23.186 8.221 21.287
83 12 2 9.244 23.070 8.185 21.183
84 12 2 9.255 23.023 8.231 21.055
85 12 2 9.207 22.908 8.218 20.893
86 12 2 9.241 22.710 8.229 20.788
87 12 2 9.252 22.687 8.228 20.718
88 12 2 9.275 22.617 8.250 20.497
89 12 2 9.262 22.477 8.261 20.451
90 12 2 9.296 22.245 8.248 20.277
91 12 2 9.318 22.152 8.224 20.219
92 12 2 9.329 22.047 8.270 20.102
93 12 2 9.328 21.943 8.281 19.998
94 12 2 9.339 21.838 8.315 19.881
95 12 2 9.302 21.606 8.232 19.789
96 12 2 9.313 21.479 8.350 19.788
97 12 2 9.302 21.572 8.266 19.557
98 12 2 9.324 21.397 8.276 19.348
99 12 2 9.357 21.153 8.286 19.208
100 12 2 9.379 21.025 8.286 19.197
101 12 2 9.308 20.968 8.322 19.243
102 12 2 9.365 20.793 8.368 19.137
103 12 2 9.436 20.850 8.354 18.882
104 12 2 9.482 20.722 8.435 18.753
105 12 2 9.505 20.629 8.435 18.707
106 12 2 9.493 20.629 8.445 18.591
107 12 2 9.526 20.373 8.456 18.440
108 12 2 9.583 20.198 8.513 18.253
109 12 2 9.582 20.047 8.630 18.263
110 12 2 9.546 20.025 8.570 18.136
111 12 2 9.709 19.941 8.616 18.008
112 12 2 9.720 19.767 8.697 17.845
113 12 2 9.670 19.478 8.744 17.879
114 12 2 9.729 19.430 8.766 17.739
115 12 2 9.811 19.464 8.729 17.531
116 12 2 9.785 19.186 8.882 17.564
117 12 2 9.807 19.070 8.928 17.412
118 12 2 9.785 19.174 8.773 17.182
119 12 2 9.784 19.035 8.808 17.066
120 12 2 9.817 18.838 8.852 16.822
121 12 2 9.886 18.651 8.887 16.821
122 12 2 9.991 18.603 9.015 16.680
123 12 2 10.048 18.486 9.014 16.553
124 12 2 9.977 18.348 8.955 16.484
125 12 2 9.976 18.186 8.989 16.333
126 12 2 10.045 18.115 8.965 16.287
127 12 2 10.150 18.021 9.081 16.169
128 12 2 10.230 17.858 9.022 16.042
129 12 2 10.264 17.695 9.149 15.913
130 12 2 10.205 17.638 9.184 15.866
131 12 2 10.286 17.544 9.067 15.891
132 12 2 10.284 17.324 9.195 15.831
133 12 2 10.365 17.172 9.264 15.680
134 12 2 10.445 17.032 9.357 15.540
135 12 2 10.551 17.112 9.413 15.284
136 12 2 10.537 16.857 9.472 15.295
137 12 2 10.607 16.844 9.471 15.190
138 12 2 10.712 16.762 9.621 14.922
139 12 2 10.722 16.623 9.644 14.945
140 12 2 10.686 16.519 9.703 14.979
141 12 2 10.862 16.586 9.713 14.712
142 12 2 10.917 16.145 9.840 14.572
143 12 2 10.904 16.064 9.921 14.524
144 12 2 10.974 16.040 10.002 14.396
145 12 2 11.032 15.912 9.967 14.327
146 12 2 11.042 15.796 9.990 14.292
147 12 2 11.100 15.726 9.963 13.945
148 12 2 11.158 15.691 9.905 13.899
149 12 2 11.203 15.424 10.092 13.978
150 12 2 11.343 15.503 10.066 13.689
151 12 2 11.389 15.352 10.170 13.525
152 12 2 11.516 15.246 10.286 13.385
153 12 2 11.467 14.980 10.370 13.616
154 12 2 11.560 14.887 10.391 13.384
155 12 2 11.629 14.782 10.519 13.278
156 12 2 11.711 14.804 10.481 12.989
157 12 2 11.780 14.664 10.422 12.932
158 12 2 11.860 14.524 10.504 12.873
159 12 2 11.546 14.678 10.693 13.160
160 12 2 11.592 14.574 10.739 13.056
161 12 2 11.673 14.480 10.820 12.962
162 12 2 11.985 14.095 10.745 12.430
163 12 2 11.996 14.048 10.686 12.292
164 12 2 12.088 13.943 10.754 12.129
165 12 2 11.822 14.108 10.968 12.590
166 12 2 11.867 13.969 11.014 12.451
167 12 2 11.902 13.910 11.048 12.392
168 12 2 11.971 13.794 11.118 12.276
169 12 2 12.005 13.736 11.152 12.218
170 12 2 12.074 13.573 11.221 12.055
171 12 2 12.119 13.457 11.266 11.939
172 12 2 12.212 13.352 11.359 11.834
173 12 2 12.269 13.258 11.416 11.740
174 12 2 12.315 13.119 11.462 11.601
175 12 2 12.314 13.050 11.461 11.532
176 12 2 12.441 12.898 11.588 11.380
177 12 2 12.498 12.782 11.646 11.264
178 12 2 12.567 12.688 11.715 11.170
179 12 2 12.636 12.583 11.784 11.066
180 12 2 12.717 12.490 11.865 10.972
181 12 2 12.774 12.374 11.922 10.856
182 12 2 12.831 12.234 11.979 10.717
183 12 2 12.900 12.141 12.048 10.624
184 12 2 12.958 12.014 12.106 10.496
185 12 2 13.027 11.943 12.175 10.426
186 12 2 13.072 11.804 12.220 10.287
187 12 2 13.153 11.699 12.301 10.182
188 12 2 13.245 11.629 12.394 10.112
189 12 2 13.314 11.513 12.463 9.995
190 12 2 13.360 11.408 12.508 9.891
191 12 2 13.429 11.315 12.577 9.798
192 12 2 13.521 11.199 12.670 9.681
193 12 2 13.602 11.117 12.750 9.600
194 12 2 13.694 11.001 12.843 9.483
195 12 2 13.763 10.931 12.912 9.413
196 12 2 13.844 10.826 12.992 9.309
197 12 2 13.936 10.709 13.085 9.192
198 12 2 14.028 10.639 13.177 9.122
199 12 2 14.109 10.558 13.258 9.041
200 12 2 14.201 10.464 13.350 8.947
201 12 2 14.293 10.371 13.443 8.854
202 12 2 14.397 10.266 13.546 8.749
203 12 2 14.489 10.173 13.639 8.656
204 12 2 14.605 10.114 13.754 8.598
205 12 2 14.662 10.044 13.812 8.528
206 12 2 14.777 9.939 13.927 8.423
207 12 2 14.870 9.881 14.020 8.364
208 12 2 14.974 9.822 14.124 8.306
209 12 2 15.089 9.752 14.240 8.236
210 12 2 15.205 9.658 14.355 8.142
211 12 2 15.286 9.600 14.436 8.084
212 12 2 15.401 9.553 14.552 8.037
213 12 2 15.517 9.506 14.667 7.990
214 12 2 15.621 9.447 14.772 7.931
215 12 2 15.736 9.377 14.887 7.861
216 12 2 15.875 9.306 15.026 7.791
217 12 2 15.979 9.294 15.130 7.778
218 12 2 16.071 9.224 15.222 7.708
219 12 2 16.187 9.200 15.338 7.684
220 12 2 16.337 9.118 15.489 7.603
222 12 2 16.568 9.047 15.720 7.532
223 12 2 16.673 9.034 15.824 7.519
224 12 2 16.788 9.010 15.940 7.495
225 12 2 16.938 8.951 16.090 7.436
226 12 2 17.042 8.927 16.194 7.413
227 12 2 17.170 8.903 16.322 7.389
228 12 2 17.308 8.856 16.460 7.341
230 12 2 17.539 8.796 16.692 7.282
231 12 2 17.678 8.795 16.831 7.281
232 12 2 17.782 8.760 16.935 7.246
233 12 2 17.909 8.712 17.062 7.199
234 12 2 18.048 8.711 17.201 7.197
235 12 2 18.152 8.699 17.305 7.185
236 12 2 18.279 8.698 17.432 7.184
237 12 2 18.383 8.674 17.536 7.160
238 12 2 18.487 8.638 17.640 7.125
239 12 2 18.626 8.649 17.779 7.136
240 12 2 18.741 8.613 17.894 7.100
241 12 2 18.868 8.601 18.022 7.088
242 12 2 19.007 8.600 18.160 7.087
243 12 2 19.122 8.599 18.276 7.086
244 12 2 19.249 8.563 18.403 7.050
245 12 2 19.387 8.539 18.541 7.026
246 12 2 19.503 8.549 18.657 7.037
247 12 2 19.607 8.537 18.761 7.025
248 12 2 19.722 8.547 18.877 7.035
249 12 2 19.838 8.535 18.992 7.023
250 12 2 19.964 8.522 19.119 7.010
251 12 2 20.080 8.487 19.234 6.975
252 12 2 20.218 8.520 19.373 7.009
253 12 2 20.322 8.485 19.477 6.973
254 12 2 20.437 8.507 19.593 6.995
255 12 2 20.552 8.448 19.708 6.937
256 12 2 20.679 8.470 19.835 6.959
257 12 2 20.818 8.469 19.973 6.958
259 12 2 21.060 8.456 20.215 6.945
260 12 2 21.175 8.455 20.331 6.944
261 12 2 21.313 8.431 20.469 6.920
262 12 2 21.440 8.441 20.596 6.930
263 12 2 21.532 8.463 20.688 6.953
264 12 2 21.881 8.851 21.038 7.341
265 12 2 21.774 8.450 20.930 6.939
266 12 2 21.924 8.437 21.080 6.927
267 12 2 21.933 8.230 21.090 6.720
268 12 2 22.142 8.424 21.299 6.914
269 12 2 22.280 8.423 21.437 6.913
270 12 2 22.431 8.479 21.587 6.969
271 12 2 22.499 8.432 21.656 6.923
272 12 2 22.637 8.431 21.794 6.922
273 12 2 22.729 8.407 21.886 6.898
274 12 2 22.879 8.418 22.036 6.908
275 12 2 22.994 8.417 22.151 6.907
276 12 2 23.109 8.439 22.266 6.930
277 12 2 23.212 8.426 22.370 6.917
278 12 2 23.350 8.425 22.508 6.916
279 12 2 23.442 8.413 22.600 6.904
280 12 2 23.545 8.412 22.703 6.903
281 12 2 23.660 8.411 22.818 6.903
282 12 2 23.810 8.421 22.968 6.913
283 12 2 23.925 8.420 23.083 6.912
284 12 2 24.039 8.419 23.198 6.911
285 12 2 24.166 8.407 23.324 6.899
286 12 2 24.280 8.406 23.439 6.898
287 12 2 24.372 8.405 23.531 6.897
288 12 2 24.499 8.416 23.658 6.908
289 12 2 24.636 8.414 23.795 6.907
290 12 2 24.751 8.413 23.910 6.906
291 12 2 24.854 8.401 24.014 6.894
292 12 2 24.992 8.400 24.151 6.893
293 12 2 25.107 8.399 24.266 6.892
294 12 2 25.210 8.410 24.370 6.903
295 12 2 25.324 8.386 24.484 6.879
296 12 2 25.439 8.362 24.599 6.855
297 12 2 25.519 8.373 24.679 6.866
298 12 2 25.634 8.372 24.794 6.865
299 12 2 25.748 8.371 24.908 6.864
300 12 2 25.875 8.381 25.035 6.875
301 12 2 25.989 8.357 25.149 6.851
302 12 2 26.104 8.379 25.264 6.873
303 12 2 26.206 8.344 25.367 6.838
304 12 2 26.298 8.366 25.459 6.860
305 12 2 26.413 8.342 25.573 6.836
306 12 2 26.562 8.375 25.723 6.870
307 12 2 26.676 8.352 25.837 6.846
308 12 2 26.768 8.374 25.929 6.868
309 12 2 26.870 8.339 26.032 6.833
310 12 2 26.985 8.383 26.147 6.878
311 12 2 27.077 8.383 26.238 6.877
312 12 2 27.203 8.393 26.364 6.888
313 12 2 27.317 8.392 26.479 6.887
314 12 2 27.409 8.391 26.570 6.886
315 12 2 27.512 8.379 26.673 6.874
316 12 2 27.626 8.378 26.788 6.873
317 12 2 28.901 7.967 27.005 6.906
