0 0 2 33.576 10.004 31.737 9.143
1 0 2 33.622 10.026 31.691 9.132
2 0 2 33.599 10.026 31.668 9.132
3 0 2 33.576 10.027 31.645 9.132
4 0 2 33.553 10.050 31.622 9.156
5 0 2 33.531 10.050 31.599 9.156
6 0 2 33.508 10.050 31.576 9.156
7 0 2 33.462 10.051 31.531 9.156
8 0 2 33.439 10.051 31.508 9.156
9 0 2 33.393 10.051 31.462 9.157
10 0 2 33.348 10.051 31.416 9.157
11 0 2 33.302 10.052 31.370 9.157
12 0 2 33.279 10.052 31.347 9.158
13 0 2 33.233 10.052 31.301 9.158
14 0 2 33.188 10.053 31.256 9.158
15 0 2 33.142 10.053 31.210 9.159
16 0 2 33.096 10.054 31.164 9.159
17 0 2 33.050 10.054 31.118 9.159
18 0 2 33.005 10.054 31.072 9.160
19 0 2 32.959 10.055 31.026 9.160
20 0 2 32.913 10.055 30.980 9.160
21 0 2 32.867 10.055 30.935 9.161
22 0 2 32.822 10.056 30.889 9.161
23 0 2 32.776 10.056 30.843 9.161
24 0 2 32.730 10.056 30.797 9.162
25 0 2 32.684 10.057 30.751 9.162
26 0 2 32.638 10.057 30.705 9.162
27 0 2 32.593 10.058 30.659 9.163
28 0 2 32.547 10.058 30.613 9.163
29 0 2 32.501 10.058 30.567 9.163
30 0 2 32.455 10.059 30.522 9.164
31 0 2 32.410 10.059 30.476 9.164
32 0 2 32.364 10.059 30.430 9.164
33 0 2 32.295 10.060 30.361 9.165
34 0 2 32.249 10.083 30.315 9.188
35 0 2 32.204 10.084 30.269 9.189
36 0 2 32.135 10.084 30.200 9.189
37 0 2 32.089 10.085 30.155 9.189
38 0 2 32.020 10.085 30.086 9.190
39 0 2 31.952 10.086 30.017 9.191
40 0 2 31.906 10.086 29.971 9.191
41 0 2 31.837 10.110 29.902 9.214
42 0 2 31.769 10.110 29.833 9.215
43 0 2 31.700 10.111 29.764 9.215
44 0 2 31.654 10.111 29.718 9.216
45 0 2 31.585 10.112 29.650 9.216
46 0 2 31.516 10.112 29.581 9.217
47 0 2 31.448 10.113 29.512 9.217
48 0 2 31.379 10.113 29.443 9.218
49 0 2 31.310 10.114 29.374 9.218
50 0 2 31.241 10.091 29.305 9.196
51 0 2 31.172 10.092 29.236 9.196
52 0 2 31.104 10.093 29.167 9.197
53 0 2 31.035 10.093 29.098 9.197
54 0 2 30.966 10.117 29.029 9.221
55 0 2 30.897 10.117 28.960 9.221
56 0 2 30.829 10.118 28.891 9.222
57 0 2 30.760 10.118 28.822 9.222
58 0 2 30.691 10.119 28.753 9.223
59 0 2 30.622 10.119 28.684 9.224
60 0 2 30.553 10.120 28.615 9.224
61 0 2 30.462 10.144 28.523 9.248
62 0 2 30.393 10.144 28.454 9.248
63 0 2 30.324 10.145 28.385 9.249
64 0 2 30.232 10.146 28.293 9.250
65 0 2 30.163 10.146 28.224 9.250
66 0 2 30.071 10.147 28.132 9.251
67 0 2 30.002 10.147 28.063 9.251
68 0 2 29.911 10.148 27.971 9.252
69 0 2 29.819 10.149 27.879 9.253
70 0 2 29.750 10.173 27.810 9.276
71 0 2 29.658 10.173 27.718 9.277
72 0 2 29.589 10.174 27.649 9.277
73 0 2 29.520 10.174 27.580 9.278
74 0 2 29.428 10.198 27.488 9.302
75 0 2 29.359 10.199 27.419 9.302
76 0 2 29.268 10.200 27.327 9.303
77 0 2 29.199 10.200 27.257 9.303
78 0 2 29.107 10.201 27.165 9.304
79 0 2 29.015 10.225 27.073 9.328
80 0 2 28.946 10.225 27.004 9.328
81 0 2 28.854 10.226 26.912 9.329
82 0 2 28.785 10.227 26.843 9.330
83 0 2 28.693 10.227 26.751 9.330
84 0 2 28.601 10.251 26.658 9.354
85 0 2 28.532 10.252 26.589 9.355
86 0 2 28.440 10.252 26.497 9.355
87 0 2 28.348 10.253 26.405 9.356
88 0 2 28.256 10.254 26.313 9.357
89 0 2 28.164 10.255 26.220 9.357
90 0 2 28.072 10.255 26.128 9.358
91 0 2 27.980 10.256 26.036 9.359
92 0 2 27.911 10.257 25.966 9.359
93 0 2 27.818 10.257 25.874 9.360
94 0 2 27.726 10.258 25.782 9.361
95 0 2 27.634 10.259 25.689 9.361
96 0 2 27.542 10.260 25.597 9.362
97 0 2 27.473 10.283 25.528 9.386
98 0 2 27.381 10.284 25.436 9.386
99 0 2 27.289 10.285 25.343 9.387
100 0 2 27.197 10.286 25.251 9.388
101 0 2 27.104 10.286 25.158 9.389
102 0 2 27.012 10.287 25.066 9.389
103 0 2 26.920 10.311 24.974 9.413
104 0 2 26.828 10.312 24.881 9.414
105 0 2 26.736 10.312 24.789 9.415
106 0 2 26.667 10.313 24.720 9.415
107 0 2 26.574 10.314 24.627 9.416
108 0 2 26.482 10.338 24.535 9.440
109 0 2 26.390 10.338 24.442 9.440
110 0 2 26.298 10.339 24.350 9.441
111 0 2 26.206 10.363 24.257 9.465
112 0 2 26.113 10.364 24.165 9.466
113 0 2 26.044 10.364 24.096 9.466
114 0 2 25.952 10.365 24.003 9.467
115 0 2 25.860 10.389 23.911 9.491
116 0 2 25.767 10.390 23.818 9.491
117 0 2 25.675 10.390 23.726 9.492
118 0 2 25.583 10.414 23.633 9.516
119 0 2 25.490 10.415 23.541 9.517
120 0 2 25.398 10.416 23.448 9.517
121 0 2 25.305 10.417 23.355 9.518
122 0 2 25.213 10.417 23.263 9.519
123 0 2 25.121 10.441 23.170 9.543
124 0 2 25.028 10.442 23.078 9.543
125 0 2 24.936 10.443 22.985 9.544
126 0 2 24.843 10.444 22.892 9.545
127 0 2 24.751 10.444 22.800 9.545
128 0 2 24.659 10.468 22.707 9.569
129 0 2 24.566 10.469 22.614 9.570
130 0 2 24.474 10.470 22.522 9.571
131 0 2 24.381 10.470 22.429 9.571
132 0 2 24.289 10.471 22.336 9.572
133 0 2 24.196 10.495 22.244 9.596
134 0 2 24.104 10.496 22.151 9.597
135 0 2 24.011 10.497 22.058 9.597
136 0 2 23.919 10.497 21.965 9.598
137 0 2 23.826 10.521 21.873 9.622
138 0 2 23.757 10.522 21.803 9.623
139 0 2 23.664 10.523 21.710 9.623
140 0 2 23.572 10.547 21.618 9.647
141 0 2 23.479 10.547 21.525 9.648
142 0 2 23.387 10.548 21.432 9.649
143 0 2 23.294 10.572 21.339 9.672
144 0 2 23.225 10.573 21.270 9.673
145 0 2 23.132 10.573 21.177 9.674
146 0 2 23.039 10.597 21.084 9.698
147 0 2 22.970 10.598 21.014 9.698
148 0 2 22.877 10.622 20.922 9.722
149 0 2 22.808 10.622 20.852 9.723
150 0 2 22.715 10.646 20.759 9.746
151 0 2 22.646 10.647 20.690 9.747
152 0 2 22.553 10.671 20.597 9.771
153 0 2 22.484 10.671 20.527 9.771
154 0 2 22.391 10.695 20.434 9.795
155 0 2 22.322 10.696 20.365 9.796
156 0 2 22.252 10.720 20.295 9.820
157 0 2 22.159 10.721 20.202 9.820
158 0 2 22.090 10.744 20.132 9.844
159 0 2 22.021 10.768 20.063 9.868
160 0 2 21.951 10.769 19.993 9.868
161 0 2 21.882 10.792 19.924 9.892
162 0 2 21.789 10.816 19.831 9.916
163 0 2 21.719 10.817 19.761 9.917
164 0 2 21.650 10.841 19.691 9.940
165 0 2 21.580 10.841 19.621 9.941
166 0 2 21.511 10.865 19.552 9.965
167 0 2 21.441 10.889 19.482 9.988
168 0 2 21.372 10.889 19.412 9.989
169 0 2 21.302 10.913 19.343 10.013
170 0 2 21.233 10.937 19.273 10.037
171 0 2 21.163 10.961 19.203 10.060
172 0 2 21.094 10.961 19.134 10.061
173 0 2 21.024 10.985 19.064 10.085
174 0 2 20.931 11.009 18.971 10.109
175 0 2 20.862 11.010 18.901 10.109
176 0 2 20.792 11.034 18.831 10.133
177 0 2 20.723 11.057 18.762 10.157
178 0 2 20.653 11.058 18.692 10.157
179 0 2 20.583 11.082 18.622 10.181
180 0 2 20.514 11.106 18.552 10.205
181 0 2 20.467 11.106 18.506 10.205
182 0 2 20.398 11.130 18.436 10.229
183 0 2 20.328 11.154 18.366 10.253
184 0 2 20.258 11.154 18.296 10.253
185 0 2 20.189 11.178 18.227 10.277
186 0 2 20.119 11.179 18.157 10.278
187 0 2 20.049 11.202 18.087 10.302
188 0 2 19.980 11.203 18.017 10.302
189 0 2 19.910 11.227 17.947 10.326
190 0 2 19.840 11.227 17.877 10.326
191 0 2 19.771 11.251 17.808 10.350
192 0 2 19.701 11.275 17.738 10.374
193 0 2 19.631 11.276 17.668 10.375
194 0 2 19.561 11.276 17.598 10.375
195 0 2 19.492 11.300 17.528 10.399
196 0 2 19.422 11.301 17.458 10.400
197 0 2 19.352 11.325 17.388 10.423
198 0 2 19.283 11.348 17.318 10.447
199 0 2 19.213 11.349 17.248 10.448
200 0 2 19.166 11.373 17.202 10.471
201 0 2 19.096 11.373 17.132 10.472
202 0 2 19.027 11.397 17.062 10.496
203 0 2 18.957 11.421 16.992 10.520
204 0 2 18.887 11.422 16.922 10.520
205 0 2 18.817 11.445 16.852 10.544
206 0 2 18.748 11.446 16.782 10.545
207 0 2 18.701 11.470 16.736 10.568
208 0 2 18.631 11.493 16.666 10.592
209 0 2 18.562 11.517 16.596 10.616
210 0 2 18.492 11.518 16.526 10.617
211 0 2 18.422 11.542 16.456 10.640
212 0 2 18.352 11.566 16.386 10.664
213 0 2 18.306 11.589 16.339 10.688
214 0 2 18.236 11.613 16.269 10.712
215 0 2 18.166 11.637 16.199 10.736
216 0 2 18.096 11.638 16.129 10.736
217 0 2 18.027 11.662 16.059 10.760
218 0 2 17.980 11.685 16.013 10.784
219 0 2 17.910 11.709 15.943 10.807
220 0 2 17.841 11.733 15.873 10.831
221 0 2 17.771 11.757 15.803 10.855
222 0 2 17.701 11.781 15.733 10.879
223 0 2 17.631 11.828 15.663 10.926
224 0 2 17.561 11.852 15.593 10.950
225 0 2 17.492 11.876 15.523 10.974
226 0 2 17.445 11.923 15.477 11.021
227 0 2 17.375 11.946 15.406 11.045
228 0 2 17.306 11.994 15.337 11.092
229 0 2 17.236 12.017 15.267 11.116
230 0 2 17.166 12.065 15.197 11.163
231 0 2 17.096 12.112 15.127 11.210
232 0 2 17.050 12.135 15.080 11.234
233 0 2 16.980 12.183 15.010 11.281
234 0 2 16.910 12.230 14.940 11.328
235 0 2 16.841 12.277 14.870 11.375
236 0 2 16.771 12.324 14.801 11.423
237 0 2 16.724 12.371 14.754 11.470
238 0 2 16.655 12.418 14.684 11.517
239 0 2 16.585 12.489 14.614 11.587
240 0 2 16.515 12.536 14.544 11.634
241 0 2 16.446 12.583 14.474 11.682
242 0 2 16.376 12.654 14.405 11.752
243 0 2 16.306 12.701 14.335 11.799
244 0 2 16.236 12.771 14.265 11.870
245 0 2 16.190 12.842 14.218 11.940
246 0 2 16.120 12.889 14.148 11.987
247 0 2 16.051 12.960 14.078 12.058
248 0 2 15.981 13.030 14.009 12.129
249 0 2 15.935 13.100 13.962 12.199
250 0 2 15.865 13.171 13.892 12.270
251 0 2 15.819 13.241 13.846 12.340
252 0 2 15.749 13.312 13.776 12.410
253 0 2 15.703 13.382 13.730 12.481
254 0 2 15.633 13.453 13.660 12.551
255 0 2 15.587 13.523 13.613 12.622
256 0 2 15.540 13.593 13.567 12.692
257 0 2 15.471 13.664 13.497 12.763
258 0 2 15.424 13.734 13.450 12.833
259 0 2 15.378 13.828 13.404 12.927
260 0 2 15.332 13.898 13.358 12.997
261 0 2 15.262 13.969 13.288 13.068
262 0 2 15.216 14.039 13.241 13.138
263 0 2 15.169 14.133 13.195 13.232
264 0 2 15.123 14.204 13.148 13.303
265 0 2 15.077 14.297 13.102 13.396
266 0 2 15.030 14.368 13.055 13.467
267 0 2 14.984 14.461 13.009 13.561
268 0 2 14.938 14.532 12.963 13.631
269 0 2 14.891 14.602 12.916 13.702
270 0 2 14.869 14.696 12.893 13.795
271 0 2 14.822 14.766 12.847 13.866
272 0 2 14.776 14.860 12.800 13.960
273 0 2 14.730 14.954 12.754 14.053
274 0 2 14.707 15.024 12.731 14.124
275 0 2 14.661 15.118 12.684 14.217
276 0 2 14.638 15.188 12.661 14.288
277 0 2 14.591 15.282 12.615 14.382
278 0 2 14.569 15.375 12.592 14.475
279 0 2 14.522 15.446 12.546 14.546
280 0 2 14.499 15.539 12.523 14.639
281 0 2 14.453 15.610 12.476 14.710
282 0 2 14.430 15.703 12.453 14.804
283 0 2 14.407 15.774 12.430 14.874
284 0 2 14.361 15.867 12.384 14.968
285 0 2 14.338 15.961 12.361 15.061
286 0 2 14.315 16.031 12.338 15.132
287 0 2 14.292 16.125 12.315 15.225
288 0 2 14.269 16.195 12.292 15.296
289 0 2 14.246 16.289 12.269 15.389
290 0 2 14.223 16.382 12.246 15.483
291 0 2 14.201 16.476 12.223 15.577
292 0 2 14.178 16.546 12.200 15.647
293 0 2 14.155 16.640 12.177 15.741
294 0 2 14.155 16.733 12.177 15.834
295 0 2 14.132 16.827 12.155 15.928
296 0 2 14.110 16.921 12.132 16.022
297 0 2 14.087 16.991 12.109 16.092
298 0 2 14.087 17.084 12.109 16.185
299 0 2 14.064 17.178 12.086 16.279
300 0 2 14.065 17.271 12.087 16.373
301 0 2 14.042 17.365 12.064 16.466
302 0 2 14.019 17.459 12.041 16.560
303 0 2 14.020 17.552 12.041 16.654
304 0 2 14.020 17.645 12.042 16.747
305 0 2 13.998 17.739 12.019 16.841
306 0 2 13.998 17.832 12.020 16.934
307 0 2 13.975 17.926 11.997 17.028
308 0 2 13.976 18.019 11.997 17.122
309 0 2 13.953 18.113 11.974 17.215
310 0 2 13.954 18.207 11.975 17.309
311 0 2 13.931 18.300 11.952 17.403
312 0 2 13.931 18.370 11.952 17.473
313 0 2 13.932 18.464 11.953 17.566
314 0 2 13.909 18.558 11.930 17.660
315 0 2 13.909 18.651 11.930 17.754
316 0 2 13.887 18.745 11.908 17.847
317 0 2 13.887 18.838 11.908 17.941
318 0 2 13.888 18.932 11.909 18.034
319 0 2 13.865 19.025 11.886 18.128
320 0 2 13.866 19.119 11.886 18.222
321 0 2 13.843 19.212 11.863 18.316
322 0 2 13.843 19.306 11.864 18.409
323 0 2 13.844 19.399 11.864 18.503
324 0 2 13.821 19.493 11.841 18.596
325 0 2 13.822 19.587 11.842 18.690
326 0 2 13.799 19.680 11.819 18.784
327 0 2 13.799 19.774 11.820 18.877
328 0 2 13.776 19.868 11.797 18.971
329 0 2 13.777 19.961 11.797 19.065
330 0 2 13.778 20.055 11.798 19.158
331 0 2 13.755 20.148 11.775 19.252
332 0 2 13.755 20.242 11.775 19.346
333 0 2 13.732 20.336 11.752 19.440
334 0 2 13.733 20.429 11.753 19.533
335 0 2 13.710 20.523 11.730 19.627
336 0 2 13.711 20.616 11.731 19.721
337 0 2 13.711 20.710 11.731 19.814
338 0 2 13.688 20.804 11.708 19.908
339 0 2 13.689 20.897 11.709 20.002
340 0 2 13.666 20.968 11.686 20.072
341 0 2 13.667 21.061 11.686 20.166
342 0 2 13.667 21.155 11.687 20.260
343 0 2 13.644 21.249 11.664 20.354
344 0 2 13.645 21.342 11.664 20.447
345 0 2 13.622 21.436 11.641 20.541
346 0 2 13.623 21.530 11.642 20.635
347 0 2 13.600 21.623 11.619 20.729
348 0 2 13.600 21.717 11.620 20.822
349 0 2 13.577 21.811 11.597 20.916
350 0 2 13.578 21.904 11.597 21.010
351 0 2 13.555 21.975 11.574 21.080
352 0 2 13.555 22.068 11.575 21.174
353 0 2 13.533 22.162 11.552 21.268
354 0 2 13.533 22.232 11.552 21.338
355 0 2 13.510 22.326 11.529 21.432
356 0 2 13.511 22.420 11.530 21.526
357 0 2 13.511 22.490 11.530 21.596
358 0 2 13.488 22.584 11.507 21.690
359 0 2 13.489 22.678 11.508 21.784
360 0 2 13.466 22.772 11.485 21.878
361 0 2 13.466 22.842 11.485 21.948
362 0 2 13.443 22.936 11.462 22.042
363 0 2 13.444 23.029 11.463 22.136
364 0 2 13.444 23.099 11.463 22.206
365 0 2 13.422 23.193 11.440 22.300
366 0 2 13.422 23.264 11.440 22.370
367 0 2 13.423 23.357 11.441 22.464
368 0 2 13.423 23.451 11.442 22.558
369 0 2 13.400 23.521 11.418 22.628
370 0 2 13.401 23.615 11.419 22.722
371 0 2 13.401 23.685 11.419 22.792
372 0 2 13.402 23.779 11.420 22.886
373 0 2 13.379 23.873 11.397 22.980
374 0 2 13.379 23.943 11.397 23.050
375 0 2 13.380 24.037 11.398 23.144
376 0 2 13.357 24.131 11.375 23.238
377 0 2 13.358 24.224 11.375 23.332
378 0 2 13.358 24.294 11.376 23.402
379 0 2 13.359 24.388 11.376 23.496
380 0 2 13.336 24.482 11.353 23.590
381 0 2 13.336 24.576 11.354 23.684
382 0 2 13.337 24.646 11.354 23.754
383 0 2 13.337 24.740 11.355 23.848
384 0 2 13.314 24.834 11.332 23.942
385 0 2 13.315 24.904 11.332 24.012
386 0 2 13.315 24.997 11.333 24.106
387 0 2 13.292 25.068 11.310 24.176
388 0 2 13.293 25.162 11.310 24.270
389 0 2 13.293 25.255 11.311 24.364
390 0 2 13.294 25.326 11.311 24.434
391 0 2 13.271 25.420 11.288 24.528
392 0 2 13.272 25.513 11.289 24.622
393 0 2 13.272 25.584 11.289 24.692
394 0 2 13.273 25.677 11.290 24.786
395 0 2 13.273 25.771 11.290 24.880
396 0 2 13.274 25.841 11.291 24.950
397 0 2 13.274 25.935 11.291 25.044
398 0 2 13.251 26.029 11.268 25.138
399 0 2 13.252 26.099 11.269 25.209
400 0 2 13.252 26.170 11.269 25.279
401 0 2 13.253 26.263 11.270 25.373
402 0 2 13.253 26.333 11.270 25.443
403 0 2 13.254 26.427 11.271 25.537
404 0 2 13.231 26.498 11.248 25.607
405 0 2 13.231 26.568 11.248 25.678
406 0 2 13.232 26.662 11.249 25.772
407 0 2 13.232 26.732 11.249 25.842
408 0 2 13.233 26.826 11.250 25.936
409 0 2 13.233 26.896 11.250 26.006
410 0 2 13.234 26.990 11.251 26.100
411 0 2 13.234 27.060 11.251 26.170
412 0 2 13.235 27.130 11.251 26.241
413 0 2 13.235 27.224 11.252 26.334
414 0 2 13.236 27.294 11.252 26.405
415 0 2 13.236 27.365 11.253 26.475
416 0 2 13.237 27.458 11.253 26.569
417 0 2 13.237 27.529 11.254 26.639
418 0 2 13.238 27.599 11.254 26.710
419 0 2 13.238 27.693 11.255 26.803
420 0 2 13.239 27.763 11.255 26.874
0 1 2 32.423 9.092 30.430 7.955
1 1 2 32.481 9.126 30.396 7.932
2 1 2 32.447 9.126 30.361 7.932
3 1 2 32.412 9.127 30.327 7.932
4 1 2 32.401 9.127 30.315 7.932
5 1 2 32.366 9.127 30.281 7.933
6 1 2 32.355 9.127 30.270 7.933
7 1 2 32.298 9.127 30.212 7.933
8 1 2 32.286 9.128 30.201 7.933
9 1 2 32.229 9.128 30.143 7.934
10 1 2 32.195 9.128 30.109 7.934
11 1 2 32.138 9.129 30.052 7.934
12 1 2 32.103 9.129 30.017 7.934
13 1 2 32.046 9.129 29.960 7.935
14 1 2 32.012 9.130 29.925 7.935
15 1 2 31.954 9.130 29.868 7.935
16 1 2 31.920 9.153 29.834 7.959
17 1 2 31.863 9.154 29.776 7.959
18 1 2 31.806 9.154 29.719 7.959
19 1 2 31.748 9.155 29.661 7.960
20 1 2 31.691 9.155 29.604 7.960
21 1 2 31.634 9.155 29.547 7.961
22 1 2 31.600 9.179 29.512 7.984
23 1 2 31.542 9.179 29.455 7.984
24 1 2 31.508 9.179 29.420 7.984
25 1 2 31.451 9.180 29.363 7.985
26 1 2 31.393 9.180 29.305 7.985
27 1 2 31.336 9.204 29.248 8.009
28 1 2 31.279 9.204 29.191 8.009
29 1 2 31.222 9.205 29.133 8.009
30 1 2 31.164 9.205 29.076 8.010
31 1 2 31.107 9.205 29.018 8.010
32 1 2 31.073 9.229 28.984 8.033
33 1 2 30.993 9.229 28.904 8.034
34 1 2 30.958 9.230 28.869 8.034
35 1 2 30.901 9.230 28.812 8.035
36 1 2 30.844 9.253 28.754 8.058
37 1 2 30.763 9.254 28.674 8.059
38 1 2 30.706 9.255 28.616 8.059
39 1 2 30.649 9.278 28.559 8.082
40 1 2 30.591 9.278 28.502 8.083
41 1 2 30.511 9.279 28.421 8.083
42 1 2 30.477 9.302 28.387 8.107
43 1 2 30.397 9.303 28.306 8.107
44 1 2 30.339 9.326 28.249 8.131
45 1 2 30.259 9.327 28.168 8.131
46 1 2 30.202 9.350 28.111 8.155
47 1 2 30.122 9.351 28.031 8.155
48 1 2 30.064 9.375 27.973 8.179
49 1 2 29.984 9.375 27.893 8.179
50 1 2 29.927 9.376 27.835 8.180
51 1 2 29.846 9.399 27.755 8.203
52 1 2 29.789 9.400 27.697 8.204
53 1 2 29.686 9.424 27.594 8.227
54 1 2 29.628 9.424 27.536 8.228
55 1 2 29.525 9.425 27.433 8.229
56 1 2 29.468 9.448 27.375 8.252
57 1 2 29.364 9.449 27.272 8.253
58 1 2 29.284 9.450 27.191 8.253
59 1 2 29.204 9.473 27.110 8.277
60 1 2 29.146 9.474 27.053 8.277
61 1 2 29.043 9.475 26.949 8.278
62 1 2 28.985 9.498 26.892 8.302
63 1 2 28.882 9.499 26.788 8.302
64 1 2 28.802 9.500 26.707 8.303
65 1 2 28.721 9.523 26.627 8.326
66 1 2 28.641 9.524 26.546 8.327
67 1 2 28.537 9.525 26.442 8.328
68 1 2 28.457 9.548 26.362 8.351
69 1 2 28.376 9.549 26.281 8.352
70 1 2 28.296 9.550 26.200 8.353
71 1 2 28.215 9.550 26.120 8.353
72 1 2 28.135 9.551 26.039 8.354
73 1 2 28.031 9.575 25.935 8.377
74 1 2 27.974 9.575 25.878 8.378
75 1 2 27.870 9.576 25.774 8.379
76 1 2 27.790 9.576 25.693 8.379
77 1 2 27.709 9.577 25.612 8.380
78 1 2 27.629 9.601 25.531 8.403
79 1 2 27.525 9.602 25.428 8.404
80 1 2 27.444 9.602 25.347 8.405
81 1 2 27.364 9.603 25.266 8.405
82 1 2 27.283 9.627 25.185 8.429
83 1 2 27.180 9.627 25.081 8.430
84 1 2 27.099 9.628 25.000 8.430
85 1 2 26.995 9.629 24.896 8.431
86 1 2 26.938 9.652 24.839 8.454
87 1 2 26.834 9.653 24.735 8.455
88 1 2 26.753 9.654 24.654 8.456
89 1 2 26.673 9.654 24.573 8.456
90 1 2 26.592 9.678 24.492 8.480
91 1 2 26.488 9.679 24.388 8.481
92 1 2 26.408 9.703 24.308 8.504
93 1 2 26.327 9.703 24.227 8.505
94 1 2 26.246 9.704 24.146 8.506
95 1 2 26.143 9.728 24.042 8.529
96 1 2 26.062 9.728 23.961 8.530
97 1 2 25.981 9.729 23.880 8.531
98 1 2 25.900 9.753 23.799 8.554
99 1 2 25.797 9.754 23.695 8.555
100 1 2 25.716 9.754 23.614 8.556
101 1 2 25.635 9.755 23.533 8.556
102 1 2 25.554 9.779 23.452 8.580
103 1 2 25.450 9.779 23.348 8.581
104 1 2 25.393 9.780 23.290 8.581
105 1 2 25.289 9.781 23.186 8.582
106 1 2 25.231 9.781 23.128 8.582
107 1 2 25.127 9.782 23.024 8.583
108 1 2 25.046 9.783 22.943 8.583
109 1 2 24.942 9.783 22.838 8.584
110 1 2 24.884 9.784 22.781 8.585
111 1 2 24.780 9.785 22.676 8.585
112 1 2 24.699 9.785 22.595 8.586
113 1 2 24.619 9.786 22.514 8.586
114 1 2 24.538 9.787 22.433 8.587
115 1 2 24.457 9.787 22.352 8.588
116 1 2 24.376 9.788 22.271 8.588
117 1 2 24.272 9.789 22.166 8.589
118 1 2 24.214 9.789 22.108 8.589
119 1 2 24.110 9.813 22.004 8.613
120 1 2 24.029 9.814 21.923 8.614
121 1 2 23.948 9.814 21.842 8.614
122 1 2 23.867 9.815 21.761 8.615
123 1 2 23.786 9.816 21.679 8.615
124 1 2 23.705 9.816 21.598 8.616
125 1 2 23.624 9.817 21.517 8.617
126 1 2 23.543 9.841 21.436 8.640
127 1 2 23.462 9.841 21.355 8.641
128 1 2 23.381 9.842 21.273 8.641
129 1 2 23.300 9.866 21.192 8.665
130 1 2 23.219 9.866 21.111 8.666
131 1 2 23.115 9.867 21.007 8.667
132 1 2 23.057 9.891 20.949 8.690
133 1 2 22.953 9.892 20.844 8.691
134 1 2 22.895 9.915 20.786 8.714
135 1 2 22.791 9.916 20.682 8.715
136 1 2 22.710 9.917 20.601 8.716
137 1 2 22.629 9.940 20.519 8.740
138 1 2 22.548 9.941 20.438 8.740
139 1 2 22.467 9.965 20.357 8.764
140 1 2 22.386 9.966 20.276 8.764
141 1 2 22.305 9.989 20.194 8.788
142 1 2 22.223 9.990 20.113 8.789
143 1 2 22.142 10.014 20.032 8.813
144 1 2 22.061 10.014 19.950 8.813
145 1 2 21.980 10.038 19.869 8.837
146 1 2 21.899 10.039 19.788 8.838
147 1 2 21.818 10.063 19.707 8.861
148 1 2 21.737 10.063 19.625 8.862
149 1 2 21.656 10.087 19.544 8.886
150 1 2 21.575 10.088 19.463 8.886
151 1 2 21.494 10.112 19.381 8.910
152 1 2 21.412 10.136 19.300 8.934
153 1 2 21.331 10.136 19.219 8.934
154 1 2 21.250 10.160 19.137 8.958
155 1 2 21.169 10.184 19.056 8.982
156 1 2 21.088 10.185 18.975 8.983
157 1 2 21.007 10.208 18.893 9.006
158 1 2 20.925 10.209 18.812 9.007
159 1 2 20.844 10.233 18.730 9.031
160 1 2 20.786 10.233 18.672 9.031
161 1 2 20.682 10.257 18.568 9.055
162 1 2 20.624 10.258 18.509 9.056
163 1 2 20.519 10.282 18.405 9.080
164 1 2 20.461 10.306 18.347 9.103
165 1 2 20.357 10.306 18.242 9.104
166 1 2 20.299 10.330 18.184 9.128
167 1 2 20.194 10.331 18.079 9.129
168 1 2 20.136 10.355 18.021 9.152
169 1 2 20.032 10.355 17.916 9.153
170 1 2 19.974 10.379 17.858 9.177
171 1 2 19.869 10.380 17.753 9.177
172 1 2 19.811 10.404 17.695 9.201
173 1 2 19.730 10.404 17.613 9.202
174 1 2 19.648 10.428 17.531 9.225
175 1 2 19.567 10.429 17.450 9.226
176 1 2 19.509 10.453 17.392 9.250
177 1 2 19.404 10.453 17.287 9.251
178 1 2 19.346 10.477 17.229 9.274
179 1 2 19.241 10.478 17.124 9.275
180 1 2 19.183 10.502 17.065 9.299
181 1 2 19.102 10.526 16.984 9.323
182 1 2 19.021 10.526 16.902 9.323
183 1 2 18.939 10.550 16.821 9.347
184 1 2 18.881 10.574 16.762 9.371
185 1 2 18.776 10.598 16.657 9.395
186 1 2 18.718 10.622 16.599 9.418
187 1 2 18.614 10.646 16.494 9.442
188 1 2 18.556 10.669 16.436 9.466
189 1 2 18.474 10.693 16.355 9.490
190 1 2 18.393 10.717 16.273 9.514
191 1 2 18.312 10.741 16.191 9.538
192 1 2 18.230 10.765 16.110 9.562
193 1 2 18.149 10.812 16.028 9.609
194 1 2 18.091 10.836 15.970 9.632
195 1 2 18.009 10.860 15.888 9.656
196 1 2 17.928 10.884 15.807 9.680
197 1 2 17.847 10.931 15.725 9.727
198 1 2 17.788 10.955 15.667 9.751
199 1 2 17.707 10.979 15.585 9.775
200 1 2 17.649 11.026 15.527 9.822
201 1 2 17.568 11.073 15.446 9.869
202 1 2 17.510 11.120 15.387 9.916
203 1 2 17.405 11.167 15.282 9.964
204 1 2 17.347 11.191 15.224 9.987
205 1 2 17.265 11.238 15.143 10.034
206 1 2 17.207 11.285 15.084 10.081
207 1 2 17.126 11.309 15.003 10.105
208 1 2 17.068 11.356 14.944 10.152
209 1 2 16.986 11.403 14.863 10.200
210 1 2 16.928 11.450 14.805 10.247
211 1 2 16.847 11.498 14.723 10.294
212 1 2 16.789 11.545 14.665 10.341
213 1 2 16.707 11.592 14.583 10.388
214 1 2 16.649 11.616 14.525 10.412
215 1 2 16.568 11.663 14.443 10.459
216 1 2 16.510 11.710 14.385 10.506
217 1 2 16.428 11.757 14.303 10.553
218 1 2 16.370 11.804 14.245 10.600
219 1 2 16.289 11.852 14.163 10.648
220 1 2 16.231 11.899 14.105 10.695
221 1 2 16.149 11.946 14.023 10.742
222 1 2 16.091 11.993 13.965 10.789
223 1 2 16.009 12.040 13.883 10.836
224 1 2 15.951 12.111 13.825 10.907
225 1 2 15.870 12.158 13.743 10.954
226 1 2 15.835 12.205 13.708 11.001
227 1 2 15.754 12.252 13.627 11.048
228 1 2 15.696 12.323 13.569 11.119
229 1 2 15.614 12.370 13.487 11.166
230 1 2 15.556 12.417 13.428 11.213
231 1 2 15.475 12.488 13.347 11.284
232 1 2 15.440 12.535 13.312 11.331
233 1 2 15.358 12.582 13.230 11.378
234 1 2 15.300 12.652 13.172 11.448
235 1 2 15.219 12.700 13.090 11.496
236 1 2 15.160 12.770 13.032 11.566
237 1 2 15.102 12.817 12.973 11.613
238 1 2 15.044 12.888 12.915 11.684
239 1 2 14.986 12.958 12.857 11.754
240 1 2 14.928 13.005 12.799 11.802
241 1 2 14.846 13.076 12.717 11.872
242 1 2 14.812 13.146 12.682 11.943
243 1 2 14.730 13.217 12.600 12.013
244 1 2 14.696 13.287 12.566 12.084
245 1 2 14.637 13.335 12.507 12.131
246 1 2 14.579 13.405 12.449 12.201
247 1 2 14.521 13.476 12.391 12.272
248 1 2 14.463 13.546 12.332 12.342
249 1 2 14.405 13.617 12.274 12.413
250 1 2 14.370 13.687 12.239 12.483
251 1 2 14.312 13.757 12.181 12.554
252 1 2 14.254 13.828 12.123 12.624
253 1 2 14.196 13.898 12.064 12.695
254 1 2 14.161 13.992 12.030 12.789
255 1 2 14.103 14.063 11.971 12.859
256 1 2 14.068 14.133 11.937 12.930
257 1 2 14.010 14.204 11.878 13.000
258 1 2 13.975 14.274 11.843 13.071
259 1 2 13.917 14.368 11.785 13.164
260 1 2 13.883 14.438 11.750 13.235
261 1 2 13.824 14.509 11.692 13.305
262 1 2 13.813 14.602 11.681 13.399
263 1 2 13.755 14.673 11.622 13.470
264 1 2 13.721 14.766 11.588 13.563
265 1 2 13.686 14.837 11.553 13.634
266 1 2 13.651 14.907 11.518 13.704
267 1 2 13.617 15.001 11.483 13.798
268 1 2 13.582 15.071 11.448 13.868
269 1 2 13.547 15.165 11.414 13.962
270 1 2 13.513 15.259 11.379 14.056
271 1 2 13.478 15.329 11.344 14.126
272 1 2 13.467 15.423 11.333 14.220
273 1 2 13.409 15.517 11.275 14.314
274 1 2 13.397 15.587 11.263 14.384
275 1 2 13.363 15.681 11.229 14.478
276 1 2 13.351 15.751 11.217 14.548
277 1 2 13.317 15.844 11.183 14.642
278 1 2 13.306 15.938 11.171 14.736
279 1 2 13.271 16.008 11.136 14.806
280 1 2 13.260 16.102 11.125 14.900
281 1 2 13.225 16.196 11.091 14.994
282 1 2 13.214 16.266 11.079 15.064
283 1 2 13.179 16.360 11.044 15.158
284 1 2 13.168 16.453 11.033 15.251
285 1 2 13.133 16.524 10.998 15.322
286 1 2 13.122 16.617 10.987 15.415
287 1 2 13.111 16.711 10.976 15.509
288 1 2 13.100 16.781 10.965 15.579
289 1 2 13.065 16.875 10.930 15.673
290 1 2 13.054 16.968 10.919 15.767
291 1 2 13.043 17.062 10.907 15.861
292 1 2 13.031 17.132 10.896 15.931
293 1 2 12.997 17.226 10.861 16.025
294 1 2 13.009 17.319 10.874 16.118
295 1 2 12.974 17.413 10.839 16.212
296 1 2 12.963 17.483 10.827 16.282
297 1 2 12.952 17.577 10.816 16.376
298 1 2 12.941 17.671 10.805 16.470
299 1 2 12.906 17.765 10.770 16.564
300 1 2 12.895 17.858 10.759 16.657
301 1 2 12.884 17.952 10.748 16.751
302 1 2 12.872 18.022 10.736 16.821
303 1 2 12.861 18.116 10.725 16.915
304 1 2 12.850 18.209 10.714 17.009
305 1 2 12.815 18.303 10.679 17.103
306 1 2 12.828 18.396 10.691 17.196
307 1 2 12.793 18.490 10.657 17.290
308 1 2 12.782 18.584 10.645 17.384
309 1 2 12.771 18.678 10.634 17.478
310 1 2 12.760 18.771 10.623 17.571
311 1 2 12.725 18.842 10.588 17.642
312 1 2 12.737 18.935 10.600 17.735
313 1 2 12.702 19.029 10.566 17.829
314 1 2 12.691 19.123 10.554 17.923
315 1 2 12.680 19.217 10.543 18.017
316 1 2 12.669 19.310 10.532 18.111
317 1 2 12.658 19.404 10.521 18.204
318 1 2 12.646 19.474 10.509 18.275
319 1 2 12.635 19.568 10.498 18.368
320 1 2 12.624 19.662 10.487 18.462
321 1 2 12.613 19.755 10.476 18.556
322 1 2 12.602 19.849 10.464 18.650
323 1 2 12.590 19.943 10.453 18.744
324 1 2 12.579 20.013 10.442 18.814
325 1 2 12.568 20.107 10.430 18.908
326 1 2 12.557 20.200 10.419 19.002
327 1 2 12.546 20.294 10.408 19.095
328 1 2 12.534 20.388 10.397 19.189
329 1 2 12.523 20.482 10.386 19.283
330 1 2 12.512 20.552 10.374 19.353
331 1 2 12.501 20.646 10.363 19.447
332 1 2 12.490 20.739 10.352 19.541
333 1 2 12.478 20.833 10.340 19.635
334 1 2 12.467 20.903 10.329 19.705
335 1 2 12.456 20.997 10.318 19.799
336 1 2 12.445 21.091 10.307 19.893
337 1 2 12.410 21.185 10.272 19.987
338 1 2 12.422 21.278 10.284 20.080
339 1 2 12.387 21.349 10.249 20.151
340 1 2 12.400 21.443 10.261 20.245
341 1 2 12.365 21.537 10.227 20.339
342 1 2 12.377 21.630 10.239 20.432
343 1 2 12.343 21.724 10.204 20.527
344 1 2 12.355 21.818 10.216 20.620
345 1 2 12.320 21.888 10.181 20.691
346 1 2 12.333 21.982 10.194 20.784
347 1 2 12.321 22.076 10.183 20.878
348 1 2 12.310 22.169 10.171 20.972
349 1 2 12.299 22.263 10.160 21.066
350 1 2 12.288 22.334 10.149 21.137
351 1 2 12.276 22.428 10.137 21.230
352 1 2 12.265 22.521 10.126 21.324
353 1 2 12.254 22.615 10.115 21.418
354 1 2 12.243 22.686 10.104 21.489
355 1 2 12.232 22.779 10.092 21.583
356 1 2 12.244 22.873 10.105 21.676
357 1 2 12.209 22.967 10.070 21.770
358 1 2 12.221 23.037 10.082 21.841
359 1 2 12.210 23.131 10.071 21.935
360 1 2 12.199 23.225 10.059 22.028
361 1 2 12.188 23.295 10.048 22.099
362 1 2 12.200 23.389 10.060 22.192
363 1 2 12.189 23.483 10.049 22.286
364 1 2 12.177 23.553 10.038 22.357
365 1 2 12.166 23.647 10.026 22.451
366 1 2 12.178 23.717 10.039 22.521
367 1 2 12.167 23.811 10.027 22.615
368 1 2 12.156 23.905 10.016 22.709
369 1 2 12.145 23.975 10.005 22.779
370 1 2 12.157 24.069 10.017 22.873
371 1 2 12.146 24.162 10.006 22.967
372 1 2 12.158 24.233 10.018 23.037
373 1 2 12.147 24.326 10.007 23.131
374 1 2 12.159 24.420 10.019 23.225
375 1 2 12.124 24.491 9.984 23.296
376 1 2 12.137 24.584 9.996 23.389
377 1 2 12.125 24.678 9.985 23.483
378 1 2 12.138 24.772 9.998 23.577
379 1 2 12.126 24.842 9.986 23.647
380 1 2 12.139 24.936 9.999 23.741
381 1 2 12.128 25.030 9.987 23.835
382 1 2 12.140 25.123 10.000 23.929
383 1 2 12.129 25.194 9.988 23.999
384 1 2 12.117 25.288 9.977 24.093
385 1 2 12.106 25.381 9.966 24.187
386 1 2 12.118 25.452 9.978 24.257
387 1 2 12.107 25.546 9.967 24.351
388 1 2 12.119 25.639 9.979 24.445
389 1 2 12.108 25.733 9.968 24.539
390 1 2 12.121 25.827 9.980 24.633
391 1 2 12.109 25.897 9.969 24.703
392 1 2 12.122 25.991 9.981 24.797
393 1 2 12.087 26.085 9.946 24.891
394 1 2 12.099 26.155 9.958 24.961
395 1 2 12.088 26.249 9.947 25.055
396 1 2 12.100 26.343 9.959 25.149
397 1 2 12.089 26.413 9.948 25.220
398 1 2 12.101 26.507 9.960 25.313
399 1 2 12.090 26.601 9.949 25.407
400 1 2 12.102 26.671 9.961 25.478
401 1 2 12.067 26.765 9.926 25.572
402 1 2 12.080 26.835 9.939 25.642
403 1 2 12.068 26.929 9.927 25.736
404 1 2 12.081 27.023 9.940 25.830
405 1 2 12.069 27.093 9.928 25.901
406 1 2 12.082 27.187 9.941 25.994
407 1 2 12.071 27.281 9.929 26.088
408 1 2 12.083 27.351 9.942 26.158
409 1 2 12.072 27.445 9.930 26.253
410 1 2 12.084 27.539 9.943 26.346
411 1 2 12.073 27.609 9.931 26.417
412 1 2 12.085 27.703 9.944 26.511
413 1 2 12.074 27.773 9.932 26.581
414 1 2 12.086 27.867 9.945 26.675
415 1 2 12.075 27.961 9.933 26.769
416 1 2 12.087 28.031 9.945 26.839
417 1 2 12.076 28.125 9.934 26.933
418 1 2 12.088 28.195 9.946 27.003
419 1 2 12.077 28.289 9.935 27.098
420 1 2 12.089 28.359 9.947 27.168
0 2 2 31.965 7.783 30.020 7.001
1 2 2 32.022 7.806 29.986 6.990
2 2 2 31.988 7.818 29.951 7.002
3 2 2 31.954 7.806 29.917 6.990
4 2 2 31.896 7.818 29.860 7.002
5 2 2 31.862 7.807 29.825 6.991
6 2 2 31.805 7.819 29.768 7.003
7 2 2 31.747 7.808 29.710 6.992
8 2 2 31.690 7.820 29.653 7.003
9 2 2 31.656 7.831 29.619 7.015
10 2 2 31.576 7.843 29.538 7.027
11 2 2 31.542 7.855 29.504 7.039
12 2 2 31.462 7.867 29.424 7.051
13 2 2 31.427 7.879 29.389 7.063
14 2 2 31.347 7.891 29.309 7.075
15 2 2 31.313 7.903 29.275 7.086
16 2 2 31.233 7.938 29.194 7.121
17 2 2 31.176 7.950 29.137 7.133
18 2 2 31.119 7.962 29.080 7.145
19 2 2 31.061 7.973 29.022 7.157
20 2 2 30.981 7.986 28.942 7.169
21 2 2 30.947 7.997 28.908 7.181
22 2 2 30.867 8.009 28.827 7.193
23 2 2 30.810 8.021 28.770 7.205
24 2 2 30.729 8.033 28.690 7.217
25 2 2 30.695 8.045 28.655 7.229
26 2 2 30.615 8.057 28.575 7.241
27 2 2 30.558 8.069 28.517 7.252
28 2 2 30.477 8.081 28.437 7.265
29 2 2 30.420 8.070 28.379 7.253
30 2 2 30.363 8.082 28.322 7.265
31 2 2 30.305 8.094 28.265 7.277
32 2 2 30.225 8.106 28.184 7.289
33 2 2 30.168 8.095 28.127 7.278
34 2 2 30.087 8.107 28.046 7.290
35 2 2 30.030 8.096 27.989 7.279
36 2 2 29.950 8.108 27.908 7.291
37 2 2 29.892 8.120 27.851 7.303
38 2 2 29.835 8.131 27.793 7.315
39 2 2 29.778 8.120 27.736 7.303
40 2 2 29.697 8.132 27.655 7.316
41 2 2 29.640 8.121 27.597 7.304
42 2 2 29.560 8.133 27.517 7.316
43 2 2 29.502 8.122 27.459 7.305
44 2 2 29.422 8.134 27.379 7.317
45 2 2 29.341 8.123 27.298 7.306
46 2 2 29.261 8.135 27.218 7.318
47 2 2 29.203 8.124 27.160 7.307
48 2 2 29.100 8.136 27.056 7.319
49 2 2 29.043 8.148 26.999 7.331
50 2 2 28.962 8.160 26.918 7.343
51 2 2 28.882 8.149 26.837 7.332
52 2 2 28.801 8.162 26.757 7.344
53 2 2 28.721 8.174 26.676 7.356
54 2 2 28.641 8.186 26.596 7.368
55 2 2 28.560 8.198 26.515 7.380
56 2 2 28.480 8.210 26.435 7.392
57 2 2 28.422 8.222 26.377 7.404
58 2 2 28.319 8.234 26.273 7.417
59 2 2 28.262 8.246 26.216 7.428
60 2 2 28.158 8.258 26.112 7.441
61 2 2 28.101 8.270 26.054 7.453
62 2 2 27.997 8.282 25.951 7.465
63 2 2 27.940 8.294 25.893 7.477
64 2 2 27.836 8.307 25.789 7.489
65 2 2 27.756 8.296 25.709 7.478
66 2 2 27.652 8.308 25.605 7.490
67 2 2 27.572 8.320 25.524 7.502
68 2 2 27.491 8.332 25.443 7.514
69 2 2 27.410 8.321 25.362 7.503
70 2 2 27.307 8.333 25.259 7.515
71 2 2 27.226 8.322 25.178 7.504
72 2 2 27.146 8.334 25.097 7.516
73 2 2 27.065 8.323 25.016 7.505
74 2 2 26.984 8.336 24.935 7.517
75 2 2 26.926 8.324 24.877 7.506
76 2 2 26.823 8.337 24.774 7.519
77 2 2 26.765 8.326 24.716 7.507
78 2 2 26.661 8.338 24.612 7.520
79 2 2 26.604 8.327 24.554 7.508
80 2 2 26.500 8.339 24.450 7.521
81 2 2 26.419 8.328 24.369 7.510
82 2 2 26.316 8.340 24.265 7.522
83 2 2 26.258 8.329 24.207 7.511
84 2 2 26.154 8.341 24.103 7.523
85 2 2 26.073 8.353 24.022 7.535
86 2 2 25.970 8.366 23.918 7.547
87 2 2 25.889 8.378 23.837 7.559
88 2 2 25.785 8.390 23.733 7.571
89 2 2 25.704 8.379 23.652 7.560
90 2 2 25.601 8.391 23.548 7.573
91 2 2 25.520 8.403 23.467 7.585
92 2 2 25.439 8.416 23.386 7.597
93 2 2 25.358 8.405 23.305 7.586
94 2 2 25.254 8.417 23.201 7.598
95 2 2 25.174 8.429 23.120 7.610
96 2 2 25.070 8.441 23.016 7.622
97 2 2 24.989 8.430 22.935 7.611
98 2 2 24.885 8.443 22.831 7.624
99 2 2 24.804 8.432 22.750 7.612
100 2 2 24.700 8.444 22.646 7.625
101 2 2 24.619 8.456 22.565 7.637
102 2 2 24.515 8.468 22.460 7.649
103 2 2 24.434 8.457 22.379 7.638
104 2 2 24.330 8.470 22.275 7.650
105 2 2 24.249 8.459 22.194 7.639
106 2 2 24.145 8.471 22.090 7.651
107 2 2 24.065 8.483 22.008 7.664
108 2 2 23.961 8.495 21.904 7.676
109 2 2 23.880 8.484 21.823 7.665
110 2 2 23.799 8.520 21.742 7.700
111 2 2 23.718 8.509 21.661 7.689
112 2 2 23.614 8.521 21.556 7.701
113 2 2 23.533 8.533 21.475 7.713
114 2 2 23.452 8.545 21.394 7.725
115 2 2 23.371 8.557 21.313 7.738
116 2 2 23.267 8.570 21.209 7.750
117 2 2 23.209 8.582 21.151 7.762
118 2 2 23.105 8.594 21.046 7.774
119 2 2 23.024 8.606 20.965 7.786
120 2 2 22.943 8.618 20.884 7.798
121 2 2 22.862 8.630 20.803 7.810
122 2 2 22.758 8.643 20.698 7.823
123 2 2 22.700 8.655 20.640 7.835
124 2 2 22.596 8.667 20.536 7.847
125 2 2 22.515 8.679 20.455 7.859
126 2 2 22.434 8.714 20.374 7.894
127 2 2 22.353 8.703 20.292 7.883
128 2 2 22.249 8.739 20.188 7.919
129 2 2 22.191 8.728 20.130 7.908
130 2 2 22.086 8.763 20.025 7.943
131 2 2 22.005 8.752 19.944 7.932
132 2 2 21.924 8.787 19.863 7.967
133 2 2 21.843 8.776 19.781 7.956
134 2 2 21.739 8.812 19.677 7.992
135 2 2 21.658 8.801 19.596 7.981
136 2 2 21.577 8.836 19.514 8.016
137 2 2 21.495 8.825 19.433 8.005
138 2 2 21.391 8.861 19.328 8.040
139 2 2 21.310 8.873 19.247 8.053
140 2 2 21.229 8.885 19.166 8.065
141 2 2 21.148 8.897 19.084 8.077
142 2 2 21.043 8.910 18.980 8.089
143 2 2 20.985 8.922 18.922 8.101
144 2 2 20.881 8.934 18.817 8.113
145 2 2 20.800 8.946 18.736 8.126
146 2 2 20.719 8.958 18.654 8.138
147 2 2 20.637 8.971 18.573 8.150
148 2 2 20.533 8.983 18.468 8.162
149 2 2 20.452 8.995 18.387 8.174
150 2 2 20.371 9.030 18.305 8.210
151 2 2 20.289 9.019 18.224 8.199
152 2 2 20.185 9.055 18.119 8.234
153 2 2 20.127 9.067 18.061 8.246
154 2 2 20.022 9.079 17.956 8.259
155 2 2 19.941 9.092 17.875 8.271
156 2 2 19.837 9.127 17.770 8.306
157 2 2 19.778 9.139 17.712 8.318
158 2 2 19.674 9.152 17.607 8.331
159 2 2 19.593 9.164 17.525 8.343
160 2 2 19.511 9.199 17.444 8.378
161 2 2 19.430 9.211 17.362 8.390
162 2 2 19.349 9.224 17.281 8.403
163 2 2 19.267 9.236 17.199 8.415
164 2 2 19.163 9.271 17.095 8.450
165 2 2 19.105 9.283 17.036 8.462
166 2 2 19.000 9.319 16.931 8.498
167 2 2 18.942 9.331 16.873 8.510
168 2 2 18.838 9.367 16.768 8.546
169 2 2 18.756 9.379 16.687 8.558
170 2 2 18.675 9.414 16.605 8.593
171 2 2 18.593 9.427 16.524 8.605
172 2 2 18.512 9.462 16.442 8.641
173 2 2 18.431 9.474 16.361 8.653
174 2 2 18.349 9.510 16.279 8.688
175 2 2 18.268 9.522 16.197 8.701
176 2 2 18.163 9.558 16.092 8.736
177 2 2 18.105 9.570 16.034 8.748
178 2 2 18.000 9.605 15.929 8.784
179 2 2 17.942 9.617 15.871 8.796
180 2 2 17.838 9.653 15.766 8.832
181 2 2 17.756 9.665 15.684 8.844
182 2 2 17.675 9.701 15.603 8.879
183 2 2 17.593 9.713 15.521 8.891
184 2 2 17.488 9.749 15.416 8.927
185 2 2 17.407 9.761 15.334 8.939
186 2 2 17.325 9.796 15.253 8.975
187 2 2 17.244 9.809 15.171 8.987
188 2 2 17.139 9.844 15.066 9.023
189 2 2 17.081 9.856 15.007 9.035
190 2 2 16.976 9.892 14.902 9.070
191 2 2 16.918 9.927 14.844 9.106
192 2 2 16.813 9.963 14.739 9.141
193 2 2 16.731 9.975 14.657 9.154
194 2 2 16.650 10.011 14.575 9.189
195 2 2 16.568 10.023 14.493 9.201
196 2 2 16.487 10.059 14.412 9.237
197 2 2 16.405 10.094 14.330 9.273
198 2 2 16.324 10.153 14.248 9.331
199 2 2 16.266 10.188 14.190 9.367
200 2 2 16.161 10.224 14.085 9.402
201 2 2 16.103 10.259 14.027 9.438
202 2 2 15.998 10.318 13.922 9.497
203 2 2 15.940 10.354 13.863 9.532
204 2 2 15.835 10.413 13.758 9.591
205 2 2 15.777 10.448 13.700 9.627
206 2 2 15.695 10.507 13.618 9.685
207 2 2 15.637 10.542 13.560 9.721
208 2 2 15.532 10.601 13.455 9.780
209 2 2 15.474 10.660 13.396 9.839
210 2 2 15.393 10.719 13.315 9.897
211 2 2 15.334 10.754 13.256 9.933
212 2 2 15.253 10.813 13.175 9.992
213 2 2 15.195 10.872 13.116 10.050
214 2 2 15.113 10.931 13.035 10.109
215 2 2 15.055 10.990 12.976 10.168
216 2 2 14.997 11.048 12.918 10.227
217 2 2 14.939 11.107 12.860 10.286
218 2 2 14.857 11.166 12.778 10.344
219 2 2 14.799 11.201 12.719 10.380
220 2 2 14.741 11.260 12.661 10.439
221 2 2 14.683 11.319 12.603 10.497
222 2 2 14.601 11.378 12.521 10.556
223 2 2 14.566 11.436 12.486 10.615
224 2 2 14.485 11.495 12.404 10.674
225 2 2 14.450 11.554 12.370 10.733
226 2 2 14.369 11.636 12.288 10.815
227 2 2 14.334 11.695 12.253 10.873
228 2 2 14.252 11.754 12.171 10.932
229 2 2 14.194 11.812 12.113 10.991
230 2 2 14.136 11.894 12.055 11.073
231 2 2 14.101 11.953 12.020 11.132
232 2 2 14.020 12.035 11.938 11.214
233 2 2 13.985 12.094 11.903 11.273
234 2 2 13.903 12.176 11.821 11.355
235 2 2 13.869 12.235 11.786 11.414
236 2 2 13.787 12.317 11.705 11.496
237 2 2 13.752 12.376 11.670 11.555
238 2 2 13.694 12.458 11.611 11.637
239 2 2 13.659 12.516 11.577 11.696
240 2 2 13.578 12.599 11.495 11.778
241 2 2 13.543 12.681 11.460 11.860
242 2 2 13.485 12.763 11.402 11.943
243 2 2 13.450 12.822 11.367 12.001
244 2 2 13.392 12.904 11.309 12.083
245 2 2 13.357 12.986 11.274 12.165
246 2 2 13.299 13.068 11.215 12.248
247 2 2 13.265 13.150 11.181 12.330
248 2 2 13.207 13.232 11.122 12.412
249 2 2 13.172 13.291 11.087 12.471
250 2 2 13.114 13.373 11.029 12.553
251 2 2 13.079 13.455 10.994 12.635
252 2 2 13.021 13.537 10.936 12.717
253 2 2 12.986 13.619 10.901 12.799
254 2 2 12.928 13.702 10.843 12.882
255 2 2 12.893 13.760 10.808 12.940
256 2 2 12.858 13.842 10.773 13.023
257 2 2 12.824 13.924 10.738 13.105
258 2 2 12.765 14.007 10.680 13.187
259 2 2 12.754 14.088 10.668 13.269
260 2 2 12.696 14.171 10.610 13.351
261 2 2 12.661 14.253 10.575 13.433
262 2 2 12.626 14.335 10.540 13.516
263 2 2 12.592 14.394 10.505 13.574
264 2 2 12.557 14.499 10.471 13.680
265 2 2 12.522 14.558 10.436 13.739
266 2 2 12.488 14.663 10.401 13.844
267 2 2 12.453 14.722 10.366 13.903
268 2 2 12.418 14.827 10.331 14.008
269 2 2 12.407 14.886 10.320 14.067
270 2 2 12.349 14.991 10.262 14.173
271 2 2 12.337 15.073 10.250 14.255
272 2 2 12.303 15.155 10.216 14.337
273 2 2 12.268 15.238 10.181 14.419
274 2 2 12.233 15.343 10.146 14.525
275 2 2 12.222 15.425 10.135 14.607
276 2 2 12.164 15.507 10.076 14.689
277 2 2 12.152 15.589 10.065 14.771
278 2 2 12.118 15.671 10.030 14.853
279 2 2 12.106 15.753 10.019 14.935
280 2 2 12.048 15.836 9.960 15.018
281 2 2 12.037 15.918 9.949 15.100
282 2 2 12.002 16.000 9.914 15.182
283 2 2 11.991 16.082 9.903 15.264
284 2 2 11.956 16.187 9.868 15.370
285 2 2 11.921 16.246 9.833 15.428
286 2 2 11.887 16.352 9.798 15.534
287 2 2 11.875 16.434 9.787 15.616
288 2 2 11.841 16.516 9.752 15.698
289 2 2 11.829 16.598 9.741 15.780
290 2 2 11.795 16.680 9.706 15.863
291 2 2 11.783 16.762 9.694 15.945
292 2 2 11.749 16.844 9.660 16.027
293 2 2 11.737 16.926 9.648 16.109
294 2 2 11.703 17.032 9.613 16.215
295 2 2 11.691 17.114 9.602 16.297
296 2 2 11.680 17.196 9.591 16.379
297 2 2 11.669 17.278 9.579 16.461
298 2 2 11.634 17.383 9.545 16.567
299 2 2 11.623 17.465 9.533 16.649
300 2 2 11.588 17.547 9.498 16.731
301 2 2 11.577 17.629 9.487 16.813
302 2 2 11.542 17.735 9.452 16.919
303 2 2 11.554 17.817 9.465 17.001
304 2 2 11.520 17.899 9.430 17.083
305 2 2 11.508 17.981 9.418 17.165
306 2 2 11.474 18.087 9.384 17.271
307 2 2 11.486 18.168 9.396 17.353
308 2 2 11.451 18.251 9.361 17.435
309 2 2 11.463 18.332 9.373 17.517
310 2 2 11.429 18.438 9.338 17.623
311 2 2 11.417 18.520 9.327 17.705
312 2 2 11.406 18.602 9.316 17.787
313 2 2 11.395 18.684 9.304 17.869
314 2 2 11.384 18.790 9.293 17.974
315 2 2 11.372 18.872 9.282 18.056
316 2 2 11.361 18.977 9.271 18.162
317 2 2 11.350 19.059 9.259 18.244
318 2 2 11.339 19.141 9.248 18.326
319 2 2 11.351 19.223 9.260 18.408
320 2 2 11.316 19.329 9.225 18.514
321 2 2 11.329 19.410 9.238 18.596
322 2 2 11.294 19.516 9.203 18.702
323 2 2 11.306 19.598 9.215 18.783
324 2 2 11.295 19.680 9.204 18.866
325 2 2 11.284 19.762 9.192 18.948
326 2 2 11.272 19.868 9.181 19.053
327 2 2 11.285 19.949 9.193 19.135
328 2 2 11.274 20.055 9.182 19.241
329 2 2 11.262 20.137 9.171 19.323
330 2 2 11.251 20.242 9.160 19.428
331 2 2 11.263 20.324 9.172 19.510
332 2 2 11.229 20.407 9.137 19.593
333 2 2 11.241 20.488 9.149 19.675
334 2 2 11.230 20.594 9.138 19.780
335 2 2 11.218 20.676 9.127 19.862
336 2 2 11.207 20.781 9.116 19.968
337 2 2 11.219 20.863 9.128 20.050
338 2 2 11.208 20.969 9.117 20.156
339 2 2 11.221 21.051 9.129 20.237
340 2 2 11.209 21.133 9.118 20.320
341 2 2 11.222 21.214 9.130 20.401
342 2 2 11.187 21.320 9.095 20.507
343 2 2 11.199 21.402 9.107 20.589
344 2 2 11.188 21.484 9.096 20.672
345 2 2 11.200 21.566 9.108 20.753
346 2 2 11.189 21.672 9.097 20.859
347 2 2 11.178 21.754 9.086 20.941
348 2 2 11.166 21.836 9.074 21.024
349 2 2 11.179 21.918 9.086 21.105
350 2 2 11.167 22.023 9.075 21.211
351 2 2 11.156 22.105 9.064 21.293
352 2 2 11.145 22.187 9.053 21.376
353 2 2 11.157 22.269 9.065 21.457
354 2 2 11.146 22.375 9.054 21.563
355 2 2 11.135 22.457 9.042 21.645
356 2 2 11.123 22.539 9.031 21.728
357 2 2 11.136 22.621 9.043 21.809
358 2 2 11.124 22.703 9.032 21.892
359 2 2 11.137 22.785 9.044 21.974
360 2 2 11.125 22.867 9.033 22.056
361 2 2 11.138 22.949 9.045 22.138
362 2 2 11.126 23.055 9.034 22.244
363 2 2 11.139 23.136 9.046 22.325
364 2 2 11.127 23.219 9.035 22.408
365 2 2 11.140 23.300 9.047 22.490
366 2 2 11.128 23.383 9.036 22.572
367 2 2 11.141 23.464 9.048 22.654
368 2 2 11.129 23.570 9.037 22.760
369 2 2 11.118 23.652 9.025 22.842
370 2 2 11.107 23.734 9.014 22.924
371 2 2 11.119 23.816 9.026 23.006
372 2 2 11.108 23.899 9.015 23.088
373 2 2 11.120 23.980 9.027 23.170
374 2 2 11.109 24.086 9.016 23.276
375 2 2 11.121 24.168 9.028 23.358
376 2 2 11.110 24.250 9.017 23.440
377 2 2 11.099 24.332 9.005 23.523
378 2 2 11.087 24.438 8.994 23.628
379 2 2 11.100 24.520 9.007 23.710
380 2 2 11.088 24.602 8.995 23.793
381 2 2 11.101 24.684 9.007 23.874
382 2 2 11.089 24.766 8.996 23.957
383 2 2 11.078 24.848 8.985 24.039
384 2 2 11.067 24.954 8.974 24.145
385 2 2 11.079 25.036 8.986 24.227
386 2 2 11.068 25.118 8.974 24.309
387 2 2 11.080 25.200 8.987 24.391
388 2 2 11.069 25.306 8.975 24.497
389 2 2 11.081 25.388 8.988 24.579
390 2 2 11.070 25.470 8.976 24.661
391 2 2 11.059 25.552 8.965 24.744
392 2 2 11.048 25.658 8.954 24.849
393 2 2 11.060 25.740 8.966 24.931
394 2 2 11.049 25.822 8.955 25.014
395 2 2 11.061 25.904 8.967 25.096
396 2 2 11.049 25.986 8.956 25.178
397 2 2 11.062 26.068 8.968 25.260
398 2 2 11.050 26.150 8.957 25.342
399 2 2 11.063 26.232 8.969 25.424
400 2 2 11.052 26.338 8.958 25.530
401 2 2 11.040 26.420 8.946 25.613
402 2 2 11.029 26.503 8.935 25.695
403 2 2 11.041 26.584 8.947 25.777
404 2 2 11.030 26.667 8.936 25.859
405 2 2 11.042 26.749 8.948 25.941
406 2 2 11.031 26.831 8.937 26.024
407 2 2 11.043 26.913 8.949 26.106
408 2 2 11.032 27.019 8.938 26.212
409 2 2 11.044 27.077 8.950 26.270
410 2 2 11.033 27.183 8.939 26.376
411 2 2 11.045 27.265 8.951 26.458
412 2 2 11.034 27.347 8.940 26.540
413 2 2 11.046 27.429 8.952 26.622
414 2 2 11.035 27.511 8.940 26.705
415 2 2 11.047 27.593 8.953 26.787
416 2 2 11.036 27.676 8.941 26.869
417 2 2 11.048 27.734 8.954 26.928
418 2 2 11.037 27.840 8.942 27.034
419 2 2 11.049 27.898 8.954 27.092
420 2 2 11.038 28.004 8.943 27.198
0 3 2 31.715 5.530 29.804 4.596
1 3 2 31.773 5.564 29.769 4.585
2 3 2 31.727 5.564 29.723 4.585
3 3 2 31.658 5.588 29.655 4.608
4 3 2 31.590 5.611 29.586 4.631
5 3 2 31.544 5.588 29.540 4.609
6 3 2 31.475 5.612 29.471 4.632
7 3 2 31.406 5.612 29.402 4.632
8 3 2 31.338 5.612 29.333 4.633
9 3 2 31.269 5.613 29.264 4.633
10 3 2 31.200 5.613 29.196 4.633
11 3 2 31.109 5.637 29.104 4.657
12 3 2 31.040 5.660 29.035 4.680
13 3 2 30.971 5.637 28.966 4.657
14 3 2 30.880 5.661 28.874 4.681
15 3 2 30.811 5.638 28.805 4.658
16 3 2 30.719 5.662 28.713 4.681
17 3 2 30.651 5.662 28.645 4.682
18 3 2 30.559 5.663 28.553 4.682
19 3 2 30.490 5.663 28.484 4.683
20 3 2 30.399 5.686 28.392 4.706
21 3 2 30.330 5.710 28.323 4.729
22 3 2 30.261 5.687 28.254 4.707
23 3 2 30.169 5.711 28.162 4.730
24 3 2 30.100 5.711 28.093 4.730
25 3 2 30.032 5.711 28.024 4.731
26 3 2 29.940 5.712 27.932 4.731
27 3 2 29.871 5.712 27.863 4.731
28 3 2 29.802 5.736 27.794 4.755
29 3 2 29.711 5.759 27.702 4.778
30 3 2 29.619 5.737 27.610 4.756
31 3 2 29.527 5.760 27.518 4.779
32 3 2 29.458 5.737 27.449 4.756
33 3 2 29.366 5.761 27.357 4.780
34 3 2 29.297 5.738 27.288 4.757
35 3 2 29.228 5.762 27.219 4.781
36 3 2 29.137 5.762 27.127 4.781
37 3 2 29.068 5.763 27.058 4.781
38 3 2 28.976 5.763 26.966 4.782
39 3 2 28.884 5.764 26.874 4.782
40 3 2 28.815 5.764 26.804 4.783
41 3 2 28.723 5.764 26.712 4.783
42 3 2 28.654 5.765 26.643 4.783
43 3 2 28.562 5.765 26.551 4.784
44 3 2 28.493 5.766 26.482 4.784
45 3 2 28.401 5.766 26.390 4.784
46 3 2 28.332 5.766 26.320 4.785
47 3 2 28.240 5.767 26.228 4.785
48 3 2 28.148 5.790 26.136 4.809
49 3 2 28.079 5.814 26.067 4.832
50 3 2 27.987 5.791 25.975 4.810
51 3 2 27.918 5.815 25.906 4.833
52 3 2 27.826 5.792 25.813 4.810
53 3 2 27.757 5.816 25.744 4.834
54 3 2 27.665 5.816 25.652 4.834
55 3 2 27.573 5.817 25.560 4.835
56 3 2 27.481 5.817 25.468 4.835
57 3 2 27.412 5.817 25.398 4.835
58 3 2 27.320 5.818 25.306 4.836
59 3 2 27.228 5.818 25.214 4.836
60 3 2 27.159 5.819 25.144 4.836
61 3 2 27.067 5.842 25.052 4.860
62 3 2 26.975 5.866 24.960 4.884
63 3 2 26.906 5.843 24.891 4.861
64 3 2 26.814 5.867 24.798 4.884
65 3 2 26.721 5.867 24.706 4.885
66 3 2 26.652 5.868 24.637 4.885
67 3 2 26.560 5.868 24.544 4.886
68 3 2 26.468 5.869 24.452 4.886
69 3 2 26.376 5.869 24.359 4.886
70 3 2 26.306 5.870 24.290 4.887
71 3 2 26.214 5.870 24.198 4.887
72 3 2 26.122 5.871 24.105 4.888
73 3 2 26.030 5.871 24.013 4.888
74 3 2 25.938 5.871 23.920 4.888
75 3 2 25.868 5.872 23.851 4.889
76 3 2 25.776 5.872 23.758 4.889
77 3 2 25.684 5.873 23.666 4.890
78 3 2 25.591 5.873 23.573 4.890
79 3 2 25.499 5.874 23.481 4.891
80 3 2 25.407 5.874 23.388 4.891
81 3 2 25.314 5.875 23.296 4.891
82 3 2 25.222 5.875 23.203 4.892
83 3 2 25.153 5.876 23.134 4.892
84 3 2 25.060 5.876 23.041 4.893
85 3 2 24.968 5.877 22.949 4.893
86 3 2 24.876 5.877 22.856 4.894
87 3 2 24.783 5.878 22.763 4.894
88 3 2 24.691 5.878 22.671 4.894
89 3 2 24.622 5.879 22.601 4.895
90 3 2 24.529 5.879 22.509 4.895
91 3 2 24.437 5.880 22.416 4.896
92 3 2 24.344 5.880 22.323 4.896
93 3 2 24.252 5.881 22.231 4.896
94 3 2 24.183 5.881 22.161 4.897
95 3 2 24.090 5.881 22.068 4.897
96 3 2 23.998 5.882 21.976 4.898
97 3 2 23.905 5.882 21.883 4.898
98 3 2 23.813 5.883 21.790 4.899
99 3 2 23.720 5.883 21.698 4.899
100 3 2 23.651 5.884 21.628 4.899
101 3 2 23.558 5.907 21.535 4.923
102 3 2 23.466 5.931 21.443 4.946
103 3 2 23.373 5.908 21.350 4.924
104 3 2 23.281 5.932 21.257 4.947
105 3 2 23.211 5.909 21.187 4.925
106 3 2 23.119 5.933 21.095 4.948
107 3 2 23.026 5.933 21.002 4.949
108 3 2 22.934 5.934 20.909 4.949
109 3 2 22.864 5.934 20.840 4.949
110 3 2 22.772 5.958 20.747 4.973
111 3 2 22.679 5.981 20.654 4.997
112 3 2 22.610 5.959 20.584 4.974
113 3 2 22.517 5.982 20.492 4.997
114 3 2 22.424 5.983 20.399 4.998
115 3 2 22.355 5.983 20.329 4.998
116 3 2 22.262 5.984 20.236 4.999
117 3 2 22.170 6.007 20.143 5.022
118 3 2 22.077 6.031 20.051 5.046
119 3 2 22.007 6.008 19.981 5.023
120 3 2 21.915 6.032 19.888 5.047
121 3 2 21.822 6.032 19.795 5.047
122 3 2 21.753 6.033 19.725 5.047
123 3 2 21.660 6.056 19.633 5.071
124 3 2 21.591 6.080 19.563 5.094
125 3 2 21.498 6.080 19.470 5.095
126 3 2 21.405 6.081 19.377 5.095
127 3 2 21.312 6.105 19.284 5.119
128 3 2 21.220 6.128 19.191 5.143
129 3 2 21.150 6.129 19.121 5.143
130 3 2 21.057 6.129 19.028 5.143
131 3 2 20.965 6.153 18.936 5.167
132 3 2 20.872 6.177 18.843 5.191
133 3 2 20.779 6.177 18.750 5.191
134 3 2 20.686 6.201 18.657 5.215
135 3 2 20.594 6.224 18.564 5.238
136 3 2 20.501 6.225 18.471 5.239
137 3 2 20.408 6.249 18.378 5.263
138 3 2 20.315 6.272 18.285 5.286
139 3 2 20.222 6.273 18.191 5.287
140 3 2 20.130 6.297 18.098 5.310
141 3 2 20.037 6.320 18.005 5.334
142 3 2 19.944 6.321 17.912 5.334
143 3 2 19.851 6.344 17.819 5.358
144 3 2 19.758 6.391 17.726 5.405
145 3 2 19.666 6.415 17.633 5.429
146 3 2 19.573 6.416 17.540 5.429
147 3 2 19.480 6.439 17.447 5.453
148 3 2 19.387 6.463 17.354 5.476
149 3 2 19.294 6.487 17.261 5.500
150 3 2 19.201 6.510 17.168 5.524
151 3 2 19.108 6.511 17.074 5.524
152 3 2 19.015 6.535 16.981 5.548
153 3 2 18.899 6.582 16.865 5.595
154 3 2 18.806 6.629 16.772 5.642
155 3 2 18.713 6.652 16.679 5.666
156 3 2 18.620 6.653 16.585 5.666
157 3 2 18.527 6.700 16.492 5.713
158 3 2 18.434 6.724 16.399 5.737
159 3 2 18.318 6.771 16.283 5.784
160 3 2 18.226 6.818 16.190 5.831
161 3 2 18.133 6.865 16.097 5.878
162 3 2 18.040 6.888 16.003 5.901
163 3 2 17.947 6.912 15.910 5.925
164 3 2 17.854 6.982 15.817 5.995
165 3 2 17.761 7.006 15.724 6.019
166 3 2 17.668 7.053 15.631 6.066
167 3 2 17.575 7.100 15.538 6.113
168 3 2 17.482 7.147 15.444 6.160
169 3 2 17.412 7.194 15.375 6.207
170 3 2 17.319 7.241 15.281 6.254
171 3 2 17.226 7.288 15.188 6.301
172 3 2 17.134 7.335 15.095 6.348
173 3 2 17.064 7.382 15.025 6.395
174 3 2 16.971 7.429 14.932 6.442
175 3 2 16.901 7.453 14.862 6.466
176 3 2 16.808 7.476 14.768 6.489
177 3 2 16.738 7.547 14.699 6.559
178 3 2 16.645 7.570 14.605 6.583
179 3 2 16.576 7.641 14.535 6.653
180 3 2 16.482 7.688 14.442 6.701
181 3 2 16.413 7.735 14.372 6.747
182 3 2 16.343 7.781 14.302 6.794
183 3 2 16.250 7.829 14.209 6.841
184 3 2 16.180 7.876 14.139 6.888
185 3 2 16.087 7.946 14.046 6.959
186 3 2 16.018 8.016 13.976 7.029
187 3 2 15.924 8.040 13.883 7.053
188 3 2 15.855 8.110 13.813 7.123
189 3 2 15.785 8.157 13.743 7.170
190 3 2 15.715 8.204 13.673 7.217
191 3 2 15.622 8.274 13.579 7.287
192 3 2 15.552 8.345 13.510 7.358
193 3 2 15.482 8.368 13.439 7.381
194 3 2 15.413 8.439 13.370 7.452
195 3 2 15.343 8.486 13.300 7.499
196 3 2 15.273 8.533 13.230 7.546
197 3 2 15.180 8.603 13.136 7.616
198 3 2 15.110 8.673 13.066 7.686
199 3 2 15.040 8.720 12.996 7.733
200 3 2 14.971 8.791 12.926 7.804
201 3 2 14.901 8.861 12.856 7.874
202 3 2 14.831 8.908 12.786 7.921
203 3 2 14.761 8.978 12.716 7.991
204 3 2 14.691 9.049 12.646 8.062
205 3 2 14.622 9.096 12.576 8.109
206 3 2 14.552 9.166 12.506 8.179
207 3 2 14.482 9.236 12.436 8.250
208 3 2 14.412 9.284 12.366 8.297
209 3 2 14.342 9.354 12.296 8.367
210 3 2 14.296 9.447 12.250 8.461
211 3 2 14.226 9.518 12.180 8.531
212 3 2 14.156 9.565 12.110 8.578
213 3 2 14.086 9.612 12.040 8.625
214 3 2 14.040 9.682 11.993 8.695
215 3 2 13.970 9.776 11.923 8.789
216 3 2 13.924 9.823 11.877 8.836
217 3 2 13.854 9.893 11.807 8.907
218 3 2 13.784 9.940 11.736 8.954
219 3 2 13.737 10.011 11.690 9.024
220 3 2 13.667 10.081 11.620 9.094
221 3 2 13.597 10.128 11.549 9.142
222 3 2 13.551 10.198 11.503 9.212
223 3 2 13.505 10.292 11.456 9.306
224 3 2 13.435 10.362 11.386 9.376
225 3 2 13.365 10.410 11.316 9.423
226 3 2 13.318 10.480 11.270 9.494
227 3 2 13.249 10.574 11.200 9.587
228 3 2 13.202 10.644 11.153 9.658
229 3 2 13.155 10.691 11.106 9.705
230 3 2 13.086 10.762 11.036 9.775
231 3 2 13.039 10.855 10.990 9.869
232 3 2 12.969 10.926 10.920 9.939
233 3 2 12.923 10.973 10.873 9.987
234 3 2 12.853 11.067 10.803 10.080
235 3 2 12.806 11.137 10.756 10.151
236 3 2 12.760 11.231 10.710 10.245
237 3 2 12.690 11.301 10.639 10.315
238 3 2 12.643 11.372 10.593 10.386
239 3 2 12.597 11.442 10.546 10.456
240 3 2 12.550 11.512 10.499 10.526
241 3 2 12.504 11.606 10.453 10.620
242 3 2 12.434 11.677 10.383 10.691
243 3 2 12.387 11.747 10.336 10.761
244 3 2 12.341 11.841 10.290 10.855
245 3 2 12.295 11.934 10.243 10.949
246 3 2 12.248 12.005 10.196 11.019
247 3 2 12.202 12.075 10.150 11.090
248 3 2 12.155 12.169 10.103 11.183
249 3 2 12.109 12.239 10.056 11.254
250 3 2 12.062 12.310 10.010 11.324
251 3 2 12.016 12.404 9.963 11.418
252 3 2 11.969 12.497 9.917 11.512
253 3 2 11.923 12.568 9.870 11.583
254 3 2 11.900 12.638 9.847 11.653
255 3 2 11.853 12.732 9.800 11.747
256 3 2 11.807 12.826 9.754 11.841
257 3 2 11.760 12.920 9.707 11.935
258 3 2 11.714 12.990 9.660 12.005
259 3 2 11.691 13.060 9.637 12.075
260 3 2 11.644 13.154 9.590 12.169
261 3 2 11.598 13.248 9.544 12.263
262 3 2 11.575 13.342 9.521 12.357
263 3 2 11.528 13.436 9.474 12.451
264 3 2 11.482 13.506 9.427 12.521
265 3 2 11.459 13.576 9.404 12.592
266 3 2 11.412 13.694 9.358 12.709
267 3 2 11.366 13.764 9.311 12.780
268 3 2 11.343 13.858 9.288 12.873
269 3 2 11.296 13.952 9.241 12.967
270 3 2 11.273 14.045 9.218 13.061
271 3 2 11.227 14.139 9.172 13.155
272 3 2 11.180 14.233 9.125 13.249
273 3 2 11.157 14.304 9.102 13.319
274 3 2 11.110 14.374 9.055 13.390
275 3 2 11.087 14.468 9.032 13.484
276 3 2 11.064 14.562 9.009 13.578
277 3 2 11.041 14.655 8.986 13.671
278 3 2 10.995 14.749 8.939 13.765
279 3 2 10.972 14.843 8.916 13.859
280 3 2 10.949 14.937 8.893 13.953
281 3 2 10.926 15.030 8.870 14.047
282 3 2 10.903 15.124 8.847 14.141
283 3 2 10.856 15.218 8.800 14.235
284 3 2 10.833 15.312 8.777 14.329
285 3 2 10.810 15.406 8.754 14.422
286 3 2 10.788 15.500 8.731 14.516
287 3 2 10.764 15.570 8.708 14.587
288 3 2 10.741 15.664 8.685 14.681
289 3 2 10.718 15.757 8.662 14.775
290 3 2 10.695 15.828 8.638 14.845
291 3 2 10.672 15.945 8.616 14.962
292 3 2 10.649 16.016 8.592 15.033
293 3 2 10.650 16.132 8.593 15.150
294 3 2 10.627 16.203 8.570 15.220
295 3 2 10.604 16.320 8.547 15.338
296 3 2 10.581 16.390 8.524 15.408
297 3 2 10.558 16.508 8.501 15.525
298 3 2 10.535 16.578 8.477 15.596
299 3 2 10.512 16.695 8.454 15.713
300 3 2 10.512 16.766 8.455 15.783
301 3 2 10.489 16.883 8.432 15.901
302 3 2 10.466 16.953 8.409 15.971
303 3 2 10.467 17.070 8.409 16.088
304 3 2 10.444 17.141 8.386 16.159
305 3 2 10.421 17.258 8.363 16.276
306 3 2 10.421 17.328 8.363 16.346
307 3 2 10.398 17.445 8.340 16.464
308 3 2 10.375 17.539 8.317 16.558
309 3 2 10.352 17.633 8.294 16.652
310 3 2 10.353 17.727 8.295 16.745
311 3 2 10.330 17.821 8.272 16.839
312 3 2 10.307 17.915 8.249 16.933
313 3 2 10.284 18.008 8.225 17.027
314 3 2 10.284 18.102 8.226 17.121
315 3 2 10.261 18.196 8.203 17.215
316 3 2 10.262 18.290 8.203 17.309
317 3 2 10.239 18.384 8.180 17.403
318 3 2 10.216 18.478 8.157 17.497
319 3 2 10.217 18.595 8.158 17.614
320 3 2 10.194 18.688 8.135 17.708
321 3 2 10.171 18.806 8.112 17.825
322 3 2 10.171 18.876 8.112 17.896
323 3 2 10.148 18.993 8.089 18.013
324 3 2 10.149 19.064 8.089 18.084
325 3 2 10.126 19.181 8.066 18.201
326 3 2 10.126 19.251 8.067 18.271
327 3 2 10.103 19.369 8.044 18.389
328 3 2 10.080 19.463 8.021 18.483
329 3 2 10.081 19.556 8.021 18.577
330 3 2 10.058 19.650 7.998 18.671
331 3 2 10.035 19.744 7.975 18.765
332 3 2 10.035 19.838 7.975 18.859
333 3 2 10.012 19.932 7.952 18.953
334 3 2 10.013 20.026 7.953 19.046
335 3 2 9.990 20.120 7.930 19.141
336 3 2 9.990 20.213 7.930 19.234
337 3 2 9.967 20.331 7.907 19.352
338 3 2 9.968 20.448 7.908 19.469
339 3 2 9.945 20.519 7.885 19.540
340 3 2 9.945 20.636 7.885 19.657
341 3 2 9.922 20.706 7.862 19.728
342 3 2 9.923 20.824 7.863 19.845
343 3 2 9.900 20.918 7.839 19.939
344 3 2 9.900 21.011 7.840 20.033
345 3 2 9.877 21.105 7.817 20.127
346 3 2 9.878 21.199 7.817 20.221
347 3 2 9.878 21.293 7.818 20.315
348 3 2 9.855 21.387 7.795 20.409
349 3 2 9.856 21.481 7.795 20.503
350 3 2 9.833 21.598 7.772 20.620
351 3 2 9.834 21.715 7.773 20.738
352 3 2 9.834 21.786 7.773 20.808
353 3 2 9.811 21.903 7.750 20.926
354 3 2 9.812 21.997 7.751 21.019
355 3 2 9.812 22.091 7.751 21.113
356 3 2 9.789 22.185 7.728 21.208
357 3 2 9.790 22.279 7.728 21.301
358 3 2 9.790 22.396 7.729 21.419
359 3 2 9.767 22.514 7.706 21.536
360 3 2 9.768 22.584 7.706 21.607
361 3 2 9.768 22.701 7.707 21.724
362 3 2 9.745 22.795 7.684 21.818
363 3 2 9.746 22.889 7.684 21.912
364 3 2 9.746 22.983 7.685 22.006
365 3 2 9.723 23.077 7.662 22.100
366 3 2 9.724 23.171 7.662 22.194
367 3 2 9.724 23.288 7.663 22.312
368 3 2 9.725 23.405 7.664 22.429
369 3 2 9.702 23.476 7.640 22.500
370 3 2 9.703 23.593 7.641 22.617
371 3 2 9.679 23.664 7.618 22.688
372 3 2 9.680 23.781 7.618 22.805
373 3 2 9.681 23.875 7.619 22.899
374 3 2 9.658 23.969 7.596 22.994
375 3 2 9.658 24.087 7.596 23.111
376 3 2 9.659 24.204 7.597 23.228
377 3 2 9.636 24.275 7.574 23.299
378 3 2 9.636 24.392 7.574 23.417
379 3 2 9.637 24.486 7.575 23.511
380 3 2 9.614 24.580 7.552 23.605
381 3 2 9.614 24.674 7.552 23.699
382 3 2 9.591 24.768 7.529 23.793
383 3 2 9.592 24.886 7.529 23.911
384 3 2 9.593 25.003 7.530 24.028
385 3 2 9.569 25.074 7.507 24.099
386 3 2 9.570 25.191 7.507 24.216
387 3 2 9.547 25.285 7.484 24.311
388 3 2 9.547 25.379 7.485 24.405
389 3 2 9.524 25.473 7.462 24.499
390 3 2 9.525 25.591 7.462 24.616
391 3 2 9.502 25.709 7.439 24.734
392 3 2 9.503 25.802 7.440 24.828
393 3 2 9.480 25.897 7.416 24.923
394 3 2 9.480 25.991 7.417 25.017
395 3 2 9.481 26.085 7.417 25.111
396 3 2 9.458 26.202 7.394 25.229
397 3 2 9.458 26.320 7.395 25.346
398 3 2 9.459 26.414 7.396 25.440
399 3 2 9.436 26.508 7.372 25.534
400 3 2 9.436 26.602 7.373 25.628
401 3 2 9.413 26.696 7.350 25.723
402 3 2 9.414 26.790 7.350 25.817
403 3 2 9.414 26.884 7.351 25.911
404 3 2 9.415 27.002 7.351 26.028
405 3 2 9.392 27.119 7.328 26.146
406 3 2 9.392 27.213 7.329 26.240
407 3 2 9.393 27.307 7.329 26.334
408 3 2 9.370 27.402 7.306 26.429
409 3 2 9.370 27.496 7.307 26.523
410 3 2 9.371 27.613 7.307 26.641
411 3 2 9.372 27.730 7.308 26.758
412 3 2 9.348 27.801 7.285 26.829
413 3 2 9.349 27.919 7.285 26.947
414 3 2 9.350 28.013 7.286 27.041
415 3 2 9.327 28.107 7.262 27.135
416 3 2 9.327 28.201 7.263 27.229
417 3 2 9.328 28.295 7.263 27.323
418 3 2 9.328 28.389 7.264 27.417
419 3 2 9.305 28.484 7.241 27.512
420 3 2 9.306 28.578 7.241 27.606
0 4 2 35.475 6.853 33.561 4.820
1 4 2 35.532 6.910 33.526 4.786
2 4 2 35.486 6.888 33.480 4.763
3 4 2 35.440 6.842 33.434 4.717
4 4 2 35.394 6.796 33.388 4.671
5 4 2 35.348 6.751 33.342 4.626
6 4 2 35.279 6.705 33.273 4.580
7 4 2 35.211 6.660 33.204 4.534
8 4 2 35.165 6.614 33.158 4.489
9 4 2 35.096 6.569 33.089 4.443
10 4 2 35.027 6.546 33.020 4.420
11 4 2 34.981 6.500 32.974 4.375
12 4 2 34.912 6.478 32.905 4.352
13 4 2 34.843 6.432 32.836 4.306
14 4 2 34.775 6.387 32.767 4.261
15 4 2 34.706 6.341 32.698 4.215
16 4 2 34.637 6.319 32.629 4.192
17 4 2 34.568 6.273 32.560 4.147
18 4 2 34.499 6.250 32.491 4.124
19 4 2 34.408 6.205 32.400 4.078
20 4 2 34.339 6.182 32.331 4.056
21 4 2 34.270 6.137 32.262 4.010
22 4 2 34.201 6.114 32.193 3.987
23 4 2 34.110 6.069 32.101 3.942
24 4 2 34.041 6.023 32.032 3.896
25 4 2 33.972 6.001 31.963 3.873
26 4 2 33.880 5.955 31.871 3.828
27 4 2 33.811 5.933 31.802 3.805
28 4 2 33.720 5.910 31.710 3.782
29 4 2 33.651 5.865 31.641 3.737
30 4 2 33.559 5.842 31.549 3.714
31 4 2 33.490 5.797 31.480 3.668
32 4 2 33.399 5.774 31.388 3.646
33 4 2 33.330 5.751 31.320 3.623
34 4 2 33.238 5.729 31.228 3.600
35 4 2 33.146 5.683 31.136 3.555
36 4 2 33.055 5.661 31.044 3.544
37 4 2 32.963 5.638 30.952 3.544
38 4 2 32.871 5.616 30.861 3.544
39 4 2 32.780 5.593 30.769 3.545
40 4 2 32.711 5.571 30.700 3.545
41 4 2 32.597 5.571 30.586 3.546
42 4 2 32.505 5.549 30.494 3.546
43 4 2 32.413 5.526 30.402 3.546
44 4 2 32.298 5.504 30.288 3.547
45 4 2 32.207 5.481 30.196 3.547
46 4 2 32.115 5.447 30.104 3.547
47 4 2 32.000 5.448 29.989 3.548
48 4 2 31.909 5.426 29.898 3.548
49 4 2 31.794 5.403 29.783 3.549
50 4 2 31.702 5.404 29.691 3.549
51 4 2 31.588 5.381 29.576 3.549
52 4 2 31.496 5.382 29.484 3.550
53 4 2 31.404 5.382 29.393 3.550
54 4 2 31.313 5.383 29.301 3.551
55 4 2 31.221 5.383 29.209 3.551
56 4 2 31.107 5.384 29.094 3.551
57 4 2 30.992 5.384 28.979 3.552
58 4 2 30.877 5.362 28.864 3.552
59 4 2 30.763 5.362 28.750 3.553
60 4 2 30.671 5.363 28.658 3.553
61 4 2 30.556 5.363 28.543 3.553
62 4 2 30.441 5.364 28.428 3.554
63 4 2 30.327 5.365 28.313 3.554
64 4 2 30.212 5.365 28.198 3.555
65 4 2 30.097 5.366 28.083 3.555
66 4 2 30.006 5.366 27.991 3.556
67 4 2 29.891 5.367 27.876 3.556
68 4 2 29.776 5.367 27.761 3.557
69 4 2 29.684 5.368 27.669 3.557
70 4 2 29.569 5.368 27.554 3.557
71 4 2 29.455 5.369 27.439 3.558
72 4 2 29.340 5.370 27.324 3.558
73 4 2 29.248 5.370 27.232 3.559
74 4 2 29.133 5.371 27.117 3.559
75 4 2 29.018 5.371 27.001 3.560
76 4 2 28.903 5.372 26.886 3.560
77 4 2 28.788 5.372 26.771 3.560
78 4 2 28.674 5.373 26.656 3.561
79 4 2 28.559 5.397 26.541 3.561
80 4 2 28.444 5.397 26.426 3.562
81 4 2 28.329 5.398 26.310 3.562
82 4 2 28.237 5.398 26.218 3.563
83 4 2 28.122 5.399 26.103 3.563
84 4 2 28.007 5.422 25.988 3.563
85 4 2 27.892 5.423 25.872 3.564
86 4 2 27.777 5.424 25.757 3.564
87 4 2 27.662 5.447 25.642 3.565
88 4 2 27.547 5.448 25.526 3.565
89 4 2 27.432 5.448 25.411 3.566
90 4 2 27.317 5.472 25.296 3.566
91 4 2 27.202 5.473 25.180 3.567
92 4 2 27.087 5.473 25.065 3.567
93 4 2 26.972 5.474 24.949 3.568
94 4 2 26.856 5.474 24.834 3.568
95 4 2 26.741 5.510 24.718 3.568
96 4 2 26.626 5.510 24.603 3.569
97 4 2 26.511 5.511 24.487 3.569
98 4 2 26.396 5.511 24.372 3.570
99 4 2 26.280 5.512 24.256 3.570
100 4 2 26.165 5.512 24.141 3.571
101 4 2 26.050 5.513 24.025 3.571
102 4 2 25.935 5.514 23.910 3.572
103 4 2 25.819 5.514 23.794 3.572
104 4 2 25.704 5.515 23.679 3.573
105 4 2 25.612 5.515 23.586 3.573
106 4 2 25.496 5.516 23.470 3.573
107 4 2 25.381 5.540 23.355 3.574
108 4 2 25.266 5.540 23.239 3.574
109 4 2 25.127 5.541 23.100 3.575
110 4 2 25.012 5.542 22.985 3.575
111 4 2 24.896 5.542 22.869 3.576
112 4 2 24.781 5.543 22.753 3.576
113 4 2 24.665 5.543 22.637 3.577
114 4 2 24.550 5.544 22.522 3.577
115 4 2 24.434 5.544 22.406 3.578
116 4 2 24.342 5.545 22.313 3.578
117 4 2 24.226 5.546 22.197 3.578
118 4 2 24.110 5.546 22.081 3.579
119 4 2 24.018 5.547 21.989 3.579
120 4 2 23.902 5.547 21.873 3.580
121 4 2 23.787 5.548 21.757 3.580
122 4 2 23.671 5.572 21.641 3.580
123 4 2 23.556 5.572 21.525 3.581
124 4 2 23.440 5.596 21.409 3.581
125 4 2 23.324 5.596 21.293 3.582
126 4 2 23.209 5.597 21.177 3.582
127 4 2 23.093 5.598 21.061 3.583
128 4 2 22.977 5.598 20.945 3.583
129 4 2 22.861 5.599 20.829 3.584
130 4 2 22.769 5.599 20.737 3.584
131 4 2 22.653 5.600 20.620 3.584
132 4 2 22.537 5.577 20.504 3.585
133 4 2 22.444 5.578 20.412 3.585
134 4 2 22.329 5.602 20.295 3.586
135 4 2 22.213 5.602 20.179 3.586
136 4 2 22.097 5.603 20.063 3.587
137 4 2 21.958 5.604 19.924 3.587
138 4 2 21.865 5.604 19.831 3.588
139 4 2 21.749 5.605 19.715 3.588
140 4 2 21.633 5.605 19.598 3.588
141 4 2 21.517 5.606 19.482 3.589
142 4 2 21.402 5.630 19.366 3.589
143 4 2 21.286 5.630 19.250 3.590
144 4 2 21.193 5.631 19.157 3.590
145 4 2 21.077 5.631 19.040 3.591
146 4 2 20.961 5.632 18.924 3.591
147 4 2 20.845 5.632 18.808 3.592
148 4 2 20.729 5.656 18.692 3.592
149 4 2 20.613 5.657 18.575 3.592
150 4 2 20.497 5.657 18.459 3.593
151 4 2 20.381 5.681 18.342 3.593
152 4 2 20.264 5.682 18.226 3.594
153 4 2 20.148 5.682 18.110 3.594
154 4 2 20.032 5.706 17.993 3.595
155 4 2 19.916 5.707 17.877 3.595
156 4 2 19.800 5.707 17.760 3.596
157 4 2 19.684 5.731 17.644 3.596
158 4 2 19.591 5.732 17.551 3.596
159 4 2 19.475 5.755 17.434 3.609
160 4 2 19.359 5.779 17.318 3.632
161 4 2 19.243 5.803 17.201 3.656
162 4 2 19.126 5.827 17.085 3.680
163 4 2 19.010 5.827 16.968 3.680
164 4 2 18.894 5.851 16.852 3.704
165 4 2 18.801 5.875 16.759 3.727
166 4 2 18.685 5.899 16.642 3.751
167 4 2 18.569 5.923 16.526 3.775
168 4 2 18.452 5.946 16.409 3.798
169 4 2 18.336 5.970 16.293 3.822
170 4 2 18.220 5.994 16.176 3.846
171 4 2 18.127 6.041 16.083 3.892
172 4 2 18.011 6.065 15.967 3.916
173 4 2 17.894 6.089 15.850 3.940
174 4 2 17.801 6.112 15.757 3.963
175 4 2 17.685 6.159 15.640 4.010
176 4 2 17.569 6.183 15.524 4.034
177 4 2 17.452 6.207 15.407 4.058
178 4 2 17.359 6.254 15.314 4.105
179 4 2 17.243 6.278 15.197 4.128
180 4 2 17.127 6.325 15.081 4.175
181 4 2 17.010 6.349 14.964 4.199
182 4 2 16.917 6.373 14.871 4.223
183 4 2 16.801 6.420 14.754 4.270
184 4 2 16.684 6.444 14.637 4.293
185 4 2 16.591 6.491 14.544 4.340
186 4 2 16.475 6.538 14.427 4.387
187 4 2 16.358 6.562 14.310 4.411
188 4 2 16.265 6.609 14.217 4.458
189 4 2 16.149 6.656 14.100 4.505
190 4 2 16.055 6.703 14.007 4.552
191 4 2 15.962 6.750 13.914 4.599
192 4 2 15.869 6.797 13.820 4.646
193 4 2 15.776 6.844 13.727 4.693
194 4 2 15.683 6.891 13.634 4.739
195 4 2 15.590 6.938 13.540 4.786
196 4 2 15.497 6.985 13.447 4.833
197 4 2 15.403 7.032 13.353 4.880
198 4 2 15.310 7.079 13.260 4.927
199 4 2 15.217 7.149 13.167 4.998
200 4 2 15.124 7.196 13.073 5.045
201 4 2 15.031 7.244 12.980 5.092
202 4 2 14.938 7.314 12.886 5.162
203 4 2 14.844 7.361 12.793 5.209
204 4 2 14.775 7.431 12.723 5.279
205 4 2 14.681 7.478 12.630 5.326
206 4 2 14.588 7.525 12.536 5.373
207 4 2 14.495 7.596 12.443 5.443
208 4 2 14.401 7.643 12.349 5.490
209 4 2 14.308 7.713 12.256 5.561
210 4 2 14.215 7.784 12.162 5.631
211 4 2 14.122 7.831 12.069 5.678
212 4 2 14.028 7.901 11.975 5.748
213 4 2 13.959 7.972 11.905 5.819
214 4 2 13.865 8.019 11.812 5.866
215 4 2 13.795 8.089 11.742 5.936
216 4 2 13.702 8.160 11.648 6.006
217 4 2 13.609 8.230 11.555 6.077
218 4 2 13.539 8.300 11.485 6.147
219 4 2 13.469 8.371 11.415 6.217
220 4 2 13.376 8.441 11.321 6.288
221 4 2 13.306 8.512 11.251 6.358
222 4 2 13.213 8.582 11.157 6.428
223 4 2 13.143 8.652 11.087 6.499
224 4 2 13.073 8.746 11.017 6.592
225 4 2 13.003 8.816 10.947 6.663
226 4 2 12.910 8.887 10.854 6.733
227 4 2 12.840 8.957 10.783 6.803
228 4 2 12.770 9.051 10.714 6.897
229 4 2 12.700 9.122 10.643 6.967
230 4 2 12.630 9.215 10.573 7.061
231 4 2 12.560 9.286 10.503 7.132
232 4 2 12.490 9.379 10.433 7.225
233 4 2 12.420 9.450 10.363 7.296
234 4 2 12.350 9.544 10.293 7.389
235 4 2 12.280 9.614 10.223 7.460
236 4 2 12.211 9.708 10.153 7.554
237 4 2 12.141 9.778 10.083 7.624
238 4 2 12.071 9.872 10.013 7.718
239 4 2 12.001 9.966 9.942 7.812
240 4 2 11.931 10.037 9.872 7.882
241 4 2 11.884 10.130 9.826 7.976
242 4 2 11.814 10.224 9.756 8.069
243 4 2 11.745 10.318 9.685 8.163
244 4 2 11.674 10.388 9.615 8.234
245 4 2 11.628 10.482 9.569 8.327
246 4 2 11.558 10.576 9.499 8.421
247 4 2 11.512 10.670 9.452 8.515
248 4 2 11.442 10.764 9.382 8.609
249 4 2 11.395 10.857 9.335 8.703
250 4 2 11.325 10.951 9.265 8.796
251 4 2 11.279 11.045 9.218 8.890
252 4 2 11.232 11.139 9.172 8.984
253 4 2 11.162 11.233 9.102 9.078
254 4 2 11.116 11.326 9.055 9.172
255 4 2 11.069 11.420 9.008 9.265
256 4 2 11.023 11.514 8.962 9.359
257 4 2 10.953 11.608 8.892 9.453
258 4 2 10.906 11.702 8.845 9.547
259 4 2 10.860 11.819 8.798 9.664
260 4 2 10.814 11.913 8.752 9.758
261 4 2 10.767 12.007 8.705 9.852
262 4 2 10.720 12.100 8.659 9.946
263 4 2 10.674 12.194 8.612 10.039
264 4 2 10.627 12.288 8.565 10.133
265 4 2 10.581 12.382 8.519 10.227
266 4 2 10.534 12.476 8.472 10.321
267 4 2 10.488 12.593 8.425 10.438
268 4 2 10.441 12.687 8.379 10.532
269 4 2 10.395 12.804 8.332 10.649
270 4 2 10.348 12.898 8.285 10.743
271 4 2 10.302 12.992 8.239 10.837
272 4 2 10.255 13.086 8.192 10.931
273 4 2 10.209 13.203 8.146 11.048
274 4 2 10.186 13.297 8.122 11.142
275 4 2 10.139 13.391 8.076 11.236
276 4 2 10.093 13.508 8.029 11.353
277 4 2 10.046 13.602 7.982 11.447
278 4 2 10.000 13.720 7.936 11.565
279 4 2 9.977 13.813 7.913 11.658
280 4 2 9.930 13.907 7.866 11.752
281 4 2 9.884 14.025 7.819 11.870
282 4 2 9.837 14.119 7.773 11.964
283 4 2 9.814 14.213 7.750 12.058
284 4 2 9.768 14.330 7.703 12.175
285 4 2 9.745 14.424 7.680 12.269
286 4 2 9.698 14.541 7.633 12.386
287 4 2 9.652 14.635 7.587 12.480
288 4 2 9.629 14.752 7.564 12.597
289 4 2 9.582 14.846 7.517 12.692
290 4 2 9.559 14.964 7.494 12.809
291 4 2 9.513 15.058 7.447 12.903
292 4 2 9.490 15.175 7.424 13.020
293 4 2 9.467 15.269 7.401 13.114
294 4 2 9.420 15.386 7.354 13.231
295 4 2 9.397 15.480 7.331 13.325
296 4 2 9.374 15.597 7.308 13.443
297 4 2 9.327 15.692 7.261 13.537
298 4 2 9.305 15.809 7.238 13.654
299 4 2 9.282 15.903 7.215 13.748
300 4 2 9.259 16.020 7.192 13.865
301 4 2 9.212 16.137 7.145 13.983
302 4 2 9.189 16.255 7.122 14.100
303 4 2 9.166 16.349 7.099 14.194
304 4 2 9.143 16.466 7.076 14.311
305 4 2 9.120 16.560 7.053 14.405
306 4 2 9.097 16.677 7.030 14.523
307 4 2 9.074 16.771 7.007 14.617
308 4 2 9.051 16.889 6.984 14.734
309 4 2 9.028 17.006 6.961 14.851
310 4 2 9.005 17.123 6.938 14.969
311 4 2 8.982 17.217 6.915 15.063
312 4 2 8.959 17.335 6.892 15.180
313 4 2 8.936 17.452 6.869 15.298
314 4 2 8.913 17.546 6.845 15.392
315 4 2 8.890 17.663 6.822 15.509
316 4 2 8.867 17.757 6.799 15.603
317 4 2 8.844 17.875 6.776 15.721
318 4 2 8.821 17.992 6.753 15.838
319 4 2 8.798 18.086 6.730 15.932
320 4 2 8.775 18.204 6.707 16.050
321 4 2 8.729 18.321 6.660 16.167
322 4 2 8.705 18.415 6.637 16.261
323 4 2 8.682 18.533 6.614 16.379
324 4 2 8.660 18.650 6.591 16.496
325 4 2 8.636 18.744 6.568 16.590
326 4 2 8.613 18.862 6.545 16.708
327 4 2 8.590 18.979 6.522 16.825
328 4 2 8.567 19.097 6.498 16.943
329 4 2 8.544 19.191 6.475 17.037
330 4 2 8.521 19.308 6.452 17.155
331 4 2 8.498 19.402 6.429 17.249
332 4 2 8.475 19.520 6.406 17.366
333 4 2 8.452 19.637 6.383 17.484
334 4 2 8.429 19.732 6.360 17.578
335 4 2 8.406 19.849 6.337 17.695
336 4 2 8.383 19.943 6.313 17.790
337 4 2 8.384 20.060 6.314 17.907
338 4 2 8.361 20.178 6.291 18.025
339 4 2 8.338 20.296 6.268 18.142
340 4 2 8.315 20.413 6.245 18.260
341 4 2 8.292 20.507 6.222 18.354
342 4 2 8.269 20.601 6.198 18.448
343 4 2 8.246 20.719 6.175 18.566
344 4 2 8.222 20.813 6.152 18.660
345 4 2 8.199 20.931 6.129 18.778
346 4 2 8.200 21.025 6.129 18.871
347 4 2 8.177 21.142 6.106 18.989
348 4 2 8.154 21.260 6.083 19.107
349 4 2 8.131 21.378 6.060 19.224
350 4 2 8.108 21.472 6.037 19.319
351 4 2 8.108 21.589 6.038 19.436
352 4 2 8.085 21.683 6.014 19.530
353 4 2 8.062 21.777 5.991 19.625
354 4 2 8.039 21.895 5.968 19.742
355 4 2 8.040 22.012 5.969 19.860
356 4 2 8.017 22.107 5.945 19.954
357 4 2 7.994 22.224 5.922 20.072
358 4 2 7.994 22.342 5.923 20.189
359 4 2 7.971 22.459 5.900 20.307
360 4 2 7.948 22.554 5.877 20.401
361 4 2 7.925 22.671 5.853 20.519
362 4 2 7.926 22.765 5.854 20.613
363 4 2 7.370 22.903 6.341 20.747
364 4 2 7.394 22.950 6.305 20.677
365 4 2 7.383 23.044 6.293 20.771
366 4 2 7.372 23.162 6.282 20.888
367 4 2 7.360 23.279 6.271 21.006
368 4 2 7.349 23.373 6.259 21.100
369 4 2 7.314 23.491 6.224 21.218
370 4 2 7.303 23.609 6.213 21.336
371 4 2 7.292 23.703 6.202 21.430
372 4 2 7.280 23.797 6.190 21.524
373 4 2 7.269 23.915 6.179 21.642
374 4 2 7.258 24.032 6.168 21.759
375 4 2 7.246 24.127 6.157 21.853
376 4 2 7.235 24.244 6.145 21.971
377 4 2 7.224 24.362 6.134 22.089
378 4 2 7.213 24.456 6.123 22.183
379 4 2 7.201 24.550 6.111 22.277
380 4 2 7.190 24.668 6.100 22.395
381 4 2 7.179 24.809 6.089 22.536
382 4 2 7.168 24.903 6.078 22.630
383 4 2 7.156 25.021 6.066 22.748
384 4 2 7.145 25.092 6.055 22.818
385 4 2 7.157 25.197 6.118 23.522
386 4 2 7.181 25.232 6.082 23.464
387 4 2 7.158 25.338 6.059 23.570
388 4 2 7.159 25.444 6.059 23.676
389 4 2 7.159 25.550 6.060 23.782
390 4 2 7.136 25.680 6.037 23.912
391 4 2 7.113 25.762 6.013 23.994
392 4 2 7.114 25.892 6.014 24.124
393 4 2 7.090 25.974 5.991 24.206
394 4 2 7.067 26.104 5.968 24.336
395 4 2 7.068 26.210 5.968 24.442
396 4 2 7.010 26.352 5.981 24.559
397 4 2 7.033 26.387 5.945 24.501
398 4 2 7.022 26.493 5.934 24.607
399 4 2 7.011 26.575 5.922 24.690
400 4 2 6.976 26.705 5.887 24.819
401 4 2 6.964 26.788 5.876 24.902
402 4 2 6.930 26.918 5.841 25.032
403 4 2 6.918 27.000 5.829 25.114
404 4 2 6.907 27.130 5.818 25.244
405 4 2 6.896 27.213 5.807 25.327
406 4 2 6.861 27.343 5.772 25.457
407 4 2 6.766 27.415 5.692 26.046
408 4 2 6.790 27.438 5.656 26.000
409 4 2 6.779 27.544 5.645 26.106
410 4 2 6.744 27.627 5.609 26.189
411 4 2 6.709 27.757 5.574 26.319
412 4 2 6.674 27.840 5.539 26.402
413 4 2 6.662 27.970 5.528 26.532
414 4 2 6.627 28.053 5.493 26.615
415 4 2 6.616 28.182 5.482 26.744
416 4 2 6.557 28.266 5.423 26.828
417 4 2 6.546 28.372 5.411 26.934
418 4 2 6.511 28.479 5.376 27.040
419 4 2 6.476 28.585 5.341 27.147
420 4 2 6.441 28.692 5.306 27.254
