0 0 2 29.685 5.673 27.871 4.709
1 0 2 29.731 5.707 27.836 4.697
2 0 2 29.662 5.719 27.767 4.710
3 0 2 29.525 5.732 27.629 4.722
4 0 2 29.444 5.710 27.548 4.700
5 0 2 29.306 5.722 27.410 4.713
6 0 2 29.238 5.723 27.341 4.713
7 0 2 29.134 5.735 27.238 4.726
8 0 2 29.043 5.736 27.146 4.726
9 0 2 28.928 5.760 27.031 4.750
10 0 2 28.824 5.738 26.927 4.728
11 0 2 28.710 5.762 26.812 4.752
12 0 2 28.618 5.775 26.720 4.764
13 0 2 28.515 5.787 26.617 4.777
14 0 2 28.446 5.776 26.548 4.766
15 0 2 28.308 5.812 26.410 4.802
16 0 2 28.204 5.790 26.306 4.779
17 0 2 28.067 5.803 26.168 4.792
18 0 2 27.975 5.827 26.076 4.816
19 0 2 27.871 5.828 25.972 4.817
20 0 2 27.780 5.851 25.880 4.841
21 0 2 27.642 5.864 25.742 4.854
22 0 2 27.538 5.842 25.638 4.831
23 0 2 27.423 5.855 25.522 4.844
24 0 2 27.331 5.844 25.430 4.833
25 0 2 27.204 5.868 25.303 4.857
26 0 2 27.112 5.869 25.211 4.858
27 0 2 26.974 5.893 25.073 4.882
28 0 2 26.871 5.871 24.969 4.860
29 0 2 26.733 5.896 24.830 4.884
30 0 2 26.641 5.908 24.738 4.897
31 0 2 26.514 5.921 24.611 4.909
32 0 2 26.422 5.910 24.519 4.899
33 0 2 26.283 5.923 24.380 4.911
34 0 2 26.191 5.901 24.287 4.889
35 0 2 26.041 5.913 24.137 4.902
36 0 2 25.949 5.926 24.045 4.914
37 0 2 25.811 5.939 23.906 4.927
38 0 2 25.730 5.939 23.826 4.928
39 0 2 25.592 5.975 23.687 4.963
40 0 2 25.500 5.953 23.594 4.941
41 0 2 25.362 5.989 23.456 4.977
42 0 2 25.258 5.978 23.352 4.966
43 0 2 25.120 6.026 23.213 5.014
44 0 2 25.004 6.039 23.098 5.026
45 0 2 24.877 6.051 22.971 5.039
46 0 2 24.785 6.064 22.878 5.051
47 0 2 24.647 6.065 22.739 5.052
48 0 2 24.543 6.077 22.635 5.065
49 0 2 24.382 6.125 22.474 5.113
50 0 2 24.289 6.126 22.381 5.113
51 0 2 24.162 6.150 22.254 5.138
52 0 2 24.070 6.151 22.161 5.138
53 0 2 23.931 6.187 22.022 5.174
54 0 2 23.804 6.200 21.895 5.187
55 0 2 23.666 6.248 21.756 5.235
56 0 2 23.574 6.260 21.664 5.247
57 0 2 23.447 6.296 21.537 5.283
58 0 2 23.331 6.308 21.421 5.295
59 0 2 23.193 6.333 21.282 5.320
60 0 2 23.089 6.345 21.178 5.332
61 0 2 22.927 6.393 21.016 5.380
62 0 2 22.835 6.406 20.923 5.392
63 0 2 22.708 6.442 20.796 5.428
64 0 2 22.592 6.477 20.680 5.464
65 0 2 22.454 6.502 20.541 5.488
66 0 2 22.350 6.538 20.437 5.524
67 0 2 22.176 6.574 20.263 5.561
68 0 2 22.096 6.621 20.182 5.608
69 0 2 21.968 6.657 20.055 5.644
70 0 2 21.888 6.693 19.974 5.679
71 0 2 21.714 6.717 19.799 5.704
72 0 2 21.610 6.753 19.695 5.739
73 0 2 21.436 6.790 19.521 5.776
74 0 2 21.356 6.837 19.440 5.823
75 0 2 21.229 6.896 19.313 5.882
76 0 2 21.136 6.920 19.220 5.906
77 0 2 20.974 6.968 19.058 5.954
78 0 2 20.847 7.004 18.930 5.990
79 0 2 20.685 7.064 18.768 6.050
80 0 2 20.616 7.087 18.698 6.073
81 0 2 20.465 7.147 18.548 6.133
82 0 2 20.442 7.159 18.524 6.145
83 0 2 20.211 7.231 18.292 6.216
84 0 2 20.106 7.266 18.188 6.252
85 0 2 19.921 7.291 18.002 6.277
86 0 2 19.852 7.350 17.932 6.336
87 0 2 19.724 7.409 17.805 6.395
88 0 2 19.620 7.480 17.701 6.466
89 0 2 19.470 7.540 17.550 6.525
90 0 2 19.365 7.564 17.445 6.550
91 0 2 19.227 7.647 17.306 6.632
92 0 2 19.111 7.683 17.190 6.668
93 0 2 18.983 7.742 17.062 6.727
94 0 2 18.891 7.812 16.969 6.798
95 0 2 18.752 7.872 16.830 6.858
96 0 2 18.624 7.931 16.702 6.917
97 0 2 18.497 7.979 16.574 6.965
98 0 2 18.393 8.038 16.470 7.024
99 0 2 18.265 8.098 16.342 7.083
100 0 2 18.161 8.168 16.237 7.154
101 0 2 18.033 8.228 16.110 7.213
102 0 2 17.906 8.287 15.982 7.273
103 0 2 17.876 8.741 15.898 7.099
104 0 2 17.580 8.384 15.597 7.346
105 0 2 17.535 8.489 15.610 7.474
106 0 2 17.489 8.559 15.436 7.650
107 0 2 17.409 8.688 15.401 7.651
108 0 2 17.397 8.664 15.355 7.686
109 0 2 17.176 8.760 15.261 7.652
110 0 2 17.111 9.202 15.119 7.537
111 0 2 16.924 9.204 15.072 7.514
112 0 2 16.796 9.241 14.980 7.608
113 0 2 16.681 9.405 14.806 7.762
114 0 2 16.584 9.115 14.798 8.146
115 0 2 16.329 9.211 14.798 8.134
116 0 2 16.411 9.233 14.459 8.161
117 0 2 16.073 9.307 14.576 8.229
118 0 2 15.909 9.355 14.378 8.278
119 0 2 15.864 9.437 14.320 8.372
120 0 2 15.771 9.508 14.181 8.513
121 0 2 15.690 9.590 14.053 8.573
122 0 2 15.691 9.683 13.808 8.657
123 0 2 15.562 9.708 13.679 8.647
124 0 2 15.423 9.756 13.585 8.671
125 0 2 15.144 9.969 13.714 8.646
126 0 2 14.991 9.843 13.587 8.834
127 0 2 15.098 10.005 13.225 8.966
128 0 2 14.901 10.240 13.189 8.955
129 0 2 14.784 10.288 13.085 9.084
130 0 2 14.491 10.256 13.181 9.235
131 0 2 14.565 10.558 12.910 9.168
132 0 2 14.402 10.688 12.781 9.216
133 0 2 14.332 10.689 12.712 9.333
134 0 2 14.377 10.549 12.726 9.519
135 0 2 14.284 10.620 12.633 9.590
136 0 2 14.156 10.703 12.504 9.674
137 0 2 14.075 10.797 12.423 9.768
138 0 2 13.821 11.126 12.107 9.830
139 0 2 13.786 11.150 12.155 9.934
140 0 2 13.646 11.233 11.921 10.042
141 0 2 13.389 11.353 11.816 10.101
142 0 2 13.296 11.413 11.839 10.124
143 0 2 13.227 11.577 11.782 10.230
144 0 2 13.170 11.694 11.724 10.347
145 0 2 13.053 11.765 11.585 10.489
146 0 2 13.068 12.057 11.396 10.433
147 0 2 12.940 12.186 11.303 10.539
148 0 2 12.895 12.339 11.327 10.574
149 0 2 12.847 12.234 11.141 10.821
150 0 2 12.695 12.341 11.025 10.951
151 0 2 12.473 12.379 10.919 10.976
152 0 2 12.546 12.705 10.894 10.836
153 0 2 12.430 12.823 10.742 10.919
154 0 2 12.172 12.838 10.827 11.222
155 0 2 12.173 12.966 10.734 11.258
156 0 2 12.089 12.769 10.619 11.540
157 0 2 11.974 13.039 10.571 11.435
158 0 2 11.928 13.157 10.549 11.576
159 0 2 11.931 13.402 10.396 11.624
160 0 2 11.755 13.486 10.397 11.741
161 0 2 11.650 13.580 10.375 11.905
162 0 2 11.534 13.652 10.235 12.023
163 0 2 11.406 13.864 10.154 12.200
164 0 2 11.326 14.017 10.131 12.212
165 0 2 11.337 14.005 10.073 12.341
166 0 2 11.268 14.146 9.981 12.517
167 0 2 11.139 14.160 10.019 12.809
168 0 2 11.118 14.452 9.854 12.753
169 0 2 11.036 14.512 9.855 12.858
170 0 2 10.943 14.618 9.785 13.022
171 0 2 10.887 14.852 9.822 13.150
172 0 2 10.817 14.970 9.740 13.210
173 0 2 10.781 14.901 9.576 13.317
174 0 2 10.761 15.228 9.577 13.411
175 0 2 10.897 14.665 9.532 13.587
176 0 2 10.587 15.523 9.354 13.519
177 0 2 10.839 14.783 9.474 13.705
178 0 2 10.769 14.878 9.404 13.799
179 0 2 10.712 14.983 9.346 13.905
180 0 2 10.689 15.112 9.324 14.034
181 0 2 10.632 15.265 9.266 14.187
182 0 2 10.598 15.417 9.233 14.339
183 0 2 10.529 15.524 9.163 14.445
184 0 2 10.494 15.629 9.128 14.551
185 0 2 10.437 15.759 9.071 14.681
186 0 2 10.415 15.911 9.049 14.833
187 0 2 10.369 16.064 9.003 14.986
188 0 2 10.347 16.192 8.981 15.115
189 0 2 10.301 16.345 8.935 15.267
190 0 2 10.278 16.427 8.912 15.350
191 0 2 10.209 16.557 8.843 15.479
192 0 2 10.210 16.685 8.844 15.608
193 0 2 10.141 16.850 8.775 15.773
194 0 2 10.142 16.990 8.776 15.913
195 0 2 10.097 17.120 8.730 16.042
196 0 2 10.074 17.214 8.707 16.136
197 0 2 10.040 17.354 8.673 16.277
198 0 2 10.006 17.484 8.639 16.406
199 0 2 9.960 17.648 8.594 16.571
200 0 2 9.938 17.789 8.571 16.712
201 0 2 9.892 17.918 8.525 16.841
202 0 2 9.893 18.012 8.526 16.935
203 0 2 9.848 18.176 8.481 17.099
204 0 2 9.813 18.282 8.446 17.205
205 0 2 9.791 18.446 8.424 17.369
206 0 2 9.781 18.586 8.414 17.510
207 0 2 9.735 18.739 8.368 17.663
208 0 2 9.713 18.833 8.345 17.757
209 0 2 9.667 18.951 8.299 17.875
210 0 2 9.668 19.103 8.301 18.027
211 0 2 9.622 19.244 8.255 18.168
212 0 2 9.624 19.384 8.256 18.308
213 0 2 9.578 19.537 8.210 18.461
214 0 2 9.556 19.655 8.188 18.579
215 0 2 9.522 19.796 8.154 18.720
216 0 2 9.511 19.889 8.143 18.814
217 0 2 9.465 20.042 8.097 18.967
218 0 2 9.455 20.183 8.087 19.107
219 0 2 9.421 20.347 8.053 19.272
220 0 2 9.422 20.453 8.054 19.377
221 0 2 9.388 20.594 8.020 19.518
222 0 2 9.354 20.699 7.985 19.624
223 0 2 9.308 20.888 7.940 19.812
224 0 2 9.309 21.005 7.941 19.930
225 0 2 9.263 21.134 7.895 20.059
226 0 2 9.265 21.274 7.896 20.200
227 0 2 9.219 21.392 7.850 20.318
228 0 2 9.255 21.485 7.887 20.411
229 0 2 9.174 21.686 7.806 20.611
230 0 2 9.176 21.814 7.807 20.740
231 0 2 9.142 21.967 7.773 20.893
232 0 2 9.131 22.108 7.763 21.034
233 0 2 9.085 22.249 7.717 21.175
234 0 2 9.075 22.378 7.706 21.304
235 0 2 9.041 22.519 7.672 21.445
236 0 2 9.042 22.636 7.673 21.562
237 0 2 9.008 22.766 7.639 21.692
238 0 2 8.998 22.930 7.629 21.856
239 0 2 8.952 23.036 7.582 21.963
240 0 2 8.917 23.177 7.548 22.104
241 0 2 8.883 23.319 7.514 22.245
242 0 2 8.885 23.459 7.516 22.386
243 0 2 8.851 23.612 7.482 22.539
244 0 2 8.840 23.753 7.471 22.679
245 0 2 8.795 23.894 7.425 22.821
246 0 2 8.772 24.023 7.403 22.950
247 0 2 8.738 24.165 7.369 23.092
248 0 2 8.727 24.282 7.358 23.209
249 0 2 8.682 24.412 7.312 23.339
250 0 2 8.648 24.576 7.278 23.504
251 0 2 8.613 24.683 7.243 23.610
252 0 2 8.591 24.824 7.221 23.751
253 0 2 8.557 24.965 7.187 23.892
254 0 2 8.523 25.106 7.153 24.034
255 0 2 8.465 25.260 7.095 24.187
256 0 2 8.455 25.377 7.084 24.305
257 0 2 8.385 25.496 7.015 24.423
258 0 2 8.351 25.625 6.980 24.553
259 0 2 8.293 25.767 6.923 24.695
260 0 2 8.294 25.908 6.924 24.836
261 0 2 8.237 26.061 6.866 24.989
262 0 2 8.202 26.168 6.832 25.096
263 0 2 8.133 26.298 6.762 25.226
264 0 2 8.098 26.428 6.728 25.356
265 0 2 8.041 26.570 6.670 25.498
266 0 2 8.018 26.711 6.647 25.639
267 0 2 7.961 26.841 6.589 25.769
268 0 2 7.903 26.960 6.531 25.888
269 0 2 7.845 27.101 6.474 26.030
270 0 2 7.799 27.231 6.427 26.160
271 0 2 7.717 27.351 6.346 26.279
272 0 2 7.695 27.468 6.323 26.397
273 0 2 7.613 27.623 6.242 26.551
274 0 2 7.579 27.741 6.207 26.669
275 0 2 7.497 27.860 6.125 26.789
276 0 2 7.451 27.990 6.079 26.919
277 0 2 7.370 28.132 5.998 27.061
278 0 2 7.312 28.251 5.939 27.180
279 0 2 7.266 28.381 5.893 27.310
280 0 2 7.208 28.523 5.835 27.452
281 0 2 7.114 28.643 5.742 27.572
282 0 2 7.056 28.726 5.683 27.656
283 0 2 6.974 28.846 5.601 27.775
284 0 2 6.928 28.999 5.555 27.928
285 0 2 6.936 29.820 5.414 28.049
286 0 2 6.882 29.129 5.509 28.059
287 0 2 6.812 29.260 5.439 28.190
288 0 2 6.766 29.343 5.392 28.273
289 0 2 6.672 29.475 5.299 28.404
290 0 2 6.603 29.617 5.229 28.547
291 0 2 6.509 29.725 5.135 28.655
292 0 2 6.463 29.844 5.089 28.773
293 0 2 6.369 29.963 4.995 28.893
294 0 2 6.323 30.094 4.949 29.023
295 0 2 6.122 30.134 4.382 29.389
296 0 2 5.967 30.102 4.395 29.530
297 0 2 5.886 30.269 4.511 29.234
298 0 2 5.945 30.267 4.571 29.244
300 0 2 5.945 30.232 4.570 29.220
301 0 2 5.898 30.268 4.523 29.268
302 0 2 5.862 30.293 4.488 29.305
304 0 2 5.874 30.246 4.500 29.269
305 0 2 5.850 30.258 4.476 29.293
306 0 2 5.862 30.246 4.488 29.293
307 0 2 5.850 30.258 4.476 29.317
308 0 2 5.874 30.246 4.500 29.316
309 0 2 5.862 30.258 4.488 29.340
310 0 2 5.850 30.258 4.477 29.352
311 0 2 5.827 30.282 4.453 29.388
312 0 2 5.815 30.271 4.441 29.388
313 0 2 5.803 30.271 4.430 29.400
314 0 2 5.826 30.259 4.453 29.399
315 0 2 5.838 30.258 4.465 29.411
316 0 2 5.826 30.247 4.454 29.411
317 0 2 5.803 30.271 4.430 29.447
318 0 2 5.815 30.247 4.442 29.435
319 0 2 5.826 30.259 4.454 29.458
320 0 2 5.803 30.247 4.430 29.459
321 0 2 5.791 30.259 4.419 29.483
322 0 2 5.779 30.248 4.407 29.483
323 0 2 5.755 30.272 4.383 29.519
324 0 2 5.743 30.249 4.371 29.507
325 0 2 5.755 30.249 4.383 29.519
326 0 2 5.779 30.224 4.407 29.495
0 1 2 33.977 6.875 32.451 5.188
1 1 2 34.024 6.921 32.428 5.154
2 1 2 33.990 6.944 32.394 5.177
3 1 2 33.910 6.991 32.314 5.224
4 1 2 33.842 7.014 32.246 5.247
5 1 2 33.762 7.027 32.166 5.259
6 1 2 33.694 7.039 32.097 5.272
7 1 2 33.626 7.062 32.029 5.295
8 1 2 33.569 7.063 31.972 5.296
9 1 2 33.500 7.087 31.903 5.319
10 1 2 33.432 7.133 31.835 5.366
11 1 2 33.353 7.157 31.755 5.390
12 1 2 33.261 7.158 31.664 5.390
13 1 2 33.193 7.182 31.595 5.414
14 1 2 33.113 7.206 31.516 5.438
15 1 2 33.045 7.206 31.447 5.438
16 1 2 32.954 7.230 31.356 5.462
17 1 2 32.874 7.254 31.276 5.486
18 1 2 32.783 7.255 31.184 5.487
19 1 2 32.726 7.278 31.127 5.510
20 1 2 32.635 7.302 31.036 5.534
21 1 2 32.566 7.303 30.967 5.535
22 1 2 32.475 7.304 30.875 5.535
23 1 2 32.372 7.328 30.773 5.559
24 1 2 32.315 7.352 30.716 5.583
25 1 2 32.212 7.353 30.612 5.584
26 1 2 32.132 7.353 30.532 5.585
27 1 2 32.041 7.377 30.441 5.608
28 1 2 31.950 7.401 30.349 5.632
29 1 2 31.869 7.402 30.269 5.633
30 1 2 31.778 7.403 30.177 5.634
31 1 2 31.687 7.427 30.086 5.658
32 1 2 31.607 7.451 30.006 5.681
33 1 2 31.515 7.452 29.914 5.682
34 1 2 31.424 7.453 29.822 5.683
35 1 2 31.321 7.454 29.719 5.684
36 1 2 31.229 7.478 29.628 5.708
37 1 2 31.138 7.502 29.536 5.732
38 1 2 31.058 7.502 29.456 5.732
39 1 2 30.966 7.503 29.364 5.733
40 1 2 30.874 7.504 29.272 5.734
41 1 2 30.772 7.528 29.169 5.758
42 1 2 30.680 7.552 29.077 5.782
43 1 2 30.589 7.553 28.986 5.783
44 1 2 30.508 7.554 28.905 5.784
45 1 2 30.417 7.555 28.813 5.784
46 1 2 30.325 7.579 28.722 5.808
47 1 2 30.222 7.603 28.619 5.832
48 1 2 30.130 7.604 28.527 5.833
49 1 2 30.039 7.605 28.435 5.834
50 1 2 29.958 7.606 28.354 5.835
51 1 2 29.867 7.630 28.263 5.859
52 1 2 29.775 7.654 28.171 5.883
53 1 2 29.672 7.655 28.067 5.883
54 1 2 29.557 7.656 27.952 5.884
55 1 2 29.477 7.680 27.872 5.908
56 1 2 29.374 7.704 27.769 5.932
57 1 2 29.259 7.705 27.654 5.933
58 1 2 29.179 7.706 27.573 5.934
59 1 2 29.076 7.730 27.470 5.958
60 1 2 28.961 7.755 27.355 5.982
61 1 2 28.881 7.755 27.275 5.983
62 1 2 28.778 7.756 27.171 5.984
63 1 2 28.697 7.780 27.091 6.008
64 1 2 28.571 7.805 26.964 6.032
65 1 2 28.491 7.806 26.884 6.033
66 1 2 28.399 7.806 26.792 6.034
67 1 2 28.307 7.830 26.700 6.058
68 1 2 28.181 7.855 26.573 6.082
69 1 2 28.101 7.856 26.493 6.083
70 1 2 27.974 7.857 26.366 6.084
71 1 2 27.894 7.881 26.285 6.108
72 1 2 27.767 7.905 26.159 6.132
73 1 2 27.687 7.906 26.078 6.133
74 1 2 27.561 7.931 25.952 6.157
75 1 2 27.446 7.955 25.837 6.181
76 1 2 27.365 7.956 25.756 6.182
77 1 2 27.262 7.980 25.652 6.206
78 1 2 27.147 8.004 25.537 6.230
79 1 2 27.055 7.994 25.445 6.219
80 1 2 26.952 8.029 25.341 6.255
81 1 2 26.860 8.053 25.249 6.279
82 1 2 26.791 8.077 25.180 6.303
83 1 2 26.641 8.079 25.030 6.304
84 1 2 26.526 8.126 24.915 6.351
85 1 2 26.423 8.162 24.812 6.387
86 1 2 26.319 8.152 24.708 6.377
87 1 2 26.238 8.152 24.627 6.377
88 1 2 26.123 8.165 24.512 6.390
89 1 2 26.008 8.201 24.396 6.426
90 1 2 25.916 8.202 24.304 6.427
91 1 2 25.790 8.238 24.177 6.462
92 1 2 25.674 8.251 24.062 6.475
93 1 2 25.559 8.252 23.946 6.476
94 1 2 25.455 8.265 23.842 6.489
95 1 2 25.363 8.300 23.750 6.524
96 1 2 25.236 8.302 23.623 6.526
97 1 2 25.145 8.337 23.531 6.561
98 1 2 25.029 8.350 23.415 6.574
99 1 2 24.914 8.351 23.299 6.575
100 1 2 24.833 8.375 23.219 6.599
101 1 2 24.707 8.423 23.092 6.646
102 1 2 24.603 8.424 22.988 6.647
103 1 2 24.488 8.460 22.872 6.683
104 1 2 24.372 8.450 22.756 6.673
105 1 2 24.256 8.451 22.641 6.674
106 1 2 24.152 8.464 22.537 6.686
107 1 2 24.037 8.500 22.421 6.722
108 1 2 23.922 8.501 22.305 6.723
109 1 2 23.818 8.537 22.201 6.759
110 1 2 23.702 8.550 22.086 6.772
111 1 2 23.587 8.551 21.970 6.773
112 1 2 23.460 8.564 21.842 6.786
113 1 2 23.344 8.623 21.727 6.845
114 1 2 23.229 8.647 21.611 6.869
115 1 2 23.137 8.660 21.519 6.882
116 1 2 23.021 8.673 21.403 6.894
117 1 2 22.906 8.732 21.287 6.953
118 1 2 22.802 8.733 21.183 6.954
119 1 2 22.686 8.746 21.067 6.967
120 1 2 22.570 8.770 20.951 6.991
121 1 2 22.443 8.830 20.824 7.051
122 1 2 22.328 8.842 20.708 7.063
123 1 2 22.247 8.843 20.627 7.064
124 1 2 22.119 8.868 20.499 7.089
125 1 2 22.016 8.915 20.395 7.136
126 1 2 22.137 8.346 20.121 7.556
127 1 2 22.009 8.325 20.028 7.569
128 1 2 21.952 8.348 19.912 7.616
129 1 2 21.794 8.802 20.129 7.197
130 1 2 21.690 8.815 20.024 7.209
131 1 2 21.574 8.839 19.908 7.234
132 1 2 21.493 8.863 19.827 7.258
133 1 2 21.377 8.899 19.711 7.294
134 1 2 21.239 8.924 19.572 7.318
135 1 2 21.123 8.948 19.456 7.343
136 1 2 21.018 8.961 19.352 7.355
137 1 2 20.903 8.986 19.235 7.380
138 1 2 20.763 9.010 19.096 7.404
139 1 2 20.772 8.732 18.809 7.744
140 1 2 20.541 8.793 18.646 7.792
141 1 2 20.461 8.991 18.552 7.688
142 1 2 20.192 8.785 18.378 7.795
143 1 2 20.007 8.845 18.309 7.842
144 1 2 20.194 9.005 18.193 7.854
145 1 2 19.938 8.962 18.123 7.832
146 1 2 19.775 8.975 18.029 7.845
147 1 2 19.753 9.056 17.843 7.893
148 1 2 19.637 9.035 17.797 7.917
149 1 2 19.565 8.838 17.531 8.070
150 1 2 19.390 8.840 17.415 8.153
151 1 2 19.276 9.073 17.472 8.036
152 1 2 19.255 9.213 17.552 7.931
153 1 2 19.138 9.237 17.436 7.955
154 1 2 19.045 9.227 17.343 7.945
155 1 2 18.973 8.961 16.856 8.275
156 1 2 18.567 9.116 16.843 8.113
157 1 2 18.591 9.255 16.888 8.007
158 1 2 18.577 8.965 16.483 8.337
159 1 2 18.405 9.281 16.702 8.056
160 1 2 18.391 9.037 16.225 8.247
161 1 2 18.322 9.061 16.120 8.213
162 1 2 18.056 9.273 16.025 8.063
163 1 2 17.893 9.310 15.908 8.099
164 1 2 17.788 9.311 15.885 8.111
165 1 2 17.754 9.369 15.675 8.136
166 1 2 17.553 9.104 15.431 8.279
167 1 2 17.530 9.174 15.490 8.301
168 1 2 17.379 9.164 15.209 8.328
169 1 2 17.098 9.156 15.210 8.374
170 1 2 17.007 9.366 15.163 8.351
171 1 2 16.949 9.378 15.057 8.352
172 1 2 16.867 9.379 14.964 8.412
173 1 2 16.599 9.429 14.812 8.413
174 1 2 16.913 12.727 15.549 11.850
175 1 2 16.680 9.312 14.300 8.640
176 1 2 16.552 9.325 14.288 8.698
177 1 2 16.470 9.326 14.195 8.746
178 1 2 16.051 9.493 14.229 8.641
179 1 2 15.899 9.495 14.054 8.678
180 1 2 15.898 9.379 13.786 8.820
181 1 2 15.737 9.625 14.006 8.608
182 1 2 15.585 9.603 13.797 8.750
183 1 2 15.504 9.744 13.573 8.636
184 1 2 15.341 9.746 13.562 8.671
185 1 2 15.236 9.828 13.364 8.790
186 1 2 15.026 9.831 13.294 8.837
187 1 2 14.955 9.832 13.189 8.885
188 1 2 14.816 9.915 13.072 8.921
189 1 2 14.884 9.763 12.897 9.028
190 1 2 14.618 10.033 12.850 9.064
191 1 2 14.406 9.920 12.934 9.261
192 1 2 14.572 10.069 12.851 9.110
193 1 2 14.126 10.063 12.583 9.300
194 1 2 14.305 10.352 12.370 9.174
195 1 2 14.048 10.413 12.194 9.129
196 1 2 13.859 10.275 12.325 9.361
197 1 2 13.684 10.324 12.291 9.431
198 1 2 13.614 10.348 12.197 9.491
199 1 2 13.652 10.627 11.939 9.482
200 1 2 13.511 10.641 11.822 9.576
201 1 2 13.394 10.689 11.705 9.624
202 1 2 13.456 10.944 11.552 9.556
203 1 2 13.328 11.086 11.470 9.627
204 1 2 13.211 11.146 11.365 9.687
205 1 2 13.150 10.890 11.474 9.977
206 1 2 13.057 10.961 11.380 10.048
207 1 2 12.952 11.055 11.276 10.143
208 1 2 12.883 11.115 11.206 10.202
209 1 2 12.766 11.163 11.088 10.250
210 1 2 12.661 11.234 10.983 10.321
211 1 2 12.568 11.340 10.890 10.427
212 1 2 12.369 11.448 10.584 10.384
213 1 2 12.219 11.648 10.480 10.549
214 1 2 12.218 11.543 10.539 10.630
215 1 2 12.092 11.941 10.316 10.644
216 1 2 11.764 11.992 10.363 10.632
217 1 2 11.753 12.097 10.035 10.800
218 1 2 11.753 12.109 9.964 10.824
219 1 2 11.579 12.321 10.118 10.869
220 1 2 11.639 12.437 9.976 10.835
221 1 2 11.474 12.404 9.930 10.941
222 1 2 11.393 12.545 9.896 11.058
223 1 2 11.336 12.663 9.862 11.176
224 1 2 11.172 12.735 9.627 11.295
225 1 2 11.102 12.853 9.769 11.375
226 1 2 11.021 12.924 9.664 11.458
227 1 2 11.058 13.133 9.346 11.439
228 1 2 10.847 13.183 9.525 11.659
229 1 2 10.789 13.277 9.432 11.777
230 1 2 10.696 13.384 9.396 11.777
231 1 2 10.744 13.500 9.171 11.698
232 1 2 10.962 12.971 9.399 12.058
233 1 2 10.893 13.066 9.329 12.152
234 1 2 10.776 13.207 9.213 12.294
235 1 2 10.765 13.243 9.201 12.329
236 1 2 10.695 13.337 9.131 12.424
237 1 2 10.649 13.431 9.085 12.518
238 1 2 10.545 13.584 8.980 12.671
239 1 2 10.475 13.679 8.911 12.765
240 1 2 10.094 14.455 8.627 12.734
241 1 2 10.382 13.797 8.817 12.884
242 1 2 10.301 13.903 8.736 12.990
243 1 2 10.290 13.997 8.725 13.084
244 1 2 10.185 14.103 8.620 13.190
245 1 2 10.127 14.198 8.562 13.285
246 1 2 10.057 14.327 8.492 13.414
247 1 2 10.011 14.421 8.446 13.509
248 1 2 9.965 14.539 8.400 13.626
249 1 2 9.896 14.645 8.330 13.732
250 1 2 9.826 14.763 8.260 13.850
251 1 2 9.803 14.857 8.237 13.944
252 1 2 9.722 14.987 8.156 14.074
253 1 2 9.676 15.104 8.110 14.192
254 1 2 9.630 15.222 8.064 14.309
255 1 2 9.596 15.327 8.029 14.415
256 1 2 9.550 15.422 7.983 14.509
257 1 2 9.504 15.551 7.937 14.639
258 1 2 9.446 15.669 7.879 14.757
259 1 2 9.400 15.786 7.833 14.874
260 1 2 9.354 15.904 7.787 14.992
261 1 2 9.320 16.010 7.753 15.098
262 1 2 9.274 16.139 7.707 15.227
263 1 2 9.251 16.245 7.684 15.333
264 1 2 9.182 16.374 7.614 15.463
265 1 2 9.159 16.480 7.592 15.569
266 1 2 9.101 16.610 7.534 15.698
267 1 2 9.055 16.716 7.488 15.804
268 1 2 9.045 16.844 7.477 15.933
269 1 2 9.010 16.950 7.443 16.039
270 1 2 8.976 17.080 7.408 16.168
271 1 2 8.930 17.186 7.362 16.274
272 1 2 8.908 17.315 7.340 16.404
273 1 2 8.873 17.420 7.305 16.510
274 1 2 8.827 17.550 7.259 16.639
275 1 2 8.781 17.691 7.213 16.780
276 1 2 8.771 17.808 7.203 16.898
277 1 2 8.748 17.926 7.180 17.015
278 1 2 8.690 18.044 7.122 17.133
279 1 2 8.668 18.149 7.099 17.239
280 1 2 8.646 18.278 7.077 17.368
281 1 2 8.599 18.384 7.031 17.474
282 1 2 8.565 18.514 6.996 17.604
283 1 2 8.543 18.619 6.974 17.709
284 1 2 8.520 18.749 6.951 17.839
285 1 2 8.462 18.855 6.893 17.945
286 1 2 8.416 18.984 6.847 18.075
287 1 2 8.394 19.090 6.824 18.181
288 1 2 8.383 19.231 6.814 18.321
289 1 2 8.325 19.349 6.756 18.439
290 1 2 8.291 19.467 6.722 18.557
291 1 2 8.245 19.596 6.675 18.687
292 1 2 8.223 19.714 6.653 18.804
293 1 2 8.200 19.831 6.630 18.922
294 1 2 8.142 19.938 6.572 19.029
295 1 2 8.108 20.055 6.538 19.146
296 1 2 8.085 20.173 6.515 19.264
297 1 2 8.051 20.302 6.481 19.393
298 1 2 7.982 20.444 6.411 19.535
300 1 2 7.901 20.680 6.331 19.771
301 1 2 7.878 20.786 6.308 19.877
302 1 2 7.832 20.915 6.262 20.007
304 1 2 7.728 21.151 6.158 20.243
305 1 2 7.682 21.258 6.111 20.350
306 1 2 7.648 21.387 6.077 20.479
307 1 2 7.602 21.494 6.031 20.586
308 1 2 7.556 21.623 5.984 20.715
309 1 2 7.509 21.730 5.938 20.822
310 1 2 7.463 21.859 5.892 20.952
311 1 2 7.405 21.966 5.834 21.058
312 1 2 7.359 22.096 5.787 21.188
313 1 2 7.313 22.202 5.741 21.295
314 1 2 7.243 22.332 5.671 21.425
315 1 2 7.232 22.438 5.660 21.531
316 1 2 7.151 22.569 5.579 21.661
317 1 2 7.116 22.675 5.544 21.768
318 1 2 7.058 22.805 5.486 21.898
319 1 2 6.988 22.912 5.416 22.005
320 1 2 6.918 23.042 5.346 22.135
321 1 2 6.884 23.148 5.311 22.241
322 1 2 6.838 23.278 5.265 22.371
323 1 2 6.756 23.385 5.183 22.479
324 1 2 6.698 23.515 5.125 22.609
325 1 2 6.652 23.634 5.079 22.727
326 1 2 6.582 23.717 5.008 22.811
299 1 2 7.971 20.550 6.401 19.641
303 1 2 7.774 21.022 6.204 20.113
0 2 2 30.817 9.544 28.935 8.493
1 2 2 30.863 9.578 28.900 8.482
2 2 2 30.829 9.590 28.866 8.494
3 2 2 30.726 9.579 28.763 8.483
4 2 2 30.668 9.591 28.705 8.495
5 2 2 30.577 9.581 28.613 8.485
6 2 2 30.531 9.593 28.567 8.497
7 2 2 30.450 9.571 28.487 8.475
8 2 2 30.405 9.583 28.441 8.487
9 2 2 30.313 9.607 28.349 8.511
10 2 2 30.256 9.608 28.292 8.511
11 2 2 30.164 9.609 28.200 8.512
12 2 2 30.118 9.621 28.154 8.524
13 2 2 30.038 9.633 28.073 8.537
14 2 2 29.992 9.634 28.027 8.537
15 2 2 29.900 9.623 27.935 8.527
16 2 2 29.821 9.670 27.855 8.574
17 2 2 29.729 9.683 27.763 8.586
18 2 2 29.683 9.695 27.718 8.598
19 2 2 29.603 9.707 27.637 8.611
20 2 2 29.534 9.708 27.568 8.611
21 2 2 29.451 9.433 27.269 8.661
22 2 2 29.393 9.422 27.281 8.684
23 2 2 29.222 9.481 27.223 8.673
24 2 2 28.992 9.472 27.213 8.777
25 2 2 28.970 9.565 27.006 8.768
26 2 2 28.866 9.566 26.994 8.733
27 2 2 28.820 9.544 26.868 8.815
28 2 2 28.648 9.557 26.878 8.711
29 2 2 28.671 9.603 26.742 8.863
30 2 2 28.603 9.638 26.547 8.923
31 2 2 28.603 9.650 26.523 8.877
32 2 2 28.673 9.707 26.465 8.889
33 2 2 28.557 9.685 26.454 8.912
34 2 2 28.466 9.732 26.338 8.868
35 2 2 28.397 9.687 26.431 8.913
36 2 2 28.190 9.735 26.166 8.950
37 2 2 28.202 9.735 26.236 8.961
38 2 2 28.121 9.771 26.155 8.997
39 2 2 28.052 9.749 26.086 8.974
40 2 2 27.960 9.761 25.994 8.987
41 2 2 27.788 9.798 25.694 8.956
42 2 2 27.765 9.764 25.798 8.989
43 2 2 27.628 9.846 25.647 8.898
44 2 2 27.512 9.801 25.671 9.014
45 2 2 27.536 9.859 25.486 8.946
46 2 2 27.409 9.848 25.393 8.924
47 2 2 27.294 9.861 25.382 8.936
48 2 2 27.236 9.839 25.266 8.914
49 2 2 27.179 9.840 25.140 8.985
50 2 2 27.052 9.818 25.071 9.043
51 2 2 26.971 9.819 24.852 9.034
52 2 2 26.982 9.784 24.782 9.035
53 2 2 26.913 9.785 24.713 9.013
54 2 2 26.810 9.798 24.609 9.049
55 2 2 26.752 9.810 24.587 9.072
56 2 2 26.649 9.834 24.471 9.073
57 2 2 26.429 9.744 24.518 9.107
58 2 2 26.476 9.813 24.540 9.084
59 2 2 26.118 9.817 24.240 9.111
60 2 2 26.141 9.759 24.252 9.110
61 2 2 26.048 9.737 24.136 9.123
62 2 2 26.049 9.818 23.962 9.067
63 2 2 26.083 9.795 23.847 9.115
64 2 2 25.772 9.775 23.917 9.160
65 2 2 25.577 9.893 23.743 9.151
66 2 2 25.565 9.870 23.663 9.175
67 2 2 25.392 9.872 23.535 9.118
68 2 2 25.334 9.861 23.466 9.142
69 2 2 25.138 9.898 23.396 9.143
70 2 2 25.046 9.899 23.419 9.108
71 2 2 25.057 9.899 23.187 9.099
72 2 2 24.977 9.935 23.222 9.076
73 2 2 24.815 9.879 23.154 9.227
74 2 2 24.758 9.949 22.956 9.102
75 2 2 24.676 9.881 23.073 9.193
76 2 2 24.561 9.905 22.876 9.195
77 2 2 24.619 9.927 22.678 9.116
78 2 2 24.549 9.905 22.609 9.140
79 2 2 24.399 9.895 22.563 9.164
80 2 2 24.387 9.872 22.587 9.210
81 2 2 24.364 9.861 22.204 9.191
82 2 2 24.202 9.875 22.146 9.169
83 2 2 24.087 9.899 22.076 9.181
84 2 2 23.891 9.971 21.948 9.136
85 2 2 23.787 9.960 21.867 9.149
86 2 2 23.740 9.903 21.938 9.241
87 2 2 23.647 9.916 21.845 9.253
88 2 2 23.532 9.906 21.729 9.243
89 2 2 23.485 9.906 21.683 9.244
90 2 2 23.370 9.919 21.567 9.256
91 2 2 23.277 9.932 21.474 9.269
92 2 2 23.023 9.969 20.939 9.159
93 2 2 22.918 9.924 21.114 9.262
94 2 2 22.733 9.950 20.789 9.196
95 2 2 22.698 9.915 20.894 9.252
96 2 2 22.594 9.928 20.789 9.265
97 2 2 22.490 9.941 20.685 9.278
98 2 2 22.397 9.942 20.592 9.279
99 2 2 22.293 9.978 20.488 9.315
100 2 2 22.212 9.967 20.407 9.304
101 2 2 22.119 9.968 20.314 9.305
102 2 2 22.038 9.981 20.232 9.318
103 2 2 21.934 9.994 20.128 9.331
104 2 2 21.842 10.018 20.035 9.355
105 2 2 21.737 10.031 19.931 9.368
106 2 2 21.656 10.055 19.850 9.392
107 2 2 21.564 10.045 19.756 9.381
108 2 2 21.459 10.057 19.652 9.394
109 2 2 21.366 10.058 19.559 9.395
110 2 2 21.251 10.129 19.373 9.386
111 2 2 21.228 10.106 19.420 9.443
112 2 2 21.135 10.131 19.327 9.467
113 2 2 21.031 10.144 19.222 9.480
114 2 2 20.949 10.133 19.141 9.470
115 2 2 20.857 10.157 19.048 9.494
116 2 2 20.753 10.193 18.944 9.530
117 2 2 20.671 10.206 18.862 9.542
118 2 2 20.579 10.230 18.769 9.567
119 2 2 20.497 10.220 18.688 9.556
120 2 2 20.453 10.464 18.584 9.662
121 2 2 20.291 10.454 18.491 9.674
122 2 2 20.313 10.407 18.515 9.744
123 2 2 20.221 10.420 18.422 9.756
124 2 2 20.128 10.456 18.329 9.792
125 2 2 20.070 10.457 18.271 9.793
126 2 2 19.977 10.446 18.178 9.783
127 2 2 19.907 10.459 18.108 9.795
128 2 2 19.803 10.506 18.003 9.843
129 2 2 19.733 10.519 17.934 9.855
130 2 2 19.583 10.555 17.782 9.892
131 2 2 19.582 10.532 17.782 9.868
132 2 2 19.489 10.545 17.689 9.881
133 2 2 19.408 10.534 17.607 9.871
134 2 2 19.315 10.582 17.515 9.918
135 2 2 19.199 10.618 17.398 9.954
136 2 2 19.130 10.631 17.328 9.967
137 2 2 19.071 10.631 17.270 9.967
138 2 2 18.978 10.621 17.177 9.957
139 2 2 18.989 10.493 17.187 9.829
140 2 2 18.804 10.658 17.002 9.994
141 2 2 18.699 10.659 16.897 9.995
142 2 2 18.572 10.753 16.770 10.090
143 2 2 18.607 10.765 16.640 9.986
144 2 2 18.548 10.719 16.746 10.055
145 2 2 18.478 10.697 16.676 10.033
146 2 2 18.317 10.908 16.512 9.988
147 2 2 18.248 10.955 16.477 9.977
148 2 2 18.212 10.851 16.909 9.995
149 2 2 18.119 10.864 16.815 10.008
150 2 2 17.944 10.901 16.641 10.045
151 2 2 17.631 11.079 16.327 10.223
178 2 2 15.430 11.677 14.122 10.820
179 2 2 15.466 11.699 14.099 10.808
180 2 2 15.340 11.969 13.667 10.942
181 2 2 15.305 12.039 13.411 11.143
182 2 2 15.270 12.051 13.539 11.106
183 2 2 15.001 12.055 13.270 11.168
184 2 2 15.072 12.124 13.247 11.157
185 2 2 15.049 12.170 13.188 11.169
186 2 2 14.947 12.486 13.188 11.169
187 2 2 14.913 12.591 13.095 11.240
188 2 2 14.655 12.583 13.061 11.404
189 2 2 14.632 12.549 13.132 11.380
190 2 2 14.551 12.654 13.097 11.415
191 2 2 14.679 12.583 13.004 11.509
192 2 2 14.364 12.750 12.769 11.501
193 2 2 14.450 13.098 12.768 11.419
194 2 2 14.179 12.986 12.711 11.595
195 2 2 14.284 12.903 12.631 11.782
196 2 2 14.005 13.140 12.467 11.819
197 2 2 13.935 13.175 12.398 11.960
198 2 2 13.993 13.128 12.363 11.996
199 2 2 13.690 13.319 12.470 12.076
200 2 2 13.714 13.342 12.388 12.135
201 2 2 13.739 13.470 12.353 12.124
202 2 2 13.811 13.690 12.342 12.206
203 2 2 13.670 13.645 12.284 12.277
204 2 2 13.672 13.797 12.237 12.289
205 2 2 13.543 13.845 12.214 12.371
206 2 2 13.462 13.928 12.202 12.313
207 2 2 13.370 14.058 12.097 12.443
208 2 2 13.511 14.114 11.991 12.386
209 2 2 13.371 14.209 12.039 12.513
210 2 2 13.348 14.268 12.076 12.618
211 2 2 13.162 14.434 12.018 12.712
212 2 2 13.104 14.435 11.995 12.794
213 2 2 13.093 14.528 11.961 12.853
214 2 2 13.093 14.575 11.938 12.970
215 2 2 12.917 14.566 11.788 13.252
216 2 2 12.955 14.798 11.788 13.252
217 2 2 12.968 14.926 11.788 13.182
218 2 2 12.769 15.023 11.741 13.276
219 2 2 12.757 15.023 11.673 13.498
220 2 2 12.771 15.209 11.661 13.464
221 2 2 12.808 15.384 11.626 13.534
222 2 2 12.797 15.442 11.568 13.593
223 2 2 12.727 15.478 11.545 13.594
224 2 2 12.574 15.504 11.582 13.780
225 2 2 12.659 15.713 11.559 13.804
226 2 2 12.553 15.703 11.561 14.072
227 2 2 12.590 15.877 11.525 13.967
228 2 2 12.567 16.006 11.479 14.050
229 2 2 12.544 16.053 11.479 14.038
230 2 2 12.486 16.054 11.479 14.096
231 2 2 12.453 16.253 11.469 14.295
232 2 2 12.394 16.265 11.461 14.599
233 2 2 12.384 16.440 11.424 14.471
234 2 2 12.326 16.511 11.342 14.507
235 2 2 12.269 16.664 11.251 14.754
236 2 2 12.316 16.745 11.275 14.893
237 2 2 12.294 16.850 11.263 14.870
238 2 2 12.213 16.968 11.194 14.988
239 2 2 12.177 16.911 11.219 15.104
240 2 2 12.178 16.957 11.257 15.396
241 2 2 12.192 17.214 11.279 15.244
242 2 2 12.157 17.238 11.294 15.582
243 2 2 12.194 17.389 11.211 15.466
244 2 2 12.218 17.470 11.140 15.514
245 2 2 12.160 17.506 11.140 15.491
246 2 2 12.102 17.671 11.178 15.724
247 2 2 12.080 17.788 11.132 15.830
248 2 2 12.105 17.892 11.121 15.970
249 2 2 12.092 17.846 11.170 16.109
250 2 2 12.082 17.975 11.122 16.063
251 2 2 11.966 18.152 10.900 16.230
252 2 2 11.943 18.234 10.854 16.266
253 2 2 11.956 18.339 10.854 16.348
254 2 2 11.957 18.420 10.879 16.476
255 2 2 11.922 18.491 10.857 16.570
256 2 2 11.924 18.619 10.823 16.734
257 2 2 11.949 18.747 10.941 16.790
258 2 2 11.949 18.794 10.966 16.884
259 2 2 11.938 18.911 10.943 16.954
260 2 2 11.845 19.018 10.779 17.050
261 2 2 11.882 19.169 10.944 17.118
262 2 2 11.870 19.169 10.933 17.199
263 2 2 11.884 19.309 10.935 17.328
264 2 2 11.955 19.413 10.806 17.447
265 2 2 11.885 19.484 10.865 17.423
266 2 2 11.875 19.590 10.809 17.681
267 2 2 11.817 19.684 10.833 17.704
268 2 2 11.877 19.835 10.846 17.855
269 2 2 11.843 19.917 10.787 17.915
270 2 2 11.772 19.918 10.765 18.044
271 2 2 11.774 20.164 10.778 18.113
272 2 2 11.776 20.269 10.767 18.242
273 2 2 11.764 20.281 10.756 18.289
274 2 2 11.776 20.362 10.721 18.360
275 2 2 11.754 20.456 10.722 18.477
276 2 2 11.708 20.562 10.758 18.523
277 2 2 11.767 20.608 10.700 18.641
278 2 2 11.722 20.772 10.702 18.781
279 2 2 11.746 20.853 10.632 18.876
280 2 2 11.733 20.749 10.658 19.062
281 2 2 11.700 20.983 10.646 19.109
282 2 2 11.655 21.147 10.635 19.203
283 2 2 11.619 21.101 10.626 19.402
284 2 2 11.645 21.323 10.578 19.356
285 2 2 11.574 21.254 10.580 19.519
286 2 2 11.599 21.452 10.580 19.566
287 2 2 11.553 21.546 10.510 19.637
288 2 2 11.553 21.535 10.417 19.721
289 2 2 11.520 21.792 10.500 19.848
290 2 2 11.509 21.886 10.465 19.837
291 2 2 11.426 21.818 10.562 20.174
292 2 2 11.381 21.970 10.434 20.329
293 2 2 11.395 22.239 10.222 20.321
294 2 2 11.454 22.273 10.246 20.367
295 2 2 11.371 22.216 10.271 20.530
296 2 2 11.327 22.486 10.213 20.567
297 2 2 11.279 22.428 10.404 20.785
298 2 2 11.341 22.731 10.238 20.765
300 2 2 11.260 22.814 10.181 20.965
301 2 2 11.213 22.885 10.218 21.093
302 2 2 11.192 23.085 10.243 21.209
304 2 2 11.240 23.224 10.127 21.410
305 2 2 11.264 23.235 10.009 21.424
306 2 2 11.159 23.342 9.987 21.530
307 2 2 11.089 23.461 9.929 21.613
308 2 2 11.068 23.695 9.895 21.765
309 2 2 11.162 23.681 9.954 21.846
310 2 2 11.117 23.869 9.920 21.976
311 2 2 11.083 23.987 9.850 22.059
312 2 2 11.043 23.485 10.133 22.053
313 2 2 11.008 23.579 10.099 22.148
314 2 2 10.986 23.673 10.076 22.242
315 2 2 10.979 24.200 9.747 22.388
316 2 2 10.802 24.180 9.774 22.692
317 2 2 10.829 24.530 9.726 22.646
318 2 2 10.770 24.543 9.668 22.659
319 2 2 10.796 24.706 9.634 22.835
320 2 2 10.832 24.788 9.551 22.825
321 2 2 10.632 24.850 9.458 22.932
322 2 2 10.656 24.908 9.517 22.966
323 2 2 10.610 25.038 9.494 23.049
324 2 2 10.699 24.510 9.790 23.078
325 2 2 10.677 24.592 9.767 23.160
326 2 2 10.654 24.686 9.744 23.254
299 2 2 11.235 22.686 10.322 20.915
303 2 2 11.227 23.084 10.221 21.350
1 6 2 8.389 28.390 7.388 26.362
2 6 2 8.330 28.356 7.329 26.304
3 6 2 8.423 28.248 7.269 26.270
4 6 2 8.447 28.271 7.481 26.113
5 6 2 8.400 28.261 7.350 26.069
6 6 2 8.564 28.081 7.408 25.974
7 6 2 8.434 28.084 7.360 25.846
8 6 2 8.503 27.883 7.371 25.823
9 6 2 8.548 27.671 7.359 25.764
10 6 2 8.500 27.579 7.453 25.668
11 6 2 8.581 27.424 7.639 25.336
12 6 2 8.558 27.507 7.424 25.177
13 6 2 8.580 27.342 7.447 25.118
14 6 2 8.580 27.307 7.483 25.093
15 6 2 8.602 27.119 7.494 25.058
16 6 2 8.635 26.955 7.470 25.035
17 6 2 8.693 26.824 7.576 24.998
18 6 2 8.728 26.800 7.586 24.775
19 6 2 8.716 26.730 7.645 24.820
20 6 2 8.751 26.683 7.621 24.704
21 6 2 8.773 26.530 7.643 24.551
22 6 2 8.725 26.449 7.725 24.455
23 6 2 8.759 26.308 7.581 24.283
24 6 2 8.759 26.272 7.568 24.177
25 6 2 8.851 26.083 7.651 24.117
26 6 2 8.815 25.978 7.804 24.044
27 6 2 8.860 25.802 7.850 23.937
28 6 2 8.896 25.801 7.813 23.750
29 6 2 8.895 25.742 7.812 23.715
30 6 2 8.930 25.636 7.823 23.598
31 6 2 8.975 25.471 7.880 23.444
32 6 2 8.986 25.389 7.916 23.432
33 6 2 8.951 25.437 7.891 23.327
34 6 2 9.057 25.399 7.983 23.056
35 6 2 8.994 25.014 7.995 23.067
36 6 2 9.052 24.837 8.029 22.926
37 6 2 9.097 24.637 8.231 22.992
38 6 2 9.215 24.611 8.168 22.642
39 6 2 9.189 24.424 8.155 22.514
40 6 2 9.199 24.202 8.214 22.536
41 6 2 9.246 24.177 8.285 22.488
42 6 2 9.341 24.234 8.224 22.266
43 6 2 9.374 24.034 8.116 22.151
44 6 2 9.314 23.860 8.220 21.938
45 6 2 9.347 23.660 8.316 22.030
46 6 2 9.442 23.693 8.196 21.892
47 6 2 9.462 23.389 8.243 21.797
48 6 2 9.498 23.435 8.300 21.574
49 6 2 9.473 23.307 8.463 21.419
50 6 2 9.567 23.188 8.486 21.313
51 6 2 9.625 23.116 8.509 21.254
52 6 2 9.599 22.918 8.590 21.088
53 6 2 9.704 22.810 8.636 20.947
54 6 2 9.692 22.752 8.636 20.924
55 6 2 9.775 22.751 8.741 20.805
56 6 2 9.842 22.457 8.751 20.617
57 6 2 9.829 22.305 8.738 20.465
58 6 2 9.888 22.292 8.832 20.417
59 6 2 9.981 22.126 8.877 20.193
60 6 2 10.074 22.043 8.958 20.063
61 6 2 10.072 21.821 9.004 19.969
62 6 2 10.154 21.784 8.992 19.922
63 6 2 10.189 21.713 9.050 19.781
64 6 2 10.128 21.480 9.061 19.699
65 6 2 10.150 21.340 9.141 19.487
66 6 2 10.173 21.304 9.058 19.394
67 6 2 10.218 21.116 9.210 19.263
68 6 2 10.300 20.998 9.114 19.113
69 6 2 10.287 20.881 9.267 19.051
70 6 2 10.310 20.845 9.301 18.957
71 6 2 10.344 20.739 9.336 18.875
72 6 2 10.531 20.549 9.346 18.699
73 6 2 10.494 20.409 9.403 18.464
74 6 2 10.552 20.326 9.485 18.498
75 6 2 10.646 20.313 9.555 18.427
76 6 2 10.609 20.162 9.554 18.239
77 6 2 10.772 19.913 9.695 18.249
78 6 2 10.806 19.784 9.800 18.153
79 6 2 10.913 19.852 9.728 17.956
80 6 2 10.852 19.643 9.727 17.909
81 6 2 10.944 19.466 9.737 17.745
82 6 2 11.037 19.324 9.901 17.649
83 6 2 11.119 19.299 9.924 17.567
84 6 2 11.106 19.229 9.817 17.463
85 6 2 11.045 19.009 9.934 17.391
86 6 2 11.139 18.960 9.943 17.111
87 6 2 11.256 18.888 9.931 17.017
88 6 2 11.254 18.678 10.108 17.061
89 6 2 11.383 18.652 10.106 16.827
90 6 2 11.429 18.500 10.175 16.663
91 6 2 11.463 18.359 10.327 16.602
92 6 2 11.521 18.276 10.409 16.589
93 6 2 11.625 18.134 10.454 16.378
94 6 2 11.671 18.005 10.559 16.236
95 6 2 11.740 17.864 10.605 16.153
96 6 2 11.740 17.852 10.605 16.072
97 6 2 11.785 17.688 10.628 16.024
98 6 2 11.960 17.533 10.626 15.873
99 6 2 11.947 17.381 10.671 15.685
100 6 2 11.947 17.405 10.729 15.532
101 6 2 11.957 17.253 10.905 15.530
102 6 2 12.085 17.076 10.951 15.424
103 6 2 12.120 17.040 10.867 15.250
104 6 2 12.154 16.958 10.925 15.144
105 6 2 12.200 16.875 11.017 14.979
106 6 2 12.281 16.699 11.005 14.886
107 6 2 12.268 16.582 11.228 14.859
108 6 2 12.349 16.453 11.298 14.776
109 6 2 12.429 16.276 11.333 14.764
110 6 2 12.522 16.170 11.425 14.541
111 6 2 12.628 16.157 11.387 14.331
112 6 2 12.580 16.041 11.528 14.306
113 6 2 12.590 15.877 11.598 14.223
114 6 2 12.730 15.863 11.632 14.059
115 6 2 12.788 15.734 11.548 13.967
116 6 2 12.786 15.559 11.640 13.709
117 6 2 12.915 15.534 11.688 13.813
118 6 2 12.842 15.302 11.840 13.776
119 6 2 12.935 15.195 11.994 13.891
120 6 2 13.147 15.239 11.979 13.518
121 6 2 13.215 14.981 12.214 13.491
122 6 2 13.273 14.945 12.118 13.329
123 6 2 13.448 14.849 12.187 13.211
124 6 2 13.564 14.778 12.269 13.152
125 6 2 13.587 14.649 12.362 13.092
126 6 2 13.703 14.577 12.326 13.023
127 6 2 13.724 14.344 12.467 13.032
128 6 2 13.782 14.308 12.525 12.962
129 6 2 14.018 14.386 12.524 12.822
130 6 2 13.956 14.119 12.606 12.844
131 6 2 14.026 14.002 12.676 12.808
132 6 2 13.759 14.285 12.805 12.725
133 6 2 13.817 14.214 12.863 12.654
134 6 2 13.957 14.177 13.003 12.617
135 6 2 14.050 14.118 13.096 12.557
136 6 2 14.167 14.104 13.214 12.544
137 6 2 14.225 13.987 13.271 12.427
138 6 2 14.341 13.950 13.388 12.390
139 6 2 14.434 13.868 13.481 12.308
140 6 2 14.563 13.866 13.610 12.306
141 6 2 14.656 13.806 13.703 12.246
142 6 2 14.808 13.804 13.856 12.244
143 6 2 14.877 13.698 13.925 12.139
144 6 2 14.971 13.685 14.018 12.126
145 6 2 15.006 13.638 14.053 12.079
146 6 2 15.193 13.624 14.240 12.065
147 6 2 15.333 13.587 14.381 12.028
148 6 2 15.483 13.434 14.531 11.874
149 6 2 15.519 13.526 14.567 11.967
150 6 2 15.659 13.489 14.707 11.930
151 6 2 15.741 13.511 14.790 11.953
152 6 2 16.565 12.930 14.780 12.186
153 6 2 15.858 13.463 14.906 11.904
154 6 2 15.974 13.427 14.711 12.245
155 6 2 16.219 13.365 14.956 12.183
156 6 2 16.499 13.303 15.236 12.121
157 6 2 16.744 13.253 15.481 12.072
158 6 2 16.953 13.204 15.691 12.022
159 6 2 17.244 13.141 15.983 11.960
160 6 2 17.500 13.068 16.239 11.887
184 6 2 20.122 12.069 18.865 10.889
185 6 2 20.157 12.103 18.841 10.866
186 6 2 20.401 12.135 19.059 10.550
187 6 2 20.470 12.006 19.128 10.503
188 6 2 20.619 11.842 19.291 10.501
189 6 2 20.688 11.783 19.372 10.430
190 6 2 20.757 11.713 19.418 10.430
191 6 2 20.768 11.666 19.442 10.441
192 6 2 20.781 11.770 19.464 10.371
193 6 2 20.873 11.711 19.557 10.312
194 6 2 20.988 11.605 19.672 10.206
195 6 2 21.069 11.546 19.753 10.147
196 6 2 21.161 11.475 19.845 10.076
197 6 2 21.288 11.381 19.972 9.982
198 6 2 21.380 11.299 20.064 9.900
199 6 2 21.495 11.239 20.180 9.840
200 6 2 21.587 11.134 20.272 9.735
201 6 2 21.690 11.075 20.376 9.676
202 6 2 21.783 11.027 20.468 9.628
203 6 2 21.875 10.956 20.560 9.558
204 6 2 22.001 10.862 20.687 9.463
205 6 2 22.117 10.791 20.802 9.393
206 6 2 22.197 10.744 20.883 9.345
207 6 2 22.312 10.661 20.998 9.263
208 6 2 22.416 10.567 21.102 9.169
209 6 2 22.530 10.473 21.217 9.075
210 6 2 22.646 10.414 21.332 9.016
211 6 2 22.761 10.366 21.448 8.968
212 6 2 22.876 10.295 21.563 8.897
213 6 2 22.991 10.225 21.678 8.826
214 6 2 23.106 10.177 21.794 8.779
215 6 2 23.562 9.535 21.839 8.651
216 6 2 23.678 9.533 22.001 8.591
217 6 2 23.839 9.451 22.150 8.474
218 6 2 23.668 9.638 22.288 8.356
219 6 2 24.139 9.378 22.379 8.240
220 6 2 24.311 9.260 22.379 8.193
221 6 2 24.322 9.225 22.447 8.112
222 6 2 24.449 9.178 22.679 8.109
223 6 2 24.541 9.142 22.748 8.062
224 6 2 24.392 9.236 22.910 8.026
225 6 2 24.507 9.177 23.025 7.967
226 6 2 24.633 9.129 23.152 7.919
227 6 2 24.760 9.082 23.279 7.871
228 6 2 24.852 9.046 23.371 7.836
229 6 2 25.218 8.730 23.369 7.685
230 6 2 25.046 8.847 23.554 7.649
231 6 2 25.173 8.799 23.681 7.601
232 6 2 25.288 8.764 23.796 7.565
233 6 2 25.402 8.704 23.911 7.506
234 6 2 25.506 8.680 24.015 7.482
235 6 2 25.644 8.644 24.153 7.446
236 6 2 25.759 8.608 24.268 7.410
237 6 2 25.885 8.561 24.395 7.362
238 6 2 26.023 8.524 24.533 7.326
239 6 2 26.564 8.368 24.753 7.359
240 6 2 26.701 8.309 24.742 7.370
241 6 2 26.484 8.439 24.960 7.287
242 6 2 26.587 8.403 25.064 7.252
243 6 2 26.725 8.378 25.202 7.227
244 6 2 26.851 8.342 25.328 7.191
245 6 2 26.978 8.329 25.455 7.178
246 6 2 27.093 8.305 25.570 7.154
247 6 2 27.219 8.292 25.697 7.141
248 6 2 27.346 8.256 25.824 7.105
249 6 2 27.460 8.232 25.939 7.081
250 6 2 27.587 8.219 26.065 7.068
251 6 2 27.713 8.206 26.192 7.055
252 6 2 27.828 8.182 26.307 7.031
253 6 2 27.931 8.169 26.411 7.019
254 6 2 28.058 8.156 26.537 7.006
255 6 2 28.196 8.132 26.675 6.981
256 6 2 28.322 8.096 26.802 6.946
257 6 2 28.425 8.106 26.905 6.956
258 6 2 28.540 8.082 27.020 6.932
259 6 2 28.643 8.092 27.124 6.942
260 6 2 28.792 8.056 27.273 6.906
261 6 2 28.907 8.055 27.388 6.905
262 6 2 29.033 8.019 27.515 6.869
263 6 2 29.137 8.018 27.618 6.868
264 6 2 29.251 8.005 27.733 6.856
265 6 2 29.355 8.016 27.837 6.866
266 6 2 29.481 8.014 27.963 6.865
267 6 2 29.619 8.001 28.101 6.852
268 6 2 29.745 7.988 28.227 6.839
269 6 2 29.859 7.964 28.342 6.815
270 6 2 29.963 7.975 28.446 6.826
271 6 2 30.066 7.985 28.549 6.836
272 6 2 30.180 7.972 28.664 6.824
273 6 2 30.329 7.948 28.813 6.799
274 6 2 30.455 7.935 28.939 6.786
275 6 2 30.569 7.888 29.054 6.739
276 6 2 30.673 7.921 29.157 6.773
277 6 2 30.776 7.908 29.260 6.760
278 6 2 30.891 7.919 29.375 6.770
279 6 2 31.016 7.894 29.501 6.746
280 6 2 31.142 7.859 29.627 6.710
281 6 2 31.290 7.811 29.776 6.663
282 6 2 31.359 7.845 29.845 6.697
283 6 2 31.462 7.832 29.948 6.684
284 6 2 31.588 7.808 30.074 6.660
285 6 2 31.702 7.807 30.189 6.659
286 6 2 31.828 7.759 30.314 6.612
287 6 2 31.931 7.758 30.418 6.611
288 6 2 32.056 7.722 30.543 6.575
289 6 2 32.147 7.710 30.635 6.562
290 6 2 32.261 7.663 30.749 6.515
291 6 2 32.364 7.662 30.852 6.514
292 6 2 32.489 7.614 30.977 6.467
293 6 2 32.581 7.590 31.069 6.443
294 6 2 32.695 7.555 31.183 6.408
295 6 2 32.786 7.519 31.274 6.372
296 6 2 32.899 7.472 31.388 6.325
297 6 2 33.002 7.437 31.491 6.290
298 6 2 33.104 7.401 31.593 6.254
300 6 2 33.481 7.374 31.994 6.239
301 6 2 33.422 7.237 32.451 6.257
302 6 2 33.547 7.155 32.462 6.165
304 6 2 33.671 7.028 32.701 6.083
305 6 2 33.807 6.934 32.814 5.967
306 6 2 33.829 6.865 32.837 5.978
307 6 2 33.874 6.807 32.951 5.977
308 6 2 34.010 6.760 33.018 5.792
309 6 2 34.044 6.691 33.097 5.734
310 6 2 34.236 6.574 33.221 5.630
311 6 2 34.236 6.551 33.255 5.549
312 6 2 34.201 6.471 33.334 5.525
313 6 2 34.325 6.343 33.368 5.479
314 6 2 34.474 6.434 33.242 5.445
315 6 2 34.528 6.169 33.560 5.247
316 6 2 34.516 6.135 33.593 5.189
317 6 2 34.676 6.145 33.467 5.179
318 6 2 34.720 5.972 33.728 5.027
319 6 2 34.823 5.994 33.626 5.040
320 6 2 34.810 5.856 33.886 4.888
321 6 2 34.797 5.788 33.886 4.854
322 6 2 34.853 5.684 33.919 4.727
323 6 2 34.853 5.672 33.908 4.785
324 6 2 34.979 5.706 33.828 4.774
325 6 2 34.989 5.556 33.930 4.727
326 6 2 35.035 5.636 33.896 4.716
299 6 2 33.286 7.284 32.223 6.283
303 6 2 33.614 7.074 32.598 6.107
20 7 2 11.576 29.777 10.451 27.967
21 7 2 11.480 29.685 10.426 27.815
22 7 2 11.515 29.614 10.472 27.732
23 7 2 11.562 29.578 10.530 27.649
24 7 2 11.574 29.590 10.552 27.543
25 7 2 11.513 29.427 10.505 27.474
26 7 2 11.476 29.264 10.503 27.333
27 7 2 11.463 29.148 10.514 27.263
28 7 2 11.534 29.111 10.631 27.132
29 7 2 11.509 29.018 10.524 27.064
30 7 2 11.543 28.842 10.535 26.982
31 7 2 11.553 28.713 10.546 26.876
32 7 2 11.528 28.538 10.628 26.792
33 7 2 11.456 28.434 10.662 26.721
34 7 2 11.525 28.269 10.603 26.653
35 7 2 11.430 28.178 10.707 26.521
36 7 2 11.476 28.036 10.612 26.430
37 7 2 11.548 28.175 10.586 26.150
38 7 2 11.510 27.895 10.598 26.208
39 7 2 11.496 27.732 10.621 26.079
40 7 2 11.497 27.802 10.595 25.845
41 7 2 11.472 27.674 10.534 25.683
42 7 2 11.435 27.452 10.547 25.788
43 7 2 11.433 27.300 10.534 25.683
44 7 2 11.420 27.184 10.533 25.543
45 7 2 11.456 27.230 10.459 25.205
46 7 2 11.385 27.161 10.553 25.168
47 7 2 11.442 26.996 10.457 25.018
48 7 2 11.429 26.833 10.456 24.901
49 7 2 11.416 26.716 10.502 24.759
50 7 2 11.356 26.659 10.536 24.677
51 7 2 11.355 26.472 10.524 24.619
52 7 2 11.389 26.366 10.416 24.422
53 7 2 11.353 26.273 10.484 24.222
54 7 2 11.387 26.144 10.402 24.188
55 7 2 11.385 25.945 10.364 24.002
56 7 2 11.407 25.781 10.351 23.874
57 7 2 11.324 25.736 10.503 23.742
58 7 2 11.321 25.490 10.410 23.802
59 7 2 11.296 25.327 10.361 23.698
60 7 2 11.342 25.151 10.348 23.558
61 7 2 11.354 25.221 10.322 23.243
62 7 2 11.318 25.128 10.309 23.114
63 7 2 11.292 24.918 10.248 22.963
64 7 2 11.220 24.744 10.318 22.845
65 7 2 11.242 24.568 10.284 22.963
66 7 2 11.312 24.543 10.186 22.672
67 7 2 11.275 24.381 10.196 22.473
68 7 2 11.237 24.136 10.220 22.461
69 7 2 11.296 24.123 10.217 22.204
70 7 2 11.236 23.984 10.370 22.142
71 7 2 11.162 23.670 10.463 22.082
72 7 2 11.186 23.728 10.344 21.874
73 7 2 11.196 23.564 10.307 21.746
74 7 2 11.183 23.435 10.364 21.558
75 7 2 11.193 23.260 10.305 21.500
76 7 2 11.134 23.226 10.268 21.396
77 7 2 11.193 23.201 10.149 21.246
78 7 2 11.203 23.073 10.182 21.058
79 7 2 11.129 22.688 10.241 21.057
80 7 2 11.177 22.746 10.133 20.872
81 7 2 11.210 22.593 10.144 20.767
82 7 2 11.184 22.290 10.261 20.659
83 7 2 11.220 22.348 10.164 20.380
84 7 2 11.207 22.231 10.186 20.228
85 7 2 11.217 22.091 10.196 20.087
86 7 2 11.192 21.892 10.171 19.936
87 7 2 11.179 21.764 10.441 19.837
88 7 2 11.200 21.530 10.417 19.721
89 7 2 11.235 21.506 10.238 19.490
90 7 2 11.175 21.355 10.343 19.418
91 7 2 11.292 21.283 10.330 19.302
92 7 2 11.348 21.048 10.341 19.173
93 7 2 11.252 20.874 10.457 19.054
94 7 2 11.334 20.849 10.338 18.916
95 7 2 11.333 20.744 10.396 18.810
96 7 2 11.403 20.638 10.431 18.750
97 7 2 11.413 20.486 10.441 18.622
98 7 2 11.424 20.369 10.416 18.459
99 7 2 11.434 20.252 10.520 18.223
100 7 2 11.492 20.134 10.578 18.164
101 7 2 11.489 19.818 10.625 18.198
102 7 2 11.466 19.842 10.576 17.988
103 7 2 11.499 19.631 10.575 17.906
104 7 2 11.581 19.665 10.609 17.742
105 7 2 11.520 19.362 10.631 17.532
106 7 2 11.589 19.256 10.714 17.600
107 7 2 11.776 19.171 10.676 17.309
108 7 2 11.776 19.124 10.709 17.156
109 7 2 11.760 18.727 10.745 17.168
110 7 2 11.843 18.819 10.731 16.981
111 7 2 11.830 18.668 10.753 16.817
112 7 2 11.865 18.644 10.800 16.746
113 7 2 11.910 18.456 10.822 16.594
114 7 2 11.862 18.305 10.844 16.523
115 7 2 11.861 18.223 10.772 16.373
116 7 2 11.823 17.921 10.831 16.407
117 7 2 11.928 17.895 10.828 16.056
118 7 2 11.940 17.848 10.886 15.997
119 7 2 11.995 17.521 10.968 15.972
120 7 2 11.994 17.416 11.015 15.913
121 7 2 12.063 17.274 11.108 15.760
122 7 2 12.121 17.215 11.165 15.654
123 7 2 12.178 17.004 11.270 15.536
124 7 2 12.224 16.910 11.281 15.419
125 7 2 12.223 16.805 11.292 15.348
126 7 2 12.363 16.698 11.396 15.207
127 7 2 12.435 16.813 11.405 14.961
128 7 2 12.468 16.614 11.441 14.984
129 7 2 12.536 16.391 11.558 14.877
130 7 2 12.606 16.309 11.650 14.724
131 7 2 12.628 16.227 11.672 14.561
132 7 2 12.816 16.177 11.541 14.422
133 7 2 12.709 16.062 11.706 14.408
134 7 2 12.707 15.840 11.635 14.398
135 7 2 12.836 15.873 11.621 14.176
136 7 2 12.894 15.802 11.749 13.999
137 7 2 13.010 15.614 11.748 13.906
138 7 2 12.972 15.405 11.937 14.008
139 7 2 13.042 15.299 11.994 13.891
140 7 2 13.171 15.273 12.111 13.761
141 7 2 13.287 15.190 12.145 13.690
142 7 2 13.369 15.154 12.214 13.538
143 7 2 13.557 15.209 12.178 13.468
144 7 2 13.565 14.859 12.413 13.465
145 7 2 13.658 14.776 12.447 13.383
146 7 2 13.715 14.624 12.447 13.301
147 7 2 13.762 14.588 12.458 13.231
148 7 2 13.784 14.436 12.621 13.159
149 7 2 13.900 14.306 12.690 13.018
150 7 2 14.110 14.210 12.678 12.925
151 7 2 14.203 14.209 12.736 12.866
152 7 2 14.273 14.150 12.770 12.807
153 7 2 13.725 14.402 12.936 12.979
154 7 2 13.794 14.320 13.006 12.897
155 7 2 13.899 14.237 13.111 12.814
156 7 2 13.980 14.165 13.192 12.743
157 7 2 14.085 14.082 13.297 12.660
158 7 2 14.166 14.035 13.379 12.612
159 7 2 14.271 13.951 13.483 12.529
160 7 2 14.388 13.892 13.600 12.469
161 7 2 14.504 13.808 13.716 12.386
162 7 2 14.585 13.737 13.798 12.315
163 7 2 14.713 13.689 13.926 12.267
164 7 2 14.818 13.618 14.031 12.195
165 7 2 14.923 13.569 14.136 12.147
166 7 2 15.040 13.533 14.253 12.111
167 7 2 14.948 13.755 14.161 12.334
168 7 2 15.237 13.414 14.450 11.992
169 7 2 15.354 13.354 14.567 11.932
170 7 2 15.551 13.165 14.764 11.743
171 7 2 15.598 13.246 14.812 11.824
172 7 2 15.715 13.209 14.928 11.788
173 7 2 15.797 13.220 15.010 11.798
174 7 2 15.936 13.148 15.150 11.727
175 7 2 16.053 13.111 15.267 11.690
176 7 2 16.192 13.051 15.406 11.630
177 7 2 16.297 13.027 15.511 11.606
178 7 2 16.437 12.990 15.651 11.569
179 7 2 16.531 12.977 15.745 11.556
180 7 2 16.635 12.952 15.850 11.531
181 7 2 16.752 12.916 15.966 11.495
182 7 2 16.903 12.867 16.118 11.447
183 7 2 17.019 12.831 16.234 11.410
184 7 2 17.136 12.817 16.351 11.397
185 7 2 17.241 12.793 16.456 11.373
186 7 2 17.357 12.779 16.572 11.359
187 7 2 17.497 12.743 16.712 11.323
188 7 2 17.625 12.718 16.840 11.298
189 7 2 17.741 12.681 16.957 11.262
190 7 2 17.881 12.668 17.097 11.248
191 7 2 17.986 12.643 17.201 11.224
192 7 2 18.102 12.630 17.318 11.211
193 7 2 18.242 12.593 17.457 11.174
194 7 2 18.393 12.568 17.609 11.149
195 7 2 18.520 12.508 17.736 11.089
196 7 2 18.637 12.495 17.853 11.076
217 7 2 22.506 11.481 20.699 10.600
218 7 2 22.552 11.435 20.792 10.599
219 7 2 22.622 11.434 20.919 10.597
220 7 2 22.772 11.455 21.024 10.573
221 7 2 23.003 11.394 21.372 10.557
222 7 2 23.083 11.289 21.569 10.601
223 7 2 23.375 11.459 21.394 10.441
224 7 2 23.361 11.285 21.638 10.473
225 7 2 23.477 11.272 21.800 10.471
226 7 2 23.661 11.224 21.974 10.457
227 7 2 23.812 11.222 22.067 10.456
228 7 2 23.904 11.163 22.182 10.373
229 7 2 24.065 11.091 22.333 10.395
230 7 2 24.088 11.079 22.552 10.288
231 7 2 24.379 11.307 22.516 10.172
232 7 2 24.388 11.029 22.772 10.285
233 7 2 24.572 10.981 22.921 10.214
234 7 2 24.803 10.978 23.025 10.189
235 7 2 24.896 10.977 23.129 10.177
236 7 2 24.849 10.966 23.199 10.199
237 7 2 24.988 10.941 23.338 10.174
238 7 2 25.149 10.893 23.499 10.126
239 7 2 25.299 10.902 23.638 10.113
240 7 2 25.622 10.852 23.696 10.158
241 7 2 25.438 10.901 23.789 10.146
242 7 2 25.622 10.875 23.974 10.120
243 7 2 25.737 10.839 24.089 10.084
244 7 2 25.898 10.826 24.250 10.071
245 7 2 26.002 10.801 24.354 10.046
246 7 2 26.140 10.788 24.493 10.033
247 7 2 26.232 10.775 24.585 10.020
248 7 2 26.405 10.750 24.758 9.995
249 7 2 26.543 10.714 24.896 9.959
250 7 2 26.704 10.688 25.058 9.934
251 7 2 26.808 10.699 25.162 9.944
252 7 2 26.946 10.686 25.300 9.931
253 7 2 27.061 10.649 25.415 9.895
254 7 2 27.210 10.648 25.565 9.893
255 7 2 27.348 10.611 25.703 9.857
256 7 2 27.509 10.586 25.865 9.832
257 7 2 27.613 10.597 25.969 9.842
258 7 2 27.728 10.584 26.084 9.829
259 7 2 27.832 10.605 26.188 9.851
260 7 2 28.015 10.545 26.372 9.791
261 7 2 28.130 10.509 26.486 9.755
262 7 2 28.622 10.342 26.670 9.684
263 7 2 28.473 10.413 26.831 9.670
264 7 2 28.668 10.307 26.763 9.741
265 7 2 28.634 10.330 26.992 9.599
266 7 2 28.703 10.387 27.061 9.656
267 7 2 28.818 10.351 27.176 9.620
268 7 2 28.933 10.384 27.292 9.654
269 7 2 29.082 10.336 27.441 9.606
270 7 2 29.196 10.323 27.556 9.593
271 7 2 29.345 10.287 27.705 9.556
272 7 2 29.483 10.285 27.843 9.555
273 7 2 29.597 10.249 27.958 9.519
274 7 2 29.724 10.248 28.084 9.517
275 7 2 29.861 10.235 28.222 9.504
276 7 2 29.976 10.222 28.337 9.491
277 7 2 30.125 10.197 28.486 9.467
278 7 2 30.262 10.184 28.624 9.454
279 7 2 30.377 10.171 28.739 9.441
280 7 2 30.503 10.169 28.865 9.439
281 7 2 30.617 10.157 28.980 9.426
282 7 2 30.766 10.143 29.129 9.413
283 7 2 30.881 10.119 29.244 9.389
284 7 2 31.018 10.106 29.381 9.376
285 7 2 31.132 10.093 29.496 9.363
286 7 2 31.259 10.114 29.622 9.384
287 7 2 31.396 10.101 29.760 9.371
288 7 2 31.511 10.111 29.875 9.382
289 7 2 31.659 10.086 30.024 9.357
290 7 2 31.774 10.108 30.139 9.379
291 7 2 31.911 10.083 30.276 9.354
292 7 2 32.014 10.105 30.379 9.376
293 7 2 32.152 10.115 30.517 9.386
294 7 2 32.289 10.125 30.655 9.396
295 7 2 32.415 10.124 30.781 9.394
296 7 2 32.552 10.168 30.919 9.439
297 7 2 32.667 10.167 31.033 9.437
298 7 2 32.793 10.211 31.160 9.482
300 7 2 33.056 10.254 31.424 9.525
301 7 2 33.171 10.253 31.538 9.524
302 7 2 33.308 10.297 31.676 9.568
304 7 2 33.526 10.375 31.895 9.646
305 7 2 33.652 10.408 32.021 9.679
306 7 2 33.755 10.441 32.124 9.713
307 7 2 33.881 10.485 32.250 9.757
308 7 2 33.996 10.541 32.365 9.813
309 7 2 34.111 10.575 32.480 9.847
310 7 2 34.202 10.619 32.572 9.891
311 7 2 34.317 10.675 32.687 9.948
312 7 2 34.432 10.732 32.802 10.004
313 7 2 34.512 10.800 32.883 10.072
314 7 2 34.639 10.878 33.009 10.151
315 7 2 34.753 10.923 33.124 10.196
316 7 2 34.845 11.002 33.217 10.275
317 7 2 35.113 11.493 33.594 10.282
318 7 2 35.366 11.650 33.743 10.338
319 7 2 35.306 11.456 34.328 10.652
320 7 2 35.342 11.593 34.305 10.618
321 7 2 35.513 11.545 34.398 10.732
322 7 2 35.594 11.659 34.512 10.765
323 7 2 35.731 11.726 34.514 10.903
324 7 2 35.822 11.759 34.605 10.959
325 7 2 35.938 11.873 34.731 10.992
326 7 2 36.239 12.385 34.261 10.791
299 7 2 32.907 10.210 31.274 9.481
303 7 2 33.423 10.318 31.791 9.590
