0 0 2 29.754 7.701 27.726 6.827
1 0 2 29.805 7.732 27.685 6.816
2 0 2 29.733 7.721 27.614 6.806
3 0 2 29.621 7.732 27.501 6.816
4 0 2 29.519 7.722 27.399 6.806
5 0 2 29.407 7.722 27.286 6.806
6 0 2 29.315 7.711 27.194 6.796
7 0 2 29.213 7.732 27.091 6.816
8 0 2 29.121 7.722 26.999 6.806
9 0 2 29.008 7.732 26.886 6.816
10 0 2 28.886 7.722 26.763 6.806
11 0 2 28.773 7.722 26.650 6.806
12 0 2 28.681 7.712 26.558 6.796
13 0 2 28.558 7.702 26.435 6.785
14 0 2 28.446 7.702 26.322 6.785
15 0 2 28.333 7.712 26.209 6.796
16 0 2 28.211 7.702 26.086 6.785
17 0 2 28.098 7.702 25.973 6.785
18 0 2 27.985 7.692 25.860 6.775
19 0 2 27.883 7.712 25.757 6.796
20 0 2 27.770 7.702 25.644 6.785
21 0 2 27.658 7.712 25.531 6.795
22 0 2 27.535 7.702 25.408 6.785
23 0 2 27.402 7.702 25.274 6.785
24 0 2 27.289 7.692 25.161 6.775
25 0 2 27.146 7.733 25.017 6.816
26 0 2 27.033 7.723 24.904 6.806
27 0 2 26.879 7.733 24.750 6.816
28 0 2 26.756 7.744 24.627 6.826
29 0 2 26.602 7.744 24.472 6.826
30 0 2 26.490 7.734 24.359 6.816
31 0 2 26.346 7.754 24.215 6.837
32 0 2 26.233 7.765 24.102 6.847
33 0 2 26.079 7.775 23.947 6.857
34 0 2 25.935 7.785 23.803 6.868
35 0 2 25.792 7.786 23.659 6.867
36 0 2 25.669 7.796 23.535 6.878
37 0 2 25.525 7.837 23.391 6.919
38 0 2 25.391 7.837 23.257 6.919
39 0 2 25.237 7.858 23.103 6.940
40 0 2 25.073 7.858 22.938 6.940
41 0 2 24.929 7.889 22.793 6.971
42 0 2 24.785 7.900 22.649 6.981
43 0 2 24.610 7.941 22.473 7.022
44 0 2 24.487 7.952 22.350 7.033
45 0 2 24.332 7.983 22.195 7.064
46 0 2 24.199 8.014 22.061 7.095
47 0 2 24.024 8.034 21.885 7.116
48 0 2 23.880 8.066 21.741 7.147
49 0 2 23.705 8.097 21.565 7.178
50 0 2 23.550 8.138 21.410 7.219
51 0 2 23.406 8.169 21.265 7.250
52 0 2 23.252 8.200 21.110 7.281
53 0 2 23.076 8.221 20.935 7.302
54 0 2 22.911 8.252 20.769 7.333
55 0 2 22.757 8.315 20.614 7.395
56 0 2 22.602 8.335 20.459 7.416
57 0 2 22.437 8.398 20.293 7.478
58 0 2 22.303 8.449 20.159 7.530
59 0 2 22.128 8.491 19.983 7.572
60 0 2 21.963 8.553 19.817 7.634
61 0 2 21.787 8.626 19.641 7.706
62 0 2 21.633 8.667 19.486 7.748
63 0 2 21.467 8.750 19.320 7.831
64 0 2 21.333 8.792 19.186 7.873
65 0 2 21.158 8.875 19.009 7.956
66 0 2 20.992 8.917 18.844 7.997
67 0 2 20.817 9.000 18.667 8.080
68 0 2 20.662 9.041 18.512 8.122
69 0 2 20.496 9.145 18.346 8.226
70 0 2 20.372 9.218 18.221 8.298
71 0 2 20.186 9.280 18.035 8.361
72 0 2 20.021 9.364 17.869 8.444
73 0 2 19.835 9.457 17.682 8.538
74 0 2 19.710 9.520 17.557 8.600
75 0 2 19.545 9.592 17.391 8.673
76 0 2 19.318 9.935 17.786 8.672
77 0 2 19.587 9.769 17.485 8.829
78 0 2 19.442 9.852 17.340 8.912
79 0 2 19.152 9.946 17.049 9.006
80 0 2 19.121 10.018 17.018 9.078
81 0 2 18.583 10.517 16.831 9.162
82 0 2 18.873 10.247 16.790 9.297
83 0 2 18.200 10.715 16.530 9.339
84 0 2 18.448 10.497 16.384 9.526
85 0 2 18.728 10.310 16.665 9.339
86 0 2 17.858 11.028 15.936 9.610
87 0 2 17.982 10.789 15.927 9.808
88 0 2 16.922 11.269 15.521 10.099
91 0 2 16.965 11.487 15.396 10.141
92 0 2 16.996 11.508 15.094 10.277
93 0 2 16.684 11.457 15.053 10.423
94 0 2 16.496 11.478 14.896 10.465
95 0 2 16.298 11.552 14.604 10.507
96 0 2 16.186 12.051 14.572 10.435
97 0 2 16.362 11.739 14.469 10.695
98 0 2 16.195 11.822 14.302 10.779
99 0 2 15.998 11.896 14.103 10.852
100 0 2 15.852 11.969 13.957 10.925
101 0 2 15.434 11.887 13.518 11.041
102 0 2 15.361 11.857 13.320 11.125
103 0 2 15.351 12.002 13.455 10.979
104 0 2 15.164 12.065 13.267 11.042
105 0 2 14.976 12.160 13.079 11.136
106 0 2 14.819 12.202 12.922 11.178
107 0 2 14.663 12.296 12.765 11.273
108 0 2 14.496 12.370 12.598 11.346
109 0 2 14.319 12.443 12.420 11.420
110 0 2 14.141 12.527 12.242 11.504
111 0 2 13.975 12.621 12.075 11.598
112 0 2 13.818 12.695 11.918 11.671
113 0 2 13.661 12.779 11.760 11.755
114 0 2 13.494 12.852 11.593 11.829
115 0 2 13.338 12.957 11.436 11.934
116 0 2 13.160 13.052 11.258 12.028
117 0 2 12.993 13.167 11.090 12.144
118 0 2 12.857 13.262 10.954 12.238
119 0 2 12.711 13.356 10.807 12.333
120 0 2 12.575 13.450 10.671 12.427
121 0 2 12.418 13.566 10.514 12.543
122 0 2 12.272 13.671 10.367 12.647
123 0 2 12.136 13.786 10.230 12.763
124 0 2 11.989 13.901 10.084 12.878
125 0 2 11.875 14.048 9.969 13.025
126 0 2 11.760 14.153 9.853 13.130
127 0 2 11.603 14.300 9.696 13.277
128 0 2 11.498 14.425 9.591 13.403
129 0 2 11.362 14.562 9.455 13.539
130 0 2 11.237 14.698 9.329 13.675
131 0 2 11.143 14.865 9.235 13.843
132 0 2 11.049 14.991 9.140 13.969
133 0 2 10.945 15.158 9.036 14.136
134 0 2 10.829 15.284 8.920 14.262
135 0 2 10.736 15.452 8.826 14.430
136 0 2 10.631 15.578 8.721 14.556
137 0 2 10.558 15.745 8.648 14.724
138 0 2 10.485 15.902 8.575 14.881
139 0 2 10.402 16.059 8.491 15.038
140 0 2 10.329 16.216 8.418 15.195
141 0 2 10.235 16.394 8.324 15.373
142 0 2 10.172 16.541 8.261 15.520
143 0 2 10.120 16.729 8.209 15.709
144 0 2 10.068 16.875 8.157 15.855
145 0 2 10.016 17.032 8.105 16.012
146 0 2 9.933 17.200 8.021 16.180
147 0 2 9.881 17.378 7.969 16.358
148 0 2 9.808 17.535 7.896 16.516
149 0 2 9.788 17.712 7.875 16.693
150 0 2 9.736 17.890 7.823 16.871
151 0 2 9.705 18.057 7.792 17.039
152 0 2 9.642 18.225 7.730 17.207
153 0 2 9.590 18.403 7.678 17.385
154 0 2 9.538 18.581 7.626 17.563
155 0 2 9.518 18.748 7.605 17.730
156 0 2 9.508 18.926 7.595 17.908
157 0 2 9.488 19.103 7.575 18.086
158 0 2 9.415 19.271 7.502 18.254
159 0 2 9.384 19.449 7.471 18.432
160 0 2 9.322 19.637 7.408 18.621
161 0 2 9.333 19.794 7.419 18.777
162 0 2 9.302 19.971 7.388 18.955
163 0 2 8.115 21.070 6.198 20.055
164 0 2 9.261 20.316 7.348 19.301
165 0 2 9.178 20.505 7.264 19.490
166 0 2 9.713 20.186 7.801 19.171
167 0 2 9.168 20.839 7.255 19.825
168 0 2 9.169 21.006 7.255 19.992
169 0 2 8.970 21.322 7.056 20.308
170 0 2 9.086 21.383 7.172 20.369
171 0 2 9.056 21.561 7.141 20.547
172 0 2 9.088 21.696 7.174 20.683
173 0 2 9.004 21.906 7.090 20.893
174 0 2 8.994 22.084 7.080 21.071
175 0 2 8.943 22.283 7.028 21.270
176 0 2 8.922 22.429 7.008 21.417
177 0 2 8.891 22.607 6.977 21.595
178 0 2 8.902 22.763 6.988 21.751
179 0 2 8.840 22.952 6.925 21.940
180 0 2 8.830 23.109 6.915 22.097
181 0 2 8.778 23.308 6.863 22.297
182 0 2 8.758 23.475 6.843 22.464
183 0 2 8.727 23.653 6.812 22.642
184 0 2 8.727 23.820 6.812 22.810
185 0 2 8.697 23.998 6.781 22.988
186 0 2 8.666 24.155 6.750 23.145
187 0 2 8.624 24.344 6.709 23.334
188 0 2 8.593 24.522 6.678 23.512
189 0 2 8.562 24.700 6.647 23.690
190 0 2 8.542 24.867 6.626 23.858
191 0 2 8.511 25.045 6.595 24.036
192 0 2 8.501 25.202 6.586 24.193
193 0 2 8.439 25.391 6.523 24.382
194 0 2 8.429 25.568 6.513 24.560
195 0 2 8.377 25.747 6.461 24.739
196 0 2 8.377 25.893 6.462 24.885
197 0 2 8.347 26.071 6.431 25.063
198 0 2 8.316 26.249 6.400 25.242
199 0 2 8.274 26.437 6.358 25.431
200 0 2 8.264 26.594 6.348 25.588
201 0 2 8.212 26.773 6.296 25.766
202 0 2 8.213 26.940 6.297 25.934
203 0 2 8.182 27.118 6.266 26.112
204 0 2 8.151 27.275 6.234 26.269
205 0 2 8.110 27.464 6.193 26.458
206 0 2 8.100 27.641 6.183 26.636
207 0 2 8.048 27.820 6.131 26.815
208 0 2 8.048 27.966 6.132 26.961
209 0 2 7.996 28.144 6.079 27.140
210 0 2 7.965 28.323 6.048 27.318
211 0 2 7.924 28.511 6.007 27.507
213 0 2 7.893 28.668 5.976 27.665
214 0 2 7.262 29.202 6.188 27.860
2 6 2 10.557 28.478 9.813 26.571
3 6 2 10.631 28.487 9.845 26.570
4 6 2 10.714 28.371 9.865 26.476
5 6 2 10.661 28.310 9.865 26.393
6 6 2 10.661 28.257 9.854 26.237
7 6 2 10.650 28.091 9.832 26.164
8 6 2 10.660 28.039 9.874 26.090
9 6 2 10.681 28.017 9.874 25.996
10 6 2 10.691 27.944 9.874 26.028
11 6 2 10.701 27.840 9.905 25.850
12 6 2 10.712 27.725 9.915 25.756
13 6 2 10.700 27.590 9.894 25.725
14 6 2 10.763 27.516 9.914 25.631
15 6 2 10.721 27.485 9.903 25.526
16 6 2 10.731 27.391 9.955 25.369
17 6 2 10.741 27.287 9.913 25.328
18 6 2 10.793 27.140 9.934 25.244
19 6 2 10.793 27.098 9.955 25.171
20 6 2 10.740 27.089 9.880 25.047
21 6 2 10.782 26.942 9.943 24.963
22 6 2 10.802 26.817 9.953 24.889
23 6 2 10.854 26.660 9.890 24.880
24 6 2 10.760 26.703 9.931 24.618
25 6 2 10.822 26.514 9.994 24.534
26 6 2 10.822 26.379 9.952 24.462
27 6 2 10.748 26.463 9.962 24.336
28 6 2 10.832 26.274 10.025 24.252
29 6 2 10.810 26.181 10.003 24.096
30 6 2 10.841 26.003 10.023 23.981
31 6 2 10.841 25.836 10.034 23.897
32 6 2 10.861 25.805 10.044 23.835
33 6 2 10.924 25.679 10.065 23.751
34 6 2 10.913 25.470 10.075 23.615
35 6 2 10.944 25.386 10.095 23.521
36 6 2 11.049 25.322 10.169 23.447
37 6 2 11.079 25.166 10.210 23.342
38 6 2 11.100 25.051 10.231 23.196
39 6 2 11.121 25.050 10.251 23.018
40 6 2 11.099 24.936 10.251 22.945
41 6 2 11.141 24.821 10.282 22.799
42 6 2 11.234 24.486 10.271 22.778
43 6 2 11.255 24.434 10.249 22.643
44 6 2 11.276 24.319 10.312 22.496
45 6 2 11.306 24.152 10.301 22.444
46 6 2 11.243 24.080 10.406 22.255
47 6 2 11.327 24.058 10.395 22.120
48 6 2 11.243 23.965 10.405 21.994
49 6 2 11.252 23.663 10.330 21.880
50 6 2 11.221 23.809 10.446 21.775
51 6 2 11.293 23.495 10.424 21.650
52 6 2 11.314 23.370 10.424 21.546
53 6 2 11.292 23.308 10.465 21.337
54 6 2 11.386 23.108 10.496 21.294
55 6 2 11.375 23.025 10.569 21.137
56 6 2 11.375 22.921 10.590 21.012
57 6 2 11.427 22.775 10.589 20.897
58 6 2 11.405 22.650 10.673 20.761
59 6 2 11.447 22.472 10.641 20.584
60 6 2 11.436 22.347 10.693 20.479
61 6 2 11.488 22.263 10.682 20.396
62 6 2 11.487 22.086 10.702 20.229
63 6 2 11.528 21.950 10.765 20.165
64 6 2 11.549 21.846 10.796 19.977
65 6 2 11.643 21.709 10.837 19.852
66 6 2 11.653 21.574 10.837 19.706
67 6 2 11.642 21.459 10.847 19.581
68 6 2 11.631 21.334 10.962 19.423
69 6 2 11.662 21.157 10.919 19.319
70 6 2 11.724 21.020 10.898 19.163
71 6 2 11.724 20.989 10.950 19.100
72 6 2 11.713 20.823 10.918 18.944
73 6 2 11.765 20.676 10.949 18.839
74 6 2 11.691 20.531 10.959 18.704
75 6 2 11.848 20.436 11.032 18.557
76 6 2 11.815 20.228 11.052 18.442
77 6 2 11.857 20.154 11.094 18.254
78 6 2 11.878 20.060 11.083 18.223
79 6 2 11.898 19.914 11.072 18.046
80 6 2 11.918 19.758 11.092 17.941
81 6 2 11.876 19.644 11.103 17.868
82 6 2 11.823 19.498 11.133 17.701
83 6 2 11.875 19.362 11.143 17.503
84 6 2 11.864 19.237 11.195 17.461
85 6 2 11.979 19.122 11.111 17.357
86 6 2 11.999 18.955 11.110 17.211
87 6 2 11.999 18.799 11.120 17.076
88 6 2 11.988 18.788 11.141 16.951
91 6 2 12.070 18.329 11.192 16.606
92 6 2 12.069 18.142 11.308 16.637
93 6 2 12.111 18.162 11.359 16.271
94 6 2 12.173 17.964 11.306 16.199
95 6 2 12.194 17.932 11.337 16.084
96 6 2 12.256 17.661 11.453 16.114
97 6 2 12.287 17.619 11.567 15.905
98 6 2 12.329 17.462 11.472 15.770
99 6 2 12.350 17.431 11.545 15.655
100 6 2 12.412 17.337 11.639 15.446
101 6 2 12.474 17.128 11.565 15.332
102 6 2 12.505 17.023 11.607 15.269
103 6 2 12.526 16.961 11.669 15.185
104 6 2 12.641 16.845 11.763 15.007
105 6 2 12.693 16.710 11.763 14.914
106 6 2 12.640 16.564 11.804 14.882
107 6 2 12.692 16.491 11.783 14.747
108 6 2 12.723 16.334 11.835 14.569
109 6 2 12.911 16.187 11.834 14.486
110 6 2 12.931 16.135 11.845 14.413
111 6 2 13.015 16.041 11.960 14.402
112 6 2 13.129 15.863 11.875 14.256
113 6 2 12.826 16.105 12.117 14.422
114 6 2 12.899 16.000 12.190 14.317
115 6 2 12.972 15.916 12.263 14.233
116 6 2 13.066 15.832 12.357 14.149
117 6 2 13.108 15.717 12.399 14.035
118 6 2 13.160 15.592 12.451 13.909
119 6 2 13.212 15.519 12.503 13.836
120 6 2 13.316 15.414 12.607 13.731
121 6 2 13.410 15.351 12.701 13.668
122 6 2 13.920 14.828 12.679 13.398
123 6 2 13.504 15.226 12.795 13.543
124 6 2 13.576 15.131 12.868 13.449
125 6 2 13.639 15.006 12.931 13.324
126 6 2 13.754 14.974 13.046 13.292
127 6 2 13.848 14.890 13.140 13.208
128 6 2 13.910 14.796 13.202 13.114
129 6 2 14.004 14.713 13.296 13.030
130 6 2 14.108 14.660 13.400 12.978
131 6 2 14.202 14.587 13.494 12.905
132 6 2 14.275 14.503 13.567 12.821
133 6 2 14.368 14.419 13.661 12.737
134 6 2 14.452 14.346 13.745 12.664
135 6 2 14.566 14.283 13.859 12.601
136 6 2 14.660 14.241 13.953 12.559
137 6 2 14.765 14.167 14.058 12.486
138 6 2 14.858 14.084 14.151 12.402
139 6 2 14.973 14.000 14.266 12.318
140 6 2 15.056 13.937 14.349 12.256
141 6 2 15.150 13.895 14.443 12.214
142 6 2 15.244 13.832 14.537 12.151
143 6 2 15.369 13.759 14.662 12.078
144 6 2 15.462 13.696 14.756 12.015
145 6 2 15.577 13.654 14.871 11.973
146 6 2 15.660 13.601 14.954 11.921
147 6 2 15.775 13.538 15.069 11.858
148 6 2 15.868 13.476 15.162 11.795
149 6 2 15.993 13.444 15.288 11.763
150 6 2 16.108 13.402 15.402 11.721
151 6 2 16.222 13.360 15.517 11.679
152 6 2 16.326 13.307 15.621 11.627
153 6 2 16.441 13.244 15.736 11.564
154 6 2 16.534 13.202 15.829 11.522
155 6 2 16.659 13.170 15.954 11.491
156 6 2 16.753 13.128 16.048 11.449
157 6 2 16.867 13.086 16.162 11.407
158 6 2 16.971 13.034 16.266 11.355
159 6 2 17.085 12.992 16.381 11.313
160 6 2 17.179 12.950 16.475 11.271
161 6 2 17.303 12.918 16.599 11.239
162 6 2 17.418 12.876 15.717 12.229
163 6 2 17.615 12.813 15.915 12.166
164 6 2 17.802 12.740 16.103 12.093
165 6 2 17.989 12.708 16.290 12.061
166 6 2 18.186 12.655 16.488 12.008
167 6 2 18.383 12.571 16.685 11.924
168 6 2 18.560 12.529 16.862 11.882
169 6 2 18.746 12.466 17.049 11.819
170 6 2 18.933 12.413 17.237 11.767
171 6 2 19.120 12.371 17.424 11.724
172 6 2 19.317 12.298 17.621 11.651
173 6 2 19.534 12.245 17.839 11.598
174 6 2 19.721 12.203 18.026 11.556
175 6 2 19.917 12.181 18.224 11.535
176 6 2 21.126 11.349 19.435 10.701
177 6 2 20.187 12.097 18.493 11.451
178 6 2 20.352 12.055 18.659 11.409
179 6 2 20.528 12.044 18.836 11.398
180 6 2 20.704 12.023 19.012 11.376
181 6 2 20.890 11.970 19.199 11.324
182 6 2 21.097 11.897 19.406 11.251
183 6 2 21.283 11.855 19.592 11.209
184 6 2 21.448 11.865 19.758 11.219
185 6 2 21.624 11.792 19.934 11.145
186 6 2 21.799 11.750 20.110 11.103
187 6 2 21.964 11.728 20.276 11.082
188 6 2 23.437 10.845 21.752 10.198
189 6 2 22.212 11.655 20.524 11.009
190 6 2 22.325 11.624 20.638 10.978
191 6 2 22.418 11.613 20.731 10.967
192 6 2 20.156 12.274 19.455 10.598
193 6 2 22.232 11.469 20.441 10.812
194 6 2 22.408 11.665 20.471 10.678
195 6 2 22.428 11.437 20.637 10.760
196 6 2 22.521 11.458 20.720 10.791
197 6 2 22.758 11.446 20.855 10.791
198 6 2 22.717 11.478 21.134 10.769
199 6 2 22.872 11.415 21.185 10.759
200 6 2 23.160 11.424 21.268 10.727
201 6 2 23.088 11.435 21.320 10.758
202 6 2 23.305 11.383 21.465 10.737
203 6 2 23.511 11.568 21.537 10.613
204 6 2 23.758 11.391 21.650 10.685
205 6 2 23.799 11.371 21.816 10.643
206 6 2 23.737 11.340 21.971 10.673
207 6 2 24.118 11.277 22.043 10.622
208 6 2 24.108 11.225 22.167 10.663
209 6 2 24.221 11.256 22.342 10.641
210 6 2 24.180 11.297 22.373 10.652
211 6 2 24.417 11.245 22.539 10.672
212 6 2 24.869 11.243 22.662 10.641
213 6 2 24.622 11.275 22.807 10.650
214 6 2 24.766 11.254 22.951 10.629
215 6 2 24.951 11.212 23.023 10.639
216 6 2 25.075 11.201 23.168 10.629
217 6 2 25.013 11.243 23.199 10.639
218 6 2 25.136 11.222 23.322 10.618
219 6 2 25.260 11.221 23.446 10.618
220 6 2 25.393 11.221 23.580 10.617
221 6 2 25.517 11.210 23.704 10.607
223 6 2 25.773 11.199 23.961 10.596
224 6 2 25.876 11.209 24.064 10.606
225 6 2 26.328 11.207 24.177 10.595
226 6 2 26.143 11.208 24.332 10.605
227 6 2 26.738 11.206 24.538 10.594
228 6 2 26.502 11.207 24.682 10.604
229 6 2 26.912 11.216 24.723 10.583
230 6 2 26.728 11.216 24.898 10.614
231 6 2 26.861 11.226 25.031 10.623
232 6 2 26.974 11.205 25.144 10.603
233 6 2 27.097 11.215 25.268 10.613
234 6 2 27.220 11.204 25.391 10.602
235 6 2 27.353 11.225 25.525 10.622
236 6 2 27.445 11.245 25.699 10.560
237 6 2 27.875 11.223 25.781 10.580
238 6 2 27.722 11.213 25.905 10.611
239 6 2 27.875 11.243 25.935 10.580
240 6 2 27.927 11.284 25.997 10.600
241 6 2 28.223 11.283 26.079 10.631
242 6 2 28.387 11.345 26.243 10.610
243 6 2 28.480 11.396 26.479 10.619
244 6 2 28.377 11.314 26.562 10.712
245 6 2 28.500 11.334 26.685 10.732
246 6 2 28.909 11.312 27.095 10.710
247 6 2 28.899 11.394 26.951 10.680
248 6 2 28.837 11.353 27.023 10.752
249 6 2 28.766 11.354 26.952 10.752
250 6 2 20.084 12.295 19.383 10.619
251 6 2 20.104 12.294 19.403 10.619
252 6 2 20.084 12.295 19.383 10.619
253 6 2 20.104 12.305 19.404 10.629
89 6 2 12.009 18.684 11.193 16.825
90 6 2 12.008 18.528 11.182 16.710
222 6 2 25.640 11.199 23.827 10.596
