0 0 2 33.632 11.118 31.751 10.187
1 0 2 33.690 11.153 31.716 10.175
2 0 2 33.655 11.141 31.682 10.164
3 0 2 33.644 11.153 31.670 10.176
4 0 2 33.586 11.141 31.612 10.164
5 0 2 33.552 11.153 31.578 10.176
6 0 2 33.517 11.142 31.543 10.164
7 0 2 33.483 11.130 31.509 10.153
8 0 2 33.448 11.119 31.474 10.141
9 0 2 33.414 11.130 31.439 10.153
10 0 2 33.379 11.119 31.405 10.142
11 0 2 33.344 11.131 31.370 10.153
12 0 2 33.310 11.119 31.336 10.142
13 0 2 33.275 11.131 31.301 10.153
14 0 2 33.218 11.120 31.243 10.142
15 0 2 33.206 11.108 31.232 10.130
16 0 2 33.149 11.097 31.174 10.119
17 0 2 33.137 11.108 31.163 10.131
18 0 2 33.079 11.097 31.105 10.119
19 0 2 33.045 11.108 31.070 10.131
20 0 2 33.010 11.097 31.036 10.119
21 0 2 32.976 11.109 31.001 10.131
22 0 2 32.918 11.097 30.943 10.120
23 0 2 32.884 11.109 30.909 10.131
24 0 2 32.826 11.098 30.851 10.120
25 0 2 32.792 11.109 30.816 10.132
26 0 2 32.757 11.121 30.782 10.143
27 0 2 32.723 11.133 30.747 10.155
28 0 2 32.665 11.121 30.690 10.143
29 0 2 32.607 11.133 30.632 10.155
30 0 2 32.550 11.122 30.574 10.144
31 0 2 32.515 11.133 30.540 10.155
32 0 2 32.458 11.145 30.482 10.167
33 0 2 32.400 11.157 30.424 10.179
34 0 2 32.342 11.145 30.366 10.167
35 0 2 32.285 11.157 30.309 10.179
36 0 2 32.227 11.146 30.251 10.168
37 0 2 32.193 11.157 30.216 10.179
38 0 2 32.112 11.146 30.135 10.168
39 0 2 32.077 11.158 30.101 10.180
40 0 2 31.997 11.146 30.020 10.168
41 0 2 31.962 11.158 29.985 10.180
42 0 2 31.881 11.147 29.904 10.169
43 0 2 31.847 11.159 29.870 10.180
44 0 2 31.766 11.147 29.789 10.169
45 0 2 31.731 11.159 29.754 10.181
46 0 2 31.651 11.148 29.673 10.169
47 0 2 31.593 11.159 29.616 10.181
48 0 2 31.535 11.148 29.558 10.170
49 0 2 31.478 11.160 29.500 10.181
50 0 2 31.397 11.148 29.419 10.170
51 0 2 31.339 11.160 29.362 10.182
52 0 2 31.282 11.149 29.304 10.170
53 0 2 31.224 11.160 29.246 10.182
54 0 2 31.143 11.149 29.165 10.171
55 0 2 31.085 11.161 29.107 10.182
56 0 2 31.005 11.150 29.026 10.171
57 0 2 30.947 11.138 28.968 10.160
58 0 2 30.866 11.127 28.887 10.148
59 0 2 30.808 11.139 28.830 10.160
60 0 2 30.704 11.104 28.726 10.125
61 0 2 30.647 11.116 28.668 10.137
62 0 2 30.566 11.105 28.587 10.126
63 0 2 30.508 11.093 28.529 10.114
64 0 2 30.404 11.082 28.425 10.103
65 0 2 30.346 11.094 28.367 10.115
66 0 2 30.266 11.059 28.286 10.080
67 0 2 30.208 11.071 28.228 10.092
68 0 2 30.127 11.060 28.147 10.081
69 0 2 30.046 11.072 28.066 10.092
70 0 2 29.965 11.060 27.985 10.081
71 0 2 29.884 11.049 27.904 10.070
72 0 2 29.803 11.038 27.823 10.058
73 0 2 29.723 11.049 27.742 10.070
74 0 2 29.642 11.038 27.661 10.059
75 0 2 29.561 11.027 27.580 10.047
76 0 2 29.480 11.015 27.499 10.036
77 0 2 29.399 11.027 27.418 10.048
78 0 2 29.318 11.016 27.337 10.036
79 0 2 29.237 11.005 27.256 10.025
80 0 2 29.156 10.993 27.175 10.014
81 0 2 29.075 11.005 27.094 10.025
82 0 2 28.971 10.994 26.989 10.014
83 0 2 28.913 10.982 26.931 10.003
84 0 2 28.809 10.971 26.827 9.991
85 0 2 28.751 10.983 26.769 10.003
86 0 2 28.647 10.972 26.665 9.992
87 0 2 28.589 10.983 26.607 10.003
88 0 2 28.485 10.972 26.503 9.992
89 0 2 28.404 10.984 26.422 10.004
90 0 2 28.323 10.973 26.340 9.993
91 0 2 28.242 10.984 26.259 10.004
92 0 2 28.138 10.973 26.155 9.993
93 0 2 28.057 10.985 26.074 10.005
94 0 2 27.976 10.974 25.993 9.993
95 0 2 27.895 10.985 25.911 10.005
96 0 2 27.791 10.974 25.807 9.994
97 0 2 27.710 10.986 25.726 10.006
98 0 2 27.606 10.975 25.622 9.994
99 0 2 27.525 10.987 25.540 10.006
100 0 2 27.421 10.975 25.436 9.995
101 0 2 27.339 10.987 25.355 10.007
102 0 2 27.258 10.976 25.274 9.995
103 0 2 27.177 10.988 25.192 10.007
104 0 2 27.073 10.976 25.088 9.996
105 0 2 26.992 10.988 25.007 10.008
106 0 2 26.888 10.977 24.902 9.996
107 0 2 26.807 10.989 24.821 10.008
108 0 2 26.702 10.977 24.716 9.997
109 0 2 26.621 10.989 24.635 10.009
110 0 2 26.517 11.001 24.531 10.020
111 0 2 26.436 11.013 24.450 10.032
112 0 2 26.332 11.002 24.345 10.021
113 0 2 26.250 11.014 24.264 10.033
114 0 2 26.146 11.002 24.159 10.021
115 0 2 26.065 11.014 24.078 10.033
116 0 2 25.961 11.026 23.973 10.045
117 0 2 25.879 11.038 23.892 10.057
118 0 2 25.775 11.027 23.787 10.046
119 0 2 25.694 11.039 23.706 10.057
120 0 2 25.589 11.051 23.602 10.069
121 0 2 25.508 11.062 23.520 10.081
122 0 2 25.404 11.051 23.416 10.070
123 0 2 25.323 11.063 23.334 10.082
124 0 2 25.241 11.075 23.253 10.093
125 0 2 25.160 11.087 23.172 10.105
126 0 2 25.056 11.075 23.067 10.094
127 0 2 24.975 11.087 22.986 10.106
128 0 2 24.870 11.099 22.881 10.118
129 0 2 24.789 11.111 22.800 10.129
130 0 2 24.684 11.100 22.695 10.118
131 0 2 24.603 11.112 22.613 10.130
132 0 2 24.499 11.124 22.509 10.142
133 0 2 24.417 11.135 22.427 10.154
134 0 2 24.313 11.124 22.323 10.142
135 0 2 24.231 11.136 22.241 10.154
136 0 2 24.127 11.148 22.136 10.166
137 0 2 24.046 11.160 22.055 10.178
138 0 2 23.941 11.149 21.950 10.167
139 0 2 23.860 11.160 21.869 10.178
140 0 2 23.755 11.172 21.764 10.190
141 0 2 23.674 11.184 21.683 10.202
142 0 2 23.569 11.173 21.578 10.191
143 0 2 23.488 11.185 21.496 10.203
144 0 2 23.383 11.174 21.391 10.191
145 0 2 23.302 11.209 21.310 10.226
146 0 2 23.174 11.197 21.182 10.215
147 0 2 23.093 11.209 21.100 10.227
148 0 2 22.988 11.221 20.995 10.239
149 0 2 22.907 11.233 20.914 10.251
150 0 2 22.802 11.222 20.809 10.239
151 0 2 22.697 11.234 20.704 10.251
152 0 2 22.592 11.246 20.599 10.263
153 0 2 22.511 11.258 20.518 10.275
154 0 2 22.406 11.270 20.413 10.287
155 0 2 22.325 11.281 20.331 10.299
156 0 2 22.220 11.293 20.226 10.311
157 0 2 22.139 11.305 20.145 10.323
158 0 2 22.034 11.317 20.040 10.334
159 0 2 21.953 11.329 19.958 10.346
160 0 2 21.848 11.341 19.853 10.358
161 0 2 21.766 11.353 19.771 10.370
162 0 2 21.661 11.365 19.667 10.382
163 0 2 21.580 11.377 19.585 10.394
164 0 2 21.452 11.389 19.457 10.406
165 0 2 21.370 11.401 19.375 10.418
166 0 2 21.265 11.390 19.270 10.406
167 0 2 21.184 11.425 19.188 10.442
168 0 2 21.079 11.413 19.083 10.430
169 0 2 20.998 11.425 19.001 10.442
170 0 2 20.893 11.437 18.896 10.454
171 0 2 20.811 11.449 18.815 10.466
172 0 2 20.706 11.438 18.710 10.455
173 0 2 20.625 11.473 18.628 10.490
174 0 2 20.520 11.462 18.523 10.478
175 0 2 20.438 11.474 18.441 10.490
176 0 2 20.333 11.486 18.336 10.502
177 0 2 20.252 11.498 18.254 10.514
178 0 2 20.147 11.510 18.149 10.526
179 0 2 20.065 11.521 18.067 10.538
180 0 2 19.960 11.533 17.962 10.550
181 0 2 19.878 11.569 17.880 10.585
182 0 2 19.773 11.557 17.775 10.574
183 0 2 19.692 11.593 17.693 10.609
184 0 2 19.587 11.605 17.588 10.621
185 0 2 19.505 11.616 17.506 10.633
186 0 2 19.400 11.628 17.401 10.645
187 0 2 19.318 11.664 17.319 10.680
188 0 2 19.213 11.652 17.214 10.668
189 0 2 19.132 11.688 17.132 10.704
190 0 2 19.027 11.700 17.027 10.716
191 0 2 18.968 11.711 16.968 10.727
192 0 2 18.863 11.723 16.863 10.739
193 0 2 18.781 11.759 16.781 10.775
194 0 2 18.676 11.771 16.676 10.787
195 0 2 18.595 11.783 16.594 10.798
196 0 2 18.489 11.795 16.489 10.810
197 0 2 18.408 11.830 16.407 10.846
198 0 2 18.302 11.725 16.548 11.067
199 0 2 18.337 11.737 16.489 11.044
200 0 2 18.256 11.760 16.407 11.067
201 0 2 18.151 11.761 16.302 11.067
202 0 2 18.069 11.784 16.220 11.091
203 0 2 17.964 11.808 16.114 11.115
204 0 2 17.882 11.808 16.032 11.115
205 0 2 17.800 11.832 15.951 11.139
206 0 2 17.718 11.879 15.869 11.185
207 0 2 17.613 11.902 15.763 11.209
208 0 2 17.531 11.903 15.681 11.209
209 0 2 17.449 11.926 15.599 11.233
210 0 2 17.368 11.973 15.517 11.280
211 0 2 17.262 11.997 15.412 11.303
212 0 2 17.204 12.020 15.353 11.327
213 0 2 17.099 12.067 15.248 11.374
214 0 2 17.040 12.091 15.189 11.398
215 0 2 16.935 12.115 15.084 11.421
216 0 2 16.783 12.232 15.049 11.526
217 0 2 16.818 12.243 14.990 11.492
218 0 2 16.736 12.267 14.908 11.515
219 0 2 16.678 12.314 14.849 11.562
220 0 2 16.572 12.361 14.744 11.609
221 0 2 16.514 12.384 14.685 11.633
222 0 2 16.432 12.431 14.603 11.680
223 0 2 16.350 12.478 14.521 11.726
224 0 2 16.268 12.525 14.439 11.773
225 0 2 16.210 12.572 14.381 11.820
226 0 2 16.128 12.619 14.299 11.867
227 0 2 16.069 12.666 14.240 11.914
228 0 2 15.987 12.713 14.158 11.961
229 0 2 15.929 12.760 14.099 12.008
230 0 2 15.847 12.807 14.017 12.055
231 0 2 15.788 12.877 13.958 12.125
232 0 2 15.706 12.924 13.876 12.172
233 0 2 15.648 12.971 13.818 12.219
234 0 2 15.285 13.171 13.818 12.196
235 0 2 15.320 13.194 13.771 12.161
236 0 2 15.249 13.253 13.700 12.220
237 0 2 15.203 13.311 13.653 12.278
238 0 2 15.132 13.370 13.583 12.337
239 0 2 15.085 13.452 13.536 12.419
240 0 2 15.015 13.487 13.466 12.454
241 0 2 14.968 13.569 13.419 12.536
242 0 2 14.921 13.628 13.372 12.595
243 0 2 14.570 13.851 13.395 12.723
244 0 2 14.593 13.875 13.348 12.688
245 0 2 14.535 13.945 13.290 12.759
246 0 2 14.476 13.992 13.231 12.806
247 0 2 14.441 14.062 13.196 12.876
248 0 2 14.382 14.133 13.137 12.946
249 0 2 14.347 14.203 13.102 13.016
250 0 2 14.288 14.273 13.043 13.087
251 0 2 14.253 14.343 13.008 13.157
252 0 2 14.148 14.449 12.984 13.262
253 0 2 14.171 14.472 12.937 13.216
254 0 2 14.124 14.531 12.890 13.274
255 0 2 14.101 14.613 12.867 13.356
256 0 2 14.054 14.695 12.820 13.438
257 0 2 14.030 14.777 12.797 13.520
258 0 2 13.984 14.836 12.750 13.579
259 0 2 13.960 14.917 12.726 13.661
260 0 2 13.937 14.976 12.703 13.719
261 0 2 13.855 15.292 12.867 13.871
262 0 2 13.878 15.327 12.832 13.824
263 0 2 13.843 15.409 12.797 13.906
264 0 2 13.831 15.491 12.785 13.988
265 0 2 13.796 15.550 12.750 14.046
266 0 2 13.784 15.655 12.738 14.152
267 0 2 13.749 15.714 12.703 14.210
268 0 2 13.738 15.819 12.691 14.316
269 0 2 13.702 15.877 12.656 14.374
270 0 2 13.573 15.972 12.703 14.409
271 0 2 13.585 16.007 12.668 14.363
272 0 2 13.573 16.089 12.656 14.444
273 0 2 13.538 16.171 12.621 14.526
274 0 2 13.526 16.253 12.609 14.608
275 0 2 13.491 16.335 12.574 14.690
276 0 2 13.479 16.417 12.562 14.772
277 0 2 13.444 16.499 12.527 14.854
278 0 2 13.433 16.581 12.515 14.936
279 0 2 13.280 16.582 12.421 15.241
280 0 2 13.292 16.605 12.386 15.194
281 0 2 13.268 16.675 12.362 15.265
282 0 2 13.245 16.769 12.339 15.358
283 0 2 13.245 16.863 12.339 15.452
284 0 2 13.221 16.933 12.315 15.522
285 0 2 13.198 17.027 12.292 15.616
286 0 2 13.198 17.120 12.292 15.710
287 0 2 13.174 17.191 12.268 15.780
288 0 2 13.127 17.507 12.257 16.143
289 0 2 13.139 17.530 12.221 16.096
290 0 2 13.127 17.624 12.210 16.190
291 0 2 13.092 17.694 12.174 16.260
292 0 2 13.104 17.788 12.186 16.354
293 0 2 13.069 17.882 12.151 16.448
294 0 2 13.081 17.952 12.163 16.518
295 0 2 13.069 18.046 12.151 16.611
296 0 2 13.057 18.139 12.139 16.705
297 0 2 13.045 18.139 12.222 16.728
298 0 2 13.057 18.174 12.186 16.681
299 0 2 13.045 18.268 12.175 16.775
300 0 2 13.057 18.362 12.186 16.869
301 0 2 13.046 18.432 12.175 16.939
302 0 2 13.034 18.526 12.163 17.033
303 0 2 13.022 18.620 12.151 17.127
304 0 2 13.010 18.713 12.139 17.220
305 0 2 12.999 18.784 12.128 17.291
306 0 2 13.034 18.924 12.163 17.501
307 0 2 13.046 18.959 12.128 17.454
308 0 2 13.034 19.041 12.116 17.537
309 0 2 13.022 19.146 12.104 17.642
310 0 2 13.011 19.205 12.092 17.701
311 0 2 12.999 19.311 12.081 17.806
312 0 2 13.011 19.392 12.093 17.888
313 0 2 12.999 19.498 12.081 17.993
314 0 2 12.987 19.557 12.069 18.052
315 0 2 12.999 19.721 12.057 18.404
316 0 2 13.023 19.744 12.022 18.357
317 0 2 13.011 19.838 12.010 18.451
318 0 2 12.999 19.908 11.999 18.521
319 0 2 13.011 20.025 12.010 18.638
320 0 2 12.999 20.095 11.999 18.708
321 0 2 12.988 20.213 11.987 18.826
322 0 2 12.976 20.283 11.975 18.896
323 0 2 12.964 20.377 11.963 18.990
324 0 2 12.964 20.857 12.116 18.649
325 0 2 12.976 20.904 12.081 18.579
326 0 2 12.964 20.998 12.069 18.673
327 0 2 12.976 21.068 12.081 18.743
328 0 2 12.964 21.162 12.069 18.837
329 0 2 12.953 21.256 12.057 18.931
330 0 2 12.941 21.349 12.046 19.024
331 0 2 12.953 21.420 12.058 19.095
332 0 2 12.941 21.514 12.046 19.188
333 0 2 12.929 21.607 12.034 19.282
334 0 2 12.918 21.701 12.022 19.376
335 0 2 12.929 21.795 12.034 19.470
336 0 2 12.918 21.865 12.022 19.540
337 0 2 12.929 21.959 12.034 19.634
338 0 2 12.918 22.053 12.022 19.728
339 0 2 12.906 22.147 12.011 19.821
340 0 2 12.894 22.241 11.999 19.915
341 0 2 12.906 22.311 12.011 19.986
342 0 2 12.859 22.065 12.023 20.595
343 0 2 12.871 22.100 11.987 20.548
344 0 2 12.871 22.182 11.987 20.630
345 0 2 12.871 22.288 11.987 20.736
346 0 2 12.871 22.370 11.987 20.818
347 0 2 12.871 22.475 11.987 20.923
348 0 2 12.871 22.534 11.987 20.982
349 0 2 12.871 22.640 11.987 21.088
350 0 2 12.871 22.722 11.987 21.170
351 0 2 12.847 22.851 11.988 21.463
352 0 2 12.859 22.874 11.952 21.404
353 0 2 12.859 22.968 11.952 21.498
354 0 2 12.859 23.038 11.952 21.569
355 0 2 12.859 23.109 11.952 21.639
356 0 2 12.859 23.226 11.952 21.756
357 0 2 12.859 23.296 11.952 21.827
358 0 2 12.859 23.414 11.952 21.944
359 0 2 12.859 23.484 11.952 22.014
360 0 2 12.860 23.754 12.035 22.166
361 0 2 12.871 23.789 11.999 22.119
362 0 2 12.883 23.871 12.011 22.201
363 0 2 12.895 23.953 12.023 22.283
364 0 2 12.883 24.059 12.011 22.389
365 0 2 12.895 24.141 12.023 22.471
366 0 2 12.883 24.246 12.011 22.577
367 0 2 12.895 24.328 12.023 22.659
368 0 2 12.883 24.410 12.011 22.741
369 0 2 12.895 24.469 12.059 22.928
370 0 2 12.907 24.504 12.023 22.882
371 0 2 12.907 24.586 12.023 22.964
0 1 2 31.588 9.794 29.541 8.572
1 1 2 31.646 9.829 29.506 8.549
2 1 2 31.611 9.829 29.472 8.549
3 1 2 31.577 9.852 29.437 8.572
4 1 2 31.519 9.875 29.379 8.595
5 1 2 31.485 9.875 29.345 8.595
6 1 2 31.427 9.875 29.287 8.596
7 1 2 31.392 9.899 29.252 8.619
8 1 2 31.335 9.922 29.195 8.642
9 1 2 31.300 9.899 29.160 8.619
10 1 2 31.243 9.922 29.102 8.642
11 1 2 31.208 9.899 29.068 8.619
12 1 2 31.150 9.922 29.010 8.642
13 1 2 31.116 9.899 28.975 8.619
14 1 2 31.058 9.923 28.917 8.643
15 1 2 31.023 9.900 28.883 8.619
16 1 2 30.966 9.923 28.825 8.643
17 1 2 30.908 9.923 28.767 8.643
18 1 2 30.850 9.923 28.709 8.643
19 1 2 30.816 9.923 28.675 8.643
20 1 2 30.758 9.923 28.617 8.643
21 1 2 30.700 9.924 28.559 8.643
22 1 2 30.643 9.924 28.501 8.643
23 1 2 30.608 9.924 28.467 8.643
24 1 2 30.550 9.901 28.409 8.620
25 1 2 30.516 9.924 28.374 8.644
26 1 2 30.458 9.901 28.316 8.621
27 1 2 30.400 9.924 28.258 8.644
28 1 2 30.342 9.901 28.200 8.621
29 1 2 30.285 9.901 28.143 8.621
30 1 2 30.227 9.902 28.085 8.621
31 1 2 30.169 9.902 28.027 8.621
32 1 2 30.111 9.902 27.969 8.621
33 1 2 30.054 9.902 27.911 8.621
34 1 2 29.973 9.902 27.830 8.621
35 1 2 29.915 9.902 27.772 8.622
36 1 2 29.834 9.903 27.691 8.622
37 1 2 29.754 9.926 27.611 8.645
38 1 2 29.673 9.903 27.529 8.622
39 1 2 29.615 9.926 27.472 8.645
40 1 2 29.534 9.903 27.391 8.622
41 1 2 29.476 9.927 27.333 8.646
42 1 2 29.395 9.927 27.252 8.646
43 1 2 29.338 9.927 27.194 8.646
44 1 2 29.257 9.950 27.113 8.669
45 1 2 29.199 9.974 27.055 8.692
46 1 2 29.118 9.974 26.974 8.693
47 1 2 29.060 9.974 26.916 8.693
48 1 2 28.979 9.974 26.835 8.693
49 1 2 28.899 9.974 26.754 8.693
50 1 2 28.818 9.975 26.673 8.693
51 1 2 28.760 9.975 26.615 8.693
52 1 2 28.656 9.975 26.511 8.694
53 1 2 28.598 9.975 26.453 8.694
54 1 2 28.517 9.975 26.372 8.694
55 1 2 28.436 9.952 26.290 8.671
56 1 2 28.355 9.976 26.209 8.694
57 1 2 28.274 9.953 26.128 8.671
58 1 2 28.193 9.976 26.047 8.694
59 1 2 28.135 9.953 25.989 8.671
60 1 2 28.054 9.953 25.908 8.671
61 1 2 27.973 9.954 25.827 8.672
62 1 2 27.892 9.954 25.746 8.672
63 1 2 27.834 9.931 25.688 8.649
64 1 2 27.776 9.908 25.630 8.626
65 1 2 27.718 9.908 25.572 8.626
66 1 2 27.637 9.908 25.490 8.626
67 1 2 27.579 9.908 25.432 8.626
68 1 2 27.498 9.908 25.351 8.626
69 1 2 27.417 9.909 25.270 8.626
70 1 2 27.336 9.909 25.189 8.626
71 1 2 27.255 9.909 25.108 8.627
72 1 2 27.174 9.909 25.026 8.627
73 1 2 27.093 9.909 24.945 8.627
74 1 2 27.012 9.910 24.864 8.627
75 1 2 26.931 9.910 24.783 8.627
76 1 2 26.850 9.910 24.701 8.627
77 1 2 26.769 9.933 24.620 8.651
78 1 2 26.688 9.911 24.539 8.628
79 1 2 26.607 9.934 24.458 8.651
80 1 2 26.502 9.934 24.353 8.651
81 1 2 26.444 9.934 24.295 8.651
82 1 2 26.340 9.935 24.191 8.652
83 1 2 26.259 9.935 24.109 8.652
84 1 2 26.178 9.958 24.028 8.675
85 1 2 26.097 9.982 23.947 8.698
86 1 2 26.016 9.959 23.866 8.675
87 1 2 25.935 9.982 23.784 8.699
88 1 2 25.830 9.959 23.680 8.676
89 1 2 25.772 9.982 23.622 8.699
90 1 2 25.668 9.983 23.517 8.699
91 1 2 25.587 9.983 23.436 8.699
92 1 2 25.505 9.983 23.354 8.700
93 1 2 25.424 9.983 23.273 8.700
94 1 2 25.320 10.007 23.169 8.723
95 1 2 25.262 10.030 23.110 8.747
96 1 2 25.158 10.007 23.006 8.724
97 1 2 25.076 10.031 22.924 8.747
98 1 2 24.995 10.008 22.843 8.724
99 1 2 24.914 10.031 22.762 8.747
100 1 2 24.833 10.008 22.680 8.724
101 1 2 24.775 10.008 22.622 8.724
102 1 2 24.693 10.008 22.541 8.724
103 1 2 24.612 10.009 22.459 8.725
104 1 2 24.531 9.986 22.378 8.701
105 1 2 24.449 9.963 22.296 8.678
106 1 2 24.345 9.986 22.192 8.702
107 1 2 24.287 9.963 22.133 8.679
108 1 2 24.182 9.963 22.029 8.679
109 1 2 24.101 9.963 21.947 8.679
110 1 2 23.996 9.964 21.843 8.679
111 1 2 23.892 9.964 21.738 8.679
112 1 2 23.811 9.964 21.656 8.680
113 1 2 23.729 9.964 21.575 8.680
114 1 2 23.625 9.965 21.470 8.680
115 1 2 23.543 9.965 21.389 8.680
116 1 2 23.439 9.965 21.284 8.680
117 1 2 23.357 9.989 21.202 8.704
118 1 2 23.253 9.966 21.097 8.681
119 1 2 23.171 9.989 21.016 8.704
120 1 2 23.067 9.966 20.911 8.681
121 1 2 22.985 9.990 20.830 8.704
122 1 2 22.904 9.990 20.748 8.705
123 1 2 22.822 9.990 20.666 8.705
124 1 2 22.718 9.990 20.562 8.705
125 1 2 22.636 10.014 20.480 8.728
126 1 2 22.555 10.037 20.398 8.752
127 1 2 22.474 10.014 20.317 8.729
128 1 2 22.392 10.038 20.235 8.752
129 1 2 22.311 10.038 20.154 8.752
130 1 2 22.229 10.038 20.072 8.752
131 1 2 22.148 10.061 19.991 8.776
132 1 2 22.066 10.085 19.909 8.799
133 1 2 21.985 10.062 19.827 8.776
134 1 2 21.880 10.085 19.722 8.800
135 1 2 21.822 10.086 19.664 8.800
136 1 2 21.717 10.086 19.559 8.800
137 1 2 21.636 10.086 19.477 8.800
138 1 2 21.554 10.086 19.396 8.800
139 1 2 21.473 10.086 19.314 8.800
140 1 2 21.368 10.087 19.209 8.801
141 1 2 21.286 10.087 19.127 8.801
142 1 2 21.205 10.110 19.046 8.824
143 1 2 21.123 10.134 18.964 8.848
144 1 2 21.018 10.111 18.859 8.825
145 1 2 20.937 10.134 18.777 8.848
146 1 2 20.855 10.135 18.696 8.848
147 1 2 20.774 10.135 18.614 8.848
148 1 2 20.669 10.158 18.509 8.872
149 1 2 20.611 10.182 18.450 8.895
150 1 2 20.506 10.182 18.345 8.895
151 1 2 20.424 10.182 18.264 8.896
152 1 2 20.319 10.206 18.158 8.919
153 1 2 20.238 10.229 18.077 8.943
154 1 2 20.156 10.229 17.995 8.943
155 1 2 20.075 10.230 17.913 8.943
156 1 2 19.970 10.230 17.808 8.943
157 1 2 19.888 10.253 17.726 8.967
158 1 2 19.806 10.277 17.644 8.990
159 1 2 19.725 10.254 17.563 8.967
160 1 2 19.620 10.277 17.457 8.990
161 1 2 19.561 10.278 17.399 8.991
162 1 2 19.456 10.278 17.294 8.991
163 1 2 19.375 10.278 17.212 8.991
164 1 2 19.270 10.302 17.107 9.014
165 1 2 19.188 10.325 17.025 9.038
166 1 2 19.106 10.302 16.943 9.015
167 1 2 19.025 10.326 16.861 9.038
168 1 2 18.920 10.326 16.756 9.038
169 1 2 18.861 10.349 16.697 9.062
170 1 2 18.756 10.373 16.592 9.085
171 1 2 18.674 10.350 16.510 9.062
172 1 2 18.593 10.397 16.428 9.109
173 1 2 18.511 10.397 16.347 9.109
174 1 2 18.429 10.420 16.265 9.133
175 1 2 18.347 10.421 16.183 9.133
176 1 2 18.242 10.444 16.077 9.156
177 1 2 18.184 10.491 16.019 9.203
178 1 2 18.079 10.515 15.914 9.227
179 1 2 18.020 10.515 15.855 9.227
180 1 2 17.915 10.515 15.750 9.227
181 1 2 17.833 10.539 15.668 9.251
182 1 2 17.728 10.585 15.562 9.297
183 1 2 17.670 10.609 15.504 9.321
184 1 2 17.565 10.586 15.398 9.298
185 1 2 17.483 10.633 15.316 9.345
186 1 2 17.378 10.656 15.211 9.368
187 1 2 17.319 10.656 15.152 9.368
188 1 2 17.214 10.680 15.047 9.392
189 1 2 17.132 10.727 14.965 9.439
190 1 2 17.027 10.751 14.860 9.462
191 1 2 16.945 10.774 14.778 9.486
192 1 2 16.840 10.821 14.672 9.533
193 1 2 16.758 10.845 14.590 9.556
194 1 2 16.676 10.868 14.508 9.580
195 1 2 16.594 10.915 14.426 9.627
196 1 2 16.489 10.939 14.321 9.650
197 1 2 16.407 10.962 14.238 9.674
198 1 2 16.325 11.009 14.156 9.720
199 1 2 16.243 11.056 14.074 9.767
200 1 2 16.161 11.103 13.992 9.814
201 1 2 16.079 11.126 13.910 9.838
202 1 2 15.997 11.150 13.828 9.861
203 1 2 15.915 11.220 13.746 9.932
204 1 2 15.834 11.244 13.664 9.955
205 1 2 15.752 11.314 13.582 10.025
206 1 2 15.670 11.338 13.500 10.049
207 1 2 15.588 11.408 13.417 10.119
208 1 2 15.506 11.432 13.335 10.143
209 1 2 15.447 11.502 13.277 10.213
210 1 2 15.365 11.525 13.194 10.236
211 1 2 15.283 11.596 13.112 10.307
212 1 2 15.201 11.643 13.030 10.354
213 1 2 15.143 11.689 12.971 10.400
214 1 2 15.061 11.736 12.889 10.447
215 1 2 15.002 11.783 12.831 10.494
216 1 2 14.897 11.830 12.725 10.541
217 1 2 14.838 11.900 12.666 10.611
218 1 2 14.756 11.971 12.584 10.682
219 1 2 14.697 12.018 12.525 10.729
220 1 2 14.615 12.065 12.443 10.776
221 1 2 14.533 12.112 12.361 10.823
222 1 2 14.451 12.182 12.279 10.893
223 1 2 14.393 12.252 12.220 10.963
224 1 2 14.311 12.299 12.138 11.010
225 1 2 14.252 12.346 12.079 11.057
226 1 2 14.170 12.417 11.997 11.127
227 1 2 14.111 12.487 11.938 11.198
228 1 2 14.029 12.534 11.855 11.245
229 1 2 13.970 12.604 11.797 11.315
230 1 2 13.912 12.698 11.738 11.409
231 1 2 13.853 12.768 11.679 11.479
232 1 2 13.771 12.815 11.597 11.526
233 1 2 13.736 12.885 11.562 11.596
234 1 2 13.677 12.979 11.503 11.690
235 1 2 13.619 13.049 11.444 11.760
236 1 2 13.560 13.120 11.385 11.831
237 1 2 13.525 13.213 11.350 11.924
238 1 2 13.443 13.307 11.268 12.018
239 1 2 13.407 13.377 11.232 12.088
240 1 2 13.349 13.448 11.173 12.159
241 1 2 13.290 13.541 11.115 12.253
242 1 2 13.255 13.635 11.079 12.346
243 1 2 13.196 13.706 11.021 12.417
244 1 2 13.137 13.776 10.962 12.487
245 1 2 13.102 13.870 10.926 12.581
246 1 2 13.044 13.963 10.868 12.674
247 1 2 13.008 14.057 10.832 12.768
248 1 2 12.973 14.151 10.797 12.862
249 1 2 12.938 14.221 10.762 12.932
250 1 2 12.879 14.291 10.703 13.003
251 1 2 12.844 14.408 10.667 13.120
252 1 2 12.785 14.479 10.609 13.190
253 1 2 12.750 14.573 10.573 13.284
254 1 2 12.715 14.666 10.538 13.378
255 1 2 12.680 14.760 10.503 13.471
256 1 2 12.621 14.854 10.444 13.565
257 1 2 12.609 14.924 10.432 13.636
258 1 2 12.550 14.995 10.373 13.706
259 1 2 12.539 15.112 10.361 13.823
260 1 2 12.480 15.182 10.302 13.894
261 1 2 12.468 15.299 10.291 14.011
262 1 2 12.433 15.393 10.255 14.105
263 1 2 12.398 15.487 10.220 14.198
264 1 2 12.362 15.580 10.184 14.292
265 1 2 12.351 15.674 10.173 14.386
266 1 2 12.315 15.768 10.137 14.480
267 1 2 12.304 15.885 10.126 14.597
268 1 2 12.292 16.002 10.114 14.714
269 1 2 12.280 16.072 10.102 14.784
270 1 2 12.245 16.190 10.067 14.902
271 1 2 12.233 16.260 10.055 14.972
272 1 2 12.221 16.377 10.043 15.089
273 1 2 12.210 16.471 10.031 15.183
274 1 2 12.174 16.565 9.996 15.277
275 1 2 12.163 16.658 9.984 15.370
276 1 2 12.127 16.775 9.949 15.488
277 1 2 12.116 16.893 9.937 15.605
278 1 2 12.104 16.986 9.925 15.699
279 1 2 12.092 17.080 9.913 15.793
280 1 2 12.057 17.174 9.878 15.886
281 1 2 12.045 17.268 9.866 15.980
282 1 2 12.034 17.361 9.854 16.074
283 1 2 12.022 17.455 9.843 16.168
284 1 2 11.987 17.572 9.807 16.285
285 1 2 11.998 17.689 9.819 16.402
286 1 2 11.963 17.783 9.784 16.496
287 1 2 11.951 17.877 9.772 16.590
288 1 2 11.940 17.994 9.760 16.707
289 1 2 11.928 18.112 9.748 16.825
290 1 2 11.916 18.182 9.736 16.895
291 1 2 11.904 18.299 9.725 17.012
292 1 2 11.893 18.393 9.713 17.106
293 1 2 11.881 18.487 9.701 17.200
294 1 2 11.869 18.604 9.689 17.317
295 1 2 11.881 18.721 9.701 17.434
296 1 2 11.846 18.815 9.666 17.528
297 1 2 11.857 18.909 9.677 17.622
298 1 2 11.846 19.002 9.665 17.716
299 1 2 11.834 19.120 9.654 17.833
300 1 2 11.822 19.237 9.642 17.951
301 1 2 11.810 19.331 9.630 18.044
302 1 2 11.799 19.425 9.618 18.138
303 1 2 11.810 19.542 9.630 18.255
304 1 2 11.799 19.659 9.618 18.373
305 1 2 11.787 19.753 9.606 18.467
306 1 2 11.799 19.846 9.618 18.560
307 1 2 11.787 19.964 9.606 18.678
308 1 2 11.775 20.081 9.595 18.795
309 1 2 11.787 20.175 9.606 18.889
310 1 2 11.775 20.269 9.595 18.983
311 1 2 11.764 20.386 9.583 19.100
312 1 2 11.752 20.503 9.571 19.218
313 1 2 11.764 20.597 9.583 19.311
314 1 2 11.752 20.691 9.571 19.405
315 1 2 11.740 20.808 9.559 19.523
316 1 2 11.728 20.925 9.547 19.640
317 1 2 11.740 21.019 9.559 19.734
318 1 2 11.728 21.136 9.547 19.851
319 1 2 11.740 21.254 9.559 19.968
320 1 2 11.705 21.348 9.524 20.063
321 1 2 11.717 21.441 9.535 20.156
322 1 2 11.705 21.535 9.524 20.250
323 1 2 11.717 21.653 9.535 20.368
324 1 2 11.705 21.770 9.524 20.485
325 1 2 11.693 21.864 9.512 20.579
326 1 2 11.681 21.981 9.500 20.696
327 1 2 11.693 22.098 9.512 20.814
328 1 2 11.681 22.192 9.500 20.908
329 1 2 11.693 22.286 9.512 21.002
330 1 2 11.682 22.404 9.500 21.119
331 1 2 11.693 22.521 9.512 21.236
332 1 2 11.682 22.615 9.500 21.330
333 1 2 11.693 22.708 9.512 21.424
334 1 2 11.682 22.826 9.500 21.542
335 1 2 11.693 22.943 9.512 21.659
336 1 2 11.705 23.037 9.523 21.753
337 1 2 11.717 23.154 9.535 21.870
338 1 2 11.705 23.272 9.523 21.988
339 1 2 11.717 23.365 9.535 22.081
340 1 2 11.705 23.483 9.523 22.199
341 1 2 11.717 23.600 9.535 22.316
342 1 2 11.705 23.694 9.523 22.410
343 1 2 11.717 23.811 9.535 22.528
344 1 2 11.705 23.929 9.523 22.645
345 1 2 11.741 24.022 9.559 22.739
346 1 2 11.729 24.116 9.547 22.833
347 1 2 11.741 24.234 9.559 22.950
348 1 2 11.729 24.351 9.547 23.068
349 1 2 11.741 24.445 9.559 23.162
350 1 2 11.729 24.562 9.547 23.279
351 1 2 11.741 24.680 9.558 23.397
352 1 2 11.729 24.774 9.547 23.491
353 1 2 11.741 24.891 9.558 23.608
354 1 2 11.729 25.008 9.547 23.726
355 1 2 11.741 25.102 9.558 23.819
356 1 2 11.729 25.220 9.547 23.937
357 1 2 11.741 25.337 9.558 24.054
358 1 2 11.729 25.431 9.547 24.149
359 1 2 11.741 25.548 9.558 24.266
360 1 2 11.753 25.666 9.570 24.383
361 1 2 11.765 25.760 9.582 24.477
362 1 2 11.753 25.854 9.570 24.571
363 1 2 11.765 25.971 9.582 24.689
364 1 2 11.777 26.088 9.594 24.806
365 1 2 11.788 26.182 9.605 24.900
366 1 2 11.777 26.276 9.594 24.994
367 1 2 11.788 26.394 9.605 25.112
368 1 2 11.800 26.511 9.617 25.229
369 1 2 11.812 26.605 9.629 25.323
370 1 2 11.800 26.699 9.617 25.417
371 1 2 11.812 26.816 9.629 25.535
0 2 2 34.836 7.523 32.820 6.440
1 2 2 34.894 7.558 32.785 6.429
2 2 2 34.860 7.558 32.751 6.429
3 2 2 34.825 7.558 32.716 6.429
4 2 2 34.768 7.581 32.659 6.452
5 2 2 34.733 7.558 32.624 6.429
6 2 2 34.676 7.581 32.567 6.452
7 2 2 34.641 7.581 32.532 6.452
8 2 2 34.584 7.581 32.474 6.452
9 2 2 34.549 7.581 32.440 6.452
10 2 2 34.469 7.581 32.359 6.452
11 2 2 34.435 7.581 32.325 6.452
12 2 2 34.377 7.605 32.267 6.475
13 2 2 34.320 7.628 32.210 6.499
14 2 2 34.239 7.605 32.129 6.476
15 2 2 34.205 7.651 32.095 6.522
16 2 2 34.124 7.651 32.014 6.522
17 2 2 34.067 7.674 31.957 6.545
18 2 2 33.986 7.651 31.876 6.522
19 2 2 33.929 7.675 31.818 6.545
20 2 2 33.849 7.675 31.738 6.545
21 2 2 33.791 7.675 31.680 6.545
22 2 2 33.711 7.698 31.599 6.568
23 2 2 33.653 7.721 31.542 6.592
24 2 2 33.596 7.721 31.484 6.592
25 2 2 33.515 7.721 31.404 6.592
26 2 2 33.435 7.745 31.323 6.615
27 2 2 33.377 7.768 31.265 6.638
28 2 2 33.297 7.768 31.185 6.638
29 2 2 33.239 7.768 31.127 6.638
30 2 2 33.159 7.791 31.046 6.661
31 2 2 33.101 7.814 30.989 6.685
32 2 2 33.021 7.814 30.908 6.685
33 2 2 32.963 7.815 30.851 6.685
34 2 2 32.860 7.838 30.747 6.708
35 2 2 32.802 7.861 30.689 6.731
36 2 2 32.722 7.861 30.608 6.731
37 2 2 32.664 7.884 30.551 6.754
38 2 2 32.584 7.908 30.470 6.778
39 2 2 32.526 7.908 30.413 6.778
40 2 2 32.422 7.931 30.309 6.801
41 2 2 32.365 7.977 30.251 6.847
42 2 2 32.284 8.000 30.171 6.870
43 2 2 32.204 8.001 30.090 6.870
44 2 2 32.123 8.024 30.009 6.894
45 2 2 32.043 8.047 29.928 6.917
46 2 2 31.962 8.047 29.847 6.917
47 2 2 31.881 8.070 29.767 6.940
48 2 2 31.801 8.117 29.686 6.987
49 2 2 31.720 8.140 29.605 7.010
50 2 2 31.640 8.140 29.524 7.010
51 2 2 31.559 8.163 29.444 7.033
52 2 2 31.479 8.210 29.363 7.079
53 2 2 31.398 8.233 29.282 7.103
54 2 2 31.294 8.233 29.178 7.103
55 2 2 31.214 8.257 29.097 7.126
56 2 2 31.133 8.303 29.017 7.172
57 2 2 31.052 8.326 28.936 7.196
58 2 2 30.949 8.326 28.832 7.196
59 2 2 30.868 8.350 28.751 7.219
60 2 2 30.764 8.396 28.647 7.265
61 2 2 30.684 8.443 28.566 7.312
62 2 2 30.603 8.466 28.486 7.335
63 2 2 30.522 8.466 28.405 7.335
64 2 2 30.418 8.489 28.301 7.358
65 2 2 30.338 8.536 28.220 7.405
66 2 2 30.257 8.559 28.139 7.428
67 2 2 30.176 8.582 28.058 7.451
68 2 2 30.073 8.629 27.954 7.498
69 2 2 29.992 8.652 27.873 7.521
70 2 2 29.888 8.652 27.769 7.521
71 2 2 29.807 8.676 27.688 7.545
72 2 2 29.703 8.722 27.584 7.591
73 2 2 29.646 8.745 27.526 7.614
74 2 2 29.542 8.769 27.422 7.638
75 2 2 29.461 8.815 27.342 7.684
76 2 2 29.357 8.839 27.237 7.707
77 2 2 29.276 8.839 27.156 7.707
78 2 2 29.172 8.862 27.052 7.731
79 2 2 29.092 8.909 26.971 7.777
80 2 2 29.011 8.932 26.890 7.801
81 2 2 28.930 8.932 26.809 7.801
82 2 2 28.826 8.955 26.705 7.824
83 2 2 28.745 9.002 26.624 7.870
84 2 2 28.664 9.025 26.543 7.894
85 2 2 28.583 9.025 26.462 7.894
86 2 2 28.479 9.049 26.358 7.917
87 2 2 28.399 9.095 26.277 7.964
88 2 2 28.318 9.119 26.196 7.987
89 2 2 28.237 9.119 26.115 7.987
90 2 2 28.156 9.142 26.034 8.010
91 2 2 28.075 9.189 25.953 8.057
92 2 2 27.971 9.212 25.848 8.080
93 2 2 27.890 9.212 25.767 8.080
94 2 2 27.809 9.212 25.686 8.081
95 2 2 27.728 9.236 25.605 8.104
96 2 2 27.624 9.282 25.501 8.150
97 2 2 27.566 9.306 25.443 8.174
98 2 2 27.462 9.306 25.338 8.174
99 2 2 27.381 9.329 25.257 8.197
100 2 2 27.300 9.353 25.176 8.221
101 2 2 27.219 9.353 25.095 8.221
102 2 2 27.115 9.376 24.991 8.244
103 2 2 27.034 9.423 24.910 8.291
104 2 2 26.930 9.446 24.805 8.314
105 2 2 26.849 9.446 24.724 8.314
106 2 2 26.768 9.447 24.643 8.314
107 2 2 26.687 9.470 24.562 8.338
108 2 2 26.582 9.493 24.457 8.361
109 2 2 26.501 9.494 24.376 8.361
110 2 2 26.397 9.517 24.271 8.385
111 2 2 26.316 9.564 24.190 8.431
112 2 2 26.235 9.564 24.109 8.431
113 2 2 26.154 9.587 24.028 8.455
114 2 2 26.049 9.587 23.923 8.455
115 2 2 25.968 9.611 23.842 8.478
116 2 2 25.864 9.634 23.737 8.502
117 2 2 25.783 9.634 23.656 8.502
118 2 2 25.679 9.658 23.552 8.525
119 2 2 25.597 9.681 23.470 8.548
120 2 2 25.493 9.681 23.366 8.549
121 2 2 25.412 9.705 23.284 8.572
122 2 2 25.331 9.728 23.203 8.595
123 2 2 25.250 9.728 23.122 8.596
124 2 2 25.145 9.752 23.017 8.619
125 2 2 25.064 9.775 22.936 8.642
126 2 2 24.960 9.776 22.831 8.643
127 2 2 24.878 9.776 22.750 8.643
128 2 2 24.774 9.799 22.645 8.666
129 2 2 24.693 9.823 22.564 8.690
130 2 2 24.588 9.823 22.459 8.690
131 2 2 24.507 9.823 22.378 8.690
132 2 2 24.426 9.847 22.296 8.713
133 2 2 24.321 9.870 22.192 8.737
134 2 2 24.240 9.870 22.110 8.737
135 2 2 24.136 9.871 22.006 8.737
136 2 2 24.031 9.894 21.901 8.761
137 2 2 23.950 9.917 21.819 8.784
138 2 2 23.845 9.894 21.715 8.761
139 2 2 23.764 9.941 21.633 8.808
140 2 2 23.659 9.941 21.528 8.808
141 2 2 23.578 9.942 21.447 8.808
142 2 2 23.497 9.942 21.365 8.808
143 2 2 23.415 9.965 21.284 8.831
144 2 2 23.311 9.942 21.179 8.808
145 2 2 23.229 9.966 21.098 8.832
146 2 2 23.125 9.966 20.993 8.832
147 2 2 23.043 9.966 20.911 8.832
148 2 2 22.939 9.990 20.807 8.856
149 2 2 22.857 10.013 20.725 8.879
150 2 2 22.753 10.013 20.620 8.879
151 2 2 22.648 10.014 20.515 8.879
152 2 2 22.543 10.037 20.410 8.903
153 2 2 22.462 10.061 20.329 8.926
154 2 2 22.357 10.061 20.224 8.927
155 2 2 22.276 10.061 20.142 8.927
156 2 2 22.171 10.061 20.037 8.927
157 2 2 22.090 10.085 19.956 8.950
158 2 2 21.985 10.108 19.851 8.974
159 2 2 21.904 10.109 19.769 8.974
160 2 2 21.799 10.109 19.664 8.974
161 2 2 21.694 10.132 19.559 8.998
162 2 2 21.589 10.156 19.454 9.021
163 2 2 21.508 10.156 19.373 9.021
164 2 2 21.403 10.180 19.268 9.045
165 2 2 21.298 10.203 19.163 9.068
166 2 2 21.193 10.203 19.058 9.069
167 2 2 21.112 10.204 18.976 9.069
168 2 2 21.007 10.227 18.871 9.092
169 2 2 20.902 10.274 18.766 9.139
170 2 2 20.797 10.274 18.661 9.139
171 2 2 20.716 10.298 18.579 9.163
172 2 2 20.611 10.298 18.474 9.163
173 2 2 20.529 10.322 18.392 9.186
174 2 2 20.401 10.345 18.264 9.210
175 2 2 20.320 10.345 18.182 9.210
176 2 2 20.215 10.369 18.077 9.234
177 2 2 20.133 10.416 17.995 9.280
178 2 2 20.005 10.439 17.867 9.304
179 2 2 19.923 10.440 17.785 9.304
180 2 2 19.818 10.440 17.680 9.304
181 2 2 19.737 10.463 17.598 9.328
182 2 2 19.632 10.510 17.493 9.375
183 2 2 19.550 10.534 17.411 9.398
184 2 2 19.445 10.534 17.306 9.398
185 2 2 19.340 10.558 17.201 9.422
186 2 2 19.235 10.581 17.096 9.445
187 2 2 19.153 10.581 17.014 9.446
188 2 2 19.048 10.605 16.908 9.469
189 2 2 18.943 10.652 16.803 9.516
190 2 2 18.838 10.675 16.698 9.540
191 2 2 18.757 10.676 16.616 9.540
192 2 2 18.651 10.699 16.511 9.563
193 2 2 18.570 10.746 16.429 9.610
194 2 2 18.465 10.770 16.324 9.634
195 2 2 18.360 10.770 16.218 9.634
196 2 2 18.254 10.794 16.113 9.657
197 2 2 18.173 10.840 16.031 9.704
198 2 2 18.068 10.864 15.926 9.728
199 2 2 17.986 10.864 15.844 9.728
200 2 2 17.881 10.888 15.738 9.752
201 2 2 17.799 10.935 15.657 9.798
202 2 2 17.694 10.958 15.551 9.822
203 2 2 17.612 10.982 15.469 9.846
204 2 2 17.507 11.005 15.364 9.869
205 2 2 17.425 11.029 15.282 9.893
206 2 2 17.320 11.076 15.176 9.940
207 2 2 17.238 11.123 15.094 9.986
208 2 2 17.133 11.146 14.989 10.010
209 2 2 17.051 11.170 14.907 10.034
210 2 2 16.946 11.217 14.801 10.080
211 2 2 16.864 11.264 14.719 10.127
212 2 2 16.782 11.287 14.637 10.151
213 2 2 16.700 11.311 14.555 10.174
214 2 2 16.595 11.358 14.450 10.221
215 2 2 16.536 11.405 14.391 10.268
216 2 2 16.431 11.429 14.286 10.292
217 2 2 16.349 11.452 14.204 10.315
218 2 2 16.267 11.499 14.122 10.362
219 2 2 16.185 11.546 14.040 10.409
220 2 2 16.103 11.593 13.957 10.456
221 2 2 16.021 11.616 13.875 10.480
222 2 2 15.939 11.640 13.793 10.503
223 2 2 15.857 11.710 13.711 10.573
224 2 2 15.775 11.734 13.629 10.597
225 2 2 15.693 11.781 13.547 10.644
226 2 2 15.611 11.828 13.465 10.691
227 2 2 15.530 11.875 13.383 10.738
228 2 2 15.448 11.922 13.300 10.785
229 2 2 15.389 11.969 13.242 10.832
230 2 2 15.307 12.016 13.160 10.879
231 2 2 15.248 12.062 13.101 10.925
232 2 2 15.143 12.109 12.995 10.973
233 2 2 15.084 12.156 12.937 11.019
234 2 2 15.002 12.203 12.854 11.066
235 2 2 14.944 12.250 12.796 11.113
236 2 2 14.862 12.297 12.713 11.160
237 2 2 14.803 12.367 12.655 11.231
238 2 2 14.721 12.391 12.572 11.254
239 2 2 14.663 12.461 12.514 11.324
240 2 2 14.604 12.508 12.455 11.371
241 2 2 14.545 12.555 12.396 11.418
242 2 2 14.463 12.626 12.314 11.489
243 2 2 14.428 12.696 12.279 11.559
244 2 2 14.346 12.743 12.197 11.606
245 2 2 14.311 12.790 12.161 11.653
246 2 2 14.229 12.860 12.079 11.723
247 2 2 14.194 12.930 12.044 11.793
248 2 2 14.135 12.977 11.985 11.840
249 2 2 14.076 13.048 11.926 11.911
250 2 2 14.018 13.118 11.867 11.981
251 2 2 13.983 13.165 11.832 12.028
252 2 2 13.900 13.235 11.750 12.098
253 2 2 13.865 13.329 11.715 12.192
254 2 2 13.807 13.399 11.656 12.262
255 2 2 13.771 13.446 11.621 12.309
256 2 2 13.713 13.516 11.562 12.379
257 2 2 13.678 13.610 11.526 12.473
258 2 2 13.619 13.680 11.468 12.544
259 2 2 13.584 13.751 11.432 12.614
260 2 2 13.525 13.844 11.374 12.708
261 2 2 13.490 13.938 11.338 12.801
262 2 2 13.431 14.008 11.279 12.872
263 2 2 13.396 14.079 11.244 12.942
264 2 2 13.337 14.172 11.185 13.036
265 2 2 13.326 14.266 11.174 13.129
266 2 2 13.267 14.360 11.115 13.223
267 2 2 13.232 14.453 11.079 13.317
268 2 2 13.197 14.524 11.044 13.387
269 2 2 13.161 14.594 11.009 13.458
270 2 2 13.126 14.711 10.974 13.575
271 2 2 13.091 14.781 10.938 13.645
272 2 2 13.056 14.899 10.903 13.762
273 2 2 13.020 14.969 10.868 13.833
274 2 2 12.985 15.063 10.832 13.926
275 2 2 12.974 15.156 10.821 14.020
276 2 2 12.938 15.250 10.785 14.114
277 2 2 12.903 15.344 10.750 14.208
278 2 2 12.868 15.437 10.715 14.301
279 2 2 12.856 15.531 10.703 14.395
280 2 2 12.821 15.625 10.667 14.489
281 2 2 12.809 15.719 10.656 14.583
282 2 2 12.774 15.812 10.620 14.676
283 2 2 12.762 15.906 10.609 14.770
284 2 2 12.727 16.000 10.573 14.864
285 2 2 12.715 16.093 10.561 14.958
286 2 2 12.680 16.187 10.526 15.052
287 2 2 12.668 16.281 10.514 15.145
288 2 2 12.633 16.375 10.479 15.239
289 2 2 12.621 16.468 10.467 15.333
290 2 2 12.610 16.562 10.455 15.427
291 2 2 12.598 16.656 10.444 15.520
292 2 2 12.563 16.750 10.408 15.614
293 2 2 12.574 16.843 10.420 15.708
294 2 2 12.539 16.937 10.385 15.802
295 2 2 12.528 17.031 10.373 15.895
296 2 2 12.516 17.124 10.361 15.989
297 2 2 12.504 17.218 10.349 16.083
298 2 2 12.492 17.312 10.338 16.177
299 2 2 12.481 17.429 10.326 16.294
300 2 2 12.469 17.499 10.314 16.364
301 2 2 12.457 17.616 10.302 16.482
302 2 2 12.445 17.710 10.290 16.575
303 2 2 12.434 17.804 10.279 16.669
304 2 2 12.422 17.898 10.267 16.763
305 2 2 12.410 17.991 10.255 16.857
306 2 2 12.398 18.085 10.243 16.951
307 2 2 12.387 18.179 10.232 17.044
308 2 2 12.375 18.296 10.220 17.162
309 2 2 12.363 18.413 10.208 17.279
310 2 2 12.352 18.507 10.196 17.373
311 2 2 12.340 18.601 10.184 17.466
312 2 2 12.328 18.695 10.173 17.560
313 2 2 12.316 18.788 10.161 17.654
314 2 2 12.305 18.882 10.149 17.748
315 2 2 12.293 18.999 10.137 17.865
316 2 2 12.281 19.117 10.125 17.983
317 2 2 12.293 19.187 10.137 18.053
318 2 2 12.281 19.304 10.125 18.170
319 2 2 12.269 19.398 10.114 18.264
320 2 2 12.258 19.492 10.102 18.358
321 2 2 12.270 19.585 10.114 18.452
322 2 2 12.258 19.702 10.102 18.569
323 2 2 12.246 19.820 10.090 18.686
324 2 2 12.234 19.914 10.078 18.780
325 2 2 12.223 20.007 10.066 18.874
326 2 2 12.211 20.101 10.055 18.968
327 2 2 12.223 20.218 10.066 19.085
328 2 2 12.211 20.336 10.055 19.202
329 2 2 12.223 20.429 10.066 19.296
330 2 2 12.211 20.523 10.055 19.390
331 2 2 12.199 20.617 10.043 19.484
332 2 2 12.188 20.734 10.031 19.601
333 2 2 12.199 20.851 10.043 19.719
334 2 2 12.188 20.945 10.031 19.812
335 2 2 12.199 21.039 10.043 19.906
336 2 2 12.188 21.133 10.031 20.000
337 2 2 12.199 21.250 10.043 20.117
338 2 2 12.164 21.367 10.007 20.235
339 2 2 12.176 21.461 10.019 20.329
340 2 2 12.164 21.555 10.007 20.423
341 2 2 12.176 21.649 10.019 20.516
342 2 2 12.164 21.743 10.007 20.610
343 2 2 12.153 21.860 9.995 20.728
344 2 2 12.141 21.977 9.984 20.845
345 2 2 12.153 22.071 9.995 20.939
346 2 2 12.141 22.165 9.984 21.033
347 2 2 12.153 22.282 9.995 21.150
348 2 2 12.141 22.400 9.984 21.268
349 2 2 12.129 22.493 9.972 21.362
350 2 2 12.117 22.587 9.960 21.456
351 2 2 12.129 22.681 9.972 21.549
352 2 2 12.117 22.799 9.960 21.667
353 2 2 12.106 22.916 9.948 21.784
354 2 2 12.094 22.986 9.936 21.855
355 2 2 12.106 23.104 9.948 21.972
356 2 2 12.094 23.198 9.936 22.066
357 2 2 12.106 23.291 9.948 22.160
358 2 2 12.071 23.409 9.913 22.278
359 2 2 12.082 23.526 9.925 22.395
360 2 2 12.071 23.620 9.913 22.489
361 2 2 12.082 23.714 9.925 22.583
362 2 2 12.071 23.808 9.913 22.677
363 2 2 12.059 23.902 9.901 22.771
364 2 2 12.047 24.019 9.889 22.889
365 2 2 12.059 24.137 9.901 23.006
366 2 2 12.047 24.231 9.889 23.100
367 2 2 12.059 24.324 9.901 23.194
368 2 2 12.024 24.419 9.865 23.288
369 2 2 12.035 24.512 9.877 23.382
370 2 2 12.024 24.630 9.865 23.499
371 2 2 12.036 24.747 9.877 23.617
31 4 2 36.389 5.561 34.871 4.905
32 4 2 36.435 5.584 34.849 4.905
33 4 2 36.343 5.596 34.757 4.916
34 4 2 36.275 5.585 34.688 4.905
35 4 2 36.183 5.596 34.596 4.916
36 4 2 36.114 5.585 34.527 4.905
37 4 2 36.022 5.596 34.435 4.916
38 4 2 35.930 5.608 34.343 4.928
39 4 2 35.862 5.619 34.274 4.939
40 4 2 35.770 5.608 34.182 4.928
41 4 2 35.701 5.619 34.113 4.939
42 4 2 35.609 5.608 34.021 4.928
43 4 2 35.517 5.619 33.930 4.939
44 4 2 35.426 5.631 33.838 4.951
45 4 2 35.334 5.643 33.746 4.963
46 4 2 35.242 5.631 33.654 4.951
47 4 2 35.173 5.643 33.585 4.963
48 4 2 35.058 5.631 33.470 4.951
49 4 2 34.989 5.643 33.401 4.963
50 4 2 34.897 5.631 33.309 4.951
51 4 2 34.806 5.666 33.217 4.986
52 4 2 34.691 5.654 33.102 4.974
53 4 2 34.599 5.666 33.010 4.986
54 4 2 34.507 5.654 32.918 4.974
55 4 2 34.415 5.666 32.826 4.986
56 4 2 34.323 5.655 32.734 4.974
57 4 2 34.231 5.666 32.642 4.986
58 4 2 34.139 5.678 32.550 4.997
59 4 2 34.047 5.689 32.457 5.009
60 4 2 33.932 5.678 32.342 4.997
61 4 2 33.841 5.689 32.250 5.009
62 4 2 33.749 5.701 32.158 5.020
63 4 2 33.657 5.713 32.066 5.032
64 4 2 33.565 5.701 31.974 5.020
65 4 2 33.473 5.713 31.882 5.032
66 4 2 33.381 5.724 31.790 5.044
67 4 2 33.289 5.736 31.698 5.055
68 4 2 33.174 5.747 31.582 5.067
69 4 2 33.082 5.759 31.490 5.078
70 4 2 32.990 5.747 31.398 5.067
71 4 2 32.875 5.782 31.283 5.101
72 4 2 32.783 5.771 31.191 5.090
73 4 2 32.691 5.805 31.099 5.125
74 4 2 32.576 5.794 30.983 5.113
75 4 2 32.484 5.829 30.891 5.148
76 4 2 32.391 5.817 30.799 5.136
77 4 2 32.276 5.852 30.684 5.171
78 4 2 32.184 5.840 30.592 5.159
79 4 2 32.092 5.875 30.499 5.194
80 4 2 31.977 5.863 30.384 5.182
81 4 2 31.885 5.898 30.292 5.217
82 4 2 31.770 5.887 30.176 5.206
83 4 2 31.678 5.921 30.084 5.240
84 4 2 31.562 5.910 29.969 5.229
85 4 2 31.470 5.945 29.877 5.263
86 4 2 31.355 5.956 29.761 5.275
87 4 2 31.263 5.968 29.669 5.287
88 4 2 31.148 5.979 29.554 5.298
89 4 2 31.033 6.014 29.438 5.333
90 4 2 30.940 6.026 29.346 5.345
91 4 2 30.825 6.037 29.230 5.356
92 4 2 30.710 6.049 29.115 5.368
93 4 2 30.618 6.084 29.023 5.402
94 4 2 30.502 6.095 28.907 5.414
95 4 2 30.387 6.130 28.792 5.449
96 4 2 30.295 6.142 28.699 5.460
97 4 2 30.180 6.177 28.584 5.495
98 4 2 30.087 6.188 28.492 5.507
99 4 2 29.972 6.223 28.376 5.541
100 4 2 29.880 6.235 28.284 5.553
101 4 2 29.765 6.269 28.168 5.588
102 4 2 29.672 6.281 28.076 5.599
103 4 2 29.557 6.316 27.960 5.634
104 4 2 29.441 6.327 27.845 5.646
105 4 2 29.349 6.362 27.752 5.681
106 4 2 29.234 6.374 27.637 5.692
107 4 2 29.141 6.409 27.544 5.727
108 4 2 29.026 6.420 27.428 5.739
109 4 2 28.934 6.455 27.336 5.773
110 4 2 28.818 6.490 27.220 5.808
111 4 2 28.726 6.525 27.128 5.843
112 4 2 28.610 6.536 27.012 5.855
113 4 2 28.518 6.571 26.920 5.889
114 4 2 28.402 6.583 26.804 5.901
115 4 2 28.310 6.641 26.711 5.959
116 4 2 28.194 6.652 26.596 5.971
117 4 2 28.102 6.687 26.503 6.005
118 4 2 27.986 6.699 26.387 6.017
119 4 2 27.871 6.757 26.272 6.075
120 4 2 27.779 6.769 26.179 6.087
121 4 2 27.686 6.803 26.087 6.122
122 4 2 27.570 6.815 25.971 6.133
123 4 2 27.478 6.873 25.878 6.191
124 4 2 27.362 6.885 25.762 6.203
125 4 2 27.270 6.920 25.670 6.238
126 4 2 27.154 6.955 25.554 6.273
127 4 2 27.062 6.989 25.461 6.307
128 4 2 26.946 7.001 25.345 6.319
129 4 2 26.853 7.036 25.253 6.354
130 4 2 26.738 7.071 25.137 6.389
131 4 2 26.645 7.106 25.044 6.424
132 4 2 26.529 7.117 24.928 6.435
133 4 2 26.414 7.175 24.812 6.493
134 4 2 26.321 7.187 24.720 6.505
135 4 2 26.205 7.222 24.604 6.540
136 4 2 26.113 7.234 24.511 6.552
137 4 2 25.997 7.292 24.395 6.610
138 4 2 25.904 7.304 24.302 6.621
139 4 2 25.788 7.338 24.186 6.656
140 4 2 25.673 7.350 24.070 6.668
141 4 2 25.580 7.385 23.977 6.703
142 4 2 25.464 7.420 23.861 6.738
143 4 2 25.371 7.455 23.768 6.773
144 4 2 25.255 7.467 23.652 6.784
145 4 2 25.140 7.502 23.536 6.819
146 4 2 25.024 7.513 23.420 6.831
147 4 2 24.931 7.548 23.327 6.866
148 4 2 24.815 7.583 23.211 6.901
149 4 2 24.722 7.618 23.118 6.936
150 4 2 24.606 7.630 23.002 6.947
151 4 2 24.490 7.665 22.886 6.982
152 4 2 24.397 7.677 22.793 6.994
153 4 2 24.281 7.712 22.677 7.029
154 4 2 24.165 7.723 22.560 7.041
155 4 2 24.049 7.758 22.444 7.076
156 4 2 23.956 7.770 22.351 7.087
157 4 2 23.840 7.805 22.235 7.122
158 4 2 23.724 7.817 22.119 7.134
159 4 2 23.631 7.852 22.026 7.169
160 4 2 23.515 7.864 21.909 7.181
161 4 2 23.399 7.899 21.793 7.216
162 4 2 23.283 7.910 21.677 7.228
163 4 2 23.190 7.945 21.584 7.263
164 4 2 23.074 7.957 21.467 7.274
165 4 2 22.981 7.992 21.374 7.309
166 4 2 22.865 8.004 21.258 7.321
167 4 2 22.749 8.039 21.142 7.356
168 4 2 22.632 8.051 21.025 7.368
169 4 2 22.539 8.086 20.932 7.403
170 4 2 22.423 8.097 20.816 7.414
171 4 2 22.307 8.133 20.699 7.450
172 4 2 22.214 8.144 20.606 7.461
173 4 2 22.098 8.179 20.490 7.496
174 4 2 21.981 8.191 20.373 7.508
175 4 2 21.888 8.226 20.280 7.543
176 4 2 21.772 8.238 20.163 7.555
177 4 2 21.656 8.273 20.047 7.590
178 4 2 21.562 8.285 19.954 7.602
179 4 2 21.446 8.320 19.837 7.637
180 4 2 21.353 8.332 19.744 7.648
181 4 2 21.237 8.367 19.627 7.683
182 4 2 21.120 8.379 19.511 7.695
183 4 2 21.027 8.414 19.417 7.730
184 4 2 20.911 8.425 19.301 7.742
185 4 2 20.817 8.460 19.208 7.777
186 4 2 20.701 8.472 19.091 7.789
187 4 2 20.585 8.507 18.974 7.824
188 4 2 20.491 8.519 18.881 7.836
189 4 2 20.375 8.554 18.764 7.871
190 4 2 20.258 8.589 18.648 7.906
191 4 2 20.165 8.624 18.554 7.941
192 4 2 20.049 8.636 18.437 7.953
193 4 2 19.955 8.671 18.344 7.988
194 4 2 19.839 8.683 18.227 8.000
195 4 2 19.722 8.718 18.111 8.035
196 4 2 19.629 8.730 18.017 8.046
197 4 2 19.512 8.788 17.900 8.105
198 4 2 19.396 8.800 17.784 8.117
199 4 2 19.302 8.835 17.690 8.152
200 4 2 19.186 8.871 17.573 8.187
201 4 2 19.093 8.906 17.480 8.222
202 4 2 18.976 8.917 17.363 8.234
203 4 2 18.882 8.953 17.270 8.269
204 4 2 18.766 8.988 17.153 8.304
205 4 2 18.672 9.023 17.059 8.339
206 4 2 18.556 9.058 16.942 8.374
207 4 2 18.462 9.093 16.849 8.409
208 4 2 18.369 9.105 16.755 8.421
209 4 2 18.252 9.163 16.638 8.480
210 4 2 18.159 9.175 16.545 8.491
211 4 2 18.042 9.234 16.428 8.550
212 4 2 17.949 9.246 16.334 8.562
213 4 2 17.832 9.304 16.217 8.620
214 4 2 17.738 9.339 16.124 8.655
215 4 2 17.622 9.374 16.007 8.690
216 4 2 17.528 9.410 15.913 8.726
217 4 2 17.411 9.445 15.796 8.761
218 4 2 17.318 9.480 15.702 8.796
219 4 2 17.201 9.538 15.585 8.854
220 4 2 17.107 9.574 15.492 8.890
221 4 2 16.991 9.609 15.375 8.925
222 4 2 16.897 9.644 15.281 8.960
223 4 2 16.803 9.702 15.187 9.018
224 4 2 16.687 9.738 15.070 9.054
225 4 2 16.593 9.796 14.977 9.112
226 4 2 16.499 9.831 14.883 9.147
227 4 2 16.406 9.890 14.789 9.206
228 4 2 16.289 9.925 14.672 9.241
229 4 2 16.195 9.984 14.578 9.300
230 4 2 16.102 10.019 14.484 9.335
231 4 2 16.008 10.077 14.391 9.393
232 4 2 15.914 10.136 14.297 9.452
233 4 2 15.821 10.194 14.203 9.510
234 4 2 15.727 10.230 14.109 9.546
235 4 2 15.634 10.312 14.016 9.627
236 4 2 15.540 10.347 13.922 9.663
237 4 2 15.446 10.429 13.828 9.745
238 4 2 15.353 10.464 13.734 9.780
239 4 2 15.259 10.546 13.640 9.862
240 4 2 15.165 10.581 13.546 9.897
241 4 2 15.071 10.663 13.453 9.979
242 4 2 14.978 10.722 13.359 10.038
243 4 2 14.884 10.780 13.265 10.096
244 4 2 14.814 10.839 13.194 10.155
245 4 2 14.720 10.921 13.101 10.237
246 4 2 14.626 10.979 13.007 10.295
247 4 2 14.533 11.038 12.913 10.354
248 4 2 14.462 11.096 12.842 10.412
249 4 2 14.368 11.178 12.748 10.494
250 4 2 14.275 11.237 12.654 10.553
251 4 2 14.204 11.319 12.584 10.635
252 4 2 14.111 11.401 12.490 10.717
253 4 2 14.040 11.460 12.420 10.776
254 4 2 13.946 11.542 12.326 10.858
255 4 2 13.876 11.624 12.255 10.940
256 4 2 13.806 11.682 12.185 10.998
257 4 2 13.712 11.764 12.091 11.080
258 4 2 13.641 11.846 12.020 11.162
259 4 2 13.571 11.928 11.950 11.244
260 4 2 13.501 12.010 11.879 11.326
261 4 2 13.430 12.092 11.809 11.408
262 4 2 13.360 12.174 11.738 11.491
263 4 2 13.289 12.280 11.667 11.596
264 4 2 13.219 12.362 11.597 11.678
265 4 2 13.149 12.444 11.526 11.760
266 4 2 13.102 12.526 11.479 11.842
267 4 2 13.031 12.631 11.409 11.947
268 4 2 12.984 12.713 11.362 12.029
269 4 2 12.914 12.819 11.291 12.135
270 4 2 12.362 13.475 11.209 11.913
271 4 2 12.385 13.510 11.173 11.866
272 4 2 12.326 13.592 11.115 11.949
273 4 2 12.291 13.698 11.079 12.054
274 4 2 12.232 13.803 11.020 12.159
275 4 2 12.197 13.909 10.985 12.265
276 4 2 12.138 13.991 10.926 12.347
277 4 2 12.103 14.120 10.891 12.476
278 4 2 12.044 14.202 10.832 12.558
279 4 2 11.950 14.284 10.915 12.791
280 4 2 11.974 14.319 10.879 12.745
281 4 2 11.939 14.424 10.844 12.850
282 4 2 11.903 14.530 10.809 12.955
283 4 2 11.868 14.635 10.773 13.061
284 4 2 11.833 14.741 10.738 13.166
285 4 2 11.798 14.846 10.703 13.272
286 4 2 11.762 14.952 10.667 13.377
287 4 2 11.727 15.057 10.632 13.483
288 4 2 11.492 15.187 10.550 13.659
289 4 2 11.515 15.222 10.514 13.612
290 4 2 11.480 15.316 10.479 13.706
291 4 2 11.445 15.433 10.444 13.823
292 4 2 11.433 15.550 10.432 13.940
293 4 2 11.398 15.644 10.397 14.034
294 4 2 11.386 15.761 10.385 14.151
295 4 2 11.374 15.878 10.373 14.268
296 4 2 11.339 15.972 10.338 14.362
297 4 2 11.468 16.498 10.302 14.573
298 4 2 11.492 16.545 10.255 14.514
299 4 2 11.468 16.639 10.232 14.608
300 4 2 11.445 16.756 10.208 14.725
301 4 2 11.445 16.850 10.208 14.819
302 4 2 11.421 16.944 10.184 14.913
303 4 2 11.421 17.061 10.184 15.030
304 4 2 11.398 17.201 10.161 15.170
305 4 2 11.398 17.295 10.161 15.264
306 4 2 11.304 17.495 10.326 15.603
307 4 2 11.327 17.541 10.290 15.545
308 4 2 11.327 17.647 10.290 15.650
309 4 2 11.304 17.752 10.267 15.755
310 4 2 11.280 17.881 10.243 15.884
311 4 2 11.280 17.963 10.243 15.966
312 4 2 11.257 18.092 10.220 16.095
313 4 2 11.257 18.198 10.220 16.201
314 4 2 11.233 18.327 10.196 16.330
315 4 2 11.198 18.397 10.314 16.610
316 4 2 11.210 18.433 10.279 16.552
317 4 2 11.210 18.550 10.279 16.669
318 4 2 11.186 18.644 10.255 16.763
319 4 2 11.163 18.738 10.232 16.857
320 4 2 11.163 18.855 10.232 16.974
321 4 2 11.163 18.995 10.232 17.115
322 4 2 11.139 19.113 10.208 17.232
323 4 2 11.115 19.183 10.184 17.302
324 4 2 11.139 19.324 10.208 17.443
325 4 2 11.092 19.441 10.161 17.560
326 4 2 11.092 19.535 10.161 17.654
327 4 2 11.092 19.652 10.161 17.771
328 4 2 11.068 19.770 10.137 17.889
329 4 2 11.068 19.864 10.137 17.982
330 4 2 11.068 19.981 10.137 18.100
331 4 2 11.068 20.121 10.137 18.240
332 4 2 11.068 20.239 10.137 18.358
333 4 2 11.057 20.262 10.055 18.616
334 4 2 11.080 20.297 10.019 18.558
335 4 2 11.080 20.391 10.019 18.652
336 4 2 11.057 20.508 9.996 18.769
337 4 2 11.057 20.626 9.996 18.886
338 4 2 11.057 20.743 9.996 19.003
339 4 2 11.033 20.861 9.972 19.121
340 4 2 11.033 20.978 9.972 19.238
341 4 2 11.010 21.095 9.948 19.356
342 4 2 10.962 21.189 10.007 19.531
343 4 2 10.986 21.224 9.972 19.473
344 4 2 10.986 21.330 9.972 19.578
345 4 2 10.962 21.459 9.948 19.707
346 4 2 10.963 21.565 9.948 19.813
347 4 2 10.939 21.694 9.925 19.942
348 4 2 10.939 21.776 9.925 20.024
349 4 2 10.939 21.905 9.925 20.153
350 4 2 10.915 22.011 9.901 20.259
351 4 2 10.892 22.140 9.878 20.388
352 4 2 10.892 22.246 9.878 20.494
353 4 2 10.868 22.375 9.854 20.623
354 4 2 10.868 22.481 9.854 20.729
355 4 2 10.845 22.610 9.830 20.858
356 4 2 10.821 22.716 9.807 20.964
357 4 2 10.821 22.845 9.807 21.093
358 4 2 10.798 22.951 9.783 21.199
359 4 2 10.798 23.057 9.783 21.305
360 4 2 11.340 23.697 9.582 21.694
361 4 2 11.375 23.744 9.523 21.635
362 4 2 11.375 23.850 9.523 21.741
363 4 2 11.352 23.955 9.500 21.847
364 4 2 11.328 24.061 9.476 21.953
365 4 2 11.328 24.167 9.476 22.058
366 4 2 11.305 24.296 9.452 22.188
367 4 2 11.281 24.402 9.429 22.294
368 4 2 11.258 24.508 9.405 22.400
369 4 2 11.258 24.614 9.405 22.505
370 4 2 11.234 24.743 9.381 22.635
371 4 2 11.210 24.849 9.358 22.741
32 3 2 36.473 8.870 35.056 7.881
33 3 2 36.519 8.905 35.033 7.869
34 3 2 36.438 8.905 34.953 7.869
35 3 2 36.381 8.905 34.895 7.869
36 3 2 36.278 8.905 34.792 7.870
37 3 2 36.220 8.906 34.735 7.870
38 3 2 36.117 8.906 34.631 7.870
39 3 2 36.060 8.906 34.574 7.870
40 3 2 35.979 8.906 34.493 7.870
41 3 2 35.899 8.906 34.413 7.870
42 3 2 35.819 8.906 34.332 7.870
43 3 2 35.738 8.907 34.252 7.870
44 3 2 35.658 8.907 34.171 7.870
45 3 2 35.577 8.907 34.091 7.871
46 3 2 35.474 8.907 33.987 7.871
47 3 2 35.417 8.907 33.930 7.871
48 3 2 35.313 8.930 33.826 7.894
49 3 2 35.256 8.931 33.769 7.894
50 3 2 35.153 8.931 33.665 7.894
51 3 2 35.072 8.931 33.585 7.894
52 3 2 34.969 8.931 33.481 7.895
53 3 2 34.888 8.931 33.401 7.895
54 3 2 34.808 8.955 33.320 7.918
55 3 2 34.728 8.955 33.240 7.918
56 3 2 34.624 8.955 33.136 7.918
57 3 2 34.544 8.955 33.056 7.918
58 3 2 34.440 8.978 32.952 7.942
59 3 2 34.383 8.979 32.895 7.942
60 3 2 34.279 8.979 32.791 7.942
61 3 2 34.199 9.002 32.710 7.965
62 3 2 34.095 9.002 32.607 7.965
63 3 2 34.015 9.026 32.526 7.989
64 3 2 33.934 9.026 32.446 7.989
65 3 2 33.854 9.049 32.365 8.012
66 3 2 33.751 9.049 32.261 8.012
67 3 2 33.670 9.049 32.181 8.012
68 3 2 33.567 9.073 32.077 8.035
69 3 2 33.486 9.073 31.997 8.036
70 3 2 33.382 9.096 31.893 8.059
71 3 2 33.302 9.119 31.812 8.082
72 3 2 33.198 9.120 31.709 8.082
73 3 2 33.118 9.143 31.628 8.106
74 3 2 33.014 9.143 31.524 8.106
75 3 2 32.934 9.167 31.444 8.129
76 3 2 32.830 9.190 31.340 8.152
77 3 2 32.750 9.190 31.259 8.152
78 3 2 32.646 9.213 31.156 8.176
79 3 2 32.565 9.214 31.075 8.176
80 3 2 32.462 9.237 30.971 8.199
81 3 2 32.381 9.260 30.891 8.222
82 3 2 32.278 9.260 30.787 8.223
83 3 2 32.197 9.284 30.706 8.246
84 3 2 32.093 9.284 30.602 8.246
85 3 2 32.013 9.307 30.521 8.269
86 3 2 31.909 9.331 30.418 8.293
87 3 2 31.828 9.331 30.337 8.293
88 3 2 31.725 9.354 30.233 8.316
89 3 2 31.644 9.354 30.152 8.316
90 3 2 31.540 9.378 30.048 8.340
91 3 2 31.460 9.378 29.968 8.340
92 3 2 31.356 9.401 29.864 8.363
93 3 2 31.275 9.401 29.783 8.363
94 3 2 31.172 9.425 29.679 8.387
95 3 2 31.091 9.448 29.598 8.410
96 3 2 30.987 9.448 29.494 8.410
97 3 2 30.906 9.472 29.414 8.433
98 3 2 30.803 9.472 29.310 8.433
99 3 2 30.699 9.495 29.206 8.457
100 3 2 30.595 9.519 29.102 8.480
101 3 2 30.514 9.519 29.021 8.480
102 3 2 30.410 9.519 28.917 8.480
103 3 2 30.330 9.542 28.836 8.504
104 3 2 30.226 9.566 28.732 8.527
105 3 2 30.145 9.566 28.651 8.527
106 3 2 30.041 9.589 28.547 8.551
107 3 2 29.960 9.590 28.466 8.551
108 3 2 29.856 9.613 28.362 8.574
109 3 2 29.776 9.613 28.281 8.574
110 3 2 29.672 9.637 28.177 8.598
111 3 2 29.591 9.637 28.096 8.598
112 3 2 29.487 9.660 27.992 8.621
113 3 2 29.406 9.660 27.911 8.621
114 3 2 29.302 9.684 27.807 8.645
115 3 2 29.221 9.707 27.726 8.668
116 3 2 29.117 9.707 27.622 8.668
117 3 2 29.036 9.731 27.541 8.692
118 3 2 28.932 9.731 27.437 8.692
119 3 2 28.852 9.754 27.356 8.715
120 3 2 28.748 9.778 27.252 8.738
121 3 2 28.667 9.778 27.171 8.739
122 3 2 28.563 9.802 27.067 8.762
123 3 2 28.482 9.802 26.986 8.762
124 3 2 28.378 9.825 26.882 8.786
125 3 2 28.297 9.849 26.801 8.809
126 3 2 28.193 9.849 26.696 8.809
127 3 2 28.112 9.872 26.615 8.832
128 3 2 28.008 9.872 26.511 8.833
129 3 2 27.927 9.896 26.430 8.856
130 3 2 27.823 9.919 26.326 8.879
131 3 2 27.742 9.919 26.245 8.880
132 3 2 27.614 9.943 26.117 8.903
133 3 2 27.533 9.966 26.036 8.926
134 3 2 27.429 9.967 25.932 8.927
135 3 2 27.348 9.990 25.851 8.950
136 3 2 27.244 9.990 25.746 8.950
137 3 2 27.163 10.014 25.665 8.973
138 3 2 27.059 10.037 25.561 8.997
139 3 2 26.955 10.037 25.457 8.997
140 3 2 26.850 10.061 25.352 9.021
141 3 2 26.769 10.061 25.271 9.021
142 3 2 26.665 10.085 25.167 9.044
143 3 2 26.561 10.085 25.062 9.044
144 3 2 26.457 10.108 24.958 9.068
145 3 2 26.375 10.108 24.877 9.068
146 3 2 26.271 10.132 24.772 9.091
147 3 2 26.167 10.155 24.668 9.115
148 3 2 26.063 10.156 24.563 9.115
149 3 2 25.981 10.179 24.482 9.138
150 3 2 25.854 10.203 24.355 9.162
151 3 2 25.773 10.203 24.273 9.162
152 3 2 25.645 10.226 24.146 9.186
153 3 2 25.564 10.250 24.064 9.209
154 3 2 25.460 10.250 23.960 9.209
155 3 2 25.355 10.274 23.855 9.233
156 3 2 25.251 10.297 23.751 9.256
157 3 2 25.147 10.297 23.646 9.256
158 3 2 25.042 10.321 23.542 9.280
159 3 2 24.938 10.344 23.437 9.303
160 3 2 24.833 10.368 23.333 9.327
161 3 2 24.752 10.368 23.251 9.327
162 3 2 24.625 10.392 23.123 9.350
163 3 2 24.543 10.415 23.042 9.374
164 3 2 24.416 10.439 22.914 9.397
165 3 2 24.334 10.439 22.833 9.397
166 3 2 24.230 10.462 22.728 9.421
167 3 2 24.125 10.486 22.624 9.444
168 3 2 24.021 10.509 22.519 9.468
169 3 2 23.916 10.533 22.414 9.491
170 3 2 23.812 10.557 22.310 9.515
171 3 2 23.731 10.580 22.228 9.538
172 3 2 23.603 10.580 22.100 9.539
173 3 2 23.521 10.604 22.019 9.562
174 3 2 23.394 10.627 21.891 9.586
175 3 2 23.312 10.651 21.809 9.609
176 3 2 23.208 10.651 21.705 9.609
177 3 2 23.103 10.675 21.600 9.633
178 3 2 22.998 10.698 21.495 9.656
179 3 2 22.894 10.722 21.390 9.680
180 3 2 22.789 10.722 21.286 9.680
181 3 2 22.685 10.746 21.181 9.703
182 3 2 22.580 10.769 21.076 9.727
183 3 2 22.475 10.793 20.971 9.751
184 3 2 22.371 10.816 20.866 9.774
185 3 2 22.289 10.840 20.785 9.797
186 3 2 22.161 10.863 20.657 9.821
187 3 2 22.080 10.887 20.575 9.845
188 3 2 21.975 10.887 20.470 9.845
189 3 2 21.870 10.911 20.365 9.868
190 3 2 21.765 10.934 20.261 9.892
191 3 2 21.661 10.958 20.156 9.915
192 3 2 21.556 10.982 20.051 9.939
193 3 2 21.474 11.005 19.969 9.962
194 3 2 21.346 11.029 19.841 9.986
195 3 2 21.265 11.052 19.759 10.009
196 3 2 21.160 11.076 19.654 10.033
197 3 2 21.055 11.099 19.549 10.057
198 3 2 20.950 11.123 19.444 10.080
199 3 2 20.869 11.146 19.363 10.104
200 3 2 20.764 11.170 19.258 10.127
201 3 2 20.659 11.194 19.153 10.151
202 3 2 20.554 11.217 19.048 10.174
203 3 2 20.473 11.241 18.966 10.198
204 3 2 20.368 11.264 18.861 10.221
205 3 2 20.263 11.288 18.756 10.245
206 3 2 20.158 11.312 18.651 10.268
207 3 2 20.076 11.335 18.569 10.292
208 3 2 19.948 11.359 18.441 10.316
209 3 2 19.866 11.406 18.359 10.362
210 3 2 19.762 11.429 18.254 10.386
211 3 2 19.680 11.453 18.172 10.409
212 3 2 19.575 11.476 18.067 10.433
213 3 2 19.470 11.500 17.962 10.457
214 3 2 19.365 11.547 17.857 10.504
215 3 2 19.283 11.571 17.775 10.527
216 3 2 19.178 11.594 17.670 10.551
217 3 2 19.097 11.641 17.588 10.597
218 3 2 18.992 11.665 17.483 10.621
219 3 2 18.910 11.712 17.401 10.668
220 3 2 18.805 11.735 17.296 10.692
221 3 2 18.723 11.782 17.214 10.738
222 3 2 18.618 11.806 17.109 10.762
223 3 2 18.536 11.853 17.027 10.809
224 3 2 18.431 11.876 16.922 10.832
225 3 2 18.349 11.923 16.840 10.879
226 3 2 18.268 11.970 16.758 10.926
227 3 2 18.186 11.994 16.676 10.950
228 3 2 18.081 12.041 16.571 10.997
229 3 2 18.022 12.088 16.512 11.043
230 3 2 17.917 12.111 16.407 11.067
231 3 2 17.859 12.158 16.349 11.114
232 3 2 17.754 12.205 16.243 11.161
233 3 2 17.695 12.252 16.185 11.208
234 3 2 17.613 12.299 16.103 11.255
235 3 2 17.555 12.346 16.044 11.301
236 3 2 17.450 12.369 15.939 11.325
237 3 2 17.391 12.416 15.880 11.372
238 3 2 17.310 12.463 15.799 11.419
239 3 2 17.251 12.510 15.740 11.466
240 3 2 17.169 12.557 15.658 11.513
241 3 2 17.111 12.604 15.600 11.560
242 3 2 17.029 12.651 15.518 11.606
243 3 2 16.971 12.721 15.459 11.677
244 3 2 16.889 12.768 15.377 11.724
245 3 2 16.830 12.815 15.319 11.770
246 3 2 16.748 12.862 15.237 11.817
247 3 2 16.690 12.932 15.178 11.888
248 3 2 16.608 12.979 15.096 11.935
249 3 2 16.550 13.049 15.037 12.005
250 3 2 16.468 13.096 14.955 12.052
251 3 2 16.409 13.166 14.897 12.122
252 3 2 15.870 13.099 14.580 12.100
253 3 2 15.894 13.122 14.533 12.065
254 3 2 15.835 13.180 14.475 12.124
255 3 2 15.777 13.239 14.416 12.182
256 3 2 15.718 13.321 14.357 12.264
257 3 2 15.660 13.380 14.299 12.323
258 3 2 15.601 13.462 14.240 12.405
259 3 2 15.543 13.520 14.182 12.463
260 3 2 15.484 13.602 14.123 12.545
261 3 2 15.168 13.767 13.994 12.686
262 3 2 15.191 13.790 13.947 12.651
263 3 2 15.156 13.860 13.912 12.721
264 3 2 15.098 13.907 13.853 12.768
265 3 2 15.039 14.001 13.795 12.862
266 3 2 15.004 14.071 13.759 12.932
267 3 2 14.969 14.165 13.724 13.026
268 3 2 14.934 14.259 13.689 13.119
269 3 2 14.875 14.329 13.630 13.190
270 3 2 14.746 14.470 13.748 13.388
271 3 2 14.770 14.493 13.713 13.353
272 3 2 14.746 14.563 13.689 13.423
273 3 2 14.699 14.633 13.642 13.493
274 3 2 14.676 14.750 13.619 13.610
275 3 2 14.653 14.821 13.595 13.680
276 3 2 14.606 14.914 13.549 13.774
277 3 2 14.582 15.008 13.525 13.868
278 3 2 14.559 15.101 13.502 13.961
279 3 2 14.524 15.569 13.596 14.008
280 3 2 14.536 15.604 13.549 13.961
281 3 2 14.512 15.686 13.525 14.043
282 3 2 14.489 15.791 13.502 14.148
283 3 2 14.466 15.873 13.478 14.230
284 3 2 14.442 15.979 13.455 14.335
285 3 2 14.419 16.061 13.431 14.417
286 3 2 14.395 16.166 13.408 14.523
287 3 2 14.372 16.248 13.385 14.605
288 3 2 14.254 16.097 13.326 14.909
289 3 2 14.266 16.120 13.279 14.862
290 3 2 14.243 16.202 13.255 14.944
291 3 2 14.266 16.284 13.279 15.026
292 3 2 14.219 16.389 13.232 15.132
293 3 2 14.219 16.494 13.232 15.237
294 3 2 14.196 16.600 13.209 15.342
295 3 2 14.196 16.682 13.209 15.424
296 3 2 14.196 16.787 13.209 15.529
297 3 2 14.149 16.939 13.232 15.786
298 3 2 14.161 16.962 13.197 15.740
299 3 2 14.149 17.056 13.185 15.833
300 3 2 14.161 17.150 13.197 15.927
301 3 2 14.126 17.243 13.162 16.021
302 3 2 14.138 17.360 13.174 16.138
303 3 2 14.126 17.477 13.162 16.255
304 3 2 14.138 17.547 13.174 16.325
305 3 2 14.103 17.665 13.139 16.442
306 3 2 14.103 17.992 13.197 16.594
307 3 2 14.115 18.027 13.162 16.547
308 3 2 14.115 18.109 13.162 16.629
309 3 2 14.115 18.238 13.162 16.758
310 3 2 14.091 18.320 13.139 16.840
311 3 2 14.068 18.425 13.115 16.945
312 3 2 14.092 18.530 13.139 17.050
313 3 2 14.068 18.636 13.115 17.156
314 3 2 14.092 18.718 13.139 17.238
315 3 2 14.139 18.799 13.127 17.659
316 3 2 14.162 18.823 13.092 17.624
317 3 2 14.174 18.904 13.104 17.706
318 3 2 14.162 19.010 13.092 17.811
319 3 2 14.174 19.115 13.104 17.917
320 3 2 14.162 19.220 13.092 18.022
321 3 2 14.174 19.326 13.104 18.127
322 3 2 14.163 19.431 13.092 18.233
323 3 2 14.174 19.513 13.104 18.315
324 3 2 14.034 19.842 13.245 18.325
325 3 2 14.045 19.877 13.210 18.279
326 3 2 14.045 19.982 13.210 18.384
327 3 2 14.045 20.064 13.210 18.466
328 3 2 14.046 20.193 13.210 18.595
329 3 2 14.046 20.275 13.210 18.677
330 3 2 14.046 20.380 13.210 18.782
331 3 2 14.046 20.486 13.210 18.888
332 3 2 14.046 20.591 13.210 18.993
333 3 2 14.140 20.860 13.246 19.414
334 3 2 14.152 20.895 13.211 19.368
335 3 2 14.140 20.977 13.199 19.450
336 3 2 14.152 21.082 13.211 19.555
337 3 2 14.164 21.187 13.222 19.660
338 3 2 14.176 21.293 13.234 19.766
339 3 2 14.164 21.398 13.223 19.871
340 3 2 14.176 21.504 13.234 19.976
341 3 2 14.164 21.609 13.223 20.082
342 3 2 14.117 21.633 13.176 20.188
343 3 2 14.141 21.668 13.140 20.141
344 3 2 14.129 21.773 13.129 20.247
345 3 2 14.141 21.855 13.140 20.329
346 3 2 14.152 21.961 13.152 20.434
347 3 2 14.141 22.043 13.141 20.516
348 3 2 14.129 22.172 13.129 20.645
349 3 2 14.141 22.277 13.141 20.750
350 3 2 14.129 22.406 13.129 20.879
351 3 2 14.094 22.582 13.282 21.042
352 3 2 14.106 22.617 13.247 20.996
353 3 2 14.106 22.723 13.247 21.101
354 3 2 14.106 22.828 13.247 21.206
355 3 2 14.106 22.933 13.247 21.312
356 3 2 14.106 23.039 13.247 21.417
357 3 2 14.106 23.121 13.247 21.499
358 3 2 14.106 23.250 13.247 21.628
359 3 2 14.106 23.332 13.247 21.710
360 3 2 14.106 23.637 13.247 22.085
361 3 2 14.118 23.672 13.212 22.039
362 3 2 14.118 23.766 13.212 22.133
363 3 2 14.118 23.859 13.212 22.226
364 3 2 14.118 23.977 13.212 22.344
365 3 2 14.119 24.070 13.212 22.437
366 3 2 14.119 24.188 13.212 22.555
367 3 2 14.119 24.281 13.212 22.648
368 3 2 14.119 24.375 13.212 22.742
369 3 2 14.048 24.505 13.106 23.036
370 3 2 14.072 24.540 13.071 22.990
371 3 2 14.060 24.645 13.059 23.095
