0 0 1 37.283 10.608 36.369 9.903
1 0 1 37.275 10.592 36.295 9.919
2 0 1 37.217 10.633 36.181 9.943
3 0 1 37.152 10.633 36.132 9.878
4 0 1 37.079 10.616 36.050 9.870
5 0 1 37.062 10.600 36.050 9.910
6 0 1 36.997 10.567 36.017 10.001
7 0 1 36.989 10.608 35.993 10.017
8 0 1 36.874 10.559 35.935 10.000
9 0 1 36.866 10.608 35.902 10.131
10 0 1 36.760 10.624 35.960 10.082
11 0 1 36.784 10.682 35.968 10.115
12 0 1 36.727 10.641 35.910 10.131
13 0 1 36.629 10.673 35.910 10.164
14 0 1 36.653 10.681 35.943 10.164
15 0 1 36.588 10.698 35.829 10.140
16 0 1 36.645 10.714 35.812 10.131
17 0 1 36.580 10.739 35.739 10.139
18 0 1 36.490 10.739 35.657 10.148
19 0 1 36.408 10.747 35.575 10.164
20 0 1 36.359 10.747 35.493 10.180
21 0 1 36.277 10.755 35.477 10.262
22 0 1 36.269 10.755 35.395 10.278
23 0 1 36.253 10.788 35.411 10.237
24 0 1 36.179 10.771 35.329 10.286
25 0 1 36.187 10.845 35.427 10.254
26 0 1 36.097 10.738 35.247 10.262
27 0 1 36.097 10.771 35.264 10.237
28 0 1 36.007 10.828 35.313 10.286
29 0 1 36.007 10.828 35.313 10.295
30 0 1 35.942 10.869 35.288 10.278
31 0 1 35.901 10.919 35.239 10.336
32 0 1 35.966 10.886 35.165 10.352
33 0 1 35.745 10.976 34.993 10.352
34 0 1 35.778 10.927 34.985 10.393
35 0 1 35.729 10.927 34.936 10.393
36 0 1 35.631 10.861 34.813 10.335
37 0 1 35.647 10.902 34.854 10.450
38 0 1 35.639 10.927 34.846 10.409
39 0 1 35.532 10.844 34.666 10.384
40 0 1 35.500 10.869 34.707 10.360
41 0 1 35.459 10.869 34.666 10.360
42 0 1 35.434 10.976 34.625 10.384
43 0 1 35.385 10.992 34.649 10.417
44 0 1 35.409 10.951 34.624 10.442
45 0 1 35.295 10.992 34.641 10.417
46 0 1 35.254 11.025 34.624 10.458
47 0 1 35.253 11.115 34.567 10.417
48 0 1 35.204 11.123 34.469 10.417
49 0 1 35.155 11.099 34.362 10.425
50 0 1 35.065 11.074 34.239 10.441
51 0 1 35.032 11.008 34.280 10.499
52 0 1 34.983 11.016 34.231 10.507
53 0 1 34.934 11.041 34.181 10.531
54 0 1 34.934 11.148 33.985 10.433
55 0 1 34.877 11.041 34.124 10.531
56 0 1 34.836 11.057 34.083 10.548
57 0 1 34.819 11.263 33.976 10.531
58 0 1 34.827 11.287 33.968 10.556
59 0 1 34.762 11.049 34.009 10.539
60 0 1 34.638 11.262 33.952 10.564
61 0 1 34.605 11.254 33.902 10.597
62 0 1 34.548 11.287 33.894 10.605
63 0 1 34.524 11.238 33.804 10.597
64 0 1 34.491 11.238 33.681 10.621
65 0 1 34.450 11.180 33.730 10.670
66 0 1 34.401 11.188 33.681 10.679
67 0 1 34.351 11.188 33.631 10.679
68 0 1 34.310 11.188 33.590 10.678
69 0 1 34.253 11.188 33.533 10.678
70 0 1 34.212 11.188 33.492 10.678
71 0 1 34.155 11.196 33.434 10.687
72 0 1 34.122 11.205 33.402 10.695
73 0 1 34.073 11.196 33.352 10.686
74 0 1 34.031 11.205 33.311 10.695
75 0 1 33.982 11.205 33.262 10.695
76 0 1 33.941 11.205 33.221 10.695
77 0 1 33.908 11.205 33.188 10.695
78 0 1 33.867 11.213 33.147 10.703
79 0 1 33.818 11.221 33.098 10.711
80 0 1 33.769 11.213 33.048 10.703
81 0 1 33.728 11.221 33.007 10.711
82 0 1 33.687 11.213 32.966 10.703
83 0 1 33.629 11.221 32.909 10.711
84 0 1 33.588 11.213 32.868 10.702
85 0 1 33.612 11.459 32.704 10.612
86 0 1 33.588 11.311 32.671 10.595
87 0 1 33.514 11.204 32.794 10.694
88 0 1 33.473 11.270 32.638 10.620
89 0 1 33.407 11.262 32.646 10.620
90 0 1 33.333 11.319 32.614 10.595
91 0 1 33.267 11.418 32.581 10.579
92 0 1 33.210 11.451 32.523 10.562
93 0 1 33.359 11.171 32.638 10.661
94 0 1 33.318 11.163 32.597 10.653
95 0 1 33.285 11.163 32.564 10.653
96 0 1 33.235 11.163 32.515 10.653
97 0 1 33.194 11.155 32.474 10.645
98 0 1 33.137 11.138 32.416 10.628
99 0 1 33.096 11.130 32.375 10.620
100 0 1 32.849 11.138 32.120 10.595
101 0 1 32.841 11.261 32.113 10.439
102 0 1 32.841 11.113 32.120 10.603
103 0 1 32.792 11.105 32.071 10.595
104 0 1 32.751 11.089 32.030 10.578
105 0 1 32.694 11.080 31.973 10.570
106 0 1 32.653 11.072 31.932 10.562
107 0 1 32.603 11.064 31.882 10.553
108 0 1 32.562 11.064 31.841 10.553
109 0 1 32.529 11.064 31.808 10.553
110 0 1 32.480 11.056 31.759 10.545
111 0 1 32.431 11.047 31.710 10.537
112 0 1 32.390 11.047 31.669 10.537
113 0 1 32.332 11.047 31.611 10.537
114 0 1 32.291 11.039 31.570 10.529
115 0 1 32.233 11.031 31.512 10.520
116 0 1 32.184 11.031 31.463 10.520
117 0 1 32.135 11.031 31.414 10.520
118 0 1 32.085 11.031 31.364 10.520
119 0 1 32.036 11.022 31.315 10.512
120 0 1 31.987 11.014 31.266 10.504
121 0 1 31.946 11.014 31.224 10.503
122 0 1 31.888 11.006 31.167 10.495
123 0 1 31.855 10.989 31.134 10.479
124 0 1 31.806 10.981 31.085 10.470
125 0 1 31.757 10.981 31.035 10.470
126 0 1 31.707 10.973 30.986 10.462
127 0 1 31.658 10.956 30.937 10.446
128 0 1 31.617 10.948 30.896 10.437
129 0 1 31.551 10.948 30.830 10.437
130 0 1 31.502 10.940 30.780 10.429
131 0 1 31.444 10.915 30.723 10.404
132 0 1 31.403 10.915 30.682 10.404
133 0 1 31.337 10.907 30.616 10.396
134 0 1 31.288 10.890 30.567 10.379
135 0 1 31.247 10.882 30.525 10.371
136 0 1 31.206 10.882 30.484 10.371
137 0 1 31.156 10.874 30.435 10.363
138 0 1 31.107 10.865 30.385 10.354
139 0 1 31.066 10.865 30.344 10.354
140 0 1 31.025 10.865 30.303 10.354
141 0 1 30.975 10.857 30.254 10.346
142 0 1 30.926 10.849 30.204 10.338
143 0 1 30.885 10.857 30.163 10.346
0 1 1 36.930 11.641 35.974 10.960
1 1 1 36.954 11.666 35.958 10.951
2 1 1 36.848 11.625 36.007 11.001
3 1 1 36.734 11.690 35.892 11.017
4 1 1 36.742 11.674 35.892 11.025
5 1 1 36.701 11.674 35.851 11.025
6 1 1 36.636 11.625 35.794 10.804
7 1 1 36.578 11.674 35.786 10.836
8 1 1 36.595 11.617 35.770 10.886
9 1 1 36.562 11.617 35.737 10.886
10 1 1 36.513 11.633 35.688 10.902
11 1 1 36.496 11.649 35.671 10.918
12 1 1 36.439 11.690 35.738 10.648
13 1 1 36.374 11.674 35.745 10.968
14 1 1 36.349 11.608 35.598 10.935
15 1 1 36.276 11.616 35.483 11.091
16 1 1 36.243 11.592 35.508 10.959
17 1 1 36.251 11.633 35.499 10.926
18 1 1 36.210 11.641 35.459 10.935
19 1 1 36.169 11.649 35.418 10.943
20 1 1 36.038 11.600 35.180 11.025
21 1 1 35.981 11.600 35.114 11.025
22 1 1 35.932 11.649 35.164 10.975
23 1 1 35.891 11.657 35.123 10.984
24 1 1 35.850 11.682 35.082 11.008
25 1 1 35.809 11.690 35.041 11.016
26 1 1 35.768 11.715 35.000 11.041
27 1 1 35.727 11.723 34.959 11.049
28 1 1 35.719 11.698 35.122 11.090
29 1 1 35.784 11.723 35.032 11.057
30 1 1 35.612 11.764 35.015 11.197
31 1 1 35.571 11.756 34.983 11.189
32 1 1 35.637 11.797 34.917 11.148
33 1 1 35.522 11.756 34.835 11.148
34 1 1 35.538 11.772 34.827 11.131
35 1 1 35.473 11.739 34.655 11.180
36 1 1 35.407 11.797 34.622 11.262
37 1 1 35.383 11.764 34.515 11.271
38 1 1 35.309 11.805 34.482 11.312
39 1 1 35.276 11.813 34.556 11.328
40 1 1 35.292 11.854 34.401 11.229
41 1 1 35.227 11.863 34.401 11.188
42 1 1 35.153 11.813 34.376 11.197
43 1 1 35.145 11.887 34.384 11.188
44 1 1 35.030 11.830 34.392 11.262
45 1 1 35.005 11.871 34.376 11.254
46 1 1 34.932 11.871 34.351 11.336
47 1 1 34.989 11.895 34.302 11.312
48 1 1 34.956 11.904 34.269 11.320
49 1 1 34.923 11.912 34.236 11.328
50 1 1 34.890 11.920 34.203 11.336
51 1 1 34.849 11.928 34.162 11.344
52 1 1 34.808 11.936 34.121 11.353
53 1 1 34.767 11.945 34.080 11.361
54 1 1 34.718 11.953 34.031 11.369
55 1 1 34.677 11.961 33.990 11.377
56 1 1 34.636 11.969 33.949 11.385
57 1 1 34.595 11.928 33.777 11.344
58 1 1 34.530 11.928 33.842 11.344
59 1 1 34.488 11.936 33.801 11.352
60 1 1 34.439 11.945 33.752 11.361
61 1 1 34.398 11.969 33.661 11.492
62 1 1 34.292 11.920 33.669 11.459
63 1 1 34.226 11.977 33.637 11.484
64 1 1 34.267 12.010 33.596 11.451
65 1 1 34.234 12.010 33.563 11.451
66 1 1 34.111 11.969 33.554 11.500
67 1 1 34.168 12.010 33.505 11.459
68 1 1 34.012 12.035 33.406 11.517
69 1 1 34.045 12.043 33.390 11.500
70 1 1 34.004 12.043 33.349 11.500
71 1 1 33.971 12.051 33.316 11.508
72 1 1 33.930 12.060 33.275 11.517
73 1 1 33.872 12.051 33.218 11.508
74 1 1 33.840 12.060 33.185 11.517
75 1 1 33.790 12.060 33.135 11.517
76 1 1 33.774 12.019 33.103 11.492
77 1 1 33.741 12.043 33.037 11.574
78 1 1 33.716 12.068 33.061 11.541
79 1 1 33.544 12.010 32.971 11.516
80 1 1 33.585 12.027 32.938 11.508
81 1 1 33.552 12.027 32.905 11.508
82 1 1 33.446 12.010 32.856 11.516
83 1 1 33.470 12.019 32.831 11.508
84 1 1 33.437 12.019 32.798 11.508
85 1 1 33.396 12.019 32.757 11.508
86 1 1 33.347 12.027 32.708 11.516
87 1 1 33.306 12.018 32.667 11.508
88 1 1 33.273 12.027 32.634 11.516
89 1 1 33.224 12.018 32.585 11.508
90 1 1 33.174 12.027 32.535 11.516
91 1 1 33.125 12.027 32.486 11.516
92 1 1 33.141 12.043 32.321 11.582
93 1 1 33.051 12.060 32.412 11.557
94 1 1 33.010 12.060 32.371 11.557
95 1 1 33.002 12.002 32.198 11.566
96 1 1 32.919 12.035 32.280 11.541
97 1 1 32.878 12.035 32.239 11.541
98 1 1 32.837 12.027 32.198 11.533
100 1 1 32.829 12.018 32.190 11.524
101 1 1 32.796 12.018 32.157 11.524
102 1 1 32.755 12.018 32.116 11.524
103 1 1 32.706 12.018 32.067 11.524
104 1 1 32.665 12.018 32.025 11.524
105 1 1 32.624 12.010 31.984 11.516
106 1 1 32.574 12.010 31.935 11.516
107 1 1 32.525 12.010 31.886 11.516
108 1 1 32.476 12.002 31.836 11.508
109 1 1 32.426 11.994 31.787 11.499
110 1 1 32.377 11.994 31.738 11.499
111 1 1 32.328 11.985 31.688 11.491
112 1 1 32.278 11.969 31.639 11.475
113 1 1 32.229 11.961 31.590 11.466
114 1 1 32.180 11.969 31.540 11.475
116 1 1 32.171 11.961 31.532 11.466
117 1 1 32.138 11.961 31.499 11.466
118 1 1 32.097 11.961 31.458 11.466
119 1 1 32.048 11.961 31.408 11.466
120 1 1 32.007 11.952 31.367 11.458
121 1 1 31.982 11.944 31.343 11.450
123 1 1 31.661 11.919 30.980 11.417
124 1 1 31.645 11.911 31.005 11.417
125 1 1 31.604 11.911 30.964 11.417
126 1 1 31.546 11.903 30.906 11.408
127 1 1 31.505 11.895 30.865 11.400
128 1 1 31.439 11.903 30.799 11.408
129 1 1 31.390 11.886 30.750 11.392
130 1 1 31.340 11.886 30.700 11.392
131 1 1 31.291 11.886 30.651 11.392
133 1 1 31.283 11.878 30.643 11.384
134 1 1 31.225 11.878 30.585 11.384
135 1 1 31.176 11.870 30.536 11.375
136 1 1 31.134 11.862 30.495 11.367
137 1 1 31.101 11.870 30.462 11.375
139 1 1 31.093 11.862 30.453 11.367
140 1 1 31.060 11.862 30.420 11.367
141 1 1 31.011 11.862 30.371 11.367
142 1 1 30.970 11.862 30.330 11.367
0 3 2 23.229 10.991 21.332 10.195
1 3 2 23.278 11.016 21.291 10.187
2 3 2 23.436 11.016 21.449 10.187
3 3 2 23.594 10.999 21.607 10.170
4 3 2 23.735 11.016 21.749 10.187
5 3 2 23.894 11.000 21.907 10.171
6 3 2 23.986 10.934 22.447 10.287
7 3 2 24.035 10.950 22.372 10.254
8 3 2 24.543 10.868 22.522 10.263
9 3 2 24.459 10.909 22.779 10.279
10 3 2 24.567 10.909 22.988 10.230
11 3 2 24.667 10.893 23.146 10.214
12 3 2 24.916 10.868 23.279 10.222
13 3 2 25.033 10.852 23.387 10.222
14 3 2 25.174 10.852 23.612 10.190
15 3 2 25.414 10.893 23.654 10.140
16 3 2 25.373 10.836 23.944 10.149
17 3 2 25.506 10.836 24.060 10.174
18 3 2 25.821 10.836 23.936 10.165
19 3 2 25.746 10.803 24.210 10.174
20 3 2 25.779 10.803 24.160 10.165
21 3 2 25.937 10.803 24.318 10.166
22 3 2 26.078 10.787 24.459 10.149
23 3 2 26.252 10.803 24.633 10.166
24 3 2 26.393 10.787 24.774 10.150
25 3 2 26.550 10.787 24.932 10.150
26 3 2 26.707 10.787 25.089 10.150
27 3 2 26.865 10.771 25.247 10.134
28 3 2 27.022 10.755 25.405 10.118
29 3 2 27.179 10.755 25.562 10.118
30 3 2 27.320 10.755 25.703 10.118
31 3 2 27.494 10.739 25.877 10.102
32 3 2 27.635 10.722 26.018 10.085
33 3 2 27.792 10.722 26.176 10.086
34 3 2 27.949 10.722 26.333 10.086
35 3 2 28.106 10.706 26.490 10.070
36 3 2 28.263 10.690 26.648 10.053
37 3 2 28.420 10.690 26.805 10.054
38 3 2 28.577 10.690 26.962 10.054
39 3 2 28.734 10.674 27.119 10.037
40 3 2 28.891 10.657 27.277 10.021
41 3 2 29.048 10.658 27.434 10.021
42 3 2 29.188 10.658 27.574 10.022
43 3 2 29.345 10.641 27.731 10.005
44 3 2 29.502 10.625 27.888 9.989
45 3 2 29.658 10.625 28.045 9.989
46 3 2 29.815 10.625 28.202 9.990
47 3 2 30.268 10.642 28.483 9.949
48 3 2 30.170 10.609 28.549 9.974
49 3 2 30.491 10.651 28.904 9.966
50 3 2 30.623 10.643 28.995 9.933
51 3 2 30.770 10.709 29.144 9.810
52 3 2 30.747 10.577 29.135 9.933
53 3 2 30.903 10.569 29.292 9.925
54 3 2 31.059 10.561 29.449 9.917
55 3 2 31.307 10.520 29.771 9.852
56 3 2 31.331 10.504 29.729 9.860
57 3 2 31.677 10.471 30.059 9.795
58 3 2 31.883 10.406 30.208 9.770
59 3 2 31.825 10.405 30.224 9.770
60 3 2 32.162 10.422 30.603 9.738
61 3 2 32.302 10.390 30.677 9.755
62 3 2 32.269 10.390 30.677 9.755
63 3 2 32.434 10.373 30.842 9.739
64 3 2 32.574 10.357 30.982 9.722
65 3 2 32.951 10.366 31.245 9.739
66 3 2 33.140 10.350 31.401 9.748
67 3 2 33.198 10.333 31.541 9.723
68 3 2 33.157 10.333 31.566 9.723
69 3 2 33.296 10.325 31.706 9.715
70 3 2 33.469 10.317 31.878 9.707
71 3 2 33.625 10.293 32.035 9.683
72 3 2 33.797 10.285 32.207 9.675
73 3 2 33.936 10.260 32.347 9.651
74 3 2 34.272 10.343 32.652 9.446
75 3 2 34.100 10.260 32.511 9.651
76 3 2 34.240 10.252 32.651 9.643
77 3 2 34.814 10.163 33.226 9.554
78 3 2 34.863 10.171 33.365 9.488
79 3 2 34.896 10.130 33.316 9.521
80 3 2 35.149 10.171 33.710 9.440
81 3 2 35.313 10.180 33.841 9.489
82 3 2 35.346 10.131 33.783 9.522
83 3 2 35.493 10.123 33.931 9.514
84 3 2 35.673 10.131 34.111 9.522
85 3 2 35.820 10.140 34.259 9.531
86 3 2 35.984 10.148 34.422 9.539
87 3 2 36.131 10.156 34.570 9.548
88 3 2 36.278 10.148 34.717 9.540
89 3 2 36.442 10.173 34.881 9.565
90 3 2 36.605 10.182 35.045 9.573
91 3 2 36.769 10.190 35.208 9.581
92 3 2 37.111 10.420 35.429 9.533
93 3 2 36.924 10.190 35.364 9.582
94 3 2 37.071 10.199 35.511 9.590
95 3 2 37.234 10.223 35.674 9.615
96 3 2 37.381 10.232 35.822 9.623
97 3 2 37.544 10.256 35.985 9.648
98 3 2 37.691 10.265 36.132 9.657
99 3 2 37.854 10.290 36.296 9.682
100 3 2 38.018 10.298 36.459 9.690
101 3 2 38.164 10.323 36.606 9.715
102 3 2 38.328 10.331 36.769 9.723
103 3 2 38.491 10.339 36.933 9.732
104 3 2 38.654 10.348 37.096 9.740
105 3 2 38.800 10.373 37.243 9.765
106 3 2 38.963 10.381 37.406 9.773
107 3 2 39.126 10.389 37.569 9.782
108 3 2 39.273 10.398 37.716 9.790
109 3 2 39.436 10.422 37.879 9.815
110 3 2 39.582 10.414 38.026 9.807
111 3 2 39.745 10.439 38.189 9.832
112 3 2 39.892 10.447 38.336 9.840
113 3 2 40.055 10.456 38.499 9.849
114 3 2 40.201 10.464 38.646 9.857
115 3 2 40.364 10.472 38.809 9.865
116 3 2 40.526 10.481 38.972 9.874
117 3 2 40.673 10.489 39.118 9.882
118 3 2 40.836 10.498 39.281 9.891
119 3 2 40.998 10.506 39.444 9.899
120 3 2 41.144 10.498 39.590 9.891
121 3 2 41.307 10.506 39.753 9.900
122 3 2 41.453 10.498 39.900 9.892
123 3 2 41.989 10.564 40.054 9.965
124 3 2 41.607 10.498 40.054 9.892
125 3 2 41.754 10.490 40.201 9.884
126 3 2 41.932 10.482 40.379 9.876
127 3 2 42.062 10.491 40.510 9.884
128 3 2 42.224 10.483 40.672 9.876
129 3 2 42.387 10.491 40.835 9.885
130 3 2 42.533 10.483 40.981 9.877
131 3 2 42.711 10.491 41.160 9.885
132 3 2 42.841 10.483 41.290 9.877
133 3 2 43.003 10.492 41.452 9.886
134 3 2 43.149 10.484 41.598 9.878
135 3 2 43.327 10.492 41.777 9.886
136 3 2 43.473 10.484 41.923 9.878
137 3 2 43.635 10.492 42.085 9.887
138 3 2 43.797 10.484 42.247 9.879
139 3 2 43.943 10.493 42.393 9.887
140 3 2 44.089 10.501 42.539 9.896
141 3 2 44.251 10.509 42.701 9.904
142 3 2 44.413 10.501 42.864 9.896
143 3 2 44.558 10.510 43.009 9.904
0 7 1 38.238 9.783 37.423 8.988
1 7 1 38.181 9.799 37.366 9.013
2 7 1 38.100 9.758 37.407 9.013
3 7 1 38.059 9.742 37.342 9.013
4 7 1 38.018 9.782 37.342 9.021
5 7 1 37.977 9.774 37.252 8.972
6 7 1 37.969 9.750 37.252 9.062
7 7 1 37.969 9.774 37.219 9.029
8 7 1 37.888 9.782 37.040 9.028
9 7 1 37.871 9.725 37.023 9.069
10 7 1 37.781 9.774 36.934 9.020
11 7 1 37.708 9.790 36.909 9.004
12 7 1 37.716 9.790 36.885 9.020
13 7 1 37.667 9.790 36.828 9.044
14 7 1 37.667 9.806 36.803 9.036
15 7 1 37.602 9.847 36.754 9.077
16 7 1 37.422 9.822 36.819 9.183
17 7 1 37.447 9.888 36.672 9.134
18 7 1 37.381 9.962 36.623 9.134
19 7 1 37.324 10.035 36.599 9.085
20 7 1 37.177 9.937 36.623 9.199
21 7 1 37.169 9.928 36.566 9.158
22 7 1 37.153 9.961 36.566 9.150
23 7 1 37.169 10.092 36.264 9.109
24 7 1 37.047 9.986 36.395 9.199
25 7 1 37.071 10.051 36.150 9.117
26 7 1 37.006 10.174 36.117 9.239
27 7 1 36.908 10.051 36.092 9.247
28 7 1 36.949 10.084 36.133 9.256
29 7 1 36.932 10.125 36.092 9.223
30 7 1 36.883 10.116 36.133 9.223
31 7 1 36.810 10.059 36.157 9.346
32 7 1 36.769 10.100 36.035 9.370
33 7 1 36.728 10.075 36.125 9.387
34 7 1 36.605 10.100 36.010 9.395
35 7 1 36.671 10.157 35.920 9.337
36 7 1 36.556 10.083 35.953 9.444
37 7 1 36.630 10.157 35.839 9.370
38 7 1 36.548 10.173 35.789 9.411
39 7 1 36.540 10.157 35.740 9.427
40 7 1 36.515 10.190 35.683 9.451
41 7 1 36.466 10.198 35.667 9.476
42 7 1 36.425 10.206 35.650 9.509
43 7 1 36.352 10.280 35.634 9.500
44 7 1 36.327 10.304 35.609 9.533
45 7 1 36.311 10.353 35.568 9.590
46 7 1 36.221 10.370 35.617 9.631
47 7 1 36.204 10.435 35.544 9.648
48 7 1 36.163 10.402 35.568 9.705
49 7 1 36.106 10.394 35.543 9.729
50 7 1 36.073 10.394 35.494 9.738
51 7 1 36.049 10.517 35.298 9.745
52 7 1 36.032 10.550 35.331 9.713
53 7 1 36.065 10.525 35.232 9.721
54 7 1 36.016 10.574 35.208 9.745
55 7 1 35.958 10.664 35.159 9.794
56 7 1 35.967 10.443 35.339 9.762
57 7 1 35.934 10.459 35.306 9.778
58 7 1 35.746 10.648 35.142 9.942
59 7 1 35.803 10.746 35.093 9.884
60 7 1 35.746 10.623 35.125 9.942
61 7 1 35.746 10.713 35.101 9.860
62 7 1 35.713 10.713 35.060 9.950
63 7 1 35.631 10.680 35.051 10.065
64 7 1 35.631 10.721 34.961 10.048
65 7 1 35.598 10.705 34.904 10.097
66 7 1 35.582 10.721 34.879 10.097
67 7 1 35.533 10.746 34.847 10.089
68 7 1 35.500 10.746 34.732 10.081
69 7 1 35.483 10.803 34.683 10.081
70 7 1 35.418 10.729 34.806 10.073
71 7 1 35.459 10.926 34.601 10.187
72 7 1 35.418 10.935 34.609 10.195
73 7 1 35.368 10.935 34.592 10.236
74 7 1 35.319 10.959 34.551 10.261
75 7 1 35.286 10.976 34.543 10.253
76 7 1 35.123 10.926 34.567 10.310
77 7 1 35.123 10.959 34.535 10.310
78 7 1 34.992 10.967 34.485 10.351
79 7 1 35.016 11.090 34.338 10.335
80 7 1 34.975 11.025 34.387 10.384
81 7 1 34.934 11.033 34.346 10.392
82 7 1 34.885 11.041 34.297 10.400
83 7 1 34.836 11.033 34.248 10.392
84 7 1 34.795 11.041 34.207 10.400
85 7 1 34.835 11.123 33.977 10.309
86 7 1 34.737 11.024 34.149 10.384
87 7 1 34.688 11.024 34.100 10.383
88 7 1 34.639 11.024 34.051 10.383
89 7 1 34.598 11.016 34.010 10.375
90 7 1 34.746 10.992 33.813 10.416
91 7 1 34.663 11.131 33.895 10.367
92 7 1 34.581 11.147 33.904 10.301
93 7 1 34.434 11.008 33.822 10.285
94 7 1 34.336 10.999 33.797 10.383
95 7 1 34.270 11.049 33.740 10.293
96 7 1 34.221 11.073 33.559 10.293
97 7 1 34.155 11.032 33.461 10.309
98 7 1 34.205 10.966 33.379 10.284
99 7 1 34.090 10.975 33.518 10.342
100 7 1 34.164 10.983 33.256 10.194
101 7 1 34.172 10.983 33.166 10.177
102 7 1 34.024 10.950 33.452 10.317
103 7 1 33.975 10.942 33.403 10.309
104 7 1 33.926 10.933 33.354 10.300
105 7 1 33.868 10.917 33.296 10.284
106 7 1 33.836 10.909 33.264 10.276
107 7 1 33.778 10.884 33.206 10.251
109 7 1 33.770 10.876 33.198 10.243
110 7 1 33.729 10.859 33.157 10.226
111 7 1 33.672 10.843 33.100 10.210
112 7 1 33.631 10.826 33.059 10.193
113 7 1 33.573 10.818 33.001 10.185
114 7 1 33.524 10.802 32.952 10.169
116 7 1 33.516 10.793 32.944 10.160
117 7 1 33.475 10.785 32.903 10.152
118 7 1 33.426 10.769 32.854 10.136
119 7 1 33.368 10.752 32.796 10.119
120 7 1 33.311 10.736 32.739 10.103
122 7 1 32.950 10.579 32.354 9.946
124 7 1 32.942 10.579 32.370 9.946
125 7 1 32.893 10.571 32.321 9.938
126 7 1 32.844 10.555 32.272 9.921
127 7 1 32.803 10.546 32.231 9.913
128 7 1 32.754 10.530 32.181 9.897
129 7 1 32.704 10.521 32.132 9.888
130 7 1 32.647 10.513 32.075 9.880
131 7 1 32.581 10.505 32.009 9.872
132 7 1 32.524 10.497 31.952 9.863
133 7 1 32.474 10.488 31.902 9.855
134 7 1 32.425 10.480 31.853 9.847
135 7 1 32.376 10.472 31.804 9.839
136 7 1 32.327 10.455 31.754 9.822
137 7 1 32.277 10.447 31.705 9.814
138 7 1 32.236 10.439 31.664 9.805
140 7 1 32.228 10.431 31.656 9.797
141 7 1 32.187 10.422 31.615 9.789
142 7 1 32.130 10.414 31.557 9.781
143 7 1 32.089 10.406 31.516 9.772
0 8 1 35.691 9.427 34.957 8.640
1 8 1 35.716 9.451 34.949 8.631
2 8 1 35.642 9.418 34.908 8.672
3 8 1 35.577 9.435 34.826 8.639
4 8 1 35.495 9.418 34.802 8.500
5 8 1 35.446 9.394 34.573 8.557
6 8 1 35.470 9.426 34.581 8.524
7 8 1 35.462 9.394 34.483 8.508
8 8 1 35.413 9.344 34.409 8.507
9 8 1 35.413 9.320 34.320 8.466
10 8 1 35.356 9.336 34.279 8.507
11 8 1 35.315 9.328 34.246 8.482
12 8 1 35.283 9.287 34.164 8.490
13 8 1 35.250 9.352 34.189 8.441
14 8 1 35.193 9.238 34.140 8.458
15 8 1 35.078 9.286 34.197 8.507
16 8 1 35.045 9.319 34.049 8.466
17 8 1 35.037 9.319 34.041 8.523
18 8 1 34.841 9.261 34.041 8.588
19 8 1 34.767 9.253 34.008 8.605
20 8 1 34.694 9.278 34.065 8.580
21 8 1 34.743 9.269 33.943 8.555
22 8 1 34.677 9.286 33.902 8.547
23 8 1 34.579 9.261 33.812 8.547
24 8 1 34.522 9.228 33.591 8.497
25 8 1 34.407 9.236 33.549 8.604
26 8 1 34.399 9.269 33.361 8.603
27 8 1 34.399 9.244 33.426 8.595
28 8 1 34.350 9.228 33.304 8.570
29 8 1 34.350 9.195 33.304 8.554
30 8 1 34.309 9.219 33.295 8.587
31 8 1 34.530 9.138 33.181 8.554
32 8 1 34.244 9.162 33.279 8.628
33 8 1 34.244 9.146 33.229 8.636
34 8 1 34.194 9.219 33.230 8.464
35 8 1 34.137 9.178 33.279 8.505
36 8 1 34.047 9.170 33.239 8.415
37 8 1 33.941 9.137 33.189 8.414
38 8 1 33.826 9.137 33.165 8.341
39 8 1 33.768 9.145 33.091 8.365
40 8 1 33.711 9.161 33.034 8.316
41 8 1 33.727 9.218 32.928 8.127
42 8 1 33.711 9.267 32.789 8.020
43 8 1 33.686 9.202 32.699 8.037
44 8 1 33.761 9.046 32.944 8.373
45 8 1 33.580 9.161 32.722 8.323
46 8 1 33.596 9.177 32.723 8.282
47 8 1 33.523 9.111 32.648 8.421
48 8 1 33.555 9.169 32.657 8.323
49 8 1 33.597 9.062 32.402 8.494
50 8 1 33.588 9.161 32.445 8.003
51 8 1 33.482 9.152 32.477 8.200
52 8 1 33.457 9.128 32.469 8.232
53 8 1 33.359 9.111 32.460 8.224
54 8 1 33.466 9.038 32.648 8.364
55 8 1 33.425 9.046 32.607 8.372
56 8 1 33.384 9.054 32.566 8.380
57 8 1 33.326 9.062 32.509 8.388
58 8 1 32.949 9.127 32.221 8.494
59 8 1 32.866 9.274 32.206 8.166
60 8 1 32.990 9.135 32.180 8.469
61 8 1 32.957 9.151 32.147 8.486
62 8 1 32.907 9.135 32.098 8.469
63 8 1 32.842 9.167 32.032 8.502
64 8 1 32.792 9.167 31.983 8.502
65 8 1 32.760 9.184 31.950 8.518
66 8 1 32.710 9.184 31.901 8.518
67 8 1 32.628 9.200 31.819 8.534
68 8 1 32.595 9.233 31.786 8.567
69 8 1 32.546 9.249 31.736 8.583
70 8 1 32.497 9.249 31.687 8.583
71 8 1 32.439 9.282 31.596 8.624
72 8 1 32.423 9.281 31.613 8.624
73 8 1 32.390 9.290 31.580 8.632
74 8 1 32.341 9.281 31.531 8.624
75 8 1 32.208 9.421 31.441 8.582
76 8 1 32.069 9.305 31.456 8.722
77 8 1 32.012 9.330 31.399 8.713
78 8 1 32.119 9.297 31.218 8.705
79 8 1 31.962 9.387 31.013 8.672
80 8 1 31.995 9.330 31.045 8.754
81 8 1 31.995 9.346 30.955 8.737
82 8 1 31.897 9.346 31.111 8.721
83 8 1 31.987 9.396 30.914 8.671
84 8 1 31.847 9.436 30.840 8.663
85 8 1 31.929 9.445 30.848 8.696
86 8 1 31.831 9.330 31.045 8.704
87 8 1 31.855 9.395 30.840 8.761
88 8 1 31.839 9.412 30.790 8.770
89 8 1 31.707 9.444 30.782 8.720
90 8 1 31.625 9.444 30.782 8.729
91 8 1 31.543 9.477 30.749 8.728
92 8 1 31.485 9.485 30.725 8.720
93 8 1 31.395 9.493 30.667 8.736
94 8 1 31.411 9.501 30.675 8.745
95 8 1 31.320 9.501 30.625 8.835
96 8 1 31.181 9.476 30.510 8.794
97 8 1 31.205 9.567 30.404 8.744
98 8 1 31.287 9.600 30.280 8.752
99 8 1 31.221 9.575 30.132 8.785
100 8 1 31.263 9.567 30.066 8.834
101 8 1 31.279 9.575 30.065 8.866
102 8 1 31.181 9.402 30.436 8.777
103 8 1 31.132 9.410 30.387 8.785
104 8 1 31.066 9.435 30.321 8.810
105 8 1 31.107 9.525 29.982 8.981
106 8 1 31.008 9.418 30.263 8.793
107 8 1 30.950 9.533 30.015 8.973
108 8 1 30.637 9.533 29.876 8.899
109 8 1 30.638 9.525 29.892 8.899
110 8 1 30.604 9.615 29.982 8.989
111 8 1 30.654 9.607 29.917 8.981
112 8 1 30.612 9.615 29.875 8.989
113 8 1 30.431 9.631 29.760 8.915
114 8 1 30.464 9.582 29.736 8.956
115 8 1 30.415 9.590 29.686 8.964
116 8 1 30.464 9.713 29.538 8.997
117 8 1 30.357 9.590 29.628 8.964
118 8 1 30.308 9.598 29.579 8.972
119 8 1 30.275 9.590 29.546 8.964
120 8 1 30.225 9.598 29.497 8.972
121 8 1 30.176 9.573 29.447 8.947
122 8 1 30.127 9.581 29.398 8.955
123 8 1 30.077 9.573 29.348 8.947
124 8 1 30.028 9.565 29.299 8.939
125 8 1 29.979 9.556 29.250 8.930
126 8 1 29.929 9.564 29.200 8.939
127 8 1 29.961 9.762 29.102 8.782
128 8 1 29.872 9.548 29.143 8.922
129 8 1 29.822 9.556 29.093 8.930
130 8 1 29.773 9.564 29.044 8.938
131 8 1 29.740 9.556 29.011 8.930
132 8 1 29.707 9.564 28.978 8.938
133 8 1 29.657 9.556 28.928 8.930
134 8 1 29.608 9.564 28.879 8.938
135 8 1 29.575 9.556 28.846 8.930
136 8 1 29.525 9.564 28.796 8.938
137 8 1 29.476 9.555 28.747 8.929
138 8 1 29.443 9.564 28.714 8.938
139 8 1 29.394 9.555 28.664 8.929
140 8 1 29.328 9.563 28.598 8.937
141 8 1 29.278 9.572 28.549 8.945
142 8 1 29.245 9.580 28.516 8.954
143 8 1 29.335 9.629 28.450 8.945
0 9 1 35.737 11.042 35.002 10.253
1 9 1 35.761 11.066 34.994 10.245
2 9 1 35.688 11.017 34.928 10.245
3 9 1 35.655 10.992 34.830 10.245
4 9 1 35.622 10.984 34.732 10.237
5 9 1 35.614 10.968 34.732 10.171
6 9 1 35.581 10.984 34.732 10.196
7 9 1 35.573 10.976 34.658 10.179
8 9 1 35.516 10.959 34.576 10.122
9 9 1 35.450 10.967 34.584 10.228
10 9 1 35.377 10.967 34.568 10.171
11 9 1 35.295 10.967 34.535 10.187
12 9 1 35.221 10.984 34.519 10.212
13 9 1 35.155 11.008 34.478 10.253
14 9 1 35.098 11.008 34.428 10.367
15 9 1 35.041 11.025 34.330 10.334
16 9 1 35.024 11.033 34.264 10.359
17 9 1 34.967 11.041 34.190 10.359
18 9 1 34.909 11.008 34.100 10.383
19 9 1 34.950 11.033 34.034 10.416
20 9 1 34.909 11.057 33.969 10.424
21 9 1 34.860 11.090 33.952 10.408
22 9 1 34.893 11.115 33.977 10.400
23 9 1 34.885 11.107 33.952 10.391
24 9 1 34.786 11.123 33.928 10.375
25 9 1 34.721 11.098 33.936 10.416
26 9 1 34.663 11.123 33.928 10.424
27 9 1 34.622 11.164 33.895 10.482
28 9 1 34.557 11.147 33.895 10.432
29 9 1 34.524 11.147 33.837 10.449
30 9 1 34.425 11.164 33.747 10.473
31 9 1 34.392 11.246 33.771 10.531
32 9 1 34.294 11.238 33.656 10.564
33 9 1 34.294 11.271 33.648 10.572
34 9 1 34.253 11.262 33.508 10.678
35 9 1 34.220 11.262 33.467 10.662
36 9 1 34.220 11.336 33.377 10.645
37 9 1 34.154 11.279 33.377 10.703
38 9 1 34.195 11.377 33.336 10.695
39 9 1 34.170 11.385 33.319 10.711
40 9 1 34.154 11.451 33.311 10.686
41 9 1 34.113 11.451 33.287 10.703
42 9 1 34.063 11.451 33.262 10.752
43 9 1 34.064 11.410 33.262 10.769
44 9 1 33.981 11.443 33.229 10.760
45 9 1 33.965 11.435 33.221 10.760
46 9 1 33.842 11.459 33.130 10.760
47 9 1 33.784 11.509 33.073 10.793
48 9 1 33.710 11.533 33.196 10.867
49 9 1 33.628 11.583 33.089 10.908
50 9 1 33.620 11.558 33.015 10.916
51 9 1 33.587 11.550 32.965 10.933
52 9 1 33.628 11.607 32.752 10.842
53 9 1 33.546 11.632 32.932 10.949
54 9 1 33.619 11.640 32.645 10.932
55 9 1 33.570 11.706 32.661 10.932
56 9 1 33.398 11.599 32.760 11.015
57 9 1 33.455 11.698 32.629 10.908
58 9 1 33.332 11.656 32.677 11.105
59 9 1 33.324 11.681 32.629 10.916
60 9 1 33.299 11.607 32.645 10.990
61 9 1 33.233 11.656 32.539 10.784
62 9 1 33.175 11.796 32.555 10.891
63 9 1 33.085 11.698 32.537 11.089
64 9 1 33.044 11.665 32.546 11.031
65 9 1 33.069 11.615 32.431 11.056
66 9 1 33.053 11.574 32.422 11.088
67 9 1 33.053 11.623 32.423 11.031
68 9 1 33.012 11.623 32.381 11.031
69 9 1 32.971 11.615 32.340 11.023
70 9 1 32.921 11.623 32.291 11.031
71 9 1 33.060 11.780 32.020 10.998
72 9 1 33.011 11.772 31.987 10.940
73 9 1 33.069 11.747 31.914 10.866
74 9 1 32.856 11.590 32.225 10.998
75 9 1 32.815 11.590 32.184 10.998
76 9 1 32.765 11.582 32.135 10.990
77 9 1 32.724 11.582 32.094 10.989
78 9 1 32.510 11.664 31.863 11.047
79 9 1 32.502 11.648 31.871 11.055
80 9 1 32.321 11.697 31.880 11.080
81 9 1 32.296 11.714 31.822 11.104
82 9 1 32.231 11.640 31.748 11.039
83 9 1 32.296 11.631 31.682 11.039
84 9 1 32.255 11.631 31.641 11.039
85 9 1 32.222 11.648 31.591 11.104
86 9 1 32.206 11.664 31.592 11.080
87 9 1 32.165 11.664 31.550 11.080
88 9 1 32.115 11.664 31.501 11.080
89 9 1 32.066 11.672 31.452 11.088
90 9 1 32.008 11.722 31.081 11.063
91 9 1 32.008 11.672 31.057 11.038
92 9 1 32.000 11.656 31.386 11.071
93 9 1 31.959 11.656 31.345 11.071
94 9 1 31.753 11.639 31.222 10.997
95 9 1 31.704 11.648 31.164 11.005
96 9 1 31.712 11.615 31.164 11.022
97 9 1 31.696 11.606 31.074 10.964
98 9 1 31.597 11.565 31.033 10.923
99 9 1 31.606 11.532 31.024 10.948
100 9 1 31.573 11.508 30.918 10.873
101 9 1 31.679 11.590 30.812 10.676
102 9 1 31.524 11.475 30.942 10.890
103 9 1 31.483 11.466 30.901 10.882
104 9 1 31.433 11.458 30.852 10.873
105 9 1 31.384 11.450 30.802 10.865
106 9 1 31.334 11.433 30.753 10.849
107 9 1 31.285 11.417 30.704 10.832
108 9 1 31.236 11.409 30.654 10.824
109 9 1 31.186 11.392 30.605 10.807
110 9 1 31.137 11.384 30.556 10.799
111 9 1 31.096 11.376 30.515 10.791
113 9 1 30.931 11.450 30.383 10.733
114 9 1 30.948 11.376 30.375 10.791
115 9 1 30.907 11.376 30.333 10.791
116 9 1 30.725 11.441 30.160 10.790
117 9 1 30.733 11.400 30.168 10.815
118 9 1 30.692 11.392 30.127 10.807
119 9 1 30.635 11.384 30.069 10.799
120 9 1 30.585 11.384 30.020 10.798
121 9 1 30.536 11.384 29.971 10.798
122 9 1 30.478 11.375 29.913 10.790
123 9 1 30.429 11.375 29.863 10.790
124 9 1 30.379 11.375 29.814 10.790
125 9 1 30.321 11.375 29.756 10.790
126 9 1 30.272 11.367 29.707 10.782
127 9 1 30.231 11.359 29.666 10.773
128 9 1 30.181 11.350 29.616 10.765
129 9 1 30.132 11.342 29.567 10.757
130 9 1 30.091 11.334 29.526 10.749
131 9 1 30.057 11.425 29.369 10.748
132 9 1 29.992 11.375 29.426 10.790
133 9 1 29.950 11.367 29.385 10.781
134 9 1 29.901 11.350 29.336 10.765
135 9 1 29.852 11.342 29.286 10.757
136 9 1 29.810 11.325 29.245 10.740
137 9 1 29.761 11.309 29.196 10.724
138 9 1 29.712 11.301 29.146 10.715
139 9 1 29.662 11.284 29.097 10.699
140 9 1 29.613 11.268 29.047 10.682
141 9 1 29.563 11.251 28.998 10.666
142 9 1 29.514 11.243 28.949 10.657
143 9 1 29.473 11.226 28.907 10.641
0 10 1 36.355 13.030 35.332 12.496
1 10 1 36.388 13.046 35.315 12.487
2 10 1 36.363 13.038 35.291 12.479
3 10 1 36.338 13.046 35.266 12.487
4 10 1 36.297 13.055 35.225 12.496
5 10 1 36.273 13.047 35.200 12.487
6 10 1 36.232 13.071 35.159 12.512
7 10 1 36.207 13.096 35.135 12.537
8 10 1 35.920 13.113 35.012 12.570
9 10 1 35.937 13.113 35.003 12.570
10 10 1 35.896 13.104 34.962 12.562
11 10 1 35.855 13.113 34.921 12.570
12 10 1 35.814 13.104 34.880 12.562
13 10 1 35.699 13.047 34.938 12.512
14 10 1 35.740 13.047 34.708 12.545
15 10 1 35.683 13.055 34.766 12.529
16 10 1 35.699 13.039 34.954 12.562
17 10 1 35.625 13.055 34.880 12.578
18 10 1 35.642 13.121 34.683 12.603
19 10 1 35.535 13.129 34.667 12.570
20 10 1 35.510 13.162 34.626 12.562
21 10 1 35.387 13.138 34.601 12.586
22 10 1 35.379 13.195 34.585 12.479
23 10 1 35.404 13.105 34.552 12.578
24 10 1 35.174 13.204 34.552 12.595
25 10 1 35.281 13.154 34.453 12.628
26 10 1 35.231 13.162 34.404 12.636
27 10 1 35.018 13.228 34.314 12.512
28 10 1 35.042 13.261 34.355 12.595
29 10 1 35.100 13.195 34.297 12.652
30 10 1 35.059 13.204 34.256 12.661
31 10 1 35.018 13.228 34.215 12.685
32 10 1 34.993 13.195 34.199 12.644
33 10 1 34.993 13.187 34.199 12.644
34 10 1 34.944 13.195 34.150 12.652
35 10 1 34.911 13.204 34.117 12.661
36 10 1 34.829 13.212 33.993 12.677
37 10 1 34.813 13.212 34.018 12.677
38 10 1 34.764 13.212 33.969 12.677
39 10 1 34.706 13.344 33.911 12.644
40 10 1 34.591 13.303 33.911 12.694
41 10 1 34.517 13.385 33.895 12.710
42 10 1 34.591 13.311 33.812 12.776
43 10 1 34.558 13.319 33.779 12.784
44 10 1 34.517 13.319 33.738 12.784
45 10 1 34.295 13.385 33.656 12.760
46 10 1 34.361 13.336 33.590 12.801
47 10 1 34.320 13.336 33.549 12.801
48 10 1 34.295 13.344 33.525 12.809
49 10 1 34.246 13.344 33.475 12.809
50 10 1 34.205 13.352 33.434 12.817
51 10 1 34.164 13.361 33.393 12.826
52 10 1 34.114 13.369 33.344 12.834
53 10 1 34.065 13.377 33.294 12.842
54 10 1 34.024 13.386 33.253 12.850
55 10 1 33.983 13.402 33.212 12.867
56 10 1 33.933 13.410 33.163 12.875
57 10 1 33.892 13.419 33.121 12.883
58 10 1 33.867 13.427 33.097 12.892
59 10 1 33.826 13.427 33.056 12.892
60 10 1 33.793 13.435 33.023 12.900
62 10 1 33.785 13.369 33.015 12.834
63 10 1 33.629 13.460 33.015 12.859
64 10 1 33.703 13.419 32.940 12.883
65 10 1 33.662 13.419 32.899 12.883
66 10 1 33.621 13.427 32.858 12.892
67 10 1 33.588 13.427 32.825 12.892
68 10 1 33.547 13.427 32.784 12.892
69 10 1 33.497 13.427 32.735 12.892
70 10 1 33.456 13.427 32.694 12.892
71 10 1 33.415 13.427 32.652 12.892
72 10 1 33.366 13.427 32.603 12.892
73 10 1 33.325 13.427 32.562 12.892
74 10 1 33.275 13.427 32.513 12.892
75 10 1 33.234 13.427 32.471 12.892
76 10 1 33.193 13.427 32.430 12.892
77 10 1 33.152 13.419 32.389 12.884
78 10 1 33.119 13.428 32.356 12.892
79 10 1 33.078 13.428 32.315 12.892
81 10 1 33.070 13.378 32.307 12.842
82 10 1 33.029 13.378 32.266 12.842
83 10 1 32.996 13.378 32.233 12.842
84 10 1 32.955 13.378 32.192 12.842
85 10 1 32.922 13.378 32.159 12.843
86 10 1 32.889 13.386 32.126 12.851
87 10 1 32.848 13.386 32.085 12.851
88 10 1 32.807 13.387 32.043 12.851
89 10 1 32.765 13.395 32.002 12.859
90 10 1 32.716 13.395 31.953 12.859
91 10 1 32.675 13.403 31.912 12.867
92 10 1 32.617 13.469 31.656 12.843
93 10 1 32.527 13.420 31.763 12.884
94 10 1 32.535 13.477 31.598 12.884
95 10 1 32.452 13.445 31.689 12.909
96 10 1 32.419 13.445 31.656 12.909
97 10 1 32.386 13.453 31.623 12.917
98 10 1 32.362 13.461 31.598 12.925
100 10 1 32.353 13.453 31.590 12.917
101 10 1 32.147 13.503 31.409 12.958
102 10 1 32.098 13.544 31.351 13.008
103 10 1 32.098 13.536 31.351 13.000
104 10 1 32.065 13.494 31.317 13.049
105 10 1 32.016 13.494 31.268 13.049
106 10 1 31.974 13.494 31.227 13.049
107 10 1 31.933 13.494 31.185 13.049
108 10 1 31.884 13.495 31.136 13.049
109 10 1 31.834 13.495 31.086 13.049
110 10 1 31.793 13.486 31.045 13.041
111 10 1 31.744 13.486 30.996 13.041
112 10 1 31.702 13.486 30.955 13.041
113 10 1 31.653 13.486 30.905 13.041
114 10 1 31.612 13.486 30.864 13.041
115 10 1 31.571 13.487 30.823 13.041
116 10 1 31.529 13.487 30.781 13.041
118 10 1 31.521 13.437 30.773 12.992
119 10 1 31.480 13.437 30.732 12.992
120 10 1 31.447 13.437 30.699 12.992
121 10 1 31.406 13.437 30.658 12.992
122 10 1 31.365 13.437 30.617 12.992
123 10 1 31.323 13.429 30.575 12.983
124 10 1 31.274 13.421 30.526 12.975
125 10 1 31.233 13.429 30.485 12.984
126 10 1 31.192 13.421 30.443 12.975
127 10 1 31.142 13.429 30.394 12.984
128 10 1 31.093 13.429 30.344 12.984
129 10 1 31.043 13.429 30.295 12.984
130 10 1 30.994 13.429 30.245 12.984
131 10 1 30.952 13.437 30.204 12.992
132 10 1 30.903 13.437 30.154 12.992
133 10 1 30.862 13.438 30.113 12.992
134 10 1 30.820 13.438 30.072 12.992
136 10 1 30.812 13.388 30.064 12.942
137 10 1 30.763 13.388 30.014 12.942
138 10 1 30.730 13.388 29.981 12.942
139 10 1 30.689 13.380 29.940 12.934
140 10 1 30.647 13.372 29.899 12.926
141 10 1 30.606 13.372 29.858 12.926
142 10 1 30.565 13.363 29.816 12.918
143 10 1 30.515 13.355 29.767 12.910
0 11 1 37.354 12.380 36.554 11.526
1 11 1 37.379 12.405 36.546 11.510
2 11 1 37.346 12.405 36.513 11.510
3 11 1 37.297 12.405 36.464 11.510
4 11 1 37.264 12.405 36.431 11.510
5 11 1 37.215 12.405 36.382 11.510
6 11 1 37.117 12.504 36.456 11.575
7 11 1 37.068 12.438 36.448 11.543
8 11 1 37.092 12.438 36.423 11.534
9 11 1 37.052 12.446 36.382 11.543
10 11 1 37.011 12.438 36.341 11.534
11 11 1 36.970 12.430 36.300 11.526
12 11 1 36.929 12.438 36.259 11.534
13 11 1 36.782 12.438 36.161 11.387
14 11 1 36.798 12.380 36.145 11.444
15 11 1 36.757 12.372 36.104 11.436
16 11 1 36.716 12.364 36.063 11.428
17 11 1 36.675 12.372 36.022 11.436
18 11 1 36.634 12.380 35.981 11.444
19 11 1 36.577 12.389 35.924 11.452
20 11 1 36.552 12.380 35.899 11.444
21 11 1 36.487 12.389 35.793 11.575
22 11 1 36.356 12.397 35.776 11.641
23 11 1 36.389 12.454 35.752 11.575
24 11 1 36.348 12.454 35.711 11.575
25 11 1 36.307 12.471 35.670 11.592
26 11 1 36.266 12.471 35.629 11.592
27 11 1 36.225 12.471 35.588 11.592
28 11 1 36.118 12.430 35.620 11.682
29 11 1 36.053 12.479 35.514 11.616
30 11 1 36.086 12.471 35.481 11.616
31 11 1 36.045 12.479 35.440 11.624
32 11 1 36.004 12.487 35.399 11.633
33 11 1 35.897 12.471 35.350 11.756
34 11 1 35.881 12.471 35.235 11.797
35 11 1 35.815 12.504 35.252 11.731
36 11 1 35.774 12.479 35.227 11.772
37 11 1 35.725 12.496 35.161 11.739
38 11 1 35.684 12.496 35.178 11.772
39 11 1 35.758 12.553 35.072 11.657
40 11 1 35.717 12.570 35.047 11.608
41 11 1 35.561 12.504 35.063 11.764
42 11 1 35.594 12.619 34.957 11.583
43 11 1 35.536 12.578 34.916 11.682
44 11 1 35.496 12.496 34.957 11.756
45 11 1 35.496 12.512 34.948 11.731
46 11 1 35.463 12.512 34.916 11.731
47 11 1 35.430 12.512 34.883 11.731
48 11 1 35.381 12.512 34.834 11.731
49 11 1 35.332 12.512 34.784 11.731
50 11 1 35.299 12.512 34.752 11.731
51 11 1 35.250 12.512 34.702 11.731
52 11 1 35.200 12.512 34.653 11.731
53 11 1 35.168 12.529 34.620 11.747
54 11 1 35.118 12.545 34.571 11.764
55 11 1 35.086 12.529 34.538 11.747
56 11 1 35.053 12.562 34.505 11.780
57 11 1 35.003 12.562 34.456 11.780
58 11 1 34.971 12.578 34.423 11.797
59 11 1 34.938 12.562 34.391 11.780
60 11 1 34.888 12.594 34.341 11.813
61 11 1 34.856 12.611 34.308 11.829
62 11 1 34.823 12.595 34.276 11.813
63 11 1 34.683 12.611 34.168 11.920
64 11 1 34.700 12.652 34.160 11.879
65 11 1 34.658 12.669 34.119 11.895
66 11 1 34.609 12.685 34.070 11.912
67 11 1 34.568 12.702 34.029 11.928
68 11 1 34.486 12.751 33.906 11.945
69 11 1 34.470 12.726 33.930 11.953
70 11 1 34.437 12.735 33.897 11.961
71 11 1 34.297 12.702 33.840 12.051
72 11 1 34.338 12.759 33.807 11.994
73 11 1 34.305 12.768 33.774 12.002
74 11 1 34.264 12.776 33.733 12.010
75 11 1 34.223 12.784 33.692 12.019
76 11 1 34.182 12.784 33.651 12.019
77 11 1 34.141 12.784 33.610 12.019
78 11 1 34.100 12.792 33.569 12.027
79 11 1 34.059 12.792 33.528 12.027
80 11 1 34.018 12.792 33.487 12.027
81 11 1 33.968 12.792 33.437 12.027
82 11 1 33.919 12.792 33.388 12.027
83 11 1 33.878 12.792 33.347 12.027
84 11 1 33.837 12.792 33.306 12.027
85 11 1 33.796 12.784 33.265 12.018
86 11 1 33.755 12.792 33.224 12.027
87 11 1 33.722 12.792 33.191 12.027
88 11 1 33.689 12.792 33.158 12.027
89 11 1 33.648 12.801 33.117 12.035
90 11 1 33.615 12.801 33.084 12.035
91 11 1 33.582 12.801 33.051 12.035
92 11 1 33.541 12.801 33.010 12.035
93 11 1 33.500 12.809 32.969 12.043
94 11 1 33.459 12.809 32.928 12.043
95 11 1 33.418 12.817 32.887 12.051
96 11 1 33.377 12.817 32.845 12.051
97 11 1 33.335 12.826 32.804 12.060
98 11 1 33.294 12.834 32.763 12.068
99 11 1 33.245 12.842 32.714 12.076
100 11 1 33.204 12.850 32.673 12.084
101 11 1 33.154 12.850 32.623 12.084
102 11 1 33.113 12.859 32.582 12.093
103 11 1 33.072 12.859 32.541 12.093
104 11 1 33.031 12.859 32.500 12.093
105 11 1 32.990 12.859 32.459 12.093
106 11 1 32.949 12.859 32.418 12.093
107 11 1 32.908 12.850 32.376 12.084
108 11 1 32.867 12.850 32.335 12.084
109 11 1 32.825 12.850 32.294 12.084
110 11 1 32.784 12.842 32.253 12.076
111 11 1 32.743 12.834 32.212 12.068
112 11 1 32.694 12.826 32.163 12.060
113 11 1 32.645 12.818 32.113 12.051
114 11 1 32.595 12.809 32.064 12.043
115 11 1 32.546 12.793 32.015 12.027
116 11 1 32.505 12.785 31.974 12.018
117 11 1 32.455 12.776 31.924 12.010
118 11 1 32.406 12.760 31.875 11.994
119 11 1 32.365 12.752 31.834 11.985
120 11 1 32.324 12.743 31.793 11.977
121 11 1 32.283 12.744 31.751 11.977
122 11 1 32.242 12.735 31.710 11.969
123 11 1 32.200 12.735 31.669 11.969
124 11 1 32.159 12.735 31.628 11.969
125 11 1 32.118 12.727 31.587 11.961
126 11 1 32.077 12.727 31.546 11.961
127 11 1 32.028 12.727 31.496 11.961
128 11 1 31.986 12.719 31.455 11.952
129 11 1 31.937 12.719 31.406 11.952
130 11 1 31.888 12.719 31.356 11.952
131 11 1 31.838 12.719 31.307 11.952
132 11 1 31.789 12.719 31.257 11.952
133 11 1 31.739 12.719 31.208 11.952
134 11 1 31.690 12.719 31.159 11.952
135 11 1 31.641 12.719 31.109 11.952
136 11 1 31.599 12.719 31.068 11.952
137 11 1 31.550 12.719 31.019 11.952
138 11 1 31.509 12.719 30.977 11.952
139 11 1 31.468 12.711 30.936 11.944
140 11 1 31.435 12.711 30.903 11.944
141 11 1 31.385 12.703 30.854 11.936
142 11 1 31.352 12.694 30.821 11.928
143 11 1 31.311 12.694 30.780 11.928
0 13 1 36.140 13.969 35.372 12.907
1 13 1 36.164 14.002 35.363 12.891
2 13 1 36.132 14.010 35.331 12.899
3 13 1 36.099 14.002 35.298 12.891
4 13 1 36.066 14.027 35.265 12.915
5 13 1 36.033 14.035 35.232 12.924
6 13 1 36.000 14.043 35.199 12.932
7 13 1 35.968 14.035 35.166 12.924
8 13 1 35.935 14.060 35.134 12.948
9 13 1 35.902 14.068 35.101 12.957
10 13 1 35.853 14.093 35.051 12.981
11 13 1 35.803 14.085 35.002 12.973
12 13 1 35.754 14.109 34.953 12.998
13 13 1 35.705 14.101 34.904 12.990
14 13 1 35.639 14.109 34.838 12.998
15 13 1 35.590 14.118 34.789 13.006
16 13 1 35.557 14.143 34.756 13.031
17 13 1 35.524 14.126 34.723 13.014
18 13 1 35.508 14.143 34.707 13.031
19 13 1 35.475 14.151 34.674 13.039
20 13 1 35.418 14.176 34.616 13.064
21 13 1 35.376 14.184 34.575 13.072
22 13 1 35.344 14.209 34.542 13.097
23 13 1 35.311 14.217 34.509 13.105
24 13 1 35.278 14.225 34.476 13.113
25 13 1 35.245 14.234 34.444 13.122
26 13 1 35.187 14.258 34.386 13.146
27 13 1 35.163 14.267 34.361 13.155
28 13 1 35.114 14.275 34.312 13.163
29 13 1 35.081 14.275 34.279 13.163
30 13 1 35.048 14.292 34.246 13.179
31 13 1 35.015 14.300 34.213 13.188
32 13 1 34.982 14.325 34.180 13.212
33 13 1 34.933 14.333 34.131 13.221
34 13 1 34.900 14.358 34.098 13.245
35 13 1 34.867 14.358 34.065 13.245
36 13 1 34.834 14.358 34.032 13.245
37 13 1 34.818 14.366 34.016 13.254
38 13 1 34.785 14.374 33.983 13.262
39 13 1 34.752 14.366 33.950 13.254
40 13 1 34.719 14.375 33.917 13.262
41 13 1 34.686 14.383 33.884 13.270
42 13 1 34.653 14.391 33.852 13.279
43 13 1 34.620 14.399 33.819 13.287
44 13 1 34.579 14.399 33.778 13.287
45 13 1 34.555 14.400 33.753 13.287
46 13 1 34.522 14.408 33.720 13.295
47 13 1 34.489 14.391 33.687 13.279
48 13 1 34.439 14.408 33.638 13.295
49 13 1 34.390 14.400 33.588 13.287
50 13 1 34.341 14.400 33.539 13.287
51 13 1 34.291 14.400 33.490 13.287
52 13 1 34.242 14.408 33.440 13.295
53 13 1 34.209 14.392 33.408 13.279
54 13 1 34.176 14.408 33.375 13.295
55 13 1 34.160 14.400 33.358 13.287
56 13 1 34.102 14.400 33.301 13.287
57 13 1 34.061 14.417 33.259 13.304
58 13 1 34.012 14.425 33.210 13.312
59 13 1 33.954 14.409 33.153 13.296
60 13 1 33.930 14.425 33.128 13.312
61 13 1 33.897 14.417 33.095 13.304
62 13 1 33.839 14.442 33.037 13.329
63 13 1 33.798 14.434 32.996 13.320
64 13 1 33.749 14.442 32.947 13.329
65 13 1 33.716 14.442 32.914 13.329
66 13 1 33.666 14.459 32.864 13.345
67 13 1 33.617 14.450 32.815 13.337
68 13 1 33.559 14.450 32.757 13.337
69 13 1 33.535 14.450 32.733 13.337
70 13 1 33.502 14.459 32.700 13.345
71 13 1 33.460 14.467 32.659 13.354
72 13 1 33.419 14.475 32.617 13.362
73 13 1 33.386 14.484 32.584 13.370
74 13 1 33.329 14.484 32.527 13.370
75 13 1 33.304 14.467 32.502 13.354
76 13 1 33.255 14.459 32.453 13.346
77 13 1 33.214 14.451 32.412 13.337
78 13 1 33.189 14.459 32.387 13.346
79 13 1 33.156 14.451 32.354 13.337
80 13 1 33.115 14.451 32.313 13.337
81 13 1 33.074 14.451 32.272 13.337
82 13 1 33.024 14.459 32.222 13.346
83 13 1 32.991 14.443 32.189 13.329
84 13 1 32.942 14.460 32.140 13.346
85 13 1 32.909 14.451 32.107 13.338
86 13 1 32.851 14.435 32.049 13.321
87 13 1 32.810 14.435 32.008 13.321
88 13 1 32.761 14.443 31.959 13.329
89 13 1 32.728 14.427 31.926 13.313
90 13 1 32.678 14.443 31.876 13.329
91 13 1 32.645 14.435 31.843 13.321
92 13 1 32.612 14.435 31.810 13.321
93 13 1 32.580 14.435 31.777 13.321
94 13 1 32.530 14.444 31.728 13.330
95 13 1 32.472 14.427 31.670 13.313
96 13 1 32.448 14.444 31.646 13.330
97 13 1 32.415 14.452 31.613 13.338
98 13 1 32.357 14.460 31.555 13.346
99 13 1 32.332 14.452 31.530 13.338
100 13 1 32.283 14.461 31.481 13.346
101 13 1 32.241 14.469 31.439 13.354
102 13 1 32.200 14.477 31.398 13.363
103 13 1 32.151 14.469 31.349 13.355
104 13 1 32.093 14.428 31.291 13.404
105 13 1 32.052 14.420 31.249 13.396
106 13 1 32.019 14.411 31.217 13.388
107 13 1 31.986 14.420 31.183 13.396
108 13 1 31.937 14.428 31.134 13.404
109 13 1 31.887 14.420 31.085 13.396
110 13 1 31.829 14.428 31.027 13.404
111 13 1 31.805 14.420 31.002 13.396
112 13 1 31.772 14.445 30.969 13.421
113 13 1 31.731 14.420 30.928 13.396
114 13 1 31.706 14.428 30.903 13.404
115 13 1 31.673 14.420 30.870 13.396
116 13 1 31.631 14.428 30.829 13.404
117 13 1 31.590 14.420 30.788 13.396
118 13 1 31.541 14.429 30.738 13.405
119 13 1 31.483 14.420 30.680 13.396
120 13 1 31.442 14.429 30.639 13.405
121 13 1 31.409 14.404 30.606 13.380
122 13 1 31.351 14.412 30.548 13.388
123 13 1 31.326 14.404 30.524 13.380
124 13 1 31.277 14.396 30.474 13.372
125 13 1 31.219 14.388 30.416 13.363
126 13 1 31.178 14.396 30.375 13.372
127 13 1 31.145 14.371 30.342 13.347
128 13 1 31.087 14.355 30.284 13.331
129 13 1 31.046 14.371 30.243 13.347
130 13 1 30.996 14.380 30.193 13.355
131 13 1 30.939 14.371 30.136 13.347
132 13 1 30.914 14.380 30.111 13.355
133 13 1 30.864 14.372 30.061 13.347
134 13 1 30.823 14.380 30.020 13.356
135 13 1 30.782 14.372 29.979 13.347
136 13 1 30.732 14.380 29.929 13.356
137 13 1 30.674 14.380 29.871 13.356
138 13 1 30.633 14.380 29.830 13.356
139 13 1 30.584 14.372 29.780 13.347
140 13 1 30.526 14.364 29.723 13.339
141 13 1 30.485 14.356 29.681 13.331
142 13 1 30.435 14.364 29.632 13.339
143 13 1 30.402 14.356 29.599 13.331
