0 0 1 27.399 12.342 26.435 11.579
1 0 1 27.424 12.366 26.419 11.571
2 0 1 27.458 12.358 26.452 11.562
3 0 1 27.508 12.349 26.503 11.554
4 0 1 27.541 12.341 26.536 11.545
5 0 1 27.592 12.316 26.587 11.520
6 0 1 27.375 12.243 26.712 11.569
7 0 1 27.434 12.234 26.804 11.568
8 0 1 27.459 12.184 26.904 11.617
9 0 1 27.493 12.201 26.946 11.625
10 0 1 27.526 12.225 26.896 11.593
11 0 1 27.559 12.225 26.930 11.592
12 0 1 27.601 12.225 26.972 11.592
13 0 1 27.609 12.258 27.031 11.509
14 0 1 27.626 12.208 27.005 11.559
15 0 1 27.668 12.208 27.047 11.559
16 0 1 27.710 12.207 27.089 11.558
17 0 1 28.009 12.246 27.066 11.352
18 0 1 27.860 12.140 27.199 11.467
19 0 1 28.192 12.319 27.052 11.029
20 0 1 27.894 12.140 27.232 11.467
21 0 1 27.935 12.148 27.274 11.475
22 0 1 28.185 12.220 27.149 11.384
23 0 1 28.251 12.278 27.348 11.549
24 0 1 28.234 12.237 27.323 11.565
25 0 1 28.251 12.203 27.373 11.581
26 0 1 28.217 12.270 27.533 11.432
27 0 1 28.176 12.278 27.633 11.539
28 0 1 28.259 12.245 27.540 11.564
29 0 1 28.293 12.244 27.574 11.564
30 0 1 28.326 12.244 27.607 11.564
31 0 1 28.376 12.244 27.657 11.563
32 0 1 28.393 12.227 27.674 11.547
33 0 1 28.459 12.243 27.741 11.563
34 0 1 28.492 12.226 27.774 11.546
35 0 1 28.542 12.226 27.824 11.546
36 0 1 28.576 12.226 27.858 11.546
37 0 1 29.048 12.338 27.739 10.943
38 0 1 28.834 12.166 28.117 11.478
39 0 1 29.081 12.313 27.839 10.959
40 0 1 29.098 12.280 27.964 10.950
41 0 1 29.049 12.214 28.080 10.958
42 0 1 28.801 12.133 28.084 11.453
43 0 1 28.834 12.133 28.117 11.453
44 0 1 29.065 12.255 28.264 10.932
45 0 1 29.107 12.247 28.280 10.965
46 0 1 29.173 12.263 28.280 10.982
47 0 1 29.116 12.164 28.467 11.451
48 0 1 29.339 12.261 28.313 11.023
49 0 1 29.530 12.243 28.305 11.023
50 0 1 29.630 12.218 28.313 11.031
51 0 1 29.108 12.123 28.401 11.443
52 0 1 29.150 12.123 28.442 11.443
53 0 1 29.621 12.259 28.355 11.039
54 0 1 29.646 12.234 28.446 11.080
55 0 1 29.762 12.184 28.211 11.255
56 0 1 29.764 12.069 28.269 11.287
57 0 1 29.630 12.185 28.816 11.490
58 0 1 29.829 12.143 28.410 11.278
59 0 1 29.961 12.191 28.468 11.336
60 0 1 29.539 12.153 28.824 11.474
61 0 1 29.572 12.153 28.858 11.474
62 0 1 29.622 12.152 28.907 11.473
63 0 1 29.917 12.380 28.878 11.053
64 0 1 29.934 12.397 28.987 10.987
65 0 1 30.016 12.404 29.012 11.028
66 0 1 29.647 12.127 28.933 11.449
67 0 1 29.680 12.127 28.966 11.448
68 0 1 29.713 12.127 28.999 11.448
69 0 1 29.746 12.127 29.032 11.448
70 0 1 29.780 12.110 29.066 11.431
71 0 1 29.829 12.110 29.115 11.431
72 0 1 30.225 12.205 29.404 11.553
73 0 1 30.167 12.206 29.446 11.536
74 0 1 30.200 12.197 29.479 11.528
75 0 1 30.266 12.205 29.546 11.536
76 0 1 30.291 12.197 29.570 11.527
77 0 1 30.349 12.205 29.628 11.535
78 0 1 30.374 12.196 29.653 11.527
79 0 1 30.415 12.221 29.694 11.551
80 0 1 30.456 12.212 29.736 11.543
81 0 1 30.497 12.220 29.777 11.551
82 0 1 30.522 12.228 29.802 11.559
83 0 1 30.580 12.236 29.860 11.567
84 0 1 30.604 12.244 29.885 11.575
85 0 1 30.662 12.252 29.942 11.583
86 0 1 30.687 12.243 29.967 11.574
87 0 1 30.744 12.267 30.025 11.599
88 0 1 30.785 12.275 30.066 11.606
89 0 1 30.843 12.283 30.124 11.614
90 0 1 30.884 12.291 30.165 11.622
91 0 1 30.925 12.299 30.206 11.630
92 0 1 30.966 12.307 30.248 11.638
93 0 1 31.007 12.315 30.289 11.646
94 0 1 31.048 12.323 30.330 11.654
95 0 1 31.089 12.330 30.371 11.662
96 0 1 31.131 12.322 30.413 11.654
97 0 1 31.172 12.330 30.454 11.662
98 0 1 31.196 12.321 30.479 11.653
99 0 1 31.238 12.329 30.520 11.661
100 0 1 31.279 12.321 30.561 11.653
101 0 1 31.320 12.329 30.602 11.661
102 0 1 31.345 12.320 30.627 11.652
103 0 1 31.402 12.328 30.685 11.660
104 0 1 31.443 12.320 30.726 11.652
105 0 1 31.484 12.327 30.767 11.660
106 0 1 31.542 12.319 30.825 11.651
107 0 1 31.583 12.327 30.866 11.659
108 0 1 31.624 12.318 30.907 11.651
109 0 1 31.681 12.326 30.965 11.658
110 0 1 31.706 12.318 30.990 11.650
111 0 1 31.763 12.325 31.047 11.658
112 0 1 31.788 12.333 31.072 11.666
113 0 1 31.845 12.341 31.130 11.674
114 0 1 31.870 12.333 31.154 11.666
115 0 1 31.911 12.357 31.195 11.690
116 0 1 31.952 12.348 31.236 11.681
117 0 1 31.993 12.373 31.277 11.706
118 0 1 32.034 12.364 31.319 11.697
119 0 1 32.075 12.372 31.360 11.705
120 0 1 32.115 12.380 31.401 11.713
121 0 1 32.156 12.388 31.442 11.721
122 0 1 32.197 12.396 31.483 11.729
123 0 1 32.254 12.420 31.540 11.753
124 0 1 32.295 12.411 31.581 11.745
125 0 1 32.352 12.435 31.638 11.769
126 0 1 32.393 12.427 31.679 11.761
127 0 1 32.434 12.451 31.720 11.785
128 0 1 32.459 12.443 31.745 11.777
129 0 1 32.500 12.451 31.786 11.784
130 0 1 32.541 12.442 31.827 11.776
131 0 1 32.581 12.450 31.868 11.784
132 0 1 32.622 12.441 31.909 11.776
133 0 1 32.663 12.449 31.950 11.783
134 0 1 32.688 12.441 31.975 11.775
135 0 1 32.729 12.449 32.016 11.783
136 0 1 32.770 12.440 32.057 11.775
137 0 1 32.810 12.432 32.098 11.766
138 0 1 32.851 12.423 32.139 11.758
139 0 1 32.909 12.431 32.196 11.765
140 0 1 32.950 12.406 32.237 11.741
141 0 1 33.007 12.414 32.295 11.748
142 0 1 33.048 12.405 32.336 11.740
143 0 1 33.089 12.397 32.377 11.732
144 0 1 33.129 12.388 32.418 11.723
145 0 1 33.170 12.396 32.459 11.731
146 0 1 33.211 12.388 32.500 11.723
147 0 1 33.252 12.396 32.541 11.731
148 0 1 33.293 12.387 32.582 11.722
149 0 1 33.333 12.395 32.622 11.730
150 0 1 33.358 12.387 32.647 11.722
151 0 1 33.415 12.394 32.704 11.729
152 0 1 33.439 12.386 32.729 11.721
153 0 1 33.496 12.394 32.786 11.729
154 0 1 33.537 12.402 32.827 11.737
155 0 1 33.570 12.410 32.859 11.745
156 0 1 33.619 12.401 32.908 11.736
157 0 1 33.675 12.409 32.965 11.744
158 0 1 33.716 12.425 33.006 11.760
159 0 1 33.773 12.424 33.063 11.760
160 0 1 33.814 12.416 33.104 11.751
161 0 1 33.869 12.578 33.159 11.914
162 0 1 34.326 12.428 33.577 11.757
172 0 1 34.180 12.356 33.512 11.749
173 0 1 34.546 12.353 33.790 11.706
174 0 1 34.505 12.353 33.806 11.706
175 0 1 34.554 12.345 33.855 11.698
176 0 1 34.587 12.337 33.887 11.689
177 0 1 34.619 12.328 33.920 11.681
178 0 1 34.668 12.320 33.969 11.672
179 0 1 34.717 12.311 34.018 11.664
180 0 1 34.554 12.353 33.969 11.705
181 0 1 34.603 12.353 34.099 11.664
182 0 1 34.692 12.352 34.148 11.647
183 0 1 34.716 12.368 34.204 11.704
184 0 1 34.789 12.351 34.123 11.704
185 0 1 34.830 12.318 34.180 11.745
186 0 1 34.862 12.359 34.229 11.679
187 0 1 34.993 12.285 34.164 11.688
188 0 1 35.146 12.283 34.188 11.704
189 0 1 34.887 12.294 34.237 11.663
190 0 1 35.219 12.291 34.213 11.679
191 0 1 35.268 12.299 34.156 11.712
0 5 1 25.913 13.571 24.825 12.801
1 5 1 25.947 13.595 24.809 12.793
2 5 1 25.980 13.595 24.842 12.793
3 5 1 26.014 13.595 24.876 12.793
4 5 1 26.047 13.594 24.910 12.792
5 5 1 26.081 13.594 24.944 12.792
6 5 1 26.131 13.593 24.994 12.792
7 5 1 26.182 13.576 25.045 12.775
8 5 1 26.215 13.576 25.079 12.774
9 5 1 26.266 13.576 25.129 12.774
10 5 1 26.333 13.575 25.197 12.773
11 5 1 26.366 13.575 25.230 12.773
12 5 1 26.400 13.574 25.264 12.773
13 5 1 26.450 13.590 25.315 12.789
14 5 1 26.484 13.590 25.348 12.789
15 5 1 26.517 13.590 25.382 12.788
16 5 1 26.551 13.589 25.416 12.788
17 5 1 26.601 13.589 25.466 12.788
18 5 1 26.668 13.588 25.533 12.787
19 5 1 26.718 13.571 25.584 12.770
20 5 1 26.744 13.571 25.609 12.770
21 5 1 26.785 13.570 25.651 12.770
22 5 1 26.819 13.570 25.685 12.769
23 5 1 26.869 13.570 25.736 12.769
24 5 1 26.919 13.569 25.786 12.768
25 5 1 26.953 13.552 25.820 12.752
26 5 1 26.978 13.552 25.845 12.751
27 5 1 27.037 13.551 25.904 12.751
28 5 1 27.087 13.551 25.954 12.750
29 5 1 27.078 13.551 25.946 12.751
30 5 1 27.120 13.551 25.988 12.750
31 5 1 27.137 13.550 26.005 12.750
32 5 1 27.187 13.550 26.055 12.750
33 5 1 27.237 13.549 26.106 12.749
34 5 1 27.287 13.549 26.156 12.749
35 5 1 27.313 13.524 26.181 12.724
36 5 1 27.371 13.531 26.240 12.731
37 5 1 27.421 13.531 26.290 12.731
38 5 1 27.446 13.506 26.316 12.706
39 5 1 27.488 13.514 26.358 12.714
40 5 1 27.538 13.513 26.408 12.714
41 5 1 27.589 13.488 26.459 12.688
42 5 1 27.622 13.479 26.492 12.680
43 5 1 27.672 13.462 26.543 12.663
44 5 1 27.739 13.462 26.610 12.662
45 5 1 27.789 13.445 26.660 12.645
46 5 1 27.806 13.445 26.677 12.645
47 5 1 27.848 13.444 26.719 12.645
48 5 1 27.889 13.444 26.761 12.644
49 5 1 27.939 13.443 26.811 12.644
50 5 1 27.989 13.435 26.861 12.635
51 5 1 28.006 13.443 26.878 12.643
52 5 1 28.056 13.442 26.928 12.643
53 5 1 28.089 13.442 26.962 12.643
54 5 1 28.122 13.442 26.995 12.643
55 5 1 28.172 13.441 27.045 12.642
56 5 1 28.222 13.441 27.095 12.642
57 5 1 28.256 13.440 27.129 12.641
58 5 1 28.289 13.440 27.162 12.641
59 5 1 28.339 13.431 27.213 12.633
60 5 1 28.389 13.422 27.263 12.624
61 5 1 28.422 13.422 27.296 12.624
62 5 1 28.447 13.422 27.321 12.623
63 5 1 28.489 13.422 27.363 12.623
64 5 1 28.522 13.421 27.397 12.623
65 5 1 28.547 13.413 27.422 12.614
66 5 1 28.589 13.421 27.463 12.622
67 5 1 28.622 13.437 27.497 12.638
68 5 1 28.672 13.412 27.547 12.613
69 5 1 28.738 13.419 27.614 12.621
70 5 1 28.772 13.402 27.647 12.604
71 5 1 28.797 13.394 27.672 12.596
72 5 1 28.838 13.402 27.714 12.604
73 5 1 28.871 13.401 27.747 12.603
74 5 1 28.896 13.393 27.772 12.595
75 5 1 28.938 13.384 27.814 12.586
76 5 1 28.988 13.384 27.864 12.586
77 5 1 29.013 13.359 27.890 12.561
78 5 1 29.054 13.367 27.931 12.569
79 5 1 29.104 13.350 27.981 12.552
80 5 1 29.154 13.341 28.031 12.543
81 5 1 29.204 13.332 28.082 12.535
82 5 1 29.253 13.332 28.132 12.534
83 5 1 29.262 13.332 28.140 12.534
84 5 1 29.336 13.331 28.215 12.534
85 5 1 29.386 13.331 28.265 12.533
86 5 1 29.411 13.322 28.290 12.525
87 5 1 29.452 13.330 28.331 12.533
88 5 1 29.485 13.330 28.365 12.532
89 5 1 29.535 13.321 28.415 12.524
90 5 1 29.601 13.328 28.481 12.532
91 5 1 29.634 13.345 28.514 12.548
92 5 1 29.659 13.336 28.539 12.539
93 5 1 29.717 13.344 28.597 12.547
94 5 1 29.733 13.360 28.614 12.563
95 5 1 29.775 13.351 28.655 12.555
96 5 1 29.800 13.359 28.680 12.563
97 5 1 29.849 13.343 28.730 12.546
98 5 1 29.883 13.334 28.764 12.538
99 5 1 29.932 13.342 28.813 12.545
100 5 1 29.998 13.358 28.880 12.561
101 5 1 30.039 13.349 28.921 12.553
102 5 1 30.080 13.373 28.963 12.577
103 5 1 30.114 13.373 28.996 12.577
104 5 1 30.138 13.364 29.021 12.568
105 5 1 30.196 13.372 29.079 12.576
106 5 1 30.246 13.372 29.129 12.576
107 5 1 30.254 13.347 29.137 12.551
108 5 1 30.295 13.355 29.179 12.559
109 5 1 30.328 13.354 29.212 12.559
110 5 1 30.353 13.346 29.237 12.550
111 5 1 30.394 13.354 29.278 12.558
112 5 1 30.427 13.353 29.311 12.558
113 5 1 30.452 13.329 29.336 12.533
114 5 1 30.510 13.336 29.394 12.541
115 5 1 30.543 13.336 29.427 12.540
116 5 1 30.568 13.311 29.452 12.516
117 5 1 30.626 13.319 29.510 12.523
118 5 1 30.692 13.318 29.577 12.523
119 5 1 30.733 13.309 29.618 12.514
120 5 1 30.774 13.317 29.659 12.522
121 5 1 30.823 13.317 29.709 12.522
122 5 1 30.889 13.308 29.775 12.513
123 5 1 30.922 13.316 29.808 12.521
124 5 1 30.955 13.332 29.841 12.537
125 5 1 31.004 13.323 29.891 12.529
126 5 1 31.021 13.331 29.908 12.537
127 5 1 31.070 13.331 29.957 12.536
128 5 1 31.103 13.347 29.990 12.552
129 5 1 31.136 13.347 30.023 12.552
130 5 1 31.185 13.346 30.073 12.552
131 5 1 31.235 13.337 30.122 12.543
132 5 1 31.267 13.362 30.155 12.568
133 5 1 31.317 13.361 30.205 12.567
134 5 1 31.366 13.353 30.254 12.559
135 5 1 31.399 13.360 30.287 12.566
136 5 1 31.448 13.360 30.337 12.566
137 5 1 31.514 13.376 30.403 12.582
138 5 1 31.563 13.375 30.452 12.582
139 5 1 31.579 13.375 30.469 12.581
140 5 1 31.620 13.366 30.510 12.573
141 5 1 31.645 13.374 30.535 12.581
142 5 1 31.678 13.374 30.568 12.581
143 5 1 31.735 13.365 30.626 12.572
144 5 1 31.760 13.373 30.650 12.580
145 5 1 31.793 13.373 30.683 12.580
146 5 1 31.875 13.315 30.774 12.522
147 5 1 31.883 13.356 30.782 12.562
148 5 1 31.916 13.355 30.815 12.562
149 5 1 31.932 13.380 30.840 12.587
150 5 1 31.998 13.338 30.906 12.545
151 5 1 32.047 13.338 30.955 12.545
152 5 1 32.088 13.321 31.005 12.528
153 5 1 32.121 13.337 31.038 12.544
154 5 1 32.187 13.336 31.104 12.544
155 5 1 32.236 13.320 31.161 12.527
156 5 1 32.252 13.319 31.178 12.527
157 5 1 32.301 13.335 31.227 12.543
158 5 1 32.326 13.327 31.252 12.534
159 5 1 32.366 13.351 31.293 12.558
160 5 1 32.416 13.351 31.342 12.558
161 5 1 32.457 13.350 31.383 12.558
162 5 1 32.497 13.366 31.424 12.574
172 5 1 32.954 13.419 31.883 12.636
173 5 1 32.987 13.418 31.916 12.635
174 5 1 33.003 13.435 31.932 12.651
175 5 1 33.036 13.434 31.965 12.651
176 5 1 33.060 13.434 31.989 12.651
177 5 1 33.117 13.434 32.047 12.651
178 5 1 33.134 13.433 32.063 12.650
179 5 1 33.191 13.433 32.121 12.650
180 5 1 33.231 13.432 32.162 12.650
181 5 1 33.280 13.432 32.211 12.649
182 5 1 33.313 13.432 32.243 12.649
183 5 1 33.346 13.431 32.276 12.649
184 5 1 33.395 13.431 32.325 12.648
185 5 1 33.435 13.430 32.366 12.648
186 5 1 33.460 13.430 32.391 12.648
187 5 1 33.525 13.430 32.456 12.647
188 5 1 33.566 13.429 32.497 12.647
189 5 1 33.606 13.429 32.538 12.646
190 5 1 33.655 13.412 32.587 12.630
191 5 1 33.712 13.411 32.645 12.629
163 5 1 32.530 13.366 31.457 12.573
164 5 1 32.571 13.365 31.498 12.581
165 5 1 32.628 13.373 31.555 12.589
166 5 1 32.661 13.373 31.588 12.589
167 5 1 32.710 13.372 31.637 12.588
168 5 1 32.759 13.372 31.687 12.588
169 5 1 32.791 13.371 31.719 12.588
170 5 1 32.840 13.387 31.769 12.604
171 5 1 32.905 13.403 31.834 12.620
0 6 1 25.642 11.044 24.846 10.391
1 6 1 25.633 11.052 24.855 10.374
2 6 1 25.718 11.027 24.931 10.374
3 6 1 25.751 11.044 24.948 10.366
4 6 1 25.852 11.035 25.049 10.390
5 6 1 25.936 11.043 25.100 10.390
6 6 1 26.079 11.050 25.151 10.340
7 6 1 26.112 11.083 25.193 10.357
8 6 1 26.121 11.083 25.227 10.365
9 6 1 26.079 11.059 25.252 10.390
10 6 1 26.130 11.058 25.302 10.389
11 6 1 26.273 11.016 25.302 10.373
12 6 1 26.256 11.058 25.362 10.339
13 6 1 26.239 11.016 25.252 10.390
14 6 1 26.315 11.016 25.370 10.414
15 6 1 26.298 11.024 25.454 10.397
16 6 1 26.298 11.016 25.479 10.389
17 6 1 26.340 11.016 25.496 10.397
18 6 1 26.373 11.032 25.555 10.380
19 6 1 26.449 11.024 25.657 10.322
20 6 1 26.591 11.056 25.724 10.363
21 6 1 26.708 11.089 25.775 10.321
22 6 1 26.642 11.014 25.824 10.396
23 6 1 26.684 11.014 25.867 10.396
24 6 1 26.743 11.014 25.925 10.395
25 6 1 26.768 11.014 25.951 10.395
26 6 1 26.826 11.030 26.009 10.412
27 6 1 26.868 11.013 26.052 10.395
28 6 1 26.952 11.029 25.909 10.396
29 6 1 27.010 11.029 25.967 10.395
30 6 1 27.044 11.029 26.068 10.395
31 6 1 27.060 11.079 26.161 10.361
32 6 1 26.960 11.038 26.254 10.361
33 6 1 27.044 11.029 26.279 10.378
34 6 1 27.043 11.087 26.355 10.344
35 6 1 27.094 11.062 26.430 10.394
36 6 1 27.111 11.020 26.447 10.344
37 6 1 27.236 11.069 26.514 10.377
38 6 1 27.394 11.209 26.447 10.319
39 6 1 27.461 11.176 26.430 10.344
40 6 1 27.479 11.052 26.648 10.393
41 6 1 27.578 11.134 26.564 10.368
42 6 1 27.662 11.109 26.564 10.385
43 6 1 27.603 11.101 26.689 10.467
44 6 1 27.754 11.125 26.648 10.376
45 6 1 27.812 11.124 26.681 10.401
46 6 1 27.820 11.124 26.748 10.393
47 6 1 27.787 11.149 26.916 10.375
48 6 1 27.704 11.059 27.033 10.416
49 6 1 27.770 11.141 27.017 10.358
50 6 1 27.687 11.100 27.083 10.400
51 6 1 27.687 11.059 27.092 10.375
52 6 1 27.762 11.100 27.117 10.416
53 6 1 27.912 11.157 27.109 10.366
54 6 1 28.070 11.148 27.184 10.374
55 6 1 28.187 11.164 27.260 10.349
56 6 1 28.270 11.139 27.310 10.357
57 6 1 28.254 11.147 27.334 10.399
58 6 1 28.270 11.130 27.385 10.399
59 6 1 28.328 11.188 27.401 10.407
60 6 1 28.378 11.179 27.443 10.415
61 6 1 28.412 11.163 27.484 10.456
62 6 1 28.370 11.188 27.509 10.514
63 6 1 28.312 11.130 27.575 10.596
64 6 1 28.378 11.212 27.609 10.505
65 6 1 28.419 11.220 27.660 10.472
66 6 1 28.461 11.261 27.710 10.406
67 6 1 28.378 11.188 27.810 10.513
68 6 1 28.453 11.146 27.726 10.538
69 6 1 28.636 11.236 27.760 10.422
70 6 1 28.777 11.251 27.819 10.405
71 6 1 28.478 11.138 27.751 10.530
72 6 1 28.520 11.146 27.793 10.538
73 6 1 28.828 11.128 28.068 10.520
74 6 1 28.803 11.128 28.076 10.520
75 6 1 28.985 11.234 27.993 10.512
76 6 1 29.018 11.209 28.027 10.504
77 6 1 29.051 11.209 28.035 10.520
78 6 1 29.060 11.209 28.093 10.503
79 6 1 29.076 11.258 28.202 10.495
80 6 1 28.803 11.095 28.077 10.487
81 6 1 29.117 11.250 28.311 10.445
82 6 1 29.036 11.126 28.459 10.543
83 6 1 29.108 11.340 28.385 10.469
84 6 1 29.175 11.332 28.502 10.444
85 6 1 29.069 11.118 28.351 10.519
86 6 1 29.102 11.118 28.385 10.519
87 6 1 29.152 11.118 28.435 10.519
88 6 1 29.168 11.118 28.451 10.519
89 6 1 29.218 11.117 28.501 10.518
90 6 1 29.235 11.117 28.518 10.518
91 6 1 29.285 11.117 28.568 10.518
92 6 1 29.640 11.214 28.934 10.517
93 6 1 29.730 11.296 28.758 10.641
94 6 1 29.739 11.255 28.825 10.600
95 6 1 29.616 11.148 28.909 10.550
96 6 1 29.657 11.148 28.950 10.550
97 6 1 29.699 11.148 28.992 10.549
98 6 1 29.740 11.148 29.033 10.549
99 6 1 29.781 11.147 29.075 10.549
100 6 1 29.823 11.147 29.116 10.549
101 6 1 29.864 11.130 29.158 10.532
102 6 1 30.103 11.220 29.283 10.466
103 6 1 30.103 11.253 29.431 10.605
104 6 1 30.112 11.220 29.414 10.622
105 6 1 30.153 11.211 29.456 10.614
106 6 1 30.359 11.227 29.431 10.548
107 6 1 30.376 11.243 29.423 10.531
108 6 1 30.417 11.226 29.406 10.573
109 6 1 30.434 11.202 29.473 10.531
110 6 1 30.425 11.234 29.523 10.498
111 6 1 30.401 11.226 29.531 10.498
112 6 1 30.442 11.234 29.623 10.498
113 6 1 30.145 11.154 29.448 10.556
114 6 1 30.195 11.145 29.498 10.548
115 6 1 30.228 11.145 29.531 10.547
116 6 1 30.269 11.145 29.572 10.547
117 6 1 30.303 11.136 29.606 10.539
118 6 1 30.831 11.134 30.070 10.479
119 6 1 30.782 11.101 30.086 10.504
120 6 1 30.815 11.093 30.119 10.496
121 6 1 30.864 11.093 30.169 10.496
122 6 1 30.905 11.084 30.210 10.487
123 6 1 30.955 11.084 30.260 10.487
124 6 1 30.996 11.092 30.301 10.495
125 6 1 31.037 11.092 30.342 10.495
126 6 1 31.078 11.091 30.384 10.495
127 6 1 31.119 11.091 30.425 10.495
128 6 1 31.152 11.091 30.458 10.494
129 6 1 31.194 11.083 30.499 10.486
130 6 1 31.227 11.082 30.532 10.486
132 6 1 31.218 11.074 30.524 10.478
133 6 1 31.251 11.066 30.557 10.469
134 6 1 31.293 11.066 30.599 10.469
135 6 1 31.326 11.057 30.632 10.461
136 6 1 31.359 11.049 30.665 10.453
137 6 1 31.392 11.041 30.698 10.444
138 6 1 31.433 11.032 30.739 10.436
139 6 1 31.474 11.024 30.781 10.427
140 6 1 31.523 11.015 30.830 10.419
142 6 1 31.704 11.006 30.723 10.378
143 6 1 31.704 11.039 30.773 10.353
144 6 1 31.754 10.981 31.061 10.369
145 6 1 31.753 11.047 30.897 10.353
146 6 1 31.786 11.031 30.963 10.328
147 6 1 31.811 11.047 31.054 10.303
148 6 1 31.851 11.079 31.169 10.303
149 6 1 31.762 10.965 31.070 10.369
150 6 1 31.925 11.120 31.269 10.237
151 6 1 32.007 11.087 31.326 10.261
152 6 1 31.779 10.949 31.086 10.352
153 6 1 31.803 10.948 31.111 10.352
154 6 1 31.828 10.940 31.136 10.344
155 6 1 32.237 11.061 31.367 10.310
156 6 1 32.197 10.947 31.548 10.293
157 6 1 32.206 10.914 31.523 10.318
158 6 1 32.247 10.914 31.564 10.318
159 6 1 32.296 10.905 31.613 10.310
160 6 1 32.337 10.905 31.655 10.309
161 6 1 32.370 10.905 31.687 10.309
162 6 1 32.427 10.962 31.622 10.252
172 6 1 32.788 10.870 32.106 10.275
173 6 1 32.837 10.862 32.156 10.267
174 6 1 32.878 10.853 32.197 10.258
175 6 1 32.911 10.845 32.230 10.250
176 6 1 32.960 10.828 32.279 10.233
177 6 1 33.001 10.820 32.320 10.225
178 6 1 33.050 10.812 32.369 10.217
179 6 1 33.082 10.861 32.247 10.152
180 6 1 33.074 10.836 32.313 10.127
181 6 1 33.099 10.836 32.387 10.077
182 6 1 33.131 10.893 32.503 10.012
183 6 1 33.018 10.763 32.337 10.168
184 6 1 33.051 10.754 32.370 10.159
185 6 1 33.075 10.754 32.395 10.159
186 6 1 33.100 10.754 32.419 10.159
187 6 1 33.408 10.867 32.633 10.060
188 6 1 33.132 10.746 32.452 10.151
189 6 1 33.149 10.746 32.469 10.151
190 6 1 33.157 10.738 32.477 10.143
191 6 1 33.149 10.738 32.469 10.143
163 6 1 32.362 10.905 31.679 10.309
164 6 1 32.403 10.896 31.720 10.301
165 6 1 32.427 10.888 31.745 10.293
166 6 1 32.524 11.002 31.935 10.235
167 6 1 32.663 11.010 32.000 10.218
168 6 1 32.721 10.985 32.008 10.251
169 6 1 32.754 10.936 32.000 10.226
170 6 1 32.714 10.879 32.033 10.283
171 6 1 32.747 10.879 32.065 10.283
0 7 1 25.284 12.391 24.411 11.865
1 7 1 25.310 12.407 24.394 11.857
2 7 1 25.402 12.407 24.403 11.824
3 7 1 25.537 12.348 24.538 11.848
4 7 1 25.714 12.388 24.496 11.798
5 7 1 25.621 12.363 24.572 11.814
6 7 1 25.731 12.396 24.547 11.831
7 7 1 25.849 12.345 24.816 11.913
8 7 1 25.941 12.336 24.825 11.896
9 7 1 26.042 12.360 24.850 11.879
10 7 1 25.966 12.369 24.783 11.871
11 7 1 25.924 12.369 24.817 11.871
12 7 1 25.941 12.369 24.834 11.863
13 7 1 25.958 12.369 24.876 11.862
14 7 1 25.949 12.378 24.927 11.845
15 7 1 25.975 12.377 25.028 11.836
16 7 1 25.991 12.410 25.087 11.811
17 7 1 25.974 12.427 25.113 11.803
18 7 1 26.016 12.435 25.214 11.785
19 7 1 26.050 12.393 25.214 11.785
20 7 1 26.083 12.443 25.315 11.752
21 7 1 26.092 12.443 25.424 11.809
22 7 1 26.227 12.375 25.272 11.860
23 7 1 26.251 12.425 25.340 11.793
24 7 1 26.327 12.391 25.340 11.793
25 7 1 26.360 12.416 25.391 11.776
26 7 1 26.570 12.398 25.509 11.784
27 7 1 26.579 12.406 25.534 11.775
28 7 1 26.671 12.380 25.551 11.816
29 7 1 26.738 12.380 25.525 11.808
30 7 1 26.797 12.388 25.559 11.825
31 7 1 26.788 12.429 25.652 11.799
32 7 1 26.796 12.413 25.643 11.808
33 7 1 26.788 12.413 25.770 11.807
34 7 1 26.763 12.429 25.812 11.815
35 7 1 26.704 12.446 25.837 11.823
36 7 1 26.662 12.471 25.904 11.872
37 7 1 26.686 12.521 25.937 11.889
38 7 1 26.754 12.479 25.962 11.872
39 7 1 26.821 12.495 25.945 11.880
40 7 1 26.896 12.461 26.021 11.863
41 7 1 27.064 12.444 26.114 11.863
42 7 1 27.031 12.411 26.130 11.896
43 7 1 27.214 12.475 26.256 11.953
44 7 1 27.315 12.442 26.289 11.953
45 7 1 27.407 12.433 26.314 11.986
46 7 1 27.306 12.458 26.407 11.960
47 7 1 27.356 12.450 26.390 11.968
48 7 1 27.432 12.432 26.424 11.943
49 7 1 27.415 12.400 26.407 11.919
50 7 1 27.357 12.400 26.457 11.918
51 7 1 27.357 12.408 26.474 11.902
52 7 1 27.424 12.391 26.449 11.860
53 7 1 27.474 12.416 26.575 11.843
54 7 1 27.482 12.399 26.634 11.834
55 7 1 27.507 12.465 26.735 11.825
56 7 1 27.540 12.465 26.844 11.792
57 7 1 27.565 12.514 26.911 11.758
58 7 1 27.615 12.505 26.911 11.775
59 7 1 27.756 12.537 26.978 11.840
60 7 1 27.516 12.349 26.642 11.867
61 7 1 27.916 12.412 27.010 11.931
62 7 1 27.883 12.404 27.010 11.923
63 7 1 28.032 12.461 27.011 11.807
64 7 1 27.916 12.396 27.044 11.914
65 7 1 27.958 12.395 27.086 11.914
66 7 1 28.008 12.403 27.136 11.922
67 7 1 28.049 12.403 27.178 11.922
68 7 1 28.099 12.411 27.228 11.930
69 7 1 28.290 12.459 27.178 11.880
70 7 1 28.249 12.434 27.245 11.863
71 7 1 28.257 12.484 27.337 11.879
72 7 1 28.224 12.418 27.353 11.937
73 7 1 28.348 12.516 27.528 11.994
74 7 1 28.323 12.516 27.563 11.837
75 7 1 28.340 12.524 27.646 11.861
76 7 1 28.365 12.475 27.630 11.828
77 7 1 28.515 12.424 27.647 11.811
78 7 1 28.499 12.358 27.638 11.877
79 7 1 28.541 12.358 27.679 11.877
80 7 1 28.566 12.349 27.704 11.869
81 7 1 28.616 12.349 27.755 11.868
82 7 1 28.658 12.341 27.796 11.860
83 7 1 28.699 12.332 27.838 11.851
84 7 1 29.106 12.370 27.830 11.860
85 7 1 29.139 12.345 27.896 11.859
86 7 1 29.139 12.337 27.913 11.851
87 7 1 29.156 12.304 27.930 11.859
88 7 1 29.156 12.312 27.938 11.851
89 7 1 28.708 12.291 27.847 11.810
90 7 1 29.073 12.337 28.064 11.817
91 7 1 28.982 12.313 28.122 11.833
92 7 1 29.023 12.305 28.164 11.824
93 7 1 29.057 12.305 28.197 11.824
94 7 1 29.090 12.313 28.230 11.832
95 7 1 29.131 12.312 28.272 11.832
97 7 1 29.123 12.304 28.263 11.824
98 7 1 29.165 12.304 28.305 11.823
99 7 1 29.206 12.303 28.347 11.823
100 7 1 29.248 12.295 28.388 11.815
101 7 1 29.297 12.295 28.438 11.814
102 7 1 29.339 12.294 28.480 11.814
103 7 1 29.653 12.341 28.870 11.853
104 7 1 29.670 12.333 28.820 11.853
105 7 1 29.728 12.332 28.879 11.853
106 7 1 29.777 12.332 28.928 11.852
107 7 1 29.819 12.332 28.970 11.852
108 7 1 29.868 12.331 29.020 11.852
109 7 1 29.910 12.331 29.061 11.852
110 7 1 29.951 12.331 29.103 11.851
111 7 1 29.984 12.331 29.136 11.851
113 7 1 29.976 12.322 29.128 11.843
114 7 1 30.017 12.322 29.169 11.843
115 7 1 30.059 12.322 29.211 11.842
116 7 1 30.092 12.322 29.244 11.842
117 7 1 30.133 12.321 29.285 11.842
118 7 1 30.174 12.329 29.327 11.850
119 7 1 30.215 12.329 29.368 11.850
120 7 1 30.257 12.320 29.410 11.841
121 7 1 30.298 12.320 29.451 11.841
122 7 1 30.348 12.320 29.501 11.840
123 7 1 30.397 12.319 29.551 11.840
124 7 1 30.447 12.311 29.600 11.832
125 7 1 30.488 12.310 29.642 11.831
126 7 1 30.538 12.310 29.692 11.831
127 7 1 30.587 12.318 29.741 11.839
128 7 1 30.628 12.317 29.782 11.839
130 7 1 30.620 12.309 29.774 11.830
131 7 1 30.653 12.309 29.807 11.830
132 7 1 30.694 12.309 29.849 11.830
133 7 1 30.727 12.317 29.882 11.838
134 7 1 30.760 12.316 29.915 11.838
135 7 1 30.801 12.316 29.956 11.837
136 7 1 30.843 12.308 29.998 11.829
137 7 1 30.876 12.307 30.031 11.829
138 7 1 30.917 12.307 30.072 11.828
139 7 1 30.958 12.307 30.113 11.828
140 7 1 31.007 12.306 30.163 11.828
141 7 1 31.048 12.314 30.204 11.836
142 7 1 31.090 12.314 30.246 11.836
143 7 1 31.139 12.322 30.295 11.843
144 7 1 31.180 12.322 30.336 11.843
145 7 1 31.221 12.321 30.378 11.843
146 7 1 31.262 12.321 30.419 11.843
147 7 1 31.303 12.321 30.460 11.842
148 7 1 31.336 12.329 30.493 11.850
149 7 1 31.369 12.328 30.526 11.850
151 7 1 31.361 12.320 30.518 11.842
152 7 1 31.394 12.320 30.551 11.842
153 7 1 31.427 12.320 30.584 11.842
154 7 1 31.468 12.319 30.625 11.841
155 7 1 31.501 12.319 30.658 11.841
156 7 1 31.887 12.308 31.095 11.797
157 7 1 31.895 12.292 31.062 11.814
158 7 1 31.936 12.291 31.103 11.814
159 7 1 31.977 12.291 31.144 11.813
160 7 1 32.026 12.282 31.194 11.805
161 7 1 32.076 12.282 31.243 11.804
162 7 1 32.125 12.273 31.293 11.796
172 7 1 32.436 12.238 31.605 11.761
173 7 1 32.478 12.230 31.647 11.753
174 7 1 32.510 12.230 31.680 11.752
175 7 1 32.543 12.229 31.712 11.752
176 7 1 32.600 12.237 31.770 11.760
178 7 1 32.592 12.229 31.762 11.752
179 7 1 32.633 12.229 31.803 11.752
180 7 1 32.690 12.228 31.860 11.751
181 7 1 32.731 12.236 31.901 11.759
182 7 1 32.788 12.236 31.958 11.759
183 7 1 32.829 12.236 32.000 11.759
184 7 1 32.878 12.235 32.049 11.758
185 7 1 32.919 12.243 32.090 11.766
186 7 1 32.960 12.243 32.131 11.766
187 7 1 33.000 12.251 32.171 11.774
189 7 1 32.992 12.242 32.163 11.766
190 7 1 33.097 12.340 32.417 11.772
191 7 1 33.204 12.323 32.401 11.789
163 7 1 32.174 12.273 31.342 11.796
164 7 1 32.223 12.265 31.392 11.787
165 7 1 32.264 12.264 31.433 11.787
166 7 1 32.297 12.264 31.466 11.787
168 7 1 32.289 12.256 31.457 11.778
169 7 1 32.330 12.247 31.499 11.770
170 7 1 32.355 12.247 31.523 11.770
171 7 1 32.404 12.247 31.573 11.769
0 8 1 23.354 10.530 22.346 9.890
1 8 1 23.456 10.529 22.422 9.898
2 8 1 23.413 10.563 22.457 9.881
3 8 1 23.456 10.504 22.499 9.923
4 8 1 23.516 10.513 22.456 9.982
5 8 1 23.575 10.496 22.516 9.914
6 8 1 23.397 10.496 22.677 10.014
7 8 1 23.566 10.529 22.678 9.973
8 8 1 23.601 10.471 22.720 10.031
9 8 1 23.635 10.504 22.737 10.023
10 8 1 23.651 10.570 22.695 9.981
11 8 1 23.668 10.570 22.686 9.964
12 8 1 23.693 10.587 22.729 9.989
13 8 1 23.778 10.603 22.865 9.972
14 8 1 23.837 10.611 22.942 9.997
15 8 1 24.015 10.619 22.992 10.039
16 8 1 24.041 10.594 23.120 9.988
17 8 1 24.134 10.593 23.154 10.038
18 8 1 24.219 10.576 23.112 10.013
19 8 1 24.049 10.619 23.307 10.029
20 8 1 24.321 10.576 23.222 10.071
21 8 1 24.278 10.635 23.324 10.046
22 8 1 24.320 10.651 23.324 10.054
23 8 1 24.328 10.684 23.332 10.088
24 8 1 24.286 10.668 23.366 10.079
25 8 1 24.193 10.593 23.579 10.087
26 8 1 24.447 10.684 23.528 10.087
27 8 1 24.404 10.676 23.553 10.087
28 8 1 24.455 10.675 23.578 10.112
29 8 1 24.531 10.667 23.655 10.103
30 8 1 24.557 10.625 23.680 10.087
31 8 1 24.709 10.658 23.748 10.128
32 8 1 24.734 10.683 23.748 10.095
33 8 1 24.836 10.641 23.867 10.153
34 8 1 24.810 10.649 23.816 10.095
35 8 1 24.988 10.657 23.876 10.086
36 8 1 25.005 10.648 23.850 10.086
37 8 1 25.055 10.656 23.842 10.094
38 8 1 25.097 10.664 23.867 10.103
39 8 1 25.114 10.664 23.935 10.094
40 8 1 25.131 10.639 24.003 10.102
41 8 1 25.174 10.631 24.164 10.110
42 8 1 25.165 10.656 24.240 10.093
43 8 1 25.224 10.639 24.316 10.110
44 8 1 25.249 10.664 24.342 10.101
45 8 1 25.266 10.680 24.375 10.101
46 8 1 25.274 10.730 24.452 10.093
47 8 1 25.333 10.730 24.494 10.093
48 8 1 25.299 10.788 24.527 10.134
49 8 1 25.459 10.754 24.570 10.109
50 8 1 25.535 10.787 24.570 10.067
51 8 1 25.644 10.845 24.570 10.092
52 8 1 25.678 10.812 24.629 10.117
53 8 1 25.569 10.770 24.755 10.225
54 8 1 25.762 10.786 24.764 10.133
55 8 1 25.720 10.803 24.823 10.183
56 8 1 25.795 10.811 24.856 10.225
57 8 1 25.779 10.811 24.907 10.216
58 8 1 25.812 10.819 24.958 10.233
59 8 1 25.804 10.828 25.000 10.232
60 8 1 25.821 10.827 25.118 10.207
61 8 1 25.871 10.836 25.135 10.207
62 8 1 25.888 10.860 25.169 10.207
63 8 1 25.980 10.877 25.203 10.174
64 8 1 25.989 10.852 25.295 10.207
65 8 1 26.114 10.868 25.228 10.174
66 8 1 26.182 10.867 25.279 10.173
67 8 1 26.140 10.868 25.455 10.322
68 8 1 26.383 10.866 25.464 10.248
69 8 1 26.400 10.866 25.464 10.256
70 8 1 26.392 10.842 25.471 10.331
71 8 1 26.476 10.833 25.531 10.264
72 8 1 26.501 10.841 25.539 10.264
73 8 1 26.543 10.866 25.582 10.264
74 8 1 26.618 10.865 25.640 10.289
75 8 1 26.527 10.799 25.725 10.263
76 8 1 26.552 10.799 25.851 10.288
77 8 1 26.585 10.824 25.943 10.312
78 8 1 26.676 10.965 25.902 10.230
79 8 1 26.652 10.799 26.028 10.237
80 8 1 26.711 10.774 25.960 10.263
81 8 1 26.752 10.873 26.112 10.262
82 8 1 26.836 10.856 26.111 10.312
83 8 1 27.045 10.946 26.136 10.353
84 8 1 27.171 10.913 26.212 10.328
85 8 1 26.820 10.815 26.086 10.304
86 8 1 26.862 10.823 26.128 10.312
87 8 1 27.296 10.937 26.287 10.336
88 8 1 26.912 10.823 26.178 10.312
89 8 1 26.962 10.831 26.229 10.320
90 8 1 27.012 10.847 26.279 10.336
91 8 1 27.354 10.994 26.430 10.361
92 8 1 27.337 11.028 26.472 10.335
93 8 1 27.320 11.028 26.539 10.368
94 8 1 27.303 11.028 26.480 10.377
95 8 1 27.346 10.953 26.656 10.360
96 8 1 27.362 10.986 26.798 10.434
97 8 1 27.446 11.010 26.823 10.434
98 8 1 27.571 11.026 26.757 10.417
99 8 1 27.680 11.009 26.840 10.434
100 8 1 27.655 10.993 26.966 10.458
101 8 1 27.655 10.976 26.957 10.466
102 8 1 27.696 10.984 26.999 10.474
103 8 1 27.755 10.976 27.058 10.466
104 8 1 27.797 10.992 27.099 10.482
105 8 1 27.855 10.992 27.158 10.482
106 8 1 27.897 10.992 27.200 10.482
107 8 1 27.955 11.033 27.183 10.490
108 8 1 27.988 11.049 27.033 10.408
109 8 1 28.046 11.049 27.134 10.399
110 8 1 28.088 11.007 27.234 10.416
111 8 1 28.096 11.040 27.334 10.415
112 8 1 28.155 11.048 27.410 10.407
113 8 1 28.188 11.073 27.468 10.407
114 8 1 28.204 11.089 27.493 10.448
115 8 1 28.296 11.105 27.551 10.464
116 8 1 28.362 11.097 27.576 10.464
117 8 1 28.313 11.031 27.617 10.522
118 8 1 28.355 11.039 27.659 10.530
119 8 1 28.396 11.055 27.701 10.546
120 8 1 28.446 11.072 27.751 10.563
121 8 1 28.496 11.080 27.801 10.571
122 8 1 28.546 11.088 27.851 10.579
123 8 1 28.587 11.104 27.892 10.595
124 8 1 28.628 11.120 27.934 10.611
125 8 1 28.678 11.128 27.984 10.620
126 8 1 28.720 11.128 28.025 10.619
127 8 1 28.777 11.202 28.083 10.685
128 8 1 28.769 11.194 28.075 10.685
129 8 1 28.860 11.210 28.192 10.627
130 8 1 28.894 11.185 28.267 10.627
131 8 1 28.911 11.160 28.234 10.652
132 8 1 28.952 11.160 28.275 10.651
133 8 1 29.002 11.168 28.325 10.659
134 8 1 29.043 11.176 28.367 10.668
135 8 1 29.085 11.167 28.408 10.659
136 8 1 29.135 11.175 28.458 10.667
137 8 1 29.185 11.167 28.508 10.659
138 8 1 29.226 11.167 28.550 10.659
139 8 1 29.382 11.289 28.474 10.758
140 8 1 29.259 11.158 28.583 10.650
141 8 1 29.309 11.158 28.633 10.650
142 8 1 29.490 11.322 28.549 10.725
143 8 1 29.440 11.322 28.749 10.715
144 8 1 29.572 11.346 28.740 10.732
145 8 1 29.448 11.306 28.824 10.666
146 8 1 29.466 11.240 28.799 10.732
147 8 1 29.507 11.239 28.840 10.732
148 8 1 29.739 11.296 29.040 10.706
149 8 1 29.706 11.247 29.040 10.739
150 8 1 29.747 11.246 29.081 10.739
151 8 1 29.789 11.246 29.123 10.739
152 8 1 30.052 11.352 28.931 10.756
153 8 1 30.168 11.367 28.948 10.715
154 8 1 30.185 11.326 29.047 10.772
155 8 1 30.185 11.334 29.022 10.789
156 8 1 30.053 11.278 29.330 10.713
157 8 1 30.193 11.334 29.205 10.779
158 8 1 30.004 11.237 29.338 10.729
159 8 1 30.045 11.236 29.380 10.729
160 8 1 30.308 11.358 29.463 10.721
161 8 1 30.300 11.375 29.537 10.720
162 8 1 30.078 11.228 29.413 10.721
172 8 1 30.541 11.201 29.886 10.694
173 8 1 30.591 11.193 29.935 10.686
174 8 1 30.632 11.192 29.977 10.686
175 8 1 30.682 11.184 30.026 10.677
176 8 1 30.723 11.167 30.068 10.660
177 8 1 30.764 11.159 30.109 10.652
178 8 1 30.814 11.158 30.159 10.652
179 8 1 30.962 11.158 30.319 10.413
180 8 1 31.029 11.075 30.523 10.568
181 8 1 30.839 11.134 30.184 10.627
182 8 1 31.087 11.075 30.556 10.601
183 8 1 31.128 11.091 30.482 10.593
184 8 1 31.489 11.114 30.574 10.436
185 8 1 31.506 11.114 30.575 10.387
186 8 1 31.144 11.066 30.499 10.568
187 8 1 31.177 11.058 30.532 10.560
188 8 1 31.720 11.080 30.641 10.362
189 8 1 31.219 11.042 30.573 10.543
190 8 1 31.614 10.966 30.615 10.486
191 8 1 31.679 11.056 30.698 10.428
163 8 1 30.112 11.220 29.446 10.712
164 8 1 30.400 11.333 29.745 10.695
165 8 1 30.383 11.333 29.720 10.695
166 8 1 30.507 11.324 29.786 10.686
167 8 1 30.564 11.357 29.836 10.670
168 8 1 30.359 11.243 29.703 10.736
169 8 1 30.401 11.235 29.744 10.728
170 8 1 30.458 11.226 29.803 10.719
171 8 1 30.492 11.218 29.836 10.711
0 9 1 24.242 9.860 23.408 9.102
1 9 1 24.267 9.885 23.400 9.094
2 9 1 24.175 9.827 23.485 9.102
3 9 1 24.225 9.843 23.621 9.019
4 9 1 24.242 9.810 23.587 9.044
5 9 1 24.310 9.885 23.630 9.035
6 9 1 24.293 9.852 23.638 9.069
7 9 1 24.335 9.843 23.681 9.060
8 9 1 24.395 9.851 23.740 9.069
9 9 1 24.437 9.843 23.782 9.060
10 9 1 24.496 9.851 23.842 9.069
11 9 1 24.538 9.843 23.884 9.060
12 9 1 24.674 9.859 23.885 9.027
13 9 1 24.826 9.809 23.978 9.018
14 9 1 24.835 9.809 24.021 9.002
15 9 1 24.835 9.792 24.054 9.010
16 9 1 24.784 9.767 24.130 9.102
17 9 1 24.860 9.800 24.070 9.127
18 9 1 24.902 9.800 24.113 9.118
19 9 1 24.953 9.758 24.155 9.085
20 9 1 24.979 9.775 24.147 9.077
21 9 1 25.139 9.808 24.240 9.093
22 9 1 25.299 9.799 24.299 9.135
23 9 1 25.164 9.816 24.418 9.110
24 9 1 25.198 9.816 24.452 9.110
25 9 1 25.248 9.833 24.502 9.126
26 9 1 25.299 9.816 24.553 9.110
27 9 1 25.349 9.832 24.604 9.126
28 9 1 25.568 9.890 24.569 9.210
29 9 1 25.552 9.782 24.645 9.226
30 9 1 25.476 9.849 24.722 9.159
31 9 1 25.560 9.873 24.772 9.259
32 9 1 25.594 9.840 24.814 9.268
33 9 1 25.576 9.948 24.874 9.184
34 9 1 25.585 9.915 24.882 9.234
35 9 1 25.702 9.981 24.958 9.209
36 9 1 25.727 9.998 25.060 9.176
37 9 1 25.745 9.931 25.094 9.176
38 9 1 26.038 9.997 25.170 9.192
39 9 1 25.980 9.997 25.186 9.226
40 9 1 26.047 9.972 25.279 9.217
41 9 1 26.064 9.947 25.254 9.225
42 9 1 26.114 10.005 25.245 9.242
43 9 1 26.114 10.013 25.253 9.259
44 9 1 26.063 10.030 25.253 9.250
45 9 1 26.072 10.005 25.287 9.317
46 9 1 26.097 10.005 25.439 9.300
47 9 1 26.198 10.005 25.463 9.358
48 9 1 26.265 10.004 25.497 9.367
49 9 1 26.341 10.012 25.556 9.383
50 9 1 26.416 10.029 25.632 9.358
51 9 1 26.450 10.029 25.758 9.366
52 9 1 26.450 10.012 25.750 9.366
53 9 1 26.492 10.020 25.792 9.374
54 9 1 26.769 10.028 25.859 9.366
55 9 1 26.651 10.020 25.952 9.374
56 9 1 26.693 10.028 25.994 9.382
57 9 1 26.945 10.002 25.901 9.374
58 9 1 26.861 10.036 26.001 9.449
59 9 1 26.777 10.053 26.077 9.415
60 9 1 26.886 10.011 26.078 9.382
61 9 1 26.911 10.052 26.145 9.382
62 9 1 26.868 10.135 26.220 9.415
63 9 1 26.852 10.110 26.295 9.482
64 9 1 26.960 10.168 26.363 9.481
65 9 1 26.910 10.160 26.380 9.456
66 9 1 27.069 10.151 26.455 9.448
67 9 1 27.169 10.167 26.505 9.465
68 9 1 27.153 10.126 26.497 9.498
69 9 1 27.195 10.134 26.539 9.506
70 9 1 27.245 10.134 26.589 9.506
71 9 1 27.295 10.142 26.639 9.514
72 9 1 27.420 10.233 26.606 9.531
73 9 1 27.478 10.241 26.530 9.539
74 9 1 27.512 10.241 26.605 9.539
75 9 1 27.545 10.257 26.715 9.514
76 9 1 27.620 10.257 26.807 9.564
77 9 1 27.628 10.265 26.874 9.563
78 9 1 27.637 10.274 26.949 9.572
79 9 1 27.729 10.248 27.058 9.538
80 9 1 27.712 10.207 27.058 9.580
81 9 1 27.754 10.207 27.100 9.580
82 9 1 27.854 10.198 27.200 9.613
83 9 1 27.987 10.281 27.167 9.588
84 9 1 28.095 10.289 27.183 9.604
85 9 1 27.887 10.231 27.233 9.612
86 9 1 27.937 10.239 27.283 9.621
87 9 1 27.987 10.248 27.334 9.629
88 9 1 28.037 10.256 27.384 9.637
89 9 1 28.087 10.272 27.434 9.653
90 9 1 28.137 10.280 27.484 9.662
91 9 1 28.320 10.362 27.492 9.711
92 9 1 28.345 10.379 27.542 9.703
93 9 1 28.394 10.420 27.643 9.653
94 9 1 28.320 10.370 27.701 9.711
95 9 1 28.460 10.452 27.710 9.620
96 9 1 28.386 10.387 27.843 9.677
97 9 1 28.420 10.337 27.784 9.719
98 9 1 28.569 10.452 27.768 9.653
99 9 1 28.668 10.476 27.809 9.677
100 9 1 28.710 10.468 27.860 9.669
101 9 1 28.437 10.320 27.801 9.702
102 9 1 28.478 10.329 27.842 9.710
103 9 1 28.719 10.352 28.110 9.693
104 9 1 28.720 10.328 28.093 9.710
105 9 1 28.769 10.328 28.143 9.710
106 9 1 28.811 10.327 28.185 9.710
107 9 1 28.984 10.451 28.235 9.693
108 9 1 29.018 10.409 28.260 9.710
109 9 1 29.076 10.442 28.326 9.701
110 9 1 29.010 10.376 28.384 9.759
111 9 1 29.052 10.376 28.426 9.759
112 9 1 29.167 10.475 28.493 9.684
113 9 1 29.242 10.392 28.535 9.701
114 9 1 29.392 10.383 28.576 9.692
115 9 1 29.566 10.366 28.643 9.692
116 9 1 29.590 10.415 28.668 9.667
117 9 1 29.168 10.326 28.543 9.709
118 9 1 29.550 10.308 28.884 9.716
119 9 1 29.517 10.317 28.892 9.708
120 9 1 29.567 10.317 28.942 9.708
121 9 1 29.616 10.308 28.992 9.700
122 9 1 29.658 10.316 29.033 9.708
123 9 1 29.699 10.300 29.075 9.691
124 9 1 29.749 10.299 29.125 9.691
126 9 1 29.741 10.291 29.117 9.683
127 9 1 29.814 10.456 29.134 9.633
128 9 1 29.872 10.423 29.209 9.625
129 9 1 29.955 10.414 29.217 9.625
130 9 1 29.758 10.258 29.134 9.650
131 9 1 29.791 10.250 29.167 9.642
132 9 1 29.824 10.233 29.200 9.625
133 9 1 29.874 10.225 29.250 9.617
134 9 1 29.932 10.216 29.308 9.608
135 9 1 29.990 10.200 29.367 9.592
136 9 1 30.056 10.183 29.433 9.575
138 9 1 30.048 10.175 29.425 9.567
139 9 1 30.353 10.306 29.609 9.468
140 9 1 30.090 10.150 29.467 9.542
141 9 1 30.131 10.142 29.508 9.534
142 9 1 30.520 10.099 29.840 9.525
144 9 1 30.677 10.115 29.981 9.508
145 9 1 30.784 10.140 29.964 9.516
146 9 1 30.627 10.099 30.006 9.500
147 9 1 30.669 10.091 30.047 9.492
148 9 1 30.965 10.115 30.015 9.393
149 9 1 30.702 10.074 30.080 9.475
150 9 1 30.982 10.082 30.055 9.500
151 9 1 31.048 10.065 30.024 9.384
152 9 1 31.040 10.081 30.114 9.393
153 9 1 31.040 10.057 30.148 9.376
154 9 1 30.998 10.114 30.214 9.351
155 9 1 31.057 10.057 30.297 9.368
156 9 1 31.115 9.999 30.437 9.417
157 9 1 31.074 9.999 30.453 9.409
158 9 1 31.180 10.089 30.487 9.326
159 9 1 31.107 9.983 30.486 9.392
160 9 1 31.303 10.089 30.553 9.310
161 9 1 31.386 10.072 30.570 9.318
162 9 1 31.124 9.966 30.503 9.376
172 9 1 31.766 9.915 31.155 9.325
173 9 1 31.807 9.907 31.197 9.317
174 9 1 31.848 9.899 31.238 9.309
175 9 1 31.889 9.907 31.279 9.317
176 9 1 31.930 9.898 31.320 9.309
177 9 1 31.979 9.898 31.370 9.308
178 9 1 32.029 9.898 31.419 9.308
179 9 1 32.078 9.898 31.468 9.308
180 9 1 32.135 9.906 31.526 9.316
181 9 1 32.185 9.898 31.575 9.308
182 9 1 32.234 9.906 31.624 9.316
183 9 1 32.275 9.897 31.666 9.308
184 9 1 32.324 9.906 31.715 9.316
185 9 1 32.365 9.897 31.756 9.308
186 9 1 32.414 9.905 31.805 9.316
187 9 1 32.455 9.897 31.846 9.308
188 9 1 32.504 9.889 31.896 9.300
190 9 1 32.496 9.881 31.888 9.291
191 9 1 32.529 9.880 31.921 9.291
163 9 1 31.157 9.958 30.536 9.367
164 9 1 31.198 9.950 30.578 9.359
165 9 1 31.239 9.958 30.619 9.367
166 9 1 31.305 9.941 30.685 9.351
167 9 1 31.363 9.941 30.743 9.350
168 9 1 31.395 9.949 30.776 9.359
170 9 1 31.387 9.941 30.768 9.350
171 9 1 31.766 9.932 31.172 9.317
0 12 1 27.636 11.142 26.646 10.542
1 12 1 27.661 11.158 26.630 10.534
2 12 1 27.511 11.192 26.637 10.625
3 12 1 27.619 11.175 26.780 10.608
4 12 1 27.577 11.233 26.830 10.624
5 12 1 27.585 11.233 26.887 10.748
6 12 1 27.727 11.249 26.988 10.706
7 12 1 27.610 11.258 27.130 10.755
8 12 1 27.669 11.266 27.122 10.764
9 12 1 27.744 11.274 27.047 10.748
10 12 1 27.935 11.306 27.013 10.756
11 12 1 27.994 11.313 26.979 10.781
12 12 1 27.969 11.297 27.104 10.830
13 12 1 28.044 11.305 27.163 10.822
14 12 1 28.152 11.288 27.230 10.821
15 12 1 28.186 11.288 27.255 10.829
16 12 1 28.194 11.288 27.288 10.838
17 12 1 28.260 11.296 27.322 10.846
18 12 1 28.210 11.304 27.372 10.862
19 12 1 28.335 11.303 27.455 10.862
20 12 1 28.285 11.312 27.497 10.853
21 12 1 28.277 11.279 27.564 10.878
22 12 1 28.335 11.336 27.564 10.820
23 12 1 28.302 11.312 27.589 10.869
24 12 1 28.327 11.312 27.564 10.869
25 12 1 28.360 11.320 27.597 10.877
26 12 1 28.385 11.336 27.622 10.894
27 12 1 28.410 11.344 27.647 10.902
28 12 1 28.451 11.352 27.689 10.910
29 12 1 28.476 11.360 27.714 10.918
30 12 1 28.518 11.360 27.756 10.918
31 12 1 28.551 11.368 27.789 10.926
32 12 1 28.592 11.384 27.830 10.943
33 12 1 28.634 11.392 27.872 10.951
34 12 1 28.667 11.392 27.905 10.950
36 12 1 28.659 11.384 27.897 10.942
37 12 1 28.974 11.424 28.172 10.990
38 12 1 28.941 11.424 28.180 10.990
39 12 1 28.983 11.432 28.222 10.998
40 12 1 29.016 11.440 28.255 11.007
41 12 1 29.049 11.448 28.288 11.015
43 12 1 29.041 11.440 28.280 11.006
44 12 1 29.074 11.448 28.313 11.015
45 12 1 29.115 11.447 28.355 11.014
46 12 1 29.148 11.456 28.388 11.022
47 12 1 29.422 11.487 28.663 10.963
48 12 1 29.414 11.446 28.654 11.013
49 12 1 29.464 11.454 28.704 11.021
50 12 1 29.505 11.453 28.746 11.021
51 12 1 29.555 11.453 28.796 11.020
52 12 1 29.604 11.453 28.846 11.020
53 12 1 29.654 11.461 28.895 11.028
54 12 1 29.704 11.461 28.945 11.028
55 12 1 29.753 11.460 28.995 11.028
56 12 1 29.803 11.460 29.045 11.028
57 12 1 29.861 11.501 29.095 10.986
58 12 1 29.853 11.460 29.095 11.027
59 12 1 29.894 11.468 29.136 11.035
60 12 1 29.927 11.467 29.169 11.035
61 12 1 29.960 11.476 29.202 11.043
62 12 1 30.001 11.484 29.244 11.051
63 12 1 30.043 11.483 29.285 11.051
64 12 1 30.076 11.491 29.318 11.059
65 12 1 30.109 11.491 29.352 11.059
66 12 1 30.150 11.491 29.393 11.059
67 12 1 30.224 11.490 29.468 11.058
69 12 1 30.216 11.482 29.459 11.050
70 12 1 30.258 11.482 29.501 11.050
71 12 1 30.299 11.490 29.542 11.058
72 12 1 30.357 11.490 29.600 11.058
73 12 1 30.398 11.489 29.642 11.058
74 12 1 30.456 11.497 29.700 11.065
75 12 1 30.497 11.497 29.741 11.065
76 12 1 30.546 11.497 29.791 11.065
77 12 1 30.596 11.505 29.840 11.073
79 12 1 30.588 11.497 29.832 11.065
80 12 1 30.629 11.496 29.873 11.065
81 12 1 30.678 11.496 29.923 11.064
82 12 1 30.720 11.488 29.964 11.056
83 12 1 30.753 11.487 29.998 11.056
84 12 1 30.794 11.487 30.039 11.056
85 12 1 30.843 11.487 30.089 11.055
86 12 1 30.893 11.478 30.138 11.047
87 12 1 30.934 11.478 30.180 11.047
88 12 1 30.975 11.470 30.221 11.038
90 12 1 31.254 11.550 30.559 11.111
91 12 1 31.271 11.542 30.526 11.111
92 12 1 31.312 11.533 30.567 11.102
93 12 1 31.353 11.533 30.608 11.102
94 12 1 31.403 11.533 30.658 11.102
95 12 1 31.452 11.532 30.707 11.102
97 12 1 31.444 11.524 30.699 11.093
98 12 1 31.477 11.524 30.732 11.093
99 12 1 31.518 11.524 30.773 11.093
100 12 1 31.559 11.524 30.815 11.093
102 12 1 31.551 11.515 30.806 11.085
103 12 1 31.928 11.546 31.095 11.108
104 12 1 31.871 11.538 31.128 11.108
105 12 1 31.912 11.538 31.169 11.107
106 12 1 31.961 11.538 31.218 11.107
107 12 1 32.002 11.546 31.259 11.115
108 12 1 32.051 11.545 31.308 11.115
109 12 1 32.100 11.553 31.358 11.123
110 12 1 32.149 11.553 31.407 11.123
111 12 1 32.190 11.553 31.448 11.122
112 12 1 32.248 11.552 31.506 11.122
113 12 1 32.289 11.560 31.547 11.130
114 12 1 32.338 11.560 31.596 11.130
115 12 1 32.379 11.560 31.637 11.130
116 12 1 32.420 11.559 31.678 11.129
117 12 1 32.469 11.559 31.728 11.129
118 12 1 32.502 11.559 31.760 11.129
119 12 1 32.542 11.559 31.801 11.129
120 12 1 32.592 11.550 31.851 11.120
121 12 1 32.633 11.550 31.892 11.120
122 12 1 32.682 11.550 31.941 11.120
123 12 1 32.723 11.541 31.982 11.111
124 12 1 32.772 11.541 32.031 11.111
125 12 1 32.813 11.541 32.072 11.111
126 12 1 32.862 11.540 32.122 11.111
127 12 1 32.903 11.540 32.163 11.111
128 12 1 32.943 11.532 32.204 11.102
130 12 1 32.935 11.524 32.196 11.094
131 12 1 32.976 11.523 32.237 11.094
132 12 1 33.017 11.531 32.277 11.102
133 12 1 33.058 11.531 32.318 11.102
134 12 1 33.099 11.531 32.359 11.101
135 12 1 33.131 11.531 32.392 11.101
136 12 1 33.172 11.539 32.433 11.109
137 12 1 33.213 11.538 32.474 11.109
138 12 1 33.254 11.538 32.515 11.109
139 12 1 33.294 11.538 32.556 11.109
140 12 1 33.343 11.546 32.605 11.117
141 12 1 33.384 11.545 32.646 11.116
142 12 1 33.433 11.553 32.695 11.124
143 12 1 33.482 11.553 32.744 11.124
144 12 1 33.523 11.553 32.785 11.124
145 12 1 33.580 11.561 32.842 11.132
146 12 1 33.620 11.560 32.883 11.131
147 12 1 33.669 11.560 32.932 11.131
148 12 1 33.604 11.601 32.965 11.057
149 12 1 33.653 11.544 32.924 11.115
150 12 1 33.702 11.544 32.973 11.115
151 12 1 33.735 11.543 33.005 11.114
152 12 1 33.767 11.543 33.038 11.114
153 12 1 33.856 11.632 33.259 11.121
154 12 1 33.913 11.624 33.258 11.130
155 12 1 33.986 11.607 33.258 11.170
156 12 1 34.108 11.606 33.282 11.178
157 12 1 34.124 11.614 33.331 11.178
158 12 1 34.189 11.606 33.339 11.186
159 12 1 34.116 11.606 33.405 11.186
160 12 1 34.165 11.606 33.454 11.186
161 12 1 34.214 11.606 33.502 11.185
162 12 1 34.263 11.605 33.551 11.185
172 12 1 34.588 11.587 33.877 11.167
173 12 1 34.636 11.587 33.926 11.167
174 12 1 34.677 11.587 33.967 11.167
175 12 1 34.717 11.595 34.008 11.175
176 12 1 34.774 11.586 34.065 11.166
177 12 1 34.815 11.594 34.105 11.174
178 12 1 34.871 11.594 34.162 11.174
179 12 1 34.920 11.593 34.211 11.174
180 12 1 34.969 11.593 34.260 11.173
181 12 1 35.017 11.601 34.308 11.181
182 12 1 35.066 11.609 34.357 11.189
183 12 1 35.106 11.600 34.398 11.181
184 12 1 35.155 11.608 34.446 11.189
185 12 1 35.260 11.624 34.699 11.138
186 12 1 35.300 11.615 34.812 11.130
187 12 1 35.349 11.607 34.844 11.146
188 12 1 35.445 11.696 34.805 11.097
189 12 1 35.462 11.598 34.779 11.179
190 12 1 35.542 11.679 34.837 11.089
191 12 1 35.527 11.590 34.844 11.170
163 12 1 34.311 11.605 33.600 11.185
164 12 1 34.360 11.605 33.649 11.185
165 12 1 34.409 11.596 33.698 11.176
166 12 1 34.450 11.588 33.739 11.168
167 12 1 34.490 11.596 33.780 11.176
168 12 1 34.531 11.596 33.820 11.176
169 12 1 34.563 11.595 33.853 11.175
171 12 1 34.555 11.587 33.845 11.167
0 14 2 42.735 9.942 41.184 9.375
1 14 2 42.617 9.943 41.160 9.351
2 14 2 42.562 9.943 41.018 9.343
3 14 2 42.421 9.919 40.923 9.392
4 14 2 42.374 9.919 40.717 9.376
5 14 2 42.201 9.944 40.638 9.352
6 14 2 42.130 9.944 40.608 9.279
7 14 2 41.997 9.888 40.568 9.280
8 14 2 41.887 9.872 40.418 9.264
9 14 2 41.753 9.881 40.291 9.256
10 14 2 41.635 9.857 40.100 9.256
11 14 2 41.462 9.785 40.117 9.224
12 14 2 41.415 9.793 39.903 9.176
13 14 2 41.296 9.818 39.807 9.200
14 14 2 41.099 9.810 39.768 9.135
15 14 2 40.988 9.786 39.593 9.152
16 14 2 40.847 9.730 39.545 9.160
17 14 2 40.926 9.722 39.482 9.160
18 14 2 40.680 9.779 39.411 9.120
19 14 2 40.522 9.747 39.196 9.104
20 14 2 40.394 9.812 39.021 9.079
21 14 2 40.220 9.748 38.933 9.063
22 14 2 40.196 9.780 38.846 9.047
23 14 2 40.030 9.764 38.654 9.007
24 14 2 39.888 9.676 38.503 9.015
25 14 2 39.809 9.668 38.423 9.007
26 14 2 39.769 9.628 38.246 9.032
27 14 2 39.634 9.668 38.111 8.999
28 14 2 39.571 9.620 38.182 9.048
29 14 2 39.444 9.604 38.054 9.032
30 14 2 39.164 9.637 37.766 9.008
31 14 2 39.165 9.605 37.774 9.032
32 14 2 38.925 9.638 37.526 8.984
33 14 2 38.735 9.565 37.470 8.984
34 14 2 38.798 9.581 37.156 8.976
35 14 2 38.544 9.525 37.197 8.976
36 14 2 38.511 9.590 37.100 9.008
37 14 2 38.383 9.582 37.003 9.000
38 14 2 38.240 9.526 36.859 8.992
39 14 2 38.119 9.550 36.689 9.025
40 14 2 38.175 9.582 36.440 8.944
41 14 2 37.951 9.542 36.480 8.976
42 14 2 37.831 9.551 36.295 8.976
43 14 2 37.759 9.535 36.375 8.984
44 14 2 37.647 9.527 36.263 8.976
45 14 2 37.535 9.535 36.150 8.985
46 14 2 37.350 9.568 35.867 8.985
47 14 2 37.181 9.568 35.754 8.985
48 14 2 37.101 9.544 35.576 8.960
49 14 2 36.996 9.560 35.495 8.977
50 14 2 36.884 9.553 35.358 8.952
51 14 2 36.795 9.536 35.293 8.936
52 14 2 36.674 9.545 35.147 8.961
53 14 2 36.570 9.545 35.058 8.977
54 14 2 36.441 9.553 34.936 8.969
55 14 2 36.312 9.562 34.766 8.928
56 14 2 36.158 9.562 34.693 8.937
57 14 2 36.062 9.554 34.612 8.945
58 14 2 36.013 9.562 34.368 8.937
59 14 2 35.941 9.546 34.238 8.921
60 14 2 36.022 9.505 34.628 8.953
61 14 2 35.909 9.497 34.514 8.945
62 14 2 35.796 9.506 34.400 8.953
63 14 2 35.650 9.498 34.254 8.945
64 14 2 35.553 9.506 34.156 8.953
65 14 2 35.424 9.498 34.026 8.945
66 14 2 35.311 9.490 33.912 8.937
67 14 2 35.165 9.483 33.766 8.929
68 14 2 35.051 9.491 33.651 8.937
69 14 2 34.922 9.483 33.521 8.929
70 14 2 34.792 9.475 33.390 8.921
71 14 2 34.678 9.467 33.276 8.913
72 14 2 34.565 9.475 33.162 8.921
73 14 2 34.435 9.467 33.031 8.913
74 14 2 34.305 9.476 32.900 8.921
75 14 2 34.191 9.468 32.786 8.913
76 14 2 34.077 9.460 32.671 8.905
77 14 2 33.947 9.452 32.540 8.897
78 14 2 33.816 9.460 32.409 8.905
79 14 2 33.686 9.452 32.278 8.897
80 14 2 33.572 9.444 32.163 8.889
81 14 2 33.458 9.436 32.048 8.881
82 14 2 33.327 9.445 31.917 8.889
83 14 2 33.197 9.437 31.786 8.881
84 14 2 33.082 9.429 31.671 8.873
85 14 2 32.968 9.421 31.556 8.865
86 14 2 32.837 9.429 31.424 8.873
87 14 2 32.477 9.430 31.046 8.799
88 14 2 32.330 9.406 30.931 8.750
89 14 2 32.067 9.398 30.733 8.766
90 14 2 32.117 9.357 30.716 8.799
91 14 2 31.821 9.406 30.493 8.766
92 14 2 31.730 9.423 30.352 8.799
93 14 2 31.739 9.382 30.352 8.824
94 14 2 31.624 9.374 30.236 8.816
95 14 2 31.525 9.382 30.137 8.824
96 14 2 31.394 9.374 30.005 8.816
97 14 2 31.278 9.383 29.889 8.824
98 14 2 31.130 9.375 29.740 8.816
99 14 2 31.031 9.366 29.640 8.808
100 14 2 30.899 9.358 29.508 8.800
101 14 2 30.661 9.318 29.276 8.725
102 14 2 30.669 9.301 29.284 8.742
103 14 2 30.520 9.334 29.010 8.750
104 14 2 30.396 9.351 28.935 8.742
105 14 2 30.288 9.376 28.877 8.734
106 14 2 30.115 9.376 28.686 8.717
107 14 2 30.090 9.318 28.511 8.717
108 14 2 29.933 9.294 28.386 8.717
109 14 2 29.867 9.286 28.478 8.726
110 14 2 29.627 9.303 28.178 8.701
111 14 2 29.552 9.303 28.019 8.701
112 14 2 29.411 9.311 27.969 8.684
113 14 2 29.287 9.295 27.811 8.684
114 14 2 29.229 9.287 27.694 8.701
115 14 2 29.021 9.287 27.527 8.693
116 14 2 28.855 9.304 27.493 8.668
117 14 2 28.796 9.320 27.368 8.668
118 14 2 28.705 9.320 27.226 8.676
119 14 2 28.671 9.329 27.159 8.668
120 14 2 28.522 9.304 26.966 8.701
121 14 2 28.597 9.263 27.209 8.701
122 14 2 28.481 9.255 27.091 8.693
123 14 2 28.106 9.272 26.739 8.693
124 14 2 28.097 9.239 26.571 8.709
125 14 2 27.939 9.264 26.395 8.701
126 14 2 27.814 9.255 26.235 8.685
127 14 2 27.855 9.247 26.471 8.693
128 14 2 27.730 9.247 26.345 8.693
129 14 2 27.471 9.264 25.983 8.651
130 14 2 27.320 9.289 25.807 8.610
131 14 2 27.421 9.223 26.034 8.668
132 14 2 27.312 9.223 25.924 8.668
133 14 2 27.170 9.207 25.781 8.651
134 14 2 27.061 9.190 25.672 8.635
135 14 2 26.936 9.190 25.546 8.635
136 14 2 26.810 9.190 25.419 8.635
137 14 2 26.684 9.174 25.293 8.618
138 14 2 26.374 9.108 24.889 8.476
139 14 2 26.450 9.158 24.677 8.526
140 14 2 26.324 9.125 24.508 8.501
141 14 2 26.324 9.058 24.931 8.501
142 14 2 26.215 9.042 24.821 8.485
143 14 2 26.089 9.025 24.694 8.468
144 14 2 25.963 9.025 24.567 8.468
145 14 2 25.854 9.009 24.457 8.451
146 14 2 25.728 8.992 24.330 8.435
147 14 2 25.618 8.992 24.220 8.435
148 14 2 25.475 8.976 24.076 8.418
149 14 2 25.366 8.959 23.966 8.401
150 14 2 25.239 8.959 23.839 8.401
151 14 2 25.130 8.943 23.729 8.384
152 14 2 25.003 8.926 23.601 8.368
153 14 2 24.893 8.926 23.491 8.367
154 14 2 24.766 8.910 23.363 8.351
155 14 2 24.640 8.876 23.236 8.317
156 14 2 24.513 8.860 23.109 8.300
157 14 2 24.403 8.860 22.998 8.300
158 14 2 24.276 8.860 22.870 8.300
159 14 2 24.166 8.843 22.759 8.283
160 14 2 24.039 8.827 22.632 8.267
161 14 2 23.929 8.827 22.521 8.267
162 14 2 23.802 8.810 22.393 8.250
172 14 2 22.407 8.660 20.990 8.097
173 14 2 22.296 8.643 20.878 8.081
174 14 2 22.168 8.626 20.749 8.064
175 14 2 22.057 8.626 20.638 8.063
176 14 2 21.928 8.610 20.509 8.047
177 14 2 21.818 8.576 20.397 8.013
178 14 2 21.689 8.559 20.268 7.996
179 14 2 21.578 8.559 20.156 7.996
180 14 2 21.449 8.559 20.027 7.995
181 14 2 21.338 8.543 19.915 7.979
182 14 2 21.210 8.509 19.786 7.945
183 14 2 21.098 8.492 19.673 7.928
184 14 2 20.969 8.492 19.544 7.928
185 14 2 20.858 8.492 19.432 7.927
186 14 2 20.729 8.475 19.302 7.910
187 14 2 20.617 8.458 19.190 7.893
188 14 2 20.488 8.458 19.060 7.893
189 14 2 20.377 8.441 18.948 7.876
190 14 2 20.265 8.425 18.835 7.859
191 14 2 20.153 8.425 18.722 7.859
163 14 2 23.691 8.793 22.282 8.233
164 14 2 23.241 8.785 21.803 8.182
165 14 2 23.233 8.760 21.820 8.199
166 14 2 23.122 8.743 21.709 8.182
167 14 2 23.011 8.727 21.598 8.165
168 14 2 22.884 8.727 21.470 8.165
169 14 2 22.773 8.710 21.358 8.148
170 14 2 22.645 8.677 21.230 8.115
171 14 2 22.535 8.660 21.118 8.098
0 17 1 26.788 9.721 25.886 9.133
1 17 1 26.813 9.738 25.870 9.125
2 17 1 26.771 9.738 26.030 9.133
3 17 1 26.804 9.837 25.988 9.125
4 17 1 26.787 9.837 26.038 9.133
5 17 1 26.796 9.829 26.072 9.092
6 17 1 26.939 9.787 26.131 9.125
7 17 1 27.098 9.745 26.197 9.166
8 17 1 27.266 9.737 26.273 9.216
9 17 1 27.156 9.787 26.357 9.149
10 17 1 27.198 9.786 26.399 9.149
11 17 1 27.240 9.786 26.441 9.149
12 17 1 27.299 9.786 26.500 9.149
13 17 1 27.474 9.819 26.374 9.125
14 17 1 27.474 9.786 26.391 9.116
15 17 1 27.483 9.769 26.399 9.133
16 17 1 27.466 9.769 26.408 9.100
17 17 1 27.500 9.728 26.459 9.083
18 17 1 27.575 9.728 26.475 9.108
19 17 1 27.633 9.752 26.643 9.091
20 17 1 27.575 9.736 26.677 9.108
21 17 1 27.734 9.744 26.845 9.074
22 17 1 27.775 9.769 26.928 9.083
23 17 1 27.783 9.785 26.911 9.132
24 17 1 27.783 9.769 26.911 9.141
25 17 1 27.834 9.777 26.961 9.149
26 17 1 27.867 9.785 26.995 9.157
27 17 1 27.917 9.793 27.045 9.165
28 17 1 27.967 9.818 27.095 9.190
29 17 1 28.000 9.809 27.129 9.182
30 17 1 28.050 9.834 27.179 9.207
31 17 1 28.100 9.842 27.229 9.215
32 17 1 28.425 9.833 27.354 9.248
33 17 1 28.442 9.833 27.379 9.223
34 17 1 28.449 9.899 27.362 9.273
35 17 1 28.425 9.866 27.429 9.264
36 17 1 28.508 9.899 27.445 9.355
37 17 1 28.524 9.899 27.570 9.339
38 17 1 28.541 9.924 27.604 9.355
39 17 1 28.557 9.948 27.671 9.347
40 17 1 28.582 9.973 27.712 9.347
41 17 1 28.540 9.998 27.846 9.346
42 17 1 28.624 9.957 27.754 9.380
43 17 1 28.724 9.915 27.896 9.371
44 17 1 28.732 9.931 27.871 9.363
45 17 1 28.773 9.931 27.913 9.363
46 17 1 29.156 9.930 27.971 9.421
47 17 1 29.064 9.931 28.112 9.437
48 17 1 29.239 9.938 28.037 9.421
49 17 1 28.998 9.956 28.138 9.396
50 17 1 29.039 9.964 28.179 9.404
51 17 1 29.322 9.955 28.079 9.429
52 17 1 29.339 9.913 28.095 9.445
53 17 1 29.305 9.946 28.213 9.404
54 17 1 29.288 9.979 28.288 9.395
55 17 1 29.296 9.996 28.296 9.404
56 17 1 29.329 10.004 28.271 9.404
57 17 1 29.230 10.013 28.396 9.420
58 17 1 29.304 9.996 28.512 9.436
59 17 1 29.346 9.988 28.604 9.453
60 17 1 29.388 9.987 28.554 9.445
61 17 1 29.495 10.012 28.645 9.453
62 17 1 29.479 9.995 28.645 9.453
63 17 1 29.594 10.028 28.770 9.477
64 17 1 29.710 10.110 28.787 9.444
65 17 1 29.842 10.069 28.811 9.469
66 17 1 29.876 10.060 28.902 9.527
67 17 1 29.941 10.134 28.844 9.518
68 17 1 29.975 10.085 28.944 9.543
69 17 1 29.991 10.068 29.001 9.625
70 17 1 29.900 10.110 29.076 9.584
71 17 1 29.958 10.118 29.134 9.592
72 17 1 29.999 10.142 29.076 9.592
73 17 1 29.949 10.126 29.126 9.600
74 17 1 30.048 10.158 29.251 9.567
75 17 1 30.082 10.142 29.325 9.633
76 17 1 30.090 10.158 29.366 9.641
77 17 1 30.123 10.150 29.325 9.633
78 17 1 30.247 10.174 29.450 9.592
79 17 1 30.239 10.141 29.441 9.625
80 17 1 30.371 10.141 29.565 9.624
81 17 1 30.437 10.166 29.607 9.641
82 17 1 30.551 10.305 29.441 9.674
83 17 1 30.404 10.149 29.607 9.632
84 17 1 30.445 10.149 29.648 9.632
85 17 1 30.906 10.238 29.573 9.665
86 17 1 30.487 10.149 29.690 9.632
87 17 1 30.849 10.230 29.689 9.665
88 17 1 30.923 10.238 29.689 9.682
89 17 1 30.906 10.230 29.698 9.673
90 17 1 30.964 10.246 29.731 9.657
91 17 1 30.964 10.205 30.186 9.664
92 17 1 30.939 10.279 29.978 9.731
93 17 1 31.046 10.303 30.070 9.722
94 17 1 30.956 10.189 30.194 9.681
95 17 1 30.956 10.189 30.178 9.681
96 17 1 31.014 10.180 30.417 9.680
97 17 1 31.088 10.180 30.318 9.680
98 17 1 31.104 10.278 30.376 9.713
99 17 1 31.202 10.278 30.434 9.697
100 17 1 31.285 10.261 30.450 9.688
101 17 1 31.244 10.220 30.483 9.721
102 17 1 31.597 10.269 30.507 9.738
103 17 1 31.277 10.212 30.516 9.713
104 17 1 31.318 10.212 30.557 9.713
105 17 1 31.368 10.212 30.607 9.713
106 17 1 31.417 10.203 30.656 9.704
107 17 1 31.745 10.276 30.591 9.639
108 17 1 31.713 10.235 30.666 9.614
109 17 1 31.721 10.260 30.698 9.638
110 17 1 31.655 10.309 30.755 9.704
111 17 1 31.647 10.211 30.962 9.646
112 17 1 31.712 10.334 30.979 9.613
113 17 1 31.869 10.243 30.954 9.605
114 17 1 31.852 10.309 31.095 9.572
115 17 1 31.648 10.153 30.896 9.654
116 17 1 31.966 10.325 31.161 9.580
117 17 1 31.673 10.137 30.921 9.638
118 17 1 32.157 10.160 31.440 9.612
119 17 1 32.157 10.136 31.415 9.637
120 17 1 32.198 10.127 31.457 9.629
121 17 1 32.240 10.111 31.498 9.612
122 17 1 32.289 10.102 31.547 9.604
123 17 1 32.338 10.086 31.597 9.587
124 17 1 32.379 10.069 31.638 9.571
125 17 1 32.429 10.053 31.688 9.554
126 17 1 32.478 10.036 31.737 9.538
127 17 1 32.420 10.086 31.631 9.497
128 17 1 32.436 10.102 31.696 9.505
129 17 1 32.502 10.069 31.771 9.439
130 17 1 32.495 10.003 31.762 9.505
131 17 1 32.536 9.995 31.803 9.497
132 17 1 32.569 9.995 31.836 9.497
133 17 1 32.610 9.987 31.877 9.488
134 17 1 32.659 9.987 31.927 9.488
135 17 1 32.700 9.986 31.968 9.488
136 17 1 32.886 10.109 32.019 9.299
137 17 1 32.895 10.076 32.011 9.299
138 17 1 32.716 9.962 31.984 9.463
139 17 1 32.757 9.954 32.025 9.455
140 17 1 33.174 9.969 32.083 9.439
141 17 1 32.798 9.945 32.067 9.447
142 17 1 33.410 10.009 32.019 9.316
143 17 1 33.223 9.952 32.428 9.414
144 17 1 33.280 9.977 32.551 9.413
145 17 1 33.272 9.944 32.542 9.446
146 17 1 33.321 9.944 32.591 9.446
147 17 1 33.370 9.944 32.640 9.446
148 17 1 33.419 9.935 32.690 9.438
149 17 1 33.460 9.935 32.731 9.438
150 17 1 33.435 10.009 32.682 9.372
151 17 1 33.459 10.001 32.715 9.356
152 17 1 33.444 9.927 32.714 9.429
153 17 1 33.549 10.033 32.708 9.290
154 17 1 33.477 9.911 32.747 9.413
155 17 1 33.509 9.911 32.780 9.413
156 17 1 33.778 9.934 33.148 9.371
157 17 1 33.811 9.902 33.091 9.404
158 17 1 33.860 9.902 33.140 9.404
159 17 1 33.909 9.893 33.189 9.396
160 17 1 34.063 9.974 32.919 9.396
161 17 1 33.950 9.877 33.230 9.380
162 17 1 33.999 9.877 33.279 9.379
172 17 1 34.414 9.867 33.695 9.371
173 17 1 34.454 9.867 33.736 9.371
174 17 1 34.495 9.867 33.777 9.371
175 17 1 34.535 9.867 33.817 9.370
176 17 1 34.576 9.867 33.858 9.370
177 17 1 34.625 9.867 33.907 9.370
178 17 1 34.673 9.875 33.956 9.378
179 17 1 34.722 9.875 34.005 9.378
180 17 1 34.779 9.883 34.062 9.386
181 17 1 34.925 9.899 34.021 9.346
182 17 1 34.828 9.875 34.110 9.378
183 17 1 34.876 9.874 34.159 9.378
184 17 1 35.013 9.939 34.241 9.386
185 17 1 35.062 9.923 34.355 9.361
186 17 1 35.151 9.923 34.379 9.386
187 17 1 35.159 9.988 34.542 9.361
188 17 1 35.256 9.971 34.542 9.320
189 17 1 35.241 9.890 34.533 9.394
190 17 1 35.378 9.946 34.460 9.361
191 17 1 35.458 9.971 34.493 9.353
163 17 1 34.048 9.868 33.328 9.371
164 17 1 34.096 9.868 33.377 9.371
165 17 1 34.145 9.860 33.426 9.363
166 17 1 34.194 9.860 33.475 9.363
167 17 1 34.235 9.860 33.516 9.363
168 17 1 34.284 9.860 33.565 9.363
169 17 1 34.324 9.859 33.606 9.363
170 17 1 34.365 9.868 33.646 9.371
171 17 1 34.454 9.900 33.671 9.346
