0 0 1 36.971 3.369 36.106 2.423
1 0 1 36.999 3.396 36.097 2.405
2 0 1 36.991 3.424 36.088 2.433
3 0 1 37.001 3.451 36.098 2.460
4 0 1 36.983 3.498 36.080 2.506
5 0 1 36.975 3.544 36.072 2.552
6 0 1 36.985 3.589 36.082 2.598
7 0 1 36.986 3.635 36.083 2.644
8 0 1 36.978 3.681 36.075 2.690
9 0 1 36.988 3.727 36.085 2.736
10 0 1 36.970 3.773 36.068 2.782
11 0 1 36.935 3.820 36.032 2.829
12 0 1 36.973 3.883 36.070 2.892
13 0 1 36.974 3.929 36.071 2.938
14 0 1 37.002 3.984 36.100 2.993
15 0 1 36.994 4.021 36.091 3.030
16 0 1 36.995 4.085 36.092 3.094
17 0 1 36.987 4.113 36.084 3.122
18 0 1 36.997 4.177 36.094 3.186
19 0 1 36.998 4.204 36.095 3.213
20 0 1 36.980 4.251 36.077 3.259
21 0 1 36.981 4.297 36.078 3.305
22 0 1 36.982 4.342 36.079 3.351
23 0 1 36.983 4.388 36.080 3.397
24 0 1 36.966 4.435 36.063 3.443
25 0 1 36.966 4.481 36.064 3.489
26 0 1 36.958 4.527 36.055 3.535
27 0 1 36.968 4.572 36.065 3.581
28 0 1 36.970 4.637 36.067 3.645
29 0 1 36.971 4.682 36.068 3.691
30 0 1 36.990 4.728 36.087 3.737
31 0 1 36.991 4.774 36.088 3.783
32 0 1 36.992 4.838 36.089 3.847
33 0 1 36.993 4.866 36.090 3.875
34 0 1 37.012 4.930 36.110 3.938
35 0 1 37.004 4.976 36.101 3.985
36 0 1 37.033 5.021 36.130 4.030
37 0 1 37.052 5.048 36.149 4.057
38 0 1 37.071 5.112 36.168 4.121
39 0 1 37.072 5.140 36.169 4.149
40 0 1 37.091 5.185 36.188 4.194
41 0 1 37.083 5.231 36.180 4.240
42 0 1 37.093 5.277 36.190 4.286
43 0 1 37.094 5.323 36.191 4.332
44 0 1 37.095 5.369 36.192 4.378
45 0 1 37.114 5.414 36.211 4.423
46 0 1 37.116 5.478 36.213 4.487
47 0 1 37.116 5.524 36.214 4.533
48 0 1 37.118 5.589 36.215 4.598
49 0 1 37.119 5.635 36.216 4.644
50 0 1 37.111 5.699 36.208 4.708
51 0 1 37.121 5.745 36.218 4.754
52 0 1 37.140 5.790 36.237 4.799
53 0 1 37.141 5.836 36.238 4.845
54 0 1 37.124 5.882 36.221 4.892
55 0 1 37.125 5.928 36.222 4.937
56 0 1 37.098 5.975 36.195 4.984
57 0 1 37.090 6.003 36.187 5.012
58 0 1 37.072 6.049 36.169 5.058
59 0 1 37.054 6.077 36.151 5.086
60 0 1 37.055 6.123 36.152 5.132
61 0 1 37.056 6.150 36.153 5.159
62 0 1 37.039 6.215 36.136 5.224
63 0 1 37.039 6.243 36.136 5.252
64 0 1 37.041 6.307 36.138 5.316
65 0 1 37.032 6.353 36.129 5.362
66 0 1 37.042 6.399 36.139 5.408
67 0 1 37.043 6.445 36.140 5.454
68 0 1 37.044 6.491 36.141 5.500
69 0 1 37.045 6.537 36.142 5.546
70 0 1 37.047 6.601 36.143 5.610
71 0 1 37.056 6.628 36.153 5.637
72 0 1 37.067 6.692 36.164 5.701
73 0 1 37.067 6.720 36.164 5.729
74 0 1 37.078 6.784 36.175 5.793
75 0 1 37.106 6.811 36.203 5.820
76 0 1 37.098 6.857 36.195 5.866
77 0 1 37.108 6.903 36.205 5.912
78 0 1 37.109 6.949 36.206 5.958
79 0 1 37.110 6.995 36.207 6.004
80 0 1 37.102 7.059 36.199 6.068
81 0 1 37.093 7.087 36.190 6.096
82 0 1 37.095 7.151 36.191 6.160
83 0 1 37.086 7.197 36.183 6.206
84 0 1 37.097 7.261 36.194 6.270
85 0 1 37.070 7.308 36.167 6.317
86 0 1 37.081 7.372 36.178 6.381
87 0 1 37.082 7.418 36.179 6.427
88 0 1 37.083 7.482 36.180 6.491
89 0 1 37.074 7.510 36.171 6.519
90 0 1 37.085 7.574 36.182 6.583
91 0 1 37.058 7.602 36.155 6.611
92 0 1 37.068 7.666 36.165 6.675
93 0 1 37.050 7.694 36.147 6.703
94 0 1 37.033 7.759 36.130 6.768
95 0 1 37.025 7.787 36.122 6.796
96 0 1 37.017 7.833 36.113 6.842
97 0 1 37.017 7.879 36.114 6.888
98 0 1 37.019 7.943 36.116 6.952
99 0 1 37.020 7.989 36.117 6.998
100 0 1 37.021 8.035 36.117 7.044
101 0 1 37.022 8.099 36.119 7.109
102 0 1 37.023 8.164 36.120 7.173
103 0 1 37.024 8.210 36.121 7.219
104 0 1 37.026 8.274 36.122 7.283
105 0 1 37.026 8.320 36.123 7.329
106 0 1 37.028 8.384 36.125 7.393
107 0 1 37.028 8.412 36.125 7.421
108 0 1 37.029 8.458 36.126 7.467
109 0 1 37.030 8.485 36.127 7.494
110 0 1 37.031 8.531 36.128 7.540
111 0 1 37.032 8.577 36.128 7.586
112 0 1 37.033 8.623 36.129 7.632
113 0 1 37.015 8.651 36.112 7.660
114 0 1 37.016 8.697 36.112 7.706
115 0 1 37.016 8.725 36.113 7.734
116 0 1 36.999 8.771 36.096 7.780
117 0 1 37.000 8.817 36.097 7.826
118 0 1 37.001 8.863 36.097 7.872
119 0 1 36.983 8.891 36.080 7.900
120 0 1 36.984 8.937 36.081 7.946
121 0 1 36.966 8.965 36.063 7.974
122 0 1 36.958 9.011 36.054 8.020
123 0 1 36.968 9.038 36.064 8.048
124 0 1 36.959 9.084 36.056 8.094
125 0 1 36.951 9.112 36.047 8.121
126 0 1 36.951 9.140 36.048 8.149
127 0 1 36.952 9.167 36.048 8.177
128 0 1 36.944 9.214 36.040 8.223
129 0 1 36.953 9.241 36.050 8.250
130 0 1 36.927 9.287 36.023 8.297
131 0 1 36.936 9.315 36.033 8.324
132 0 1 36.919 9.361 36.016 8.370
133 0 1 36.920 9.389 36.016 8.398
134 0 1 36.911 9.435 36.008 8.444
135 0 1 36.921 9.462 36.018 8.472
136 0 1 36.840 9.529 36.168 8.634
137 0 1 36.831 9.575 36.186 8.596
138 0 1 36.850 9.602 36.195 8.596
139 0 1 36.850 9.584 36.196 8.642
140 0 1 36.877 9.574 36.216 8.706
141 0 1 36.859 9.583 36.225 8.697
142 0 1 36.924 9.609 36.150 8.662
143 0 1 36.878 9.592 36.218 8.807
144 0 1 36.925 9.665 36.161 8.735
145 0 1 36.851 9.639 36.220 8.918
146 0 1 36.908 9.729 36.153 8.818
147 0 1 36.918 9.766 36.163 8.854
148 0 1 36.928 9.802 36.173 8.891
149 0 1 36.920 9.839 36.165 8.928
150 0 1 36.929 9.858 36.174 8.946
151 0 1 36.886 9.978 36.259 9.045
152 0 1 36.940 9.958 36.195 9.047
153 0 1 36.941 9.995 36.196 9.084
154 0 1 36.942 10.032 36.196 9.120
155 0 1 36.943 10.069 36.197 9.157
156 0 1 36.943 10.106 36.198 9.194
157 0 1 36.944 10.161 36.199 9.249
158 0 1 36.911 10.345 36.276 9.404
159 0 1 36.911 10.309 36.294 9.376
160 0 1 36.911 10.345 36.283 9.321
161 0 1 36.956 10.289 36.238 9.377
162 0 1 36.874 10.309 36.221 9.405
163 0 1 36.883 10.318 36.231 9.469
164 0 1 36.893 10.355 36.223 9.543
165 0 1 36.914 10.446 36.252 9.570
166 0 1 36.869 10.512 36.210 9.773
167 0 1 36.868 10.494 36.166 9.866
168 0 1 36.841 10.513 36.148 9.894
169 0 1 36.870 10.549 36.157 9.912
170 0 1 36.880 10.613 36.177 9.976
171 0 1 36.863 10.687 36.205 10.012
172 0 1 36.895 10.888 36.260 9.984
173 0 1 36.903 10.833 36.251 10.011
174 0 1 36.904 10.870 36.252 10.048
175 0 1 36.905 10.907 36.253 10.085
176 0 1 36.906 10.962 36.254 10.140
177 0 1 36.899 11.072 36.224 10.030
178 0 1 36.862 11.064 36.225 10.086
179 0 1 36.890 11.082 36.271 10.084
180 0 1 36.897 10.990 36.264 10.167
181 0 1 36.909 11.118 36.302 10.222
182 0 1 36.927 11.108 36.284 10.268
183 0 1 36.919 11.145 36.311 10.231
184 0 1 36.918 11.099 36.303 10.277
185 0 1 36.894 11.284 36.316 10.470
186 0 1 36.903 11.275 36.297 10.461
187 0 1 36.904 11.311 36.298 10.498
188 0 1 36.904 11.348 36.299 10.535
189 0 1 36.905 11.385 36.300 10.571
190 0 1 36.906 11.422 36.300 10.608
191 0 1 36.897 11.459 36.292 10.645
192 0 1 36.959 11.770 36.335 10.488
193 0 1 36.945 11.531 36.339 10.708
194 0 1 36.952 11.881 36.328 10.607
195 0 1 36.938 11.651 36.332 10.819
196 0 1 36.930 11.697 36.324 10.865
197 0 1 36.896 11.864 36.315 10.875
198 0 1 36.915 11.854 36.352 10.864
199 0 1 36.924 11.854 36.323 10.838
200 0 1 36.913 11.762 36.325 10.930
201 0 1 36.897 11.910 36.325 10.939
202 0 1 36.905 11.836 36.327 11.003
203 0 1 36.937 12.028 36.312 11.160
204 0 1 36.929 12.111 36.302 11.160
205 0 1 36.900 12.047 36.322 11.215
206 0 1 36.920 12.111 36.279 11.354
207 0 1 36.921 12.157 36.299 11.455
208 0 1 36.940 12.212 36.290 11.482
209 0 1 36.895 12.250 36.317 11.445
210 0 1 36.896 12.296 36.318 11.491
211 0 1 36.888 12.342 36.310 11.537
212 0 1 36.889 12.388 36.311 11.583
213 0 1 36.890 12.443 36.312 11.638
214 0 1 36.891 12.489 36.313 11.684
215 0 1 36.901 12.544 36.323 11.739
216 0 1 36.883 12.554 36.296 11.731
217 0 1 36.874 12.545 36.296 11.740
218 0 1 36.874 12.591 36.297 11.786
219 0 1 36.886 12.683 36.283 12.007
220 0 1 36.868 12.738 36.291 11.943
221 0 1 36.869 12.775 36.291 11.979
222 0 1 36.861 12.812 36.283 12.016
223 0 1 36.861 12.849 36.284 12.053
224 0 1 36.862 12.886 36.284 12.090
225 0 1 36.863 12.923 36.285 12.127
226 0 1 36.864 12.959 36.286 12.163
227 0 1 36.864 12.996 36.287 12.200
228 0 1 36.856 13.033 36.278 12.237
230 0 1 36.846 13.024 36.269 12.228
231 0 1 36.847 13.070 36.270 12.274
232 0 1 36.839 13.107 36.261 12.311
233 0 1 36.831 13.163 36.253 12.367
234 0 1 36.832 13.209 36.254 12.413
235 0 1 36.824 13.273 36.246 12.477
236 0 1 36.825 13.310 36.247 12.514
237 0 1 36.816 13.356 36.239 12.560
238 0 1 36.818 13.411 36.240 12.616
239 0 1 36.818 13.457 36.241 12.662
240 0 1 36.819 13.485 36.241 12.689
242 0 1 36.810 13.476 36.232 12.680
243 0 1 36.811 13.522 36.233 12.726
244 0 1 36.900 13.842 36.268 13.094
245 0 1 36.863 13.852 36.286 13.065
246 0 1 36.864 13.898 36.287 13.111
247 0 1 36.865 13.944 36.288 13.157
248 0 1 36.866 13.990 36.289 13.203
249 0 1 36.867 14.036 36.290 13.249
250 0 1 36.868 14.082 36.290 13.295
251 0 1 36.914 14.090 36.283 13.360
252 0 1 36.869 14.137 36.283 13.388
253 0 1 36.870 14.165 36.295 13.507
254 0 1 36.917 14.237 36.320 13.405
255 0 1 36.927 14.265 36.305 13.553
256 0 1 36.937 14.301 36.297 13.627
257 0 1 36.956 14.329 36.289 13.682
258 0 1 36.928 14.311 36.290 13.710
259 0 1 36.920 14.366 36.327 13.709
260 0 1 36.922 14.458 36.298 13.682
261 0 1 36.933 14.541 36.299 13.691
262 0 1 36.934 14.614 36.290 13.701
263 0 1 36.928 14.753 36.281 13.710
264 0 1 36.929 14.817 36.281 13.719
265 0 1 36.913 14.910 36.245 13.785
266 0 1 36.862 14.699 36.286 13.986
267 0 1 36.895 14.938 36.257 13.913
268 0 1 36.896 15.002 36.275 13.894
269 0 1 36.924 15.001 36.284 13.903
270 0 1 36.916 15.094 36.266 13.904
271 0 1 36.907 15.103 36.247 13.895
272 0 1 36.890 15.150 36.223 14.034
273 0 1 36.897 15.066 36.190 14.228
274 0 1 36.878 15.039 36.163 14.284
275 0 1 36.851 15.068 36.138 14.395
276 0 1 36.824 15.105 36.137 14.358
277 0 1 36.769 15.079 36.193 14.375
278 0 1 36.862 15.123 36.130 14.478
279 0 1 36.874 15.260 36.174 14.348
280 0 1 36.807 15.152 36.231 14.457
281 0 1 36.808 15.188 36.232 14.494
282 0 1 36.799 15.225 36.224 14.531
283 0 1 36.800 15.272 36.224 14.577
284 0 1 36.862 15.611 36.151 14.570
285 0 1 36.872 15.629 36.160 14.588
286 0 1 36.882 15.675 36.197 14.578
287 0 1 36.891 15.674 36.197 14.596
288 0 1 36.910 15.665 36.208 14.688
289 0 1 36.892 15.730 36.218 14.706
290 0 1 36.893 15.748 36.237 14.742
291 0 1 36.894 15.812 36.248 14.834
292 0 1 36.885 15.840 36.222 14.927
293 0 1 36.924 15.931 36.215 15.001
294 0 1 36.942 15.894 36.181 15.177
295 0 1 36.933 15.894 36.173 15.204
296 0 1 36.925 15.977 36.218 15.176
297 0 1 36.954 16.060 36.272 15.091
298 0 1 36.928 16.125 36.271 15.036
299 0 1 36.887 15.923 36.311 15.229
300 0 1 36.888 15.960 36.312 15.265
301 0 1 36.880 16.006 36.304 15.312
302 0 1 36.881 16.052 36.305 15.358
303 0 1 36.872 16.098 36.297 15.404
304 0 1 36.873 16.145 36.297 15.450
305 0 1 36.865 16.200 36.289 15.505
306 0 1 36.857 16.246 36.281 15.552
307 0 1 36.858 16.292 36.282 15.598
308 0 1 36.859 16.329 36.283 15.635
309 0 1 36.859 16.366 36.284 15.671
310 0 1 36.910 16.595 36.202 15.738
311 0 1 36.844 16.504 36.268 15.810
312 0 1 36.845 16.541 36.269 15.847
0 1 1 37.869 3.240 36.995 2.267
1 1 1 37.897 3.267 36.985 2.249
2 1 1 37.880 3.313 36.968 2.295
3 1 1 37.880 3.341 36.968 2.323
4 1 1 37.890 3.377 36.978 2.359
5 1 1 37.873 3.415 36.961 2.396
6 1 1 37.873 3.451 36.961 2.433
7 1 1 37.865 3.488 36.953 2.470
8 1 1 37.875 3.525 36.963 2.506
9 1 1 37.814 3.664 37.038 2.587
10 1 1 37.832 3.645 37.011 2.597
11 1 1 37.815 3.737 37.033 2.799
12 1 1 37.825 3.764 37.023 2.762
13 1 1 37.826 3.801 37.024 2.799
14 1 1 37.816 3.783 37.014 2.781
15 1 1 37.827 3.893 37.026 2.891
16 1 1 37.828 3.930 37.027 2.927
17 1 1 37.830 3.994 37.028 2.992
18 1 1 37.830 4.040 37.029 3.038
19 1 1 37.850 4.076 37.048 3.074
20 1 1 37.832 4.131 37.031 3.129
21 1 1 37.870 4.186 37.069 3.184
22 1 1 37.871 4.222 37.069 3.220
23 1 1 37.890 4.259 37.089 3.257
24 1 1 37.873 4.314 37.071 3.312
25 1 1 37.911 4.368 37.109 3.366
26 1 1 37.911 4.405 37.110 3.403
27 1 1 37.931 4.441 37.129 3.439
28 1 1 37.913 4.497 37.112 3.495
29 1 1 37.952 4.570 37.150 3.567
30 1 1 37.953 4.625 37.151 3.623
31 1 1 37.972 4.661 37.170 3.659
32 1 1 37.954 4.698 37.153 3.696
33 1 1 37.974 4.753 37.172 3.751
34 1 1 37.975 4.826 37.174 3.824
35 1 1 37.976 4.863 37.174 3.861
36 1 1 37.977 4.918 37.176 3.916
37 1 1 37.959 4.937 37.158 3.935
38 1 1 37.979 4.991 37.177 3.989
39 1 1 37.961 5.028 37.159 4.026
40 1 1 37.980 5.065 37.179 4.063
41 1 1 37.962 5.102 37.161 4.100
42 1 1 37.982 5.138 37.180 4.136
43 1 1 37.964 5.194 37.163 4.192
44 1 1 37.984 5.248 37.182 4.246
45 1 1 37.966 5.285 37.165 4.283
46 1 1 37.986 5.340 37.184 4.338
47 1 1 37.969 5.396 37.167 4.394
48 1 1 37.969 5.432 37.168 4.430
49 1 1 37.970 5.487 37.169 4.485
50 1 1 37.972 5.561 37.170 4.559
51 1 1 37.973 5.616 37.171 4.614
52 1 1 37.955 5.635 37.153 4.633
53 1 1 37.957 5.708 37.155 4.706
54 1 1 37.957 5.745 37.156 4.743
55 1 1 37.958 5.782 37.156 4.780
56 1 1 37.959 5.818 37.157 4.816
57 1 1 37.960 5.873 37.158 4.871
58 1 1 37.960 5.892 37.159 4.890
59 1 1 37.961 5.947 37.160 4.945
60 1 1 37.962 5.983 37.161 4.981
61 1 1 37.963 6.020 37.161 5.018
62 1 1 37.964 6.075 37.162 5.073
63 1 1 37.965 6.130 37.164 5.128
64 1 1 37.966 6.167 37.164 5.165
65 1 1 37.967 6.222 37.165 5.220
66 1 1 37.969 6.296 37.167 5.294
67 1 1 37.970 6.351 37.168 5.349
68 1 1 37.970 6.387 37.169 5.385
69 1 1 37.953 6.443 37.152 5.441
70 1 1 37.973 6.498 37.171 5.496
71 1 1 37.937 6.535 37.135 5.533
72 1 1 37.938 6.572 37.136 5.570
73 1 1 37.920 6.627 37.119 5.625
74 1 1 37.940 6.682 37.138 5.680
75 1 1 37.903 6.701 37.102 5.699
76 1 1 37.905 6.775 37.103 5.773
77 1 1 37.887 6.812 37.086 5.810
78 1 1 37.907 6.867 37.105 5.865
79 1 1 37.870 6.886 37.069 5.884
80 1 1 37.872 6.959 37.070 5.957
81 1 1 37.855 7.015 37.053 6.013
82 1 1 37.855 7.051 37.054 6.049
83 1 1 37.857 7.106 37.055 6.104
84 1 1 37.840 7.180 37.038 6.178
85 1 1 37.822 7.236 37.021 6.234
86 1 1 37.842 7.272 37.040 6.270
87 1 1 37.824 7.309 37.022 6.307
88 1 1 37.844 7.364 37.042 6.362
89 1 1 37.826 7.420 37.024 6.418
90 1 1 37.845 7.456 37.044 6.454
91 1 1 37.846 7.493 37.044 6.491
92 1 1 37.847 7.548 37.045 6.546
93 1 1 37.848 7.603 37.047 6.601
94 1 1 37.849 7.640 37.047 6.638
95 1 1 37.850 7.695 37.048 6.693
96 1 1 37.852 7.768 37.050 6.766
97 1 1 37.871 7.823 37.069 6.821
98 1 1 37.891 7.877 37.089 6.876
99 1 1 37.892 7.951 37.090 6.949
100 1 1 37.893 8.006 37.092 7.004
101 1 1 37.894 8.043 37.092 7.041
102 1 1 37.895 8.098 37.093 7.096
103 1 1 37.878 8.172 37.077 7.170
104 1 1 37.898 8.208 37.096 7.206
105 1 1 37.880 8.264 37.078 7.262
106 1 1 37.881 8.300 37.079 7.298
107 1 1 37.882 8.337 37.080 7.335
108 1 1 37.864 8.374 37.062 7.372
109 1 1 37.847 8.430 37.045 7.428
110 1 1 37.848 8.485 37.046 7.483
111 1 1 37.849 8.522 37.047 7.520
112 1 1 37.831 8.559 37.029 7.557
113 1 1 37.814 8.596 37.012 7.594
114 1 1 37.815 8.651 37.013 7.649
115 1 1 37.816 8.706 37.014 7.704
116 1 1 37.817 8.743 37.015 7.741
117 1 1 37.799 8.780 36.997 7.778
118 1 1 37.781 8.817 36.979 7.815
119 1 1 37.801 8.854 36.999 7.852
120 1 1 37.783 8.891 36.981 7.889
121 1 1 37.802 8.927 37.000 7.925
122 1 1 37.784 8.964 36.982 7.962
123 1 1 37.804 9.001 37.002 7.999
124 1 1 37.786 9.038 36.984 8.036
125 1 1 37.805 9.074 37.003 8.072
126 1 1 37.787 9.111 36.985 8.109
127 1 1 37.807 9.148 37.005 8.146
128 1 1 37.789 9.185 36.987 8.183
129 1 1 37.808 9.221 37.006 8.219
130 1 1 37.790 9.258 36.988 8.256
131 1 1 37.810 9.295 37.008 8.293
132 1 1 37.792 9.350 36.990 8.348
133 1 1 37.812 9.405 37.010 8.403
134 1 1 37.794 9.424 36.992 8.422
135 1 1 37.813 9.478 37.011 8.476
136 1 1 37.796 9.516 36.994 8.514
137 1 1 37.815 9.552 37.013 8.550
138 1 1 37.797 9.589 36.995 8.587
139 1 1 37.816 9.625 37.014 8.624
140 1 1 37.799 9.663 36.997 8.661
141 1 1 37.799 9.699 36.997 8.697
142 1 1 37.800 9.736 36.998 8.734
143 1 1 37.801 9.773 36.999 8.771
144 1 1 37.802 9.810 37.000 8.808
145 1 1 37.784 9.847 36.982 8.845
146 1 1 37.766 9.884 36.964 8.882
147 1 1 37.786 9.920 36.984 8.918
148 1 1 37.750 9.958 36.947 8.956
149 1 1 37.751 10.013 36.949 9.011
150 1 1 37.733 10.069 36.931 9.067
151 1 1 37.768 9.976 36.950 9.075
152 1 1 37.751 10.022 36.949 9.030
153 1 1 37.725 10.087 36.889 9.252
154 1 1 37.708 10.152 36.906 9.178
155 1 1 37.708 10.180 36.907 9.205
156 1 1 37.709 10.207 36.907 9.233
157 1 1 37.710 10.253 36.908 9.279
158 1 1 37.710 10.281 36.909 9.306
159 1 1 37.711 10.327 36.910 9.352
160 1 1 37.730 10.354 36.929 9.379
161 1 1 37.784 10.306 36.921 9.453
162 1 1 37.805 10.407 36.913 9.527
163 1 1 37.769 10.463 36.962 9.654
164 1 1 37.789 10.536 36.935 9.692
165 1 1 37.762 10.574 36.961 9.636
166 1 1 37.799 10.582 36.944 9.710
167 1 1 37.772 10.610 36.972 9.682
168 1 1 37.809 10.600 36.918 9.784
169 1 1 37.764 10.647 36.963 9.728
170 1 1 37.765 10.693 36.964 9.774
171 1 1 37.708 10.639 36.978 9.976
172 1 1 37.747 10.712 37.006 10.003
173 1 1 37.767 10.794 36.985 9.902
174 1 1 37.738 10.731 37.033 9.984
175 1 1 37.758 10.831 37.008 10.113
176 1 1 37.760 10.896 36.997 10.021
177 1 1 37.760 10.932 36.998 10.058
178 1 1 37.761 10.969 36.998 10.095
179 1 1 37.762 11.006 36.999 10.132
180 1 1 37.744 11.043 36.981 10.169
181 1 1 37.745 11.080 36.982 10.206
182 1 1 37.746 11.117 36.983 10.243
183 1 1 37.747 11.153 36.984 10.279
184 1 1 37.748 11.209 36.985 10.334
185 1 1 37.748 11.245 36.986 10.371
186 1 1 37.731 11.301 36.968 10.427
187 1 1 37.732 11.338 36.969 10.464
188 1 1 37.733 11.393 36.970 10.519
189 1 1 37.734 11.430 36.971 10.556
190 1 1 37.735 11.466 36.972 10.592
191 1 1 37.736 11.521 36.973 10.647
192 1 1 37.755 11.558 36.992 10.684
193 1 1 37.756 11.595 36.993 10.721
194 1 1 37.756 11.631 36.993 10.757
195 1 1 37.775 11.668 37.013 10.794
196 1 1 37.776 11.704 37.013 10.830
197 1 1 37.805 11.777 36.994 10.803
198 1 1 37.761 11.852 36.970 10.979
199 1 1 37.742 11.843 36.979 10.969
200 1 1 37.743 11.880 36.980 11.006
201 1 1 37.763 11.935 37.000 11.061
202 1 1 37.790 11.952 36.938 11.191
203 1 1 37.745 12.000 36.983 11.135
204 1 1 37.765 12.045 37.002 11.180
205 1 1 37.766 12.109 37.003 11.245
206 1 1 37.803 12.109 37.033 11.345
207 1 1 37.820 12.053 37.044 11.446
208 1 1 37.812 12.127 37.064 11.510
209 1 1 37.785 12.155 37.057 11.593
210 1 1 37.797 12.283 37.054 11.455
211 1 1 37.798 12.329 37.055 11.501
212 1 1 37.817 12.329 37.050 11.713
213 1 1 37.826 12.347 37.041 11.750
214 1 1 37.801 12.449 37.057 11.639
215 1 1 37.820 12.513 37.041 11.750
216 1 1 37.812 12.559 37.024 11.805
217 1 1 37.849 12.586 37.017 11.888
218 1 1 37.841 12.641 36.981 11.963
219 1 1 37.859 12.604 37.066 12.034
220 1 1 37.806 12.725 36.975 12.092
221 1 1 37.816 12.752 36.976 12.156
222 1 1 37.862 12.733 36.958 12.166
223 1 1 37.781 12.817 37.039 12.081
224 1 1 37.782 12.863 37.040 12.127
225 1 1 37.783 12.909 37.041 12.173
226 1 1 37.782 12.873 37.024 12.247
227 1 1 37.783 12.937 37.045 12.394
228 1 1 37.775 12.974 37.037 12.421
230 1 1 37.831 13.037 37.000 12.431
231 1 1 37.851 13.092 37.029 12.504
232 1 1 37.805 13.130 37.065 12.448
233 1 1 37.815 13.166 37.075 12.485
234 1 1 37.875 13.404 37.012 12.560
235 1 1 37.866 13.377 37.022 12.624
236 1 1 37.838 13.377 37.005 12.671
237 1 1 37.792 13.360 37.051 12.679
238 1 1 37.802 13.406 37.061 12.724
239 1 1 37.812 13.461 37.072 12.779
240 1 1 37.823 13.516 37.082 12.834
242 1 1 37.906 13.560 37.195 12.960
243 1 1 37.897 13.569 37.195 12.988
244 1 1 37.917 13.633 37.216 13.116
245 1 1 37.881 13.698 37.172 13.182
246 1 1 37.828 13.764 37.127 13.257
247 1 1 37.829 13.819 37.126 13.183
248 1 1 37.829 13.856 37.127 13.220
249 1 1 37.949 13.871 37.120 13.330
250 1 1 37.924 13.982 37.148 13.385
251 1 1 37.945 14.101 37.150 13.458
252 1 1 37.918 14.157 37.186 13.439
253 1 1 37.956 14.184 37.216 13.558
254 1 1 37.955 14.166 37.226 13.585
255 1 1 37.892 14.213 37.199 13.614
256 1 1 37.911 14.222 37.181 13.633
257 1 1 37.911 14.222 37.173 13.688
258 1 1 37.893 14.241 37.192 13.706
259 1 1 37.939 14.267 37.192 13.715
260 1 1 37.885 14.333 37.193 13.789
261 1 1 37.886 14.361 37.176 13.835
262 1 1 37.887 14.397 37.168 13.909
263 1 1 37.888 14.471 37.150 13.928
264 1 1 37.917 14.553 37.150 13.928
265 1 1 37.918 14.599 37.133 14.002
266 1 1 37.939 14.718 37.161 14.001
267 1 1 37.977 14.772 37.207 14.028
268 1 1 37.978 14.837 37.234 13.999
269 1 1 37.979 14.874 37.273 14.100
270 1 1 37.971 14.911 37.247 14.165
271 1 1 37.971 14.929 37.266 14.192
272 1 1 37.981 14.975 37.212 14.230
273 1 1 37.954 14.976 37.222 14.313
274 1 1 37.991 15.021 37.251 14.358
275 1 1 38.010 15.048 37.261 14.404
276 1 1 38.066 15.083 37.299 14.449
277 1 1 38.011 15.103 37.310 14.531
278 1 1 38.068 15.157 37.320 14.577
279 1 1 38.004 15.195 37.302 14.596
280 1 1 37.995 15.195 37.292 14.587
281 1 1 38.034 15.296 37.284 14.643
282 1 1 38.026 15.379 37.278 14.772
283 1 1 38.009 15.425 37.278 14.772
284 1 1 38.019 15.471 37.268 14.763
285 1 1 38.010 15.499 37.296 14.780
286 1 1 38.002 15.545 37.280 14.891
287 1 1 37.986 15.647 37.282 14.983
288 1 1 37.978 15.730 37.248 15.104
289 1 1 37.960 15.758 37.266 15.076
290 1 1 37.934 15.804 37.164 15.041
291 1 1 37.935 15.841 37.211 15.114
292 1 1 38.036 15.866 37.212 15.151
293 1 1 37.936 15.915 37.156 15.097
294 1 1 37.972 15.859 37.167 15.225
295 1 1 37.945 15.896 37.186 15.225
296 1 1 37.947 15.979 37.141 15.300
297 1 1 37.948 16.034 37.142 15.337
298 1 1 37.885 16.091 37.088 15.393
299 1 1 37.895 16.137 37.117 15.448
300 1 1 37.840 16.175 37.100 15.503
301 1 1 37.888 16.266 37.099 15.467
302 1 1 37.889 16.294 37.063 15.513
303 1 1 37.901 16.459 37.065 15.615
304 1 1 37.901 16.441 37.066 15.688
305 1 1 37.883 16.459 37.067 15.707
306 1 1 37.929 16.458 37.111 15.632
307 1 1 37.883 16.478 37.058 15.725
308 1 1 37.885 16.561 37.059 15.790
309 1 1 37.905 16.625 37.061 15.882
310 1 1 37.819 16.507 37.127 15.972
311 1 1 37.820 16.544 37.128 16.009
312 1 1 37.812 16.581 37.120 16.046
229 1 1 37.803 12.992 37.027 12.412
241 1 1 37.823 13.562 37.083 12.880
0 2 1 35.734 2.220 34.849 1.200
1 2 1 35.762 2.247 34.839 1.182
2 2 1 35.763 2.283 34.840 1.219
3 2 1 35.782 2.283 34.858 1.218
4 2 1 35.764 2.329 34.841 1.264
5 2 1 35.783 2.338 34.860 1.273
6 2 1 35.765 2.384 34.842 1.320
7 2 1 35.784 2.393 34.861 1.328
8 2 1 35.785 2.439 34.862 1.374
9 2 1 35.785 2.448 34.862 1.383
10 2 1 35.786 2.494 34.863 1.429
11 2 1 35.779 2.604 34.856 1.540
12 2 1 35.787 2.549 34.864 1.484
13 2 1 35.788 2.577 34.864 1.512
14 2 1 35.797 2.567 34.873 1.503
15 2 1 35.826 2.649 34.903 1.585
16 2 1 35.827 2.695 34.904 1.631
17 2 1 35.827 2.732 34.904 1.667
18 2 1 35.847 2.768 34.923 1.704
19 2 1 35.866 2.796 34.942 1.731
20 2 1 35.867 2.841 34.943 1.777
21 2 1 35.867 2.869 34.944 1.804
22 2 1 35.868 2.915 34.945 1.850
23 2 1 35.878 2.942 34.955 1.878
24 2 1 35.906 2.988 34.983 1.923
25 2 1 35.907 3.015 34.984 1.950
26 2 1 35.907 3.043 34.984 1.978
27 2 1 35.926 3.070 35.003 2.005
28 2 1 35.945 3.097 35.022 2.032
29 2 1 35.927 3.125 35.004 2.060
30 2 1 35.965 3.152 35.042 2.087
31 2 1 35.965 3.179 35.042 2.115
32 2 1 35.966 3.207 35.043 2.142
33 2 1 35.985 3.234 35.062 2.169
34 2 1 35.967 3.280 35.044 2.216
35 2 1 35.996 3.307 35.072 2.243
36 2 1 36.005 3.334 35.082 2.270
37 2 1 36.024 3.362 35.101 2.297
38 2 1 36.025 3.408 35.102 2.343
39 2 1 36.044 3.435 35.121 2.370
40 2 1 36.063 3.480 35.140 2.416
41 2 1 36.064 3.526 35.141 2.462
42 2 1 36.083 3.553 35.160 2.489
43 2 1 36.121 3.580 35.198 2.515
44 2 1 36.131 3.626 35.208 2.561
45 2 1 36.141 3.653 35.217 2.589
46 2 1 36.141 3.699 35.218 2.634
47 2 1 36.151 3.708 35.228 2.643
48 2 1 36.179 3.753 35.256 2.689
49 2 1 36.180 3.781 35.257 2.716
50 2 1 36.181 3.827 35.258 2.762
51 2 1 36.181 3.836 35.258 2.771
52 2 1 36.182 3.882 35.259 2.817
53 2 1 36.173 3.891 35.250 2.827
54 2 1 36.183 3.937 35.260 2.872
55 2 1 36.184 3.964 35.261 2.900
56 2 1 36.185 4.010 35.261 2.946
57 2 1 36.185 4.038 35.262 2.973
58 2 1 36.186 4.084 35.263 3.019
59 2 1 36.177 4.112 35.254 3.047
60 2 1 36.188 4.157 35.264 3.093
61 2 1 36.188 4.185 35.265 3.120
62 2 1 36.189 4.231 35.266 3.166
63 2 1 36.190 4.258 35.266 3.194
64 2 1 36.191 4.304 35.267 3.240
65 2 1 36.182 4.332 35.259 3.267
66 2 1 36.192 4.378 35.269 3.313
67 2 1 36.193 4.405 35.269 3.341
68 2 1 36.194 4.451 35.270 3.387
69 2 1 36.194 4.479 35.271 3.414
70 2 1 36.213 4.524 35.290 3.460
71 2 1 36.223 4.552 35.300 3.487
72 2 1 36.215 4.598 35.292 3.533
73 2 1 36.234 4.625 35.311 3.560
74 2 1 36.226 4.671 35.302 3.606
75 2 1 36.235 4.698 35.312 3.634
76 2 1 36.236 4.744 35.313 3.680
77 2 1 36.246 4.790 35.323 3.725
78 2 1 36.275 4.835 35.352 3.771
79 2 1 36.267 4.881 35.343 3.817
80 2 1 36.295 4.927 35.372 3.862
81 2 1 36.314 4.954 35.391 3.889
82 2 1 36.315 5.000 35.392 3.935
83 2 1 36.316 5.046 35.393 3.981
84 2 1 36.317 5.092 35.394 4.027
85 2 1 36.317 5.119 35.394 4.055
86 2 1 36.327 5.146 35.404 4.082
87 2 1 36.355 5.173 35.432 4.109
88 2 1 36.329 5.220 35.406 4.156
89 2 1 36.357 5.247 35.434 4.183
90 2 1 36.339 5.293 35.416 4.229
91 2 1 36.358 5.320 35.435 4.256
92 2 1 36.332 5.367 35.409 4.303
93 2 1 36.360 5.394 35.437 4.329
94 2 1 36.333 5.440 35.410 4.376
95 2 1 36.361 5.467 35.438 4.403
96 2 1 36.344 5.514 35.421 4.449
97 2 1 36.363 5.541 35.440 4.476
98 2 1 36.305 5.864 35.551 4.538
99 2 1 36.367 5.734 35.471 4.641
100 2 1 36.368 5.770 35.471 4.678
101 2 1 36.231 5.829 35.527 4.686
102 2 1 36.249 5.828 35.528 4.732
103 2 1 36.258 5.837 35.492 4.769
104 2 1 36.295 5.845 35.455 4.761
105 2 1 36.322 5.790 35.513 4.934
106 2 1 36.333 5.891 35.502 4.834
107 2 1 36.343 5.927 35.512 4.870
108 2 1 36.353 5.964 35.522 4.907
109 2 1 36.345 6.001 35.514 4.944
110 2 1 36.355 6.037 35.523 4.980
111 2 1 36.346 6.074 35.515 5.017
112 2 1 36.356 6.111 35.525 5.054
113 2 1 36.348 6.148 35.517 5.091
114 2 1 36.263 6.499 35.519 5.210
115 2 1 36.297 6.378 35.475 5.312
116 2 1 36.298 6.424 35.476 5.358
117 2 1 36.299 6.470 35.477 5.404
118 2 1 36.300 6.498 35.477 5.431
119 2 1 36.319 6.543 35.497 5.477
120 2 1 36.319 6.571 35.497 5.504
121 2 1 36.320 6.617 35.498 5.550
122 2 1 36.321 6.644 35.499 5.578
123 2 1 36.322 6.690 35.500 5.624
124 2 1 36.322 6.718 35.500 5.651
125 2 1 36.323 6.764 35.501 5.697
126 2 1 36.324 6.791 35.502 5.725
127 2 1 36.325 6.837 35.503 5.771
128 2 1 36.307 6.865 35.485 5.799
129 2 1 36.290 6.930 35.468 5.864
130 2 1 36.290 6.958 35.468 5.891
131 2 1 36.273 6.986 35.450 5.919
132 2 1 36.340 7.113 35.546 6.110
133 2 1 36.340 7.131 35.527 6.074
134 2 1 36.332 7.168 35.519 6.111
135 2 1 36.323 7.205 35.510 6.148
136 2 1 36.333 7.242 35.520 6.184
137 2 1 36.325 7.279 35.512 6.221
138 2 1 36.316 7.316 35.503 6.258
139 2 1 36.308 7.353 35.495 6.295
140 2 1 36.318 7.389 35.505 6.332
141 2 1 36.309 7.426 35.496 6.369
142 2 1 36.319 7.463 35.506 6.405
143 2 1 36.311 7.500 35.498 6.442
144 2 1 36.321 7.536 35.508 6.479
145 2 1 36.312 7.573 35.499 6.516
146 2 1 36.322 7.610 35.509 6.552
147 2 1 36.314 7.647 35.501 6.589
148 2 1 36.324 7.701 35.511 6.644
149 2 1 36.316 7.738 35.503 6.681
150 2 1 36.326 7.775 35.513 6.718
151 2 1 36.317 7.812 35.504 6.755
152 2 1 36.327 7.867 35.515 6.809
153 2 1 36.319 7.885 35.506 6.828
154 2 1 36.329 7.940 35.516 6.883
155 2 1 36.339 7.977 35.526 6.920
156 2 1 36.349 8.014 35.536 6.956
157 2 1 36.341 8.069 35.528 7.011
158 2 1 36.351 8.142 35.539 7.085
159 2 1 36.343 8.198 35.530 7.140
160 2 1 36.353 8.234 35.540 7.177
161 2 1 36.345 8.289 35.532 7.232
162 2 1 36.355 8.344 35.543 7.287
163 2 1 36.347 8.363 35.534 7.306
164 2 1 36.357 8.418 35.544 7.360
165 2 1 36.349 8.455 35.536 7.397
166 2 1 36.358 8.491 35.546 7.434
167 2 1 36.350 8.528 35.537 7.471
168 2 1 36.342 8.565 35.529 7.508
169 2 1 36.334 8.621 35.521 7.563
170 2 1 36.344 8.676 35.531 7.618
171 2 1 36.335 8.694 35.522 7.637
172 2 1 36.345 8.749 35.532 7.692
173 2 1 36.337 8.786 35.524 7.729
174 2 1 36.347 8.823 35.534 7.765
175 2 1 36.339 8.878 35.526 7.821
176 2 1 36.331 8.933 35.518 7.876
177 2 1 36.322 8.952 35.509 7.895
178 2 1 36.332 9.007 35.519 7.950
179 2 1 36.323 9.026 35.510 7.968
180 2 1 36.334 9.080 35.521 8.023
181 2 1 36.325 9.099 35.512 8.042
182 2 1 36.335 9.154 35.522 8.097
183 2 1 36.327 9.191 35.514 8.134
184 2 1 36.337 9.228 35.524 8.170
185 2 1 36.329 9.283 35.516 8.226
186 2 1 36.339 9.338 35.526 8.280
187 2 1 36.330 9.375 35.517 8.317
188 2 1 36.322 9.412 35.509 8.354
189 2 1 36.260 9.524 35.439 8.540
190 2 1 36.251 9.551 35.438 8.503
191 2 1 36.261 9.597 35.448 8.549
192 2 1 36.306 9.550 35.533 8.621
193 2 1 36.270 9.588 35.561 8.629
194 2 1 36.307 9.578 35.552 8.657
195 2 1 36.317 9.623 35.532 8.602
196 2 1 36.280 9.606 35.528 8.823
197 2 1 36.289 9.578 35.519 8.869
198 2 1 36.282 9.716 35.507 8.732
199 2 1 36.401 9.658 35.496 9.072
200 2 1 36.374 9.723 35.523 9.035
201 2 1 36.331 9.853 35.557 8.905
202 2 1 36.333 9.954 35.550 9.025
203 2 1 36.371 9.999 35.515 9.109
204 2 1 36.325 10.010 35.551 9.080
205 2 1 36.347 10.165 35.587 9.024
206 2 1 36.338 10.193 35.568 8.979
207 2 1 36.335 10.046 35.570 9.116
208 2 1 36.336 10.083 35.571 9.153
209 2 1 36.318 10.139 35.554 9.209
210 2 1 36.338 10.175 35.573 9.245
211 2 1 36.324 10.414 35.560 9.043
212 2 1 36.319 10.194 35.564 9.255
213 2 1 36.277 10.351 35.558 9.393
214 2 1 36.267 10.324 35.523 9.522
215 2 1 36.249 10.343 35.496 9.551
216 2 1 36.185 10.372 35.470 9.616
217 2 1 36.196 10.445 35.459 9.533
218 2 1 36.086 10.503 35.364 9.857
219 2 1 36.098 10.622 35.371 9.719
220 2 1 36.217 10.564 35.466 9.864
221 2 1 36.237 10.674 35.483 9.818
222 2 1 36.221 10.757 35.449 9.920
223 2 1 36.233 10.895 35.475 9.873
224 2 1 36.242 10.913 35.512 9.863
225 2 1 36.231 10.821 35.504 9.946
226 2 1 36.208 11.052 35.487 9.992
227 2 1 36.227 11.070 35.495 9.946
228 2 1 36.215 10.941 35.498 10.066
230 2 1 36.235 11.033 35.518 10.157
231 2 1 36.253 11.005 35.573 10.174
232 2 1 36.234 10.987 35.538 10.221
233 2 1 36.290 11.004 35.566 10.257
234 2 1 36.300 11.041 35.607 10.459
235 2 1 36.293 11.160 35.595 10.321
236 2 1 36.302 11.151 35.564 10.635
237 2 1 36.322 11.233 35.556 10.653
238 2 1 36.278 11.345 35.581 10.524
239 2 1 36.288 11.381 35.590 10.560
240 2 1 36.358 11.656 35.601 10.606
242 2 1 36.351 11.766 35.603 10.744
243 2 1 36.388 11.775 35.594 10.717
244 2 1 36.398 11.793 35.604 10.781
245 2 1 36.341 11.693 35.643 10.872
246 2 1 36.351 11.729 35.653 10.909
247 2 1 36.342 11.766 35.644 10.946
248 2 1 36.334 11.822 35.636 11.001
249 2 1 36.370 11.757 35.571 10.938
250 2 1 36.313 11.703 35.554 11.040
251 2 1 36.305 11.749 35.574 11.104
252 2 1 36.287 11.759 35.565 11.141
253 2 1 36.232 11.797 35.530 11.224
254 2 1 36.170 11.872 35.551 11.325
255 2 1 36.208 11.963 35.579 11.334
256 2 1 36.228 12.036 35.579 11.371
257 2 1 36.238 12.073 35.569 11.316
258 2 1 36.239 12.109 35.570 11.352
259 2 1 36.346 12.411 35.634 11.332
260 2 1 36.315 12.246 35.646 11.489
261 2 1 36.325 12.282 35.656 11.525
262 2 1 36.335 12.328 35.666 11.571
263 2 1 36.345 12.365 35.676 11.608
264 2 1 36.355 12.401 35.686 11.644
265 2 1 36.365 12.447 35.696 11.690
266 2 1 36.376 12.502 35.707 11.745
267 2 1 36.386 12.538 35.717 11.781
268 2 1 36.396 12.584 35.727 11.827
269 2 1 36.396 12.603 35.727 11.846
270 2 1 36.406 12.639 35.737 11.882
272 2 1 36.397 12.630 35.728 11.873
273 2 1 36.397 12.667 35.728 11.910
274 2 1 36.407 12.704 35.738 11.947
275 2 1 36.408 12.740 35.739 11.983
276 2 1 36.409 12.777 35.740 12.020
277 2 1 36.410 12.814 35.741 12.057
278 2 1 36.410 12.851 35.741 12.094
279 2 1 36.439 12.878 35.769 12.121
281 2 1 36.429 12.869 35.760 12.112
282 2 1 36.430 12.905 35.761 12.149
283 2 1 36.431 12.951 35.762 12.195
284 2 1 36.432 12.988 35.762 12.231
285 2 1 36.432 13.034 35.763 12.277
286 2 1 36.443 13.089 35.774 12.332
287 2 1 36.453 13.126 35.784 12.369
289 2 1 36.443 13.117 35.774 12.360
290 2 1 36.444 13.163 35.775 12.406
291 2 1 36.454 13.199 35.785 12.442
292 2 1 36.464 13.236 35.795 12.479
293 2 1 36.474 13.273 35.805 12.516
294 2 1 36.475 13.309 35.806 12.552
295 2 1 36.476 13.346 35.807 12.589
296 2 1 36.486 13.383 35.817 12.626
297 2 1 36.496 13.419 35.826 12.662
298 2 1 36.505 13.447 35.836 12.690
300 2 1 36.496 13.438 35.827 12.681
301 2 1 36.506 13.474 35.837 12.717
302 2 1 36.516 13.520 35.847 12.763
303 2 1 36.526 13.557 35.857 12.800
304 2 1 36.536 13.612 35.867 12.855
305 2 1 36.575 13.684 35.915 12.927
307 2 1 36.565 13.675 35.905 12.918
308 2 1 36.566 13.712 35.906 12.955
309 2 1 36.566 13.721 35.906 12.964
310 2 1 36.567 13.740 35.907 12.983
311 2 1 36.567 13.777 35.907 13.019
312 2 1 36.568 13.795 35.908 13.038
229 2 1 36.225 10.978 35.508 10.102
241 2 1 36.323 11.712 35.557 10.745
0 3 1 40.177 4.338 39.327 3.164
1 3 1 40.206 4.374 39.318 3.146
2 3 1 40.197 4.411 39.309 3.182
3 3 1 40.189 4.466 39.301 3.238
4 3 1 40.190 4.503 39.302 3.274
5 3 1 40.163 4.559 39.276 3.330
6 3 1 40.173 4.595 39.286 3.366
7 3 1 40.174 4.632 39.286 3.403
8 3 1 40.139 4.688 39.251 3.459
9 3 1 40.158 4.724 39.270 3.495
10 3 1 40.159 4.779 39.271 3.550
11 3 1 40.077 4.808 39.189 3.580
12 3 1 40.161 4.871 39.273 3.642
13 3 1 40.162 4.907 39.274 3.679
14 3 1 40.209 4.962 39.321 3.733
15 3 1 40.163 4.999 39.276 3.770
16 3 1 40.165 5.054 39.277 3.825
17 3 1 40.166 5.100 39.278 3.871
18 3 1 40.185 5.164 39.297 3.935
19 3 1 40.205 5.218 39.317 3.990
20 3 1 40.206 5.274 39.318 4.045
21 3 1 40.225 5.328 39.337 4.099
22 3 1 40.226 5.383 39.339 4.154
23 3 1 40.227 5.420 39.339 4.191
24 3 1 40.228 5.475 39.340 4.246
25 3 1 40.229 5.512 39.341 4.283
26 3 1 40.230 5.548 39.342 4.319
27 3 1 40.231 5.603 39.343 4.375
28 3 1 40.213 5.640 39.326 4.412
29 3 1 40.214 5.686 39.326 4.457
30 3 1 40.197 5.733 39.309 4.504
31 3 1 40.198 5.788 39.310 4.559
32 3 1 40.190 5.824 39.302 4.596
33 3 1 40.182 5.880 39.294 4.651
34 3 1 40.183 5.935 39.295 4.706
35 3 1 40.175 5.981 39.287 4.752
36 3 1 40.167 6.045 39.279 4.816
37 3 1 40.168 6.082 39.280 4.853
38 3 1 40.160 6.137 39.272 4.908
39 3 1 40.170 6.192 39.282 4.963
40 3 1 40.171 6.229 39.283 5.000
41 3 1 40.171 6.265 39.283 5.037
42 3 1 40.172 6.302 39.284 5.073
43 3 1 40.173 6.357 39.285 5.128
44 3 1 40.165 6.385 39.277 5.156
45 3 1 40.175 6.449 39.287 5.220
46 3 1 40.176 6.476 39.288 5.248
47 3 1 40.177 6.541 39.289 5.312
48 3 1 40.196 6.577 39.308 5.348
49 3 1 40.197 6.632 39.309 5.403
50 3 1 40.198 6.659 39.310 5.431
51 3 1 40.199 6.724 39.311 5.495
52 3 1 40.200 6.779 39.312 5.550
53 3 1 40.192 6.816 39.304 5.587
54 3 1 40.202 6.870 39.314 5.642
55 3 1 40.203 6.907 39.315 5.678
56 3 1 40.204 6.944 39.316 5.715
57 3 1 40.223 6.980 39.335 5.751
58 3 1 40.224 7.017 39.336 5.788
59 3 1 40.224 7.044 39.336 5.816
60 3 1 40.207 7.109 39.319 5.880
61 3 1 40.208 7.137 39.320 5.908
62 3 1 40.123 7.010 39.275 5.945
63 3 1 40.133 7.056 39.264 5.891
64 3 1 40.124 7.093 39.256 5.928
65 3 1 40.116 7.129 39.248 5.964
66 3 1 40.108 7.185 39.239 6.020
67 3 1 40.100 7.222 39.231 6.057
68 3 1 40.091 7.277 39.223 6.112
69 3 1 40.083 7.332 39.215 6.167
70 3 1 40.075 7.387 39.207 6.222
71 3 1 40.067 7.443 39.199 6.278
72 3 1 40.078 7.497 39.209 6.333
73 3 1 40.069 7.534 39.201 6.369
74 3 1 40.061 7.590 39.193 6.425
75 3 1 40.053 7.627 39.184 6.462
76 3 1 40.063 7.663 39.194 6.498
77 3 1 40.055 7.718 39.186 6.553
78 3 1 40.046 7.755 39.178 6.590
79 3 1 40.038 7.811 39.170 6.646
80 3 1 40.048 7.847 39.180 6.682
81 3 1 40.040 7.902 39.172 6.737
82 3 1 40.032 7.958 39.164 6.793
83 3 1 40.024 8.013 39.156 6.848
84 3 1 40.034 8.049 39.166 6.884
85 3 1 40.026 8.105 39.157 6.940
86 3 1 40.036 8.160 39.168 6.995
87 3 1 40.028 8.215 39.160 7.050
88 3 1 40.020 8.270 39.152 7.105
89 3 1 40.012 8.307 39.143 7.142
90 3 1 40.022 8.343 39.153 7.179
91 3 1 40.014 8.399 39.145 7.234
92 3 1 40.024 8.435 39.155 7.270
93 3 1 40.016 8.491 39.147 7.326
94 3 1 40.007 8.527 39.139 7.363
95 3 1 39.999 8.564 39.130 7.399
96 3 1 39.991 8.620 39.122 7.455
97 3 1 39.964 8.657 39.095 7.492
98 3 1 39.956 8.712 39.087 7.547
99 3 1 39.948 8.768 39.079 7.603
100 3 1 39.940 8.823 39.071 7.658
101 3 1 39.932 8.878 39.063 7.713
102 3 1 39.942 8.933 39.074 7.768
103 3 1 39.934 8.988 39.066 7.823
104 3 1 39.926 9.044 39.058 7.879
105 3 1 39.919 9.117 39.050 7.952
106 3 1 39.911 9.173 39.042 8.008
107 3 1 39.903 9.228 39.034 8.063
108 3 1 39.913 9.283 39.044 8.118
109 3 1 39.905 9.338 39.036 8.173
110 3 1 39.896 9.375 39.028 8.210
111 3 1 39.888 9.430 39.020 8.265
112 3 1 39.899 9.485 39.030 8.320
113 3 1 39.891 9.540 39.022 8.375
114 3 1 39.901 9.577 39.032 8.412
115 3 1 39.893 9.632 39.024 8.467
116 3 1 39.885 9.688 39.016 8.523
117 3 1 39.876 9.743 39.008 8.578
118 3 1 39.886 9.779 39.018 8.614
119 3 1 39.878 9.835 39.010 8.670
120 3 1 39.889 9.890 39.020 8.725
121 3 1 39.880 9.927 39.011 8.762
122 3 1 39.872 9.982 39.003 8.817
123 3 1 39.864 10.019 38.995 8.854
124 3 1 39.874 10.055 39.005 8.890
125 3 1 39.865 10.092 38.997 8.927
126 3 1 39.875 10.129 39.006 8.964
127 3 1 39.849 10.185 38.980 9.020
128 3 1 39.840 10.203 38.971 9.038
129 3 1 39.832 10.240 38.963 9.075
130 3 1 39.823 10.277 38.954 9.112
131 3 1 39.815 10.314 38.946 9.149
132 3 1 39.806 10.351 38.938 9.186
133 3 1 39.798 10.406 38.930 9.241
134 3 1 39.790 10.443 38.921 9.278
135 3 1 39.782 10.498 38.913 9.333
136 3 1 39.792 10.535 38.923 9.370
137 3 1 39.784 10.590 38.915 9.425
138 3 1 39.794 10.627 38.925 9.462
139 3 1 39.786 10.682 38.917 9.517
140 3 1 39.796 10.719 38.927 9.554
141 3 1 39.788 10.774 38.919 9.609
142 3 1 39.779 10.811 38.910 9.646
143 3 1 39.771 10.866 38.902 9.701
144 3 1 39.781 10.903 38.912 9.738
145 3 1 39.792 10.958 38.923 9.793
146 3 1 39.801 10.994 38.932 9.829
147 3 1 39.793 11.050 38.924 9.885
148 3 1 39.804 11.104 38.935 9.939
149 3 1 39.795 11.141 38.926 9.976
150 3 1 39.806 11.196 38.937 10.031
151 3 1 39.798 11.252 38.929 10.087
152 3 1 39.808 11.307 38.939 10.142
153 3 1 39.799 11.343 38.930 10.178
154 3 1 39.627 11.449 38.999 10.388
155 3 1 39.692 11.466 39.058 10.148
156 3 1 39.782 11.390 38.950 10.224
157 3 1 39.774 11.445 38.942 10.279
158 3 1 39.784 11.463 38.951 10.297
159 3 1 39.794 11.518 38.962 10.352
160 3 1 39.786 11.555 38.953 10.389
161 3 1 39.796 11.610 38.964 10.444
162 3 1 39.769 11.666 38.937 10.500
163 3 1 39.761 11.684 38.928 10.519
164 3 1 39.734 11.740 38.902 10.574
165 3 1 39.744 11.777 38.912 10.611
166 3 1 39.736 11.814 38.903 10.648
167 3 1 39.728 11.869 38.895 10.703
168 3 1 39.720 11.924 38.887 10.759
169 3 1 39.730 11.961 38.897 10.795
170 3 1 39.722 12.016 38.889 10.850
171 3 1 39.732 12.071 38.900 10.905
172 3 1 39.724 12.108 38.891 10.942
173 3 1 39.734 12.163 38.901 10.997
174 3 1 39.726 12.237 38.894 11.071
175 3 1 39.810 12.317 39.054 11.288
176 3 1 39.830 12.372 39.007 11.215
177 3 1 39.831 12.418 39.008 11.261
178 3 1 39.832 12.464 39.009 11.307
179 3 1 39.851 12.491 39.028 11.334
180 3 1 39.852 12.537 39.029 11.380
181 3 1 39.853 12.583 39.030 11.426
182 3 1 39.596 12.580 38.999 11.730
183 3 1 39.709 12.715 38.904 11.576
184 3 1 39.709 12.743 38.905 11.604
185 3 1 39.710 12.807 38.906 11.668
186 3 1 39.711 12.835 38.907 11.696
187 3 1 39.712 12.899 38.908 11.760
188 3 1 39.713 12.927 38.909 11.788
189 3 1 39.714 12.991 38.910 11.852
190 3 1 39.734 13.036 38.929 11.897
191 3 1 39.734 13.082 38.930 11.943
192 3 1 39.754 13.128 38.949 11.989
193 3 1 39.755 13.174 38.950 12.035
194 3 1 39.755 13.201 38.951 12.062
195 3 1 39.756 13.247 38.952 12.108
196 3 1 39.757 13.275 38.952 12.136
197 3 1 39.758 13.321 38.953 12.182
198 3 1 39.759 13.367 38.954 12.228
199 3 1 39.760 13.413 38.955 12.274
200 3 1 39.761 13.459 38.956 12.320
201 3 1 39.762 13.523 38.958 12.384
202 3 1 39.763 13.569 38.959 12.430
203 3 1 39.764 13.615 38.959 12.476
204 3 1 39.765 13.661 38.960 12.522
205 3 1 39.766 13.725 38.962 12.586
206 3 1 39.767 13.753 38.962 12.614
207 3 1 39.768 13.817 38.964 12.678
208 3 1 39.751 13.864 38.946 12.725
209 3 1 39.752 13.910 38.947 12.771
210 3 1 39.753 13.955 38.948 12.817
211 3 1 39.735 14.002 38.931 12.863
212 3 1 39.736 14.048 38.932 12.909
213 3 1 39.737 14.094 38.933 12.955
214 3 1 39.756 14.139 38.952 13.000
215 3 1 39.764 14.056 39.020 13.201
216 3 1 39.785 14.185 38.990 13.064
217 3 1 39.739 14.167 39.049 13.237
218 3 1 39.786 14.249 39.001 13.137
219 3 1 39.787 14.286 39.001 13.174
220 3 1 39.788 14.322 39.002 13.211
221 3 1 39.788 14.359 39.003 13.247
222 3 1 39.789 14.396 39.004 13.284
223 3 1 39.856 14.514 39.079 13.374
224 3 1 39.846 14.496 39.070 13.384
225 3 1 39.857 14.551 39.080 13.439
226 3 1 39.867 14.587 39.090 13.475
227 3 1 39.839 14.569 39.093 13.586
228 3 1 39.831 14.652 39.094 13.659
230 3 1 39.924 14.678 39.064 13.982
231 3 1 39.878 14.688 39.074 14.027
232 3 1 39.851 14.707 39.121 14.063
233 3 1 39.855 14.900 39.108 13.870
234 3 1 39.855 14.928 39.108 13.898
235 3 1 39.856 14.974 39.109 13.944
236 3 1 39.857 15.020 39.110 13.990
237 3 1 39.858 15.066 39.111 14.036
238 3 1 39.859 15.112 39.112 14.082
239 3 1 39.860 15.158 39.113 14.128
240 3 1 39.879 15.203 39.132 14.173
242 3 1 39.881 15.295 39.134 14.265
243 3 1 39.883 15.359 39.136 14.329
244 3 1 39.884 15.405 39.136 14.375
245 3 1 39.885 15.470 39.138 14.440
246 3 1 39.886 15.516 39.139 14.486
247 3 1 39.887 15.562 39.140 14.532
248 3 1 39.887 15.589 39.140 14.559
249 3 1 39.907 15.635 39.160 14.605
250 3 1 39.907 15.662 39.160 14.632
251 3 1 39.908 15.708 39.161 14.678
252 3 1 39.909 15.736 39.162 14.706
253 3 1 39.910 15.782 39.163 14.752
254 3 1 39.911 15.828 39.164 14.798
255 3 1 39.912 15.874 39.165 14.844
256 3 1 39.912 15.901 39.165 14.871
257 3 1 39.913 15.947 39.166 14.917
258 3 1 39.933 15.993 39.185 14.963
259 3 1 39.934 16.039 39.186 15.009
260 3 1 39.934 16.085 39.187 15.055
261 3 1 39.935 16.131 39.188 15.101
262 3 1 39.936 16.177 39.189 15.147
263 3 1 39.937 16.223 39.190 15.193
264 3 1 39.938 16.250 39.191 15.220
265 3 1 39.939 16.296 39.192 15.266
266 3 1 39.939 16.324 39.192 15.294
267 3 1 39.940 16.370 39.193 15.340
268 3 1 39.941 16.397 39.194 15.368
269 3 1 39.942 16.443 39.195 15.414
270 3 1 39.942 16.471 39.195 15.441
271 3 1 39.943 16.517 39.196 15.487
272 3 1 39.944 16.545 39.197 15.515
273 3 1 39.945 16.591 39.198 15.561
274 3 1 39.946 16.618 39.198 15.588
275 3 1 39.947 16.683 39.200 15.653
276 3 1 39.947 16.710 39.200 15.680
277 3 1 39.949 16.775 39.202 15.745
278 3 1 39.949 16.802 39.202 15.772
279 3 1 39.951 16.866 39.203 15.837
280 3 1 39.952 16.912 39.204 15.883
281 3 1 39.953 16.958 39.205 15.929
282 3 1 39.953 16.986 39.206 15.956
283 3 1 39.954 17.032 39.207 16.002
284 3 1 39.955 17.060 39.207 16.030
285 3 1 39.956 17.106 39.208 16.076
286 3 1 39.956 17.133 39.209 16.103
287 3 1 39.957 17.179 39.210 16.149
288 3 1 39.958 17.207 39.210 16.177
289 3 1 39.977 17.271 39.230 16.241
290 3 1 39.978 17.298 39.231 16.268
291 3 1 39.960 17.336 39.140 16.308
292 3 1 39.924 17.336 39.176 16.307
293 3 1 39.925 17.382 39.177 16.353
294 3 1 39.944 17.410 39.196 16.380
295 3 1 39.945 17.474 39.198 16.444
296 3 1 39.945 17.502 39.198 16.472
297 3 1 39.946 17.548 39.199 16.518
298 3 1 39.947 17.594 39.200 16.564
299 3 1 39.948 17.640 39.201 16.610
300 3 1 39.949 17.667 39.202 16.637
301 3 1 39.950 17.713 39.203 16.683
302 3 1 39.932 17.723 39.184 16.693
303 3 1 39.933 17.769 39.185 16.739
304 3 1 39.933 17.796 39.186 16.767
305 3 1 39.934 17.842 39.187 16.813
306 3 1 39.935 17.870 39.187 16.840
307 3 1 39.936 17.916 39.188 16.886
308 3 1 39.937 17.962 39.189 16.932
309 3 1 39.938 18.008 39.190 16.978
310 3 1 39.938 18.036 39.191 17.006
311 3 1 39.939 18.082 39.192 17.052
312 3 1 39.922 18.128 39.174 17.098
229 3 1 39.860 14.707 39.098 13.834
241 3 1 39.880 15.249 39.133 14.219
0 5 1 39.254 4.945 38.564 3.978
1 5 1 39.273 4.973 38.554 3.960
2 5 1 39.265 5.028 38.546 4.015
3 5 1 39.274 5.046 38.556 4.033
4 5 1 39.266 5.092 38.548 4.079
5 5 1 39.276 5.119 38.557 4.107
6 5 1 39.268 5.184 38.550 4.171
7 5 1 39.278 5.211 38.559 4.199
8 5 1 39.270 5.275 38.551 4.263
9 5 1 39.280 5.321 38.562 4.309
10 5 1 39.272 5.386 38.554 4.373
11 5 1 39.189 5.342 38.470 4.329
12 5 1 39.256 5.478 38.537 4.465
13 5 1 39.284 5.523 38.566 4.510
14 5 1 39.322 5.596 38.604 4.583
15 5 1 39.287 5.633 38.568 4.621
16 5 1 39.297 5.679 38.578 4.666
17 5 1 39.298 5.725 38.579 4.712
18 5 1 39.317 5.770 38.598 4.758
19 5 1 39.327 5.816 38.608 4.803
20 5 1 39.328 5.862 38.609 4.849
21 5 1 39.329 5.908 38.610 4.895
22 5 1 39.321 5.972 38.602 4.960
23 5 1 39.313 6.018 38.594 5.006
24 5 1 39.305 6.083 38.586 5.070
25 5 1 39.315 6.128 38.597 5.116
26 5 1 39.307 6.174 38.588 5.162
27 5 1 39.317 6.220 38.598 5.207
28 5 1 39.309 6.284 38.591 5.272
29 5 1 39.301 6.330 38.582 5.318
30 5 1 39.293 6.395 38.574 5.382
31 5 1 39.303 6.441 38.585 5.428
32 5 1 39.295 6.505 38.577 5.493
33 5 1 39.305 6.532 38.586 5.520
34 5 1 39.297 6.578 38.578 5.566
35 5 1 39.307 6.606 38.588 5.593
36 5 1 39.299 6.670 38.580 5.658
37 5 1 39.309 6.698 38.590 5.685
38 5 1 39.301 6.762 38.582 5.750
39 5 1 39.310 6.789 38.592 5.777
40 5 1 39.303 6.854 38.584 5.841
41 5 1 39.313 6.899 38.594 5.887
42 5 1 39.305 6.946 38.586 5.933
43 5 1 39.315 6.991 38.596 5.979
44 5 1 39.307 7.056 38.588 6.043
45 5 1 39.317 7.101 38.598 6.089
46 5 1 39.309 7.166 38.590 6.153
47 5 1 39.319 7.212 38.600 6.199
48 5 1 39.311 7.258 38.592 6.245
49 5 1 39.321 7.303 38.602 6.291
50 5 1 39.313 7.349 38.594 6.337
51 5 1 39.305 7.396 38.586 6.383
52 5 1 39.296 7.442 38.578 6.429
53 5 1 39.288 7.488 38.569 6.475
54 5 1 39.262 7.534 38.543 6.522
55 5 1 39.253 7.580 38.535 6.568
56 5 1 39.245 7.626 38.526 6.614
57 5 1 39.237 7.654 38.518 6.642
58 5 1 39.229 7.719 38.510 6.706
59 5 1 39.220 7.765 38.502 6.752
60 5 1 39.194 7.811 38.475 6.799
61 5 1 39.186 7.857 38.467 6.845
62 5 1 39.178 7.922 38.459 6.909
63 5 1 39.169 7.950 38.450 6.937
64 5 1 39.161 7.996 38.442 6.983
65 5 1 39.152 8.005 38.433 6.993
66 5 1 39.144 8.070 38.425 7.057
67 5 1 39.135 8.097 38.417 7.085
68 5 1 39.127 8.143 38.408 7.131
69 5 1 39.137 8.189 38.419 7.177
70 5 1 39.111 8.236 38.392 7.223
71 5 1 39.103 8.282 38.384 7.269
72 5 1 39.094 8.328 38.375 7.315
73 5 1 39.086 8.374 38.367 7.361
74 5 1 39.078 8.438 38.359 7.426
75 5 1 39.088 8.484 38.369 7.472
76 5 1 39.062 8.531 38.343 7.518
77 5 1 39.072 8.576 38.353 7.564
78 5 1 39.064 8.641 38.345 7.628
79 5 1 39.056 8.687 38.337 7.674
80 5 1 39.048 8.733 38.329 7.721
81 5 1 39.039 8.779 38.320 7.767
82 5 1 39.013 8.844 38.294 7.832
83 5 1 39.005 8.872 38.286 7.859
84 5 1 38.978 8.919 38.259 7.906
85 5 1 38.988 8.964 38.269 7.952
86 5 1 38.961 9.011 38.242 7.998
87 5 1 39.055 9.082 38.210 8.201
88 5 1 39.065 9.109 38.228 8.201
89 5 1 38.984 9.231 38.237 8.200
90 5 1 38.966 9.250 38.239 8.256
91 5 1 38.922 9.342 38.212 8.302
92 5 1 38.931 9.305 38.203 8.330
93 5 1 38.913 9.352 38.186 8.376
94 5 1 38.878 9.399 38.150 8.423
95 5 1 38.860 9.427 38.132 8.451
96 5 1 38.861 9.491 38.134 8.515
97 5 1 38.823 9.409 38.155 8.680
98 5 1 38.813 9.373 38.119 8.699
99 5 1 38.786 9.410 38.129 8.717
100 5 1 38.806 9.511 38.108 8.608
101 5 1 38.798 9.557 38.100 8.654
102 5 1 38.808 9.602 38.110 8.700
103 5 1 38.740 9.861 38.031 8.885
104 5 1 38.714 9.945 38.050 8.894
105 5 1 38.725 10.027 38.078 8.958
106 5 1 38.708 10.073 38.054 9.105
107 5 1 38.746 10.155 38.046 9.188
108 5 1 38.728 10.165 38.055 9.142
109 5 1 38.692 10.184 38.029 9.216
110 5 1 38.637 10.213 38.011 9.272
111 5 1 38.682 10.166 37.994 9.318
112 5 1 38.746 10.164 38.012 9.327
113 5 1 38.709 10.129 37.986 9.373
114 5 1 38.719 10.174 37.986 9.401
115 5 1 38.739 10.257 37.978 9.419
116 5 1 38.748 10.256 37.998 9.538
117 5 1 38.769 10.375 37.998 9.502
118 5 1 38.707 10.478 37.934 9.522
119 5 1 38.651 10.424 37.999 9.557
120 5 1 38.657 10.727 37.944 9.586
121 5 1 38.631 10.783 37.944 9.586
122 5 1 38.609 10.618 37.957 9.742
123 5 1 38.610 10.655 37.957 9.778
124 5 1 38.564 10.683 37.884 9.771
125 5 1 38.545 10.666 37.893 9.789
126 5 1 38.546 10.702 37.894 9.826
127 5 1 38.529 10.739 37.876 9.863
128 5 1 38.529 10.776 37.877 9.900
129 5 1 38.530 10.813 37.878 9.937
130 5 1 38.531 10.850 37.879 9.973
131 5 1 38.532 10.886 37.879 10.010
132 5 1 38.465 11.219 37.724 10.069
133 5 1 38.425 11.073 37.773 10.196
134 5 1 38.426 11.110 37.774 10.233
135 5 1 38.427 11.146 37.774 10.270
136 5 1 38.440 11.348 37.764 10.215
137 5 1 38.419 11.220 37.767 10.344
138 5 1 38.420 11.257 37.767 10.380
139 5 1 38.533 11.392 37.814 10.416
140 5 1 38.534 11.447 37.776 10.334
141 5 1 38.476 11.329 37.824 10.443
142 5 1 38.560 11.364 37.881 10.534
143 5 1 38.560 11.391 37.882 10.598
144 5 1 38.550 11.346 37.708 10.621
145 5 1 38.460 11.412 37.808 10.554
146 5 1 38.499 11.512 37.741 10.868
147 5 1 38.445 11.606 37.794 10.757
148 5 1 38.537 11.585 37.789 10.978
149 5 1 38.484 11.697 37.832 10.857
150 5 1 38.587 11.805 37.787 10.886
151 5 1 38.504 11.761 37.852 10.921
152 5 1 38.565 12.044 37.850 10.829
153 5 1 38.520 12.110 37.805 10.885
154 5 1 38.547 12.081 37.851 10.866
155 5 1 38.548 12.118 37.879 10.902
156 5 1 38.613 12.144 37.889 10.948
157 5 1 38.576 12.154 37.881 10.985
158 5 1 38.554 11.989 37.903 11.150
159 5 1 38.555 12.026 37.904 11.186
160 5 1 38.556 12.063 37.904 11.223
161 5 1 38.557 12.100 37.905 11.260
162 5 1 38.576 12.154 37.925 11.315
163 5 1 38.576 12.173 37.925 11.333
164 5 1 38.578 12.228 37.926 11.388
165 5 1 38.578 12.265 37.927 11.425
166 5 1 38.597 12.301 37.946 11.461
167 5 1 38.598 12.338 37.947 11.498
168 5 1 38.599 12.393 37.948 11.553
169 5 1 38.653 12.759 37.961 11.728
170 5 1 38.625 12.769 37.961 11.755
171 5 1 38.672 12.805 37.989 11.791
172 5 1 38.663 12.787 37.989 11.745
173 5 1 38.681 12.805 37.983 11.920
174 5 1 38.636 12.824 37.983 11.939
175 5 1 38.635 12.797 37.984 11.957
176 5 1 38.636 12.833 37.984 11.994
177 5 1 38.655 12.888 38.004 12.048
178 5 1 38.638 12.907 37.986 12.067
179 5 1 38.657 12.962 38.005 12.122
180 5 1 38.657 12.980 38.006 12.140
181 5 1 38.659 13.035 38.007 12.196
182 5 1 38.765 13.290 38.081 12.231
183 5 1 38.735 13.171 38.083 12.332
184 5 1 38.736 13.208 38.084 12.368
185 5 1 38.737 13.263 38.085 12.424
186 5 1 38.831 13.390 38.129 12.331
187 5 1 38.801 13.280 38.150 12.440
188 5 1 38.823 13.417 38.130 12.386
189 5 1 38.802 13.317 38.151 12.477
190 5 1 38.803 13.353 38.151 12.514
191 5 1 38.822 13.408 38.171 12.569
192 5 1 38.823 13.445 38.172 12.605
193 5 1 38.824 13.482 38.172 12.642
194 5 1 38.843 13.518 38.192 12.679
195 5 1 38.844 13.555 38.192 12.715
196 5 1 38.863 13.591 38.211 12.752
197 5 1 38.864 13.628 38.212 12.788
198 5 1 38.865 13.665 38.213 12.825
199 5 1 38.865 13.701 38.214 12.862
200 5 1 38.866 13.757 38.215 12.917
201 5 1 38.867 13.793 38.216 12.954
202 5 1 38.887 13.848 38.235 13.009
203 5 1 38.888 13.903 38.236 13.064
204 5 1 38.889 13.940 38.237 13.101
205 5 1 38.908 13.995 38.257 13.155
206 5 1 38.909 14.032 38.257 13.192
207 5 1 38.910 14.087 38.258 13.247
208 5 1 38.911 14.123 38.259 13.284
209 5 1 38.912 14.179 38.260 13.339
210 5 1 38.913 14.215 38.261 13.376
211 5 1 38.913 14.252 38.262 13.413
212 5 1 39.027 14.406 38.242 13.772
213 5 1 39.055 14.433 38.215 13.800
214 5 1 39.005 14.701 38.252 13.836
215 5 1 38.969 14.711 38.205 13.801
216 5 1 38.907 14.814 38.250 13.744
217 5 1 38.944 14.849 38.242 13.800
218 5 1 39.008 14.811 38.264 13.965
219 5 1 39.000 14.866 38.290 13.890
220 5 1 39.028 14.893 38.308 13.853
221 5 1 39.028 14.930 38.284 14.047
222 5 1 38.992 14.931 38.266 14.047
223 5 1 38.954 14.895 38.303 14.074
224 5 1 38.955 14.932 38.304 14.111
225 5 1 38.956 14.969 38.304 14.148
226 5 1 38.956 15.006 38.305 14.185
227 5 1 38.967 15.088 38.280 14.277
228 5 1 38.977 15.106 38.272 14.333
230 5 1 38.989 15.262 38.282 14.378
231 5 1 38.964 15.355 38.291 14.387
232 5 1 38.973 15.346 38.237 14.453
233 5 1 38.911 15.467 38.257 14.517
234 5 1 38.938 15.429 38.273 14.415
235 5 1 38.921 15.503 38.258 14.572
236 5 1 38.910 15.421 38.259 14.627
237 5 1 39.040 15.500 38.304 14.553
238 5 1 38.983 15.419 38.333 14.626
239 5 1 39.030 15.473 38.289 14.746
240 5 1 39.004 15.510 38.271 14.756
242 5 1 38.968 15.567 38.318 14.792
243 5 1 38.959 15.594 38.309 14.819
244 5 1 38.969 15.631 38.319 14.856
245 5 1 39.048 15.868 38.319 14.874
246 5 1 39.031 15.961 38.321 14.939
247 5 1 39.115 15.995 38.378 15.057
248 5 1 39.097 16.014 38.335 15.196
249 5 1 39.133 16.004 38.362 15.159
250 5 1 39.098 16.069 38.363 15.223
251 5 1 39.108 16.097 38.405 15.001
252 5 1 39.077 15.941 38.427 15.166
253 5 1 39.018 16.191 38.338 15.352
254 5 1 38.999 16.155 38.348 15.380
255 5 1 38.999 16.192 38.349 15.417
256 5 1 39.000 16.238 38.350 15.463
257 5 1 39.001 16.283 38.351 15.509
258 5 1 39.002 16.311 38.351 15.536
259 5 1 39.012 16.357 38.362 15.582
260 5 1 39.012 16.384 38.362 15.609
261 5 1 39.013 16.430 38.363 15.655
262 5 1 39.014 16.467 38.364 15.692
263 5 1 39.009 16.670 38.284 15.842
264 5 1 38.972 16.634 38.321 15.859
265 5 1 38.972 16.671 38.322 15.896
266 5 1 38.973 16.717 38.323 15.942
267 5 1 38.984 16.772 38.333 15.997
268 5 1 39.114 16.842 38.344 15.638
269 5 1 39.049 16.825 38.295 15.924
270 5 1 38.993 16.753 38.342 15.978
271 5 1 38.993 16.799 38.343 16.024
272 5 1 38.994 16.818 38.343 16.043
273 5 1 38.985 16.855 38.335 16.080
274 5 1 39.063 17.055 38.384 16.216
275 5 1 39.044 17.019 38.394 16.244
276 5 1 39.045 17.056 38.394 16.281
277 5 1 39.036 17.093 38.386 16.318
278 5 1 39.037 17.129 38.387 16.354
279 5 1 39.029 17.166 38.378 16.391
280 5 1 39.020 17.213 38.370 16.438
281 5 1 39.021 17.259 38.371 16.484
282 5 1 39.013 17.296 38.362 16.521
283 5 1 39.004 17.333 38.354 16.558
284 5 1 38.996 17.379 38.346 16.604
285 5 1 38.988 17.425 38.338 16.650
286 5 1 38.980 17.462 38.329 16.687
287 5 1 39.007 17.480 38.257 16.781
288 5 1 38.971 17.490 38.220 16.764
289 5 1 38.989 17.490 38.176 16.848
290 5 1 38.991 17.572 38.231 16.837
291 5 1 39.011 17.655 38.248 16.781
292 5 1 39.031 17.737 38.243 16.957
293 5 1 38.957 17.702 38.307 16.964
294 5 1 39.051 17.810 38.215 16.976
295 5 1 39.033 17.811 38.261 16.974
296 5 1 39.006 17.867 38.243 16.966
297 5 1 38.998 17.894 38.252 16.966
298 5 1 38.972 17.969 38.261 16.938
299 5 1 38.991 17.996 38.254 17.048
300 5 1 38.942 17.887 38.293 17.149
301 5 1 39.011 18.115 38.282 17.066
302 5 1 39.030 18.115 38.283 17.121
303 5 1 39.032 18.207 38.268 17.278
304 5 1 38.974 18.098 38.324 17.360
305 5 1 38.975 18.134 38.325 17.396
306 5 1 38.976 18.171 38.326 17.433
307 5 1 38.977 18.208 38.327 17.470
308 5 1 38.977 18.245 38.328 17.507
309 5 1 39.072 18.371 38.280 17.434
310 5 1 38.996 18.272 38.346 17.534
311 5 1 39.101 18.463 38.318 17.507
312 5 1 39.025 18.345 38.376 17.607
229 5 1 38.941 15.126 38.254 14.379
241 5 1 38.958 15.521 38.308 14.746
0 7 2 52.881 11.004 51.183 9.965
1 7 2 52.927 11.030 51.146 9.947
2 7 2 52.872 11.032 51.092 9.948
3 7 2 52.818 11.033 51.037 9.950
4 7 2 52.745 11.035 50.964 9.951
5 7 2 52.655 11.055 50.873 9.972
6 7 2 52.582 11.075 50.801 9.992
7 7 2 52.509 11.077 50.728 9.994
8 7 2 52.437 11.079 50.655 9.995
9 7 2 52.364 11.080 50.582 9.997
10 7 2 52.291 11.082 50.510 9.999
11 7 2 52.219 11.102 50.437 10.019
12 7 2 52.146 11.122 50.365 10.039
13 7 2 52.074 11.124 50.292 10.040
14 7 2 52.001 11.126 50.219 10.042
15 7 2 51.804 10.874 50.105 10.246
16 7 2 51.825 10.983 50.084 10.128
17 7 2 51.752 10.994 50.011 10.138
18 7 2 51.698 11.005 49.957 10.149
19 7 2 51.625 11.034 49.885 10.178
20 7 2 51.553 11.045 49.812 10.189
21 7 2 51.480 11.056 49.739 10.200
22 7 2 51.408 11.067 49.666 10.211
23 7 2 51.317 11.096 49.576 10.240
24 7 2 51.208 11.108 49.467 10.252
25 7 2 51.135 11.119 49.394 10.263
26 7 2 51.045 11.130 49.303 10.274
27 7 2 50.972 11.159 49.231 10.303
28 7 2 50.881 11.152 49.139 10.296
29 7 2 50.791 11.182 49.049 10.326
30 7 2 50.789 11.100 49.023 10.418
31 7 2 50.616 11.113 48.933 10.429
32 7 2 50.489 11.125 48.860 10.450
33 7 2 50.398 11.136 48.769 10.479
34 7 2 50.316 11.166 48.724 10.508
35 7 2 50.280 11.167 48.670 10.536
36 7 2 50.180 11.187 48.498 10.586
37 7 2 50.172 11.233 48.515 10.540
38 7 2 50.072 11.245 48.415 10.552
39 7 2 50.006 11.155 48.178 10.576
40 7 2 49.825 11.196 48.051 10.606
41 7 2 49.652 11.228 48.061 10.642
42 7 2 49.598 11.238 47.986 10.562
43 7 2 49.479 11.232 47.922 10.563
44 7 2 49.361 11.234 47.778 10.640
45 7 2 49.379 11.234 47.622 10.616
46 7 2 49.115 11.268 47.531 10.618
47 7 2 49.051 11.260 47.359 10.668
48 7 2 49.006 11.307 47.422 10.630
49 7 2 49.015 11.298 47.276 10.643
50 7 2 48.897 11.328 47.258 10.661
51 7 2 48.779 11.358 47.048 10.648
52 7 2 48.697 11.360 46.929 10.669
53 7 2 48.633 11.334 47.012 10.695
54 7 2 48.533 11.346 46.912 10.706
55 7 2 48.333 11.415 46.719 10.656
56 7 2 48.341 11.350 46.729 10.711
57 7 2 48.250 11.362 46.638 10.722
58 7 2 48.123 11.374 46.510 10.734
59 7 2 48.049 11.367 46.437 10.727
60 7 2 47.859 11.444 46.126 10.697
61 7 2 47.749 11.410 46.034 10.700
62 7 2 47.703 11.375 46.090 10.735
63 7 2 47.611 11.386 45.999 10.746
64 7 2 47.538 11.379 45.925 10.739
65 7 2 47.429 11.372 45.816 10.732
66 7 2 47.337 11.365 45.724 10.725
67 7 2 47.228 11.377 45.615 10.737
68 7 2 47.136 11.370 45.523 10.730
69 7 2 47.082 11.381 45.468 10.741
70 7 2 46.972 11.374 45.358 10.734
71 7 2 46.817 11.396 45.256 10.672
72 7 2 46.707 11.380 45.120 10.694
73 7 2 46.634 11.400 45.038 10.742
74 7 2 46.625 11.382 44.928 10.698
75 7 2 46.451 11.396 44.791 10.711
76 7 2 46.387 11.397 44.699 10.713
77 7 2 46.333 11.417 44.699 10.704
78 7 2 46.296 11.418 44.690 10.704
79 7 2 46.268 11.382 44.599 10.724
80 7 2 46.058 11.368 44.489 10.718
81 7 2 46.114 11.413 44.507 10.690
82 7 2 46.086 11.386 44.406 10.692
83 7 2 45.967 11.389 44.251 10.696
84 7 2 45.876 11.409 44.195 10.688
85 7 2 45.784 11.384 44.058 10.691
86 7 2 45.710 11.377 44.041 10.756
87 7 2 45.683 11.377 44.023 10.756
88 7 2 45.528 11.399 44.003 10.683
89 7 2 45.391 11.384 43.968 10.739
90 7 2 45.509 11.363 43.893 10.695
91 7 2 45.481 11.327 43.765 10.662
92 7 2 45.407 11.301 43.838 10.678
93 7 2 45.335 11.349 43.710 10.663
94 7 2 45.198 11.343 43.573 10.703
95 7 2 45.152 11.344 43.536 10.676
96 7 2 45.115 11.308 43.545 10.648
97 7 2 45.097 11.336 43.508 10.649
98 7 2 45.087 11.300 43.518 10.677
99 7 2 45.041 11.292 43.472 10.669
100 7 2 44.995 11.284 43.426 10.660
101 7 2 44.950 11.294 43.380 10.671
102 7 2 44.914 11.322 43.306 10.627
103 7 2 44.886 11.332 43.260 10.628
104 7 2 44.877 11.342 43.277 10.554
105 7 2 44.795 11.344 43.224 10.638
106 7 2 44.731 11.345 43.188 10.684
107 7 2 44.813 11.343 43.178 10.657
108 7 2 44.704 11.346 43.095 10.613
109 7 2 44.684 11.291 43.124 10.668
110 7 2 44.593 11.330 42.921 10.608
111 7 2 44.537 11.276 42.977 10.653
112 7 2 44.501 11.268 42.940 10.644
113 7 2 44.455 11.260 42.894 10.636
114 7 2 44.427 11.270 42.867 10.646
115 7 2 44.391 11.261 42.830 10.638
116 7 2 44.354 11.244 42.793 10.620
117 7 2 44.317 11.245 42.756 10.621
118 7 2 44.280 11.237 42.719 10.613
119 7 2 44.243 11.219 42.682 10.595
120 7 2 44.207 11.220 42.646 10.596
121 7 2 44.154 11.331 42.553 10.543
122 7 2 44.227 11.311 42.617 10.533
123 7 2 44.126 11.286 42.589 10.506
124 7 2 44.071 11.287 42.498 10.535
125 7 2 44.052 11.260 42.434 10.537
126 7 2 43.952 11.299 42.470 10.536
127 7 2 43.987 11.234 42.324 10.530
128 7 2 43.969 11.235 42.341 10.502
129 7 2 43.922 11.172 42.379 10.547
130 7 2 43.822 11.211 42.249 10.450
131 7 2 43.804 11.230 42.267 10.458
132 7 2 43.722 11.241 42.221 10.432
133 7 2 43.639 11.206 42.194 10.451
134 7 2 43.711 11.177 42.203 10.460
135 7 2 44.022 11.123 42.497 10.499
136 7 2 43.985 11.115 42.460 10.490
137 7 2 43.948 11.089 42.432 10.473
138 7 2 43.911 11.080 42.396 10.464
139 7 2 43.874 11.072 42.359 10.456
140 7 2 43.627 11.087 41.843 10.349
141 7 2 43.534 11.016 41.798 10.368
142 7 2 43.451 10.999 41.881 10.385
143 7 2 43.405 10.982 41.834 10.368
144 7 2 43.359 10.983 41.789 10.369
145 7 2 43.314 10.984 41.743 10.370
146 7 2 43.267 10.967 41.697 10.352
147 7 2 43.221 10.931 41.650 10.317
148 7 2 43.156 10.915 41.585 10.300
149 7 2 43.129 10.915 41.558 10.301
150 7 2 43.064 10.898 41.494 10.293
151 7 2 43.018 10.863 41.447 10.257
152 7 2 42.972 10.846 41.410 10.240
153 7 2 42.926 10.847 41.364 10.241
154 7 2 42.763 10.924 41.269 10.069
155 7 2 42.797 10.795 41.244 10.198
156 7 2 42.759 11.199 41.108 9.852
157 7 2 42.741 10.759 41.188 10.162
158 7 2 42.541 10.847 41.019 9.983
159 7 2 42.531 10.819 41.001 10.001
160 7 2 42.440 10.812 40.927 9.939
161 7 2 42.403 10.804 40.891 9.967
162 7 2 42.273 10.743 40.825 9.904
163 7 2 42.276 10.862 40.702 9.742
164 7 2 42.200 10.735 40.760 9.860
165 7 2 42.190 10.736 40.682 9.660
166 7 2 42.107 10.673 40.794 9.749
167 7 2 42.126 10.746 40.654 9.624
168 7 2 42.062 10.739 40.589 9.598
169 7 2 42.089 10.710 40.570 9.552
170 7 2 41.958 10.567 40.572 9.644
171 7 2 41.940 10.585 40.545 9.663
172 7 2 41.884 10.559 40.517 9.636
173 7 2 41.727 10.508 40.314 9.577
174 7 2 41.665 10.583 40.181 9.387
175 7 2 41.524 10.439 40.201 9.469
176 7 2 41.516 10.467 40.212 9.533
177 7 2 41.377 10.406 40.219 9.432
178 7 2 41.348 10.333 40.171 9.332
179 7 2 41.329 10.297 40.088 9.334
180 7 2 41.300 10.224 40.023 9.280
181 7 2 41.207 10.180 39.941 9.310
182 7 2 41.277 10.041 39.889 9.458
183 7 2 41.106 10.164 39.710 9.260
184 7 2 41.022 10.129 39.619 9.262
185 7 2 40.913 10.150 39.581 9.226
186 7 2 40.811 10.089 39.562 9.171
187 7 2 40.754 10.026 39.469 9.109
188 7 2 40.671 10.009 39.440 9.055
189 7 2 40.623 9.900 39.211 9.097
190 7 2 40.593 9.791 39.241 9.206
191 7 2 40.528 9.755 39.176 9.171
192 7 2 40.567 9.828 39.182 9.024
193 7 2 40.537 9.718 39.184 9.134
194 7 2 40.481 9.683 39.129 9.099
195 7 2 40.389 9.667 39.036 9.083
196 7 2 40.306 9.632 38.953 9.048
197 7 2 40.241 9.597 38.888 9.022
198 7 2 40.139 9.581 38.796 9.005
199 7 2 40.074 9.545 38.731 8.970
200 7 2 39.973 9.511 38.629 8.936
201 7 2 39.889 9.476 38.546 8.901
202 7 2 39.533 9.576 38.328 8.575
203 7 2 39.432 9.560 38.274 8.641
204 7 2 39.520 9.384 38.195 8.817
205 7 2 39.428 9.349 38.102 8.782
206 7 2 39.335 9.333 38.010 8.766
207 7 2 39.225 9.308 37.899 8.741
208 7 2 39.132 9.282 37.807 8.716
209 7 2 39.022 9.257 37.705 8.690
210 7 2 38.858 9.344 37.453 8.494
211 7 2 38.802 9.272 37.343 8.515
212 7 2 38.735 9.172 37.428 8.614
213 7 2 38.634 9.156 37.326 8.598
214 7 2 38.514 9.122 37.206 8.564
215 7 2 38.412 9.106 37.114 8.557
216 7 2 38.283 9.100 36.985 8.551
217 7 2 38.164 9.103 36.866 8.553
218 7 2 38.044 9.087 36.746 8.538
219 7 2 37.943 9.071 36.644 8.522
220 7 2 37.805 9.074 36.506 8.525
221 7 2 37.704 9.058 36.414 8.509
222 7 2 37.565 9.043 36.276 8.493
223 7 2 37.437 9.064 36.147 8.515
224 7 2 37.308 9.049 36.018 8.499
225 7 2 37.189 9.052 35.899 8.502
226 7 2 37.069 9.054 35.779 8.505
227 7 2 36.950 9.057 35.669 8.507
228 7 2 36.803 9.079 35.522 8.529
230 7 2 36.545 9.085 35.264 8.535
231 7 2 36.426 9.106 35.145 8.556
232 7 2 36.289 9.127 35.007 8.577
233 7 2 36.169 9.130 34.897 8.589
234 7 2 36.032 9.170 34.759 8.629
235 7 2 35.903 9.192 34.631 8.650
236 7 2 35.775 9.222 34.503 8.681
237 7 2 35.656 9.271 34.384 8.730
238 7 2 35.501 9.311 34.228 8.770
239 7 2 35.382 9.351 34.118 8.819
240 7 2 35.217 9.382 33.953 8.850
242 7 2 34.952 9.517 33.707 8.985
243 7 2 34.571 9.784 33.436 8.816
244 7 2 34.815 9.548 33.569 9.024
245 7 2 34.678 9.597 33.441 9.073
246 7 2 34.559 9.646 33.322 9.122
247 7 2 34.394 9.677 33.157 9.154
248 7 2 34.284 9.726 33.047 9.202
249 7 2 34.128 9.776 32.892 9.252
250 7 2 34.009 9.824 32.773 9.301
251 7 2 33.854 9.874 32.626 9.350
252 7 2 33.707 9.923 32.479 9.399
253 7 2 33.551 9.955 32.323 9.431
254 7 2 33.395 10.004 32.167 9.480
255 7 2 33.240 10.054 32.011 9.530
256 7 2 33.102 10.103 31.874 9.579
257 7 2 32.928 10.135 31.708 9.620
258 7 2 32.791 10.203 31.571 9.688
259 7 2 32.607 10.225 31.387 9.710
260 7 2 32.478 10.284 31.259 9.769
261 7 2 32.322 10.324 31.103 9.818
262 7 2 32.157 10.374 30.938 9.868
263 7 2 31.992 10.406 30.781 9.909
264 7 2 31.845 10.455 30.635 9.958
265 7 2 31.671 10.505 30.460 10.008
266 7 2 31.533 10.545 30.322 10.048
267 7 2 31.358 10.586 30.147 10.089
268 7 2 31.202 10.636 29.991 10.139
269 7 2 31.027 10.668 29.826 10.180
270 7 2 30.871 10.708 29.669 10.220
271 7 2 30.687 10.740 29.485 10.252
272 7 2 30.540 10.772 29.338 10.283
273 7 2 30.365 10.803 29.163 10.315
274 7 2 30.199 10.835 28.997 10.347
275 7 2 30.033 10.866 28.840 10.378
276 7 2 29.849 10.898 28.656 10.410
277 7 2 29.674 10.930 28.480 10.442
278 7 2 29.517 10.962 28.324 10.473
279 7 2 29.342 10.975 28.148 10.487
280 7 2 29.167 11.007 27.973 10.518
281 7 2 28.973 11.021 27.788 10.532
282 7 2 28.816 11.052 27.631 10.563
283 7 2 28.613 11.066 27.428 10.577
284 7 2 28.465 11.097 27.280 10.608
285 7 2 28.290 11.111 27.104 10.622
286 7 2 28.105 11.143 26.920 10.654
287 7 2 27.939 11.156 26.763 10.667
288 7 2 27.754 11.169 26.578 10.680
289 7 2 27.578 11.183 26.402 10.694
290 7 2 27.403 11.215 26.226 10.735
291 7 2 27.227 11.210 26.050 10.730
292 7 2 27.052 11.241 25.875 10.761
293 7 2 26.980 11.391 25.346 10.728
294 7 2 26.952 11.364 25.187 10.685
295 7 2 26.701 11.296 24.984 10.718
296 7 2 26.847 11.219 25.680 10.748
297 7 2 26.681 11.232 25.513 10.770
298 7 2 26.301 11.250 25.560 10.778
299 7 2 26.116 11.245 25.384 10.782
300 7 2 25.949 11.268 25.217 10.805
301 7 2 25.783 11.281 25.050 10.818
302 7 2 25.597 11.294 24.865 10.831
303 7 2 25.356 11.291 24.772 10.824
304 7 2 25.190 11.304 24.606 10.838
305 7 2 24.902 11.302 24.531 10.830
306 7 2 24.707 11.315 24.337 10.844
307 7 2 24.541 11.329 24.170 10.857
308 7 2 24.374 11.342 24.003 10.870
309 7 2 24.188 11.337 23.817 10.865
310 7 2 24.021 11.350 23.650 10.879
311 7 2 23.854 11.345 23.492 10.873
312 7 2 23.668 11.340 23.306 10.868
229 7 2 36.683 9.082 35.402 8.532
241 7 2 34.937 9.692 33.704 8.828
0 8 1 34.895 4.847 34.081 3.752
1 8 1 34.923 4.883 34.071 3.734
2 8 1 34.924 4.929 34.072 3.780
3 8 1 34.925 4.956 34.073 3.807
4 8 1 34.926 5.002 34.074 3.853
5 8 1 34.926 5.021 34.074 3.871
6 8 1 34.927 5.076 34.075 3.927
7 8 1 34.928 5.103 34.076 3.954
8 8 1 34.928 5.140 34.077 3.991
9 8 1 34.929 5.177 34.077 4.028
10 8 1 34.930 5.241 34.079 4.092
11 8 1 34.932 5.305 34.080 4.156
12 8 1 34.933 5.351 34.081 4.202
13 8 1 34.934 5.397 34.082 4.248
14 8 1 34.934 5.434 34.082 4.285
15 8 1 34.954 5.470 34.102 4.321
16 8 1 34.954 5.516 34.103 4.367
17 8 1 34.973 5.534 34.121 4.385
18 8 1 34.993 5.607 34.141 4.458
19 8 1 35.012 5.625 34.160 4.476
20 8 1 35.004 5.672 34.152 4.522
21 8 1 35.032 5.708 34.180 4.559
22 8 1 35.033 5.754 34.181 4.605
23 8 1 35.042 5.772 34.191 4.623
24 8 1 35.053 5.827 34.201 4.678
25 8 1 35.072 5.845 34.220 4.696
26 8 1 35.063 5.900 34.212 4.751
27 8 1 35.073 5.927 34.221 4.778
28 8 1 35.074 5.973 34.222 4.824
29 8 1 35.065 5.992 34.213 4.843
30 8 1 35.076 6.047 34.224 4.898
31 8 1 35.076 6.065 34.224 4.916
32 8 1 35.068 6.121 34.216 4.972
33 8 1 35.059 6.148 34.207 4.999
34 8 1 35.060 6.194 34.208 5.045
35 8 1 35.061 6.240 34.209 5.091
36 8 1 35.044 6.287 34.192 5.138
37 8 1 35.044 6.305 34.192 5.156
38 8 1 35.045 6.360 34.193 5.211
39 8 1 35.046 6.388 34.194 5.239
40 8 1 35.065 6.433 34.213 5.284
41 8 1 35.056 6.452 34.204 5.303
42 8 1 35.067 6.507 34.215 5.358
43 8 1 35.067 6.553 34.215 5.404
44 8 1 35.060 6.617 34.208 5.468
45 8 1 35.069 6.645 34.217 5.496
46 8 1 35.070 6.691 34.218 5.542
47 8 1 35.089 6.709 34.237 5.560
48 8 1 35.090 6.764 34.238 5.615
49 8 1 35.091 6.810 34.239 5.661
50 8 1 35.110 6.846 34.258 5.697
51 8 1 35.111 6.883 34.259 5.734
52 8 1 35.112 6.929 34.260 5.780
53 8 1 35.131 6.947 34.279 5.798
54 8 1 35.131 6.983 34.279 5.834
55 8 1 35.132 7.011 34.280 5.862
56 8 1 35.123 7.030 34.271 5.881
57 8 1 35.133 7.066 34.281 5.917
58 8 1 35.134 7.112 34.282 5.963
59 8 1 35.125 7.131 34.273 5.982
60 8 1 35.135 7.167 34.283 6.018
61 8 1 35.135 7.186 34.283 6.037
62 8 1 35.024 7.124 34.211 6.112
63 8 1 35.034 7.160 34.201 6.066
64 8 1 35.025 7.197 34.193 6.103
65 8 1 35.016 7.207 34.184 6.112
66 8 1 35.008 7.271 34.176 6.177
67 8 1 35.000 7.308 34.167 6.214
68 8 1 34.992 7.364 34.159 6.269
69 8 1 34.983 7.382 34.150 6.288
70 8 1 34.975 7.438 34.142 6.343
71 8 1 34.966 7.475 34.134 6.380
72 8 1 34.958 7.512 34.125 6.417
73 8 1 34.950 7.567 34.117 6.473
74 8 1 34.942 7.622 34.109 6.528
75 8 1 34.952 7.659 34.119 6.565
76 8 1 34.943 7.696 34.111 6.602
77 8 1 34.935 7.733 34.102 6.638
78 8 1 34.927 7.788 34.094 6.694
79 8 1 34.919 7.844 34.086 6.749
80 8 1 34.910 7.862 34.077 6.768
81 8 1 34.920 7.917 34.087 6.823
82 8 1 34.912 7.954 34.079 6.860
83 8 1 34.922 7.991 34.089 6.896
84 8 1 34.913 8.046 34.081 6.952
85 8 1 34.924 8.101 34.091 7.007
86 8 1 34.915 8.120 34.082 7.025
87 8 1 34.925 8.175 34.093 7.080
88 8 1 34.917 8.212 34.084 7.117
89 8 1 34.927 8.248 34.094 7.154
90 8 1 34.936 8.266 34.104 7.172
91 8 1 34.947 8.321 34.114 7.227
92 8 1 34.938 8.358 34.105 7.264
93 8 1 34.948 8.395 34.115 7.300
94 8 1 34.940 8.432 34.107 7.337
95 8 1 34.950 8.468 34.117 7.374
96 8 1 34.941 8.505 34.108 7.411
97 8 1 34.951 8.542 34.118 7.448
98 8 1 34.943 8.597 34.110 7.503
99 8 1 34.953 8.652 34.121 7.558
100 8 1 34.945 8.689 34.112 7.595
101 8 1 34.955 8.726 34.122 7.632
102 8 1 34.947 8.781 34.114 7.687
103 8 1 34.957 8.836 34.124 7.742
104 8 1 34.949 8.873 34.116 7.779
105 8 1 34.959 8.928 34.126 7.834
106 8 1 34.951 8.984 34.118 7.889
107 8 1 34.961 9.020 34.128 7.926
108 8 1 34.952 9.057 34.120 7.963
109 8 1 34.962 9.094 34.129 7.999
110 8 1 34.954 9.131 34.121 8.036
111 8 1 34.946 9.186 34.113 8.092
112 8 1 34.938 9.241 34.105 8.147
113 8 1 34.947 9.260 34.114 8.165
114 8 1 34.939 9.297 34.106 8.202
115 8 1 34.949 9.333 34.116 8.239
116 8 1 34.959 9.370 34.126 8.276
117 8 1 34.969 9.406 34.136 8.312
118 8 1 34.960 9.425 34.127 8.331
119 8 1 34.969 9.443 34.137 8.349
120 8 1 34.961 9.480 34.128 8.386
121 8 1 34.971 9.517 34.138 8.422
122 8 1 34.962 9.554 34.130 8.459
123 8 1 34.972 9.572 34.139 8.478
124 8 1 34.963 9.591 34.130 8.496
125 8 1 34.973 9.627 34.140 8.533
126 8 1 34.964 9.646 34.131 8.551
127 8 1 34.973 9.645 34.141 8.551
128 8 1 34.965 9.664 34.132 8.570
129 8 1 34.956 9.719 34.124 8.625
130 8 1 34.947 9.720 34.114 8.625
131 8 1 34.957 9.738 34.124 8.644
132 8 1 34.948 9.775 34.116 8.681
133 8 1 34.940 9.812 34.107 8.718
134 8 1 34.931 9.831 34.098 8.736
135 8 1 34.922 9.831 34.089 8.736
136 8 1 34.895 9.868 34.062 8.774
137 8 1 34.886 9.887 34.053 8.792
138 8 1 34.878 9.942 34.045 8.848
139 8 1 34.869 9.942 34.036 8.848
140 8 1 34.842 9.980 34.009 8.886
141 8 1 34.833 9.998 34.000 8.904
142 8 1 34.825 10.035 33.992 8.941
143 8 1 34.816 10.072 33.983 8.978
144 8 1 34.808 10.109 33.975 9.015
145 8 1 34.817 10.128 33.984 9.033
146 8 1 34.808 10.146 33.976 9.052
147 8 1 34.800 10.183 33.967 9.089
148 8 1 34.792 10.220 33.959 9.126
149 8 1 34.801 10.238 33.968 9.144
150 8 1 34.792 10.257 33.959 9.163
151 8 1 34.802 10.294 33.969 9.199
152 8 1 34.793 10.312 33.960 9.218
153 8 1 34.803 10.330 33.970 9.236
154 8 1 34.795 10.386 33.962 9.292
155 8 1 34.804 10.404 33.971 9.310
156 8 1 34.796 10.459 33.963 9.365
157 8 1 34.806 10.478 33.973 9.383
158 8 1 34.816 10.514 33.983 9.420
159 8 1 34.826 10.551 33.993 9.457
160 8 1 34.817 10.569 33.984 9.475
161 8 1 34.827 10.588 33.994 9.493
162 8 1 34.818 10.625 33.985 9.530
163 8 1 34.828 10.643 33.995 9.549
164 8 1 34.819 10.661 33.986 9.567
165 8 1 34.829 10.698 33.996 9.604
166 8 1 34.820 10.735 33.987 9.641
167 8 1 34.830 10.753 33.997 9.659
168 8 1 34.821 10.772 33.988 9.678
169 8 1 34.831 10.827 33.998 9.733
170 8 1 34.822 10.827 33.989 9.733
171 8 1 34.832 10.864 33.999 9.769
172 8 1 34.824 10.901 33.991 9.806
173 8 1 34.834 10.937 34.001 9.843
174 8 1 34.825 10.956 33.992 9.862
175 8 1 34.835 11.011 34.002 9.917
176 8 1 34.826 11.029 33.993 9.935
177 8 1 34.837 11.084 34.004 9.990
178 8 1 34.828 11.103 33.995 10.009
179 8 1 34.838 11.140 34.005 10.045
180 8 1 34.848 11.176 34.015 10.082
181 8 1 34.857 11.194 34.024 10.100
182 8 1 34.867 11.213 34.034 10.118
183 8 1 34.877 11.249 34.044 10.155
184 8 1 34.868 11.268 34.035 10.174
185 8 1 34.877 11.268 34.044 10.173
186 8 1 34.887 11.304 34.054 10.210
187 8 1 34.897 11.322 34.064 10.228
188 8 1 34.907 11.359 34.074 10.265
189 8 1 34.935 11.377 34.102 10.282
190 8 1 34.944 11.395 34.111 10.301
191 8 1 34.973 11.431 34.140 10.337
192 8 1 34.982 11.449 34.149 10.355
193 8 1 35.010 11.467 34.177 10.373
194 8 1 35.020 11.504 34.187 10.409
195 8 1 35.048 11.540 34.216 10.446
196 8 1 35.058 11.558 34.225 10.464
197 8 1 35.086 11.557 34.253 10.463
198 8 1 35.095 11.575 34.262 10.481
199 8 1 35.123 11.593 34.290 10.499
200 8 1 35.132 11.593 34.300 10.499
201 8 1 35.142 11.611 34.309 10.517
202 8 1 35.152 11.666 34.319 10.572
203 8 1 35.180 11.684 34.347 10.590
204 8 1 35.191 11.739 34.358 10.645
205 8 1 35.200 11.739 34.367 10.644
206 8 1 35.210 11.775 34.377 10.681
207 8 1 35.219 11.793 34.387 10.699
208 8 1 35.230 11.848 34.397 10.754
209 8 1 35.239 11.867 34.406 10.772
210 8 1 35.249 11.903 34.416 10.809
211 8 1 35.259 11.940 34.426 10.846
212 8 1 35.251 11.977 34.418 10.883
213 8 1 35.261 12.013 34.428 10.919
214 8 1 35.271 12.050 34.438 10.956
215 8 1 35.281 12.086 34.448 10.992
216 8 1 35.272 12.123 34.439 11.029
217 8 1 35.300 12.141 34.467 11.047
218 8 1 35.291 12.160 34.458 11.066
219 8 1 35.320 12.196 34.487 11.102
220 8 1 35.329 12.214 34.496 11.120
221 8 1 35.357 12.214 34.524 11.119
222 8 1 35.366 12.232 34.534 11.138
223 8 1 35.376 12.250 34.543 11.156
224 8 1 35.385 12.250 34.552 11.156
225 8 1 35.413 12.267 34.580 11.173
226 8 1 35.423 12.286 34.590 11.192
227 8 1 35.450 12.266 34.617 11.172
228 8 1 35.460 12.285 34.627 11.191
230 8 1 35.498 12.339 34.665 11.245
231 8 1 35.526 12.357 34.693 11.263
232 8 1 35.535 12.375 34.702 11.281
233 8 1 35.563 12.411 34.731 11.317
234 8 1 35.573 12.448 34.741 11.354
235 8 1 35.583 12.484 34.751 11.390
236 8 1 35.593 12.502 34.760 11.408
237 8 1 35.602 12.502 34.769 11.408
238 8 1 35.594 12.539 34.761 11.445
239 8 1 35.603 12.557 34.771 11.463
240 8 1 35.595 12.594 34.762 11.500
242 8 1 35.615 12.668 34.782 11.574
243 8 1 35.643 12.722 34.811 11.628
244 8 1 35.653 12.759 34.821 11.665
245 8 1 35.682 12.795 34.849 11.701
246 8 1 35.674 12.850 34.841 11.756
247 8 1 35.702 12.905 34.870 11.811
248 8 1 35.712 12.941 34.880 11.848
249 8 1 35.722 12.978 34.890 11.884
250 8 1 35.732 13.015 34.900 11.921
251 8 1 35.742 13.051 34.909 11.957
252 8 1 35.752 13.069 34.919 11.975
253 8 1 35.762 13.124 34.929 12.030
254 8 1 35.771 13.124 34.939 12.030
255 8 1 35.781 13.161 34.949 12.067
256 8 1 35.791 13.197 34.958 12.103
257 8 1 35.801 13.234 34.968 12.140
258 8 1 35.792 13.252 34.960 12.159
259 8 1 35.803 13.307 34.970 12.214
260 8 1 35.794 13.326 34.961 12.232
261 8 1 35.804 13.363 34.971 12.269
262 8 1 35.814 13.399 34.981 12.305
263 8 1 35.824 13.436 34.991 12.342
264 8 1 35.834 13.472 35.001 12.379
265 8 1 35.844 13.509 35.011 12.415
266 8 1 35.854 13.546 35.021 12.452
267 8 1 35.863 13.564 35.030 12.470
268 8 1 35.873 13.582 35.040 12.488
269 8 1 35.883 13.619 35.050 12.525
270 8 1 35.874 13.656 35.041 12.562
271 8 1 35.884 13.674 35.051 12.580
272 8 1 35.875 13.692 35.042 12.599
273 8 1 35.885 13.729 35.052 12.635
274 8 1 35.876 13.766 35.044 12.672
275 8 1 35.886 13.784 35.053 12.690
276 8 1 35.877 13.803 35.044 12.709
277 8 1 35.887 13.839 35.054 12.746
278 8 1 35.879 13.876 35.046 12.783
279 8 1 35.870 13.913 35.037 12.820
280 8 1 35.862 13.951 35.029 12.857
281 8 1 35.853 13.988 35.021 12.894
282 8 1 35.826 14.025 34.994 12.931
283 8 1 35.818 14.081 34.986 12.987
284 8 1 35.810 14.099 34.977 13.005
285 8 1 35.801 14.155 34.969 13.061
286 8 1 35.793 14.173 34.960 13.079
287 8 1 35.803 14.228 34.970 13.134
288 8 1 35.776 14.247 34.943 13.154
289 8 1 35.786 14.284 34.953 13.190
290 8 1 35.777 14.321 34.944 13.227
291 8 1 35.787 14.358 34.954 13.264
292 8 1 35.778 14.376 34.945 13.282
293 8 1 35.769 14.395 34.937 13.301
294 8 1 35.761 14.432 34.928 13.338
295 8 1 35.753 14.469 34.920 13.375
296 8 1 35.744 14.506 34.911 13.412
297 8 1 35.754 14.543 34.921 13.449
298 8 1 35.746 14.580 34.913 13.486
299 8 1 35.756 14.635 34.923 13.541
300 8 1 35.747 14.653 34.914 13.559
301 8 1 35.757 14.708 34.924 13.614
302 8 1 35.749 14.727 34.916 13.633
303 8 1 35.740 14.782 34.908 13.689
304 8 1 35.732 14.801 34.899 13.707
305 8 1 35.724 14.857 34.891 13.763
306 8 1 35.715 14.875 34.882 13.781
307 8 1 35.706 14.912 34.873 13.818
308 8 1 35.698 14.949 34.865 13.855
309 8 1 35.689 14.968 34.856 13.874
310 8 1 35.680 14.987 34.847 13.893
311 8 1 35.690 15.042 34.857 13.948
312 8 1 35.682 15.060 34.849 13.966
229 8 1 35.488 12.302 34.655 11.208
241 8 1 35.623 12.631 34.790 11.537
