0 1 1 33.950 6.725 33.166 6.052
1 1 1 33.978 6.743 33.157 6.043
2 1 1 33.969 6.780 33.148 6.079
3 1 1 33.978 6.808 33.157 6.107
4 1 1 33.978 6.835 33.157 6.135
5 1 1 33.969 6.854 33.148 6.153
6 1 1 33.978 6.881 33.157 6.181
7 1 1 33.987 6.927 33.166 6.227
8 1 1 33.968 6.955 33.148 6.255
9 1 1 33.978 6.992 33.157 6.291
10 1 1 33.978 7.038 33.157 6.338
11 1 1 33.941 7.029 33.120 6.328
12 1 1 33.978 7.121 33.157 6.421
13 1 1 33.978 7.167 33.157 6.467
14 1 1 33.913 7.489 33.212 6.374
15 1 1 33.941 7.379 33.185 6.467
16 1 1 33.968 7.545 33.231 6.448
17 1 1 33.941 7.554 33.203 6.504
18 1 1 33.941 7.517 33.203 6.531
19 1 1 33.941 7.508 33.175 6.642
20 1 1 33.968 7.499 33.166 6.688
21 1 1 33.987 7.508 33.166 6.808
22 1 1 33.977 7.508 33.166 6.854
23 1 1 33.959 7.628 33.203 6.771
24 1 1 33.941 7.646 33.185 6.789
25 1 1 33.950 7.683 33.194 6.826
26 1 1 33.940 7.720 33.185 6.863
27 1 1 33.931 7.757 33.175 6.900
28 1 1 33.922 7.793 33.166 6.937
29 1 1 33.913 7.849 33.157 6.992
30 1 1 33.904 7.886 33.148 7.029
31 1 1 33.894 7.922 33.138 7.066
32 1 1 33.885 7.959 33.129 7.103
33 1 1 33.894 8.015 33.138 7.158
34 1 1 33.885 8.088 33.129 7.232
35 1 1 33.894 8.144 33.138 7.287
36 1 1 33.903 8.180 33.148 7.324
37 1 1 33.913 8.217 33.157 7.361
38 1 1 33.922 8.254 33.166 7.398
39 1 1 33.949 8.291 33.194 7.434
40 1 1 33.977 8.346 33.221 7.490
41 1 1 34.023 8.401 33.267 7.545
42 1 1 34.032 8.457 33.277 7.600
43 1 1 34.042 8.512 33.286 7.656
44 1 1 34.051 8.549 33.295 7.692
45 1 1 34.041 8.604 33.286 7.748
46 1 1 34.032 8.641 33.277 7.785
47 1 1 34.041 8.696 33.286 7.840
48 1 1 34.032 8.733 33.277 7.877
49 1 1 34.041 8.788 33.286 7.932
50 1 1 34.032 8.843 33.276 7.987
51 1 1 34.041 8.899 33.286 8.043
52 1 1 34.032 8.954 33.276 8.098
53 1 1 34.023 8.991 33.267 8.135
54 1 1 34.014 9.028 33.258 8.172
55 1 1 34.023 9.083 33.267 8.227
56 1 1 34.014 9.138 33.258 8.282
57 1 1 34.023 9.193 33.267 8.338
58 1 1 34.014 9.230 33.258 8.374
59 1 1 34.004 9.286 33.249 8.430
60 1 1 33.977 9.322 33.221 8.467
61 1 1 33.967 9.359 33.212 8.503
62 1 1 33.958 9.415 33.203 8.559
63 1 1 33.949 9.451 33.193 8.596
64 1 1 33.940 9.488 33.184 8.632
65 1 1 33.958 9.774 33.295 8.964
66 1 1 33.986 9.783 33.248 8.936
67 1 1 33.976 9.829 33.239 8.983
68 1 1 33.967 9.893 33.230 9.047
69 1 1 34.004 9.967 33.322 8.927
70 1 1 34.023 9.875 33.295 9.019
71 1 1 34.022 9.912 33.295 9.056
72 1 1 34.022 9.949 33.295 9.093
73 1 1 34.022 10.004 33.295 9.148
74 1 1 34.022 10.022 33.295 9.167
75 1 1 34.022 10.059 33.295 9.204
76 1 1 34.022 10.096 33.294 9.240
77 1 1 34.004 10.160 33.258 9.508
78 1 1 34.059 10.206 33.239 9.609
79 1 1 34.032 10.262 33.267 9.618
80 1 1 33.995 10.446 33.267 9.701
81 1 1 33.958 10.529 33.230 9.692
82 1 1 33.921 10.658 33.239 9.581
83 1 1 33.939 10.520 33.221 9.710
84 1 1 33.930 10.547 33.211 9.738
85 1 1 33.902 10.593 33.184 9.784
86 1 1 33.893 10.639 33.174 9.830
87 1 1 33.884 10.685 33.165 9.876
88 1 1 33.875 10.713 33.156 9.904
89 1 1 33.847 10.778 33.128 9.968
90 1 1 33.838 10.805 33.119 9.996
91 1 1 33.829 10.851 33.110 10.042
92 1 1 33.819 10.897 33.101 10.088
93 1 1 33.792 10.732 32.999 9.969
94 1 1 33.783 10.805 33.036 10.162
95 1 1 33.764 10.815 33.008 10.217
96 1 1 33.746 10.897 33.027 10.116
97 1 1 33.829 10.833 32.981 10.190
98 1 1 33.829 10.962 32.999 10.107
99 1 1 33.782 11.091 33.036 10.051
100 1 1 33.764 10.953 33.045 10.180
101 1 1 33.755 10.999 33.036 10.226
102 1 1 33.773 11.376 33.027 10.208
103 1 1 33.755 11.164 33.036 10.383
104 1 1 33.755 11.385 33.017 10.346
105 1 1 33.745 11.247 33.027 10.466
106 1 1 33.736 11.284 33.017 10.503
107 1 1 33.755 11.321 32.990 10.549
108 1 1 33.810 11.293 32.999 10.586
109 1 1 33.755 11.321 33.036 10.558
110 1 1 33.745 11.358 33.027 10.595
111 1 1 33.736 11.395 33.017 10.632
112 1 1 33.745 11.432 33.027 10.669
113 1 1 33.755 11.487 33.036 10.724
114 1 1 33.764 11.524 33.045 10.761
115 1 1 33.755 11.560 33.036 10.798
116 1 1 33.764 11.597 33.045 10.834
117 1 1 33.755 11.634 33.036 10.871
118 1 1 33.764 11.671 33.045 10.908
119 1 1 33.755 11.708 33.036 10.945
120 1 1 33.745 11.745 33.026 10.982
121 1 1 33.736 11.800 33.017 11.037
122 1 1 33.745 11.837 33.026 11.074
123 1 1 33.736 11.892 33.017 11.129
124 1 1 33.727 11.929 33.008 11.166
125 1 1 33.718 11.984 32.999 11.221
126 1 1 33.708 12.021 32.989 11.258
127 1 1 33.699 12.058 32.980 11.295
128 1 1 33.708 12.094 32.989 11.332
129 1 1 33.699 12.150 32.980 11.387
130 1 1 33.708 12.186 32.989 11.424
131 1 1 33.699 12.223 32.980 11.461
132 1 1 33.708 12.260 32.989 11.498
133 1 1 33.699 12.297 32.980 11.534
134 1 1 33.708 12.334 32.989 11.571
135 1 1 33.699 12.371 32.980 11.608
136 1 1 33.690 12.407 32.971 11.645
137 1 1 33.680 12.444 32.962 11.682
138 1 1 33.690 12.481 32.971 11.719
139 1 1 33.680 12.518 32.962 11.756
140 1 1 33.671 12.573 32.952 11.811
141 1 1 33.662 12.610 32.943 11.848
142 1 1 33.671 12.665 32.952 11.903
143 1 1 33.662 12.702 32.943 11.940
144 1 1 33.671 12.739 32.952 11.977
145 1 1 33.662 12.776 32.943 12.013
146 1 1 33.671 12.813 32.952 12.050
147 1 1 33.662 12.849 32.943 12.087
148 1 1 33.671 12.905 32.952 12.142
149 1 1 33.662 12.941 32.943 12.179
150 1 1 33.671 13.282 32.971 12.483
151 1 1 33.671 13.254 32.961 12.492
152 1 1 33.671 13.291 32.961 12.529
153 1 1 33.671 13.328 32.961 12.566
154 1 1 33.671 13.383 32.961 12.621
155 1 1 33.652 13.438 32.943 12.676
156 1 1 33.671 13.475 32.961 12.713
157 1 1 33.634 13.530 32.924 12.769
158 1 1 33.616 13.586 32.906 12.824
159 1 1 33.616 13.641 32.906 12.879
160 1 1 33.615 13.696 32.906 12.934
161 1 1 33.597 13.751 32.887 12.990
162 1 1 33.579 13.788 32.869 13.026
163 1 1 33.579 13.825 32.869 13.063
164 1 1 33.579 13.862 32.869 13.100
165 1 1 33.579 13.917 32.869 13.155
166 1 1 33.579 13.954 32.869 13.192
167 1 1 33.560 13.991 32.851 13.229
168 1 1 33.542 14.028 32.832 13.266
169 1 1 33.560 14.064 32.851 13.303
170 1 1 33.542 14.101 32.832 13.340
171 1 1 33.560 14.157 32.850 13.395
172 1 1 33.542 14.193 32.832 13.432
173 1 1 33.560 14.249 32.850 13.487
174 1 1 33.542 14.285 32.832 13.524
175 1 1 33.560 14.341 32.850 13.579
176 1 1 33.560 14.377 32.850 13.616
177 1 1 33.560 14.414 32.850 13.653
178 1 1 33.560 14.469 32.850 13.708
179 1 1 33.560 14.506 32.850 13.745
180 1 1 33.578 14.543 32.869 13.781
181 1 1 33.578 14.580 32.869 13.818
182 1 1 33.578 14.617 32.869 13.855
183 1 1 33.578 14.653 32.869 13.892
184 1 1 33.578 14.690 32.869 13.929
185 1 1 33.578 14.727 32.869 13.966
186 1 1 33.560 14.764 32.850 14.002
187 1 1 33.541 14.801 32.832 14.039
188 1 1 33.541 14.837 32.832 14.076
189 1 1 33.523 14.874 32.813 14.113
190 1 1 33.504 14.911 32.795 14.150
191 1 1 33.504 14.966 32.795 14.205
192 1 1 33.486 15.022 32.776 14.260
193 1 1 33.468 15.077 32.758 14.316
194 1 1 33.467 15.132 32.758 14.371
195 1 1 33.449 15.187 32.740 14.426
196 1 1 33.412 15.243 32.703 14.482
197 1 1 33.394 15.280 32.684 14.518
198 1 1 33.394 15.316 32.684 14.555
199 1 1 33.375 15.353 32.666 14.592
200 1 1 33.357 15.390 32.647 14.629
201 1 1 33.357 15.445 32.647 14.684
202 1 1 33.357 15.482 32.647 14.721
203 1 1 33.338 15.519 32.629 14.758
204 1 1 33.320 15.574 32.610 14.813
205 1 1 33.320 15.611 32.610 14.850
206 1 1 33.320 15.648 32.610 14.887
207 1 1 33.320 15.685 32.610 14.924
208 1 1 33.320 15.740 32.610 14.979
209 1 1 33.320 15.777 32.610 15.016
210 1 1 33.320 15.814 32.610 15.053
211 1 1 33.320 15.869 32.610 15.108
212 1 1 33.320 15.906 32.610 15.145
213 1 1 33.320 15.961 32.610 15.200
214 1 1 33.338 15.997 32.629 15.237
215 1 1 33.320 16.034 32.610 15.273
216 1 1 33.320 16.071 32.610 15.310
217 1 1 33.320 16.108 32.610 15.347
218 1 1 33.320 16.163 32.610 15.402
219 1 1 33.320 16.200 32.610 15.439
220 1 1 33.320 16.237 32.610 15.476
221 1 1 33.320 16.255 32.610 15.494
222 1 1 33.301 16.292 32.592 15.531
223 1 1 33.283 16.329 32.573 15.568
224 1 1 33.283 16.347 32.573 15.587
225 1 1 33.283 16.384 32.573 15.623
226 1 1 33.283 16.421 32.573 15.660
227 1 1 33.264 16.458 32.555 15.697
228 1 1 33.246 16.495 32.536 15.734
229 1 1 33.246 16.550 32.536 15.789
230 1 1 33.246 16.587 32.536 15.826
231 1 1 33.246 16.623 32.536 15.863
232 1 1 33.246 16.660 32.536 15.900
233 1 1 33.246 16.679 32.536 15.918
234 1 1 33.246 16.715 32.536 15.955
235 1 1 33.246 16.752 32.536 15.992
236 1 1 33.264 16.789 32.555 16.028
237 1 1 33.264 16.807 32.555 16.047
238 1 1 33.264 16.844 32.555 16.084
239 1 1 33.264 16.881 32.555 16.120
240 1 1 33.264 16.918 32.555 16.157
241 1 1 33.264 16.936 32.555 16.176
242 1 1 33.246 16.973 32.536 16.212
243 1 1 33.264 17.010 32.555 16.249
244 1 1 33.246 17.047 32.536 16.286
245 1 1 33.264 17.083 32.555 16.323
246 1 1 33.246 17.120 32.536 16.360
247 1 1 33.264 17.157 32.555 16.396
248 1 1 33.246 17.194 32.536 16.433
249 1 1 33.264 17.230 32.555 16.470
250 1 1 33.246 17.267 32.536 16.507
251 1 1 33.264 17.304 32.554 16.544
252 1 1 33.246 17.341 32.536 16.581
253 1 1 33.264 17.359 32.554 16.599
254 1 1 33.264 17.396 32.554 16.636
255 1 1 33.282 17.433 32.573 16.672
256 1 1 33.301 17.469 32.591 16.709
257 1 1 33.301 17.506 32.591 16.746
258 1 1 33.301 17.525 32.591 16.764
259 1 1 33.301 17.561 32.591 16.801
260 1 1 33.301 17.598 32.591 16.838
261 1 1 33.301 17.635 32.591 16.875
262 1 1 33.301 17.672 32.591 16.912
263 1 1 33.301 17.690 32.591 16.930
264 1 1 33.301 17.727 32.591 16.967
265 1 1 33.301 17.764 32.591 17.004
266 1 1 33.301 17.800 32.591 17.040
267 1 1 33.301 17.819 32.591 17.059
268 1 1 33.301 17.856 32.591 17.096
269 1 1 33.301 17.874 32.591 17.114
270 1 1 33.301 17.911 32.591 17.151
271 1 1 33.374 17.837 32.536 16.857
272 1 1 33.310 17.736 32.600 16.976
273 1 1 33.310 17.754 32.600 16.994
274 1 1 33.310 17.773 32.600 17.013
275 1 1 33.310 17.810 32.600 17.049
276 1 1 33.310 17.828 32.600 17.068
277 1 1 33.310 17.828 32.600 17.068
278 1 1 33.310 17.846 32.600 17.086
279 1 1 33.310 17.883 32.600 17.123
280 1 1 33.310 17.902 32.600 17.141
281 1 1 33.291 17.902 32.582 17.142
282 1 1 33.291 17.920 32.582 17.160
283 1 1 33.291 17.957 32.582 17.197
284 1 1 33.393 18.094 32.490 17.372
285 1 1 33.291 18.095 32.582 17.344
286 1 1 33.291 18.122 32.582 17.372
287 1 1 33.291 18.150 32.582 17.399
288 1 1 33.273 18.159 32.563 17.408
289 1 1 33.273 18.187 32.563 17.436
290 1 1 33.273 18.196 32.563 17.445
291 1 1 33.347 18.085 32.407 17.510
292 1 1 33.236 18.169 32.527 17.427
293 1 1 33.227 18.178 32.517 17.436
294 1 1 33.218 18.196 32.508 17.455
295 1 1 33.301 18.159 32.333 17.502
296 1 1 33.172 18.196 32.462 17.464
297 1 1 33.172 18.206 32.462 17.473
298 1 1 33.319 18.260 32.351 17.529
299 1 1 33.190 18.252 32.480 17.519
300 1 1 33.190 18.261 32.480 17.528
301 1 1 33.190 18.270 32.480 17.538
302 1 1 33.310 18.260 32.388 17.529
303 1 1 33.199 18.261 32.490 17.528
304 1 1 33.199 18.261 32.490 17.528
305 1 1 33.208 18.261 32.499 17.528
306 1 1 33.328 18.288 32.471 17.427
307 1 1 33.328 18.278 32.517 17.445
308 1 1 33.310 18.288 32.517 17.455
309 1 1 33.264 18.233 32.554 17.500
310 1 1 33.264 18.233 32.554 17.500
311 1 1 33.273 18.233 32.563 17.500
312 1 1 33.273 18.233 32.563 17.500
313 1 1 33.273 18.224 32.563 17.491
314 1 1 33.282 18.233 32.573 17.500
315 1 1 33.282 18.224 32.573 17.491
0 3 1 35.648 17.421 34.904 16.258
1 3 1 35.676 17.458 34.894 16.239
2 3 1 35.685 17.486 34.904 16.267
3 3 1 35.694 17.513 34.913 16.294
4 3 1 35.685 17.522 34.904 16.304
5 3 1 35.694 17.550 34.913 16.331
6 3 1 35.685 17.559 34.903 16.340
7 3 1 35.731 17.522 34.848 16.433
8 3 1 35.731 17.522 34.830 16.460
9 3 1 35.721 17.522 34.811 16.460
10 3 1 35.749 17.531 34.830 16.479
11 3 1 35.721 17.541 34.839 16.460
12 3 1 35.694 17.541 34.793 16.470
13 3 1 35.712 17.531 34.765 16.451
14 3 1 35.694 17.513 34.802 16.442
15 3 1 35.685 17.522 34.793 16.451
16 3 1 35.685 17.504 34.793 16.433
17 3 1 35.694 17.486 34.830 16.387
18 3 1 35.703 17.486 34.821 16.387
19 3 1 35.694 17.467 34.811 16.396
20 3 1 35.712 17.559 34.830 16.488
21 3 1 35.676 17.431 34.793 16.359
22 3 1 35.722 17.384 34.848 16.258
23 3 1 35.703 17.311 34.830 16.240
24 3 1 35.722 17.338 34.848 16.267
25 3 1 35.694 17.384 34.830 16.276
26 3 1 35.685 17.339 34.830 16.194
27 3 1 35.648 17.320 34.830 16.184
28 3 1 35.666 17.320 34.802 16.212
29 3 1 35.685 17.274 34.821 16.212
30 3 1 35.630 17.302 34.839 16.240
31 3 1 35.648 17.293 34.812 16.230
32 3 1 35.648 17.284 34.812 16.221
33 3 1 35.648 17.219 34.812 16.157
34 3 1 35.602 17.091 34.793 16.166
35 3 1 35.611 17.146 34.784 16.093
36 3 1 35.602 17.118 34.775 16.065
37 3 1 35.575 17.082 34.747 16.028
38 3 1 35.584 17.063 34.756 16.010
39 3 1 35.556 17.045 34.729 15.992
40 3 1 35.565 17.008 34.738 15.955
41 3 1 35.556 16.972 34.729 15.918
42 3 1 35.566 16.935 34.738 15.881
43 3 1 35.556 16.917 34.729 15.863
44 3 1 35.566 16.898 34.738 15.845
45 3 1 35.556 16.861 34.729 15.808
46 3 1 35.566 16.825 34.738 15.771
47 3 1 35.556 16.788 34.729 15.734
48 3 1 35.547 16.751 34.720 15.698
49 3 1 35.538 16.714 34.711 15.661
50 3 1 35.547 16.678 34.720 15.624
51 3 1 35.538 16.641 34.711 15.587
52 3 1 35.547 16.586 34.720 15.532
53 3 1 35.538 16.567 34.711 15.514
54 3 1 35.529 16.512 34.701 15.459
55 3 1 35.538 16.476 34.711 15.422
56 3 1 35.529 16.439 34.702 15.385
57 3 1 35.520 16.402 34.692 15.348
58 3 1 35.529 16.365 34.702 15.311
59 3 1 35.520 16.329 34.692 15.275
60 3 1 35.529 16.292 34.702 15.238
61 3 1 35.538 16.237 34.711 15.183
62 3 1 35.548 16.181 34.720 15.127
63 3 1 35.538 16.163 34.711 15.109
64 3 1 35.529 16.108 34.702 15.054
65 3 1 35.520 16.071 34.692 15.017
66 3 1 35.529 16.034 34.702 14.980
67 3 1 35.520 15.979 34.693 14.925
68 3 1 35.511 15.924 34.683 14.870
69 3 1 35.502 15.887 34.674 14.833
70 3 1 35.511 15.851 34.683 14.797
71 3 1 35.502 15.796 34.674 14.741
72 3 1 35.493 15.740 34.665 14.686
73 3 1 35.483 15.704 34.656 14.650
74 3 1 35.493 15.667 34.665 14.613
75 3 1 35.484 15.630 34.656 14.576
76 3 1 35.474 15.575 34.647 14.521
77 3 1 35.484 15.520 34.656 14.466
78 3 1 35.493 15.501 34.665 14.447
79 3 1 35.484 15.446 34.656 14.392
80 3 1 35.493 15.428 34.665 14.374
81 3 1 35.502 15.373 34.674 14.318
82 3 1 35.511 15.354 34.684 14.300
83 3 1 35.502 15.299 34.674 14.245
84 3 1 35.511 15.262 34.684 14.208
85 3 1 35.521 15.226 34.693 14.171
86 3 1 35.530 15.189 34.702 14.134
87 3 1 35.521 15.152 34.693 14.098
88 3 1 35.530 15.097 34.702 14.042
89 3 1 35.539 15.042 34.711 13.987
90 3 1 35.604 14.830 34.886 13.830
91 3 1 35.760 14.747 34.868 13.867
92 3 1 35.714 14.820 34.896 13.784
93 3 1 35.613 14.545 34.905 13.665
94 3 1 35.668 14.628 34.859 13.600
95 3 1 35.677 14.582 34.868 13.554
96 3 1 35.705 14.554 34.896 13.527
97 3 1 35.696 14.508 34.887 13.481
98 3 1 35.705 14.462 34.896 13.435
99 3 1 35.714 14.434 34.905 13.407
100 3 1 35.723 14.370 34.914 13.343
101 3 1 35.714 14.342 34.905 13.315
102 3 1 35.723 14.296 34.914 13.269
103 3 1 35.714 14.250 34.905 13.223
104 3 1 35.724 14.204 34.914 13.177
105 3 1 35.733 14.177 34.924 13.149
106 3 1 35.742 14.131 34.933 13.103
107 3 1 35.733 14.085 34.924 13.057
108 3 1 35.742 14.039 34.933 13.011
109 3 1 35.733 13.993 34.924 12.965
110 3 1 35.742 13.929 34.933 12.901
111 3 1 35.733 13.883 34.924 12.855
112 3 1 35.742 13.818 34.933 12.791
113 3 1 35.733 13.772 34.924 12.745
114 3 1 35.742 13.726 34.933 12.699
115 3 1 35.751 13.699 34.942 12.671
116 3 1 35.761 13.653 34.951 12.625
117 3 1 35.770 13.607 34.961 12.579
118 3 1 35.797 13.561 34.988 12.533
119 3 1 35.807 13.533 34.998 12.505
120 3 1 35.742 13.359 35.145 12.404
121 3 1 35.761 13.349 35.117 12.330
122 3 1 35.834 13.349 35.044 12.330
123 3 1 35.779 13.266 35.209 12.284
124 3 1 35.770 13.266 35.182 12.284
125 3 1 35.862 13.275 35.090 12.275
126 3 1 35.862 13.137 35.255 12.219
127 3 1 35.936 13.174 35.173 12.183
128 3 1 35.881 12.908 35.311 12.256
129 3 1 35.917 12.852 35.283 12.238
130 3 1 35.853 12.779 35.320 12.228
131 3 1 35.945 12.733 35.366 12.118
132 3 1 36.083 12.787 35.366 11.989
133 3 1 35.927 12.687 35.366 11.796
134 3 1 35.964 12.733 35.311 11.713
135 3 1 36.046 12.659 35.385 11.640
136 3 1 36.074 12.640 35.431 11.529
137 3 1 36.028 12.549 35.412 11.603
138 3 1 36.028 12.585 35.431 11.501
139 3 1 36.056 12.604 35.422 11.409
140 3 1 36.056 12.558 35.422 11.419
141 3 1 36.083 12.567 35.440 11.391
142 3 1 36.056 12.493 35.431 11.373
143 3 1 36.037 12.374 35.440 11.299
144 3 1 36.093 12.263 35.440 11.345
145 3 1 36.038 12.107 35.504 11.437
146 3 1 36.028 12.043 35.468 11.382
147 3 1 36.074 12.043 35.458 11.308
148 3 1 36.111 11.997 35.486 11.308
149 3 1 36.130 11.932 35.495 11.290
150 3 1 36.203 11.803 35.541 11.115
151 3 1 36.139 11.794 35.505 10.949
152 3 1 36.139 11.794 35.532 10.830
153 3 1 36.240 11.785 35.496 10.756
154 3 1 36.277 11.803 35.514 10.728
155 3 1 36.212 11.785 35.532 10.738
156 3 1 36.259 11.720 35.523 10.756
157 3 1 36.231 11.711 35.514 10.701
158 3 1 36.148 11.675 35.551 10.655
159 3 1 36.139 11.583 35.532 10.600
160 3 1 36.194 11.518 35.560 10.554
161 3 1 36.222 11.426 35.560 10.554
162 3 1 36.194 11.242 35.615 10.609
163 3 1 36.185 11.233 35.588 10.572
164 3 1 36.323 11.168 35.579 10.508
165 3 1 36.286 11.168 35.569 10.508
166 3 1 36.231 11.113 35.689 10.314
167 3 1 36.176 11.031 35.560 10.268
168 3 1 36.323 11.049 35.606 10.047
169 3 1 36.277 11.086 35.606 9.946
170 3 1 36.231 10.911 35.652 10.121
171 3 1 36.305 11.067 35.560 9.919
172 3 1 36.222 10.883 35.643 10.093
173 3 1 36.231 10.837 35.652 10.047
174 3 1 36.232 10.773 35.652 9.983
175 3 1 36.232 10.736 35.652 9.946
176 3 1 36.186 10.746 35.671 9.826
177 3 1 36.241 10.773 35.708 9.799
178 3 1 36.379 10.782 35.634 9.808
179 3 1 36.397 10.653 35.607 9.762
180 3 1 36.305 10.423 35.717 9.882
181 3 1 36.425 10.432 35.607 9.762
182 3 1 36.434 10.377 35.625 9.670
183 3 1 36.397 10.340 35.597 9.596
184 3 1 36.453 10.322 35.551 9.578
185 3 1 36.397 10.304 35.588 9.385
186 3 1 36.342 10.258 35.662 9.385
187 3 1 36.407 10.322 35.607 9.201
188 3 1 36.287 10.138 35.726 9.394
189 3 1 36.287 10.092 35.726 9.348
190 3 1 36.296 10.046 35.736 9.302
191 3 1 36.306 10.009 35.745 9.265
192 3 1 36.306 9.963 35.745 9.219
193 3 1 36.361 10.120 35.745 9.164
194 3 1 36.324 10.009 35.763 9.265
195 3 1 36.352 10.019 35.754 9.118
196 3 1 36.324 9.936 35.763 9.191
197 3 1 36.324 9.825 35.736 9.053
198 3 1 36.361 9.743 35.727 9.109
199 3 1 36.435 9.697 35.644 9.035
200 3 1 36.416 9.632 35.644 9.007
201 3 1 36.306 9.678 35.745 8.961
202 3 1 36.435 9.540 35.626 8.851
203 3 1 36.297 9.458 35.708 8.786
204 3 1 36.278 9.476 35.718 8.777
205 3 1 36.324 9.421 35.773 8.667
206 3 1 36.324 9.393 35.773 8.694
207 3 1 36.324 9.356 35.773 8.658
208 3 1 36.315 9.310 35.764 8.612
209 3 1 36.306 9.273 35.755 8.575
210 3 1 36.306 9.227 35.755 8.529
211 3 1 36.297 9.172 35.745 8.473
212 3 1 36.288 9.126 35.736 8.427
213 3 1 36.297 9.089 35.745 8.391
214 3 1 36.260 9.182 35.727 8.372
215 3 1 36.269 9.117 35.727 8.418
216 3 1 36.251 9.071 35.718 8.400
217 3 1 36.251 9.080 35.718 8.391
218 3 1 36.251 9.044 35.718 8.354
219 3 1 36.242 9.007 35.709 8.317
220 3 1 36.251 8.970 35.718 8.280
221 3 1 36.242 8.933 35.709 8.243
222 3 1 36.242 8.896 35.709 8.207
223 3 1 36.242 8.850 35.709 8.161
224 3 1 36.242 8.814 35.709 8.124
225 3 1 36.242 8.777 35.709 8.087
226 3 1 36.251 8.731 35.718 8.041
227 3 1 36.251 8.685 35.718 7.995
228 3 1 36.261 8.639 35.727 7.949
229 3 1 36.270 8.593 35.737 7.903
230 3 1 36.270 8.547 35.737 7.857
231 3 1 36.279 8.501 35.746 7.811
232 3 1 36.288 8.455 35.755 7.765
233 3 1 36.288 8.409 35.755 7.719
234 3 1 36.344 8.022 35.783 7.323
235 3 1 36.316 8.105 35.783 7.415
236 3 1 36.316 8.068 35.783 7.378
237 3 1 36.316 8.022 35.783 7.332
238 3 1 36.325 7.985 35.792 7.295
239 3 1 36.316 7.939 35.783 7.249
240 3 1 36.279 7.985 35.783 7.231
241 3 1 36.298 7.948 35.774 7.258
242 3 1 36.298 7.912 35.774 7.222
243 3 1 36.298 7.866 35.774 7.175
244 3 1 36.298 7.820 35.774 7.129
245 3 1 36.344 7.709 35.838 6.862
246 3 1 36.344 7.635 35.829 6.945
247 3 1 36.344 7.589 35.829 6.899
248 3 1 36.344 7.534 35.829 6.844
249 3 1 36.335 7.608 35.802 6.734
250 3 1 36.326 7.507 35.811 6.816
251 3 1 36.280 7.516 35.746 6.743
252 3 1 36.271 7.470 35.756 6.780
253 3 1 36.271 7.424 35.756 6.734
254 3 1 36.271 7.378 35.756 6.687
255 3 1 36.271 7.341 35.756 6.651
256 3 1 36.271 7.295 35.756 6.605
257 3 1 36.271 7.249 35.756 6.559
258 3 1 36.271 7.212 35.756 6.522
259 3 1 36.271 7.175 35.756 6.485
260 3 1 36.280 7.129 35.765 6.439
261 3 1 36.271 7.092 35.756 6.402
262 3 1 36.289 7.046 35.774 6.356
263 3 1 36.298 7.000 35.784 6.310
264 3 1 36.289 6.964 35.774 6.273
265 3 1 36.308 6.918 35.793 6.227
266 3 1 36.308 6.872 35.793 6.181
267 3 1 36.317 6.825 35.802 6.135
268 3 1 36.308 6.779 35.793 6.089
269 3 1 36.317 6.733 35.802 6.043
270 3 1 36.317 6.687 35.802 5.997
271 3 1 36.326 6.641 35.811 5.951
272 3 1 36.335 6.605 35.821 5.914
273 3 1 36.326 6.568 35.811 5.877
274 3 1 36.345 6.531 35.830 5.840
275 3 1 36.345 6.485 35.830 5.794
276 3 1 36.446 6.356 35.839 5.813
277 3 1 36.391 6.430 35.876 5.748
278 3 1 36.391 6.393 35.876 5.711
279 3 1 36.400 6.356 35.885 5.675
280 3 1 36.409 6.319 35.894 5.638
281 3 1 36.400 6.273 35.885 5.592
282 3 1 36.409 6.218 35.894 5.536
283 3 1 36.391 6.181 35.876 5.500
284 3 1 36.391 6.135 35.876 5.454
285 3 1 36.382 6.089 35.867 5.407
286 3 1 36.382 6.034 35.867 5.352
287 3 1 36.373 5.988 35.858 5.306
288 3 1 36.364 5.951 35.849 5.269
289 3 1 36.364 5.905 35.849 5.223
290 3 1 36.354 5.859 35.839 5.177
291 3 1 36.345 5.822 35.830 5.140
292 3 1 36.345 5.785 35.830 5.104
293 3 1 36.345 5.739 35.830 5.057
294 3 1 36.327 5.702 35.812 5.021
295 3 1 36.327 5.665 35.812 4.984
296 3 1 36.318 5.629 35.803 4.947
297 3 1 36.309 5.592 35.794 4.910
298 3 1 36.318 5.555 35.803 4.873
299 3 1 36.309 5.509 35.794 4.827
300 3 1 36.318 5.481 35.803 4.800
301 3 1 36.309 5.426 35.794 4.744
302 3 1 36.309 5.380 35.794 4.698
303 3 1 36.309 5.334 35.794 4.652
304 3 1 36.309 5.279 35.794 4.597
305 3 1 36.309 5.233 35.794 4.551
306 3 1 36.309 5.196 35.794 4.514
307 3 1 36.300 5.150 35.785 4.468
308 3 1 36.291 5.095 35.775 4.413
309 3 1 36.300 5.049 35.785 4.367
310 3 1 36.291 5.021 35.776 4.339
311 3 1 36.300 4.966 35.785 4.284
312 3 1 36.291 4.929 35.776 4.247
313 3 1 36.300 4.883 35.785 4.201
314 3 1 36.291 4.846 35.776 4.164
315 3 1 36.291 4.809 35.776 4.127
0 4 1 36.661 15.129 35.963 14.342
1 4 1 36.679 15.157 35.953 14.332
2 4 1 36.679 15.148 35.953 14.323
3 4 1 36.679 15.157 35.953 14.332
4 4 1 36.679 15.157 35.953 14.332
5 4 1 36.661 15.148 35.935 14.323
6 4 1 36.679 15.157 35.953 14.332
7 4 1 36.661 15.157 35.935 14.332
8 4 1 36.679 15.148 35.953 14.323
9 4 1 36.642 15.139 35.917 14.314
10 4 1 36.642 15.139 35.917 14.314
11 4 1 36.697 15.175 35.972 14.351
12 4 1 36.624 15.120 35.898 14.296
13 4 1 36.624 15.120 35.898 14.296
14 4 1 36.587 15.075 35.861 14.250
15 4 1 36.624 15.102 35.898 14.277
16 4 1 36.606 15.102 35.880 14.277
17 4 1 36.606 15.093 35.880 14.268
18 4 1 36.587 15.084 35.861 14.259
19 4 1 36.587 15.065 35.861 14.241
20 4 1 36.587 15.047 35.861 14.222
21 4 1 36.569 15.047 35.843 14.222
22 4 1 36.550 15.029 35.825 14.204
23 4 1 36.550 15.010 35.825 14.186
24 4 1 36.550 15.010 35.825 14.186
25 4 1 36.550 14.992 35.825 14.167
26 4 1 36.550 14.992 35.825 14.167
27 4 1 36.532 14.974 35.806 14.149
28 4 1 36.532 14.955 35.806 14.131
29 4 1 36.532 14.937 35.806 14.112
30 4 1 36.532 14.919 35.806 14.094
31 4 1 36.532 14.900 35.806 14.075
32 4 1 36.532 14.873 35.806 14.048
33 4 1 36.532 14.863 35.806 14.039
34 4 1 36.532 14.845 35.806 14.020
35 4 1 36.532 14.827 35.806 14.002
36 4 1 36.532 14.808 35.806 13.984
37 4 1 36.532 14.772 35.806 13.947
38 4 1 36.532 14.735 35.806 13.910
39 4 1 36.532 14.698 35.806 13.873
40 4 1 36.532 14.661 35.807 13.836
41 4 1 36.551 14.634 35.825 13.809
42 4 1 36.569 14.606 35.843 13.781
43 4 1 36.551 14.569 35.825 13.744
44 4 1 36.588 14.532 35.862 13.708
45 4 1 36.588 14.477 35.862 13.652
46 4 1 36.588 14.440 35.862 13.616
47 4 1 36.606 14.376 35.880 13.551
48 4 1 36.588 14.349 35.862 13.524
49 4 1 36.606 14.312 35.880 13.487
50 4 1 36.606 14.275 35.880 13.450
51 4 1 36.606 14.220 35.880 13.395
52 4 1 36.606 14.183 35.880 13.358
53 4 1 36.606 14.119 35.880 13.294
54 4 1 36.606 14.073 35.880 13.248
55 4 1 36.606 14.018 35.880 13.193
56 4 1 36.606 13.963 35.881 13.137
57 4 1 36.606 13.907 35.881 13.082
58 4 1 36.606 13.852 35.881 13.027
59 4 1 36.606 13.779 35.881 12.954
60 4 1 36.607 13.705 35.881 12.880
61 4 1 36.607 13.604 35.881 12.779
62 4 1 36.607 13.540 35.881 12.714
63 4 1 36.588 13.466 35.862 12.641
64 4 1 36.607 13.393 35.881 12.567
65 4 1 36.588 13.319 35.863 12.494
66 4 1 36.607 13.227 35.881 12.402
67 4 1 36.589 13.126 35.863 12.301
68 4 1 36.607 13.043 35.881 12.218
69 4 1 36.589 12.952 35.863 12.126
70 4 1 36.607 12.850 35.881 12.025
71 4 1 36.589 12.768 35.863 11.942
72 4 1 36.589 12.657 35.863 11.832
73 4 1 36.571 12.556 35.845 11.730
74 4 1 36.552 12.455 35.826 11.629
75 4 1 36.552 12.363 35.826 11.537
76 4 1 36.571 12.262 35.845 11.436
77 4 1 36.552 12.161 35.826 11.335
78 4 1 36.562 12.097 35.836 11.280
80 4 1 36.442 12.134 35.781 11.197
81 4 1 36.424 11.996 35.698 11.161
82 4 1 36.452 11.702 35.836 11.087
83 4 1 36.461 11.591 35.854 11.004
84 4 1 36.498 11.692 35.808 10.912
85 4 1 36.516 11.619 35.827 10.838
86 4 1 36.516 11.563 35.827 10.783
87 4 1 36.535 11.490 35.845 10.709
88 4 1 36.571 11.416 35.882 10.636
89 4 1 36.590 11.343 35.901 10.562
90 4 1 36.553 11.389 35.753 10.378
91 4 1 36.627 11.306 35.873 10.378
92 4 1 36.709 11.177 35.919 10.341
93 4 1 36.746 11.057 35.901 10.314
94 4 1 36.802 10.928 36.011 10.176
95 4 1 36.802 10.827 35.993 10.194
96 4 1 36.746 10.901 36.039 10.130
97 4 1 36.829 10.800 36.020 10.056
98 4 1 36.848 10.827 36.048 10.028
99 4 1 36.912 10.809 36.122 9.918
100 4 1 36.986 10.717 36.214 9.807
101 4 1 36.976 10.698 36.168 9.835
102 4 1 36.921 10.643 36.214 9.881
103 4 1 37.013 10.533 36.177 9.780
104 4 1 37.050 10.468 36.186 9.770
105 4 1 37.096 10.431 36.223 9.651
106 4 1 37.206 10.339 36.223 9.669
107 4 1 37.133 10.312 36.407 9.457
108 4 1 37.124 10.146 36.518 9.466
109 4 1 37.197 10.220 36.389 9.365
110 4 1 37.216 10.247 36.453 9.301
111 4 1 37.179 10.137 36.472 9.411
112 4 1 37.216 10.091 36.508 9.365
113 4 1 37.243 10.036 36.536 9.310
114 4 1 37.280 9.990 36.573 9.264
115 4 1 37.317 9.934 36.610 9.209
116 4 1 37.354 9.888 36.646 9.163
117 4 1 37.391 9.833 36.683 9.107
118 4 1 37.427 9.787 36.720 9.061
119 4 1 37.455 9.741 36.748 9.015
120 4 1 37.483 9.695 36.775 8.969
121 4 1 37.510 9.649 36.803 8.923
122 4 1 37.538 9.603 36.831 8.877
123 4 1 37.565 9.548 36.858 8.822
124 4 1 37.593 9.502 36.886 8.776
125 4 1 37.611 9.456 36.904 8.730
126 4 1 37.639 9.401 36.932 8.675
127 4 1 37.667 9.355 36.959 8.629
128 4 1 37.685 9.299 36.978 8.574
129 4 1 37.703 9.244 36.996 8.518
130 4 1 37.731 9.189 37.024 8.463
131 4 1 37.841 9.373 37.162 8.297
132 4 1 37.805 9.106 37.254 8.371
133 4 1 37.961 9.060 37.281 8.288
134 4 1 37.952 9.042 37.272 8.307
135 4 1 37.970 8.996 37.291 8.261
136 4 1 37.988 8.959 37.309 8.224
137 4 1 37.906 8.784 37.328 8.095
138 4 1 37.952 8.812 37.282 8.086
139 4 1 37.970 8.766 37.300 8.040
140 4 1 37.989 8.711 37.318 7.985
141 4 1 38.007 8.655 37.337 7.929
142 4 1 38.035 8.600 37.365 7.874
143 4 1 38.044 8.628 37.346 7.755
144 4 1 38.026 8.554 37.355 7.828
145 4 1 38.044 8.508 37.374 7.782
146 4 1 38.062 8.453 37.392 7.727
147 4 1 38.072 8.407 37.401 7.681
149 4 1 38.062 8.398 37.392 7.672
150 4 1 38.145 8.048 37.503 7.368
151 4 1 38.154 8.076 37.494 7.359
152 4 1 38.155 8.039 37.494 7.322
153 4 1 38.155 7.993 37.494 7.276
154 4 1 38.155 7.947 37.494 7.230
155 4 1 38.155 7.883 37.494 7.166
156 4 1 38.155 7.837 37.494 7.120
157 4 1 38.146 7.782 37.485 7.064
158 4 1 38.146 7.726 37.485 7.009
159 4 1 38.136 7.680 37.476 6.963
160 4 1 38.127 7.634 37.466 6.917
162 4 1 38.118 7.625 37.457 6.908
163 4 1 38.091 7.451 37.430 6.834
164 4 1 38.091 7.497 37.430 6.788
165 4 1 38.091 7.460 37.430 6.752
166 4 1 38.155 7.506 37.402 6.623
167 4 1 38.100 7.414 37.439 6.706
168 4 1 38.100 7.368 37.439 6.660
169 4 1 38.100 7.303 37.439 6.595
170 4 1 38.100 7.239 37.439 6.531
171 4 1 38.100 7.184 37.439 6.476
172 4 1 38.100 7.119 37.439 6.411
173 4 1 38.100 7.064 37.439 6.356
174 4 1 38.100 7.018 37.439 6.310
176 4 1 38.091 7.009 37.430 6.301
177 4 1 38.091 6.687 37.412 6.016
178 4 1 38.082 6.706 37.421 6.006
179 4 1 38.073 6.660 37.412 5.960
180 4 1 38.082 6.632 37.421 5.933
181 4 1 38.064 6.577 37.403 5.877
182 4 1 38.055 6.531 37.394 5.831
183 4 1 38.046 6.494 37.385 5.795
184 4 1 38.027 6.439 37.366 5.739
185 4 1 38.000 6.384 37.339 5.684
186 4 1 37.991 6.328 37.329 5.629
187 4 1 37.963 6.273 37.302 5.574
188 4 1 37.945 6.218 37.284 5.518
189 4 1 37.926 6.163 37.265 5.463
190 4 1 37.908 6.126 37.247 5.426
191 4 1 37.890 6.080 37.229 5.380
192 4 1 37.881 6.034 37.219 5.334
193 4 1 37.862 6.006 37.201 5.307
194 4 1 37.853 5.960 37.192 5.261
195 4 1 37.844 5.924 37.183 5.224
196 4 1 37.826 5.878 37.164 5.178
197 4 1 37.826 5.822 37.164 5.123
198 4 1 37.817 5.767 37.155 5.067
199 4 1 37.817 5.712 37.155 5.012
200 4 1 37.807 5.657 37.146 4.957
201 4 1 37.798 5.601 37.137 4.902
202 4 1 37.798 5.555 37.137 4.856
203 4 1 37.798 5.509 37.137 4.810
204 4 1 37.789 5.454 37.128 4.754
205 4 1 37.780 5.408 37.119 4.708
206 4 1 37.771 5.371 37.110 4.672
207 4 1 37.753 5.325 37.091 4.625
208 4 1 37.743 5.279 37.082 4.579
209 4 1 37.734 5.252 37.073 4.552
210 4 1 37.716 5.206 37.054 4.506
211 4 1 37.707 5.169 37.045 4.469
212 4 1 37.698 5.132 37.036 4.432
213 4 1 37.679 5.086 37.018 4.386
214 4 1 37.661 5.031 36.999 4.331
215 4 1 37.643 4.985 36.981 4.285
216 4 1 37.624 4.948 36.963 4.248
217 4 1 37.606 4.902 36.944 4.202
218 4 1 37.597 4.847 36.935 4.147
219 4 1 37.588 4.810 36.926 4.110
220 4 1 37.569 4.764 36.908 4.064
221 4 1 37.560 4.727 36.898 4.027
222 4 1 37.560 4.690 36.898 3.990
223 4 1 37.551 4.653 36.889 3.953
224 4 1 37.542 4.617 36.880 3.916
225 4 1 37.569 4.543 36.908 3.843
227 4 1 37.560 4.534 36.899 3.833
228 4 1 37.560 4.497 36.899 3.797
229 4 1 37.560 4.442 36.899 3.741
230 4 1 37.560 4.405 36.899 3.705
231 4 1 37.560 4.350 36.899 3.649
232 4 1 37.560 4.304 36.899 3.603
233 4 1 37.560 4.258 36.899 3.557
234 4 1 37.560 4.212 36.899 3.511
235 4 1 37.560 4.184 36.899 3.484
236 4 1 37.560 4.129 36.899 3.428
237 4 1 37.561 4.092 36.899 3.391
238 4 1 37.551 4.046 36.890 3.345
239 4 1 37.542 4.018 36.881 3.318
240 4 1 37.542 3.972 36.881 3.272
241 4 1 37.551 3.945 36.890 3.244
242 4 1 37.533 3.899 36.871 3.198
243 4 1 37.515 3.871 36.853 3.170
245 4 1 37.515 3.899 36.853 3.198
246 4 1 37.496 3.825 36.835 3.124
247 4 1 37.487 3.779 36.826 3.078
248 4 1 37.533 3.760 36.872 3.060
249 4 1 37.478 3.687 36.816 2.986
250 4 1 37.460 3.650 36.798 2.949
251 4 1 37.414 3.595 36.752 2.894
252 4 1 37.432 3.567 36.771 2.866
254 4 1 37.423 3.558 36.761 2.857
255 4 1 37.423 3.530 36.761 2.829
256 4 1 37.423 3.512 36.761 2.811
257 4 1 37.414 3.484 36.752 2.783
258 4 1 37.423 3.447 36.761 2.746
259 4 1 37.414 3.410 36.752 2.710
260 4 1 37.423 3.374 36.761 2.673
261 4 1 37.414 3.337 36.752 2.636
262 4 1 37.423 3.300 36.761 2.599
263 4 1 37.405 3.254 36.743 2.553
264 4 1 37.405 3.217 36.743 2.516
265 4 1 37.396 3.171 36.734 2.470
266 4 1 37.396 3.125 36.734 2.424
267 4 1 37.396 3.097 36.734 2.396
268 4 1 37.396 3.051 36.734 2.350
269 4 1 37.387 3.024 36.725 2.323
270 4 1 37.359 2.978 36.697 2.277
271 4 1 37.359 2.959 36.697 2.258
273 4 1 37.350 2.950 36.688 2.249
274 4 1 37.350 2.932 36.688 2.231
275 4 1 37.341 2.536 36.670 1.751
276 4 1 37.332 2.499 36.670 1.797
277 4 1 37.323 2.471 36.661 1.770
278 4 1 37.314 2.434 36.652 1.733
279 4 1 37.286 2.407 36.624 1.705
280 4 1 37.277 2.388 36.615 1.687
281 4 1 37.240 2.360 36.578 1.659
282 4 1 37.222 2.333 36.560 1.631
283 4 1 37.203 2.314 36.541 1.613
284 4 1 37.185 2.296 36.523 1.594
285 4 1 37.176 2.268 36.514 1.567
286 4 1 37.167 2.241 36.505 1.539
287 4 1 37.139 2.231 36.477 1.530
288 4 1 37.139 2.222 36.486 1.530
290 4 1 37.130 2.213 36.477 1.521
291 4 1 37.121 2.194 36.468 1.502
292 4 1 37.111 2.176 36.459 1.484
293 4 1 37.102 2.148 36.449 1.456
294 4 1 37.084 2.130 36.431 1.438
295 4 1 37.084 2.111 36.431 1.419
296 4 1 37.075 2.084 36.422 1.392
297 4 1 37.065 2.056 36.413 1.364
298 4 1 37.056 2.038 36.403 1.345
299 4 1 37.047 2.010 36.394 1.318
300 4 1 37.047 1.936 36.404 1.244
302 4 1 37.038 1.927 36.394 1.235
303 4 1 37.038 1.909 36.394 1.216
304 4 1 37.029 1.899 36.385 1.207
305 4 1 37.020 1.890 36.376 1.198
306 4 1 37.020 1.881 36.376 1.189
307 4 1 37.010 1.881 36.367 1.189
308 4 1 37.010 1.881 36.367 1.189
309 4 1 37.010 1.881 36.367 1.189
310 4 1 37.020 1.881 36.376 1.189
311 4 1 37.029 1.881 36.385 1.189
312 4 1 37.029 1.881 36.385 1.189
313 4 1 37.038 1.881 36.394 1.189
314 4 1 37.047 1.890 36.404 1.198
315 4 1 37.047 1.890 36.404 1.198
0 5 1 35.074 6.697 34.310 6.024
1 5 1 35.102 6.715 34.301 6.015
2 5 1 35.111 6.734 34.310 6.034
3 5 1 35.120 6.752 34.319 6.052
4 5 1 35.120 6.780 34.319 6.080
5 5 1 35.185 6.752 34.282 6.080
6 5 1 35.166 6.761 34.310 6.015
7 5 1 35.166 6.734 34.301 6.034
8 5 1 35.157 6.780 34.291 6.080
9 5 1 35.157 6.798 34.282 6.163
10 5 1 35.148 6.817 34.282 6.135
11 5 1 35.139 6.807 34.273 6.126
12 5 1 35.157 6.826 34.319 6.209
13 5 1 35.166 6.844 34.310 6.181
14 5 1 35.139 6.881 34.291 6.264
15 5 1 35.139 6.890 34.291 6.236
16 5 1 35.056 7.084 34.301 6.255
17 5 1 35.102 7.010 34.273 6.338
18 5 1 35.083 7.019 34.254 6.347
19 5 1 35.093 7.038 34.264 6.365
20 5 1 35.037 7.249 34.328 6.402
21 5 1 35.065 7.295 34.310 6.384
22 5 1 35.083 7.259 34.291 6.356
23 5 1 35.092 7.185 34.301 6.457
24 5 1 35.074 7.185 34.282 6.457
25 5 1 35.065 7.222 34.273 6.494
26 5 1 35.056 7.249 34.264 6.522
27 5 1 35.046 7.277 34.254 6.550
28 5 1 35.037 7.277 34.245 6.550
29 5 1 35.028 7.314 34.236 6.586
30 5 1 35.019 7.332 34.227 6.605
31 5 1 35.009 7.369 34.217 6.642
32 5 1 35.019 7.388 34.227 6.660
33 5 1 35.009 7.406 34.217 6.679
34 5 1 35.019 7.443 34.227 6.715
35 5 1 35.083 7.443 34.264 6.697
36 5 1 35.065 7.434 34.273 6.706
37 5 1 35.055 7.452 34.264 6.725
38 5 1 35.046 7.563 34.227 6.725
39 5 1 34.908 7.673 34.236 6.743
40 5 1 34.963 7.572 34.181 6.835
41 5 1 34.871 7.820 34.227 6.854
42 5 1 34.880 7.839 34.245 6.918
43 5 1 34.936 7.747 34.171 6.992
44 5 1 34.936 7.774 34.171 7.019
45 5 1 34.936 7.820 34.171 7.065
46 5 1 34.936 7.848 34.171 7.093
47 5 1 34.936 7.876 34.171 7.121
48 5 1 34.917 7.903 34.153 7.148
49 5 1 34.935 7.949 34.171 7.194
50 5 1 34.917 7.977 34.153 7.222
51 5 1 34.917 8.023 34.153 7.268
52 5 1 34.917 8.051 34.153 7.296
53 5 1 34.899 8.097 34.134 7.342
54 5 1 34.880 8.124 34.116 7.370
55 5 1 34.880 8.152 34.116 7.397
56 5 1 34.880 8.180 34.116 7.425
57 5 1 34.880 8.226 34.116 7.471
58 5 1 34.862 8.253 34.097 7.499
59 5 1 34.825 8.281 34.060 7.526
60 5 1 34.825 8.309 34.060 7.554
61 5 1 34.806 8.355 34.042 7.600
62 5 1 34.825 8.382 34.060 7.628
63 5 1 34.788 8.410 34.023 7.655
64 5 1 34.769 8.438 34.005 7.683
65 5 1 34.788 8.465 34.023 7.710
66 5 1 34.751 8.493 33.987 7.738
67 5 1 34.751 8.520 33.987 7.766
68 5 1 34.751 8.548 33.987 7.793
69 5 1 34.733 8.576 33.968 7.821
70 5 1 34.751 8.603 33.987 7.849
71 5 1 34.733 8.631 33.968 7.876
72 5 1 34.732 8.659 33.968 7.904
73 5 1 34.732 8.686 33.968 7.932
74 5 1 34.732 8.714 33.968 7.959
75 5 1 34.732 8.741 33.968 7.987
76 5 1 34.732 8.769 33.968 8.014
77 5 1 34.732 8.815 33.968 8.061
78 5 1 34.732 8.824 33.968 8.070
79 5 1 34.732 8.870 33.968 8.116
80 5 1 34.732 8.898 33.968 8.143
81 5 1 34.732 8.926 33.968 8.171
82 5 1 34.732 8.953 33.968 8.199
83 5 1 34.732 8.999 33.968 8.245
84 5 1 34.732 9.008 33.968 8.254
85 5 1 34.732 9.054 33.968 8.300
86 5 1 34.732 9.082 33.968 8.328
87 5 1 34.714 9.110 33.949 8.355
88 5 1 34.695 9.137 33.931 8.383
89 5 1 34.714 9.165 33.949 8.411
90 5 1 34.695 9.193 33.931 8.438
91 5 1 34.695 9.239 33.931 8.484
92 5 1 34.686 9.276 33.995 8.512
93 5 1 34.622 9.451 34.005 8.466
94 5 1 34.686 9.331 33.940 8.567
95 5 1 34.640 9.515 33.977 8.438
96 5 1 34.575 9.515 33.959 8.466
97 5 1 34.566 9.497 33.940 8.484
98 5 1 34.603 9.487 33.949 8.530
99 5 1 34.575 9.506 33.959 8.512
100 5 1 34.576 9.460 33.931 8.715
101 5 1 34.603 9.460 33.903 8.687
102 5 1 34.612 9.497 33.894 8.715
103 5 1 34.612 9.533 33.903 8.724
104 5 1 34.594 9.497 33.903 8.917
105 5 1 34.585 9.579 33.894 8.816
106 5 1 34.603 9.506 33.866 9.102
107 5 1 34.539 9.570 33.857 9.037
108 5 1 34.539 9.672 33.857 8.936
109 5 1 34.511 9.745 33.792 9.028
110 5 1 34.529 9.883 33.811 9.074
111 5 1 34.456 9.920 33.765 9.139
112 5 1 34.446 9.883 33.765 9.157
113 5 1 34.446 9.920 33.765 9.194
114 5 1 34.437 9.966 33.755 9.240
115 5 1 34.446 10.003 33.765 9.277
116 5 1 34.446 10.049 33.765 9.323
117 5 1 34.446 10.086 33.765 9.360
118 5 1 34.446 10.123 33.765 9.396
119 5 1 34.437 10.160 33.755 9.433
120 5 1 34.502 10.114 33.783 9.332
121 5 1 34.474 10.086 33.792 9.360
122 5 1 34.465 10.123 33.783 9.396
123 5 1 34.455 10.150 33.774 9.424
124 5 1 34.455 10.187 33.774 9.461
125 5 1 34.483 10.454 33.709 9.664
126 5 1 34.437 10.408 33.755 9.682
127 5 1 34.437 10.445 33.755 9.719
128 5 1 34.428 10.482 33.746 9.756
129 5 1 34.409 10.519 33.728 9.792
130 5 1 34.400 10.565 33.718 9.839
131 5 1 34.464 10.786 33.792 9.581
132 5 1 34.464 10.822 33.765 9.654
133 5 1 34.446 10.602 33.774 9.857
134 5 1 34.437 10.638 33.764 9.894
135 5 1 34.437 10.675 33.764 9.931
136 5 1 34.428 10.712 33.755 9.967
137 5 1 34.446 10.887 33.700 10.096
138 5 1 34.427 10.869 33.635 10.133
139 5 1 34.437 10.887 33.645 10.179
140 5 1 34.427 10.924 33.635 10.244
141 5 1 34.400 10.951 33.626 10.272
142 5 1 34.381 11.007 33.801 10.354
143 5 1 34.363 11.126 33.773 10.382
144 5 1 34.381 11.264 33.801 10.354
145 5 1 34.409 11.154 33.764 10.455
146 5 1 34.326 11.311 33.737 10.437
147 5 1 34.354 11.218 33.718 10.520
148 5 1 34.344 11.430 33.700 10.373
149 5 1 34.335 11.246 33.700 10.548
150 5 1 34.390 11.467 33.672 10.391
151 5 1 34.344 11.274 33.709 10.575
152 5 1 34.344 11.320 33.709 10.621
153 5 1 34.418 11.458 33.589 10.658
154 5 1 34.317 11.403 33.681 10.704
155 5 1 34.317 11.439 33.681 10.741
156 5 1 34.427 11.559 33.607 10.925
157 5 1 34.326 11.578 33.690 10.888
158 5 1 34.492 11.632 33.644 10.916
159 5 1 34.381 11.614 33.746 10.925
160 5 1 34.381 11.651 33.746 10.962
161 5 1 34.390 11.982 33.672 10.888
162 5 1 34.344 11.771 33.709 11.082
163 5 1 34.344 11.808 33.709 11.119
164 5 1 34.335 11.854 33.699 11.165
165 5 1 34.362 12.102 33.607 11.017
166 5 1 34.399 12.148 33.653 11.063
167 5 1 34.335 11.946 33.699 11.257
168 5 1 34.335 11.982 33.699 11.294
169 5 1 34.326 12.019 33.690 11.330
170 5 1 34.326 12.056 33.690 11.367
171 5 1 34.326 12.093 33.690 11.404
172 5 1 34.326 12.130 33.690 11.441
173 5 1 34.326 12.167 33.690 11.478
174 5 1 34.326 12.203 33.690 11.514
175 5 1 34.325 12.240 33.690 11.551
176 5 1 34.325 12.277 33.690 11.588
177 5 1 34.335 12.314 33.699 11.625
178 5 1 34.390 12.590 33.607 11.561
179 5 1 34.316 12.415 33.681 11.726
180 5 1 34.316 12.452 33.681 11.763
181 5 1 34.325 12.498 33.690 11.809
182 5 1 34.325 12.544 33.690 11.855
183 5 1 34.335 12.581 33.699 11.892
184 5 1 34.335 12.617 33.699 11.929
185 5 1 34.335 12.654 33.699 11.966
186 5 1 34.325 12.691 33.690 12.002
187 5 1 34.325 12.737 33.690 12.048
188 5 1 34.316 12.765 33.681 12.076
189 5 1 34.307 12.802 33.671 12.113
190 5 1 34.298 12.838 33.662 12.150
191 5 1 34.288 12.875 33.653 12.187
192 5 1 34.279 12.921 33.644 12.233
193 5 1 34.270 12.958 33.634 12.270
194 5 1 34.261 13.004 33.625 12.316
195 5 1 34.251 13.050 33.616 12.362
196 5 1 34.233 13.096 33.598 12.408
197 5 1 34.224 13.142 33.588 12.454
198 5 1 34.205 13.188 33.570 12.500
199 5 1 34.196 13.225 33.561 12.537
200 5 1 34.178 13.271 33.542 12.583
201 5 1 34.178 13.308 33.542 12.620
202 5 1 34.168 13.345 33.533 12.656
203 5 1 34.159 13.382 33.524 12.693
204 5 1 34.150 13.419 33.514 12.730
205 5 1 34.150 13.455 33.514 12.767
206 5 1 34.141 13.492 33.505 12.804
207 5 1 34.141 13.529 33.505 12.841
208 5 1 34.131 13.575 33.496 12.887
209 5 1 34.131 13.612 33.496 12.923
210 5 1 34.131 13.658 33.496 12.969
211 5 1 34.131 13.695 33.496 13.006
212 5 1 34.131 13.741 33.496 13.052
213 5 1 34.141 13.777 33.505 13.089
214 5 1 34.141 13.833 33.505 13.144
215 5 1 34.150 13.869 33.514 13.181
216 5 1 34.150 13.915 33.514 13.227
217 5 1 34.150 13.961 33.514 13.273
218 5 1 34.159 13.998 33.523 13.310
219 5 1 34.159 14.035 33.523 13.347
220 5 1 34.159 14.081 33.523 13.393
221 5 1 34.159 14.118 33.523 13.430
222 5 1 34.150 14.155 33.514 13.466
223 5 1 34.150 14.191 33.514 13.503
224 5 1 34.150 14.228 33.514 13.540
225 5 1 34.140 14.265 33.505 13.577
226 5 1 34.140 14.302 33.505 13.614
227 5 1 34.131 14.339 33.496 13.651
228 5 1 34.131 14.385 33.496 13.697
229 5 1 34.122 14.421 33.486 13.733
230 5 1 34.122 14.467 33.486 13.779
231 5 1 34.113 14.513 33.477 13.825
232 5 1 34.113 14.559 33.477 13.871
233 5 1 34.103 14.596 33.468 13.908
234 5 1 34.103 14.633 33.468 13.945
235 5 1 34.103 14.670 33.468 13.982
236 5 1 34.094 14.707 33.459 14.019
237 5 1 34.094 14.734 33.459 14.046
238 5 1 34.094 14.762 33.459 14.074
239 5 1 34.094 14.799 33.459 14.111
240 5 1 34.094 14.826 33.459 14.138
241 5 1 34.103 14.863 33.468 14.175
242 5 1 34.103 14.891 33.468 14.203
243 5 1 34.112 14.927 33.477 14.240
244 5 1 34.112 14.964 33.477 14.276
245 5 1 34.122 15.001 33.486 14.313
246 5 1 34.131 15.038 33.495 14.350
247 5 1 34.140 15.074 33.505 14.387
248 5 1 34.149 15.120 33.514 14.433
249 5 1 34.158 15.157 33.523 14.469
250 5 1 34.168 15.194 33.532 14.506
251 5 1 34.177 15.231 33.541 14.543
252 5 1 34.177 15.267 33.541 14.580
253 5 1 34.177 15.295 33.541 14.607
254 5 1 34.186 15.332 33.551 14.644
255 5 1 34.186 15.359 33.551 14.672
256 5 1 34.186 15.387 33.551 14.699
257 5 1 34.195 15.424 33.560 14.736
258 5 1 34.195 15.451 33.560 14.764
259 5 1 34.195 15.479 33.560 14.791
260 5 1 34.195 15.516 33.560 14.828
261 5 1 34.195 15.543 33.560 14.856
262 5 1 34.195 15.580 33.560 14.893
263 5 1 34.195 15.617 33.560 14.929
264 5 1 34.195 15.654 33.560 14.966
265 5 1 34.195 15.690 33.560 15.003
266 5 1 34.186 15.727 33.550 15.040
267 5 1 34.186 15.764 33.550 15.077
268 5 1 34.186 15.801 33.550 15.113
269 5 1 34.186 15.828 33.550 15.141
270 5 1 34.186 15.865 33.550 15.178
271 5 1 34.278 15.911 33.523 15.150
272 5 1 34.315 15.984 33.550 15.159
273 5 1 34.241 15.911 33.606 15.224
274 5 1 34.241 15.939 33.606 15.251
275 5 1 34.250 15.966 33.615 15.279
276 5 1 34.324 16.113 33.560 15.215
277 5 1 34.259 16.003 33.624 15.316
278 5 1 34.259 16.030 33.624 15.343
279 5 1 34.268 16.058 33.633 15.371
280 5 1 34.278 16.086 33.642 15.398
281 5 1 34.287 16.122 33.652 15.435
282 5 1 34.296 16.150 33.661 15.463
283 5 1 34.305 16.177 33.670 15.490
284 5 1 34.324 16.214 33.688 15.527
285 5 1 34.333 16.251 33.698 15.564
286 5 1 34.342 16.278 33.707 15.591
287 5 1 34.351 16.315 33.716 15.628
288 5 1 34.360 16.352 33.725 15.665
289 5 1 34.370 16.379 33.734 15.692
290 5 1 34.379 16.407 33.744 15.720
291 5 1 34.379 16.435 33.744 15.747
292 5 1 34.388 16.462 33.753 15.775
293 5 1 34.388 16.490 33.753 15.803
294 5 1 34.388 16.517 33.753 15.830
295 5 1 34.397 16.545 33.762 15.858
296 5 1 34.397 16.572 33.762 15.885
297 5 1 34.397 16.600 33.762 15.913
298 5 1 34.397 16.628 33.762 15.941
299 5 1 34.397 16.655 33.762 15.968
300 5 1 34.397 16.692 33.762 16.005
301 5 1 34.397 16.719 33.762 16.033
302 5 1 34.397 16.756 33.762 16.069
303 5 1 34.397 16.793 33.762 16.106
304 5 1 34.397 16.821 33.762 16.134
305 5 1 34.397 16.848 33.762 16.161
306 5 1 34.397 16.885 33.762 16.198
307 5 1 34.397 16.913 33.762 16.226
308 5 1 34.397 16.931 33.762 16.244
309 5 1 34.397 16.959 33.762 16.272
310 5 1 34.406 16.977 33.771 16.290
311 5 1 34.406 16.995 33.771 16.308
312 5 1 34.415 17.014 33.780 16.327
313 5 1 34.415 17.032 33.780 16.345
314 5 1 34.425 17.050 33.789 16.364
315 5 1 34.434 17.069 33.799 16.382
0 7 1 34.832 13.067 34.141 12.130
1 7 1 34.850 13.094 34.132 12.112
2 7 1 34.887 13.030 34.169 12.047
3 7 1 34.905 13.021 34.187 12.038
4 7 1 35.034 13.011 34.215 11.974
5 7 1 35.016 13.002 34.224 11.983
6 7 1 35.025 12.965 34.234 11.946
7 7 1 35.053 12.910 34.261 11.891
8 7 1 35.071 12.661 34.261 11.799
9 7 1 35.062 12.707 34.270 11.753
10 7 1 35.071 12.661 34.280 11.706
11 7 1 35.099 12.615 34.307 11.660
12 7 1 35.108 12.588 34.317 11.633
13 7 1 35.136 12.560 34.344 11.605
14 7 1 35.145 12.542 34.353 11.587
15 7 1 35.191 12.468 34.400 11.513
16 7 1 35.218 12.422 34.427 11.467
17 7 1 35.255 12.367 34.464 11.412
18 7 1 35.292 12.330 34.501 11.375
19 7 1 35.301 12.302 34.510 11.347
20 7 1 35.347 12.247 34.556 11.292
21 7 1 35.476 12.108 34.667 11.365
22 7 1 35.532 12.090 34.713 11.301
23 7 1 35.532 12.136 34.740 11.264
24 7 1 35.587 12.062 34.796 11.254
25 7 1 35.651 11.998 34.823 11.264
26 7 1 35.633 12.044 34.842 11.199
27 7 1 35.716 11.860 34.934 11.217
28 7 1 35.716 11.850 34.952 11.144
29 7 1 35.743 11.896 34.943 11.070
30 7 1 35.725 11.878 34.952 11.079
31 7 1 35.771 11.804 34.934 10.877
32 7 1 35.734 11.749 34.962 10.941
33 7 1 35.762 11.721 34.989 10.913
34 7 1 35.789 11.675 35.017 10.867
35 7 1 35.835 11.629 35.063 10.821
36 7 1 35.964 11.703 35.146 10.738
37 7 1 35.937 11.620 35.164 10.803
38 7 1 35.983 11.592 35.256 10.729
39 7 1 35.964 11.565 35.256 10.665
40 7 1 36.130 11.417 35.348 10.609
41 7 1 36.130 11.334 35.348 10.536
42 7 1 36.176 11.408 35.441 10.434
43 7 1 36.130 11.215 35.505 10.388
44 7 1 36.194 11.205 35.459 10.407
45 7 1 36.268 11.113 35.533 10.388
46 7 1 36.259 11.150 35.523 10.360
47 7 1 36.286 11.123 35.551 10.333
48 7 1 36.314 11.095 35.579 10.305
49 7 1 36.342 11.049 35.606 10.259
50 7 1 36.388 11.021 35.652 10.231
51 7 1 36.415 10.975 35.680 10.185
52 7 1 36.443 10.947 35.708 10.158
53 7 1 36.471 10.901 35.735 10.112
54 7 1 36.507 10.938 35.579 10.112
55 7 1 36.517 10.929 35.597 10.121
56 7 1 36.489 10.855 35.671 10.149
57 7 1 36.544 10.727 35.827 10.121
58 7 1 36.609 10.699 35.864 10.001
59 7 1 36.636 10.625 35.901 10.019
60 7 1 36.691 10.552 35.938 9.955
61 7 1 36.646 10.524 35.873 9.872
62 7 1 36.756 10.469 35.947 9.835
63 7 1 36.737 10.478 35.965 9.798
64 7 1 36.793 10.542 36.011 9.706
65 7 1 36.848 10.514 36.030 9.743
66 7 1 36.931 10.487 36.094 9.577
67 7 1 36.866 10.395 36.140 9.679
68 7 1 36.885 10.349 36.159 9.633
69 7 1 36.903 10.312 36.177 9.596
70 7 1 36.931 10.266 36.205 9.550
71 7 1 36.949 10.211 36.223 9.494
72 7 1 36.968 10.174 36.242 9.458
73 7 1 36.995 10.137 36.269 9.421
74 7 1 37.004 10.100 36.278 9.384
75 7 1 36.912 10.064 36.260 9.347
76 7 1 36.968 10.064 36.187 9.200
77 7 1 36.940 9.953 36.297 9.246
78 7 1 37.004 9.916 36.214 9.080
79 7 1 36.977 9.990 36.251 8.979
80 7 1 36.995 9.972 36.196 9.007
81 7 1 36.949 9.843 36.242 9.136
82 7 1 37.032 10.008 36.288 8.905
83 7 1 37.005 9.760 36.389 9.007
84 7 1 37.041 9.742 36.343 9.025
85 7 1 37.051 9.696 36.352 8.979
86 7 1 37.060 9.640 36.362 8.924
87 7 1 37.078 9.594 36.380 8.878
88 7 1 37.097 9.548 36.398 8.832
89 7 1 37.106 9.484 36.408 8.767
90 7 1 37.014 9.585 36.463 8.721
91 7 1 37.060 9.576 36.408 8.657
92 7 1 37.115 9.447 36.481 8.675
93 7 1 37.078 9.337 36.445 8.638
94 7 1 37.115 9.272 36.481 8.519
95 7 1 37.171 9.125 36.500 8.454
96 7 1 37.143 9.024 36.491 8.390
97 7 1 37.152 9.006 36.537 8.353
98 7 1 37.134 9.006 36.518 8.399
99 7 1 37.143 9.033 36.509 8.362
100 7 1 37.207 9.052 36.436 8.096
101 7 1 37.134 8.914 36.500 8.243
102 7 1 37.134 8.868 36.500 8.197
103 7 1 37.198 9.052 36.335 7.976
104 7 1 37.171 8.969 36.473 7.819
105 7 1 37.198 8.960 36.601 7.856
106 7 1 37.217 8.932 36.519 7.875
107 7 1 37.180 8.739 36.555 8.068
108 7 1 37.171 8.693 36.546 8.022
109 7 1 37.116 8.748 36.509 7.773
110 7 1 37.125 8.601 36.509 7.930
111 7 1 37.116 8.564 36.500 7.893
112 7 1 37.107 8.527 36.491 7.856
113 7 1 37.015 8.417 36.482 7.691
114 7 1 37.052 8.389 36.445 7.718
115 7 1 37.052 8.362 36.445 7.691
116 7 1 37.042 8.325 36.436 7.654
117 7 1 37.033 8.288 36.427 7.617
118 7 1 37.033 8.261 36.427 7.589
120 7 1 37.024 8.252 36.418 7.580
121 7 1 37.015 8.224 36.408 7.553
122 7 1 37.024 8.187 36.418 7.516
123 7 1 37.006 8.141 36.399 7.470
124 7 1 36.997 8.095 36.390 7.424
125 7 1 36.997 8.058 36.390 7.387
126 7 1 36.988 8.012 36.381 7.341
127 7 1 36.978 7.966 36.372 7.295
128 7 1 36.978 7.930 36.372 7.258
129 7 1 36.969 7.893 36.363 7.221
131 7 1 36.960 7.884 36.353 7.212
132 7 1 36.951 7.838 36.344 7.166
133 7 1 36.942 7.819 36.335 7.148
135 7 1 36.932 7.810 36.326 7.138
136 7 1 36.923 7.792 36.317 7.120
137 7 1 36.923 7.782 36.317 7.111
138 7 1 36.923 7.764 36.317 7.092
139 7 1 36.914 7.736 36.308 7.065
140 7 1 36.731 7.313 36.142 6.522
142 7 1 36.850 7.534 36.004 6.411
143 7 1 36.721 7.304 36.124 6.632
144 7 1 36.721 7.479 35.986 6.328
145 7 1 36.786 7.414 36.014 6.448
146 7 1 36.694 7.258 36.096 6.586
147 7 1 36.712 7.433 35.968 6.328
148 7 1 36.712 7.267 35.986 6.466
149 7 1 36.740 7.276 35.949 6.430
150 7 1 36.639 7.184 36.041 6.513
151 7 1 36.611 7.157 36.014 6.485
152 7 1 36.584 7.138 35.986 6.466
154 7 1 36.574 7.129 35.977 6.457
155 7 1 36.400 6.862 35.784 6.245
156 7 1 36.391 6.890 35.793 6.227
157 7 1 36.372 6.862 35.774 6.199
158 7 1 36.354 6.835 35.756 6.172
159 7 1 36.335 6.789 35.738 6.126
160 7 1 36.317 6.761 35.719 6.098
161 7 1 36.299 6.715 35.701 6.052
162 7 1 36.280 6.678 35.682 6.015
163 7 1 36.253 6.632 35.655 5.969
164 7 1 36.225 6.586 35.627 5.923
165 7 1 36.198 6.549 35.600 5.886
166 7 1 36.335 6.899 35.508 5.803
167 7 1 36.216 6.669 35.618 6.006
168 7 1 36.188 6.623 35.590 5.960
169 7 1 36.151 6.641 35.572 5.831
170 7 1 36.161 6.568 35.572 5.905
171 7 1 36.133 6.494 35.545 5.684
172 7 1 36.133 6.420 35.544 5.757
173 7 1 36.124 6.384 35.535 5.721
174 7 1 36.115 6.356 35.526 5.693
175 7 1 36.096 6.310 35.508 5.647
176 7 1 36.078 6.273 35.489 5.610
177 7 1 36.069 6.236 35.480 5.573
178 7 1 35.995 5.923 35.397 5.315
179 7 1 35.986 5.951 35.397 5.297
180 7 1 35.968 5.905 35.379 5.251
181 7 1 35.949 5.868 35.361 5.214
182 7 1 35.922 5.822 35.333 5.168
183 7 1 35.904 5.776 35.315 5.122
184 7 1 35.885 5.730 35.296 5.076
185 7 1 35.858 5.693 35.269 5.039
186 7 1 35.830 5.656 35.241 5.002
187 7 1 35.812 5.628 35.223 4.974
188 7 1 35.775 5.592 35.186 4.937
189 7 1 35.747 5.555 35.158 4.900
190 7 1 35.729 5.518 35.140 4.864
192 7 1 35.720 5.509 35.131 4.854
193 7 1 35.701 5.481 35.112 4.827
194 7 1 35.683 5.444 35.094 4.790
195 7 1 35.664 5.407 35.075 4.753
196 7 1 35.646 5.371 35.057 4.716
197 7 1 35.628 5.334 35.039 4.679
198 7 1 35.701 5.665 34.900 4.421
199 7 1 35.701 5.647 34.891 4.440
200 7 1 35.600 5.619 34.901 4.384
201 7 1 35.563 5.610 34.836 4.384
202 7 1 35.563 5.251 34.974 4.596
203 7 1 35.545 5.205 34.956 4.550
204 7 1 35.526 5.177 34.937 4.523
205 7 1 35.508 5.140 34.919 4.486
207 7 1 35.499 5.131 34.910 4.476
208 7 1 35.453 4.827 34.891 4.163
209 7 1 35.462 4.827 34.882 4.172
210 7 1 35.444 4.790 34.864 4.135
211 7 1 35.435 4.753 34.855 4.099
212 7 1 35.416 4.716 34.836 4.062
213 7 1 35.407 4.680 34.827 4.025
214 7 1 35.389 4.643 34.809 3.988
215 7 1 35.370 4.606 34.790 3.951
216 7 1 35.352 4.569 34.772 3.914
217 7 1 35.333 4.523 34.753 3.868
218 7 1 35.315 4.477 34.735 3.822
219 7 1 35.287 4.440 34.707 3.785
220 7 1 35.269 4.403 34.689 3.748
221 7 1 35.251 4.366 34.670 3.711
222 7 1 35.232 4.338 34.652 3.684
223 7 1 35.205 4.311 34.624 3.656
224 7 1 35.177 4.274 34.597 3.619
226 7 1 35.168 4.265 34.588 3.610
227 7 1 35.159 4.237 34.578 3.582
228 7 1 35.149 4.200 34.569 3.545
229 7 1 35.140 4.173 34.560 3.518
230 7 1 35.011 3.960 34.394 3.278
231 7 1 34.993 3.951 34.413 3.296
232 7 1 34.984 3.914 34.403 3.259
233 7 1 34.974 3.877 34.394 3.222
234 7 1 34.965 3.831 34.385 3.176
235 7 1 34.956 3.785 34.376 3.130
236 7 1 34.938 3.739 34.357 3.084
237 7 1 34.929 3.684 34.348 3.029
238 7 1 34.919 3.638 34.339 2.983
239 7 1 34.919 3.601 34.339 2.946
240 7 1 34.910 3.564 34.330 2.909
241 7 1 34.901 3.527 34.321 2.872
242 7 1 34.892 3.490 34.311 2.835
243 7 1 34.873 3.453 34.293 2.798
245 7 1 34.864 3.444 34.284 2.789
246 7 1 34.855 3.416 34.275 2.761
247 7 1 34.846 3.380 34.265 2.724
248 7 1 34.827 3.352 34.247 2.697
249 7 1 34.818 3.315 34.238 2.660
250 7 1 34.800 3.287 34.219 2.632
251 7 1 34.791 3.260 34.210 2.604
252 7 1 34.781 3.223 34.201 2.567
253 7 1 34.763 3.195 34.182 2.540
254 7 1 34.754 3.167 34.173 2.512
255 7 1 34.744 3.140 34.164 2.484
257 7 1 34.735 3.131 34.155 2.475
258 7 1 34.726 3.103 34.146 2.447
259 7 1 34.698 3.066 34.127 2.420
261 7 1 34.689 3.057 34.118 2.410
262 7 1 34.680 3.038 34.109 2.392
263 7 1 34.689 3.038 34.118 2.392
264 7 1 34.671 3.038 34.100 2.392
265 7 1 34.662 3.038 34.090 2.392
266 7 1 34.662 3.029 34.090 2.383
267 7 1 34.652 3.020 34.081 2.373
269 7 1 34.643 3.011 34.072 2.364
270 7 1 34.643 3.001 34.072 2.355
271 7 1 34.643 2.992 34.072 2.346
272 7 1 34.625 2.974 34.053 2.327
274 7 1 34.616 2.964 34.044 2.318
275 7 1 34.625 2.946 34.053 2.300
276 7 1 34.634 2.918 34.063 2.272
277 7 1 34.625 2.882 34.053 2.235
278 7 1 34.634 2.854 34.063 2.207
279 7 1 34.625 2.835 34.053 2.189
280 7 1 34.634 2.808 34.063 2.161
282 7 1 34.625 2.799 34.054 2.152
283 7 1 34.514 2.457 33.860 1.801
284 7 1 34.478 2.457 33.906 1.811
285 7 1 34.487 2.439 33.915 1.792
286 7 1 34.487 2.430 33.915 1.783
287 7 1 34.496 2.420 33.925 1.774
288 7 1 34.514 2.393 33.943 1.746
289 7 1 34.524 2.383 33.952 1.737
290 7 1 34.524 2.356 33.952 1.709
291 7 1 34.542 2.337 33.971 1.691
292 7 1 34.551 2.319 33.980 1.672
293 7 1 34.579 2.291 34.008 1.645
295 7 1 34.570 2.282 33.998 1.635
296 7 1 34.579 2.254 34.008 1.608
297 7 1 34.588 2.227 34.017 1.580
298 7 1 34.607 2.208 34.035 1.562
299 7 1 34.616 2.181 34.045 1.534
300 7 1 34.625 2.153 34.054 1.506
301 7 1 34.644 2.135 34.072 1.488
302 7 1 34.653 2.116 34.081 1.470
303 7 1 34.653 2.098 34.081 1.451
304 7 1 34.653 2.079 34.081 1.433
305 7 1 34.662 2.061 34.091 1.414
306 7 1 34.671 2.043 34.100 1.396
307 7 1 34.662 2.033 34.091 1.387
308 7 1 34.671 2.015 34.100 1.368
309 7 1 34.662 2.006 34.091 1.359
310 7 1 34.671 2.006 34.100 1.359
311 7 1 34.662 1.996 34.091 1.350
312 7 1 34.662 1.978 34.091 1.331
313 7 1 34.662 1.969 34.091 1.322
314 7 1 34.662 1.969 34.091 1.322
315 7 1 34.662 1.960 34.091 1.313
0 8 1 36.179 6.715 35.452 5.997
1 8 1 36.197 6.733 35.443 5.988
2 8 1 36.069 6.761 35.379 5.951
3 8 1 36.078 6.752 35.388 5.951
4 8 1 36.078 6.770 35.388 5.969
5 8 1 36.078 6.798 35.388 5.997
6 8 1 36.059 6.807 35.369 6.006
7 8 1 36.078 6.826 35.388 6.024
8 8 1 36.059 6.853 35.369 6.052
9 8 1 36.078 6.862 35.388 6.061
10 8 1 36.059 6.881 35.369 6.080
11 8 1 36.078 6.936 35.388 6.135
12 8 1 36.059 6.918 35.369 6.117
13 8 1 36.078 6.954 35.388 6.153
14 8 1 36.096 7.212 35.397 6.273
15 8 1 36.087 7.139 35.397 6.292
16 8 1 36.013 7.267 35.378 6.393
17 8 1 36.004 7.249 35.397 6.319
18 8 1 36.004 7.258 35.406 6.384
19 8 1 35.995 7.286 35.397 6.448
20 8 1 36.004 7.231 35.406 6.338
21 8 1 36.004 7.277 35.388 6.347
22 8 1 36.004 7.231 35.388 6.384
23 8 1 36.004 7.258 35.388 6.411
24 8 1 36.004 7.267 35.388 6.420
25 8 1 36.004 7.295 35.388 6.448
26 8 1 36.004 7.313 35.388 6.467
27 8 1 36.004 7.341 35.388 6.494
28 8 1 36.004 7.369 35.388 6.522
29 8 1 36.004 7.387 35.388 6.540
30 8 1 35.995 7.415 35.378 6.568
31 8 1 35.994 7.452 35.378 6.605
32 8 1 35.985 7.479 35.369 6.632
33 8 1 35.985 7.498 35.369 6.651
34 8 1 35.976 7.525 35.360 6.678
35 8 1 35.976 7.562 35.360 6.715
36 8 1 35.967 7.599 35.351 6.752
37 8 1 35.967 7.626 35.351 6.780
38 8 1 35.958 7.654 35.341 6.807
39 8 1 35.948 7.700 35.332 6.853
40 8 1 35.948 7.728 35.332 6.881
41 8 1 35.939 7.774 35.323 6.927
42 8 1 35.930 7.801 35.314 6.955
43 8 1 35.921 7.847 35.304 7.001
44 8 1 35.911 7.875 35.295 7.028
45 8 1 35.911 7.921 35.295 7.074
46 8 1 35.902 7.949 35.286 7.102
47 8 1 35.902 7.995 35.286 7.148
49 8 1 35.893 7.986 35.277 7.139
50 8 1 35.893 8.013 35.277 7.166
51 8 1 35.884 8.068 35.267 7.222
52 8 1 35.884 8.096 35.267 7.249
53 8 1 35.874 8.142 35.258 7.295
54 8 1 35.865 8.179 35.249 7.332
55 8 1 35.865 8.225 35.249 7.378
56 8 1 35.856 8.280 35.240 7.433
57 8 1 35.856 8.326 35.240 7.480
58 8 1 35.847 8.372 35.230 7.526
59 8 1 35.837 8.427 35.221 7.581
60 8 1 35.837 8.483 35.221 7.636
61 8 1 35.847 8.529 35.230 7.682
62 8 1 35.856 8.565 35.240 7.719
64 8 1 35.847 8.556 35.230 7.710
65 8 1 35.883 8.961 35.313 8.096
66 8 1 35.892 8.934 35.285 8.087
67 8 1 35.892 8.970 35.285 8.124
68 8 1 35.883 9.007 35.276 8.161
69 8 1 35.865 9.072 35.258 8.225
70 8 1 35.855 9.118 35.248 8.271
71 8 1 35.855 9.154 35.248 8.308
72 8 1 35.846 9.210 35.239 8.363
73 8 1 35.828 9.265 35.221 8.419
74 8 1 35.818 9.311 35.211 8.465
75 8 1 35.929 9.532 35.138 8.511
76 8 1 35.864 9.559 35.101 8.575
77 8 1 35.929 9.532 35.092 8.649
78 8 1 35.956 9.522 35.147 8.649
79 8 1 35.874 9.624 34.963 8.796
80 8 1 35.993 9.624 34.972 8.971
81 8 1 35.800 9.707 35.156 8.870
82 8 1 35.791 9.743 35.147 8.907
83 8 1 35.781 9.799 35.138 8.962
84 8 1 35.791 9.835 35.147 8.999
85 8 1 35.781 9.891 35.138 9.054
86 8 1 35.791 9.946 35.147 9.109
87 8 1 35.781 9.983 35.137 9.146
88 8 1 35.763 10.213 34.944 9.091
89 8 1 35.680 10.066 35.036 9.220
90 8 1 35.671 10.112 35.027 9.266
91 8 1 35.680 10.139 35.036 9.293
92 8 1 35.671 10.185 35.027 9.340
93 8 1 35.662 10.213 35.018 9.367
94 8 1 35.652 10.259 35.008 9.413
95 8 1 35.643 10.287 34.999 9.441
96 8 1 35.615 10.333 34.972 9.487
97 8 1 35.606 10.360 34.962 9.515
98 8 1 35.597 10.406 34.953 9.561
99 8 1 35.588 10.434 34.944 9.588
100 8 1 35.560 10.462 34.916 9.616
101 8 1 35.551 10.489 34.907 9.643
102 8 1 35.634 10.314 34.962 9.883
103 8 1 35.615 10.507 34.971 9.680
104 8 1 35.606 10.535 34.962 9.708
105 8 1 35.597 10.581 34.953 9.754
106 8 1 35.606 10.461 34.934 9.883
107 8 1 35.588 10.581 34.944 9.772
108 8 1 35.726 10.664 34.935 9.763
109 8 1 35.652 10.691 34.934 9.901
110 8 1 35.615 10.691 34.971 9.892
111 8 1 35.606 10.728 34.962 9.929
112 8 1 35.624 11.004 34.962 9.809
113 8 1 35.606 10.802 34.962 9.993
114 8 1 35.606 10.839 34.962 10.030
115 8 1 35.606 10.875 34.962 10.067
116 8 1 35.606 10.921 34.962 10.113
117 8 1 35.652 11.032 34.898 10.104
118 8 1 35.689 11.041 34.916 10.067
119 8 1 35.624 11.023 34.934 10.113
120 8 1 35.624 11.059 34.888 10.058
121 8 1 35.615 11.069 34.870 10.104
122 8 1 35.624 11.151 34.879 10.306
123 8 1 35.569 11.124 34.925 10.315
124 8 1 35.560 11.152 34.916 10.343
125 8 1 35.560 11.198 34.916 10.389
126 8 1 35.688 11.501 34.888 10.352
127 8 1 35.606 11.326 34.962 10.518
128 8 1 35.596 11.363 34.953 10.555
129 8 1 35.596 11.400 34.953 10.591
130 8 1 35.578 11.437 34.934 10.628
131 8 1 35.578 11.612 34.796 10.739
132 8 1 35.504 11.639 34.787 10.491
133 8 1 35.468 11.474 34.824 10.665
134 8 1 35.449 11.511 34.805 10.702
135 8 1 35.440 11.547 34.796 10.739
136 8 1 35.412 11.584 34.768 10.776
137 8 1 35.403 11.621 34.759 10.813
138 8 1 35.477 11.621 34.787 10.997
139 8 1 35.412 11.777 34.777 10.988
140 8 1 35.366 11.888 34.759 11.135
141 8 1 35.338 11.980 34.713 11.117
142 8 1 35.366 11.962 34.685 11.089
143 8 1 35.348 11.925 34.713 11.135
144 8 1 35.320 11.989 34.685 11.015
145 8 1 35.329 12.044 34.704 11.126
146 8 1 35.384 12.136 34.667 11.153
147 8 1 35.394 12.090 34.676 11.227
148 8 1 35.357 12.100 34.667 11.218
149 8 1 35.347 12.155 34.676 11.190
150 8 1 35.366 12.146 34.676 11.236
151 8 1 35.347 12.228 34.676 11.098
152 8 1 35.320 12.054 34.694 11.273
153 8 1 35.311 12.201 34.630 11.209
154 8 1 35.375 12.192 34.639 11.218
155 8 1 35.375 12.265 34.685 11.356
156 8 1 35.338 12.192 34.713 11.411
157 8 1 35.329 12.228 34.703 11.448
158 8 1 35.329 12.256 34.703 11.475
159 8 1 35.320 12.293 34.694 11.512
160 8 1 35.311 12.339 34.685 11.558
161 8 1 35.264 12.624 34.584 11.733
162 8 1 35.237 12.551 34.611 11.770
163 8 1 35.228 12.587 34.602 11.807
164 8 1 35.209 12.624 34.584 11.844
165 8 1 35.200 12.661 34.574 11.881
166 8 1 35.200 12.707 34.574 11.927
167 8 1 35.200 12.744 34.574 11.963
168 8 1 35.191 12.790 34.565 12.010
169 8 1 35.172 12.836 34.547 12.056
170 8 1 35.163 12.873 34.537 12.092
171 8 1 35.154 12.919 34.528 12.138
172 8 1 35.145 12.956 34.519 12.175
173 8 1 35.135 13.002 34.510 12.221
174 8 1 35.126 13.038 34.500 12.258
175 8 1 35.126 13.075 34.500 12.295
176 8 1 35.126 13.112 34.500 12.332
177 8 1 35.126 13.149 34.500 12.369
178 8 1 35.126 13.186 34.500 12.405
179 8 1 35.126 13.222 34.500 12.442
180 8 1 35.126 13.259 34.500 12.479
181 8 1 35.126 13.296 34.500 12.516
182 8 1 35.126 13.342 34.500 12.562
183 8 1 35.126 13.379 34.500 12.599
185 8 1 35.117 13.370 34.491 12.589
186 8 1 35.108 13.406 34.482 12.626
187 8 1 35.117 13.452 34.491 12.672
188 8 1 35.107 13.498 34.482 12.718
189 8 1 35.117 13.544 34.491 12.764
190 8 1 35.107 13.866 34.500 13.114
191 8 1 35.107 13.866 34.491 13.095
192 8 1 35.098 13.912 34.482 13.141
193 8 1 35.089 13.958 34.472 13.188
194 8 1 35.080 13.986 34.463 13.215
195 8 1 35.070 14.041 34.454 13.270
196 8 1 35.061 14.078 34.445 13.307
197 8 1 35.052 14.115 34.435 13.344
198 8 1 35.043 14.152 34.426 13.381
199 8 1 35.033 14.188 34.417 13.418
200 8 1 35.024 14.234 34.408 13.464
201 8 1 35.015 14.262 34.399 13.491
202 8 1 35.006 14.317 34.389 13.547
203 8 1 35.006 14.354 34.389 13.583
204 8 1 34.997 14.400 34.380 13.629
205 8 1 34.987 14.437 34.371 13.666
206 8 1 34.978 14.474 34.362 13.703
207 8 1 34.969 14.529 34.352 13.758
208 8 1 34.960 14.575 34.343 13.804
209 8 1 34.950 14.630 34.334 13.860
210 8 1 34.950 14.667 34.334 13.896
211 8 1 34.941 14.713 34.325 13.942
212 8 1 34.941 14.740 34.325 13.970
213 8 1 34.941 14.796 34.325 14.025
214 8 1 34.950 14.842 34.334 14.071
215 8 1 34.950 14.869 34.334 14.099
216 8 1 34.950 14.915 34.334 14.145
217 8 1 34.950 14.952 34.334 14.182
218 8 1 34.959 14.989 34.343 14.218
219 8 1 34.959 15.035 34.343 14.264
220 8 1 34.969 15.081 34.352 14.310
221 8 1 34.969 15.117 34.352 14.347
222 8 1 34.978 15.154 34.361 14.384
223 8 1 34.987 15.191 34.371 14.421
224 8 1 34.996 15.228 34.380 14.457
225 8 1 35.014 15.273 34.398 14.503
226 8 1 35.024 15.319 34.407 14.549
227 8 1 35.033 15.356 34.416 14.586
228 8 1 35.042 15.393 34.426 14.623
229 8 1 35.042 15.430 34.426 14.660
230 8 1 35.051 15.466 34.435 14.696
231 8 1 35.051 15.503 34.435 14.733
232 8 1 35.051 15.531 34.435 14.761
233 8 1 35.051 15.577 34.435 14.807
234 8 1 35.051 15.604 34.435 14.834
235 8 1 35.051 15.641 34.435 14.871
236 8 1 35.051 15.678 34.435 14.908
237 8 1 35.051 15.715 34.435 14.945
238 8 1 35.051 15.751 34.435 14.981
239 8 1 35.051 15.788 34.435 15.018
240 8 1 35.051 15.825 34.435 15.055
241 8 1 35.051 15.862 34.435 15.092
242 8 1 35.051 15.908 34.435 15.138
243 8 1 35.042 15.935 34.425 15.165
244 8 1 35.042 15.990 34.425 15.221
245 8 1 35.032 16.027 34.416 15.257
246 8 1 35.032 16.073 34.416 15.303
247 8 1 35.023 16.101 34.407 15.331
248 8 1 35.023 16.147 34.407 15.377
249 8 1 35.014 16.174 34.398 15.405
250 8 1 35.014 16.211 34.398 15.441
251 8 1 35.014 16.239 34.398 15.469
252 8 1 35.014 16.266 34.398 15.497
253 8 1 35.014 16.294 34.398 15.524
254 8 1 35.014 16.322 34.398 15.552
255 8 1 35.014 16.349 34.398 15.579
256 8 1 35.023 16.367 34.407 15.598
257 8 1 35.023 16.395 34.407 15.625
259 8 1 35.014 16.386 34.398 15.616
260 8 1 35.023 16.413 34.407 15.644
261 8 1 35.023 16.450 34.407 15.680
262 8 1 35.032 16.487 34.416 15.717
263 8 1 35.041 16.533 34.425 15.763
264 8 1 35.060 16.570 34.444 15.800
266 8 1 35.051 16.560 34.434 15.791
267 8 1 35.069 16.597 34.453 15.827
268 8 1 35.078 16.634 34.462 15.864
269 8 1 35.087 16.670 34.471 15.901
270 8 1 35.106 16.698 34.490 15.928
271 8 1 35.115 16.716 34.499 15.947
272 8 1 35.133 16.744 34.517 15.974
274 8 1 35.124 16.735 34.508 15.965
275 8 1 35.418 17.027 34.793 16.231
276 8 1 35.575 16.972 34.775 16.175
277 8 1 35.575 17.036 34.793 16.139
278 8 1 35.556 17.064 34.793 16.166
279 8 1 35.584 17.054 34.802 16.203
280 8 1 35.575 17.045 34.821 16.212
281 8 1 35.565 17.082 34.830 16.221
282 8 1 35.501 17.027 34.885 16.258
283 8 1 35.630 17.118 34.848 16.239
284 8 1 35.648 17.155 34.876 16.230
285 8 1 35.584 17.220 34.867 16.276
286 8 1 35.630 17.183 34.894 16.230
287 8 1 35.565 17.091 34.950 16.322
288 8 1 35.584 17.137 34.968 16.368
289 8 1 35.657 17.284 34.931 16.322
290 8 1 35.685 17.357 34.949 16.487
291 8 1 35.685 17.357 34.959 16.570
292 8 1 35.685 17.449 34.922 16.543
293 8 1 35.611 17.376 34.995 16.607
294 8 1 35.620 17.403 35.005 16.634
295 8 1 35.630 17.449 35.014 16.680
296 8 1 35.639 17.467 35.023 16.698
297 8 1 35.657 17.495 35.041 16.726
298 8 1 35.740 17.568 34.949 16.625
299 8 1 35.648 17.477 35.032 16.707
300 8 1 35.657 17.504 35.041 16.735
301 8 1 35.666 17.532 35.050 16.763
302 8 1 35.666 17.568 35.050 16.799
303 8 1 35.675 17.605 35.060 16.836
304 8 1 35.749 17.963 35.115 17.194
305 8 1 35.730 17.954 35.115 17.185
306 8 1 35.740 17.981 35.124 17.213
307 8 1 35.740 18.000 35.124 17.231
308 8 1 35.749 18.027 35.133 17.258
309 8 1 35.758 18.055 35.142 17.286
310 8 1 35.767 18.073 35.151 17.304
311 8 1 35.767 18.101 35.151 17.332
312 8 1 35.776 18.128 35.161 17.359
313 8 1 35.776 18.147 35.161 17.378
314 8 1 35.785 18.165 35.170 17.396
315 8 1 35.795 18.192 35.179 17.424
0 10 2 50.438 10.499 48.566 9.780
1 10 2 50.329 10.490 48.448 9.789
2 10 2 50.211 10.436 48.366 9.798
3 10 2 50.093 10.463 48.247 9.808
4 10 2 50.084 10.491 48.056 9.872
5 10 2 49.829 10.500 47.920 9.827
6 10 2 49.765 10.491 47.774 9.845
7 10 2 49.493 10.474 47.819 9.763
8 10 2 49.429 10.446 47.637 9.763
9 10 2 49.293 10.447 47.537 9.763
10 10 2 49.192 10.511 47.318 9.800
11 10 2 49.129 10.474 47.282 9.745
12 10 2 48.992 10.465 47.209 9.754
13 10 2 48.810 10.438 47.009 9.782
14 10 2 48.638 10.420 46.790 9.792
15 10 2 48.510 10.439 46.772 9.782
16 10 2 48.392 10.448 46.681 9.764
17 10 2 48.283 10.467 46.626 9.764
18 10 2 48.201 10.467 46.489 9.765
19 10 2 48.119 10.476 46.343 9.783
20 10 2 47.955 10.540 46.133 9.774
21 10 2 47.864 10.559 45.978 9.820
22 10 2 47.618 10.514 46.060 9.784
23 10 2 47.481 10.505 45.832 9.775
24 10 2 47.363 10.514 45.677 9.812
25 10 2 47.162 10.551 45.568 9.821
26 10 2 47.198 10.643 45.266 9.885
27 10 2 46.962 10.597 45.285 9.876
28 10 2 46.934 10.625 45.029 9.932
29 10 2 46.779 10.634 44.929 9.877
30 10 2 46.633 10.653 44.792 9.923
31 10 2 46.542 10.708 44.737 9.932
32 10 2 46.378 10.726 44.618 9.960
33 10 2 46.196 10.736 44.499 10.042
34 10 2 46.077 10.745 44.298 10.089
35 10 2 45.913 10.801 44.234 10.098
36 10 2 45.730 10.819 44.106 10.126
37 10 2 45.757 10.929 43.960 10.089
38 10 2 45.557 10.865 43.951 10.117
39 10 2 45.539 10.884 43.832 10.117
40 10 2 45.420 10.966 43.604 10.163
41 10 2 45.310 10.994 43.521 10.172
42 10 2 45.146 11.022 43.375 10.209
43 10 2 45.045 11.095 43.256 10.228
44 10 2 44.854 11.032 43.284 10.274
45 10 2 44.918 10.967 43.229 10.329
46 10 2 44.534 11.106 42.991 10.375
47 10 2 44.297 11.170 42.808 10.385
48 10 2 44.306 11.198 42.726 10.458
49 10 2 44.150 11.271 42.707 10.458
50 10 2 44.260 11.180 42.607 10.541
51 10 2 44.132 11.207 42.478 10.569
52 10 2 43.986 11.235 42.332 10.596
53 10 2 43.639 11.383 41.948 10.597
54 10 2 43.529 11.419 41.765 10.561
55 10 2 43.282 11.438 41.710 10.643
56 10 2 43.273 11.493 41.453 10.671
57 10 2 43.072 11.457 41.417 10.690
58 10 2 42.916 11.485 41.343 10.718
59 10 2 42.879 11.613 41.133 10.663
60 10 2 42.697 11.476 41.014 10.764
61 10 2 42.505 11.523 40.867 10.783
62 10 2 42.477 11.578 40.638 10.774
63 10 2 42.294 11.560 40.610 10.792
64 10 2 42.139 11.542 40.418 10.829
65 10 2 42.120 11.560 40.299 10.848
66 10 2 42.029 11.514 40.390 10.875
67 10 2 41.809 11.625 39.996 10.803
68 10 2 41.626 11.552 39.941 10.840
69 10 2 41.571 11.552 39.776 10.904
70 10 2 41.470 11.571 39.602 10.904
71 10 2 41.361 11.553 39.721 10.913
72 10 2 41.251 11.562 39.611 10.923
73 10 2 41.067 11.608 39.299 10.914
74 10 2 40.875 11.636 39.318 10.896
75 10 2 40.811 11.627 39.208 10.905
76 10 2 40.747 11.637 39.070 10.906
77 10 2 40.729 11.609 38.960 10.915
78 10 2 40.628 11.582 38.841 10.915
79 10 2 40.591 11.573 38.795 10.888
80 10 2 40.527 11.564 38.703 10.897
81 10 2 40.380 11.573 38.639 10.860
82 10 2 40.280 11.564 38.565 10.870
83 10 2 40.261 11.573 38.565 10.851
84 10 2 40.234 11.583 38.483 10.897
85 10 2 40.133 11.555 38.336 10.861
86 10 2 40.051 11.528 38.428 10.888
87 10 2 40.014 11.519 38.391 10.879
88 10 2 39.996 11.510 38.372 10.870
89 10 2 39.996 11.501 38.372 10.861
90 10 2 39.977 11.510 38.354 10.870
91 10 2 39.959 11.501 38.336 10.861
92 10 2 40.298 11.527 37.950 10.715
93 10 2 40.014 11.556 38.299 10.732
94 10 2 39.959 11.464 38.336 10.824
95 10 2 39.959 11.455 38.336 10.815
96 10 2 40.078 11.473 38.272 10.732
97 10 2 39.986 11.418 38.363 10.778
98 10 2 40.124 11.464 38.308 10.723
99 10 2 40.133 11.445 38.345 10.696
100 10 2 40.142 11.418 38.354 10.686
101 10 2 40.087 11.418 38.373 10.668
102 10 2 40.133 11.408 38.363 10.677
103 10 2 40.106 11.418 38.327 10.686
104 10 2 40.087 11.418 38.308 10.686
105 10 2 40.078 11.418 38.290 10.696
106 10 2 40.096 11.427 38.308 10.696
107 10 2 40.161 11.418 38.354 10.696
108 10 2 40.179 11.418 38.345 10.696
109 10 2 40.197 11.418 38.391 10.686
110 10 2 40.188 11.408 38.382 10.686
111 10 2 40.170 11.408 38.363 10.686
112 10 2 40.142 11.408 38.373 10.686
113 10 2 40.106 11.427 38.354 10.696
114 10 2 40.106 11.436 38.354 10.696
115 10 2 40.096 11.445 38.336 10.705
116 10 2 40.078 11.455 38.373 10.714
117 10 2 40.069 11.445 38.354 10.705
118 10 2 40.069 11.436 38.345 10.696
119 10 2 40.087 11.436 38.363 10.686
120 10 2 40.069 11.436 38.308 10.696
121 10 2 40.069 11.445 38.318 10.714
122 10 2 40.069 11.436 38.272 10.714
123 10 2 40.069 11.445 38.308 10.714
124 10 2 40.142 11.427 38.262 10.705
125 10 2 40.096 11.454 38.290 10.732
126 10 2 40.096 11.454 38.262 10.742
127 10 2 39.987 11.409 38.363 10.769
128 10 2 39.986 11.418 38.363 10.778
129 10 2 40.078 11.491 38.290 10.696
130 10 2 40.087 11.454 38.281 10.732
131 10 2 40.096 11.473 38.336 10.742
132 10 2 40.106 11.482 38.363 10.742
133 10 2 40.106 11.464 38.363 10.723
134 10 2 40.106 11.482 38.345 10.760
135 10 2 40.133 11.500 38.299 10.797
136 10 2 40.023 11.464 38.400 10.824
137 10 2 40.005 11.473 38.382 10.833
138 10 2 40.005 11.464 38.382 10.824
139 10 2 40.014 11.501 38.235 10.779
140 10 2 40.032 11.501 38.171 10.806
141 10 2 39.913 11.464 38.290 10.824
142 10 2 39.931 11.547 38.198 10.696
143 10 2 39.977 11.574 38.042 10.733
144 10 2 39.821 11.501 38.042 10.770
145 10 2 39.748 11.455 38.125 10.815
146 10 2 39.803 11.565 37.969 10.724
147 10 2 39.776 11.547 37.978 10.687
148 10 2 39.766 11.519 37.904 10.696
149 10 2 39.647 11.511 37.886 10.761
150 10 2 39.647 11.529 37.923 10.761
151 10 2 39.592 11.557 37.941 10.742
152 10 2 39.555 11.529 37.904 10.770
153 10 2 39.519 11.566 37.858 10.761
154 10 2 39.482 11.575 37.684 10.789
155 10 2 39.409 11.548 37.720 10.835
156 10 2 39.354 11.548 37.684 10.862
157 10 2 39.409 11.658 37.574 10.807
158 10 2 39.289 11.576 37.500 10.853
159 10 2 39.225 11.585 37.454 10.872
160 10 2 39.152 11.603 37.408 10.890
161 10 2 39.106 11.576 37.362 10.881
162 10 2 39.042 11.576 37.362 10.872
163 10 2 39.014 11.622 37.362 10.854
164 10 2 39.051 11.640 37.270 10.845
165 10 2 38.968 11.613 37.234 10.891
166 10 2 39.051 11.677 37.197 10.836
167 10 2 38.922 11.650 37.215 10.882
168 10 2 38.812 11.632 37.243 10.882
169 10 2 38.794 11.650 37.224 10.891
170 10 2 38.831 11.659 37.270 10.881
171 10 2 38.812 11.641 37.105 10.900
172 10 2 38.730 11.650 36.893 10.901
173 10 2 38.610 11.586 37.013 10.946
174 10 2 38.546 11.596 36.949 10.956
175 10 2 38.482 11.605 36.884 10.965
176 10 2 38.436 11.596 36.838 10.956
177 10 2 38.399 11.605 36.581 10.920
178 10 2 38.289 11.578 36.691 10.938
179 10 2 38.363 11.624 36.563 10.864
180 10 2 38.252 11.560 36.654 10.919
181 10 2 38.133 11.606 36.498 10.901
182 10 2 37.995 11.588 36.369 10.911
183 10 2 37.977 11.597 36.305 10.893
184 10 2 37.922 11.569 36.296 10.893
185 10 2 37.894 11.560 36.158 10.930
186 10 2 37.775 11.570 35.965 10.829
187 10 2 37.692 11.542 35.919 10.875
188 10 2 37.591 11.552 35.910 10.847
189 10 2 37.490 11.561 36.066 10.792
190 10 2 37.518 11.515 35.753 10.857
191 10 2 37.380 11.506 35.624 10.839
192 10 2 37.297 11.488 35.707 10.857
193 10 2 37.224 11.488 35.634 10.857
194 10 2 37.104 11.489 35.330 10.848
195 10 2 37.086 11.498 35.302 10.839
196 10 2 36.930 11.507 35.219 10.803
197 10 2 36.865 11.507 35.192 10.793
198 10 2 36.792 11.480 35.091 10.784
199 10 2 36.764 11.443 35.008 10.785
200 10 2 36.599 11.536 35.081 10.683
201 10 2 36.489 11.499 35.072 10.646
202 10 2 36.406 11.472 34.860 10.656
203 10 2 36.424 11.380 34.860 10.748
204 10 2 36.167 11.454 34.768 10.619
205 10 2 36.139 11.408 34.538 10.601
206 10 2 35.992 11.454 34.612 10.610
207 10 2 35.882 11.436 34.547 10.592
208 10 2 35.780 11.372 34.409 10.592
209 10 2 35.863 11.298 34.335 10.666
210 10 2 35.780 11.280 34.253 10.648
211 10 2 35.698 11.280 34.170 10.648
212 10 2 35.596 11.262 34.068 10.630
213 10 2 35.357 11.318 33.829 10.465
214 10 2 35.320 11.281 33.700 10.502
215 10 2 35.182 11.244 33.515 10.484
216 10 2 35.136 11.226 33.478 10.502
217 10 2 34.888 11.208 33.331 10.475
218 10 2 34.796 11.208 33.294 10.447
219 10 2 34.740 11.208 33.266 10.373
220 10 2 34.740 11.218 33.183 10.410
221 10 2 34.713 11.126 33.202 10.493
222 10 2 34.630 11.107 33.119 10.475
223 10 2 34.547 11.089 33.036 10.457
224 10 2 34.446 11.071 32.934 10.439
225 10 2 34.179 11.062 32.676 10.236
226 10 2 34.123 11.053 32.584 10.227
227 10 2 34.096 11.044 32.556 10.190
228 10 2 33.994 10.980 32.492 10.126
229 10 2 33.847 10.953 32.409 10.163
230 10 2 33.865 10.989 32.390 10.117
231 10 2 33.819 10.934 32.196 10.071
232 10 2 33.718 10.944 32.003 10.035
233 10 2 33.690 10.925 32.003 10.007
234 10 2 33.635 10.935 31.993 10.035
235 10 2 33.405 10.843 31.873 9.998
236 10 2 33.294 10.815 31.827 9.970
237 10 2 33.303 10.705 31.827 10.072
238 10 2 33.220 10.687 31.744 10.053
239 10 2 33.110 10.650 31.633 10.017
240 10 2 32.870 10.614 31.347 9.768
241 10 2 32.888 10.641 31.384 9.759
242 10 2 32.805 10.531 31.439 9.796
243 10 2 32.861 10.475 31.393 9.842
244 10 2 32.768 10.439 31.301 9.805
245 10 2 32.584 10.476 31.024 9.649
246 10 2 32.390 10.467 30.913 9.621
247 10 2 32.362 10.430 30.867 9.585
248 10 2 32.187 10.375 30.746 9.520
249 10 2 32.058 10.311 30.617 9.465
250 10 2 32.067 10.200 30.617 9.567
251 10 2 31.966 10.173 30.515 9.539
252 10 2 31.883 10.127 30.432 9.493
253 10 2 31.809 10.090 30.358 9.456
254 10 2 31.707 10.063 30.257 9.429
255 10 2 31.624 10.109 30.090 9.281
256 10 2 31.578 10.008 30.127 9.373
257 10 2 31.458 9.980 30.007 9.346
258 10 2 31.412 9.934 29.961 9.300
259 10 2 31.319 9.897 29.868 9.263
260 10 2 31.264 9.851 29.813 9.217
261 10 2 31.135 9.806 29.683 9.171
262 10 2 31.042 9.769 29.591 9.134
263 10 2 30.968 9.732 29.517 9.097
264 10 2 30.876 9.695 29.424 9.061
265 10 2 30.783 9.640 29.332 9.005
266 10 2 30.691 9.603 29.239 8.969
267 10 2 30.599 9.567 29.147 8.932
268 10 2 30.525 9.530 29.073 8.895
269 10 2 30.432 9.475 28.980 8.840
270 10 2 30.340 9.438 28.887 8.803
271 10 2 30.247 9.401 28.795 8.766
272 10 2 30.173 9.346 28.721 8.711
273 10 2 30.081 9.309 28.628 8.674
274 10 2 29.988 9.254 28.536 8.619
275 10 2 29.896 9.217 28.443 8.582
276 10 2 29.803 9.180 28.350 8.545
277 10 2 29.711 9.125 28.258 8.490
278 10 2 29.591 9.125 28.100 8.185
279 10 2 29.350 9.042 27.970 8.203
280 10 2 29.396 8.941 27.952 8.305
281 10 2 29.313 8.904 27.869 8.268
282 10 2 29.211 8.867 27.767 8.231
283 10 2 29.110 8.812 27.665 8.176
284 10 2 29.026 8.775 27.581 8.139
285 10 2 28.924 8.738 27.479 8.102
286 10 2 28.841 8.683 27.396 8.047
287 10 2 28.739 8.646 27.294 8.010
288 10 2 28.637 8.609 27.192 7.973
289 10 2 28.536 8.572 27.090 7.936
290 10 2 28.452 8.535 27.006 7.899
291 10 2 28.350 8.499 26.904 7.862
292 10 2 28.248 8.462 26.802 7.826
293 10 2 28.147 8.425 26.700 7.789
294 10 2 28.045 8.388 26.598 7.752
295 10 2 27.943 8.351 26.496 7.715
296 10 2 27.841 8.314 26.394 7.678
297 10 2 27.739 8.278 26.292 7.641
298 10 2 27.655 8.241 26.209 7.604
299 10 2 27.535 8.204 26.088 7.567
300 10 2 27.433 8.167 25.986 7.530
301 10 2 27.331 8.130 25.884 7.493
302 10 2 27.229 8.093 25.782 7.456
303 10 2 27.127 8.056 25.680 7.419
304 10 2 27.025 8.019 25.577 7.383
305 10 2 26.923 7.983 25.475 7.346
306 10 2 26.821 7.964 25.373 7.327
307 10 2 26.700 7.927 25.252 7.290
308 10 2 26.617 7.909 25.169 7.272
309 10 2 26.496 7.872 25.048 7.235
310 10 2 26.394 7.835 24.946 7.198
311 10 2 26.292 7.798 24.844 7.161
312 10 2 26.190 7.780 24.741 7.142
313 10 2 26.088 7.743 24.639 7.105
314 10 2 25.986 7.706 24.537 7.068
315 10 2 25.865 7.687 24.416 7.050
