0 0 1 39.009 13.041 39.710 13.871
1 0 1 38.985 13.017 39.710 13.883
2 0 1 38.985 13.017 39.710 13.883
3 0 1 38.985 13.017 39.710 13.883
4 0 1 38.973 13.017 39.698 13.883
5 0 1 38.985 13.017 39.710 13.883
6 0 1 38.961 13.016 39.686 13.883
7 0 1 38.961 13.028 39.686 13.895
8 0 1 38.949 13.016 39.674 13.883
9 0 1 38.949 13.028 39.674 13.895
10 0 1 38.949 13.028 39.674 13.895
11 0 1 38.937 13.028 39.662 13.895
12 0 1 38.913 13.028 39.638 13.895
13 0 1 38.901 13.028 39.626 13.895
14 0 1 38.901 13.040 39.626 13.907
15 0 1 38.900 13.052 39.626 13.919
16 0 1 38.889 13.040 39.614 13.907
17 0 1 38.864 13.064 39.590 13.931
18 0 1 38.852 13.064 39.578 13.931
19 0 1 38.852 13.064 39.578 13.931
20 0 1 38.852 13.064 39.578 13.931
21 0 1 38.840 13.064 39.566 13.931
22 0 1 38.816 13.064 39.542 13.931
23 0 1 38.816 13.064 39.542 13.931
24 0 1 38.804 13.064 39.530 13.931
25 0 1 38.804 13.064 39.530 13.931
26 0 1 38.804 13.064 39.530 13.931
27 0 1 38.792 13.064 39.518 13.930
28 0 1 38.768 13.064 39.494 13.930
29 0 1 38.768 13.064 39.494 13.930
30 0 1 38.756 13.063 39.482 13.930
31 0 1 38.756 13.063 39.482 13.930
32 0 1 38.744 13.051 39.470 13.918
33 0 1 38.720 13.039 39.446 13.906
34 0 1 38.708 13.051 39.434 13.918
35 0 1 38.708 13.039 39.434 13.906
36 0 1 38.553 12.991 39.506 13.882
37 0 1 38.613 13.003 39.446 13.882
38 0 1 38.601 13.003 39.434 13.882
39 0 1 38.577 12.991 39.410 13.870
40 0 1 38.553 12.991 39.386 13.870
41 0 1 38.529 12.990 39.362 13.870
42 0 1 38.505 12.978 39.338 13.858
43 0 1 38.469 12.978 39.302 13.858
44 0 1 38.457 12.966 39.290 13.845
45 0 1 38.421 12.954 39.254 13.833
46 0 1 38.397 12.954 39.230 13.833
47 0 1 38.373 12.942 39.206 13.821
48 0 1 38.337 12.942 39.170 13.821
49 0 1 38.289 12.953 39.122 13.833
50 0 1 38.265 12.953 39.098 13.833
52 0 1 38.277 12.965 39.110 13.845
53 0 1 37.795 13.095 38.883 13.712
54 0 1 37.867 13.107 38.919 13.736
55 0 1 37.771 13.059 38.859 13.748
56 0 1 37.772 13.047 38.847 13.724
57 0 1 37.820 12.963 38.919 13.760
58 0 1 37.833 12.927 38.847 13.748
59 0 1 37.760 12.987 38.858 13.772
60 0 1 37.856 12.999 38.786 13.771
61 0 1 37.820 12.999 38.750 13.771
62 0 1 37.796 12.999 38.726 13.771
63 0 1 37.760 12.999 38.690 13.771
64 0 1 37.712 12.999 38.642 13.771
65 0 1 37.676 12.999 38.606 13.771
66 0 1 37.652 12.998 38.582 13.770
67 0 1 37.616 12.998 38.546 13.770
68 0 1 37.568 12.998 38.498 13.770
69 0 1 37.544 12.998 38.474 13.770
70 0 1 37.508 12.998 38.438 13.770
71 0 1 37.484 12.986 38.414 13.758
72 0 1 37.448 12.997 38.378 13.770
73 0 1 37.303 13.093 38.293 13.925
75 0 1 37.338 13.117 38.269 13.889
76 0 1 37.171 13.008 38.245 13.817
77 0 1 37.099 13.032 38.221 13.853
78 0 1 37.051 13.008 38.161 13.829
79 0 1 37.147 13.044 38.077 13.816
80 0 1 37.111 13.044 38.041 13.816
81 0 1 37.063 13.044 37.993 13.816
82 0 1 37.014 13.043 37.945 13.816
83 0 1 36.978 13.043 37.909 13.816
84 0 1 37.002 13.055 37.993 13.840
85 0 1 36.930 13.067 37.921 13.852
86 0 1 36.930 13.031 37.884 13.875
87 0 1 36.954 13.067 37.885 13.839
88 0 1 36.918 13.067 37.849 13.839
89 0 1 36.870 13.067 37.801 13.839
90 0 1 36.834 13.067 37.765 13.839
91 0 1 36.810 13.067 37.741 13.839
92 0 1 36.774 13.066 37.704 13.839
93 0 1 36.738 13.066 37.668 13.838
94 0 1 36.714 13.054 37.645 13.826
95 0 1 36.678 13.066 37.608 13.838
96 0 1 36.630 13.066 37.560 13.838
97 0 1 36.593 13.066 37.524 13.838
98 0 1 36.557 13.065 37.488 13.838
99 0 1 36.497 13.065 37.428 13.837
100 0 1 36.473 13.065 37.404 13.837
101 0 1 36.425 13.077 37.356 13.849
102 0 1 36.389 13.089 37.320 13.861
103 0 1 36.341 13.088 37.272 13.861
104 0 1 36.305 13.088 37.235 13.861
105 0 1 36.293 13.088 37.223 13.861
106 0 1 36.245 13.088 37.175 13.860
107 0 1 36.208 13.088 37.139 13.860
108 0 1 36.196 13.088 37.127 13.860
109 0 1 36.280 13.124 36.577 13.558
110 0 1 35.993 12.979 36.900 13.739
111 0 1 36.256 13.184 37.163 13.944
112 0 1 35.933 12.979 36.840 13.739
113 0 1 35.801 12.954 36.815 13.787
114 0 1 35.716 12.978 36.815 13.847
118 0 1 35.836 13.050 36.743 13.798
119 0 1 35.800 13.050 36.695 13.798
120 0 1 35.740 13.050 36.635 13.798
121 0 1 35.704 13.049 36.599 13.798
122 0 1 35.667 13.049 36.551 13.798
123 0 1 35.631 13.049 36.514 13.797
124 0 1 35.607 13.049 36.490 13.797
125 0 1 35.571 13.049 36.442 13.797
127 0 1 35.583 13.061 36.454 13.809
128 0 1 35.547 13.061 36.418 13.809
129 0 1 35.511 13.061 36.370 13.809
130 0 1 35.475 13.060 36.334 13.809
131 0 1 35.439 13.060 36.298 13.809
132 0 1 35.415 13.072 36.262 13.820
133 0 1 35.379 13.060 36.226 13.808
134 0 1 35.354 13.072 36.201 13.820
135 0 1 35.318 13.060 36.153 13.808
136 0 1 35.270 13.071 36.105 13.820
137 0 1 35.234 13.059 36.069 13.808
138 0 1 35.198 13.071 36.021 13.819
139 0 1 35.162 13.059 35.985 13.807
140 0 1 35.126 13.071 35.949 13.819
141 0 1 35.090 13.059 35.901 13.807
142 0 1 35.054 13.070 35.865 13.819
143 0 1 35.018 13.058 35.829 13.806
144 0 1 34.993 13.070 35.792 13.818
145 0 1 34.957 13.058 35.756 13.806
146 0 1 34.933 13.070 35.732 13.818
147 0 1 34.837 13.070 35.503 13.865
149 0 1 34.788 13.093 35.563 13.841
150 0 1 34.752 13.093 35.527 13.841
151 0 1 34.728 13.093 35.491 13.841
152 0 1 34.476 13.032 35.383 13.841
153 0 1 34.548 13.068 35.311 13.816
154 0 1 34.512 13.068 35.263 13.816
155 0 1 34.500 13.068 35.251 13.816
156 0 1 34.452 13.068 35.203 13.816
157 0 1 34.415 13.068 35.154 13.816
158 0 1 34.367 13.055 35.106 13.803
159 0 1 34.319 13.055 35.058 13.803
160 0 1 34.283 13.055 35.010 13.803
161 0 1 34.259 13.055 34.986 13.803
162 0 1 34.223 13.055 34.950 13.803
163 0 1 34.175 13.054 34.890 13.802
164 0 1 34.151 13.054 34.865 13.802
165 0 1 34.114 13.054 34.829 13.802
166 0 1 34.066 13.054 34.769 13.802
167 0 1 34.030 13.054 34.733 13.802
169 0 1 34.042 13.066 34.745 13.814
170 0 1 34.006 13.066 34.697 13.814
171 0 1 33.970 13.066 34.661 13.801
172 0 1 33.946 13.065 34.625 13.801
173 0 1 33.898 13.065 34.576 13.801
174 0 1 33.849 13.077 34.528 13.801
175 0 1 33.813 13.089 34.480 13.813
176 0 1 33.765 13.101 34.432 13.824
177 0 1 33.717 13.088 34.384 13.812
178 0 1 33.692 13.100 34.347 13.812
179 0 1 33.656 13.088 34.311 13.800
180 0 1 33.608 13.100 34.263 13.812
181 0 1 33.572 13.100 34.215 13.800
182 0 1 33.536 13.112 34.179 13.811
183 0 1 33.499 13.111 34.143 13.811
184 0 1 33.475 13.111 34.107 13.799
185 0 1 33.439 13.111 34.070 13.799
186 0 1 33.403 13.111 34.034 13.799
187 0 1 33.187 13.062 34.034 13.799
189 0 1 33.295 13.086 33.938 13.774
190 0 1 33.259 13.086 33.890 13.774
191 0 1 32.982 13.061 33.890 13.798
192 0 1 33.126 13.086 33.757 13.773
193 0 1 33.090 13.074 33.721 13.761
194 0 1 33.054 13.073 33.673 13.761
195 0 1 33.006 13.073 33.613 13.761
196 0 1 32.970 13.073 33.577 13.761
197 0 1 32.958 13.073 33.553 13.761
198 0 1 32.921 13.073 33.517 13.760
199 0 1 32.873 13.073 33.468 13.760
200 0 1 32.837 13.072 33.420 13.760
201 0 1 32.801 13.072 33.384 13.760
202 0 1 32.753 13.072 33.336 13.760
203 0 1 32.741 13.072 33.312 13.760
204 0 1 32.704 13.072 33.275 13.759
205 0 1 32.680 13.072 33.251 13.759
206 0 1 32.656 13.072 33.215 13.759
207 0 1 32.620 13.071 33.179 13.759
208 0 1 32.572 13.071 33.131 13.759
209 0 1 32.547 13.083 33.094 13.771
210 0 1 32.523 13.083 33.070 13.770
211 0 1 32.487 13.083 33.034 13.758
212 0 1 32.439 13.095 32.974 13.770
213 0 1 32.403 13.094 32.938 13.770
214 0 1 32.366 13.094 32.902 13.770
215 0 1 32.126 13.021 33.238 13.831
216 0 1 32.403 13.094 32.962 13.770
217 0 1 32.366 13.094 32.926 13.770
218 0 1 32.330 13.106 32.889 13.782
219 0 1 32.294 13.106 32.853 13.782
220 0 1 32.258 13.070 32.817 13.745
222 0 1 32.270 13.082 32.829 13.745
223 0 1 32.234 13.082 32.781 13.745
224 0 1 32.210 13.094 32.757 13.745
225 0 1 32.161 13.093 32.709 13.745
226 0 1 32.125 13.081 32.661 13.733
227 0 1 31.607 13.079 32.623 13.889
229 0 1 31.847 13.164 32.382 13.816
230 0 1 31.811 13.152 32.346 13.803
231 0 1 31.449 13.114 32.563 13.852
232 0 1 31.726 13.163 32.286 13.815
233 0 1 31.678 13.151 32.238 13.803
234 0 1 31.642 13.151 32.202 13.803
235 0 1 31.594 13.151 32.153 13.803
236 0 1 31.558 13.139 32.117 13.790
237 0 1 31.521 13.150 32.081 13.802
238 0 1 31.473 13.126 32.033 13.778
239 0 1 31.437 13.126 31.997 13.778
240 0 1 31.401 13.126 31.961 13.778
241 0 1 31.365 13.126 31.924 13.778
242 0 1 31.329 13.126 31.888 13.777
243 0 1 31.040 13.076 32.009 13.790
245 0 1 31.244 13.113 31.816 13.765
246 0 1 31.208 13.125 31.780 13.777
247 0 1 31.172 13.125 31.743 13.777
248 0 1 31.111 13.125 31.683 13.776
249 0 1 31.075 13.136 31.647 13.788
250 0 1 31.015 13.148 31.586 13.800
251 0 1 30.774 13.075 31.646 13.849
253 0 1 30.930 13.136 31.514 13.788
254 0 1 30.882 13.136 31.466 13.788
255 0 1 30.846 13.147 31.417 13.799
256 0 1 30.809 13.147 31.381 13.799
257 0 1 30.485 13.013 31.332 13.823
259 0 1 30.629 13.098 31.188 13.750
260 0 1 30.593 13.098 31.152 13.750
261 0 1 30.556 13.110 31.104 13.762
262 0 1 30.520 13.122 31.068 13.762
263 0 1 30.496 13.110 31.044 13.750
264 0 1 30.460 13.122 30.995 13.761
265 0 1 29.989 13.071 31.067 13.846
266 0 1 30.254 13.133 30.802 13.773
267 0 1 30.218 13.133 30.766 13.773
268 0 1 30.194 13.132 30.729 13.760
269 0 1 30.145 13.132 30.681 13.760
270 0 1 30.109 13.132 30.645 13.760
271 0 1 30.073 13.132 30.597 13.760
272 0 1 30.025 13.132 30.548 13.760
273 0 1 29.988 13.131 30.512 13.759
274 0 1 29.893 13.047 30.741 13.821
275 0 1 30.049 13.120 30.573 13.748
276 0 1 30.061 13.132 30.585 13.760
277 0 1 30.073 13.144 30.584 13.772
278 0 1 30.085 13.156 30.596 13.784
279 0 1 29.723 13.070 30.559 13.844
280 0 1 29.892 13.143 30.403 13.771
281 0 1 29.663 13.070 30.474 13.904
282 0 1 29.819 13.179 30.318 13.795
283 0 1 29.543 13.009 30.535 13.844
284 0 1 29.783 13.119 30.295 13.734
285 0 1 29.795 13.131 30.307 13.746
286 0 1 29.807 13.143 30.319 13.759
287 0 1 29.819 13.155 30.331 13.771
288 0 1 29.831 13.167 30.343 13.783
289 0 1 29.843 13.179 30.355 13.795
290 0 1 29.855 13.191 30.367 13.807
291 0 1 29.867 13.203 30.378 13.819
292 0 1 29.879 13.215 30.390 13.831
293 0 1 29.891 13.227 30.402 13.843
294 0 1 29.902 13.239 30.414 13.855
295 0 1 29.914 13.251 30.426 13.867
296 0 1 29.926 13.264 30.438 13.879
297 0 1 29.046 13.103 29.979 13.901
298 0 1 29.275 13.200 29.786 13.816
299 0 1 29.287 13.212 29.798 13.829
300 0 1 29.299 13.225 29.798 13.829
301 0 1 29.310 13.237 29.810 13.841
302 0 1 29.322 13.249 29.822 13.853
303 0 1 29.334 13.261 29.822 13.853
304 0 1 28.780 13.150 29.797 13.961
305 0 1 29.056 13.260 29.556 13.852
306 0 1 29.068 13.272 29.556 13.852
307 0 1 29.080 13.284 29.568 13.864
308 0 1 29.092 13.296 29.580 13.876
309 0 1 29.104 13.308 29.580 13.876
310 0 1 29.116 13.320 29.592 13.888
311 0 1 28.599 13.125 29.616 13.900
312 0 1 28.875 13.235 29.352 13.790
313 0 1 28.887 13.247 29.364 13.803
314 0 1 28.899 13.259 29.376 13.815
315 0 1 28.911 13.271 29.376 13.815
316 0 1 28.923 13.283 29.388 13.827
317 0 1 28.935 13.295 29.399 13.839
318 0 1 28.477 13.149 29.206 13.838
319 0 1 28.621 13.234 29.074 13.765
320 0 1 28.633 13.246 29.086 13.777
321 0 1 28.645 13.258 29.098 13.789
322 0 1 28.657 13.270 29.098 13.789
323 0 1 28.669 13.282 29.110 13.801
324 0 1 28.681 13.294 29.122 13.814
325 0 1 28.693 13.306 29.122 13.814
326 0 1 28.705 13.318 29.134 13.826
327 0 1 28.717 13.330 29.146 13.838
328 0 1 28.729 13.342 29.146 13.838
329 0 1 28.741 13.354 29.158 13.850
330 0 1 28.753 13.367 29.169 13.862
331 0 1 28.765 13.379 29.169 13.862
332 0 1 28.777 13.391 29.181 13.874
333 0 1 28.789 13.403 29.193 13.886
334 0 1 28.800 13.415 29.193 13.886
335 0 1 28.812 13.427 29.205 13.898
336 0 1 28.824 13.439 29.217 13.910
337 0 1 28.836 13.451 29.217 13.910
338 0 1 28.848 13.463 29.229 13.922
339 0 1 28.860 13.475 29.241 13.934
340 0 1 28.872 13.487 29.241 13.934
341 0 1 28.884 13.500 29.253 13.947
342 0 1 28.896 13.512 29.265 13.959
343 0 1 27.741 13.061 29.036 13.873
344 0 1 28.920 13.536 29.277 13.971
345 0 1 28.932 13.548 29.289 13.983
346 0 1 27.778 12.977 29.084 13.898
347 0 1 28.956 13.572 29.301 13.995
348 0 1 28.968 13.584 29.313 14.007
349 0 1 27.901 12.881 29.145 13.874
350 0 1 28.991 13.608 29.325 14.019
351 0 1 29.003 13.620 29.337 14.031
352 0 1 27.985 12.918 29.181 13.898
353 0 1 29.027 13.645 29.348 14.043
354 0 1 29.039 13.657 29.360 14.055
355 0 1 29.051 13.669 29.360 14.055
356 0 1 29.063 13.681 29.372 14.067
357 0 1 29.075 13.693 29.384 14.080
358 0 1 29.087 13.705 29.384 14.080
359 0 1 29.099 13.717 29.396 14.092
360 0 1 29.111 13.729 29.408 14.104
361 0 1 29.123 13.741 29.408 14.104
362 0 1 29.135 13.753 29.420 14.116
363 0 1 29.147 13.765 29.432 14.128
364 0 1 29.158 13.778 29.432 14.128
365 0 1 29.170 13.790 29.444 14.140
366 0 1 29.182 13.802 29.456 14.152
367 0 1 29.194 13.814 29.456 14.152
368 0 1 29.206 13.826 29.468 14.164
369 0 1 29.218 13.838 29.480 14.176
370 0 1 29.230 13.850 29.480 14.176
371 0 1 29.242 13.862 29.492 14.188
153 1 2 15.417 12.086 16.448 12.997
154 1 2 15.381 12.062 16.460 13.009
155 1 2 15.515 12.099 16.594 13.046
156 1 2 15.672 12.136 16.751 13.083
157 1 2 15.793 12.173 16.873 13.120
158 1 2 15.939 12.210 17.018 13.157
159 1 2 15.230 12.919 17.053 13.906
160 1 2 15.304 12.907 17.017 13.882
161 1 2 15.425 12.920 17.138 13.895
162 1 2 15.584 12.945 17.296 13.920
163 1 2 15.717 12.982 17.430 13.956
164 1 2 15.875 13.019 17.588 13.993
165 1 2 16.009 13.032 17.721 14.006
166 1 2 16.177 13.153 18.088 13.971
167 1 2 16.239 13.117 18.026 14.019
168 1 2 16.373 13.130 18.160 14.032
169 1 2 16.591 13.191 18.440 14.009
170 1 2 16.616 13.167 18.415 14.045
171 1 2 17.125 13.315 18.746 13.914
172 1 2 17.574 13.401 18.954 13.890
173 1 2 17.370 13.243 19.109 14.048
174 1 2 17.504 13.232 19.243 14.037
175 1 2 17.663 13.220 19.402 14.025
176 1 2 17.796 13.233 19.535 14.038
177 1 2 17.955 13.222 19.694 14.026
178 1 2 18.114 13.210 19.852 14.015
179 1 2 18.272 13.199 20.011 14.004
180 1 2 18.406 13.212 20.144 14.016
181 1 2 18.589 13.200 20.327 14.005
182 1 2 18.747 13.213 20.485 14.018
183 1 2 18.929 13.202 20.667 14.006
184 1 2 19.087 13.215 20.825 14.019
185 1 2 19.246 13.203 20.983 14.008
186 1 2 19.404 13.216 21.141 14.021
187 1 2 19.586 13.205 21.324 14.009
188 1 2 19.745 13.193 21.482 13.998
189 1 2 19.927 13.182 21.665 13.987
190 1 2 20.085 13.195 21.822 13.999
191 1 2 20.268 13.184 22.005 13.988
192 1 2 20.426 13.197 22.162 14.001
193 1 2 20.584 13.185 22.321 13.989
194 1 2 20.742 13.174 22.479 13.978
195 1 2 20.925 13.163 22.661 13.967
196 1 2 21.082 13.175 22.819 13.979
197 1 2 21.265 13.164 23.001 13.968
198 1 2 21.423 13.177 23.159 13.981
199 1 2 21.629 13.166 23.365 13.970
200 1 2 21.787 13.179 23.523 13.982
201 1 2 22.199 13.217 23.684 13.790
202 1 2 22.080 13.120 23.791 13.899
203 1 2 22.262 13.108 23.973 13.888
204 1 2 22.444 13.121 24.155 13.901
205 1 2 22.602 13.110 24.313 13.889
206 1 2 22.808 13.123 24.519 13.902
207 1 2 22.966 13.112 24.677 13.891
208 1 2 23.172 13.125 24.883 13.904
209 1 2 23.354 13.113 25.065 13.892
210 1 2 23.536 13.126 25.246 13.905
211 1 2 23.619 13.247 25.271 13.857
212 1 2 23.608 13.175 25.306 13.942
213 1 2 23.983 13.225 25.537 13.894
214 1 2 24.213 13.262 25.659 13.907
215 1 2 24.395 13.263 25.767 13.932
216 1 2 24.250 13.238 25.888 13.968
217 1 2 24.432 13.251 26.069 13.981
218 1 2 24.638 13.264 26.275 13.994
219 1 2 24.819 13.277 26.457 14.007
220 1 2 25.292 13.255 27.110 14.046
221 1 2 25.365 13.291 27.014 14.021
222 1 2 25.534 13.304 27.183 14.034
223 1 2 25.825 13.293 27.617 14.193
224 1 2 25.884 13.378 27.545 14.120
225 1 2 26.066 13.403 27.726 14.145
226 1 2 26.681 13.598 27.917 14.338
227 1 2 26.475 13.597 28.111 14.339
228 1 2 26.656 13.622 28.292 14.364
229 1 2 26.861 13.647 28.497 14.389
230 1 2 27.042 13.696 28.678 14.438
231 1 2 27.272 13.745 28.907 14.487
232 1 2 27.453 13.794 29.088 14.536
233 1 2 27.658 13.819 29.293 14.561
234 1 2 28.080 13.942 29.053 14.476
235 1 2 27.767 13.844 29.378 14.573
236 1 2 27.948 13.857 29.559 14.586
237 1 2 28.563 13.992 30.379 14.770
238 1 2 28.647 14.016 30.270 14.746
239 1 2 28.829 14.029 30.452 14.758
240 1 2 29.034 14.042 30.657 14.771
241 1 2 29.481 14.116 30.464 14.722
242 1 2 29.179 14.067 30.777 14.784
243 1 2 29.372 14.067 30.971 14.785
244 1 2 30.001 14.058 31.815 14.896
245 1 2 30.097 14.119 31.707 14.836
246 1 2 30.302 14.120 31.912 14.836
247 1 2 30.484 14.120 32.093 14.837
248 1 2 30.713 14.121 32.323 14.838
249 1 2 30.894 14.098 32.504 14.815
250 1 2 31.124 14.099 32.733 14.816
251 1 2 31.305 14.076 32.914 14.792
252 1 2 31.535 14.077 33.144 14.793
253 1 2 31.945 14.102 32.855 14.732
254 1 2 32.163 14.043 33.109 14.661
255 1 2 31.849 14.006 33.410 14.698
256 1 2 32.031 13.982 33.591 14.675
257 1 2 32.744 13.829 34.519 14.702
258 1 2 32.841 13.806 34.737 14.559
259 1 2 32.997 13.854 34.557 14.546
260 1 2 33.202 13.831 34.762 14.523
261 1 2 33.408 13.808 34.967 14.500
262 1 2 33.637 13.785 35.196 14.477
263 1 2 33.999 13.714 35.762 14.467
264 1 2 34.095 13.751 35.666 14.443
265 1 2 34.312 13.728 35.883 14.419
266 1 2 34.530 13.681 36.100 14.372
267 1 2 34.723 13.633 36.293 14.325
268 1 2 34.940 13.610 36.510 14.302
269 1 2 35.181 13.587 36.751 14.279
270 1 2 35.398 13.540 36.968 14.232
271 1 2 35.591 13.517 37.160 14.209
272 1 2 35.808 13.494 37.377 14.185
273 1 2 36.073 13.447 37.642 14.139
274 1 2 36.482 13.425 37.907 14.044
275 1 2 36.615 13.366 38.099 14.068
276 1 2 36.831 13.355 38.352 14.033
277 1 2 37.132 13.296 38.712 14.059
278 1 2 37.120 13.344 38.652 14.023
279 1 2 37.336 13.333 38.869 14.012
280 1 2 37.565 13.322 39.097 14.001
281 1 2 37.854 13.191 39.805 14.004
282 1 2 38.058 13.264 39.602 13.943
283 1 2 38.274 13.253 39.818 13.932
284 1 2 38.466 13.266 40.010 13.945
285 1 2 38.683 13.255 40.226 13.934
286 1 2 38.947 13.268 40.490 13.947
287 1 2 39.306 13.318 40.670 13.863
288 1 2 39.223 13.257 40.754 13.924
289 1 2 39.691 13.296 41.449 13.975
290 1 2 39.787 13.308 41.317 13.974
291 1 2 40.015 13.309 41.545 13.975
292 1 2 40.243 13.286 41.773 13.952
293 1 2 40.470 13.311 42.000 13.977
294 1 2 40.698 13.288 42.228 13.954
295 1 2 41.094 13.314 42.097 13.822
296 1 2 40.831 13.241 42.348 13.895
297 1 2 41.323 13.099 43.282 13.995
298 1 2 41.526 13.220 43.055 13.874
299 1 2 41.742 13.209 43.271 13.863
300 1 2 41.957 13.222 43.486 13.876
301 1 2 42.209 13.211 43.738 13.865
302 1 2 42.413 13.200 43.941 13.854
303 1 2 42.664 13.189 44.193 13.843
304 1 2 42.989 13.047 44.886 13.906
305 1 2 43.156 13.156 44.695 13.809
306 1 2 43.383 13.145 44.923 13.798
307 1 2 43.622 13.158 45.162 13.811
308 1 2 43.838 13.147 45.377 13.800
309 1 2 44.053 13.160 45.592 13.813
310 1 2 44.292 13.149 45.831 13.802
311 1 2 44.532 13.054 46.452 13.888
312 1 2 44.711 13.151 46.262 13.804
313 1 2 44.938 13.140 46.489 13.793
314 1 2 45.201 13.129 46.752 13.782
315 1 2 45.417 13.118 46.967 13.771
316 1 2 45.644 13.107 47.194 13.760
317 1 2 45.871 13.120 47.420 13.773
318 1 2 46.289 13.086 48.029 13.895
319 1 2 46.384 13.170 47.933 13.823
320 1 2 46.563 13.159 48.112 13.812
321 1 2 46.838 13.172 48.387 13.825
322 1 2 47.232 13.078 48.817 13.695
323 1 2 47.220 13.078 48.769 13.719
324 1 2 47.471 13.080 49.020 13.720
325 1 2 47.996 13.142 49.413 13.662
326 1 2 48.199 13.155 49.389 13.662
327 1 2 48.032 13.106 49.556 13.723
328 1 2 48.235 13.107 49.759 13.723
329 1 2 48.485 13.108 50.009 13.725
330 1 2 48.712 13.109 50.235 13.726
331 1 2 48.938 13.110 50.462 13.727
332 1 2 49.165 13.111 50.688 13.728
333 1 2 49.367 13.112 50.891 13.728
334 1 2 49.618 13.113 51.141 13.729
335 1 2 49.820 13.114 51.343 13.730
336 1 2 50.070 13.115 51.593 13.731
337 1 2 50.297 13.116 51.819 13.732
338 1 2 50.511 13.153 52.034 13.769
339 1 2 50.749 13.119 52.272 13.734
340 1 2 50.976 13.143 52.498 13.759
341 1 2 51.238 13.085 52.748 13.701
342 1 2 51.452 13.146 52.962 13.761
343 1 2 51.654 13.147 53.164 13.762
344 1 2 51.880 13.172 53.378 13.799
345 1 2 52.118 13.149 53.616 13.764
346 1 2 52.368 13.150 53.865 13.765
347 1 2 52.582 13.139 54.067 13.754
348 1 2 52.796 13.152 54.281 13.755
349 1 2 53.022 13.153 54.507 13.756
350 1 2 53.248 13.178 54.721 13.769
351 1 2 53.593 13.263 54.578 13.649
352 1 2 53.367 13.166 54.828 13.746
353 1 2 53.557 13.167 55.018 13.746
354 1 2 53.807 13.180 55.267 13.748
355 1 2 54.020 13.193 55.481 13.760
356 1 2 54.246 13.194 55.707 13.761
357 1 2 54.460 13.207 55.920 13.762
358 1 2 54.686 13.196 56.146 13.751
359 1 2 54.911 13.209 56.371 13.764
360 1 2 55.125 13.210 56.585 13.765
361 1 2 56.003 13.131 57.878 13.962
363 1 2 56.181 13.275 57.652 13.818
364 1 2 56.395 13.276 57.854 13.819
365 1 2 56.620 13.289 58.079 13.831
366 1 2 56.964 13.219 58.861 14.014
367 1 2 57.284 13.160 59.004 14.038
368 1 2 57.391 13.340 58.861 13.883
369 1 2 57.415 13.113 59.382 13.968
370 1 2 57.664 13.281 59.134 13.812
371 1 2 57.877 13.270 59.347 13.801
