0 0 1 27.917 8.786 26.764 8.010
1 0 1 27.954 8.814 26.746 8.000
2 0 1 27.982 8.823 26.773 8.010
3 0 1 28.010 8.832 26.801 8.019
4 0 1 28.056 8.841 26.847 8.028
5 0 1 28.074 8.850 26.866 8.037
6 0 1 28.130 8.841 26.921 8.028
7 0 1 28.176 8.850 26.967 8.037
8 0 1 28.213 8.841 27.004 8.028
9 0 1 28.268 8.850 27.060 8.037
10 0 1 28.296 8.841 27.087 8.027
11 0 1 28.203 8.841 26.995 8.028
12 0 1 28.370 8.841 27.161 8.027
13 0 1 28.388 8.850 27.180 8.036
14 0 1 28.453 8.840 27.244 8.027
15 0 1 28.489 8.849 27.281 8.036
16 0 1 28.536 8.840 27.328 8.027
17 0 1 28.572 8.849 27.364 8.036
18 0 1 28.628 8.840 27.420 8.027
19 0 1 28.674 8.849 27.466 8.036
20 0 1 28.720 8.840 27.512 8.027
21 0 1 28.748 8.849 27.540 8.036
22 0 1 28.794 8.840 27.586 8.027
23 0 1 28.831 8.849 27.623 8.036
24 0 1 28.886 8.839 27.678 8.026
25 0 1 28.932 8.849 27.724 8.035
26 0 1 28.978 8.839 27.771 8.026
27 0 1 29.024 8.867 27.817 8.054
28 0 1 29.089 8.857 27.881 8.044
29 0 1 29.126 8.839 27.918 8.026
30 0 1 29.181 8.839 27.974 8.026
31 0 1 29.227 8.848 28.020 8.035
32 0 1 29.273 8.829 28.066 8.017
33 0 1 29.319 8.848 28.112 8.035
34 0 1 29.365 8.820 28.158 8.007
35 0 1 29.402 8.829 28.195 8.016
36 0 1 29.458 8.820 28.250 8.007
37 0 1 29.476 8.829 28.269 8.016
38 0 1 29.531 8.811 28.324 7.998
39 0 1 29.577 8.829 28.370 8.016
40 0 1 29.623 8.810 28.416 7.998
41 0 1 29.660 8.829 28.453 8.016
42 0 1 29.716 8.819 28.509 8.007
43 0 1 29.734 8.829 28.527 8.016
44 0 1 29.789 8.810 28.582 7.997
45 0 1 29.817 8.828 28.610 8.016
46 0 1 29.863 8.810 28.656 7.997
47 0 1 29.881 8.828 28.674 8.016
48 0 1 29.937 8.819 28.730 8.006
49 0 1 29.955 8.828 28.748 8.015
50 0 1 30.010 8.810 28.804 7.997
51 0 1 30.038 8.828 28.831 8.015
52 0 1 30.102 8.809 28.896 7.997
53 0 1 30.121 8.828 28.914 8.015
54 0 1 30.176 8.818 28.969 8.006
55 0 1 30.194 8.828 28.988 8.015
56 0 1 30.250 8.809 29.043 7.997
57 0 1 30.277 8.827 29.071 8.015
58 0 1 30.323 8.809 29.117 7.997
59 0 1 30.360 8.818 29.154 8.006
60 0 1 30.415 8.818 29.209 8.006
61 0 1 30.434 8.827 29.227 8.015
62 0 1 30.489 8.827 29.283 8.015
63 0 1 30.535 8.845 29.329 8.033
64 0 1 30.581 8.836 29.375 8.024
65 0 1 30.618 8.836 29.412 8.024
66 0 1 30.526 8.708 29.366 7.996
67 0 1 30.535 8.735 29.347 7.960
68 0 1 30.572 8.735 29.384 7.960
69 0 1 30.609 8.735 29.421 7.959
70 0 1 30.664 8.753 29.476 7.978
71 0 1 30.719 8.772 29.531 7.996
72 0 1 30.738 8.753 29.550 7.978
73 0 1 30.774 8.771 29.587 7.996
74 0 1 30.830 8.771 29.642 7.996
75 0 1 30.848 8.771 29.660 7.996
76 0 1 30.940 8.707 29.762 7.995
77 0 1 30.940 8.725 29.762 7.968
78 0 1 30.986 8.725 29.808 7.968
79 0 1 31.014 8.743 29.835 7.986
80 0 1 31.060 8.725 29.881 7.968
81 0 1 31.087 8.743 29.909 7.986
82 0 1 31.078 8.725 30.056 8.068
83 0 1 31.133 8.762 29.992 8.032
84 0 1 31.179 8.697 30.038 8.114
85 0 1 31.225 8.688 30.084 8.105
86 0 1 31.253 8.679 30.112 8.096
87 0 1 31.299 8.688 30.158 8.105
88 0 1 31.326 8.679 30.185 8.095
89 0 1 31.372 8.688 30.231 8.104
90 0 1 31.400 8.679 30.259 8.095
91 0 1 31.427 8.688 30.286 8.104
92 0 1 31.455 8.679 30.314 8.095
93 0 1 31.501 8.688 30.360 8.104
94 0 1 31.547 8.678 30.406 8.095
95 0 1 31.593 8.687 30.452 8.104
96 0 1 31.621 8.678 30.480 8.095
97 0 1 31.667 8.687 30.526 8.104
98 0 1 31.712 8.696 30.572 8.113
99 0 1 31.758 8.705 30.618 8.122
100 0 1 31.786 8.696 30.645 8.113
101 0 1 31.850 8.705 30.710 8.122
102 0 1 31.896 8.696 30.756 8.113
103 0 1 31.942 8.705 30.802 8.122
104 0 1 31.988 8.696 30.848 8.113
105 0 1 32.034 8.705 30.894 8.122
106 0 1 32.062 8.696 30.921 8.112
107 0 1 32.108 8.705 30.967 8.122
108 0 1 32.135 8.695 30.995 8.112
109 0 1 32.181 8.705 31.041 8.121
110 0 1 32.209 8.695 31.068 8.112
111 0 1 32.273 8.704 31.133 8.121
112 0 1 32.319 8.695 31.179 8.112
113 0 1 32.365 8.686 31.225 8.103
114 0 1 32.392 8.677 31.252 8.094
115 0 1 32.457 8.686 31.317 8.103
116 0 1 32.484 8.676 31.344 8.093
117 0 1 32.512 8.686 31.372 8.103
118 0 1 32.539 8.676 31.399 8.093
119 0 1 32.585 8.685 31.445 8.102
120 0 1 32.613 8.676 31.473 8.093
121 0 1 32.659 8.685 31.519 8.102
122 0 1 32.705 8.676 31.565 8.093
123 0 1 32.751 8.685 31.611 8.102
124 0 1 32.778 8.676 31.638 8.093
125 0 1 32.806 8.667 31.666 8.084
126 0 1 32.833 8.657 31.694 8.075
127 0 1 32.879 8.667 31.739 8.084
128 0 1 32.907 8.657 31.767 8.074
129 0 1 32.971 8.666 31.831 8.083
130 0 1 32.999 8.657 31.859 8.074
131 0 1 33.044 8.666 31.905 8.083
132 0 1 33.072 8.657 31.932 8.074
133 0 1 33.118 8.666 31.978 8.083
134 0 1 33.145 8.657 32.006 8.074
135 0 1 33.191 8.666 32.052 8.083
136 0 1 33.219 8.657 32.079 8.074
137 0 1 33.265 8.666 32.125 8.083
138 0 1 33.292 8.657 32.153 8.074
139 0 1 33.338 8.666 32.199 8.083
140 0 1 33.384 8.656 32.245 8.074
141 0 1 33.430 8.665 32.291 8.083
142 0 1 33.457 8.656 32.318 8.073
143 0 1 33.503 8.665 32.364 8.083
144 0 1 33.531 8.674 32.392 8.092
145 0 1 33.577 8.683 32.438 8.101
146 0 1 33.623 8.674 32.484 8.091
147 0 1 33.668 8.683 32.529 8.101
148 0 1 33.714 8.674 32.575 8.091
149 0 1 33.779 8.683 32.640 8.100
150 0 1 33.806 8.674 32.667 8.091
151 0 1 33.852 8.683 32.713 8.100
152 0 1 33.879 8.674 32.741 8.091
153 0 1 33.925 8.664 32.787 8.082
154 0 1 33.953 8.655 32.814 8.073
155 0 1 33.999 8.664 32.860 8.082
156 0 1 34.044 8.655 32.906 8.072
157 0 1 34.090 8.664 32.952 8.082
158 0 1 34.118 8.655 32.979 8.072
159 0 1 34.182 8.646 33.043 8.063
160 0 1 34.209 8.636 33.071 8.054
161 0 1 34.255 8.645 33.117 8.063
162 0 1 34.301 8.636 33.163 8.054
163 0 1 34.347 8.645 33.209 8.063
164 0 1 34.393 8.636 33.254 8.054
165 0 1 34.439 8.645 33.300 8.063
166 0 1 34.466 8.636 33.328 8.054
167 0 1 34.512 8.645 33.374 8.063
168 0 1 34.539 8.636 33.401 8.053
169 0 1 34.585 8.645 33.447 8.062
170 0 1 34.631 8.654 33.493 8.072
171 0 1 34.677 8.663 33.539 8.081
172 0 1 34.704 8.654 33.566 8.071
173 0 1 34.750 8.663 33.612 8.080
174 0 1 34.796 8.654 33.658 8.071
175 0 1 34.842 8.663 33.704 8.080
176 0 1 34.869 8.672 33.732 8.089
177 0 1 34.934 8.681 33.796 8.098
178 0 1 34.961 8.671 33.823 8.089
179 0 1 35.007 8.681 33.869 8.098
180 0 1 35.053 8.690 33.915 8.107
181 0 1 35.099 8.699 33.961 8.116
182 0 1 35.144 8.689 34.007 8.107
0 1 1 27.252 9.320 26.218 8.662
1 1 1 27.280 9.338 26.199 8.652
2 1 1 27.326 9.338 26.246 8.652
3 1 1 27.354 9.338 26.273 8.652
4 1 1 27.409 9.356 26.329 8.671
5 1 1 27.446 9.384 26.366 8.698
6 1 1 27.483 9.374 26.403 8.689
7 1 1 27.520 9.411 26.440 8.725
8 1 1 27.584 9.438 26.504 8.753
9 1 1 27.612 9.447 26.532 8.762
10 1 1 27.667 9.447 26.587 8.762
11 1 1 27.741 9.392 26.661 8.707
12 1 1 27.741 9.447 26.661 8.762
13 1 1 27.797 9.447 26.717 8.761
14 1 1 27.824 9.493 26.744 8.807
15 1 1 27.889 9.447 26.809 8.761
16 1 1 27.944 9.428 26.865 8.743
17 1 1 27.991 9.456 26.911 8.770
18 1 1 28.037 9.428 26.957 8.743
19 1 1 28.074 9.446 26.994 8.761
20 1 1 28.111 9.437 27.031 8.752
21 1 1 28.148 9.428 27.068 8.742
22 1 1 28.185 9.409 27.105 8.724
23 1 1 28.221 9.363 27.142 8.678
24 1 1 28.258 9.336 27.179 8.650
25 1 1 28.295 9.299 27.216 8.614
26 1 1 28.351 9.308 27.271 8.623
27 1 1 28.388 9.299 27.308 8.614
28 1 1 28.425 9.299 27.345 8.613
29 1 1 28.480 9.299 27.401 8.613
30 1 1 28.535 9.298 27.456 8.613
31 1 1 28.572 9.298 27.493 8.613
32 1 1 28.628 9.317 27.548 8.631
33 1 1 28.664 9.335 27.585 8.650
34 1 1 28.720 9.335 27.641 8.650
35 1 1 28.775 9.335 27.696 8.649
36 1 1 28.812 9.335 27.733 8.649
37 1 1 28.849 9.334 27.770 8.649
38 1 1 28.904 9.334 27.825 8.649
39 1 1 28.941 9.353 27.862 8.667
40 1 1 28.996 9.371 27.918 8.686
41 1 1 29.033 9.371 27.954 8.686
42 1 1 29.089 9.389 28.010 8.704
43 1 1 29.126 9.407 28.047 8.722
44 1 1 29.162 9.407 28.084 8.722
45 1 1 29.199 9.407 28.121 8.722
46 1 1 29.255 9.407 28.176 8.722
47 1 1 29.291 9.425 28.213 8.740
48 1 1 29.347 9.443 28.268 8.758
49 1 1 29.384 9.425 28.305 8.740
50 1 1 29.421 9.425 28.342 8.740
51 1 1 29.476 9.406 28.397 8.721
52 1 1 29.513 9.388 28.434 8.703
53 1 1 29.568 9.406 28.490 8.721
54 1 1 29.605 9.388 28.526 8.703
55 1 1 29.642 9.406 28.563 8.721
56 1 1 29.697 9.387 28.619 8.703
57 1 1 29.734 9.369 28.656 8.684
58 1 1 29.771 9.314 28.693 8.629
59 1 1 29.808 9.296 28.729 8.611
60 1 1 29.863 9.277 28.785 8.592
61 1 1 29.900 9.277 28.822 8.592
62 1 1 29.937 9.277 28.859 8.592
63 1 1 29.992 9.277 28.914 8.592
64 1 1 30.047 9.277 28.969 8.592
65 1 1 30.084 9.277 29.006 8.592
66 1 1 30.112 9.331 29.098 8.628
67 1 1 30.130 9.322 29.080 8.638
68 1 1 30.176 9.322 29.126 8.637
69 1 1 30.222 9.304 29.172 8.619
70 1 1 30.268 9.304 29.218 8.619
71 1 1 30.314 9.303 29.264 8.619
72 1 1 30.360 9.285 29.310 8.600
73 1 1 30.425 9.267 29.375 8.582
74 1 1 30.471 9.248 29.421 8.564
75 1 1 30.517 9.248 29.467 8.564
76 1 1 30.637 9.184 29.577 8.508
77 1 1 30.627 9.184 29.577 8.508
78 1 1 30.673 9.174 29.623 8.499
79 1 1 30.719 9.183 29.670 8.508
80 1 1 30.747 9.193 29.697 8.517
81 1 1 30.793 9.183 29.743 8.508
82 1 1 30.857 9.156 29.863 8.471
83 1 1 30.876 9.147 29.845 8.471
84 1 1 30.922 9.064 29.891 8.535
85 1 1 30.968 9.055 29.937 8.526
86 1 1 31.014 9.082 29.983 8.553
87 1 1 31.060 9.073 30.029 8.544
88 1 1 31.106 9.100 30.075 8.571
89 1 1 31.170 9.109 30.139 8.581
90 1 1 31.198 9.118 30.167 8.590
91 1 1 31.262 9.127 30.231 8.599
92 1 1 31.290 9.136 30.259 8.608
93 1 1 31.336 9.127 30.305 8.598
94 1 1 31.363 9.118 30.333 8.589
95 1 1 31.409 9.109 30.379 8.580
96 1 1 31.437 9.118 30.406 8.589
97 1 1 31.483 9.127 30.452 8.598
98 1 1 31.511 9.136 30.480 8.607
99 1 1 31.557 9.127 30.526 8.598
100 1 1 31.603 9.136 30.572 8.607
101 1 1 31.649 9.145 30.618 8.616
102 1 1 31.695 9.154 30.664 8.625
103 1 1 31.740 9.145 30.710 8.616
104 1 1 31.786 9.154 30.756 8.625
105 1 1 31.851 9.163 30.820 8.634
106 1 1 31.897 9.172 30.866 8.643
107 1 1 31.943 9.162 30.912 8.634
108 1 1 31.970 9.171 30.940 8.643
109 1 1 32.035 9.162 31.004 8.634
110 1 1 32.062 9.171 31.032 8.643
111 1 1 32.108 9.162 31.078 8.634
112 1 1 32.136 9.171 31.106 8.643
113 1 1 32.182 9.180 31.152 8.652
114 1 1 32.209 9.189 31.179 8.661
115 1 1 32.274 9.180 31.244 8.652
116 1 1 32.301 9.189 31.271 8.661
117 1 1 32.366 9.180 31.335 8.651
118 1 1 32.393 9.189 31.363 8.660
119 1 1 32.439 9.180 31.409 8.651
120 1 1 32.467 9.189 31.437 8.660
121 1 1 32.531 9.198 31.501 8.669
122 1 1 32.577 9.225 31.547 8.697
123 1 1 32.623 9.234 31.593 8.706
124 1 1 32.669 9.261 31.639 8.733
125 1 1 32.715 9.270 31.685 8.742
126 1 1 32.761 9.279 31.731 8.751
127 1 1 32.807 9.288 31.777 8.760
128 1 1 32.853 9.298 31.823 8.769
129 1 1 32.899 9.288 31.869 8.760
130 1 1 32.944 9.316 31.915 8.787
131 1 1 32.990 9.306 31.961 8.778
132 1 1 33.018 9.315 31.988 8.787
133 1 1 33.082 9.306 32.053 8.778
134 1 1 33.128 9.315 32.099 8.787
135 1 1 33.192 9.306 32.163 8.778
136 1 1 33.238 9.315 32.209 8.787
137 1 1 33.303 9.306 32.273 8.777
138 1 1 33.348 9.315 32.319 8.787
139 1 1 33.394 9.324 32.365 8.796
140 1 1 33.440 9.333 32.411 8.805
141 1 1 33.486 9.323 32.457 8.795
142 1 1 33.532 9.314 32.503 8.786
143 1 1 33.578 9.305 32.549 8.777
144 1 1 33.605 9.314 32.576 8.786
145 1 1 33.651 9.305 32.622 8.777
146 1 1 33.679 9.314 32.650 8.786
147 1 1 33.743 9.323 32.714 8.795
148 1 1 33.789 9.332 32.760 8.804
149 1 1 33.835 9.323 32.806 8.795
150 1 1 33.881 9.332 32.852 8.804
151 1 1 33.927 9.322 32.898 8.794
152 1 1 33.973 9.331 32.944 8.804
153 1 1 34.037 9.340 33.008 8.813
154 1 1 34.083 9.368 33.054 8.840
155 1 1 34.147 9.377 33.118 8.849
156 1 1 34.193 9.404 33.164 8.876
157 1 1 34.257 9.413 33.228 8.885
158 1 1 34.285 9.422 33.256 8.894
159 1 1 34.349 9.431 33.320 8.903
160 1 1 34.376 9.440 33.348 8.912
161 1 1 34.422 9.431 33.394 8.903
162 1 1 34.468 9.440 33.440 8.912
163 1 1 34.514 9.449 33.485 8.921
164 1 1 34.560 9.440 33.531 8.912
165 1 1 34.624 9.430 33.596 8.903
166 1 1 34.670 9.439 33.641 8.912
167 1 1 34.734 9.430 33.706 8.902
168 1 1 34.780 9.439 33.751 8.912
169 1 1 34.844 9.430 33.816 8.902
170 1 1 34.890 9.439 33.862 8.911
171 1 1 34.936 9.430 33.907 8.902
172 1 1 34.981 9.439 33.953 8.911
173 1 1 35.046 9.429 34.017 8.902
174 1 1 35.091 9.438 34.063 8.911
175 1 1 35.137 9.411 34.109 8.883
176 1 1 35.165 9.402 34.137 8.874
177 1 1 35.210 9.393 34.182 8.865
178 1 1 35.238 9.402 34.210 8.874
179 1 1 35.302 9.392 34.274 8.865
180 1 1 35.329 9.383 34.302 8.856
181 1 1 35.394 9.374 34.366 8.846
182 1 1 35.439 9.383 34.412 8.855
0 2 1 27.547 10.053 26.439 9.294
1 2 1 27.574 10.081 26.420 9.285
2 2 1 27.639 10.062 26.485 9.267
3 2 1 27.667 10.062 26.513 9.267
4 2 1 27.722 10.071 26.568 9.276
5 2 1 27.759 10.053 26.605 9.257
6 2 1 27.796 10.071 26.642 9.275
7 2 1 27.851 10.080 26.697 9.284
8 2 1 27.888 10.080 26.734 9.284
9 2 1 27.944 10.098 26.790 9.303
10 2 1 27.999 10.107 26.845 9.312
11 2 1 27.962 10.015 26.809 9.220
12 2 1 28.092 10.125 26.938 9.330
13 2 1 28.147 10.107 26.993 9.311
14 2 1 28.212 10.125 27.058 9.329
15 2 1 28.239 10.116 27.086 9.320
16 2 1 28.295 10.125 27.141 9.329
17 2 1 28.332 10.097 27.178 9.302
18 2 1 28.387 10.124 27.233 9.329
19 2 1 28.424 10.115 27.270 9.320
20 2 1 28.479 10.106 27.326 9.310
21 2 1 28.516 10.115 27.363 9.320
22 2 1 28.572 10.124 27.418 9.329
23 2 1 28.609 10.115 27.455 9.319
24 2 1 28.645 10.105 27.492 9.310
25 2 1 28.701 10.096 27.548 9.301
26 2 1 28.738 10.078 27.585 9.282
27 2 1 28.793 10.077 27.640 9.282
28 2 1 28.830 10.086 27.677 9.291
29 2 1 28.867 10.077 27.714 9.282
30 2 1 28.922 10.086 27.769 9.291
31 2 1 28.959 10.068 27.806 9.273
32 2 1 28.996 10.086 27.843 9.291
33 2 1 29.051 10.077 27.898 9.282
34 2 1 29.088 10.077 27.935 9.282
35 2 1 29.125 10.067 27.972 9.272
36 2 1 29.181 10.104 28.028 9.309
37 2 1 29.218 10.085 28.065 9.290
38 2 1 29.254 10.122 28.102 9.327
39 2 1 29.310 10.113 28.157 9.318
40 2 1 29.347 10.122 28.194 9.327
41 2 1 29.384 10.122 28.231 9.327
42 2 1 29.420 10.158 28.268 9.363
43 2 1 29.457 10.140 28.305 9.345
44 2 1 29.494 10.158 28.341 9.363
45 2 1 29.531 10.167 28.378 9.372
46 2 1 29.568 10.176 28.415 9.381
47 2 1 29.623 10.167 28.471 9.372
48 2 1 29.660 10.176 28.508 9.381
49 2 1 29.679 10.157 28.526 9.363
50 2 1 29.715 10.167 28.563 9.372
51 2 1 29.752 10.166 28.600 9.372
52 2 1 29.789 10.148 28.637 9.353
53 2 1 29.826 10.148 28.674 9.353
54 2 1 29.863 10.157 28.711 9.362
55 2 1 29.900 10.120 28.747 9.325
56 2 1 29.918 10.120 28.766 9.325
57 2 1 29.955 10.111 28.803 9.316
58 2 1 29.992 10.102 28.840 9.307
59 2 1 30.029 10.083 28.877 9.289
60 2 1 30.066 10.101 28.913 9.307
61 2 1 30.103 10.083 28.950 9.288
62 2 1 30.139 10.101 28.987 9.307
63 2 1 30.176 10.092 29.024 9.297
64 2 1 30.213 10.101 29.061 9.306
65 2 1 30.250 10.083 29.098 9.288
66 2 1 30.287 10.101 29.135 9.306
67 2 1 30.305 10.082 29.153 9.288
68 2 1 30.342 10.101 29.190 9.306
69 2 1 30.379 10.110 29.227 9.315
70 2 1 30.397 10.119 29.245 9.324
71 2 1 30.434 10.110 29.282 9.315
72 2 1 30.453 10.119 29.301 9.324
73 2 1 30.489 10.128 29.338 9.333
74 2 1 30.526 10.128 29.374 9.333
75 2 1 30.563 10.118 29.411 9.324
76 2 1 30.600 10.137 29.448 9.342
77 2 1 30.637 10.127 29.485 9.333
78 2 1 30.674 10.136 29.522 9.342
79 2 1 30.692 10.100 29.540 9.305
80 2 1 30.729 10.100 29.577 9.305
81 2 1 30.766 10.090 29.614 9.296
82 2 1 30.784 10.081 29.633 9.287
83 2 1 30.821 10.063 29.669 9.268
84 2 1 30.839 10.063 29.688 9.268
85 2 1 30.876 10.044 29.725 9.250
86 2 1 30.913 10.044 29.762 9.250
87 2 1 30.931 10.016 29.780 9.222
88 2 1 30.968 10.007 29.817 9.213
89 2 1 31.005 9.970 29.854 9.176
90 2 1 31.042 9.970 29.891 9.176
91 2 1 31.079 9.952 29.927 9.158
92 2 1 31.116 9.952 29.964 9.158
93 2 1 31.152 9.943 30.001 9.148
94 2 1 31.189 9.952 30.038 9.158
95 2 1 31.244 9.933 30.093 9.139
96 2 1 31.281 9.951 30.130 9.157
97 2 1 31.318 9.933 30.167 9.139
98 2 1 31.355 9.951 30.204 9.157
99 2 1 31.392 9.942 30.241 9.148
100 2 1 31.428 9.951 30.277 9.157
101 2 1 31.465 9.933 30.314 9.139
102 2 1 31.502 9.951 30.351 9.157
103 2 1 31.539 9.951 30.388 9.157
104 2 1 31.576 9.969 30.425 9.175
105 2 1 31.612 9.960 30.462 9.166
106 2 1 31.649 9.969 30.498 9.175
107 2 1 31.704 9.959 30.554 9.166
108 2 1 31.741 9.950 30.590 9.156
109 2 1 31.796 9.959 30.646 9.165
110 2 1 31.833 9.959 30.683 9.165
111 2 1 31.870 9.950 30.719 9.156
112 2 1 31.907 9.968 30.756 9.174
113 2 1 31.962 9.959 30.811 9.165
114 2 1 32.017 9.968 30.867 9.174
115 2 1 32.054 9.949 30.903 9.156
116 2 1 32.109 9.958 30.959 9.165
117 2 1 32.146 9.967 30.995 9.174
118 2 1 32.201 9.976 31.051 9.183
119 2 1 32.238 9.976 31.087 9.183
120 2 1 32.293 9.985 31.143 9.192
121 2 1 32.330 9.967 31.179 9.173
122 2 1 32.385 9.976 31.235 9.182
123 2 1 32.422 9.985 31.271 9.191
124 2 1 32.458 9.994 31.308 9.200
125 2 1 32.514 10.012 31.363 9.219
126 2 1 32.550 10.021 31.400 9.228
127 2 1 32.606 10.030 31.455 9.237
128 2 1 32.661 10.030 31.511 9.237
129 2 1 32.698 10.039 31.547 9.246
130 2 1 32.734 10.048 31.584 9.255
131 2 1 32.771 10.048 31.621 9.255
132 2 1 32.789 10.076 31.639 9.282
133 2 1 32.845 10.057 31.695 9.264
134 2 1 32.881 10.075 31.731 9.282
135 2 1 32.918 10.084 31.768 9.291
136 2 1 32.955 10.093 31.805 9.300
137 2 1 33.010 10.084 31.860 9.291
138 2 1 33.047 10.093 31.897 9.300
139 2 1 33.083 10.102 31.934 9.309
140 2 1 33.120 10.102 31.970 9.309
141 2 1 33.157 10.111 32.007 9.318
142 2 1 33.212 10.120 32.062 9.327
143 2 1 33.249 10.120 32.099 9.327
144 2 1 33.304 10.129 32.154 9.336
145 2 1 33.359 10.111 32.209 9.317
146 2 1 33.396 10.120 32.246 9.326
147 2 1 33.433 10.129 32.283 9.335
148 2 1 33.469 10.138 32.320 9.345
149 2 1 33.524 10.138 32.375 9.344
150 2 1 33.579 10.128 32.430 9.335
151 2 1 33.635 10.119 32.485 9.326
152 2 1 33.690 10.100 32.540 9.307
153 2 1 33.745 10.091 32.595 9.298
154 2 1 33.781 10.109 32.632 9.316
155 2 1 33.836 10.100 32.687 9.307
156 2 1 33.892 10.109 32.742 9.316
157 2 1 33.928 10.091 32.779 9.298
158 2 1 33.965 10.109 32.816 9.316
159 2 1 34.020 10.118 32.871 9.325
160 2 1 34.057 10.127 32.908 9.334
161 2 1 34.093 10.127 32.944 9.334
162 2 1 34.130 10.136 32.981 9.343
163 2 1 34.167 10.127 33.018 9.334
164 2 1 34.222 10.154 33.073 9.361
165 2 1 34.259 10.163 33.110 9.370
166 2 1 34.314 10.172 33.165 9.379
167 2 1 34.350 10.172 33.202 9.379
168 2 1 34.406 10.181 33.257 9.388
169 2 1 34.461 10.162 33.312 9.370
170 2 1 34.497 10.171 33.349 9.379
171 2 1 34.552 10.162 33.404 9.369
172 2 1 34.607 10.180 33.459 9.388
173 2 1 34.644 10.171 33.495 9.378
174 2 1 34.699 10.180 33.551 9.387
175 2 1 34.736 10.189 33.587 9.396
176 2 1 34.791 10.189 33.642 9.396
177 2 1 34.827 10.180 33.679 9.387
178 2 1 34.864 10.198 33.716 9.405
179 2 1 34.919 10.189 33.771 9.396
180 2 1 34.974 10.179 33.826 9.387
181 2 1 35.011 10.170 33.863 9.377
182 2 1 35.066 10.170 33.918 9.377
0 3 1 27.305 11.018 26.326 10.176
1 3 1 27.333 11.046 26.308 10.167
2 3 1 27.379 11.037 26.354 10.158
3 3 1 27.407 11.046 26.382 10.167
4 3 1 27.462 11.045 26.437 10.167
5 3 1 27.481 11.036 26.456 10.157
6 3 1 27.555 11.045 26.530 10.166
7 3 1 27.610 11.045 26.585 10.166
8 3 1 27.601 11.036 26.576 10.157
9 3 1 27.703 11.063 26.678 10.184
10 3 1 27.758 11.063 26.733 10.184
11 3 1 27.620 10.944 26.594 10.065
12 3 1 27.850 11.063 26.825 10.184
13 3 1 27.906 11.062 26.881 10.184
14 3 1 27.971 11.108 26.946 10.229
15 3 1 27.980 11.062 26.955 10.183
16 3 1 28.017 11.062 26.992 10.183
17 3 1 28.045 11.044 27.020 10.165
18 3 1 28.109 11.062 27.084 10.183
19 3 1 28.165 11.080 27.140 10.201
20 3 1 28.211 11.080 27.186 10.201
21 3 1 28.257 11.080 27.232 10.201
22 3 1 28.312 11.098 27.288 10.219
23 3 1 28.349 11.098 27.325 10.219
24 3 1 28.405 11.097 27.380 10.219
25 3 1 28.460 11.097 27.436 10.219
26 3 1 28.497 11.106 27.472 10.228
27 3 1 28.552 11.115 27.528 10.237
28 3 1 28.608 11.134 27.583 10.255
29 3 1 28.645 11.133 27.620 10.255
30 3 1 28.700 11.133 27.676 10.255
31 3 1 28.756 11.151 27.731 10.273
32 3 1 28.774 11.142 27.750 10.264
33 3 1 28.848 11.151 27.824 10.273
34 3 1 28.885 11.151 27.860 10.273
35 3 1 28.922 11.151 27.897 10.273
36 3 1 28.802 11.032 27.981 10.272
37 3 1 28.876 11.068 27.916 10.227
38 3 1 28.922 11.077 27.962 10.236
39 3 1 28.950 11.068 27.990 10.226
40 3 1 28.996 11.077 28.036 10.235
41 3 1 29.042 11.068 28.082 10.226
42 3 1 29.088 11.077 28.128 10.235
43 3 1 29.134 11.068 28.175 10.226
44 3 1 29.180 11.058 28.221 10.217
45 3 1 29.208 11.049 28.248 10.207
46 3 1 29.273 11.058 28.313 10.216
47 3 1 29.319 11.049 28.359 10.207
48 3 1 29.346 11.039 28.387 10.198
49 3 1 29.374 11.030 28.415 10.189
50 3 1 29.439 11.039 28.479 10.198
51 3 1 29.466 11.030 28.507 10.188
52 3 1 29.512 11.039 28.553 10.197
53 3 1 29.540 11.029 28.581 10.188
54 3 1 29.586 11.039 28.627 10.197
55 3 1 29.614 11.029 28.655 10.188
56 3 1 29.660 11.038 28.701 10.197
57 3 1 29.688 11.029 28.728 10.188
58 3 1 29.734 11.038 28.775 10.197
59 3 1 29.761 11.029 28.802 10.187
60 3 1 29.808 11.038 28.848 10.196
61 3 1 29.835 11.029 28.876 10.187
62 3 1 29.881 11.038 28.922 10.196
63 3 1 29.909 11.028 28.950 10.187
64 3 1 29.955 11.037 28.996 10.196
65 3 1 30.001 11.028 29.042 10.187
66 3 1 30.029 11.037 29.070 10.196
67 3 1 30.057 11.028 29.098 10.187
68 3 1 30.084 11.037 29.125 10.196
69 3 1 30.112 11.028 29.153 10.186
70 3 1 30.140 11.018 29.181 10.177
71 3 1 30.167 11.009 29.208 10.168
72 3 1 30.195 11.018 29.236 10.177
73 3 1 30.222 10.991 29.264 10.149
74 3 1 30.269 11.000 29.310 10.158
75 3 1 30.296 10.972 29.337 10.131
76 3 1 30.646 10.925 29.559 10.121
77 3 1 30.591 10.934 29.605 10.112
78 3 1 30.610 10.925 29.623 10.103
79 3 1 30.646 10.916 29.660 10.093
80 3 1 30.665 10.907 29.679 10.084
81 3 1 30.683 10.897 29.697 10.075
82 3 1 30.720 10.870 29.734 10.047
83 3 1 30.757 10.860 29.771 10.038
84 3 1 30.794 10.833 29.808 10.010
85 3 1 30.831 10.823 29.844 10.001
86 3 1 30.867 10.814 29.881 9.992
87 3 1 30.904 10.805 29.918 9.983
88 3 1 30.923 10.796 29.937 9.973
89 3 1 30.960 10.805 29.974 9.982
90 3 1 30.978 10.796 29.992 9.973
91 3 1 31.015 10.786 30.029 9.964
92 3 1 31.052 10.777 30.066 9.955
93 3 1 31.070 10.786 30.084 9.964
94 3 1 31.088 10.777 30.103 9.955
95 3 1 31.125 10.786 30.139 9.964
96 3 1 31.144 10.777 30.158 9.954
97 3 1 31.181 10.786 30.195 9.964
98 3 1 31.199 10.776 30.213 9.954
99 3 1 31.236 10.786 30.250 9.963
100 3 1 31.273 10.776 30.287 9.954
101 3 1 31.309 10.785 30.324 9.963
102 3 1 31.346 10.794 30.360 9.972
103 3 1 31.383 10.803 30.397 9.981
104 3 1 31.420 10.794 30.434 9.972
105 3 1 31.457 10.803 30.471 9.981
106 3 1 31.494 10.794 30.508 9.972
107 3 1 31.530 10.803 30.545 9.981
108 3 1 31.567 10.812 30.582 9.990
109 3 1 31.586 10.821 30.600 9.999
110 3 1 31.622 10.812 30.637 9.990
111 3 1 31.678 10.821 30.692 9.999
112 3 1 31.714 10.812 30.729 9.990
113 3 1 31.770 10.802 30.784 9.980
114 3 1 31.806 10.793 30.821 9.971
115 3 1 31.862 10.802 30.876 9.980
116 3 1 31.898 10.793 30.913 9.971
117 3 1 31.935 10.802 30.950 9.980
118 3 1 31.990 10.774 31.005 9.952
119 3 1 32.046 10.783 31.060 9.961
120 3 1 32.082 10.774 31.097 9.952
121 3 1 32.119 10.783 31.134 9.961
122 3 1 32.174 10.773 31.189 9.952
123 3 1 32.193 10.783 31.208 9.961
124 3 1 32.230 10.773 31.244 9.952
125 3 1 32.266 10.782 31.281 9.961
126 3 1 32.303 10.773 31.318 9.951
127 3 1 32.358 10.782 31.373 9.960
128 3 1 32.414 10.791 31.428 9.969
129 3 1 32.450 10.800 31.465 9.978
130 3 1 32.506 10.791 31.520 9.969
131 3 1 32.542 10.800 31.557 9.978
132 3 1 32.579 10.791 31.594 9.969
133 3 1 32.634 10.799 31.649 9.978
134 3 1 32.689 10.808 31.704 9.987
135 3 1 32.726 10.818 31.741 9.996
136 3 1 32.763 10.827 31.778 10.005
137 3 1 32.800 10.836 31.815 10.014
138 3 1 32.837 10.826 31.852 10.005
139 3 1 32.873 10.835 31.888 10.014
140 3 1 32.910 10.844 31.925 10.023
141 3 1 32.947 10.853 31.962 10.032
142 3 1 32.984 10.844 31.999 10.023
143 3 1 33.039 10.853 32.054 10.032
144 3 1 33.094 10.862 32.109 10.041
145 3 1 33.149 10.871 32.164 10.050
146 3 1 33.186 10.862 32.201 10.041
147 3 1 33.241 10.871 32.256 10.050
148 3 1 33.296 10.862 32.311 10.040
149 3 1 33.351 10.871 32.367 10.049
150 3 1 33.388 10.861 32.403 10.040
151 3 1 33.443 10.870 32.459 10.049
152 3 1 33.480 10.861 32.495 10.040
153 3 1 33.517 10.870 32.532 10.049
154 3 1 33.553 10.879 32.569 10.058
155 3 1 33.572 10.888 32.587 10.067
156 3 1 33.608 10.879 32.624 10.058
157 3 1 33.645 10.888 32.661 10.067
158 3 1 33.700 10.897 32.716 10.076
159 3 1 33.755 10.906 32.771 10.085
160 3 1 33.811 10.915 32.826 10.094
161 3 1 33.847 10.924 32.863 10.103
162 3 1 33.902 10.933 32.918 10.112
163 3 1 33.958 10.942 32.973 10.121
164 3 1 34.013 10.951 33.028 10.130
165 3 1 34.068 10.978 33.084 10.157
166 3 1 34.104 10.987 33.120 10.166
167 3 1 34.141 10.996 33.157 10.175
168 3 1 34.178 10.987 33.194 10.166
169 3 1 34.196 10.996 33.212 10.175
170 3 1 34.233 11.005 33.249 10.184
171 3 1 34.270 11.014 33.286 10.193
172 3 1 34.307 11.023 33.322 10.202
173 3 1 34.343 11.032 33.359 10.211
174 3 1 34.380 11.023 33.396 10.202
175 3 1 34.435 11.032 33.451 10.211
176 3 1 34.490 11.023 33.506 10.202
177 3 1 34.545 11.032 33.561 10.211
178 3 1 34.600 11.022 33.616 10.201
179 3 1 34.655 11.031 33.671 10.210
180 3 1 34.710 11.022 33.726 10.201
181 3 1 34.765 11.031 33.782 10.210
182 3 1 34.802 11.040 33.818 10.219
0 4 1 25.434 11.623 24.453 10.945
1 4 1 25.462 11.641 24.435 10.936
2 4 1 25.508 11.604 24.481 11.018
3 4 1 25.518 11.604 24.490 10.981
4 4 1 25.573 11.613 24.546 10.972
5 4 1 25.619 11.640 24.592 10.990
6 4 1 25.647 11.640 24.620 10.981
7 4 1 25.703 11.622 24.676 10.962
8 4 1 25.768 11.621 24.741 10.962
9 4 1 25.796 11.603 24.768 10.944
10 4 1 25.833 11.603 24.805 10.944
11 4 1 25.999 11.676 24.972 11.017
12 4 1 25.944 11.584 24.917 10.925
13 4 1 25.981 11.584 24.954 10.925
14 4 1 25.972 11.584 24.945 10.925
15 4 1 26.092 11.583 25.065 10.924
16 4 1 26.129 11.583 25.102 10.924
17 4 1 26.175 11.583 25.148 10.924
18 4 1 26.203 11.583 25.176 10.924
19 4 1 26.240 11.583 25.213 10.924
20 4 1 26.277 11.564 25.250 10.905
21 4 1 26.296 11.564 25.269 10.905
22 4 1 26.351 11.564 25.325 10.905
23 4 1 26.370 11.546 25.343 10.887
24 4 1 26.425 11.527 25.399 10.868
25 4 1 26.444 11.490 25.417 10.831
26 4 1 26.500 11.472 25.473 10.813
27 4 1 26.518 11.453 25.492 10.794
28 4 1 26.574 11.453 25.547 10.794
29 4 1 26.611 11.434 25.584 10.776
30 4 1 26.648 11.416 25.621 10.757
31 4 1 26.703 11.416 25.677 10.757
32 4 1 26.759 11.397 25.733 10.738
33 4 1 26.796 11.397 25.770 10.738
34 4 1 26.851 11.378 25.825 10.720
35 4 1 26.916 11.415 25.751 10.867
36 4 1 26.935 11.415 25.825 10.821
37 4 1 26.944 11.387 25.890 10.821
38 4 1 26.999 11.396 26.001 10.829
39 4 1 26.962 11.323 26.010 10.719
40 4 1 26.999 11.323 25.964 10.728
41 4 1 27.027 11.323 25.992 10.728
42 4 1 27.055 11.323 26.020 10.728
43 4 1 27.083 11.341 26.047 10.747
44 4 1 27.129 11.359 26.094 10.765
45 4 1 27.157 11.359 26.121 10.765
46 4 1 27.203 11.359 26.168 10.765
47 4 1 27.416 11.285 26.334 10.709
48 4 1 27.379 11.294 26.344 10.709
49 4 1 27.554 11.266 26.427 10.690
50 4 1 27.564 11.275 26.492 10.663
51 4 1 27.610 11.293 26.501 10.672
52 4 1 27.739 11.247 26.510 10.690
53 4 1 27.638 11.247 26.593 10.681
54 4 1 27.675 11.238 26.630 10.671
55 4 1 27.730 11.228 26.686 10.662
56 4 1 27.749 11.237 26.704 10.671
57 4 1 27.804 11.228 26.760 10.662
58 4 1 27.823 11.237 26.778 10.671
59 4 1 27.878 11.228 26.834 10.661
60 4 1 27.878 11.237 26.834 10.671
61 4 1 27.896 11.209 26.853 10.643
62 4 1 27.952 11.200 26.908 10.634
63 4 1 27.952 11.154 26.908 10.588
64 4 1 28.007 11.126 26.964 10.560
65 4 1 28.063 11.117 27.019 10.551
66 4 1 28.229 11.208 27.195 10.587
67 4 1 28.229 11.181 27.195 10.614
68 4 1 28.275 11.171 27.241 10.605
69 4 1 28.303 11.180 27.269 10.614
70 4 1 28.368 11.171 27.333 10.605
71 4 1 28.395 11.180 27.361 10.614
72 4 1 28.460 11.189 27.426 10.623
73 4 1 28.488 11.180 27.454 10.614
74 4 1 28.552 11.170 27.518 10.604
75 4 1 28.580 11.180 27.546 10.613
76 4 1 28.626 11.152 27.592 10.586
77 4 1 28.654 11.161 27.620 10.595
78 4 1 28.700 11.152 27.666 10.585
79 4 1 28.728 11.161 27.694 10.595
81 4 1 28.719 11.152 27.685 10.585
82 4 1 28.746 11.161 27.712 10.594
83 4 1 28.811 11.151 27.777 10.585
84 4 1 28.857 11.160 27.823 10.594
85 4 1 28.903 11.151 27.869 10.585
86 4 1 28.931 11.142 27.897 10.576
87 4 1 28.977 11.132 27.943 10.566
88 4 1 29.005 11.141 27.971 10.575
89 4 1 29.069 11.132 28.036 10.566
90 4 1 29.097 11.141 28.063 10.575
91 4 1 29.143 11.132 28.110 10.566
92 4 1 29.189 11.141 28.156 10.575
93 4 1 29.236 11.131 28.202 10.565
94 4 1 29.282 11.140 28.248 10.575
95 4 1 29.328 11.131 28.294 10.565
96 4 1 29.356 11.140 28.322 10.574
97 4 1 29.402 11.131 28.368 10.565
98 4 1 29.429 11.140 28.396 10.574
99 4 1 29.457 11.131 28.424 10.565
100 4 1 29.485 11.140 28.451 10.574
101 4 1 29.549 11.149 28.516 10.583
102 4 1 29.577 11.140 28.544 10.574
103 4 1 29.623 11.130 28.590 10.564
104 4 1 29.651 11.121 28.617 10.555
105 4 1 29.697 11.112 28.664 10.546
106 4 1 29.725 11.102 28.691 10.536
107 4 1 29.771 11.093 28.738 10.527
108 4 1 29.798 11.084 28.765 10.518
109 4 1 29.863 11.074 28.830 10.509
110 4 1 29.891 11.065 28.858 10.499
111 4 1 29.955 11.056 28.922 10.490
112 4 1 29.983 11.046 28.950 10.481
113 4 1 30.047 11.037 29.014 10.471
114 4 1 30.075 11.028 29.042 10.462
115 4 1 30.121 11.000 29.088 10.434
116 4 1 30.130 10.991 29.097 10.425
117 4 1 30.176 10.982 29.144 10.416
118 4 1 30.204 10.972 29.171 10.407
119 4 1 30.232 10.963 29.199 10.397
120 4 1 30.259 10.954 29.227 10.388
121 4 1 30.305 10.944 29.273 10.379
122 4 1 30.333 10.953 29.300 10.388
123 4 1 30.379 10.944 29.347 10.379
124 4 1 30.407 10.935 29.374 10.369
125 4 1 30.453 10.926 29.420 10.360
126 4 1 30.499 10.935 29.466 10.369
127 4 1 30.545 10.925 29.513 10.360
128 4 1 30.591 10.934 29.559 10.369
129 4 1 30.637 10.925 29.605 10.359
130 4 1 30.683 10.934 29.651 10.368
131 4 1 30.729 10.925 29.697 10.359
132 4 1 30.775 10.934 29.743 10.368
133 4 1 30.821 10.924 29.789 10.359
134 4 1 30.867 10.933 29.835 10.368
135 4 1 30.914 10.942 29.881 10.377
136 4 1 30.923 10.952 29.891 10.386
137 4 1 30.987 10.942 29.955 10.377
138 4 1 31.015 10.951 29.983 10.386
139 4 1 31.061 10.960 30.029 10.395
140 4 1 31.089 10.969 30.056 10.404
141 4 1 31.135 10.960 30.103 10.395
142 4 1 31.162 10.969 30.130 10.404
143 4 1 31.208 10.960 30.176 10.394
144 4 1 31.236 10.951 30.204 10.385
145 4 1 31.282 10.941 30.250 10.376
146 4 1 31.328 10.950 30.296 10.385
147 4 1 31.392 10.941 30.361 10.376
148 4 1 31.438 10.950 30.407 10.385
149 4 1 31.484 10.941 30.453 10.375
150 4 1 31.530 10.931 30.499 10.366
151 4 1 31.595 10.922 30.563 10.357
152 4 1 31.623 10.931 30.591 10.366
153 4 1 31.669 10.922 30.637 10.356
154 4 1 31.696 10.931 30.665 10.366
155 4 1 31.742 10.921 30.711 10.356
156 4 1 31.788 10.930 30.757 10.365
157 4 1 31.834 10.921 30.803 10.356
158 4 1 31.862 10.930 30.830 10.365
159 4 1 31.908 10.921 30.876 10.356
160 4 1 31.935 10.930 30.904 10.365
161 4 1 32.000 10.921 30.968 10.355
162 4 1 32.027 10.930 30.996 10.365
163 4 1 32.073 10.920 31.042 10.355
164 4 1 32.119 10.929 31.088 10.364
165 4 1 32.184 10.938 31.153 10.373
166 4 1 32.230 10.947 31.199 10.382
167 4 1 32.276 10.956 31.245 10.391
168 4 1 32.322 10.965 31.291 10.400
169 4 1 32.386 10.956 31.355 10.391
170 4 1 32.414 10.965 31.383 10.400
171 4 1 32.478 10.974 31.447 10.409
172 4 1 32.506 10.983 31.475 10.418
173 4 1 32.552 10.974 31.521 10.409
174 4 1 32.579 10.983 31.548 10.418
175 4 1 32.625 10.992 31.594 10.427
176 4 1 32.671 11.001 31.640 10.436
177 4 1 32.717 10.992 31.686 10.427
178 4 1 32.745 11.001 31.714 10.436
179 4 1 32.809 10.991 31.778 10.426
180 4 1 32.837 11.000 31.806 10.436
181 4 1 32.901 11.009 31.871 10.444
182 4 1 32.929 11.018 31.898 10.454
0 5 1 25.766 12.266 24.655 11.579
1 5 1 25.794 12.284 24.637 11.570
2 5 1 25.840 12.275 24.683 11.561
3 5 1 25.850 12.265 24.693 11.552
4 5 1 25.887 12.275 24.730 11.561
5 5 1 25.933 12.265 24.776 11.551
6 5 1 25.942 12.274 24.785 11.560
7 5 1 25.979 12.265 24.822 11.551
8 5 1 26.026 12.246 24.869 11.532
9 5 1 26.054 12.246 24.897 11.532
10 5 1 26.091 12.255 24.934 11.541
11 5 1 26.257 12.209 25.101 11.495
12 5 1 26.202 12.236 25.045 11.523
13 5 1 26.239 12.246 25.082 11.532
14 5 1 26.220 12.209 25.064 11.495
15 5 1 26.313 12.245 25.156 11.531
16 5 1 26.369 12.254 25.212 11.540
17 5 1 26.415 12.254 25.258 11.540
18 5 1 26.461 12.254 25.305 11.540
19 5 1 26.498 12.245 25.342 11.531
20 5 1 26.554 12.254 25.397 11.540
21 5 1 26.591 12.244 25.434 11.531
22 5 1 26.609 12.253 25.453 11.540
23 5 1 26.646 12.262 25.490 11.549
24 5 1 26.665 12.271 25.508 11.558
25 5 1 26.702 12.262 25.545 11.549
26 5 1 26.739 12.253 25.583 11.539
27 5 1 26.776 12.243 25.620 11.530
28 5 1 26.813 12.253 25.657 11.539
29 5 1 26.869 12.243 25.712 11.530
30 5 1 26.924 12.234 25.768 11.520
31 5 1 26.961 12.224 25.805 11.511
32 5 1 27.017 12.233 25.861 11.520
33 5 1 27.054 12.224 25.898 11.510
34 5 1 27.091 12.215 25.935 11.501
35 5 1 27.128 12.205 25.972 11.492
36 5 1 27.183 12.214 26.027 11.501
37 5 1 27.220 12.187 26.064 11.473
38 5 1 27.276 12.177 26.120 11.464
39 5 1 27.313 12.168 26.157 11.454
40 5 1 27.350 12.177 26.194 11.463
41 5 1 27.387 12.167 26.231 11.454
42 5 1 27.424 12.177 26.268 11.463
43 5 1 27.461 12.167 26.305 11.454
44 5 1 27.498 12.176 26.342 11.463
45 5 1 27.553 12.167 26.398 11.454
46 5 1 27.590 12.176 26.435 11.463
47 5 1 27.627 12.167 26.472 11.453
48 5 1 27.683 12.176 26.527 11.462
49 5 1 27.720 12.166 26.564 11.453
50 5 1 27.757 12.175 26.601 11.462
51 5 1 27.812 12.166 26.657 11.453
52 5 1 27.849 12.156 26.694 11.443
53 5 1 27.905 12.147 26.749 11.434
54 5 1 27.942 12.156 26.786 11.443
55 5 1 27.979 12.147 26.824 11.434
56 5 1 28.034 12.137 26.879 11.424
57 5 1 28.071 12.128 26.916 11.415
58 5 1 28.090 12.137 26.935 11.424
59 5 1 28.108 12.128 26.953 11.415
60 5 1 28.127 12.137 26.972 11.424
61 5 1 28.164 12.128 27.009 11.415
62 5 1 28.219 12.118 27.064 11.405
63 5 1 28.256 12.109 27.101 11.396
64 5 1 28.293 12.118 27.138 11.405
65 5 1 28.330 12.090 27.175 11.377
66 5 1 28.635 12.098 27.416 11.312
67 5 1 28.607 12.071 27.434 11.340
68 5 1 28.644 12.061 27.471 11.330
69 5 1 28.663 12.071 27.490 11.339
70 5 1 28.681 12.043 27.508 11.312
71 5 1 28.718 12.034 27.545 11.302
72 5 1 28.737 12.006 27.564 11.275
73 5 1 28.755 11.997 27.582 11.266
74 5 1 28.811 11.987 27.638 11.256
75 5 1 28.829 11.978 27.656 11.247
76 5 1 28.866 11.969 27.693 11.238
77 5 1 28.903 11.959 27.730 11.228
78 5 1 28.921 11.950 27.749 11.219
79 5 1 28.958 11.959 27.786 11.228
80 5 1 28.995 11.931 27.823 11.200
81 5 1 29.032 11.922 27.860 11.191
82 5 1 29.069 11.913 27.897 11.182
83 5 1 29.106 11.922 27.933 11.191
84 5 1 29.143 11.913 27.970 11.182
85 5 1 29.180 11.903 28.007 11.172
86 5 1 29.217 11.894 28.044 11.163
87 5 1 29.254 11.903 28.081 11.172
88 5 1 29.272 11.894 28.100 11.163
89 5 1 29.328 11.903 28.155 11.172
90 5 1 29.346 11.893 28.174 11.163
91 5 1 29.383 11.884 28.211 11.153
92 5 1 29.420 11.875 28.248 11.144
93 5 1 29.457 11.865 28.285 11.135
94 5 1 29.512 11.856 28.340 11.125
95 5 1 29.531 11.865 28.359 11.134
96 5 1 29.586 11.856 28.414 11.125
97 5 1 29.605 11.865 28.432 11.134
98 5 1 29.641 11.856 28.469 11.125
99 5 1 29.678 11.865 28.506 11.134
100 5 1 29.715 11.855 28.543 11.125
101 5 1 29.771 11.864 28.599 11.134
102 5 1 29.789 11.855 28.617 11.124
103 5 1 29.844 11.846 28.673 11.115
104 5 1 29.863 11.855 28.691 11.124
105 5 1 29.900 11.864 28.728 11.133
106 5 1 29.937 11.854 28.765 11.124
107 5 1 29.974 11.845 28.802 11.115
108 5 1 30.010 11.836 28.839 11.105
109 5 1 30.047 11.845 28.876 11.114
110 5 1 30.084 11.817 28.913 11.087
111 5 1 30.140 11.808 28.968 11.077
112 5 1 30.158 11.799 28.986 11.068
113 5 1 30.213 11.789 29.042 11.059
114 5 1 30.250 11.780 29.079 11.049
115 5 1 30.306 11.770 29.134 11.040
116 5 1 30.361 11.761 29.189 11.031
117 5 1 30.379 11.770 29.208 11.040
118 5 1 30.435 11.761 29.263 11.030
119 5 1 30.472 11.752 29.300 11.021
120 5 1 30.508 11.742 29.337 11.012
121 5 1 30.545 11.751 29.374 11.021
122 5 1 30.582 11.742 29.411 11.012
123 5 1 30.619 11.751 29.448 11.021
124 5 1 30.656 11.760 29.485 11.030
125 5 1 30.711 11.769 29.540 11.039
126 5 1 30.767 11.760 29.595 11.029
127 5 1 30.785 11.769 29.614 11.038
128 5 1 30.840 11.759 29.669 11.029
129 5 1 30.877 11.750 29.706 11.020
130 5 1 30.914 11.741 29.743 11.010
131 5 1 30.969 11.731 29.798 11.001
132 5 1 31.025 11.722 29.854 10.992
133 5 1 31.061 11.731 29.891 11.001
134 5 1 31.080 11.740 29.909 11.010
135 5 1 31.135 11.749 29.964 11.019
136 5 1 31.154 11.740 29.983 11.010
137 5 1 31.227 11.749 30.057 11.019
138 5 1 31.264 11.758 30.093 11.028
139 5 1 31.301 11.767 30.130 11.037
140 5 1 31.338 11.758 30.167 11.027
141 5 1 31.393 11.767 30.222 11.036
142 5 1 31.430 11.776 30.259 11.045
143 5 1 31.467 11.785 30.296 11.055
144 5 1 31.522 11.775 30.352 11.045
145 5 1 31.577 11.766 30.407 11.036
146 5 1 31.614 11.757 30.444 11.027
147 5 1 31.651 11.747 30.481 11.017
148 5 1 31.688 11.738 30.517 11.008
149 5 1 31.725 11.729 30.554 10.999
150 5 1 31.780 11.719 30.610 10.989
151 5 1 31.835 11.710 30.665 10.980
152 5 1 31.872 11.701 30.702 10.971
153 5 1 31.909 11.710 30.739 10.980
154 5 1 31.945 11.700 30.775 10.970
155 5 1 31.982 11.691 30.812 10.961
156 5 1 32.019 11.682 30.849 10.952
157 5 1 32.056 11.691 30.886 10.961
158 5 1 32.111 11.681 30.941 10.952
159 5 1 32.166 11.690 30.996 10.961
160 5 1 32.203 11.681 31.033 10.951
161 5 1 32.258 11.690 31.089 10.960
162 5 1 32.314 11.699 31.144 10.969
163 5 1 32.350 11.708 31.181 10.978
164 5 1 32.387 11.699 31.217 10.969
165 5 1 32.424 11.708 31.254 10.978
166 5 1 32.461 11.698 31.291 10.969
167 5 1 32.516 11.707 31.346 10.978
168 5 1 32.571 11.716 31.402 10.987
169 5 1 32.608 11.725 31.438 10.996
170 5 1 32.645 11.734 31.475 11.005
171 5 1 32.682 11.743 31.512 11.014
172 5 1 32.718 11.734 31.549 11.005
173 5 1 32.755 11.762 31.586 11.032
174 5 1 32.792 11.752 31.623 11.023
175 5 1 32.829 11.761 31.659 11.032
176 5 1 32.884 11.770 31.715 11.041
177 5 1 32.939 11.779 31.770 11.050
178 5 1 32.976 11.770 31.807 11.040
179 5 1 33.031 11.779 31.862 11.049
180 5 1 33.086 11.770 31.917 11.040
181 5 1 33.123 11.779 31.954 11.049
182 5 1 33.160 11.769 31.991 11.040
0 6 1 28.755 11.877 27.601 11.146
1 6 1 28.792 11.895 27.582 11.137
2 6 1 28.838 11.895 27.629 11.137
3 6 1 28.903 11.895 27.693 11.137
4 6 1 28.931 11.913 27.721 11.155
5 6 1 28.968 11.913 27.758 11.155
6 6 1 29.004 11.931 27.795 11.173
7 6 1 29.051 11.931 27.841 11.173
8 6 1 29.097 11.922 27.887 11.163
9 6 1 29.143 11.931 27.933 11.173
10 6 1 29.189 11.931 27.980 11.172
11 6 1 29.226 11.894 28.017 11.135
12 6 1 29.281 11.930 28.072 11.172
13 6 1 29.346 11.930 28.137 11.172
14 6 1 29.383 11.948 28.174 11.190
15 6 1 29.438 11.930 28.229 11.172
16 6 1 29.466 11.930 28.257 11.171
17 6 1 29.521 11.920 28.312 11.162
18 6 1 29.558 11.929 28.349 11.171
19 6 1 29.623 11.929 28.414 11.171
20 6 1 29.651 11.929 28.442 11.171
21 6 1 29.715 11.929 28.506 11.171
22 6 1 29.734 11.910 28.525 11.152
23 6 1 29.789 11.892 28.580 11.134
24 6 1 29.817 11.892 28.608 11.134
25 6 1 29.863 11.873 28.654 11.115
26 6 1 29.881 11.873 28.673 11.115
27 6 1 29.937 11.873 28.728 11.115
28 6 1 29.955 11.854 28.746 11.096
29 6 1 30.010 11.854 28.802 11.096
30 6 1 30.057 11.854 28.848 11.096
31 6 1 30.103 11.854 28.894 11.096
32 6 1 30.130 11.854 28.922 11.096
33 6 1 30.177 11.835 28.968 11.077
34 6 1 30.204 11.835 28.996 11.077
35 6 1 30.241 11.835 29.033 11.077
36 6 1 30.278 11.835 29.069 11.077
37 6 1 30.324 11.853 29.116 11.095
38 6 1 30.352 11.853 29.143 11.095
39 6 1 30.398 11.853 29.189 11.095
40 6 1 30.425 11.853 29.217 11.095
41 6 1 30.462 11.853 29.254 11.095
42 6 1 30.518 11.852 29.309 11.094
43 6 1 30.564 11.852 29.356 11.094
44 6 1 30.591 11.852 29.383 11.094
45 6 1 30.638 11.852 29.429 11.094
46 6 1 30.684 11.852 29.476 11.094
47 6 1 30.720 11.870 29.512 11.112
48 6 1 30.776 11.870 29.568 11.112
49 6 1 30.822 11.870 29.614 11.112
50 6 1 30.868 11.888 29.660 11.130
51 6 1 30.932 11.888 29.725 11.130
52 6 1 30.969 11.906 29.761 11.148
53 6 1 31.052 11.905 29.844 11.148
54 6 1 31.108 11.924 29.900 11.166
55 6 1 31.172 11.923 29.964 11.166
56 6 1 31.218 11.923 30.010 11.166
57 6 1 31.246 11.923 30.038 11.166
58 6 1 31.292 11.923 30.084 11.165
59 6 1 31.329 11.923 30.121 11.165
60 6 1 31.402 11.923 30.195 11.165
61 6 1 31.467 11.922 30.259 11.165
62 6 1 31.513 11.922 30.305 11.165
63 6 1 31.559 11.922 30.352 11.164
64 6 1 31.605 11.922 30.398 11.164
65 6 1 31.642 11.922 30.435 11.164
67 6 1 31.844 11.884 30.702 11.154
68 6 1 31.863 11.893 30.683 11.154
69 6 1 31.918 11.893 30.739 11.154
70 6 1 32.001 11.911 30.822 11.172
71 6 1 32.047 11.911 30.868 11.172
72 6 1 32.093 11.911 30.914 11.172
73 6 1 32.157 11.911 30.978 11.172
74 6 1 32.222 11.929 31.043 11.190
75 6 1 32.268 11.928 31.089 11.190
76 6 1 32.351 11.928 31.172 11.189
77 6 1 32.397 11.928 31.218 11.189
78 6 1 32.461 11.928 31.282 11.189
79 6 1 32.507 11.928 31.328 11.189
80 6 1 32.571 11.927 31.393 11.189
81 6 1 32.636 11.927 31.457 11.188
82 6 1 32.719 11.927 31.540 11.188
83 6 1 32.783 11.927 31.604 11.188
84 6 1 32.847 11.926 31.669 11.188
85 6 1 32.893 11.926 31.715 11.187
86 6 1 32.958 11.926 31.779 11.187
87 6 1 33.004 11.926 31.825 11.187
88 6 1 33.068 11.925 31.890 11.187
89 6 1 33.132 11.925 31.954 11.187
90 6 1 33.197 11.925 32.018 11.186
91 6 1 33.243 11.925 32.064 11.186
92 6 1 33.307 11.925 32.129 11.186
93 6 1 33.353 11.924 32.175 11.186
94 6 1 33.417 11.924 32.239 11.186
95 6 1 33.463 11.924 32.285 11.186
96 6 1 33.528 11.924 32.350 11.185
97 6 1 33.592 11.924 32.414 11.185
98 6 1 33.656 11.923 32.478 11.185
99 6 1 33.721 11.941 32.543 11.203
100 6 1 33.785 11.941 32.607 11.203
101 6 1 33.831 11.941 32.653 11.203
102 6 1 33.877 11.941 32.699 11.202
103 6 1 33.923 11.941 32.745 11.202
104 6 1 33.969 11.922 32.791 11.184
105 6 1 34.015 11.922 32.837 11.184
106 6 1 34.079 11.922 32.901 11.183
107 6 1 34.125 11.922 32.947 11.183
108 6 1 34.189 11.921 33.012 11.183
109 6 1 34.235 11.921 33.058 11.183
110 6 1 34.299 11.939 33.122 11.201
111 6 1 34.345 11.939 33.168 11.201
112 6 1 34.410 11.939 33.232 11.201
113 6 1 34.455 11.939 33.278 11.201
114 6 1 34.520 11.938 33.343 11.200
115 6 1 34.566 11.938 33.389 11.200
116 6 1 34.630 11.956 33.453 11.218
117 6 1 34.676 11.956 33.499 11.218
118 6 1 34.722 11.956 33.545 11.218
119 6 1 34.749 11.956 33.572 11.218
120 6 1 34.814 11.956 33.637 11.218
121 6 1 34.841 11.956 33.664 11.218
122 6 1 34.905 11.955 33.728 11.217
123 6 1 34.951 11.955 33.774 11.217
124 6 1 35.015 11.955 33.839 11.217
125 6 1 35.061 11.955 33.885 11.217
126 6 1 35.144 11.954 33.967 11.217
127 6 1 35.190 11.936 34.013 11.198
128 6 1 35.254 11.936 34.077 11.198
129 6 1 35.281 11.936 34.105 11.198
130 6 1 35.346 11.935 34.169 11.198
131 6 1 35.392 11.935 34.215 11.197
132 6 1 35.456 11.935 34.279 11.197
133 6 1 35.483 11.916 34.307 11.179
134 6 1 35.529 11.916 34.353 11.179
135 6 1 35.575 11.898 34.399 11.160
136 6 1 35.621 11.898 34.445 11.160
137 6 1 35.667 11.897 34.490 11.160
138 6 1 35.731 11.897 34.555 11.160
139 6 1 35.777 11.897 34.601 11.159
140 6 1 35.841 11.897 34.665 11.159
141 6 1 35.887 11.897 34.711 11.159
142 6 1 35.951 11.896 34.775 11.159
143 6 1 36.015 11.896 34.839 11.159
144 6 1 36.079 11.896 34.903 11.158
145 6 1 36.125 11.896 34.949 11.158
146 6 1 36.189 11.896 35.013 11.158
147 6 1 36.235 11.914 35.059 11.176
148 6 1 36.299 11.913 35.123 11.176
149 6 1 36.327 11.932 35.151 11.194
150 6 1 36.372 11.931 35.197 11.194
151 6 1 36.418 11.931 35.243 11.194
152 6 1 36.464 11.931 35.289 11.194
153 6 1 36.510 11.931 35.334 11.194
154 6 1 36.574 11.912 35.399 11.175
155 6 1 36.620 11.912 35.444 11.175
156 6 1 36.684 11.912 35.509 11.175
157 6 1 36.748 11.893 35.573 11.156
158 6 1 36.812 11.893 35.637 11.156
159 6 1 36.858 11.893 35.683 11.156
160 6 1 36.922 11.874 35.747 11.137
161 6 1 36.968 11.874 35.793 11.137
162 6 1 37.032 11.874 35.857 11.137
163 6 1 37.077 11.856 35.903 11.119
164 6 1 37.123 11.837 35.948 11.100
165 6 1 37.169 11.837 35.994 11.100
166 6 1 37.215 11.818 36.040 11.082
167 6 1 37.242 11.818 36.067 11.081
168 6 1 37.306 11.818 36.131 11.081
169 6 1 37.352 11.800 36.177 11.063
170 6 1 37.398 11.800 36.223 11.063
171 6 1 37.462 11.799 36.287 11.062
172 6 1 37.526 11.781 36.351 11.044
173 6 1 37.571 11.781 36.397 11.044
174 6 1 37.654 11.780 36.479 11.043
175 6 1 37.700 11.780 36.525 11.043
176 6 1 37.763 11.762 36.589 11.025
177 6 1 37.809 11.761 36.635 11.025
178 6 1 37.873 11.761 36.699 11.024
179 6 1 37.919 11.779 36.745 11.043
180 6 1 37.965 11.779 36.791 11.042
181 6 1 38.011 11.779 36.836 11.042
182 6 1 38.056 11.779 36.882 11.042
0 7 1 28.755 12.788 27.618 11.955
1 7 1 28.792 12.815 27.600 11.946
2 7 1 28.838 12.824 27.646 11.955
3 7 1 28.866 12.815 27.674 11.946
4 7 1 28.930 12.824 27.739 11.955
5 7 1 28.976 12.814 27.785 11.945
6 7 1 29.023 12.823 27.831 11.954
7 7 1 29.069 12.832 27.877 11.963
8 7 1 29.133 12.841 27.942 11.972
9 7 1 29.161 12.832 27.970 11.963
10 7 1 29.226 12.841 28.034 11.972
11 7 1 29.244 12.832 28.053 11.963
12 7 1 29.300 12.840 28.108 11.972
13 7 1 29.346 12.849 28.155 11.981
14 7 1 29.392 12.849 28.201 11.980
15 7 1 29.438 12.831 28.247 11.962
16 7 1 29.484 12.840 28.293 11.971
17 7 1 29.512 12.821 28.321 11.952
18 7 1 29.558 12.839 28.367 11.971
19 7 1 29.604 12.830 28.413 11.961
20 7 1 29.641 12.839 28.450 11.970
21 7 1 29.697 12.830 28.506 11.961
22 7 1 29.743 12.820 28.552 11.952
23 7 1 29.789 12.811 28.598 11.942
24 7 1 29.854 12.820 28.663 11.951
25 7 1 29.872 12.810 28.681 11.942
26 7 1 29.937 12.801 28.746 11.932
27 7 1 29.992 12.792 28.801 11.923
28 7 1 30.038 12.801 28.848 11.932
29 7 1 30.084 12.782 28.894 11.913
30 7 1 30.149 12.800 28.958 11.932
31 7 1 30.167 12.791 28.977 11.922
32 7 1 30.232 12.800 29.041 11.931
33 7 1 30.269 12.790 29.078 11.922
34 7 1 30.333 12.799 29.143 11.931
35 7 1 30.361 12.799 29.171 11.931
36 7 1 30.426 12.817 29.235 11.949
37 7 1 30.444 12.808 29.254 11.940
38 7 1 30.509 12.817 29.318 11.949
39 7 1 30.564 12.808 29.374 11.939
40 7 1 30.601 12.835 29.411 11.967
41 7 1 30.656 12.816 29.466 11.948
42 7 1 30.721 12.834 29.531 11.966
43 7 1 30.758 12.825 29.568 11.957
44 7 1 30.813 12.834 29.623 11.966
45 7 1 30.859 12.843 29.669 11.975
46 7 1 30.905 12.852 29.715 11.984
47 7 1 30.942 12.843 29.752 11.975
48 7 1 30.998 12.852 29.808 11.984
49 7 1 31.034 12.842 29.844 11.974
50 7 1 31.099 12.842 29.909 11.974
51 7 1 31.154 12.860 29.964 11.992
52 7 1 31.191 12.869 30.001 12.001
53 7 1 31.246 12.860 30.057 11.992
54 7 1 31.311 12.869 30.121 12.001
55 7 1 31.375 12.859 30.186 11.991
56 7 1 31.431 12.850 30.241 11.982
57 7 1 31.486 12.840 30.296 11.973
58 7 1 31.550 12.849 30.361 11.981
59 7 1 31.597 12.831 30.407 11.963
60 7 1 31.661 12.849 30.472 11.981
61 7 1 31.698 12.858 30.509 11.990
62 7 1 31.762 12.867 30.573 11.999
63 7 1 31.818 12.876 30.628 12.008
64 7 1 31.882 12.885 30.693 12.017
65 7 1 31.928 12.885 30.739 12.017
66 7 1 31.993 12.903 30.804 12.035
67 7 1 32.030 12.884 30.840 12.016
68 7 1 32.094 12.911 30.905 12.044
69 7 1 32.168 12.911 30.979 12.043
70 7 1 32.223 12.938 31.034 12.071
71 7 1 32.297 12.929 31.108 12.061
72 7 1 32.361 12.956 31.172 12.089
73 7 1 32.426 12.938 31.237 12.070
74 7 1 32.481 12.956 31.292 12.088
75 7 1 32.536 12.946 31.347 12.079
76 7 1 32.600 12.955 31.412 12.088
77 7 1 32.646 12.955 31.458 12.088
78 7 1 32.711 12.973 31.522 12.106
79 7 1 32.748 12.954 31.559 12.087
80 7 1 32.812 12.973 31.624 12.105
81 7 1 32.867 12.982 31.679 12.114
82 7 1 32.950 12.990 31.762 12.123
83 7 1 32.996 12.981 31.808 12.114
84 7 1 33.079 12.990 31.891 12.123
85 7 1 33.116 12.980 31.927 12.113
86 7 1 33.199 12.980 32.010 12.113
87 7 1 33.254 12.980 32.066 12.113
88 7 1 33.318 12.989 32.130 12.122
89 7 1 33.364 12.979 32.176 12.112
90 7 1 33.429 12.988 32.240 12.121
91 7 1 33.465 12.979 32.277 12.112
92 7 1 33.530 12.979 32.342 12.112
93 7 1 33.585 12.997 32.397 12.130
94 7 1 33.649 13.006 32.461 12.139
95 7 1 33.695 12.996 32.507 12.129
96 7 1 33.760 13.005 32.572 12.138
97 7 1 33.796 12.996 32.608 12.129
98 7 1 33.861 12.996 32.673 12.129
99 7 1 33.934 13.014 32.747 12.147
100 7 1 33.989 13.013 32.802 12.147
101 7 1 34.063 13.013 32.875 12.146
102 7 1 34.127 13.022 32.940 12.155
103 7 1 34.164 13.013 32.976 12.146
104 7 1 34.228 13.012 33.041 12.146
105 7 1 34.283 13.012 33.096 12.145
106 7 1 34.348 13.021 33.160 12.154
107 7 1 34.394 13.012 33.206 12.145
108 7 1 34.458 13.002 33.271 12.136
109 7 1 34.495 12.993 33.307 12.126
110 7 1 34.559 12.974 33.372 12.108
111 7 1 34.614 12.974 33.427 12.108
112 7 1 34.678 12.983 33.491 12.116
113 7 1 34.724 12.955 33.537 12.089
114 7 1 34.807 12.964 33.620 12.098
115 7 1 34.844 12.927 33.657 12.061
116 7 1 34.908 12.936 33.721 12.070
117 7 1 34.954 12.908 33.767 12.042
118 7 1 35.027 12.926 33.840 12.060
119 7 1 35.073 12.917 33.886 12.051
120 7 1 35.119 12.908 33.932 12.041
121 7 1 35.165 12.898 33.978 12.032
122 7 1 35.220 12.898 34.033 12.032
123 7 1 35.266 12.898 34.079 12.032
124 7 1 35.312 12.907 34.125 12.041
125 7 1 35.367 12.897 34.180 12.031
126 7 1 35.431 12.906 34.245 12.040
127 7 1 35.468 12.897 34.281 12.031
128 7 1 35.532 12.897 34.346 12.031
129 7 1 35.605 12.896 34.419 12.030
130 7 1 35.660 12.905 34.474 12.039
131 7 1 35.715 12.896 34.529 12.030
132 7 1 35.761 12.905 34.575 12.039
133 7 1 35.807 12.896 34.621 12.030
134 7 1 35.862 12.886 34.676 12.020
135 7 1 35.908 12.877 34.722 12.011
136 7 1 35.981 12.886 34.795 12.020
137 7 1 36.009 12.867 34.823 12.001
138 7 1 36.073 12.885 34.887 12.019
139 7 1 36.119 12.867 34.933 12.001
140 7 1 36.165 12.867 34.979 12.001
141 7 1 36.210 12.857 35.025 11.991
142 7 1 36.275 12.866 35.089 12.000
143 7 1 36.311 12.838 35.126 11.973
144 7 1 36.385 12.829 35.199 11.963
145 7 1 36.421 12.820 35.236 11.954
146 7 1 36.494 12.801 35.309 11.935
147 7 1 36.540 12.801 35.355 11.935
148 7 1 36.586 12.782 35.401 11.917
149 7 1 36.632 12.782 35.446 11.917
150 7 1 36.696 12.791 35.511 11.926
151 7 1 36.733 12.773 35.547 11.907
152 7 1 36.788 12.772 35.602 11.907
153 7 1 36.833 12.763 35.648 11.898
154 7 1 36.879 12.772 35.694 11.907
155 7 1 36.916 12.753 35.731 11.888
156 7 1 36.989 12.771 35.804 11.906
157 7 1 37.026 12.753 35.841 11.888
158 7 1 37.099 12.771 35.914 11.906
159 7 1 37.145 12.762 35.960 11.896
160 7 1 37.209 12.771 36.024 11.905
161 7 1 37.246 12.752 36.061 11.887
162 7 1 37.319 12.770 36.134 11.905
163 7 1 37.355 12.752 36.171 11.886
164 7 1 37.429 12.770 36.244 11.904
165 7 1 37.447 12.760 36.262 11.895
166 7 1 37.520 12.769 36.336 11.904
167 7 1 37.539 12.760 36.354 11.895
168 7 1 37.612 12.769 36.427 11.904
169 7 1 37.648 12.750 36.464 11.885
170 7 1 37.722 12.750 36.537 11.885
171 7 1 37.758 12.741 36.574 11.876
172 7 1 37.813 12.731 36.629 11.866
173 7 1 37.868 12.713 36.684 11.848
174 7 1 37.941 12.713 36.757 11.848
175 7 1 37.978 12.694 36.793 11.829
176 7 1 38.051 12.694 36.867 11.829
177 7 1 38.097 12.684 36.912 11.820
178 7 1 38.161 12.675 36.977 11.810
179 7 1 38.197 12.657 37.013 11.792
180 7 1 38.243 12.675 37.059 11.810
181 7 1 38.289 12.656 37.105 11.791
182 7 1 38.353 12.656 37.169 11.791
0 12 2 31.700 5.227 30.882 3.405
1 12 2 31.645 5.272 30.836 3.423
2 12 2 31.654 5.336 30.864 3.496
3 12 2 31.654 5.327 30.855 3.487
4 12 2 31.673 5.391 30.873 3.550
5 12 2 31.673 5.455 30.873 3.614
6 12 2 31.691 5.555 30.891 3.714
7 12 2 31.710 5.637 30.910 3.796
8 12 2 31.728 5.719 30.928 3.878
9 12 2 31.747 5.801 30.947 3.960
10 12 2 31.747 5.883 30.947 4.042
11 12 2 31.765 5.947 30.965 4.106
12 12 2 31.765 6.047 30.965 4.206
13 12 2 31.784 6.111 30.984 4.270
14 12 2 31.784 6.193 30.984 4.352
15 12 2 31.802 6.275 31.002 4.434
16 12 2 31.802 6.357 31.002 4.516
17 12 2 31.821 6.421 31.020 4.580
18 12 2 31.821 6.503 31.020 4.662
19 12 2 31.821 6.567 31.021 4.725
20 12 2 31.821 6.649 31.021 4.807
21 12 2 31.839 6.732 31.039 4.889
22 12 2 31.839 6.814 31.039 4.972
23 12 2 31.839 6.878 31.039 5.035
24 12 2 31.839 6.960 31.039 5.117
25 12 2 31.840 7.024 31.039 5.181
26 12 2 31.840 7.106 31.039 5.263
27 12 2 31.840 7.170 31.039 5.327
28 12 2 31.840 7.252 31.039 5.409
29 12 2 31.840 7.316 31.039 5.473
30 12 2 31.840 7.398 31.039 5.555
31 12 2 31.840 7.462 31.039 5.619
32 12 2 31.840 7.544 31.039 5.701
33 12 2 31.840 7.608 31.039 5.765
34 12 2 31.859 7.672 31.058 5.829
35 12 2 31.859 7.736 31.058 5.893
36 12 2 31.859 7.818 31.058 5.975
37 12 2 31.859 7.882 31.058 6.039
38 12 2 31.859 7.965 31.058 6.121
39 12 2 31.859 8.029 31.058 6.185
40 12 2 31.859 8.111 31.058 6.267
41 12 2 31.859 8.157 31.058 6.312
42 12 2 31.859 8.239 31.058 6.395
43 12 2 31.859 8.285 31.058 6.440
44 12 2 31.859 8.367 31.058 6.522
45 12 2 31.859 8.413 31.058 6.568
46 12 2 31.859 8.477 31.058 6.632
47 12 2 31.859 8.541 31.058 6.696
48 12 2 31.859 8.605 31.058 6.760
49 12 2 31.860 8.669 31.058 6.824
50 12 2 31.860 8.751 31.059 6.906
51 12 2 31.860 8.797 31.059 6.952
52 12 2 31.860 8.861 31.059 7.015
53 12 2 31.860 8.925 31.059 7.079
54 12 2 31.878 8.989 31.077 7.143
55 12 2 31.934 9.254 30.976 7.189
56 12 2 32.017 9.373 30.976 7.299
57 12 2 32.017 9.400 30.994 7.399
58 12 2 31.998 9.419 30.994 7.454
59 12 2 32.044 9.473 30.994 7.463
60 12 2 32.118 9.482 30.985 7.472
61 12 2 32.053 9.464 31.050 7.527
62 12 2 31.971 9.492 31.041 7.619
63 12 2 31.962 9.547 31.013 7.628
64 12 2 31.870 9.648 31.013 7.655
65 12 2 31.897 9.803 31.013 7.683
66 12 2 31.897 9.693 31.013 7.774
67 12 2 31.851 9.822 31.032 7.984
68 12 2 31.861 9.886 31.022 8.012
69 12 2 31.916 9.858 31.022 8.076
70 12 2 31.870 10.069 30.995 8.131
71 12 2 31.870 10.179 30.995 8.213
72 12 2 31.861 10.133 30.995 8.240
73 12 2 31.852 10.188 30.986 8.295
74 12 2 31.787 10.197 31.032 8.350
75 12 2 31.769 10.234 31.041 8.359
76 12 2 31.760 10.307 31.032 8.359
77 12 2 31.769 10.417 31.050 8.313
78 12 2 31.824 10.298 30.995 8.423
79 12 2 31.815 10.353 30.986 8.478
80 12 2 31.834 10.454 31.004 8.579
81 12 2 31.815 10.500 30.986 8.625
82 12 2 31.825 10.555 30.995 8.679
83 12 2 31.825 10.646 30.995 8.771
84 12 2 31.806 10.701 30.977 8.826
85 12 2 31.797 10.775 30.968 8.899
86 12 2 31.770 10.830 30.940 8.954
87 12 2 31.797 10.940 30.968 9.064
88 12 2 31.788 11.013 30.959 9.137
89 12 2 31.788 11.096 30.959 9.220
90 12 2 31.788 11.178 30.959 9.302
91 12 2 31.779 11.251 30.950 9.375
92 12 2 31.770 11.325 30.940 9.449
93 12 2 31.761 11.417 30.931 9.540
94 12 2 31.770 11.490 30.940 9.613
95 12 2 31.761 11.563 30.931 9.687
96 12 2 31.715 11.866 31.051 9.851
97 12 2 31.716 11.976 31.051 9.934
98 12 2 31.798 11.894 30.987 10.016
99 12 2 31.780 11.976 30.968 10.099
100 12 2 31.771 12.068 30.959 10.191
101 12 2 31.789 12.141 30.978 10.264
102 12 2 31.771 12.233 30.959 10.356
103 12 2 31.762 12.343 30.950 10.466
104 12 2 31.744 12.435 30.932 10.557
105 12 2 31.744 12.527 30.932 10.649
106 12 2 31.735 12.619 30.923 10.741
107 12 2 31.744 12.692 30.932 10.814
108 12 2 31.735 12.784 30.923 10.906
109 12 2 31.726 12.895 30.914 11.016
110 12 2 31.716 13.005 30.904 11.126
111 12 2 31.707 13.097 30.895 11.218
112 12 2 31.698 13.170 30.886 11.291
113 12 2 31.707 13.262 30.895 11.383
114 12 2 31.698 13.391 30.886 11.511
115 12 2 31.689 13.464 30.877 11.585
116 12 2 31.680 13.556 30.868 11.677
117 12 2 31.671 13.685 30.859 11.805
118 12 2 31.662 13.759 30.850 11.879
119 12 2 31.653 13.851 30.840 11.971
120 12 2 31.644 13.961 30.831 12.081
121 12 2 31.634 14.053 30.822 12.173
122 12 2 31.625 14.145 30.813 12.264
123 12 2 31.616 14.256 30.804 12.375
124 12 2 31.607 14.348 30.794 12.467
125 12 2 31.598 14.440 30.785 12.559
126 12 2 31.570 14.550 30.758 12.669
127 12 2 31.580 14.642 30.767 12.761
128 12 2 31.552 14.734 30.739 12.853
129 12 2 31.561 14.845 30.749 12.963
130 12 2 31.534 14.955 30.721 13.073
131 12 2 31.525 15.048 30.712 13.165
132 12 2 31.516 15.140 30.703 13.257
133 12 2 31.506 15.250 30.693 13.368
134 12 2 31.479 15.343 30.666 13.460
135 12 2 31.470 15.435 30.657 13.552
136 12 2 31.442 15.545 30.629 13.662
137 12 2 31.433 15.656 30.620 13.773
138 12 2 31.405 15.748 30.592 13.865
139 12 2 31.396 15.840 30.583 13.957
140 12 2 31.369 15.951 30.555 14.068
141 12 2 31.359 16.062 30.546 14.178
142 12 2 31.332 16.154 30.518 14.270
143 12 2 31.323 16.246 30.509 14.362
144 12 2 31.295 16.357 30.482 14.473
145 12 2 31.286 16.468 30.472 14.584
146 12 2 31.258 16.560 30.445 14.676
147 12 2 31.231 16.653 30.417 14.768
148 12 2 31.203 16.764 30.389 14.879
149 12 2 31.194 16.874 30.380 14.989
150 12 2 31.166 16.967 30.352 15.082
151 12 2 31.138 17.059 30.325 15.174
152 12 2 31.111 17.170 30.297 15.285
153 12 2 31.083 17.263 30.269 15.377
154 12 2 31.055 17.355 30.242 15.469
155 12 2 31.028 17.466 30.214 15.580
156 12 2 30.982 17.559 30.168 15.672
157 12 2 30.972 17.651 30.159 15.765
158 12 2 30.926 17.762 30.112 15.876
159 12 2 30.899 17.855 30.085 15.968
160 12 2 30.871 17.929 30.057 16.042
161 12 2 30.843 18.022 30.029 16.134
162 12 2 30.797 18.133 29.983 16.245
163 12 2 30.769 18.225 29.955 16.338
164 12 2 30.723 18.300 29.909 16.412
165 12 2 30.695 18.392 29.881 16.504
166 12 2 30.649 18.503 29.835 16.615
167 12 2 30.622 18.578 29.807 16.689
168 12 2 30.649 18.568 29.613 16.949
169 12 2 30.538 18.689 29.724 16.810
170 12 2 30.492 18.773 29.678 16.893
171 12 2 30.446 18.838 29.632 16.958
172 12 2 30.418 18.940 29.604 17.060
173 12 2 30.353 19.005 29.539 17.125
174 12 2 30.326 19.107 29.511 17.227
175 12 2 30.261 19.172 29.446 17.292
176 12 2 30.215 19.274 29.400 17.394
177 12 2 30.168 19.339 29.354 17.459
178 12 2 30.122 19.423 29.307 17.542
179 12 2 30.057 19.488 29.243 17.607
180 12 2 30.011 19.572 29.196 17.691
181 12 2 29.946 19.637 29.131 17.756
182 12 2 30.215 19.700 28.909 18.016
