0 0 2 53.570 12.540 55.626 13.525
1 0 2 53.509 12.515 55.662 13.537
2 0 2 53.339 12.526 55.492 13.548
3 0 2 53.169 12.536 55.323 13.558
4 0 2 52.975 12.522 55.129 13.544
5 0 2 52.781 12.532 54.935 13.554
6 0 2 52.610 12.542 54.765 13.565
7 0 2 52.465 12.553 54.619 13.576
8 0 2 52.270 12.539 54.425 13.561
9 0 2 52.076 12.549 54.231 13.572
10 0 2 51.881 12.559 54.036 13.582
11 0 2 51.687 12.569 53.842 13.592
12 0 2 51.492 12.579 53.648 13.602
13 0 2 51.322 12.614 53.478 13.637
14 0 2 51.127 12.624 53.283 13.647
15 0 2 50.932 12.634 53.089 13.657
16 0 2 50.738 12.644 52.894 13.668
17 0 2 50.543 12.654 52.700 13.678
18 0 2 50.373 12.665 52.530 13.688
19 0 2 50.178 12.699 52.335 13.723
20 0 2 49.983 12.685 52.140 13.709
21 0 2 49.788 12.695 51.946 13.719
22 0 2 49.593 12.705 51.751 13.729
23 0 2 49.374 12.740 51.532 13.764
24 0 2 49.155 12.725 51.313 13.749
25 0 2 48.959 12.760 51.118 13.784
26 0 2 48.777 12.770 50.935 13.794
27 0 2 48.569 12.780 50.729 13.804
28 0 2 48.350 12.790 50.509 13.814
29 0 2 48.130 12.800 50.290 13.824
30 0 2 47.935 12.810 50.095 13.835
31 0 2 47.740 12.820 49.900 13.845
32 0 2 47.557 12.831 49.717 13.855
33 0 2 47.325 12.840 49.486 13.865
34 0 2 47.105 12.850 49.266 13.875
35 0 2 46.922 12.861 49.083 13.886
36 0 2 46.690 12.870 48.852 13.896
37 0 2 46.446 12.880 48.608 13.905
38 0 2 46.238 12.890 48.400 13.915
39 0 2 46.055 12.900 48.217 13.926
40 0 2 45.811 12.910 47.973 13.936
41 0 2 45.591 12.920 47.754 13.946
42 0 2 45.395 12.930 47.558 13.956
43 0 2 45.199 12.965 47.363 13.991
44 0 2 44.979 12.975 47.143 14.001
45 0 2 44.735 12.985 46.899 14.010
46 0 2 44.514 12.994 46.679 14.020
47 0 2 44.306 13.029 46.471 14.055
48 0 2 44.074 13.039 46.238 14.065
49 0 2 43.878 13.074 46.043 14.100
50 0 2 43.633 13.083 45.798 14.110
51 0 2 43.412 13.118 45.578 14.144
52 0 2 43.167 13.127 45.333 14.154
53 0 2 42.922 13.162 45.088 14.188
54 0 2 42.701 13.172 44.868 14.198
55 0 2 42.505 13.206 44.672 14.233
56 0 2 42.260 13.241 44.427 14.267
57 0 2 42.039 13.251 44.206 14.278
58 0 2 41.794 13.260 43.962 14.287
59 0 2 41.631 13.528 43.275 14.317
60 0 2 41.397 13.587 43.115 14.463
61 0 2 41.213 13.585 42.919 14.412
62 0 2 40.981 13.571 42.600 14.421
63 0 2 40.512 13.738 42.478 14.444
64 0 2 40.441 13.590 42.195 14.491
65 0 2 40.365 13.699 41.826 14.561
66 0 2 39.947 13.806 41.570 14.448
67 0 2 39.407 13.800 41.459 14.533
68 0 2 39.579 13.777 41.152 14.566
69 0 2 39.257 13.921 41.090 14.590
70 0 2 39.073 13.920 40.734 14.624
71 0 2 38.805 13.794 40.551 14.511
72 0 2 38.546 13.853 40.207 14.569
73 0 2 38.446 13.962 40.082 14.728
74 0 2 38.385 13.949 40.168 14.729
75 0 2 38.151 13.959 39.934 14.739
76 0 2 37.721 13.955 39.196 14.818
77 0 2 37.535 14.002 39.135 14.743
78 0 2 37.486 13.990 39.234 14.756
79 0 2 37.265 14.012 39.012 14.779
80 0 2 36.661 14.031 38.483 14.798
81 0 2 36.303 14.088 38.102 14.807
82 0 2 35.859 14.121 37.794 14.829
83 0 2 35.836 14.035 37.547 14.851
84 0 2 35.835 14.084 37.572 14.826
85 0 2 35.157 14.126 37.005 14.882
86 0 2 35.268 14.140 37.005 14.882
87 0 2 35.058 14.162 36.796 14.905
88 0 2 34.823 14.209 36.561 14.952
89 0 2 34.539 14.231 36.277 14.974
90 0 2 34.305 14.228 36.043 14.972
91 0 2 34.045 14.250 35.784 14.994
92 0 2 33.786 14.273 35.525 15.016
93 0 2 33.527 14.270 35.266 15.013
94 0 2 33.268 14.267 35.007 15.011
95 0 2 33.008 14.265 34.748 15.008
96 0 2 32.749 14.262 34.489 15.006
97 0 2 32.465 14.259 34.206 15.003
98 0 2 32.206 14.257 33.946 15.001
99 0 2 31.947 14.230 33.688 14.973
100 0 2 31.712 14.252 33.453 14.996
101 0 2 31.428 14.225 33.169 14.969
102 0 2 31.193 14.222 32.935 14.966
103 0 2 30.933 14.220 32.675 14.964
104 0 2 30.500 14.252 32.132 14.922
105 0 2 30.476 14.215 32.206 14.947
106 0 2 30.253 14.201 31.984 14.932
107 0 2 29.734 14.183 31.157 14.863
108 0 2 29.474 14.156 31.145 14.826
109 0 2 29.227 14.129 30.947 14.799
110 0 2 29.041 14.164 30.429 14.732
111 0 2 28.709 14.037 30.441 14.745
112 0 2 28.474 13.986 30.206 14.718
113 0 2 28.238 14.045 29.700 14.676
114 0 2 27.929 14.017 29.404 14.612
115 0 2 27.669 13.978 29.232 14.548
116 0 2 27.657 13.953 29.317 14.598
117 0 2 27.397 13.926 29.058 14.571
118 0 2 27.150 13.898 28.811 14.544
119 0 2 26.903 13.847 28.564 14.492
120 0 2 26.470 13.781 27.958 14.400
121 0 2 26.421 13.780 28.070 14.413
122 0 2 26.198 13.741 27.847 14.374
123 0 2 25.951 13.701 27.600 14.335
124 0 2 25.666 13.637 27.316 14.270
125 0 2 25.221 13.546 26.735 14.190
126 0 2 25.184 13.558 26.822 14.191
127 0 2 24.961 13.518 26.599 14.152
128 0 2 24.676 13.479 26.314 14.112
129 0 2 24.123 13.214 25.734 13.983
130 0 2 23.926 13.125 25.499 13.944
131 0 2 23.652 13.135 25.301 13.880
132 0 2 23.701 13.197 25.315 13.831
133 0 2 23.158 13.019 24.731 13.825
134 0 2 23.193 13.118 24.795 13.751
135 0 2 22.957 13.078 24.559 13.712
136 0 2 22.697 13.038 24.299 13.672
137 0 2 22.437 12.999 24.039 13.633
138 0 2 21.882 12.783 23.469 13.553
139 0 2 21.917 12.870 23.520 13.504
140 0 2 21.693 12.855 23.296 13.489
141 0 2 21.420 12.840 23.023 13.474
142 0 2 21.134 12.800 22.738 13.434
143 0 2 20.501 12.732 22.179 13.391
144 0 2 20.587 12.757 22.191 13.392
145 0 2 20.351 12.742 21.955 13.377
146 0 2 20.052 12.752 21.656 13.386
147 0 2 19.828 12.737 21.432 13.371
148 0 2 19.566 12.747 21.171 13.381
149 0 2 19.304 12.731 20.909 13.366
150 0 2 19.041 12.766 20.647 13.401
151 0 2 18.805 12.751 20.410 13.386
152 0 2 18.542 12.761 20.148 13.395
153 0 2 18.305 12.771 19.911 13.405
154 0 2 18.043 12.780 19.649 13.415
155 0 2 17.781 12.765 19.388 13.400
0 1 1 46.763 12.945 47.914 13.788
1 1 1 46.726 12.920 47.926 13.801
2 1 1 46.641 12.943 47.840 13.824
3 1 1 45.993 12.985 47.425 13.881
5 1 1 46.018 12.986 47.425 13.869
6 1 1 45.883 12.984 47.291 13.868
7 1 1 45.749 13.007 47.156 13.891
8 1 1 45.590 13.006 46.997 13.889
9 1 1 45.431 13.004 46.839 13.887
10 1 1 45.272 13.002 46.680 13.886
11 1 1 45.138 12.977 46.546 13.860
12 1 1 44.955 12.950 46.363 13.834
13 1 1 44.821 12.949 46.229 13.832
14 1 1 44.686 12.972 46.094 13.855
15 1 1 44.551 12.970 45.960 13.854
16 1 1 44.368 12.968 45.776 13.852
17 1 1 44.233 12.967 45.642 13.851
18 1 1 44.099 12.966 45.508 13.849
19 1 1 43.964 12.964 45.373 13.848
20 1 1 43.805 12.987 45.214 13.871
21 1 1 43.671 12.986 45.079 13.870
22 1 1 43.536 13.009 44.945 13.893
23 1 1 43.377 13.007 44.786 13.891
24 1 1 43.218 13.005 44.627 13.890
25 1 1 43.107 13.004 44.517 13.888
26 1 1 42.948 13.003 44.358 13.887
27 1 1 42.814 13.001 44.223 13.886
28 1 1 42.654 13.000 44.064 13.884
29 1 1 42.520 12.998 43.929 13.883
30 1 1 42.360 13.021 43.770 13.905
31 1 1 42.201 13.019 43.611 13.904
32 1 1 42.042 13.018 43.452 13.902
33 1 1 41.883 12.992 43.293 13.876
34 1 1 41.724 12.990 43.134 13.875
35 1 1 41.613 12.989 43.024 13.873
36 1 1 41.478 13.012 42.889 13.897
37 1 1 41.343 13.010 42.754 13.895
38 1 1 41.160 12.984 42.570 13.869
39 1 1 41.025 12.983 42.436 13.868
40 1 1 40.890 12.981 42.301 13.866
41 1 1 40.755 13.004 42.166 13.889
42 1 1 40.620 13.003 42.031 13.888
43 1 1 40.485 13.001 41.896 13.887
44 1 1 40.350 13.025 41.761 13.910
45 1 1 40.215 13.023 41.626 13.908
46 1 1 40.056 13.022 41.467 13.907
47 1 1 39.921 13.020 41.332 13.905
48 1 1 39.785 13.043 41.197 13.929
49 1 1 39.650 13.042 41.062 13.927
50 1 1 39.491 13.016 40.903 13.901
51 1 1 39.356 13.014 40.768 13.900
52 1 1 39.318 13.137 40.428 13.614
53 1 1 39.293 13.136 40.280 13.686
54 1 1 39.123 13.012 40.462 13.823
55 1 1 39.012 13.035 40.351 13.846
56 1 1 38.926 13.034 40.265 13.846
57 1 1 38.460 12.993 39.615 13.851
59 1 1 38.410 13.017 39.701 13.840
60 1 1 38.300 13.028 39.590 13.851
61 1 1 38.164 13.039 39.455 13.862
62 1 1 38.029 13.025 39.320 13.848
63 1 1 37.576 12.910 38.902 13.893
65 1 1 37.600 12.984 38.890 13.832
66 1 1 37.488 13.019 38.779 13.867
67 1 1 37.402 13.055 38.693 13.903
68 1 1 37.242 13.066 38.533 13.914
69 1 1 37.082 13.052 38.373 13.900
70 1 1 36.922 13.063 38.213 13.911
71 1 1 36.787 13.024 38.078 13.873
72 1 1 36.627 13.035 37.918 13.883
73 1 1 36.492 13.021 37.783 13.870
74 1 1 36.307 13.032 37.599 13.880
75 1 1 36.172 13.018 37.464 13.867
76 1 1 36.036 13.053 37.328 13.902
77 1 1 35.925 13.065 37.217 13.913
78 1 1 35.814 13.100 37.106 13.949
79 1 1 35.371 13.059 36.515 13.943
81 1 1 35.064 13.043 36.418 13.844
82 1 1 35.113 13.032 36.381 13.868
83 1 1 35.002 13.030 36.270 13.867
84 1 1 34.842 13.029 36.110 13.865
85 1 1 34.707 13.027 35.974 13.864
86 1 1 34.546 13.026 35.814 13.862
87 1 1 34.411 13.000 35.679 13.836
88 1 1 34.276 12.998 35.544 13.835
89 1 1 33.772 12.907 34.866 13.803
91 1 1 33.350 13.026 34.891 13.804
92 1 1 33.499 13.003 34.767 13.827
93 1 1 33.339 12.989 34.607 13.813
94 1 1 33.203 12.975 34.472 13.800
95 1 1 33.043 12.985 34.312 13.810
96 1 1 32.907 12.972 34.176 13.797
97 1 1 32.747 12.982 34.016 13.807
98 1 1 32.635 12.994 33.904 13.818
99 1 1 32.475 13.004 33.744 13.829
100 1 1 32.388 13.016 33.657 13.841
101 1 1 32.227 13.026 33.497 13.851
102 1 1 31.870 12.973 33.211 13.984
104 1 1 31.918 13.060 33.187 13.897
105 1 1 31.782 13.083 33.051 13.921
106 1 1 31.621 13.081 32.891 13.919
107 1 1 31.485 13.080 32.755 13.918
108 1 1 31.349 13.079 32.619 13.916
109 1 1 31.214 13.053 32.484 13.890
110 1 1 31.078 13.051 32.348 13.889
111 1 1 30.918 13.050 32.187 13.887
112 1 1 30.757 13.048 32.027 13.886
113 1 1 30.596 13.046 31.866 13.884
114 1 1 30.460 13.045 31.730 13.883
115 1 1 30.300 13.043 31.570 13.881
116 1 1 30.139 13.041 31.409 13.879
117 1 1 29.978 13.040 31.249 13.878
118 1 1 29.842 13.038 31.113 13.876
119 1 1 29.681 13.037 30.952 13.875
120 1 1 29.545 13.035 30.816 13.874
121 1 1 29.384 13.034 30.655 13.872
122 1 1 29.273 13.057 30.543 13.895
123 1 1 29.136 13.080 30.407 13.919
124 1 1 28.999 13.104 30.270 13.942
125 1 1 28.838 13.127 30.109 13.965
126 1 1 28.331 13.072 29.864 13.852
128 1 1 28.259 12.948 29.726 13.937
129 1 1 28.357 13.035 29.653 13.862
130 1 1 28.220 13.046 29.517 13.873
131 1 1 28.084 13.057 29.381 13.884
132 1 1 27.948 13.019 29.245 13.845
133 1 1 27.837 13.030 29.133 13.857
134 1 1 27.119 12.998 28.440 13.837
136 1 1 27.156 13.011 28.453 13.837
137 1 1 27.044 12.997 28.341 13.824
138 1 1 26.908 12.983 28.205 13.810
139 1 1 26.697 12.994 27.995 13.821
140 1 1 26.561 12.980 27.858 13.807
141 1 1 26.400 12.990 27.697 13.818
142 1 1 26.288 12.977 27.586 13.804
143 1 1 26.127 12.988 27.424 13.815
144 1 1 26.015 12.974 27.313 13.801
145 1 1 25.878 13.010 27.176 13.837
146 1 1 25.741 13.021 27.039 13.848
147 1 1 25.604 13.056 26.902 13.884
148 1 1 25.122 12.977 26.631 13.807
150 1 1 25.233 12.991 26.544 13.818
151 1 1 25.084 13.001 26.395 13.829
152 1 1 24.935 12.988 26.246 13.815
153 1 1 24.786 12.998 26.097 13.826
154 1 1 24.663 12.960 25.974 13.788
155 1 1 24.513 12.971 25.824 13.799
