74 23 2 51.053 13.024 52.895 13.812
75 23 2 50.910 13.012 52.753 13.800
76 23 2 50.768 13.024 52.610 13.812
77 23 2 50.601 13.012 52.444 13.800
78 23 2 50.435 13.024 52.278 13.812
79 23 2 50.292 13.012 52.135 13.800
80 23 2 50.126 13.024 51.969 13.812
81 23 2 49.983 13.012 51.827 13.800
82 23 2 49.840 13.024 51.684 13.812
83 23 2 49.674 13.012 51.518 13.800
84 23 2 49.507 13.023 51.351 13.812
85 23 2 49.364 13.011 51.209 13.800
86 23 2 49.198 13.023 51.042 13.812
87 23 2 49.031 13.011 50.876 13.800
88 23 2 48.864 13.023 50.710 13.812
89 23 2 48.698 13.011 50.543 13.800
90 23 2 48.531 13.023 50.377 13.812
91 23 2 48.364 13.011 50.210 13.800
92 23 2 48.198 13.023 50.044 13.812
93 23 2 48.031 13.011 49.877 13.800
94 23 2 47.864 13.023 49.710 13.812
95 23 2 47.697 13.011 49.544 13.800
96 23 2 47.530 13.023 49.377 13.812
97 23 2 47.363 13.011 49.210 13.800
98 23 2 47.220 13.022 49.068 13.812
99 23 2 47.053 13.010 48.901 13.800
100 23 2 46.887 13.022 48.734 13.812
101 23 2 46.720 13.010 48.567 13.800
102 23 2 46.553 13.022 48.401 13.812
103 23 2 46.386 13.010 48.234 13.800
104 23 2 46.218 13.022 48.067 13.812
105 23 2 46.051 13.010 47.900 13.800
106 23 2 45.860 13.022 47.709 13.812
107 23 2 45.693 13.010 47.542 13.800
108 23 2 45.502 13.046 47.352 13.835
109 23 2 45.335 13.034 47.185 13.823
110 23 2 45.144 13.046 46.994 13.835
111 23 2 44.977 13.057 46.827 13.847
112 23 2 44.785 13.093 46.636 13.883
113 23 2 44.618 13.105 46.469 13.895
114 23 2 44.451 13.117 46.302 13.907
115 23 2 44.283 13.129 46.134 13.919
116 23 2 44.092 13.165 45.943 13.955
117 23 2 43.925 13.177 45.776 13.967
118 23 2 43.733 13.213 45.585 14.003
119 23 2 43.542 13.248 45.394 14.039
120 23 2 43.374 13.284 45.226 14.075
121 23 2 43.207 13.320 45.059 14.111
122 23 2 43.015 13.356 44.868 14.147
123 23 2 42.823 13.392 44.676 14.183
124 23 2 42.632 13.428 44.485 14.219
125 23 2 42.440 13.464 44.294 14.255
126 23 2 42.272 13.524 44.126 14.315
127 23 2 42.080 13.560 43.935 14.350
128 23 2 41.745 13.655 43.635 14.578
129 23 2 41.865 13.643 43.719 14.434
130 23 2 41.697 13.679 43.551 14.470
131 23 2 41.565 13.679 43.168 14.626
132 23 2 41.505 13.751 43.348 14.542
133 23 2 41.349 13.787 43.192 14.578
134 23 2 41.145 13.799 42.988 14.591
135 23 2 40.809 13.883 42.593 14.699
136 23 2 40.893 13.883 42.737 14.675
137 23 2 40.713 13.919 42.557 14.711
138 23 2 40.532 13.955 42.377 14.747
139 23 2 40.328 13.967 42.173 14.759
140 23 2 40.148 14.003 41.993 14.795
141 23 2 39.944 14.015 41.789 14.807
142 23 2 39.740 14.051 41.585 14.843
143 23 2 39.536 14.063 41.381 14.855
144 23 2 39.379 14.099 41.225 14.891
145 23 2 39.151 14.087 40.997 14.879
146 23 2 38.971 14.123 40.817 14.915
147 23 2 38.742 14.111 40.589 14.903
148 23 2 38.562 14.123 40.409 14.916
149 23 2 38.358 14.111 40.205 14.904
150 23 2 38.177 14.123 40.025 14.916
151 23 2 37.973 14.111 39.820 14.904
152 23 2 37.792 14.123 39.640 14.916
153 23 2 37.588 14.111 39.436 14.904
154 23 2 37.407 14.123 39.256 14.916
155 23 2 37.203 14.111 39.051 14.904
156 23 2 36.998 14.123 38.847 14.916
157 23 2 36.793 14.087 38.643 14.880
158 23 2 36.613 14.075 38.462 14.868
159 23 2 36.408 14.063 38.258 14.856
160 23 2 36.228 14.051 38.077 14.844
161 23 2 36.023 14.039 37.873 14.832
162 23 2 35.842 14.051 37.692 14.845
163 23 2 35.637 14.039 37.488 14.833
164 23 2 35.456 14.027 37.307 14.821
165 23 2 35.228 13.991 37.079 14.785
166 23 2 35.023 13.979 36.874 14.773
167 23 2 34.818 13.967 36.669 14.761
168 23 2 34.637 13.955 36.489 14.749
169 23 2 34.408 13.919 36.260 14.713
170 23 2 34.203 13.907 36.055 14.701
171 23 2 33.998 13.871 35.850 14.665
172 23 2 33.793 13.859 35.645 14.653
173 23 2 33.564 13.823 35.417 14.617
174 23 2 33.383 13.811 35.236 14.605
175 23 2 33.178 13.775 35.031 14.569
176 23 2 32.948 13.739 34.802 14.533
177 23 2 32.743 13.702 34.597 14.497
178 23 2 32.538 13.690 34.392 14.485
179 23 2 32.333 13.654 34.187 14.449
180 23 2 32.152 13.618 34.006 14.413
181 23 2 31.922 13.582 33.777 14.377
182 23 2 31.741 13.570 33.596 14.365
183 23 2 31.536 13.534 33.391 14.328
184 23 2 31.330 13.522 33.186 14.316
185 23 2 31.125 13.486 32.980 14.280
186 23 2 30.399 13.473 32.184 14.076
188 23 2 30.557 13.413 32.401 14.196
189 23 2 30.387 13.389 32.232 14.172
190 23 2 30.169 13.389 32.014 14.172
191 23 2 29.952 13.365 31.797 14.148
192 23 2 29.758 13.317 31.604 14.100
193 23 2 29.565 13.292 31.410 14.076
194 23 2 29.371 13.316 31.216 14.100
195 23 2 29.177 13.292 31.023 14.076
196 23 2 28.983 13.292 30.829 14.076
197 23 2 28.789 13.268 30.636 14.052
198 23 2 28.596 13.244 30.442 14.028
199 23 2 28.377 13.244 30.224 14.028
200 23 2 28.159 13.244 30.006 14.028
201 23 2 27.965 13.220 29.813 14.004
202 23 2 27.747 13.195 29.595 13.979
203 23 2 27.529 13.195 29.377 13.979
204 23 2 27.310 13.195 29.158 13.979
205 23 2 27.092 13.171 28.940 13.955
206 23 2 26.898 13.147 28.747 13.931
207 23 2 26.704 13.147 28.553 13.931
208 23 2 26.485 13.147 28.334 13.931
209 23 2 26.266 13.147 28.116 13.931
210 23 2 26.072 13.147 27.922 13.931
211 23 2 25.853 13.147 27.703 13.931
212 23 2 25.683 13.122 27.533 13.907
213 23 2 25.465 13.098 27.315 13.883
214 23 2 25.270 13.122 27.121 13.907
215 23 2 25.076 13.098 26.927 13.883
216 23 2 24.905 13.122 26.756 13.907
217 23 2 24.735 13.098 26.586 13.883
218 23 2 24.492 13.098 26.343 13.883
219 23 2 24.273 13.098 26.125 13.883
220 23 2 24.054 13.098 25.906 13.883
221 23 2 23.859 13.098 25.711 13.883
222 23 2 23.664 13.098 25.517 13.883
223 23 2 23.469 13.097 25.322 13.883
224 23 2 23.250 13.097 25.103 13.883
225 23 2 23.031 13.097 24.884 13.883
226 23 2 22.836 13.097 24.689 13.883
227 23 2 22.641 13.097 24.495 13.883
228 23 2 22.421 13.097 24.276 13.883
229 23 2 22.226 13.097 24.081 13.883
230 23 2 22.031 13.097 23.886 13.883
231 23 2 21.836 13.073 23.691 13.859
232 23 2 21.642 13.048 23.497 13.835
233 23 2 21.446 13.073 23.301 13.859
234 23 2 21.227 13.048 23.082 13.835
235 23 2 21.007 13.072 22.863 13.859
236 23 2 20.812 13.048 22.668 13.835
237 23 2 20.616 13.072 22.472 13.859
238 23 2 20.421 13.048 22.278 13.835
239 23 2 20.225 13.072 22.082 13.859
240 23 2 20.006 13.048 21.863 13.834
241 23 2 19.810 13.048 21.668 13.834
242 23 2 19.615 13.048 21.472 13.834
243 23 2 19.395 13.048 21.253 13.834
244 23 2 19.199 13.047 21.057 13.834
245 23 2 19.003 13.072 20.862 13.859
246 23 2 18.808 13.047 20.667 13.834
247 23 2 18.612 13.071 20.471 13.859
248 23 2 18.392 13.047 20.251 13.834
249 23 2 18.196 13.071 20.055 13.859
250 23 2 18.001 13.047 19.860 13.834
251 23 2 17.804 13.071 19.664 13.859
252 23 2 17.609 13.047 19.469 13.834
253 23 2 17.413 13.071 19.273 13.859
254 23 2 17.192 13.071 19.053 13.859
255 23 2 16.996 13.071 18.857 13.859
256 23 2 16.849 13.071 18.710 13.859
257 23 2 16.654 13.047 18.515 13.834
258 23 2 16.408 13.095 18.269 13.883
259 23 2 16.211 13.119 18.073 13.907
260 23 2 16.040 13.095 17.902 13.883
56 2 1 39.659 13.343 40.245 13.859
57 2 1 39.406 13.331 40.389 13.907
58 2 1 39.551 13.307 40.317 13.907
59 2 1 39.551 13.307 40.317 13.907
60 2 1 39.503 13.271 40.424 13.991
61 2 1 39.551 13.331 40.340 13.943
62 2 1 39.551 13.331 40.340 13.943
63 2 1 39.539 13.331 40.328 13.943
64 2 1 39.551 13.331 40.340 13.943
65 2 1 39.539 13.331 40.328 13.943
66 2 1 39.539 13.331 40.328 13.943
67 2 1 39.539 13.331 40.328 13.943
68 2 1 39.527 13.331 40.316 13.943
69 2 1 39.514 13.331 40.304 13.943
70 2 1 39.526 13.367 40.316 13.979
71 2 1 39.514 13.343 40.304 13.955
72 2 1 39.514 13.343 40.304 13.955
74 2 1 39.598 13.499 40.388 14.111
75 2 1 39.526 13.355 40.316 13.967
76 2 1 39.526 13.355 40.316 13.967
77 2 1 39.479 13.271 40.269 13.883
78 2 1 39.526 13.355 40.316 13.967
79 2 1 39.526 13.355 40.316 13.967
80 2 1 39.538 13.379 40.328 13.991
81 2 1 39.526 13.355 40.316 13.967
82 2 1 39.526 13.355 40.316 13.967
83 2 1 39.526 13.355 40.316 13.967
84 2 1 39.526 13.343 40.316 13.955
85 2 1 39.526 13.343 40.316 13.955
86 2 1 39.514 13.343 40.304 13.955
87 2 1 39.526 13.343 40.316 13.955
88 2 1 39.514 13.343 40.304 13.955
89 2 1 39.526 13.343 40.316 13.955
90 2 1 39.514 13.343 40.304 13.955
91 2 1 39.526 13.343 40.316 13.955
92 2 1 39.514 13.343 40.304 13.955
93 2 1 39.514 13.343 40.304 13.955
94 2 1 39.514 13.343 40.304 13.955
95 2 1 39.514 13.343 40.304 13.955
96 2 1 39.514 13.331 40.304 13.943
97 2 1 39.502 13.331 40.292 13.943
98 2 1 39.490 13.331 40.280 13.943
99 2 1 39.502 13.331 40.292 13.943
100 2 1 39.490 13.331 40.280 13.943
101 2 1 39.502 13.331 40.292 13.943
102 2 1 39.478 13.331 40.268 13.943
103 2 1 39.478 13.331 40.268 13.943
104 2 1 39.478 13.331 40.268 13.943
105 2 1 39.466 13.331 40.256 13.943
106 2 1 39.478 13.331 40.268 13.943
107 2 1 39.466 13.331 40.256 13.943
108 2 1 39.478 13.331 40.268 13.943
109 2 1 39.454 13.331 40.244 13.943
110 2 1 39.454 13.331 40.244 13.943
111 2 1 39.454 13.331 40.244 13.943
112 2 1 39.442 13.331 40.232 13.943
113 2 1 39.454 13.331 40.244 13.943
114 2 1 39.442 13.331 40.232 13.943
115 2 1 39.442 13.331 40.232 13.943
116 2 1 39.442 13.331 40.232 13.943
117 2 1 39.442 13.331 40.232 13.943
118 2 1 39.442 13.331 40.232 13.943
119 2 1 39.442 13.331 40.232 13.943
120 2 1 39.442 13.331 40.232 13.943
121 2 1 39.442 13.331 40.232 13.943
122 2 1 39.442 13.331 40.232 13.943
123 2 1 39.442 13.331 40.232 13.943
124 2 1 39.442 13.343 40.232 13.955
125 2 1 39.430 13.343 40.220 13.955
126 2 1 39.418 13.343 40.208 13.955
127 2 1 39.430 13.343 40.220 13.955
128 2 1 39.418 13.343 40.208 13.955
129 2 1 39.430 13.343 40.220 13.955
130 2 1 39.418 13.343 40.208 13.955
131 2 1 39.430 13.343 40.220 13.955
132 2 1 39.418 13.343 40.208 13.955
133 2 1 39.430 13.343 40.220 13.955
134 2 1 39.418 13.343 40.208 13.955
135 2 1 39.430 13.343 40.220 13.955
136 2 1 39.418 13.343 40.208 13.955
137 2 1 39.430 13.343 40.220 13.955
138 2 1 39.418 13.343 40.208 13.955
139 2 1 39.214 13.283 40.256 14.003
140 2 1 39.406 13.355 40.196 13.967
141 2 1 39.406 13.355 40.196 13.967
142 2 1 39.406 13.355 40.196 13.967
143 2 1 39.406 13.343 40.196 13.955
144 2 1 39.406 13.343 40.196 13.955
145 2 1 39.406 13.343 40.196 13.955
146 2 1 39.406 13.343 40.196 13.955
147 2 1 39.406 13.343 40.196 13.955
148 2 1 39.406 13.343 40.196 13.955
149 2 1 39.406 13.343 40.196 13.955
150 2 1 39.406 13.343 40.196 13.955
151 2 1 39.406 13.343 40.196 13.955
152 2 1 39.406 13.343 40.196 13.955
153 2 1 39.394 13.343 40.184 13.955
154 2 1 39.406 13.343 40.196 13.955
155 2 1 39.394 13.343 40.184 13.955
156 2 1 39.406 13.343 40.196 13.955
157 2 1 39.394 13.343 40.184 13.955
158 2 1 39.394 13.343 40.184 13.955
159 2 1 39.394 13.331 40.184 13.943
160 2 1 39.394 13.331 40.184 13.943
161 2 1 39.394 13.331 40.184 13.943
162 2 1 39.394 13.331 40.184 13.943
163 2 1 39.394 13.331 40.184 13.943
164 2 1 39.382 13.331 40.172 13.943
165 2 1 39.370 13.331 40.160 13.943
166 2 1 39.382 13.331 40.172 13.943
167 2 1 39.370 13.331 40.160 13.943
168 2 1 39.382 13.331 40.172 13.943
169 2 1 39.370 13.331 40.160 13.943
170 2 1 39.382 13.331 40.172 13.943
171 2 1 39.370 13.331 40.160 13.943
172 2 1 39.382 13.331 40.172 13.943
173 2 1 39.370 13.331 40.160 13.943
174 2 1 39.382 13.331 40.172 13.943
175 2 1 39.370 13.331 40.160 13.943
176 2 1 39.382 13.331 40.172 13.943
177 2 1 39.370 13.331 40.160 13.943
178 2 1 39.394 13.331 40.184 13.943
179 2 1 39.394 13.331 40.184 13.943
180 2 1 39.394 13.331 40.184 13.943
181 2 1 39.394 13.331 40.184 13.943
182 2 1 39.406 13.331 40.196 13.943
183 2 1 39.394 13.331 40.184 13.943
184 2 1 39.406 13.331 40.196 13.943
185 2 1 39.406 13.331 40.196 13.943
186 2 1 39.406 13.331 40.196 13.943
187 2 1 39.406 13.331 40.196 13.943
188 2 1 39.418 13.331 40.208 13.943
189 2 1 39.430 13.331 40.220 13.943
190 2 1 39.418 13.331 40.208 13.943
191 2 1 39.430 13.331 40.220 13.943
192 2 1 39.430 13.331 40.220 13.943
193 2 1 39.430 13.331 40.220 13.943
194 2 1 39.430 13.331 40.220 13.943
195 2 1 39.430 13.331 40.220 13.943
196 2 1 39.430 13.331 40.220 13.943
197 2 1 39.430 13.331 40.220 13.943
198 2 1 39.430 13.331 40.220 13.943
199 2 1 39.430 13.331 40.220 13.943
200 2 1 39.430 13.331 40.220 13.943
201 2 1 39.430 13.331 40.220 13.943
202 2 1 39.430 13.319 40.220 13.931
203 2 1 39.418 13.319 40.208 13.931
204 2 1 39.430 13.319 40.220 13.931
205 2 1 39.407 13.307 40.196 13.919
206 2 1 39.407 13.307 40.196 13.919
207 2 1 39.407 13.295 40.197 13.907
208 2 1 39.395 13.295 40.185 13.907
209 2 1 39.407 13.295 40.197 13.907
210 2 1 39.395 13.283 40.185 13.895
211 2 1 39.395 13.283 40.185 13.895
212 2 1 39.395 13.271 40.185 13.883
213 2 1 39.383 13.271 40.173 13.883
214 2 1 39.371 13.259 40.161 13.871
215 2 1 39.371 13.259 40.161 13.871
216 2 1 39.371 13.247 40.161 13.859
217 2 1 39.371 13.247 40.161 13.859
218 2 1 39.359 13.247 40.149 13.859
219 2 1 39.347 13.235 40.137 13.847
220 2 1 39.359 13.235 40.149 13.847
221 2 1 39.347 13.235 40.137 13.847
222 2 1 39.347 13.235 40.137 13.847
223 2 1 39.347 13.235 40.137 13.847
224 2 1 39.347 13.235 40.137 13.847
225 2 1 39.335 13.235 40.125 13.847
226 2 1 39.323 13.235 40.113 13.847
227 2 1 39.335 13.235 40.125 13.847
228 2 1 39.323 13.235 40.113 13.847
229 2 1 39.335 13.235 40.125 13.847
230 2 1 39.323 13.247 40.113 13.859
231 2 1 39.335 13.247 40.125 13.859
232 2 1 39.323 13.247 40.113 13.859
233 2 1 39.335 13.259 40.125 13.871
234 2 1 39.323 13.259 40.113 13.871
235 2 1 39.323 13.271 40.113 13.883
236 2 1 39.323 13.271 40.113 13.883
237 2 1 39.323 13.271 40.113 13.883
238 2 1 39.323 13.271 40.113 13.883
239 2 1 39.323 13.283 40.113 13.895
240 2 1 39.323 13.283 40.113 13.895
241 2 1 39.323 13.283 40.113 13.895
242 2 1 39.311 13.283 40.101 13.895
243 2 1 39.299 13.283 40.089 13.895
244 2 1 39.311 13.295 40.101 13.907
245 2 1 39.298 13.295 40.089 13.907
246 2 1 39.311 13.295 40.101 13.907
247 2 1 39.298 13.295 40.089 13.907
248 2 1 39.310 13.307 40.100 13.919
249 2 1 39.298 13.307 40.088 13.919
250 2 1 39.298 13.307 40.088 13.919
251 2 1 39.298 13.307 40.088 13.919
252 2 1 39.298 13.307 40.088 13.919
253 2 1 39.298 13.307 40.088 13.919
254 2 1 39.298 13.307 40.088 13.919
255 2 1 39.298 13.307 40.088 13.919
256 2 1 39.298 13.307 40.088 13.919
257 2 1 39.298 13.307 40.088 13.919
258 2 1 39.286 13.307 40.076 13.919
259 2 1 39.274 13.307 40.064 13.919
260 2 1 39.286 13.307 40.076 13.919
