0 1 1 32.110 9.343 31.352 8.636
1 1 1 32.138 9.362 31.343 8.627
2 1 1 32.166 9.362 31.371 8.627
3 1 1 32.203 9.371 31.408 8.636
4 1 1 32.230 9.362 31.435 8.627
5 1 1 32.267 9.371 31.472 8.636
6 1 1 32.304 9.371 31.509 8.636
7 1 1 32.341 9.370 31.546 8.636
8 1 1 32.378 9.380 31.583 8.645
9 1 1 32.415 9.389 31.620 8.654
10 1 1 32.443 9.389 31.648 8.654
11 1 1 32.489 9.398 31.694 8.663
12 1 1 32.526 9.407 31.731 8.672
13 1 1 32.562 9.407 31.768 8.672
14 1 1 32.599 9.416 31.805 8.681
15 1 1 32.636 9.425 31.842 8.690
16 1 1 32.673 9.425 31.879 8.690
17 1 1 32.710 9.425 31.915 8.690
18 1 1 32.747 9.434 31.952 8.699
19 1 1 32.784 9.443 31.989 8.708
20 1 1 32.821 9.434 32.026 8.699
21 1 1 32.858 9.443 32.063 8.708
22 1 1 32.885 9.434 32.091 8.699
23 1 1 32.867 9.489 32.377 8.698
24 1 1 32.959 9.461 32.266 8.717
25 1 1 32.996 9.461 32.303 8.717
26 1 1 33.033 9.461 32.340 8.717
27 1 1 33.070 9.452 32.377 8.708
28 1 1 33.106 9.452 32.414 8.708
29 1 1 33.291 9.396 32.358 8.791
30 1 1 33.180 9.451 32.451 8.735
31 1 1 33.458 10.214 32.293 8.533
32 1 1 33.522 10.242 32.413 8.441
33 1 1 33.504 10.214 32.468 8.450
34 1 1 33.440 10.297 32.560 8.339
35 1 1 33.180 9.415 32.450 8.698
36 1 1 33.217 9.414 32.487 8.698
37 1 1 33.438 9.368 32.699 8.707
38 1 1 33.429 9.377 32.699 8.689
39 1 1 33.456 9.377 32.727 8.689
40 1 1 33.578 10.343 32.763 8.284
41 1 1 33.484 9.368 32.755 8.679
42 1 1 33.521 9.368 32.792 8.679
43 1 1 33.834 9.367 33.031 8.605
44 1 1 33.760 9.330 33.031 8.642
45 1 1 33.871 9.404 33.013 8.725
46 1 1 33.908 9.367 32.985 8.734
47 1 1 33.926 9.385 33.022 8.716
48 1 1 33.843 9.376 33.087 8.706
49 1 1 33.880 9.376 33.123 8.706
50 1 1 33.917 9.385 33.160 8.715
51 1 1 33.945 9.394 33.188 8.725
52 1 1 33.965 10.378 33.252 8.393
53 1 1 33.983 10.397 33.307 8.274
54 1 1 33.972 9.385 33.216 8.715
55 1 1 34.000 9.385 33.243 8.715
56 1 1 34.064 9.523 33.390 8.595
57 1 1 34.092 9.394 33.345 8.715
58 1 1 34.119 9.394 33.372 8.715
59 1 1 34.258 9.467 33.630 8.742
60 1 1 34.294 9.440 33.566 8.761
61 1 1 34.322 9.440 33.593 8.761
62 1 1 34.359 9.449 33.630 8.770
63 1 1 34.396 9.439 33.667 8.760
64 1 1 34.432 9.448 33.704 8.770
65 1 1 34.469 9.439 33.741 8.760
66 1 1 34.506 9.439 33.778 8.760
67 1 1 34.451 9.402 33.731 8.751
68 1 1 34.460 9.412 33.741 8.742
69 1 1 34.423 9.412 33.777 8.714
70 1 1 34.460 9.421 33.879 8.742
71 1 1 34.515 9.411 33.814 8.742
72 1 1 34.552 9.411 33.851 8.742
73 1 1 34.570 9.411 33.870 8.742
74 1 1 34.598 9.411 33.897 8.742
75 1 1 34.635 9.411 33.934 8.742
76 1 1 34.653 9.411 33.952 8.741
77 1 1 34.681 9.420 33.980 8.751
78 1 1 34.699 9.420 33.999 8.751
79 1 1 34.828 9.457 34.109 8.732
80 1 1 34.800 9.420 34.100 8.750
81 1 1 34.975 9.530 34.174 8.805
82 1 1 34.995 9.962 34.210 8.750
83 1 1 34.938 9.475 34.155 8.897
84 1 1 34.948 9.493 34.238 8.833
85 1 1 35.095 9.530 34.220 8.860
86 1 1 34.957 9.502 34.229 8.814
87 1 1 35.012 9.484 34.266 8.870
88 1 1 34.985 9.502 34.284 8.851
89 1 1 35.049 9.723 34.376 8.722
90 1 1 35.198 10.292 34.440 8.511
91 1 1 35.308 10.384 34.513 8.446
92 1 1 35.234 10.338 34.614 8.400
93 1 1 35.021 9.511 34.330 8.860
94 1 1 35.104 9.640 34.588 8.768
95 1 1 35.262 10.329 34.642 8.345
96 1 1 35.159 9.520 34.477 8.869
97 1 1 35.187 9.520 34.505 8.869
98 1 1 35.196 9.520 34.514 8.869
99 1 1 35.224 9.520 34.542 8.869
100 1 1 35.242 9.511 34.560 8.860
101 1 1 35.270 9.511 34.588 8.860
102 1 1 35.306 9.511 34.625 8.860
103 1 1 35.334 9.502 34.652 8.850
104 1 1 35.362 9.501 34.680 8.850
105 1 1 35.398 9.501 34.716 8.850
106 1 1 35.426 9.501 34.744 8.850
107 1 1 35.435 9.501 34.753 8.850
108 1 1 35.472 9.501 34.790 8.850
109 1 1 35.490 9.501 34.808 8.850
110 1 1 35.408 9.685 34.882 8.923
111 1 1 35.399 9.713 34.891 8.896
112 1 1 35.472 9.630 34.809 8.979
113 1 1 35.490 9.639 34.827 8.988
114 1 1 35.509 9.639 34.846 8.988
115 1 1 35.527 9.648 34.864 8.997
116 1 1 35.555 9.657 34.892 9.006
117 1 1 35.582 9.666 34.919 9.015
118 1 1 35.601 9.675 34.938 9.024
119 1 1 35.628 9.685 34.965 9.034
120 1 1 35.656 9.703 34.993 9.052
121 1 1 35.684 9.712 35.020 9.061
122 1 1 36.162 10.152 35.149 8.960
123 1 1 35.702 9.712 35.039 9.061
124 1 1 35.730 9.721 35.066 9.070
125 1 1 35.757 9.730 35.094 9.079
126 1 1 35.794 9.684 35.131 9.153
127 1 1 35.821 9.693 35.159 9.162
128 1 1 35.840 9.684 35.177 9.153
129 1 1 36.024 10.014 35.434 9.014
130 1 1 36.162 10.023 35.443 9.033
131 1 1 35.849 9.684 35.186 9.153
132 1 1 35.877 9.693 35.214 9.162
133 1 1 35.886 9.702 35.223 9.171
134 1 1 35.922 9.693 35.260 9.162
135 1 1 35.959 9.711 35.297 9.180
136 1 1 35.987 9.711 35.324 9.180
137 1 1 36.014 9.711 35.352 9.180
139 1 1 36.005 9.702 35.342 9.171
140 1 1 36.051 9.702 35.388 9.171
141 1 1 36.253 9.711 35.646 9.115
142 1 1 36.271 9.674 35.618 9.143
143 1 1 36.244 9.711 35.591 9.179
144 1 1 36.437 9.811 35.691 8.931
145 1 1 36.474 9.756 35.746 8.977
146 1 1 36.822 9.535 36.178 9.004
147 1 1 36.455 9.627 35.811 9.096
148 1 1 36.492 9.609 35.848 9.078
149 1 1 36.336 9.646 35.738 9.106
150 1 1 36.528 9.618 35.930 9.078
151 1 1 36.565 9.600 35.967 9.059
152 1 1 36.629 9.581 36.041 9.041
153 1 1 36.629 9.590 36.041 9.050
154 1 1 36.675 9.581 36.086 9.040
155 1 1 36.703 9.563 36.123 9.022
156 1 1 36.749 9.553 36.169 9.013
157 1 1 36.795 9.553 36.215 9.013
158 1 1 36.840 9.535 36.261 8.994
159 1 1 36.886 9.535 36.307 8.994
160 1 1 36.932 9.534 36.353 8.994
161 1 1 36.969 9.525 36.389 8.985
162 1 1 37.006 9.516 36.426 8.975
163 1 1 37.051 9.516 36.472 8.975
164 1 1 37.088 9.497 36.509 8.957
165 1 1 37.686 10.074 36.582 8.681
166 1 1 37.125 9.488 36.545 8.948
167 1 1 37.152 9.479 36.573 8.938
168 1 1 37.189 9.470 36.610 8.929
169 1 1 37.235 9.451 36.656 8.911
170 1 1 37.271 9.433 36.692 8.901
171 1 1 37.317 9.423 36.738 8.892
172 1 1 37.363 9.405 36.784 8.874
173 1 1 38.015 9.982 36.747 8.562
174 1 1 37.400 9.377 36.821 8.846
175 1 1 37.740 9.606 36.857 8.672
176 1 1 37.436 9.359 36.857 8.828
177 1 1 37.867 9.340 37.233 8.799
179 1 1 38.135 9.963 37.306 8.652
180 1 1 37.933 9.936 37.260 8.441
181 1 1 37.812 9.312 37.233 8.781
182 1 1 38.144 9.990 37.343 8.478
183 1 1 37.831 9.294 37.252 8.763
184 1 1 37.858 9.285 37.279 8.753
185 1 1 37.895 9.284 37.316 8.753
186 1 1 38.124 9.458 37.352 8.570
187 1 1 37.931 9.266 37.352 8.735
188 1 1 37.968 9.257 37.389 8.726
189 1 1 38.014 9.247 37.435 8.716
190 1 1 38.060 9.247 37.481 8.716
191 1 1 38.105 9.238 37.527 8.707
192 1 1 38.151 9.229 37.573 8.698
193 1 1 38.188 9.229 37.609 8.698
194 1 1 38.234 9.229 37.655 8.698
196 1 1 38.225 9.219 37.646 8.688
197 1 1 38.270 9.219 37.692 8.688
198 1 1 38.289 9.210 37.710 8.679
200 1 1 38.279 9.201 37.701 8.670
201 1 1 38.289 9.201 37.710 8.670
202 1 1 38.298 9.201 37.719 8.670
203 1 1 38.298 9.201 37.719 8.670
204 1 1 38.307 9.201 37.728 8.670
205 1 1 38.884 9.200 38.306 8.641
206 1 1 38.930 9.200 38.122 8.522
207 1 1 38.884 9.154 38.113 8.467
208 1 1 38.792 9.081 38.214 8.550
209 1 1 38.847 9.081 38.269 8.550
210 1 1 39.113 9.245 38.415 8.375
211 1 1 38.875 9.071 38.305 8.540
213 1 1 38.865 9.062 38.296 8.531
214 1 1 38.884 9.062 38.315 8.531
215 1 1 38.884 9.062 38.315 8.531
0 2 1 32.112 10.181 31.160 9.521
1 2 1 32.140 10.199 31.141 9.511
2 2 1 32.167 10.199 31.169 9.511
3 2 1 32.195 10.199 31.197 9.511
4 2 1 32.223 10.199 31.225 9.511
5 2 1 32.269 10.199 31.271 9.511
6 2 1 32.296 10.199 31.298 9.511
7 2 1 32.343 10.199 31.345 9.511
8 2 1 32.389 10.199 31.391 9.511
9 2 1 32.435 10.199 31.437 9.511
10 2 1 32.462 10.180 31.465 9.492
11 2 1 32.490 10.180 31.492 9.492
12 2 1 32.518 10.180 31.520 9.492
13 2 1 32.564 10.180 31.566 9.492
14 2 1 32.592 10.180 31.594 9.492
15 2 1 32.638 10.180 31.640 9.492
16 2 1 32.665 10.198 31.668 9.510
17 2 1 32.711 10.216 31.714 9.528
18 2 1 32.739 10.198 31.742 9.510
19 2 1 32.767 10.216 31.769 9.528
20 2 1 32.794 10.216 31.797 9.528
21 2 1 32.748 10.262 31.954 9.602
22 2 1 32.721 10.244 32.019 9.638
23 2 1 32.795 10.262 31.926 9.602
24 2 1 32.822 10.271 31.954 9.611
25 2 1 32.868 10.262 32.000 9.601
26 2 1 32.896 10.271 32.028 9.611
27 2 1 32.942 10.262 32.074 9.601
28 2 1 32.970 10.271 32.102 9.610
29 2 1 32.997 10.262 32.129 9.601
30 2 1 33.007 10.271 32.139 9.610
31 2 1 33.053 10.280 32.185 9.619
32 2 1 33.080 10.289 32.212 9.629
33 2 1 33.126 10.280 32.258 9.619
34 2 1 33.154 10.289 32.286 9.628
35 2 1 33.255 10.178 32.259 9.702
36 2 1 33.357 10.178 32.369 9.683
37 2 1 33.301 10.233 32.406 9.628
38 2 1 33.347 10.187 32.517 9.674
39 2 1 33.403 10.196 32.618 9.710
40 2 1 33.440 10.233 32.563 9.655
41 2 1 33.486 10.233 32.609 9.655
42 2 1 33.504 10.233 32.627 9.655
43 2 1 33.541 10.242 32.664 9.664
44 2 1 33.440 10.279 32.904 9.664
45 2 1 33.513 10.223 32.941 9.682
46 2 1 33.624 10.232 32.830 9.664
47 2 1 33.661 10.232 32.867 9.664
48 2 1 33.688 10.241 32.895 9.673
49 2 1 33.725 10.232 32.932 9.664
50 2 1 33.762 10.250 32.969 9.682
51 2 1 33.799 10.259 33.005 9.691
52 2 1 33.836 10.250 33.042 9.682
53 2 1 33.873 10.268 33.079 9.700
54 2 1 33.909 10.268 33.116 9.700
55 2 1 33.946 10.277 33.153 9.709
56 2 1 33.983 10.286 33.190 9.718
57 2 1 34.020 10.296 33.227 9.727
58 2 1 34.057 10.305 33.264 9.736
59 2 1 34.029 10.240 33.328 9.764
60 2 1 34.112 10.258 33.393 9.718
61 2 1 34.112 10.258 33.466 9.717
62 2 1 34.140 10.268 33.540 9.690
63 2 1 34.204 10.249 33.457 9.708
64 2 1 34.241 10.249 33.494 9.708
65 2 1 34.232 10.304 33.632 9.699
66 2 1 34.333 10.285 33.724 9.708
67 2 1 34.379 10.267 33.650 9.726
68 2 1 34.315 10.331 33.724 9.800
69 2 1 34.379 10.322 33.660 9.791
70 2 1 34.535 10.267 33.770 9.689
71 2 1 34.646 10.294 33.724 9.708
72 2 1 34.535 10.257 33.816 9.726
73 2 1 34.572 10.248 33.853 9.717
74 2 1 34.683 10.340 33.743 9.790
75 2 1 34.876 10.348 33.770 9.836
76 2 1 34.802 10.303 33.789 9.781
77 2 1 34.701 10.330 33.890 9.799
78 2 1 34.673 10.321 33.918 9.799
79 2 1 34.811 10.321 34.055 9.633
80 2 1 34.738 10.330 34.102 9.716
81 2 1 34.839 10.284 34.111 9.808
82 2 1 34.839 10.302 34.102 9.789
83 2 1 34.894 10.321 34.249 9.762
84 2 1 34.940 10.302 34.304 9.743
85 2 1 35.060 10.265 34.341 9.660
86 2 1 35.170 10.228 34.387 9.688
87 2 1 35.234 10.246 34.360 9.798
88 2 1 35.317 10.283 34.405 9.586
89 2 1 35.473 10.273 34.543 9.660
90 2 1 35.519 10.264 34.580 9.586
91 2 1 35.400 10.181 34.681 9.678
92 2 1 35.427 10.181 34.709 9.678
93 2 1 35.455 10.190 34.737 9.687
94 2 1 35.381 10.273 34.598 9.402
95 2 1 35.482 10.181 34.764 9.678
96 2 1 35.510 10.190 34.792 9.687
97 2 1 35.556 10.190 34.838 9.687
98 2 1 35.584 10.190 34.865 9.686
99 2 1 35.629 10.190 34.911 9.686
100 2 1 35.648 10.190 34.930 9.686
102 2 1 35.639 10.181 34.920 9.677
103 2 1 35.620 10.254 35.031 9.567
104 2 1 35.657 10.254 34.966 9.539
105 2 1 35.721 10.236 35.031 9.530
106 2 1 35.868 10.171 35.086 9.594
107 2 1 36.043 10.189 35.095 9.539
108 2 1 36.071 10.244 35.086 9.603
109 2 1 36.089 10.198 35.049 9.557
110 2 1 36.107 10.244 35.095 9.566
111 2 1 36.052 10.281 35.113 9.557
112 2 1 35.767 10.089 35.077 9.585
113 2 1 35.804 10.079 35.113 9.576
114 2 1 36.052 10.134 35.343 9.538
115 2 1 36.144 10.244 35.020 9.052
116 2 1 36.070 10.180 35.122 9.364
117 2 1 36.089 10.152 35.104 9.364
118 2 1 36.126 10.253 35.038 8.886
119 2 1 36.144 10.235 35.103 8.923
120 2 1 36.181 10.207 35.121 8.969
121 2 1 36.144 10.235 35.158 8.923
122 2 1 36.217 10.161 35.370 9.318
123 2 1 36.309 10.050 35.306 9.226
124 2 1 36.291 10.060 35.297 9.244
125 2 1 36.493 10.114 35.738 9.510
126 2 1 36.520 10.059 35.444 9.391
127 2 1 36.438 10.050 35.748 9.546
128 2 1 36.787 10.095 35.674 9.547
129 2 1 36.777 10.141 35.435 9.253
130 2 1 36.722 10.123 35.637 9.473
131 2 1 36.438 10.022 35.748 9.519
132 2 1 36.465 10.013 35.775 9.510
133 2 1 36.915 10.076 35.527 9.281
134 2 1 36.493 9.995 35.803 9.491
135 2 1 36.529 9.985 35.839 9.482
136 2 1 36.814 10.067 35.646 9.455
137 2 1 36.557 9.967 35.867 9.464
139 2 1 36.786 9.985 35.655 9.225
140 2 1 36.621 9.948 35.931 9.445
141 2 1 36.970 9.966 36.354 9.444
143 2 1 36.988 9.948 36.308 9.444
144 2 1 37.025 10.223 36.445 9.306
145 2 1 37.006 9.938 36.326 9.435
146 2 1 37.034 9.938 36.354 9.435
147 2 1 37.273 10.011 36.041 9.077
148 2 1 37.071 9.920 36.390 9.416
149 2 1 37.098 9.920 36.418 9.416
150 2 1 37.126 9.910 36.445 9.407
151 2 1 37.162 9.901 36.482 9.398
152 2 1 37.208 9.901 36.528 9.398
153 2 1 37.484 9.992 36.151 9.095
154 2 1 37.227 9.883 36.546 9.379
155 2 1 37.263 9.883 36.583 9.379
156 2 1 37.300 9.873 36.620 9.370
157 2 1 37.529 9.974 36.178 9.040
158 2 1 37.337 9.864 36.656 9.361
159 2 1 37.382 9.855 36.702 9.351
160 2 1 37.530 10.056 36.499 8.929
161 2 1 37.695 10.148 36.435 8.865
162 2 1 37.686 10.194 36.444 8.838
163 2 1 37.392 9.827 36.711 9.324
164 2 1 37.686 10.093 36.600 8.727
165 2 1 37.419 9.809 36.739 9.305
166 2 1 37.777 10.046 36.582 8.681
167 2 1 37.447 9.790 36.766 9.287
168 2 1 38.025 10.046 36.591 8.681
169 2 1 38.070 10.000 36.637 8.700
170 2 1 38.052 9.908 37.244 9.332
171 2 1 38.226 9.944 36.986 9.140
172 2 1 38.171 9.990 37.060 9.057
173 2 1 38.217 10.009 37.097 9.176
174 2 1 38.217 9.954 37.041 9.121
175 2 1 38.226 9.999 37.317 9.194
176 2 1 38.208 9.944 37.317 9.148
177 2 1 38.025 9.982 37.095 8.634
179 2 1 38.272 9.889 37.400 9.442
180 2 1 38.235 9.889 37.510 9.368
181 2 1 38.290 9.917 37.510 9.395
182 2 1 38.263 9.944 37.473 9.331
183 2 1 38.336 9.944 37.565 9.340
184 2 1 38.345 9.999 37.712 9.432
185 2 1 38.382 9.889 37.840 9.404
186 2 1 38.510 9.934 37.803 9.431
187 2 1 38.574 9.870 37.794 9.487
188 2 1 38.666 10.017 37.767 9.477
189 2 1 38.648 10.053 37.739 9.147
190 2 1 38.767 10.035 37.785 9.404
191 2 1 38.794 10.016 37.785 9.432
192 2 1 38.886 9.988 37.482 9.139
193 2 1 38.464 9.870 37.803 9.395
194 2 1 38.867 9.888 37.858 9.450
196 2 1 38.794 9.961 37.858 9.367
197 2 1 38.473 9.843 37.812 9.367
198 2 1 38.528 9.843 37.867 9.367
200 2 1 38.565 9.843 37.904 9.367
201 2 1 38.941 9.961 38.106 9.385
202 2 1 38.968 9.997 38.207 9.476
203 2 1 38.950 10.025 38.234 9.412
204 2 1 38.904 9.943 38.243 9.467
205 2 1 39.060 9.997 38.344 9.265
206 2 1 39.041 9.970 38.362 9.412
207 2 1 39.014 9.924 38.353 9.449
208 2 1 39.050 9.924 38.390 9.448
209 2 1 39.069 9.924 38.408 9.448
210 2 1 39.408 9.960 38.408 9.430
211 2 1 39.096 9.915 38.436 9.439
213 2 1 39.151 9.905 38.491 9.430
214 2 1 39.179 9.896 38.518 9.421
215 2 1 39.206 9.896 38.546 9.421
138 2 1 36.593 9.958 35.904 9.454
178 2 1 38.135 10.000 37.224 8.671
195 2 1 38.895 9.988 37.858 9.486
199 2 1 38.877 9.998 38.023 9.165
212 2 1 39.124 9.914 38.463 9.439
0 3 1 30.821 10.931 30.024 10.233
1 3 1 30.848 10.949 30.015 10.224
2 3 1 30.802 10.867 30.256 10.232
3 3 1 30.793 10.894 30.274 10.260
4 3 1 30.848 10.876 30.293 10.260
5 3 1 30.802 10.949 30.320 10.232
6 3 1 30.830 10.903 30.293 10.269
7 3 1 30.922 10.857 30.367 10.296
8 3 1 30.959 10.848 30.394 10.315
9 3 1 30.978 10.866 30.413 10.287
10 3 1 31.014 10.866 30.441 10.278
11 3 1 31.098 10.829 30.468 10.195
12 3 1 31.181 10.801 30.450 10.167
13 3 1 31.319 10.745 30.440 10.140
14 3 1 31.218 10.810 30.551 10.158
15 3 1 31.264 10.810 30.542 10.213
16 3 1 31.365 10.810 30.653 10.102
17 3 1 31.365 10.791 30.708 10.176
18 3 1 31.375 10.846 30.773 10.231
19 3 1 31.430 10.819 30.838 10.249
20 3 1 31.393 10.874 30.819 10.185
21 3 1 31.448 10.828 30.847 10.157
22 3 1 31.485 10.846 30.921 10.249
23 3 1 31.485 10.828 30.912 10.249
24 3 1 31.522 10.837 30.949 10.258
25 3 1 31.550 10.837 30.976 10.258
26 3 1 31.596 10.846 31.023 10.267
27 3 1 31.624 10.855 31.050 10.276
28 3 1 31.679 10.864 31.106 10.285
29 3 1 31.716 10.873 31.143 10.294
30 3 1 31.762 10.882 31.189 10.303
31 3 1 32.122 10.872 31.161 10.276
32 3 1 31.781 10.891 31.208 10.313
33 3 1 31.818 10.900 31.244 10.322
34 3 1 31.855 10.909 31.281 10.331
35 3 1 31.892 10.918 31.318 10.340
36 3 1 32.150 10.945 31.365 10.340
37 3 1 32.113 11.010 31.549 10.284
38 3 1 32.187 10.954 31.568 10.376
39 3 1 32.187 10.927 31.632 10.339
40 3 1 32.160 11.028 31.595 10.385
41 3 1 32.242 10.963 31.678 10.376
42 3 1 32.289 11.000 31.752 10.348
43 3 1 32.289 10.954 31.743 10.376
44 3 1 32.233 11.028 31.780 10.237
45 3 1 32.252 11.055 31.743 10.403
46 3 1 32.399 10.972 31.780 10.357
47 3 1 32.335 10.917 31.771 10.366
48 3 1 32.436 10.972 31.789 10.385
49 3 1 32.492 11.009 31.752 10.394
50 3 1 32.538 10.935 31.743 10.293
51 3 1 32.602 10.907 31.826 10.375
52 3 1 32.639 10.962 31.909 10.320
53 3 1 32.722 10.953 32.020 10.338
54 3 1 32.695 11.109 32.029 10.237
55 3 1 32.639 10.999 32.057 10.338
56 3 1 32.611 10.944 32.085 10.384
57 3 1 32.648 10.944 32.121 10.384
58 3 1 32.860 10.943 32.223 10.264
59 3 1 32.786 10.888 32.260 10.328
60 3 1 32.823 10.888 32.297 10.328
61 3 1 32.860 10.888 32.334 10.328
62 3 1 32.906 10.878 32.380 10.318
64 3 1 32.897 10.869 32.370 10.309
65 3 1 33.220 10.804 32.352 10.319
66 3 1 33.266 10.804 32.426 10.282
67 3 1 33.349 10.822 32.398 10.318
68 3 1 32.897 10.842 32.370 10.282
69 3 1 32.925 10.842 32.398 10.282
70 3 1 32.971 10.832 32.444 10.272
71 3 1 33.376 10.914 32.582 10.198
72 3 1 33.376 10.785 32.638 10.171
73 3 1 33.293 10.794 32.601 10.171
74 3 1 33.330 10.794 32.684 10.097
75 3 1 33.385 10.831 32.739 9.977
76 3 1 33.450 10.803 32.637 10.005
77 3 1 33.358 10.813 32.804 10.152
78 3 1 33.450 10.831 32.656 10.088
79 3 1 33.468 10.803 32.730 10.041
80 3 1 33.514 10.775 32.748 10.032
81 3 1 33.514 10.794 32.785 10.096
82 3 1 33.524 10.821 32.766 10.041
83 3 1 33.524 10.803 32.812 9.968
84 3 1 33.523 10.766 32.932 10.032
85 3 1 33.496 10.794 32.941 9.949
86 3 1 33.551 10.784 32.849 9.995
87 3 1 33.533 10.738 32.942 9.995
88 3 1 33.606 10.665 32.904 9.921
89 3 1 33.606 10.609 32.960 9.912
90 3 1 33.569 10.637 32.978 9.976
91 3 1 33.532 10.499 32.978 9.866
92 3 1 33.633 10.453 33.079 9.792
93 3 1 33.606 10.398 33.079 9.838
94 3 1 33.827 10.480 33.135 9.801
95 3 1 33.854 10.425 33.080 9.875
96 3 1 33.725 10.407 33.199 9.847
97 3 1 33.947 10.443 33.227 9.663
98 3 1 33.735 10.388 33.208 9.829
99 3 1 34.131 10.387 33.153 9.865
100 3 1 34.158 10.360 33.227 9.819
101 3 1 33.698 10.361 33.181 9.801
102 3 1 33.762 10.351 33.245 9.792
103 3 1 33.790 10.342 33.273 9.782
105 3 1 33.688 10.342 33.181 9.783
106 3 1 34.177 10.424 33.291 9.874
107 3 1 34.305 10.405 33.457 9.800
108 3 1 34.269 10.424 33.383 9.810
109 3 1 34.223 10.378 33.448 9.764
110 3 1 34.223 10.341 33.503 9.736
111 3 1 34.296 10.368 33.577 9.828
112 3 1 34.167 10.359 33.669 9.809
113 3 1 34.186 10.350 33.687 9.800
114 3 1 34.443 10.340 33.623 9.699
115 3 1 34.462 10.258 33.567 9.625
116 3 1 34.443 10.322 33.605 9.772
117 3 1 34.434 10.294 33.678 9.680
118 3 1 34.158 10.314 33.669 9.772
119 3 1 34.176 10.304 33.687 9.763
120 3 1 34.195 10.295 33.715 9.754
121 3 1 34.232 10.286 33.752 9.744
122 3 1 34.259 10.276 33.779 9.735
123 3 1 34.296 10.267 33.816 9.726
124 3 1 34.324 10.267 33.844 9.726
125 3 1 34.360 10.258 33.881 9.716
126 3 1 34.379 10.258 33.899 9.716
127 3 1 34.425 10.258 33.945 9.716
128 3 1 34.462 10.258 33.982 9.716
129 3 1 34.489 10.267 34.019 9.725
130 3 1 34.517 10.276 34.046 9.734
131 3 1 34.554 10.276 34.083 9.734
132 3 1 34.581 10.285 34.111 9.743
134 3 1 34.572 10.276 34.102 9.734
135 3 1 34.600 10.285 34.129 9.743
136 3 1 34.637 10.303 34.166 9.762
137 3 1 34.673 10.321 34.203 9.780
139 3 1 34.747 10.349 34.277 9.807
140 3 1 34.793 10.367 34.323 9.826
142 3 1 34.784 10.358 34.323 9.826
143 3 1 34.830 10.367 34.369 9.835
144 3 1 34.876 10.394 34.415 9.862
145 3 1 35.244 10.448 34.617 9.899
146 3 1 35.216 10.531 34.396 9.697
147 3 1 35.124 10.421 34.663 9.889
148 3 1 35.161 10.439 34.700 9.907
149 3 1 35.198 10.458 34.737 9.926
150 3 1 35.226 10.467 34.765 9.935
151 3 1 35.465 10.613 34.893 9.962
153 3 1 35.391 10.540 34.930 10.008
154 3 1 35.428 10.549 34.967 10.017
155 3 1 35.465 10.549 35.004 10.017
156 3 1 35.511 10.558 35.050 10.026
157 3 1 35.566 10.576 35.114 10.054
158 3 1 35.612 10.585 35.160 10.063
160 3 1 36.071 10.602 34.921 10.072
161 3 1 35.593 10.567 35.142 10.044
162 3 1 35.952 10.676 35.096 10.017
163 3 1 35.980 10.676 35.170 10.063
164 3 1 36.026 10.685 35.225 9.980
165 3 1 36.053 10.630 35.262 10.127
166 3 1 35.603 10.548 35.151 10.026
168 3 1 35.593 10.539 35.142 10.017
170 3 1 36.356 10.776 35.648 10.144
171 3 1 36.421 10.803 35.648 10.153
172 3 1 36.301 10.785 35.776 10.144
173 3 1 36.531 10.803 35.712 10.162
174 3 1 36.237 10.712 35.786 10.190
175 3 1 36.319 10.657 35.703 10.153
176 3 1 36.237 10.666 35.786 10.153
177 3 1 36.522 10.803 35.914 10.125
179 3 1 36.586 10.803 36.126 10.271
180 3 1 36.678 10.903 35.961 10.318
181 3 1 36.788 10.967 36.034 10.198
182 3 1 36.752 10.968 36.061 10.152
183 3 1 36.715 10.894 36.015 10.189
184 3 1 36.734 11.289 36.107 10.115
185 3 1 36.522 10.739 36.071 10.226
187 3 1 36.898 10.884 36.328 10.399
188 3 1 36.825 10.885 36.374 10.381
189 3 1 36.963 10.967 36.273 10.234
190 3 1 36.852 10.875 36.402 10.372
191 3 1 36.880 10.875 36.429 10.372
192 3 1 36.917 10.875 36.466 10.371
193 3 1 36.953 10.884 36.503 10.380
196 3 1 36.981 10.884 36.530 10.380
197 3 1 37.036 10.893 36.585 10.389
198 3 1 37.266 10.957 36.493 10.279
200 3 1 37.394 10.993 36.613 10.307
201 3 1 37.495 10.974 36.686 10.316
202 3 1 37.504 11.020 36.750 10.306
203 3 1 37.036 10.856 36.585 10.353
205 3 1 37.596 10.956 37.118 10.415
206 3 1 37.679 11.056 37.099 10.425
207 3 1 37.605 10.983 37.154 10.480
208 3 1 37.633 10.992 37.182 10.489
209 3 1 37.669 11.001 37.219 10.498
210 3 1 37.715 11.010 37.265 10.507
211 3 1 37.752 11.029 37.301 10.525
213 3 1 37.779 11.029 37.329 10.525
214 3 1 37.816 11.038 37.366 10.534
215 3 1 37.862 11.047 37.411 10.543
138 3 1 34.710 10.330 34.240 9.789
178 3 1 36.706 10.903 35.822 10.199
195 3 1 36.944 10.875 36.493 10.371
199 3 1 37.256 10.929 36.594 10.389
212 3 1 38.073 11.211 37.173 10.562
0 5 1 32.505 13.228 31.719 12.494
1 5 1 32.533 13.246 31.710 12.485
2 5 1 32.579 13.246 31.756 12.485
3 5 1 32.606 13.246 31.784 12.485
4 5 1 32.652 13.245 31.830 12.484
5 5 1 32.680 13.245 31.858 12.484
6 5 1 32.726 13.245 31.904 12.484
7 5 1 32.754 13.245 31.931 12.484
8 5 1 32.800 13.263 31.978 12.502
9 5 1 32.828 13.263 32.005 12.502
10 5 1 32.874 13.244 32.051 12.483
11 5 1 32.901 13.244 32.079 12.483
12 5 1 32.929 13.244 32.107 12.483
13 5 1 32.975 13.244 32.153 12.483
14 5 1 33.021 13.262 32.199 12.501
15 5 1 33.067 13.280 32.245 12.520
16 5 1 33.114 13.280 32.291 12.519
17 5 1 33.132 13.280 32.310 12.519
18 5 1 33.187 13.298 32.365 12.537
19 5 1 33.197 13.298 32.374 12.537
20 5 1 33.243 13.298 32.421 12.537
21 5 1 33.270 13.298 32.448 12.537
22 5 1 33.316 13.279 32.494 12.519
23 5 1 33.344 13.279 32.522 12.518
24 5 1 33.390 13.279 32.568 12.518
25 5 1 33.418 13.279 32.596 12.518
26 5 1 33.436 13.279 32.614 12.518
27 5 1 33.473 13.260 32.651 12.500
28 5 1 33.519 13.260 32.697 12.499
29 5 1 33.547 13.260 32.725 12.499
30 5 1 33.574 13.241 32.753 12.481
31 5 1 33.602 13.241 32.780 12.481
32 5 1 33.648 13.223 32.826 12.462
33 5 1 33.676 13.222 32.854 12.462
34 5 1 33.722 13.204 32.900 12.443
35 5 1 33.740 13.204 32.918 12.443
36 5 1 33.795 13.185 32.974 12.425
37 5 1 33.841 13.185 33.020 12.424
38 5 1 33.878 13.185 33.057 12.424
39 5 1 33.915 13.185 33.094 12.424
40 5 1 33.961 13.184 33.140 12.424
41 5 1 33.979 13.184 33.158 12.424
42 5 1 34.035 13.166 33.213 12.405
43 5 1 34.044 13.166 33.223 12.405
44 5 1 34.062 13.166 33.241 12.405
45 5 1 34.099 13.165 33.278 12.405
46 5 1 34.145 13.165 33.324 12.405
47 5 1 34.164 13.184 33.342 12.423
48 5 1 34.219 13.183 33.398 12.423
49 5 1 34.265 13.201 33.444 12.441
50 5 1 34.302 13.201 33.481 12.441
51 5 1 34.339 13.201 33.517 12.441
52 5 1 34.366 13.219 33.545 12.459
53 5 1 34.385 13.219 33.564 12.459
54 5 1 34.421 13.219 33.600 12.459
55 5 1 34.449 13.219 33.628 12.459
56 5 1 34.467 13.219 33.646 12.459
57 5 1 34.504 13.219 33.683 12.459
58 5 1 34.532 13.219 33.711 12.458
59 5 1 34.550 13.219 33.729 12.458
60 5 1 34.587 13.218 33.766 12.458
61 5 1 34.615 13.200 33.794 12.440
62 5 1 34.633 13.200 33.812 12.440
63 5 1 34.670 13.181 33.849 12.421
64 5 1 34.697 13.181 33.877 12.421
65 5 1 34.697 13.163 33.877 12.403
66 5 1 34.753 13.144 33.932 12.384
67 5 1 34.762 13.126 33.941 12.366
68 5 1 34.799 13.126 33.978 12.365
69 5 1 34.817 13.107 33.996 12.347
70 5 1 34.845 13.107 34.024 12.347
71 5 1 34.872 13.107 34.052 12.347
72 5 1 34.900 13.088 34.079 12.328
73 5 1 34.927 13.088 34.107 12.328
74 5 1 34.946 13.088 34.125 12.328
75 5 1 34.983 13.088 34.162 12.328
76 5 1 35.010 13.069 34.190 12.309
77 5 1 35.010 13.069 34.190 12.309
78 5 1 35.074 13.078 34.271 11.831
79 5 1 35.212 13.041 34.290 11.904
80 5 1 35.212 13.050 34.345 11.941
81 5 1 35.166 13.060 34.382 12.024
82 5 1 35.175 12.977 34.364 12.088
83 5 1 35.203 12.977 34.392 12.088
84 5 1 35.231 12.977 34.419 12.088
85 5 1 35.258 12.976 34.447 12.088
86 5 1 35.286 12.976 34.474 12.088
87 5 1 35.332 12.995 34.521 12.106
88 5 1 35.359 13.013 34.548 12.124
89 5 1 35.461 13.012 34.649 12.124
90 5 1 35.543 13.030 34.732 12.142
91 5 1 35.608 13.048 34.797 12.160
92 5 1 35.635 13.030 34.824 12.141
93 5 1 35.663 13.048 34.852 12.160
94 5 1 35.635 13.048 34.824 12.160
95 5 1 35.645 13.048 34.833 12.160
96 5 1 35.672 13.048 34.861 12.160
97 5 1 35.700 13.048 34.889 12.160
98 5 1 35.727 13.048 34.916 12.159
99 5 1 35.773 13.048 34.962 12.159
100 5 1 35.801 13.048 34.990 12.159
101 5 1 35.865 13.047 35.054 12.159
102 5 1 35.893 13.047 35.082 12.159
103 5 1 35.920 13.047 35.109 12.159
104 5 1 35.948 13.065 35.137 12.177
105 5 1 35.994 13.084 35.183 12.195
106 5 1 36.021 13.083 35.211 12.195
107 5 1 36.067 13.065 35.257 12.177
108 5 1 36.077 13.083 35.266 12.195
109 5 1 36.104 13.065 35.293 12.176
110 5 1 36.113 13.083 35.303 12.195
111 5 1 36.141 13.065 35.330 12.176
112 5 1 36.168 13.083 35.358 12.195
113 5 1 36.196 13.083 35.385 12.194
114 5 1 36.224 13.083 35.413 12.194
116 5 1 36.214 13.073 35.404 12.185
117 5 1 36.260 13.092 35.450 12.203
118 5 1 36.306 13.091 35.496 12.203
119 5 1 36.334 13.110 35.523 12.221
120 5 1 36.380 13.128 35.569 12.240
121 5 1 36.407 13.146 35.597 12.258
122 5 1 36.435 13.183 35.625 12.295
123 5 1 36.463 13.201 35.652 12.313
124 5 1 36.509 13.219 35.698 12.331
125 5 1 36.518 13.201 35.707 12.313
126 5 1 36.545 13.201 35.735 12.313
127 5 1 36.554 13.219 35.744 12.331
128 5 1 36.582 13.256 35.772 12.368
129 5 1 36.610 13.274 35.799 12.386
130 5 1 36.656 13.310 35.845 12.422
131 5 1 36.683 13.329 35.873 12.441
132 5 1 36.729 13.347 35.919 12.459
133 5 1 36.775 13.365 35.965 12.477
134 5 1 36.821 13.383 36.011 12.495
135 5 1 36.849 13.383 36.039 12.495
136 5 1 36.895 13.383 36.085 12.495
137 5 1 36.922 13.383 36.112 12.495
139 5 1 37.014 13.419 36.204 12.531
140 5 1 37.041 13.419 36.232 12.531
141 5 1 37.051 13.401 36.241 12.513
142 5 1 37.197 13.391 36.609 12.778
144 5 1 37.280 13.501 36.507 12.659
145 5 1 37.308 13.510 36.535 12.668
146 5 1 37.335 13.500 36.562 12.659
147 5 1 37.363 13.509 36.590 12.668
148 5 1 37.409 13.518 36.636 12.677
149 5 1 37.436 13.527 36.664 12.686
150 5 1 37.482 13.536 36.709 12.695
151 5 1 37.528 13.545 36.755 12.704
152 5 1 37.574 13.554 36.801 12.713
153 5 1 37.620 13.563 36.847 12.722
154 5 1 37.666 13.572 36.893 12.731
155 5 1 37.693 13.581 36.921 12.740
156 5 1 37.739 13.572 36.967 12.730
157 5 1 37.767 13.599 36.994 12.758
158 5 1 37.794 13.590 37.022 12.748
159 5 1 37.822 13.599 37.049 12.758
160 5 1 37.849 13.590 37.077 12.748
161 5 1 37.877 13.599 37.104 12.757
162 5 1 37.904 13.590 37.132 12.748
163 5 1 37.932 13.599 37.159 12.757
164 5 1 37.959 13.589 37.187 12.748
165 5 1 37.987 13.598 37.214 12.757
166 5 1 38.014 13.571 37.242 12.729
167 5 1 38.042 13.580 37.269 12.738
168 5 1 38.088 13.570 37.315 12.729
169 5 1 38.133 13.561 37.361 12.720
170 5 1 38.179 13.552 37.407 12.710
171 5 1 38.518 13.477 37.186 12.197
172 5 1 38.546 13.495 37.277 12.215
173 5 1 38.307 13.478 37.388 12.407
174 5 1 38.344 13.312 37.388 12.205
175 5 1 38.463 13.376 37.479 12.196
176 5 1 38.463 13.403 37.498 12.251
177 5 1 38.546 13.495 37.653 12.103
179 5 1 38.371 13.284 37.691 12.700
180 5 1 38.738 13.494 37.855 12.231
181 5 1 38.390 13.339 37.636 12.617
182 5 1 38.775 13.420 37.874 12.387
183 5 1 38.821 13.484 37.901 12.194
184 5 1 38.912 13.493 37.892 12.075
185 5 1 38.949 13.493 37.883 12.066
186 5 1 38.655 13.247 37.902 12.515
187 5 1 38.876 13.539 37.947 12.093
188 5 1 38.921 13.466 38.020 12.111
189 5 1 39.022 13.502 37.956 12.010
190 5 1 38.673 13.210 37.920 12.479
191 5 1 38.719 13.200 37.966 12.469
192 5 1 38.995 13.465 37.983 11.955
193 5 1 39.031 13.456 38.001 11.918
194 5 1 39.049 13.428 37.992 11.937
196 5 1 39.095 13.382 38.029 11.946
197 5 1 39.168 13.391 38.121 11.918
198 5 1 38.746 13.154 37.993 12.423
200 5 1 39.177 13.382 38.203 12.074
201 5 1 38.774 13.127 38.021 12.396
202 5 1 38.801 13.117 38.048 12.386
203 5 1 38.829 13.108 38.076 12.377
204 5 1 38.856 13.099 38.103 12.368
205 5 1 39.415 13.344 38.626 12.595
206 5 1 39.379 13.326 38.626 12.595
207 5 1 39.406 13.317 38.654 12.586
208 5 1 39.452 13.289 38.699 12.558
209 5 1 39.479 13.298 38.727 12.567
210 5 1 39.525 13.289 38.773 12.558
211 5 1 39.534 13.298 38.782 12.567
213 5 1 39.589 13.261 38.837 12.530
214 5 1 39.635 13.251 38.882 12.521
215 5 1 39.662 13.260 38.910 12.530
138 5 1 36.986 13.401 36.176 12.513
178 5 1 38.188 13.285 37.416 12.545
195 5 1 38.719 13.182 37.966 12.451
199 5 1 38.774 13.145 38.021 12.414
212 5 1 39.562 13.270 38.809 12.539
0 8 1 32.631 11.800 31.772 11.149
1 8 1 32.659 11.818 31.763 11.140
2 8 1 32.705 11.809 31.809 11.130
3 8 1 32.604 11.800 31.902 11.296
4 8 1 32.622 11.809 31.883 11.278
5 8 1 32.650 11.818 31.911 11.287
6 8 1 32.687 11.827 31.948 11.296
7 8 1 32.724 11.827 31.985 11.296
8 8 1 32.761 11.827 32.022 11.296
9 8 1 32.797 11.827 32.059 11.295
10 8 1 32.834 11.836 32.095 11.305
11 8 1 32.871 11.845 32.132 11.314
12 8 1 32.908 11.845 32.169 11.313
13 8 1 32.945 11.854 32.206 11.323
14 8 1 33.268 11.926 32.234 11.415
15 8 1 33.056 11.918 32.142 11.295
16 8 1 33.028 11.881 32.197 11.341
17 8 1 33.323 11.945 32.335 11.359
18 8 1 33.286 11.936 32.335 11.359
19 8 1 33.240 11.917 32.372 11.368
20 8 1 33.305 11.935 32.400 11.340
21 8 1 33.480 11.944 32.474 11.349
22 8 1 33.471 12.101 32.557 11.257
23 8 1 33.443 11.963 32.566 11.386
24 8 1 33.443 12.055 32.741 11.450
25 8 1 33.517 12.027 32.658 11.450
26 8 1 33.544 12.027 32.686 11.450
27 8 1 33.581 12.026 32.723 11.450
28 8 1 33.609 12.036 32.751 11.459
29 8 1 33.646 12.035 32.788 11.459
30 8 1 33.673 12.035 32.815 11.459
31 8 1 33.710 12.035 32.852 11.458
32 8 1 33.747 12.026 32.889 11.449
33 8 1 33.784 12.026 32.926 11.449
34 8 1 33.811 12.026 32.953 11.449
35 8 1 33.848 12.016 32.990 11.440
36 8 1 33.894 12.016 33.036 11.439
37 8 1 33.931 12.007 33.073 11.430
38 8 1 34.115 12.043 32.797 11.440
39 8 1 34.014 11.859 32.981 11.421
40 8 1 33.931 11.924 33.045 11.366
41 8 1 33.968 11.915 33.082 11.356
42 8 1 34.124 11.942 33.156 11.457
43 8 1 34.078 11.969 33.193 11.421
44 8 1 34.115 11.969 33.230 11.420
45 8 1 34.143 11.969 33.258 11.420
46 8 1 34.180 11.969 33.294 11.420
47 8 1 34.216 11.969 33.331 11.420
48 8 1 34.244 11.969 33.359 11.420
49 8 1 34.263 11.969 33.377 11.420
50 8 1 34.318 12.061 33.580 11.309
51 8 1 34.493 12.097 33.690 11.235
52 8 1 34.502 11.949 33.635 11.382
53 8 1 34.539 11.949 33.672 11.382
54 8 1 34.566 11.949 33.700 11.382
55 8 1 34.447 12.060 33.718 11.253
56 8 1 34.842 11.985 33.617 11.428
57 8 1 34.649 11.986 33.783 11.419
58 8 1 34.621 11.912 33.681 11.354
59 8 1 34.585 11.931 33.718 11.336
60 8 1 34.585 11.912 33.718 11.354
61 8 1 34.677 11.921 33.810 11.345
62 8 1 34.686 11.940 33.820 11.428
63 8 1 34.714 11.995 33.921 11.354
64 8 1 34.741 11.949 33.884 11.400
65 8 1 34.742 12.179 34.013 11.344
66 8 1 34.714 11.995 34.059 11.500
67 8 1 34.769 12.050 34.188 11.408
68 8 1 34.879 11.994 34.059 11.454
69 8 1 34.907 11.994 34.087 11.454
70 8 1 34.934 11.994 34.114 11.454
71 8 1 34.944 11.994 34.215 11.454
72 8 1 34.980 11.985 34.169 11.445
73 8 1 35.008 11.984 34.197 11.445
74 8 1 35.045 11.975 34.234 11.435
75 8 1 35.081 11.966 34.271 11.426
76 8 1 35.109 11.956 34.298 11.417
77 8 1 35.137 11.947 34.326 11.407
79 8 1 35.127 11.938 34.317 11.398
80 8 1 35.155 11.929 34.344 11.389
81 8 1 35.201 11.929 34.390 11.389
82 8 1 35.219 11.919 34.409 11.380
83 8 1 35.247 11.919 34.436 11.380
84 8 1 35.330 12.075 34.584 11.388
85 8 1 35.348 11.992 34.547 11.453
86 8 1 35.376 11.974 34.574 11.434
87 8 1 35.477 12.038 34.722 11.388
88 8 1 35.440 11.946 34.749 11.103
89 8 1 35.495 11.955 34.868 11.157
90 8 1 35.560 11.973 34.850 11.360
91 8 1 35.560 11.955 34.942 11.176
92 8 1 35.596 11.955 35.043 11.276
93 8 1 35.651 11.945 35.016 11.295
94 8 1 35.835 11.908 35.071 11.359
95 8 1 35.808 11.899 35.071 11.350
96 8 1 35.835 11.899 35.099 11.350
97 8 1 35.881 11.898 35.145 11.350
98 8 1 35.900 11.908 35.163 11.359
99 8 1 35.927 11.917 35.191 11.368
100 8 1 35.964 11.907 35.227 11.358
101 8 1 36.001 11.926 35.264 11.377
102 8 1 36.019 11.916 35.255 11.349
103 8 1 36.001 11.907 35.264 11.358
104 8 1 36.047 11.907 35.310 11.358
105 8 1 36.037 11.935 35.264 11.248
106 8 1 36.028 12.017 35.310 11.275
107 8 1 36.028 11.925 35.301 11.377
108 8 1 36.065 11.916 35.338 11.367
109 8 1 36.111 11.990 35.494 11.339
110 8 1 36.212 11.962 35.595 11.219
111 8 1 36.249 11.943 35.604 11.201
112 8 1 36.332 12.007 35.595 11.247
113 8 1 36.285 11.906 35.586 11.357
114 8 1 36.221 11.980 35.650 11.265
115 8 1 36.285 11.897 35.595 11.348
116 8 1 36.267 11.879 35.669 11.329
117 8 1 36.506 11.988 35.595 11.403
118 8 1 36.488 12.025 35.595 11.403
119 8 1 36.552 11.997 35.760 11.265
120 8 1 36.524 11.951 35.852 11.219
121 8 1 36.598 11.942 35.935 11.283
122 8 1 36.635 12.033 36.018 11.319
123 8 1 36.662 12.107 36.064 11.291
124 8 1 36.708 12.189 36.100 11.264
125 8 1 36.708 12.033 36.128 11.172
126 8 1 36.763 12.106 36.247 11.327
127 8 1 36.607 11.914 35.954 11.365
128 8 1 36.616 11.923 35.963 11.374
129 8 1 36.662 11.960 36.009 11.411
130 8 1 36.699 11.997 36.046 11.448
131 8 1 37.030 12.381 36.239 11.465
132 8 1 37.140 12.371 36.165 11.438
133 8 1 36.938 12.143 36.294 11.520
134 8 1 36.993 12.179 36.386 11.584
135 8 1 37.002 12.152 36.367 11.603
136 8 1 37.113 12.555 36.294 11.456
137 8 1 37.020 12.170 36.386 11.621
139 8 1 37.131 12.546 36.477 11.520
140 8 1 37.066 12.225 36.432 11.676
141 8 1 37.094 12.252 36.459 11.703
143 8 1 37.232 12.481 36.699 11.997
144 8 1 37.242 12.546 36.690 12.006
145 8 1 37.269 12.536 36.653 11.997
146 8 1 37.297 12.554 36.680 12.015
147 8 1 37.333 12.573 36.717 12.033
148 8 1 37.361 12.591 36.745 12.051
149 8 1 37.398 12.600 36.782 12.060
150 8 1 37.416 12.609 36.809 12.097
151 8 1 37.682 12.663 36.699 12.116
152 8 1 37.728 12.654 36.681 12.098
153 8 1 37.398 12.600 36.791 12.070
154 8 1 37.434 12.609 36.827 12.079
155 8 1 37.471 12.636 36.864 12.106
156 8 1 37.526 12.655 36.919 12.124
158 8 1 37.517 12.645 36.910 12.115
159 8 1 37.792 12.754 37.186 12.224
161 8 1 37.765 12.736 37.158 12.206
162 8 1 37.792 12.745 37.186 12.215
163 8 1 37.838 12.745 37.232 12.215
164 8 1 37.866 12.745 37.259 12.215
165 8 1 37.902 12.754 37.296 12.224
166 8 1 38.233 12.844 37.433 12.187
167 8 1 38.480 12.779 37.342 12.279
168 8 1 37.912 12.745 37.305 12.215
169 8 1 37.948 12.745 37.342 12.215
170 8 1 37.985 12.745 37.378 12.214
171 8 1 38.022 12.744 37.415 12.214
172 8 1 38.067 12.735 37.461 12.205
173 8 1 38.113 12.744 37.507 12.214
174 8 1 38.150 12.680 37.544 12.250
175 8 1 38.177 12.689 37.571 12.260
176 8 1 38.223 12.679 37.617 12.250
177 8 1 38.251 12.670 37.644 12.241
179 8 1 38.507 12.595 37.874 12.148
180 8 1 38.489 12.586 37.883 12.157
181 8 1 38.507 12.577 37.901 12.148
182 8 1 38.544 12.577 37.938 12.148
183 8 1 38.571 12.568 37.965 12.139
184 8 1 38.599 12.558 37.993 12.129
185 8 1 38.635 12.558 38.029 12.129
186 8 1 38.663 12.540 38.057 12.111
187 8 1 38.690 12.531 38.084 12.102
189 8 1 38.681 12.521 38.075 12.092
190 8 1 38.718 12.503 38.112 12.074
191 8 1 38.754 12.484 38.148 12.055
192 8 1 38.791 12.466 38.185 12.037
193 8 1 38.827 12.447 38.222 12.018
194 8 1 38.864 12.429 38.258 12.000
196 8 1 38.937 12.392 38.331 11.963
197 8 1 38.974 12.383 38.368 11.954
198 8 1 39.001 12.373 38.396 11.944
201 8 1 39.029 12.346 38.423 11.917
202 8 1 39.056 12.336 38.450 11.907
203 8 1 39.093 12.327 38.487 11.898
204 8 1 39.386 12.509 38.808 11.979
206 8 1 39.386 12.454 38.790 12.025
207 8 1 39.626 13.288 38.633 11.613
208 8 1 39.404 12.436 38.808 12.007
209 8 1 39.432 12.427 38.835 11.998
210 8 1 39.468 12.417 38.872 11.988
211 8 1 39.505 12.417 38.909 11.988
213 8 1 39.699 13.242 38.661 11.686
214 8 1 39.716 12.655 38.688 11.741
215 8 1 39.569 12.380 38.973 11.951
138 8 1 37.048 12.197 36.413 11.648
195 8 1 38.901 12.410 38.295 11.981
199 8 1 39.038 12.355 38.432 11.926
212 8 1 39.541 12.408 38.945 11.979
0 19 2 22.383 10.809 20.431 10.055
1 19 2 22.439 10.837 20.394 10.046
2 19 2 22.364 10.856 20.637 10.073
3 19 2 22.439 10.855 20.702 10.064
4 19 2 22.597 10.846 20.795 10.054
5 19 2 22.728 10.799 20.786 10.082
6 19 2 22.690 10.799 20.889 10.054
7 19 2 22.802 10.836 21.076 10.044
8 19 2 22.942 10.780 21.048 10.119
9 19 2 22.979 10.881 21.169 10.063
10 19 2 23.147 10.872 21.206 10.053
11 19 2 23.212 10.816 21.365 10.090
12 19 2 23.212 10.844 21.412 10.136
13 19 2 23.380 10.880 21.468 10.053
14 19 2 23.455 10.824 21.542 10.117
15 19 2 23.492 10.769 21.626 10.173
16 19 2 23.622 10.778 21.692 10.126
17 19 2 23.706 10.796 21.888 10.116
18 19 2 23.659 10.824 21.944 10.144
19 19 2 23.706 10.842 22.009 10.116
20 19 2 23.883 10.786 22.121 10.051
21 19 2 24.041 10.767 22.195 10.069
22 19 2 24.060 10.749 22.401 10.041
23 19 2 24.171 10.748 22.512 10.013
24 19 2 24.339 10.739 22.568 10.013
25 19 2 24.385 10.785 22.568 10.077
26 19 2 24.432 10.784 22.652 10.040
27 19 2 24.478 10.757 22.774 10.049
28 19 2 24.581 10.766 22.820 10.058
29 19 2 24.674 10.747 22.923 10.012
30 19 2 24.795 10.709 23.034 9.984
31 19 2 24.869 10.691 23.062 10.011
32 19 2 24.934 10.700 23.211 9.992
33 19 2 25.018 10.672 23.370 9.955
34 19 2 25.102 10.681 23.454 9.983
35 19 2 25.185 10.644 23.537 9.945
36 19 2 25.176 10.625 23.575 9.927
37 19 2 25.241 10.579 23.686 9.917
38 19 2 25.436 10.550 23.770 9.963
39 19 2 25.399 10.560 23.891 9.991
40 19 2 25.613 10.587 24.031 9.963
41 19 2 25.622 10.559 24.077 9.907
42 19 2 25.863 10.586 24.133 9.916
43 19 2 25.928 10.558 24.263 9.925
44 19 2 25.956 10.567 24.394 9.943
45 19 2 26.189 10.557 24.468 9.906
46 19 2 26.319 10.566 24.589 9.887
47 19 2 26.319 10.557 24.729 9.896
48 19 2 26.551 10.547 24.663 9.887
49 19 2 26.597 10.556 24.877 9.868
50 19 2 26.411 10.538 25.073 9.895
51 19 2 26.783 10.556 25.063 9.905
52 19 2 26.940 10.546 25.128 9.914
53 19 2 26.838 10.537 25.203 9.913
54 19 2 27.191 10.582 25.351 9.867
55 19 2 27.061 10.527 25.426 9.904
56 19 2 27.144 10.536 25.510 9.913
57 19 2 27.376 10.582 25.584 9.912
58 19 2 27.376 10.619 25.695 9.866
59 19 2 27.506 10.572 25.798 9.930
60 19 2 27.451 10.554 25.816 9.930
61 19 2 27.534 10.563 25.900 9.939
62 19 2 27.618 10.553 25.983 9.930
63 19 2 27.979 10.561 26.160 9.856
64 19 2 27.877 10.516 26.243 9.892
65 19 2 28.007 10.617 26.383 9.836
66 19 2 28.276 10.644 26.559 9.928
67 19 2 28.359 10.680 26.578 9.901
68 19 2 28.498 10.643 26.531 9.984
69 19 2 28.554 10.643 26.745 9.946
70 19 2 28.572 10.606 26.791 9.946
71 19 2 28.711 10.652 27.051 9.918
72 19 2 28.906 10.716 27.014 10.020
73 19 2 28.665 10.587 27.042 9.964
74 19 2 28.757 10.596 27.134 9.973
75 19 2 29.220 10.752 27.274 10.000
76 19 2 28.841 10.577 27.218 9.954
77 19 2 28.933 10.586 27.311 9.963
78 19 2 29.026 10.595 27.403 9.972
79 19 2 29.461 10.751 27.746 9.944
80 19 2 29.581 10.778 27.719 10.073
81 19 2 29.739 10.824 27.922 9.925
82 19 2 29.368 10.631 27.746 10.008
83 19 2 29.461 10.640 27.839 10.017
84 19 2 29.553 10.668 27.932 10.045
85 19 2 29.989 10.869 28.164 10.063
86 19 2 29.655 10.667 28.034 10.045
87 19 2 29.748 10.676 28.127 10.054
88 19 2 29.859 10.703 28.238 10.081
89 19 2 29.951 10.694 28.330 10.071
90 19 2 30.062 10.721 28.442 10.099
91 19 2 30.155 10.730 28.534 10.108
92 19 2 30.266 10.739 28.645 10.117
93 19 2 30.377 10.748 28.757 10.126
94 19 2 30.488 10.775 28.868 10.153
95 19 2 30.599 10.784 28.979 10.162
96 19 2 30.691 10.793 29.071 10.171
97 19 2 30.802 10.802 29.183 10.180
98 19 2 30.913 10.829 29.294 10.207
99 19 2 31.024 10.838 29.405 10.216
100 19 2 31.135 10.865 29.516 10.243
101 19 2 31.245 10.874 29.627 10.252
102 19 2 31.338 10.883 29.719 10.261
103 19 2 31.449 10.892 29.830 10.270
104 19 2 31.559 10.919 29.941 10.298
105 19 2 31.670 10.928 30.052 10.307
106 19 2 31.781 10.937 30.163 10.315
107 19 2 31.892 10.946 30.274 10.324
108 19 2 32.003 10.973 30.385 10.352
109 19 2 32.113 10.982 30.496 10.361
110 19 2 32.224 11.009 30.607 10.388
111 19 2 32.335 11.018 30.718 10.397
112 19 2 32.446 11.027 30.829 10.406
113 19 2 32.575 11.036 30.958 10.415
114 19 2 32.685 11.063 31.069 10.442
115 19 2 32.796 11.072 31.180 10.451
116 19 2 32.907 11.081 31.291 10.460
117 19 2 33.036 11.090 31.420 10.469
118 19 2 33.146 11.117 31.531 10.496
119 19 2 33.275 11.126 31.660 10.505
120 19 2 33.404 11.135 31.790 10.514
121 19 2 33.515 11.143 31.900 10.522
122 19 2 33.856 11.363 32.279 10.577
123 19 2 34.142 11.353 32.362 10.632
124 19 2 34.252 11.380 32.546 10.622
125 19 2 34.455 11.425 32.712 10.695
126 19 2 34.648 11.397 32.860 10.676
127 19 2 34.630 11.406 33.035 10.620
128 19 2 34.666 11.388 33.136 10.638
129 19 2 34.970 11.396 33.247 10.666
130 19 2 35.191 11.451 33.321 10.693
131 19 2 34.878 11.323 33.293 10.702
132 19 2 35.273 11.423 33.643 10.609
133 19 2 35.007 11.304 33.422 10.684
134 19 2 35.126 11.294 33.542 10.674
135 19 2 35.264 11.285 33.680 10.664
136 19 2 35.420 11.293 33.836 10.673
137 19 2 35.540 11.284 33.956 10.664
139 19 2 35.816 11.283 34.232 10.663
140 19 2 35.972 11.273 34.389 10.653
141 19 2 36.109 11.264 34.527 10.644
142 19 2 36.247 11.254 34.665 10.634
143 19 2 36.385 11.244 34.803 10.624
144 19 2 36.541 11.235 34.959 10.615
145 19 2 36.660 11.225 35.079 10.605
146 19 2 36.816 11.215 35.235 10.595
147 19 2 36.936 11.206 35.355 10.586
148 19 2 37.092 11.214 35.511 10.595
149 19 2 37.229 11.186 35.649 10.567
150 19 2 37.367 11.195 35.786 10.575
151 19 2 37.505 11.167 35.924 10.547
152 19 2 37.936 11.184 36.393 10.592
153 19 2 37.926 11.193 36.356 10.583
154 19 2 38.055 11.193 36.485 10.583
155 19 2 38.201 11.174 36.631 10.564
156 19 2 38.348 11.174 36.778 10.563
157 19 2 38.495 11.173 36.925 10.563
158 19 2 38.623 11.173 37.054 10.563
159 19 2 39.099 11.189 37.411 10.506
160 19 2 39.172 11.125 37.531 10.534
161 19 2 39.310 11.180 37.723 10.487
162 19 2 39.365 11.124 37.796 10.358
163 19 2 39.593 11.133 37.961 10.413
164 19 2 39.758 11.086 38.190 10.376
165 19 2 39.932 11.113 38.328 10.366
166 19 2 40.142 11.122 38.355 10.394
167 19 2 39.886 11.031 38.319 10.430
168 19 2 40.343 11.085 38.722 10.383
169 19 2 40.544 11.047 39.024 10.355
170 19 2 40.745 11.056 39.006 10.373
171 19 2 40.892 11.119 39.134 10.290
172 19 2 40.526 10.983 38.969 10.383
173 19 2 40.663 10.974 39.106 10.373
174 19 2 40.818 10.964 39.262 10.364
175 19 2 40.955 10.973 39.399 10.372
176 19 2 41.111 10.963 39.555 10.363
177 19 2 41.248 10.953 39.692 10.353
179 19 2 41.540 10.934 39.985 10.334
180 19 2 41.695 10.924 40.140 10.324
181 19 2 41.832 10.933 40.278 10.333
182 19 2 41.987 10.924 40.433 10.324
183 19 2 42.124 10.914 40.570 10.314
184 19 2 42.279 10.904 40.725 10.304
185 19 2 42.416 10.895 40.862 10.295
186 19 2 42.553 10.885 40.999 10.285
187 19 2 42.690 10.894 41.137 10.294
188 19 2 42.845 10.866 41.292 10.266
189 19 2 42.981 10.875 41.429 10.275
190 19 2 43.136 10.865 41.584 10.265
191 19 2 43.273 10.874 41.721 10.274
192 19 2 43.428 10.864 41.876 10.265
193 19 2 43.565 10.855 42.013 10.255
194 19 2 43.738 10.845 42.186 10.245
196 19 2 44.011 10.826 42.460 10.226
197 19 2 44.148 10.834 42.597 10.235
198 19 2 44.302 10.807 42.752 10.207
200 19 2 44.594 10.806 43.044 10.206
201 19 2 44.730 10.796 43.180 10.197
202 19 2 44.885 10.786 43.335 10.187
203 19 2 45.021 10.777 43.472 10.178
204 19 2 45.194 10.767 43.645 10.168
205 19 2 45.330 10.758 43.781 10.159
206 19 2 45.467 10.748 43.918 10.149
207 19 2 45.603 10.739 44.055 10.140
208 19 2 46.112 10.746 44.464 9.992
209 19 2 45.748 10.702 44.200 10.103
210 19 2 45.885 10.692 44.337 10.093
211 19 2 46.021 10.682 44.473 10.084
213 19 2 46.293 10.663 44.746 10.065
214 19 2 46.466 10.654 44.919 10.055
215 19 2 46.584 10.644 45.037 10.046
138 19 2 35.696 11.293 34.113 10.672
178 19 2 41.403 10.944 39.848 10.344
195 19 2 43.874 10.854 42.323 10.254
199 19 2 44.439 10.815 42.889 10.216
212 19 2 46.175 10.673 44.628 10.074
0 20 1 30.185 12.325 29.462 11.359
1 20 1 30.204 12.353 29.453 11.341
2 20 1 30.268 12.260 29.573 11.396
3 20 1 30.305 12.361 29.508 11.368
4 20 1 30.278 12.325 29.536 11.405
5 20 1 30.490 12.333 29.647 11.451
6 20 1 30.435 12.342 29.675 11.432
7 20 1 30.481 12.342 29.721 11.432
8 20 1 30.527 12.342 29.767 11.432
9 20 1 30.555 12.342 29.795 11.432
10 20 1 30.555 12.287 29.842 11.515
11 20 1 30.573 12.333 29.823 11.450
12 20 1 30.610 12.323 29.860 11.441
13 20 1 30.666 12.314 29.915 11.432
14 20 1 30.897 12.248 29.980 11.468
15 20 1 30.888 12.258 29.971 11.441
16 20 1 30.906 12.322 30.110 11.394
17 20 1 30.989 12.294 30.138 11.486
18 20 1 30.943 12.322 30.184 11.440
19 20 1 30.943 12.304 30.211 11.458
20 20 1 31.017 12.460 30.211 11.302
21 20 1 30.915 12.331 30.193 11.302
22 20 1 30.971 12.331 30.239 11.320
23 20 1 31.146 12.358 30.322 11.495
24 20 1 31.313 12.311 30.295 11.440
25 20 1 31.340 12.348 30.359 11.458
26 20 1 31.387 12.339 30.396 11.513
27 20 1 31.276 12.348 30.498 11.494
28 20 1 31.322 12.348 30.544 11.494
29 20 1 31.405 12.458 30.628 11.549
30 20 1 31.396 12.422 30.618 11.567
31 20 1 31.424 12.440 30.646 11.586
32 20 1 31.673 12.448 30.461 11.651
33 20 1 31.525 12.375 30.711 11.576
34 20 1 31.553 12.439 30.739 11.622
35 20 1 31.664 12.384 30.859 11.557
36 20 1 31.599 12.439 30.923 11.530
37 20 1 31.645 12.448 30.970 11.612
38 20 1 31.581 12.495 30.877 11.603
39 20 1 31.618 12.458 30.970 11.575
40 20 1 31.682 12.559 30.988 11.566
41 20 1 31.701 12.466 30.960 11.640
42 20 1 31.747 12.475 31.007 11.649
43 20 1 32.218 12.566 31.127 11.630
44 20 1 31.784 12.457 31.044 11.631
45 20 1 31.830 12.466 31.090 11.640
46 20 1 32.384 12.556 31.155 11.722
47 20 1 31.848 12.466 31.108 11.640
48 20 1 31.895 12.475 31.154 11.649
49 20 1 31.941 12.466 31.201 11.639
50 20 1 31.968 12.475 31.228 11.648
51 20 1 32.014 12.465 31.274 11.639
52 20 1 32.061 12.493 31.321 11.666
53 20 1 32.356 12.620 31.635 11.610
54 20 1 32.328 12.519 31.598 11.693
55 20 1 32.365 12.528 31.635 11.702
56 20 1 32.402 12.556 31.672 11.730
57 20 1 32.458 12.583 31.727 11.757
58 20 1 32.476 12.592 31.746 11.766
59 20 1 32.531 12.638 31.801 11.812
60 20 1 32.597 12.905 31.948 11.673
61 20 1 32.541 12.638 31.810 11.812
62 20 1 32.578 12.666 31.847 11.840
63 20 1 32.809 12.959 31.939 11.802
64 20 1 32.855 12.904 32.023 11.839
65 20 1 32.836 12.978 32.032 11.885
66 20 1 32.827 13.033 32.096 11.866
67 20 1 32.901 12.996 32.097 11.958
68 20 1 32.883 13.152 32.143 11.894
69 20 1 32.855 13.116 32.152 11.949
70 20 1 32.809 13.107 32.124 11.986
71 20 1 32.864 13.014 32.088 12.041
72 20 1 32.938 13.014 32.115 12.041
73 20 1 32.947 13.042 32.134 12.041
74 20 1 32.966 13.041 32.189 12.069
75 20 1 33.085 13.041 32.235 12.160
76 20 1 33.252 13.132 32.309 12.086
77 20 1 33.408 13.040 32.327 12.068
78 20 1 33.362 13.021 32.411 12.252
79 20 1 33.344 13.113 32.374 12.178
80 20 1 33.500 13.030 32.392 12.197
81 20 1 33.445 13.122 32.438 12.150
82 20 1 33.196 13.031 32.475 12.215
83 20 1 33.224 13.050 32.503 12.233
84 20 1 33.436 13.095 32.642 12.371
85 20 1 33.381 13.132 32.660 12.325
86 20 1 33.436 13.104 32.623 12.490
87 20 1 33.482 13.131 32.716 12.416
88 20 1 33.427 13.150 32.716 12.426
89 20 1 33.427 13.178 32.715 12.398
90 20 1 33.482 13.205 32.706 12.490
91 20 1 33.556 13.214 32.753 12.527
92 20 1 33.501 13.251 32.789 12.490
93 20 1 33.574 13.278 32.799 12.453
94 20 1 33.620 13.287 32.808 12.480
95 20 1 33.657 13.259 32.836 12.545
96 20 1 33.593 13.278 32.882 12.526
97 20 1 33.805 13.296 32.872 12.508
98 20 1 33.851 13.314 32.965 12.507
99 20 1 33.823 13.351 32.965 12.498
100 20 1 33.924 13.332 33.029 12.470
101 20 1 33.952 13.304 33.048 12.498
102 20 1 33.980 13.424 33.084 12.452
103 20 1 34.008 13.451 33.121 12.415
104 20 1 33.832 13.259 33.121 12.507
105 20 1 33.869 13.268 33.158 12.516
106 20 1 33.888 13.295 33.177 12.543
107 20 1 33.943 13.304 33.232 12.552
108 20 1 33.943 13.332 33.232 12.580
109 20 1 33.961 13.359 33.251 12.608
110 20 1 34.017 13.368 33.306 12.617
111 20 1 34.035 13.377 33.324 12.626
112 20 1 34.072 13.386 33.361 12.635
113 20 1 34.109 13.395 33.398 12.644
114 20 1 34.146 13.423 33.435 12.671
115 20 1 34.183 13.432 33.472 12.680
116 20 1 34.219 13.441 33.509 12.689
117 20 1 34.256 13.450 33.546 12.698
118 20 1 34.293 13.459 33.582 12.707
119 20 1 34.330 13.468 33.619 12.717
120 20 1 34.367 13.477 33.656 12.726
121 20 1 34.404 13.468 33.693 12.716
122 20 1 34.440 13.495 33.730 12.744
123 20 1 34.459 13.504 33.748 12.753
124 20 1 34.477 13.513 33.767 12.762
125 20 1 34.514 13.522 33.804 12.771
126 20 1 34.551 13.531 33.841 12.780
127 20 1 34.588 13.540 33.877 12.789
128 20 1 34.606 13.550 33.896 12.798
129 20 1 34.625 13.540 33.914 12.789
130 20 1 34.661 13.549 33.951 12.798
131 20 1 34.698 13.558 33.988 12.807
132 20 1 34.717 13.567 34.006 12.816
133 20 1 34.735 13.577 34.025 12.825
134 20 1 34.772 13.586 34.062 12.834
135 20 1 34.809 13.595 34.099 12.843
136 20 1 34.892 14.008 34.209 12.917
137 20 1 34.836 13.594 34.126 12.843
139 20 1 34.892 13.594 34.181 12.843
140 20 1 34.910 13.622 34.200 12.871
141 20 1 34.947 13.612 34.237 12.861
142 20 1 34.984 13.640 34.274 12.889
143 20 1 35.020 13.649 34.310 12.898
144 20 1 35.057 13.676 34.347 12.925
145 20 1 35.141 14.108 34.522 13.053
146 20 1 35.085 13.676 34.375 12.925
147 20 1 35.122 13.685 34.412 12.934
148 20 1 35.159 13.694 34.449 12.943
149 20 1 35.177 13.685 34.467 12.934
150 20 1 35.232 13.694 34.522 12.943
151 20 1 35.250 13.685 34.541 12.934
152 20 1 35.306 13.693 34.596 12.942
153 20 1 35.324 13.684 34.614 12.933
154 20 1 35.379 13.693 34.669 12.942
155 20 1 35.398 13.684 34.688 12.933
156 20 1 35.453 13.674 34.743 12.923
157 20 1 35.490 13.665 34.780 12.914
158 20 1 35.526 13.674 34.817 12.923
159 20 1 35.563 13.665 34.853 12.914
160 20 1 35.600 13.674 34.890 12.923
161 20 1 35.655 13.664 34.945 12.913
162 20 1 35.692 13.655 34.982 12.904
163 20 1 35.728 13.646 35.019 12.895
164 20 1 35.765 13.636 35.056 12.885
165 20 1 35.895 14.049 35.267 12.976
166 20 1 35.774 13.599 35.065 12.849
167 20 1 35.811 13.590 35.102 12.839
168 20 1 36.069 13.837 35.350 12.985
169 20 1 36.041 13.764 35.332 13.013
170 20 1 36.170 13.763 35.359 12.958
171 20 1 36.216 13.781 35.368 12.912
172 20 1 36.142 13.717 35.433 12.967
173 20 1 36.335 13.716 35.313 12.958
174 20 1 36.354 13.744 35.313 13.004
175 20 1 36.372 13.670 35.396 12.948
176 20 1 36.363 13.689 35.433 12.985
177 20 1 36.243 13.707 35.534 12.966
179 20 1 36.427 13.688 35.580 12.993
180 20 1 36.473 13.642 35.617 12.957
181 20 1 36.390 13.661 35.681 12.938
182 20 1 36.638 13.623 35.736 12.965
183 20 1 36.528 13.651 35.819 12.937
184 20 1 36.565 13.642 35.856 12.928
185 20 1 36.592 13.642 35.883 12.928
186 20 1 36.629 13.632 35.920 12.918
187 20 1 36.666 13.614 35.957 12.900
188 20 1 36.693 13.595 35.984 12.881
189 20 1 36.730 13.577 36.021 12.863
190 20 1 36.766 13.567 36.058 12.854
191 20 1 36.803 13.558 36.094 12.844
192 20 1 36.831 13.539 36.122 12.826
193 20 1 36.867 13.521 36.159 12.807
194 20 1 36.904 13.502 36.195 12.789
196 20 1 36.996 13.585 36.195 12.642
197 20 1 36.968 13.456 36.260 12.742
198 20 1 36.977 13.520 36.315 12.724
200 20 1 37.069 13.502 36.407 12.769
201 20 1 37.078 13.520 36.517 12.631
202 20 1 37.170 13.483 36.562 12.557
203 20 1 37.234 13.510 36.590 12.530
204 20 1 37.115 13.621 36.608 12.530
205 20 1 37.335 13.445 36.608 12.484
206 20 1 37.454 13.426 36.682 12.502
207 20 1 37.436 13.445 36.636 12.677
208 20 1 37.583 13.472 36.718 12.428
209 20 1 37.583 13.490 36.654 12.722
210 20 1 37.675 13.462 36.645 12.438
211 20 1 37.638 13.490 36.617 12.484
213 20 1 37.610 13.435 36.645 12.502
214 20 1 37.629 13.490 36.663 12.484
215 20 1 37.610 13.416 36.718 12.557
138 20 1 34.855 13.604 34.145 12.852
178 20 1 36.445 13.716 35.506 12.975
195 20 1 36.950 13.484 36.241 12.770
199 20 1 37.005 13.575 36.406 12.659
212 20 1 37.666 13.499 36.599 12.465
