0 0 1 36.602 15.265 35.906 14.341
1 0 1 36.621 15.292 35.897 14.331
2 0 1 36.565 15.265 35.814 14.174
3 0 1 36.602 15.274 35.943 14.136
4 0 1 36.611 15.255 35.906 14.155
5 0 1 36.621 15.218 35.915 14.118
6 0 1 36.611 15.181 35.906 14.081
7 0 1 36.639 15.144 35.934 14.044
8 0 1 36.630 15.107 35.925 14.007
9 0 1 36.611 15.079 36.036 13.960
10 0 1 36.658 15.070 35.990 13.969
11 0 1 36.667 15.032 35.999 13.932
12 0 1 36.759 14.754 35.990 14.053
13 0 1 36.713 14.902 36.027 13.895
14 0 1 36.722 14.865 36.036 13.858
15 0 1 36.676 14.782 36.091 13.857
16 0 1 36.741 14.726 36.082 13.700
17 0 1 36.713 14.671 36.119 13.690
18 0 1 36.731 14.624 36.073 13.579
19 0 1 36.750 14.605 36.100 13.588
20 0 1 36.741 14.587 36.091 13.607
21 0 1 36.731 14.559 36.091 13.570
22 0 1 36.731 14.550 36.091 13.570
23 0 1 36.722 14.494 36.091 13.533
24 0 1 36.759 14.485 36.091 13.505
25 0 1 36.741 14.476 36.110 13.505
26 0 1 36.731 14.439 36.100 13.468
27 0 1 36.740 14.327 36.082 13.560
28 0 1 36.722 14.420 36.091 13.468
29 0 1 36.703 14.151 36.026 13.524
30 0 1 36.676 14.300 36.045 13.375
31 0 1 36.685 14.272 36.054 13.347
32 0 1 36.694 14.244 36.063 13.319
33 0 1 36.703 14.198 36.072 13.273
34 0 1 36.713 14.170 36.082 13.245
35 0 1 36.722 14.142 36.091 13.217
36 0 1 36.731 14.114 36.100 13.189
37 0 1 36.898 13.900 36.230 13.207
38 0 1 36.870 13.882 36.249 13.207
39 0 1 36.870 13.817 36.248 13.152
40 0 1 36.814 13.845 36.248 13.114
41 0 1 36.833 13.910 36.221 13.050
42 0 1 36.851 13.882 36.239 13.022
43 0 1 36.861 13.863 36.248 13.003
44 0 1 36.897 13.705 36.360 13.170
45 0 1 36.925 13.853 36.323 13.012
46 0 1 36.916 13.557 36.313 13.012
47 0 1 36.953 13.501 36.369 12.928
48 0 1 36.934 13.547 36.313 12.892
49 0 1 36.944 13.547 36.304 12.827
50 0 1 36.916 13.575 36.359 12.734
51 0 1 36.934 13.566 36.341 12.780
52 0 1 36.897 13.538 36.322 12.771
53 0 1 36.860 13.492 36.295 12.697
54 0 1 36.971 13.538 36.220 12.530
55 0 1 36.907 13.455 36.230 12.521
56 0 1 36.907 13.418 36.230 12.530
57 0 1 36.888 13.399 36.220 12.502
58 0 1 36.823 13.372 36.248 12.614
59 0 1 36.832 13.344 36.248 12.521
60 0 1 36.879 13.242 36.100 12.327
61 0 1 36.777 13.177 36.211 12.410
62 0 1 36.777 13.149 36.211 12.382
63 0 1 36.888 13.130 36.174 12.308
64 0 1 36.804 13.103 36.239 12.335
65 0 1 36.841 12.964 36.266 12.326
66 0 1 36.832 13.029 36.266 12.270
67 0 1 36.851 13.001 36.285 12.242
68 0 1 36.869 12.982 36.303 12.224
69 0 1 36.888 12.954 36.322 12.196
70 0 1 37.203 12.999 36.146 12.039
71 0 1 37.212 12.953 36.137 12.076
72 0 1 36.897 12.889 36.331 12.131
73 0 1 36.925 12.861 36.359 12.103
74 0 1 36.952 12.824 36.387 12.066
75 0 1 36.980 12.787 36.415 12.028
76 0 1 37.017 12.759 36.452 12.000
77 0 1 37.036 12.731 36.470 11.973
78 0 1 37.276 12.674 36.461 12.075
79 0 1 37.304 12.656 36.609 11.963
80 0 1 37.351 12.600 36.702 11.898
81 0 1 37.295 12.517 36.720 11.916
82 0 1 37.258 12.507 36.711 11.786
83 0 1 37.462 12.525 36.757 11.693
84 0 1 37.471 12.479 36.757 11.628
85 0 1 37.378 12.526 36.757 11.545
86 0 1 37.387 12.488 36.794 11.471
87 0 1 37.480 12.497 36.785 11.369
88 0 1 37.415 12.460 36.803 11.378
89 0 1 37.434 12.433 36.859 11.378
90 0 1 37.480 12.451 36.840 11.405
91 0 1 37.461 12.405 36.840 11.415
92 0 1 37.397 12.312 36.822 11.303
93 0 1 37.313 12.340 36.757 11.619
94 0 1 37.323 12.294 36.766 11.573
95 0 1 37.461 12.015 36.905 11.257
96 0 1 37.461 11.997 36.831 11.239
97 0 1 37.498 11.876 36.951 11.210
98 0 1 37.470 11.793 36.896 11.127
99 0 1 37.526 11.746 36.924 11.164
100 0 1 37.498 11.691 36.886 11.053
101 0 1 37.554 11.681 36.933 10.932
102 0 1 37.507 11.644 36.960 10.960
103 0 1 37.618 11.644 36.886 10.849
104 0 1 37.628 11.653 36.858 10.728
105 0 1 37.646 11.634 36.905 10.645
106 0 1 37.646 11.644 36.914 10.570
107 0 1 37.655 11.644 36.942 10.552
108 0 1 37.600 11.597 36.951 10.552
109 0 1 37.637 11.588 36.905 10.478
110 0 1 37.507 11.431 36.988 10.561
111 0 1 37.553 11.357 37.025 10.533
112 0 1 37.581 11.282 36.979 10.579
113 0 1 37.581 11.180 36.979 10.589
114 0 1 37.535 11.051 36.886 10.496
115 0 1 37.479 11.116 36.951 10.450
116 0 1 37.553 10.995 36.867 10.450
117 0 1 37.507 10.986 36.765 10.283
118 0 1 37.544 10.921 36.793 10.172
119 0 1 37.627 11.004 36.793 10.005
120 0 1 37.442 11.023 36.914 10.366
121 0 1 37.433 10.986 36.904 10.329
122 0 1 37.507 10.967 36.737 9.829
123 0 1 37.544 11.014 36.765 9.764
124 0 1 37.609 11.013 36.774 9.745
125 0 1 37.396 10.912 36.867 10.255
126 0 1 37.386 10.866 36.858 10.209
127 0 1 37.451 10.717 36.849 9.801
128 0 1 37.359 10.801 36.830 10.144
129 0 1 37.349 10.755 36.821 10.098
130 0 1 37.340 10.717 36.812 10.061
132 0 1 37.331 10.708 36.802 10.051
133 0 1 37.386 10.328 36.895 9.587
134 0 1 37.469 10.318 36.783 9.523
135 0 1 37.386 10.281 36.867 9.624
136 0 1 37.451 10.309 36.793 9.207
137 0 1 37.377 10.226 36.858 9.569
138 0 1 37.377 10.179 36.858 9.522
139 0 1 37.377 10.124 36.858 9.467
140 0 1 37.377 10.077 36.858 9.420
141 0 1 37.497 10.244 36.802 9.022
142 0 1 37.525 10.207 36.839 9.031
143 0 1 37.497 10.151 36.839 8.938
144 0 1 37.441 9.947 36.839 9.003
145 0 1 37.340 9.985 36.820 9.328
0 1 1 35.137 14.279 34.338 13.420
1 1 1 35.164 14.307 34.328 13.411
2 1 1 35.164 14.279 34.328 13.383
3 1 1 35.183 14.233 34.347 13.336
4 1 1 35.183 14.186 34.347 13.290
5 1 1 35.201 14.140 34.365 13.243
6 1 1 35.201 14.112 34.365 13.215
7 1 1 35.220 14.066 34.384 13.169
8 1 1 35.220 14.038 34.384 13.141
9 1 1 35.220 13.991 34.384 13.095
10 1 1 35.220 13.963 34.384 13.067
11 1 1 35.220 13.898 34.384 13.002
12 1 1 35.238 13.871 34.402 12.974
13 1 1 35.257 13.824 34.421 12.927
14 1 1 35.275 13.778 34.439 12.881
15 1 1 35.294 13.713 34.458 12.816
16 1 1 35.173 13.583 34.439 12.788
17 1 1 35.182 13.555 34.569 12.815
18 1 1 35.229 13.583 34.504 12.778
19 1 1 35.238 13.546 34.514 12.741
20 1 1 35.247 13.527 34.523 12.723
21 1 1 35.257 13.471 34.532 12.667
22 1 1 35.247 13.434 34.523 12.630
23 1 1 35.256 13.397 34.532 12.593
24 1 1 35.247 13.360 34.523 12.556
25 1 1 35.275 13.323 34.550 12.518
26 1 1 35.266 13.286 34.541 12.481
27 1 1 35.275 13.230 34.550 12.425
28 1 1 35.266 13.174 34.541 12.370
29 1 1 35.275 13.137 34.550 12.333
30 1 1 35.266 13.100 34.541 12.296
31 1 1 35.256 13.044 34.532 12.240
32 1 1 35.247 12.970 34.522 12.166
33 1 1 35.238 12.933 34.513 12.128
34 1 1 35.228 12.878 34.504 12.073
35 1 1 35.219 12.859 34.494 12.054
36 1 1 35.210 12.803 34.485 11.999
37 1 1 35.200 12.766 34.476 11.961
38 1 1 35.191 12.729 34.466 11.924
39 1 1 35.200 12.692 34.476 11.887
40 1 1 35.191 12.655 34.466 11.850
41 1 1 35.200 12.618 34.476 11.813
42 1 1 35.191 12.581 34.466 11.776
43 1 1 35.200 12.525 34.476 11.720
44 1 1 35.191 12.469 34.466 11.664
45 1 1 35.200 12.451 34.476 11.646
46 1 1 35.209 12.376 34.485 11.571
47 1 1 35.219 12.339 34.494 11.534
48 1 1 35.209 12.284 34.485 11.479
49 1 1 35.441 12.329 34.605 11.172
50 1 1 35.450 12.301 34.698 11.116
51 1 1 35.478 12.236 34.744 11.181
52 1 1 35.450 12.227 34.735 11.088
53 1 1 35.450 12.125 34.726 11.199
54 1 1 35.441 12.079 34.717 11.153
55 1 1 35.450 11.707 34.772 11.004
56 1 1 35.469 11.689 34.809 10.948
57 1 1 35.478 11.735 34.781 10.902
58 1 1 35.487 11.818 34.800 10.837
59 1 1 35.478 11.809 34.781 10.818
60 1 1 35.301 11.559 34.707 10.791
61 1 1 35.274 11.550 34.688 10.763
62 1 1 35.450 11.800 34.725 10.744
63 1 1 35.506 11.800 34.772 10.716
64 1 1 35.385 11.745 34.716 10.568
65 1 1 35.357 11.708 34.651 10.577
66 1 1 35.320 11.513 34.521 10.568
67 1 1 35.255 11.485 34.586 10.596
68 1 1 35.264 11.457 34.595 10.568
69 1 1 35.255 11.411 34.586 10.522
70 1 1 35.264 11.364 34.595 10.475
71 1 1 35.255 11.337 34.586 10.448
72 1 1 35.264 11.290 34.595 10.401
73 1 1 35.255 11.262 34.586 10.373
74 1 1 35.246 11.216 34.577 10.327
75 1 1 35.218 11.170 34.549 10.281
76 1 1 35.208 11.105 34.539 10.216
77 1 1 35.199 11.077 34.530 10.188
78 1 1 35.199 11.123 34.511 10.002
79 1 1 35.208 11.095 34.558 10.020
80 1 1 35.208 11.003 34.549 10.104
81 1 1 35.208 10.947 34.549 10.048
82 1 1 35.208 10.910 34.549 10.011
83 1 1 35.180 10.901 34.372 10.002
84 1 1 35.217 10.789 34.465 9.956
85 1 1 35.217 10.733 34.484 10.011
86 1 1 35.264 10.613 34.502 9.872
87 1 1 35.301 10.455 34.604 9.816
88 1 1 35.273 10.399 34.521 9.788
89 1 1 35.208 10.399 34.558 9.723
90 1 1 35.226 10.436 34.520 9.528
91 1 1 35.199 10.409 34.548 9.565
92 1 1 35.189 10.371 34.539 9.528
93 1 1 35.254 10.455 34.502 9.268
94 1 1 35.189 10.492 34.511 9.371
95 1 1 35.273 10.473 34.548 9.250
96 1 1 35.273 10.575 34.548 9.194
97 1 1 35.152 10.325 34.502 9.482
98 1 1 35.226 10.297 34.567 9.268
99 1 1 35.254 10.167 34.557 9.194
100 1 1 35.263 10.074 34.576 9.092
101 1 1 35.180 9.991 34.520 9.055
102 1 1 35.180 9.935 34.418 9.111
103 1 1 35.245 9.805 34.455 9.101
104 1 1 35.189 9.740 34.576 9.027
105 1 1 35.161 9.694 34.529 8.953
106 1 1 35.254 9.796 34.492 8.832
107 1 1 35.263 9.740 34.510 8.785
108 1 1 35.254 9.749 34.520 8.767
109 1 1 35.244 9.777 34.483 8.693
110 1 1 35.226 9.722 34.529 8.711
111 1 1 35.235 9.722 34.547 8.618
112 1 1 35.217 9.777 34.473 8.665
113 1 1 35.207 9.722 34.547 8.507
114 1 1 35.161 9.592 34.529 8.785
115 1 1 35.263 9.601 34.529 8.451
116 1 1 35.235 9.452 34.455 8.498
117 1 1 35.216 9.313 34.417 8.544
118 1 1 35.281 9.285 34.482 8.498
119 1 1 35.281 9.099 34.584 8.423
120 1 1 35.281 9.025 34.584 8.340
121 1 1 35.327 8.979 34.631 8.284
122 1 1 35.309 8.923 34.631 8.256
123 1 1 35.300 8.886 34.631 8.172
124 1 1 35.318 8.960 34.659 8.126
125 1 1 35.309 8.821 34.612 7.968
126 1 1 35.272 8.774 34.640 8.033
127 1 1 35.272 8.737 34.640 7.996
128 1 1 35.346 8.923 34.668 7.819
129 1 1 35.262 8.682 34.631 7.940
130 1 1 35.262 8.635 34.630 7.894
131 1 1 35.262 8.598 34.630 7.856
132 1 1 35.262 8.552 34.630 7.810
133 1 1 35.262 8.496 34.630 7.754
134 1 1 35.271 8.450 34.640 7.708
135 1 1 35.401 8.551 34.547 7.736
136 1 1 35.271 8.412 34.640 7.671
137 1 1 35.271 8.366 34.640 7.624
138 1 1 35.271 8.320 34.640 7.578
139 1 1 35.281 8.292 34.649 7.550
140 1 1 35.271 8.236 34.639 7.494
141 1 1 35.290 8.199 34.658 7.457
142 1 1 35.299 8.162 34.667 7.420
143 1 1 35.299 8.115 34.667 7.373
144 1 1 35.308 8.078 34.676 7.336
145 1 1 35.327 8.032 34.695 7.290
0 2 1 37.796 14.674 37.120 14.010
1 2 1 37.787 14.572 37.138 13.936
2 2 1 37.759 14.582 37.083 13.955
3 2 1 37.741 14.517 37.111 13.899
4 2 1 37.750 14.517 37.101 13.899
5 2 1 37.759 14.471 37.111 13.853
6 2 1 37.759 14.489 37.064 13.658
7 2 1 37.740 14.406 37.083 13.741
8 2 1 37.759 14.471 37.073 13.602
9 2 1 37.833 14.415 37.083 13.537
10 2 1 37.805 14.396 37.110 13.565
11 2 1 37.852 14.387 37.138 13.454
12 2 1 37.842 14.266 37.138 13.500
13 2 1 37.824 14.164 37.129 13.472
14 2 1 37.814 14.090 37.110 13.435
15 2 1 37.879 13.997 37.110 13.398
16 2 1 37.842 13.988 37.101 13.352
17 2 1 37.823 13.942 37.082 13.269
18 2 1 37.842 13.877 37.073 13.250
19 2 1 37.870 13.868 37.082 13.269
20 2 1 37.805 13.905 37.138 13.222
21 2 1 37.851 13.831 37.045 13.250
22 2 1 37.786 13.877 37.119 13.203
23 2 1 37.944 13.793 37.073 13.046
24 2 1 37.842 13.756 37.166 13.083
25 2 1 37.851 13.719 37.175 13.046
26 2 1 37.860 13.673 37.184 12.999
27 2 1 37.851 13.692 37.119 12.935
28 2 1 37.823 13.645 37.147 12.972
29 2 1 37.897 13.525 37.258 12.832
30 2 1 37.906 13.515 37.240 12.841
31 2 1 37.916 13.478 37.249 12.804
32 2 1 37.906 13.432 37.240 12.758
33 2 1 37.916 13.395 37.249 12.721
34 2 1 37.916 13.219 37.295 12.526
35 2 1 37.934 13.218 37.276 12.544
36 2 1 37.888 13.107 37.193 12.508
37 2 1 37.916 13.172 37.230 12.452
38 2 1 37.934 13.126 37.350 12.387
39 2 1 37.953 13.191 37.313 12.211
40 2 1 37.934 13.070 37.341 12.331
41 2 1 37.952 13.033 37.323 12.359
42 2 1 37.869 13.080 37.360 12.220
43 2 1 37.823 13.015 37.285 12.266
44 2 1 37.952 12.922 37.295 12.146
45 2 1 37.943 12.857 37.313 12.136
46 2 1 37.943 12.783 37.341 12.043
47 2 1 37.943 12.755 37.313 12.099
48 2 1 37.943 12.672 37.322 12.053
49 2 1 37.897 12.607 37.322 12.081
50 2 1 37.980 12.597 37.359 11.997
51 2 1 37.961 12.542 37.369 11.988
52 2 1 37.897 12.542 37.350 11.877
53 2 1 37.980 12.505 37.424 11.830
54 2 1 37.971 12.505 37.424 11.784
55 2 1 37.980 12.458 37.415 11.830
56 2 1 37.998 12.421 37.433 11.793
57 2 1 38.008 12.504 37.480 11.672
58 2 1 38.091 12.634 37.424 11.487
59 2 1 38.072 12.347 37.535 11.644
60 2 1 38.091 12.523 37.424 11.505
61 2 1 38.146 12.337 37.489 11.524
62 2 1 38.054 12.198 37.535 11.496
63 2 1 38.183 12.318 37.489 11.450
64 2 1 38.193 12.253 37.498 11.394
65 2 1 38.248 12.198 37.535 11.329
66 2 1 38.266 12.179 37.516 11.292
67 2 1 38.026 12.124 37.489 11.496
68 2 1 38.128 11.985 37.590 11.319
69 2 1 38.266 12.040 37.526 11.255
70 2 1 38.128 11.939 37.609 11.227
71 2 1 38.128 11.892 37.600 11.264
72 2 1 38.128 11.855 37.600 11.227
73 2 1 38.137 11.818 37.609 11.189
74 2 1 38.137 11.781 37.609 11.152
75 2 1 38.303 11.882 37.599 10.837
76 2 1 38.313 11.854 37.599 10.856
77 2 1 38.118 11.725 37.590 11.097
78 2 1 38.294 11.697 37.562 10.967
79 2 1 38.303 11.558 37.544 10.902
80 2 1 38.183 11.549 37.655 10.920
81 2 1 38.192 11.512 37.664 10.883
82 2 1 38.192 11.484 37.664 10.856
83 2 1 38.201 11.456 37.673 10.828
84 2 1 38.386 11.539 37.646 10.754
85 2 1 38.201 11.401 37.673 10.772
86 2 1 38.414 11.539 37.618 10.642
87 2 1 38.201 11.354 37.673 10.726
88 2 1 38.414 11.437 37.627 10.596
89 2 1 38.201 11.308 37.673 10.679
90 2 1 38.210 11.271 37.683 10.642
91 2 1 38.220 11.225 37.692 10.596
92 2 1 38.460 11.316 37.673 10.457
93 2 1 38.331 11.252 37.747 10.401
94 2 1 38.340 11.178 37.840 10.308
95 2 1 38.395 11.103 37.821 10.354
96 2 1 38.414 10.983 37.803 10.280
97 2 1 38.404 10.872 37.775 10.243
98 2 1 38.377 10.881 37.849 10.132
99 2 1 38.367 10.816 37.840 10.187
100 2 1 38.395 10.825 37.812 10.141
101 2 1 38.432 10.825 37.830 10.113
102 2 1 38.386 10.779 37.858 10.150
103 2 1 38.395 10.862 37.765 9.947
104 2 1 38.377 10.733 37.849 10.104
105 2 1 38.377 10.798 37.839 9.844
106 2 1 38.367 10.686 37.839 10.058
107 2 1 38.367 10.640 37.839 10.011
108 2 1 38.330 10.705 37.756 9.668
109 2 1 38.330 10.668 37.867 9.789
110 2 1 38.275 10.603 37.784 9.743
111 2 1 38.312 10.548 37.830 9.678
112 2 1 38.349 10.473 37.858 9.650
113 2 1 38.358 10.381 37.821 9.613
114 2 1 38.349 10.316 37.830 9.687
115 2 1 38.349 10.279 37.830 9.650
116 2 1 38.349 10.251 37.830 9.622
117 2 1 38.349 10.204 37.830 9.576
118 2 1 38.349 10.177 37.830 9.548
119 2 1 38.348 10.130 37.830 9.501
120 2 1 38.358 10.103 37.839 9.474
121 2 1 38.358 10.056 37.839 9.427
122 2 1 38.367 10.028 37.848 9.399
123 2 1 38.376 9.982 37.858 9.353
124 2 1 38.376 9.945 37.858 9.316
125 2 1 38.302 10.149 37.691 9.298
126 2 1 38.358 10.093 37.811 9.297
127 2 1 38.321 9.982 37.830 9.168
128 2 1 38.367 9.963 37.839 9.205
129 2 1 38.348 9.899 37.839 9.270
130 2 1 38.348 9.862 37.839 9.232
131 2 1 38.348 9.834 37.839 9.205
132 2 1 38.348 9.806 37.839 9.177
133 2 1 38.348 9.760 37.839 9.130
134 2 1 38.348 9.732 37.839 9.103
135 2 1 38.348 9.695 37.839 9.066
136 2 1 38.348 9.658 37.839 9.028
137 2 1 38.348 9.621 37.839 8.991
138 2 1 38.348 9.583 37.839 8.954
139 2 1 38.348 9.537 37.839 8.908
140 2 1 38.348 9.500 37.839 8.871
141 2 1 38.376 9.556 37.765 8.769
142 2 1 38.376 9.500 37.802 8.704
143 2 1 38.413 9.416 37.792 8.732
144 2 1 38.385 9.333 37.792 8.676
145 2 1 38.339 9.315 37.829 8.685
0 3 1 34.910 9.295 34.092 8.573
1 3 1 34.938 9.314 34.083 8.563
2 3 1 34.938 9.351 34.083 8.601
3 3 1 34.938 9.388 34.083 8.638
4 3 1 34.938 9.425 34.083 8.675
5 3 1 34.938 9.481 34.083 8.731
6 3 1 34.919 9.518 34.065 8.768
7 3 1 34.901 9.555 34.046 8.805
8 3 1 34.920 9.611 34.065 8.861
9 3 1 34.901 9.667 34.046 8.917
10 3 1 34.920 9.704 34.065 8.954
11 3 1 34.901 9.760 34.046 9.009
12 3 1 34.920 9.815 34.065 9.065
13 3 1 34.901 9.852 34.046 9.102
14 3 1 34.920 9.908 34.065 9.158
15 3 1 34.901 9.945 34.046 9.195
16 3 1 34.781 10.038 34.149 9.353
17 3 1 34.809 10.076 34.037 9.372
18 3 1 34.957 10.103 34.037 9.446
19 3 1 34.892 10.224 34.056 9.455
20 3 1 34.864 10.233 34.065 9.474
21 3 1 34.827 10.326 34.112 9.520
22 3 1 34.855 10.270 34.075 9.557
23 3 1 34.846 10.308 34.065 9.595
24 3 1 34.855 10.345 34.075 9.632
25 3 1 34.846 10.382 34.065 9.669
26 3 1 34.855 10.437 34.075 9.725
27 3 1 34.837 10.623 34.102 9.576
28 3 1 34.855 10.605 34.102 9.604
29 3 1 34.837 10.614 34.093 9.632
30 3 1 34.865 10.614 34.112 9.706
31 3 1 34.846 10.632 34.103 9.715
32 3 1 34.846 10.632 34.075 9.855
33 3 1 34.865 10.670 34.103 9.836
34 3 1 34.846 10.642 34.103 9.845
35 3 1 34.837 10.670 34.093 9.873
36 3 1 34.828 10.735 34.084 9.938
37 3 1 34.837 10.762 34.093 9.966
38 3 1 34.865 10.976 34.103 10.133
39 3 1 34.902 11.050 34.140 10.077
40 3 1 34.893 11.236 34.168 10.114
41 3 1 34.828 11.357 34.122 10.217
42 3 1 34.837 11.190 34.112 10.375
43 3 1 34.791 11.366 34.047 10.254
44 3 1 34.782 11.218 34.057 10.393
45 3 1 34.782 11.440 34.075 10.273
46 3 1 34.782 11.273 34.066 10.440
47 3 1 34.782 11.320 34.066 10.486
48 3 1 34.763 11.385 34.047 10.551
49 3 1 34.763 11.413 34.047 10.579
50 3 1 34.735 11.506 34.020 10.459
51 3 1 34.624 11.534 33.908 10.793
52 3 1 34.624 11.599 33.880 10.812
53 3 1 34.708 11.589 33.843 10.868
54 3 1 34.652 11.589 33.871 10.914
55 3 1 34.624 11.627 33.862 10.961
56 3 1 34.643 11.673 33.881 10.933
57 3 1 34.624 11.785 33.881 10.988
58 3 1 34.606 11.766 33.890 10.979
59 3 1 34.689 12.174 33.918 10.979
60 3 1 34.596 11.794 33.881 11.007
61 3 1 34.596 11.831 33.881 11.044
62 3 1 34.596 11.887 33.881 11.100
63 3 1 34.596 11.961 33.881 11.174
64 3 1 34.596 11.998 33.881 11.211
65 3 1 34.597 12.054 33.881 11.267
66 3 1 34.597 12.091 33.881 11.304
67 3 1 34.615 12.128 33.899 11.341
68 3 1 34.634 12.165 33.918 11.378
69 3 1 34.652 12.221 33.937 11.434
70 3 1 34.588 12.397 33.993 11.778
71 3 1 34.643 12.462 33.937 11.685
72 3 1 34.653 12.509 33.946 11.731
73 3 1 34.727 12.666 34.020 11.685
74 3 1 34.681 12.694 34.011 11.712
75 3 1 34.681 12.815 34.030 11.787
76 3 1 34.699 12.685 34.011 11.908
77 3 1 34.699 12.731 34.011 11.954
78 3 1 34.736 12.963 34.011 11.824
79 3 1 34.690 12.768 34.002 11.991
80 3 1 34.690 12.824 34.002 12.047
81 3 1 34.690 12.880 34.002 12.103
82 3 1 34.699 13.065 34.049 11.907
83 3 1 34.681 12.926 33.993 12.149
84 3 1 34.681 12.973 33.993 12.195
85 3 1 34.681 13.019 33.993 12.242
86 3 1 34.672 13.075 33.984 12.298
87 3 1 34.681 13.121 33.993 12.344
88 3 1 34.681 13.158 33.993 12.381
89 3 1 34.681 13.195 33.993 12.418
91 3 1 34.746 13.372 34.077 12.650
92 3 1 34.746 13.372 34.068 12.604
93 3 1 34.746 13.427 34.068 12.660
94 3 1 34.755 13.474 34.077 12.706
95 3 1 34.755 13.520 34.077 12.752
96 3 1 34.765 13.576 34.086 12.808
97 3 1 34.728 13.715 34.096 12.715
98 3 1 34.746 13.585 34.077 12.817
99 3 1 34.756 13.650 34.086 12.882
100 3 1 34.765 13.706 34.096 12.938
101 3 1 34.756 13.752 34.087 12.984
102 3 1 34.765 13.789 34.096 13.022
104 3 1 34.756 13.780 34.087 13.012
105 3 1 34.756 13.826 34.087 13.059
106 3 1 34.765 13.863 34.096 13.096
107 3 1 34.765 13.901 34.096 13.133
109 3 1 34.756 13.891 34.087 13.124
110 3 1 34.756 14.383 34.115 13.551
111 3 1 34.765 14.328 34.106 13.560
112 3 1 34.765 14.383 34.106 13.616
113 3 1 34.765 14.430 34.106 13.662
114 3 1 34.756 14.485 34.096 13.718
115 3 1 34.756 14.541 34.096 13.774
116 3 1 34.756 14.597 34.096 13.829
117 3 1 34.756 14.643 34.097 13.876
118 3 1 34.756 14.699 34.097 13.932
119 3 1 34.756 14.745 34.097 13.978
120 3 1 34.756 14.792 34.097 14.024
121 3 1 34.766 14.875 34.208 13.940
122 3 1 34.803 14.792 34.152 14.024
123 3 1 34.803 14.829 34.152 14.061
124 3 1 34.803 14.866 34.152 14.098
125 3 1 34.803 14.903 34.152 14.136
126 3 1 34.812 14.940 34.162 14.173
127 3 1 34.803 14.977 34.153 14.210
128 3 1 34.812 15.024 34.162 14.256
129 3 1 34.812 15.061 34.162 14.293
130 3 1 34.822 15.107 34.171 14.340
131 3 1 34.831 15.153 34.181 14.386
132 3 1 34.831 15.190 34.181 14.423
133 3 1 34.840 15.237 34.190 14.470
134 3 1 34.859 15.283 34.208 14.516
135 3 1 34.859 15.320 34.208 14.553
136 3 1 34.859 15.367 34.209 14.600
137 3 1 34.859 15.404 34.209 14.637
138 3 1 34.859 15.441 34.209 14.674
139 3 1 34.868 15.478 34.218 14.711
140 3 1 34.859 15.506 34.209 14.739
141 3 1 34.859 15.543 34.209 14.776
142 3 1 34.859 15.580 34.209 14.813
143 3 1 34.859 15.617 34.209 14.850
144 3 1 34.850 15.654 34.199 14.887
145 3 1 34.841 15.692 34.190 14.925
0 4 1 37.505 8.324 36.791 7.110
1 4 1 37.524 8.361 36.782 7.092
2 4 1 37.533 8.389 36.791 7.120
3 4 1 37.542 8.436 36.800 7.166
4 4 1 37.552 8.482 36.810 7.212
5 4 1 37.542 8.510 36.800 7.240
6 4 1 37.533 8.575 36.791 7.305
7 4 1 37.542 8.603 36.800 7.333
8 4 1 37.515 8.668 36.773 7.398
9 4 1 37.505 8.695 36.763 7.426
10 4 1 37.496 8.760 36.754 7.491
11 4 1 37.487 8.788 36.745 7.519
12 4 1 37.478 8.853 36.736 7.584
13 4 1 37.468 8.881 36.727 7.612
14 4 1 37.459 8.946 36.717 7.676
15 4 1 37.469 8.992 36.727 7.723
16 4 1 37.459 9.057 36.717 7.788
17 4 1 37.450 9.104 36.708 7.834
18 4 1 37.441 9.168 36.699 7.899
19 4 1 37.450 9.215 36.708 7.946
20 4 1 37.441 9.252 36.699 7.983
21 4 1 37.432 9.308 36.690 8.038
22 4 1 37.422 9.354 36.681 8.085
23 4 1 37.432 9.373 36.690 8.103
24 4 1 37.404 9.447 36.662 8.178
25 4 1 37.413 9.493 36.671 8.224
26 4 1 37.404 9.530 36.662 8.261
27 4 1 37.413 9.586 36.671 8.317
28 4 1 37.386 9.632 36.644 8.363
29 4 1 37.395 9.679 36.653 8.410
30 4 1 37.386 9.725 36.644 8.456
31 4 1 37.395 9.771 36.653 8.502
32 4 1 37.238 9.967 36.598 8.716
33 4 1 37.210 9.930 36.616 8.762
34 4 1 37.228 9.902 36.616 8.753
35 4 1 37.238 9.911 36.616 8.846
36 4 1 37.219 9.967 36.570 8.966
37 4 1 37.219 10.041 36.570 8.883
38 4 1 37.210 10.078 36.561 8.920
39 4 1 37.219 10.115 36.570 8.957
40 4 1 37.210 10.152 36.561 8.994
41 4 1 37.201 10.189 36.551 9.031
42 4 1 37.192 10.226 36.542 9.069
43 4 1 37.247 10.300 36.431 9.282
44 4 1 37.173 10.347 36.505 9.208
45 4 1 37.266 10.439 36.505 9.366
46 4 1 37.219 10.458 36.542 9.328
47 4 1 37.182 10.560 36.589 9.375
48 4 1 37.220 10.532 36.552 9.403
49 4 1 37.210 10.579 36.542 9.449
50 4 1 37.136 10.551 36.422 9.431
51 4 1 37.118 10.514 36.348 9.487
52 4 1 37.219 10.523 36.366 9.487
53 4 1 37.257 10.542 36.357 9.533
54 4 1 37.220 10.560 36.431 9.542
55 4 1 37.164 10.588 36.478 9.505
56 4 1 37.099 10.523 36.293 9.960
57 4 1 37.099 10.542 36.404 10.043
58 4 1 37.136 10.607 36.450 9.523
59 4 1 37.127 10.644 36.441 9.561
60 4 1 37.099 10.681 36.413 9.598
61 4 1 37.090 10.718 36.404 9.635
62 4 1 37.081 10.774 36.394 9.691
63 4 1 37.072 10.811 36.385 9.728
64 4 1 37.044 10.867 36.357 9.783
65 4 1 37.035 10.904 36.348 9.821
66 4 1 37.007 10.960 36.320 9.876
67 4 1 36.998 11.015 36.311 9.932
68 4 1 36.988 11.052 36.302 9.969
69 4 1 36.979 11.108 36.293 10.025
70 4 1 36.951 11.145 36.265 10.062
71 4 1 36.942 11.201 36.256 10.118
72 4 1 36.914 11.257 36.228 10.174
73 4 1 36.924 11.294 36.237 10.211
74 4 1 36.896 11.331 36.209 10.248
75 4 1 36.887 11.368 36.200 10.285
76 4 1 36.859 11.405 36.172 10.322
77 4 1 36.831 11.461 36.145 10.378
78 4 1 36.822 11.498 36.135 10.415
79 4 1 36.813 11.535 36.126 10.452
80 4 1 36.785 11.591 36.098 10.508
81 4 1 36.776 11.628 36.089 10.545
82 4 1 36.748 11.684 36.061 10.601
83 4 1 36.739 11.721 36.052 10.638
84 4 1 36.711 11.758 36.024 10.675
85 4 1 36.702 11.814 36.015 10.731
86 4 1 36.655 12.055 36.006 11.019
87 4 1 36.665 12.083 35.978 11.000
88 4 1 36.655 12.074 35.978 11.000
89 4 1 36.637 12.120 35.960 11.047
90 4 1 36.507 12.028 35.895 11.557
91 4 1 36.628 12.158 35.950 11.084
92 4 1 36.479 12.112 35.923 11.501
93 4 1 36.507 12.084 35.923 11.566
94 4 1 36.591 12.185 35.913 11.112
95 4 1 36.591 12.213 35.913 11.140
96 4 1 36.572 12.260 35.895 11.186
97 4 1 36.591 12.288 35.913 11.214
98 4 1 36.572 12.334 35.895 11.260
99 4 1 36.443 12.687 35.738 11.669
100 4 1 36.434 12.696 35.756 11.632
101 4 1 36.434 12.724 35.756 11.660
102 4 1 36.415 12.771 35.738 11.706
103 4 1 36.415 12.826 35.738 11.762
104 4 1 36.415 12.863 35.738 11.799
105 4 1 36.443 12.761 35.831 12.012
106 4 1 36.461 12.910 35.793 11.864
107 4 1 36.452 12.947 35.784 11.901
108 4 1 36.443 12.984 35.775 11.938
109 4 1 36.452 13.021 35.784 11.975
110 4 1 36.425 13.058 35.756 12.012
111 4 1 36.415 13.095 35.747 12.050
112 4 1 36.332 12.901 35.747 12.393
113 4 1 36.397 13.123 35.729 12.077
114 4 1 36.388 13.160 35.719 12.115
115 4 1 36.397 13.197 35.729 12.152
116 4 1 36.369 13.235 35.701 12.189
117 4 1 36.378 13.272 35.710 12.226
118 4 1 36.351 13.309 35.682 12.263
119 4 1 36.360 13.346 35.692 12.300
120 4 1 36.351 13.402 35.682 12.356
121 4 1 36.341 13.420 35.673 12.375
122 4 1 36.314 13.495 35.645 12.449
123 4 1 36.304 13.532 35.636 12.486
124 4 1 36.295 13.587 35.627 12.542
125 4 1 36.360 13.531 35.618 12.894
126 4 1 36.286 13.587 35.544 12.848
127 4 1 36.249 13.717 35.581 12.690
128 4 1 36.240 13.755 35.571 12.728
129 4 1 36.249 13.792 35.581 12.765
130 4 1 36.240 13.829 35.571 12.802
131 4 1 36.249 13.884 35.581 12.858
132 4 1 36.240 13.922 35.571 12.895
133 4 1 36.231 13.959 35.562 12.932
134 4 1 36.221 13.996 35.553 12.969
135 4 1 36.231 14.051 35.562 13.025
136 4 1 36.221 14.089 35.553 13.062
137 4 1 36.212 14.126 35.544 13.099
138 4 1 36.203 14.163 35.535 13.136
139 4 1 36.212 14.200 35.544 13.173
140 4 1 36.221 14.256 35.553 13.229
141 4 1 36.231 14.293 35.562 13.266
142 4 1 36.222 14.348 35.553 13.322
143 4 1 36.231 14.385 35.563 13.359
144 4 1 36.222 14.423 35.553 13.396
145 4 1 36.231 14.460 35.563 13.433
0 7 1 36.356 7.640 35.725 6.768
1 7 1 36.374 7.668 35.715 6.759
2 7 1 36.374 7.705 35.715 6.796
3 7 1 36.374 7.751 35.715 6.843
4 7 1 36.375 7.798 35.716 6.889
5 7 1 36.375 7.835 35.716 6.926
6 7 1 36.402 7.705 35.678 6.963
7 7 1 36.393 7.723 35.688 6.945
8 7 1 36.384 7.751 35.678 6.973
9 7 1 36.393 7.779 35.688 7.001
10 7 1 36.384 7.826 35.679 7.047
11 7 1 36.375 7.853 35.669 7.075
12 7 1 36.365 7.900 35.660 7.121
13 7 1 36.356 7.928 35.651 7.149
14 7 1 36.347 7.974 35.642 7.196
15 7 1 36.338 8.002 35.632 7.223
16 7 1 36.328 8.048 35.623 7.270
17 7 1 36.319 8.076 35.614 7.298
18 7 1 36.291 8.123 35.586 7.344
19 7 1 36.301 8.150 35.595 7.372
20 7 1 36.273 8.197 35.567 7.418
21 7 1 36.347 8.299 35.605 7.548
22 7 1 36.329 8.299 35.614 7.530
23 7 1 36.329 8.317 35.614 7.548
24 7 1 36.310 8.355 35.595 7.586
25 7 1 36.291 8.373 35.577 7.604
26 7 1 36.292 8.410 35.577 7.641
27 7 1 36.301 8.327 35.475 7.734
28 7 1 36.254 8.392 35.521 7.669
29 7 1 36.282 8.410 35.540 7.808
30 7 1 36.264 8.457 35.466 7.929
31 7 1 36.255 8.577 35.512 7.892
32 7 1 36.245 8.559 35.503 7.892
33 7 1 36.236 8.596 35.494 7.929
34 7 1 36.245 8.624 35.503 7.957
35 7 1 36.227 8.652 35.484 7.985
36 7 1 36.227 8.698 35.484 8.031
37 7 1 36.218 8.726 35.475 8.059
38 7 1 36.227 8.772 35.484 8.106
39 7 1 36.227 8.809 35.485 8.143
40 7 1 36.227 8.847 35.485 8.180
41 7 1 36.227 8.884 35.485 8.217
42 7 1 36.227 8.921 35.485 8.254
43 7 1 36.218 8.967 35.475 8.301
44 7 1 36.227 9.004 35.485 8.338
45 7 1 36.209 9.051 35.466 8.384
46 7 1 36.209 9.079 35.466 8.412
47 7 1 36.209 9.125 35.466 8.458
48 7 1 36.209 9.153 35.466 8.486
49 7 1 36.209 9.199 35.466 8.533
50 7 1 36.209 9.236 35.466 8.570
51 7 1 36.199 9.274 35.457 8.607
52 7 1 36.209 9.320 35.466 8.653
53 7 1 36.190 9.376 35.448 8.709
54 7 1 36.255 9.617 35.513 8.616
55 7 1 36.246 9.459 35.504 8.765
56 7 1 36.135 9.682 35.522 8.663
57 7 1 36.190 9.524 35.466 8.802
58 7 1 36.190 9.561 35.466 8.839
59 7 1 36.190 9.608 35.467 8.885
60 7 1 36.126 9.663 35.559 8.941
61 7 1 36.190 9.654 35.485 8.932
62 7 1 36.144 9.663 35.504 9.117
63 7 1 36.172 9.738 35.476 9.034
64 7 1 36.172 9.775 35.476 9.071
65 7 1 36.172 9.812 35.476 9.108
66 7 1 36.181 9.858 35.485 9.155
67 7 1 36.181 9.905 35.485 9.201
68 7 1 36.126 10.239 35.448 9.201
69 7 1 36.126 10.165 35.587 9.340
70 7 1 36.117 10.285 35.457 9.248
71 7 1 36.191 10.294 35.476 9.294
72 7 1 36.172 10.304 35.485 9.285
73 7 1 36.200 10.304 35.485 9.312
74 7 1 36.228 10.285 35.504 9.322
75 7 1 36.256 10.285 35.448 9.405
76 7 1 36.182 10.220 35.513 9.452
77 7 1 36.191 10.266 35.523 9.498
78 7 1 36.339 10.350 35.486 9.721
79 7 1 36.200 10.424 35.597 9.906
80 7 1 36.209 10.406 35.467 9.730
81 7 1 36.172 10.489 35.551 9.906
82 7 1 36.330 10.656 35.532 9.906
83 7 1 36.339 10.748 35.551 9.962
84 7 1 36.330 10.823 35.532 9.944
85 7 1 36.302 10.841 35.532 9.990
86 7 1 36.238 10.767 35.588 10.045
87 7 1 36.238 10.814 35.588 10.092
88 7 1 36.228 10.869 35.579 10.148
89 7 1 36.238 10.907 35.588 10.185
90 7 1 36.173 10.972 35.542 10.305
91 7 1 36.191 10.962 35.560 10.250
92 7 1 36.265 10.925 35.551 10.148
93 7 1 36.219 10.999 35.551 10.333
94 7 1 36.136 11.018 35.514 10.352
95 7 1 36.191 11.074 35.542 10.538
96 7 1 36.201 11.120 35.579 10.547
97 7 1 36.201 11.120 35.533 10.547
98 7 1 36.266 11.129 35.496 10.538
99 7 1 36.099 11.278 35.468 10.621
100 7 1 36.201 11.343 35.477 10.566
101 7 1 36.275 11.463 35.486 10.603
102 7 1 36.136 11.269 35.514 10.612
103 7 1 36.155 11.528 35.514 10.500
104 7 1 36.173 11.565 35.431 10.779
105 7 1 36.238 11.556 35.459 10.751
106 7 1 36.173 11.501 35.551 10.751
107 7 1 36.201 11.565 35.570 10.788
108 7 1 36.164 11.603 35.468 10.909
109 7 1 36.136 11.612 35.542 11.002
110 7 1 36.201 11.686 35.542 11.039
111 7 1 36.173 11.677 35.422 11.160
112 7 1 36.229 11.760 35.468 11.160
113 7 1 36.266 11.890 35.468 11.243
114 7 1 36.164 11.872 35.552 11.243
115 7 1 36.211 12.113 35.477 11.215
116 7 1 36.155 11.900 35.542 11.271
117 7 1 36.155 11.937 35.542 11.308
118 7 1 36.239 12.345 35.561 11.131
119 7 1 36.146 11.974 35.533 11.345
120 7 1 36.146 12.020 35.533 11.391
121 7 1 36.136 12.057 35.524 11.429
122 7 1 36.146 12.104 35.533 11.475
123 7 1 36.137 12.150 35.524 11.521
124 7 1 36.155 12.289 35.459 11.549
125 7 1 36.109 12.224 35.496 11.596
126 7 1 36.155 12.373 35.450 11.707
127 7 1 36.183 12.345 35.441 11.698
128 7 1 36.118 12.336 35.506 11.707
129 7 1 36.118 12.373 35.506 11.744
130 7 1 36.127 12.410 35.515 11.781
131 7 1 36.118 12.447 35.506 11.818
132 7 1 36.128 12.484 35.515 11.856
133 7 1 36.128 12.521 35.515 11.893
134 7 1 36.137 12.568 35.524 11.939
135 7 1 36.155 12.614 35.543 11.985
136 7 1 36.174 12.651 35.562 12.022
137 7 1 36.193 12.688 35.580 12.059
138 7 1 36.211 12.734 35.599 12.106
139 7 1 36.230 12.781 35.617 12.152
140 7 1 36.248 12.799 35.636 12.171
141 7 1 36.258 12.836 35.645 12.208
142 7 1 36.267 12.873 35.654 12.245
143 7 1 36.285 12.910 35.673 12.282
144 7 1 36.304 12.947 35.692 12.319
145 7 1 36.313 12.984 35.701 12.356
0 10 2 51.147 10.785 49.345 9.933
1 10 2 51.193 10.812 49.309 9.924
2 10 2 50.781 10.767 48.951 10.035
3 10 2 50.791 10.767 48.961 10.026
4 10 2 50.580 10.786 48.750 10.045
5 10 2 50.242 10.787 48.402 10.046
6 10 2 50.242 10.787 48.411 10.046
7 10 2 50.013 10.807 48.182 10.065
8 10 2 49.803 10.826 47.971 10.084
9 10 2 49.574 10.845 47.742 10.103
10 10 2 49.364 10.864 47.531 10.122
11 10 2 49.135 10.902 47.302 10.160
12 10 2 48.906 10.939 47.073 10.198
13 10 2 48.677 10.977 46.843 10.235
14 10 2 48.466 11.014 46.632 10.273
15 10 2 48.237 11.052 46.403 10.310
16 10 2 48.026 11.108 46.192 10.366
17 10 2 47.797 11.146 45.962 10.404
18 10 2 47.586 11.202 45.751 10.460
19 10 2 47.357 11.258 45.521 10.516
20 10 2 47.146 11.314 45.310 10.572
21 10 2 46.935 11.370 45.099 10.628
22 10 2 46.724 11.426 44.887 10.684
23 10 2 46.513 11.483 44.676 10.741
24 10 2 46.302 11.557 44.464 10.815
25 10 2 46.091 11.632 44.253 10.890
26 10 2 45.880 11.688 44.041 10.946
27 10 2 45.669 11.744 43.830 11.002
28 10 2 45.476 11.819 43.636 11.077
29 10 2 45.264 11.893 43.425 11.151
30 10 2 45.053 11.987 43.213 11.245
31 10 2 44.842 12.061 43.001 11.319
32 10 2 44.630 12.155 42.789 11.412
33 10 2 44.419 12.229 42.577 11.487
34 10 2 44.207 12.304 42.366 11.562
35 10 2 43.996 12.379 42.154 11.637
36 10 2 43.784 12.472 41.942 11.730
37 10 2 43.572 12.547 41.730 11.805
38 10 2 43.361 12.622 41.518 11.880
39 10 2 43.149 12.696 41.306 11.954
40 10 2 42.956 12.771 41.112 12.029
41 10 2 42.725 12.846 40.881 12.104
42 10 2 42.532 12.921 40.687 12.179
43 10 2 42.320 12.996 40.475 12.254
44 10 2 42.127 13.071 40.281 12.329
45 10 2 41.896 13.146 40.051 12.404
46 10 2 41.703 13.221 39.857 12.479
47 10 2 41.491 13.296 39.644 12.553
48 10 2 41.279 13.352 39.432 12.610
49 10 2 40.707 13.577 39.284 12.694
50 10 2 40.891 13.502 39.108 12.741
51 10 2 40.688 13.558 38.905 12.797
52 10 2 40.467 13.596 38.683 12.835
53 10 2 40.264 13.653 38.480 12.892
54 10 2 40.042 13.728 38.258 12.967
55 10 2 39.839 13.784 38.054 13.023
56 10 2 39.617 13.822 37.832 13.061
57 10 2 39.395 13.860 37.610 13.099
58 10 2 39.174 13.917 37.388 13.156
59 10 2 38.970 13.974 37.184 13.212
60 10 2 38.749 13.993 36.962 13.232
61 10 2 38.527 14.031 36.740 13.270
62 10 2 38.305 14.069 36.517 13.308
63 10 2 38.083 14.108 36.295 13.346
64 10 2 37.879 14.127 36.091 13.366
65 10 2 37.657 14.128 35.869 13.367
66 10 2 37.435 14.129 35.646 13.368
67 10 2 37.213 14.130 35.423 13.369
68 10 2 37.009 14.131 35.219 13.369
69 10 2 36.787 14.132 34.997 13.370
70 10 2 36.564 14.133 34.774 13.371
71 10 2 36.342 14.116 34.551 13.354
72 10 2 36.138 14.117 34.347 13.355
73 10 2 35.915 14.099 34.124 13.337
74 10 2 35.693 14.063 33.901 13.301
75 10 2 35.489 14.046 33.697 13.283
76 10 2 35.266 14.028 33.474 13.266
77 10 2 35.062 13.973 33.269 13.211
78 10 2 34.858 13.956 33.065 13.193
79 10 2 34.635 13.901 32.841 13.138
80 10 2 34.431 13.846 32.637 13.084
81 10 2 34.226 13.773 32.432 13.010
82 10 2 34.022 13.718 32.227 12.955
83 10 2 33.818 13.682 32.023 12.919
84 10 2 33.613 13.627 31.818 12.864
85 10 2 33.409 13.535 31.613 12.772
86 10 2 33.204 13.481 31.408 12.717
87 10 2 33.018 13.389 31.222 12.625
88 10 2 32.814 13.334 31.017 12.570
89 10 2 32.609 13.242 30.812 12.477
90 10 2 32.404 13.187 30.607 12.422
91 10 2 32.218 13.095 30.420 12.330
92 10 2 32.013 13.021 30.215 12.257
93 10 2 31.827 12.929 30.028 12.164
94 10 2 31.622 12.837 29.823 12.072
95 10 2 31.436 12.763 29.637 11.998
96 10 2 31.231 12.690 29.431 11.925
97 10 2 31.045 12.597 29.245 11.832
98 10 2 30.858 12.505 29.058 11.740
99 10 2 30.653 12.432 28.852 11.666
100 10 2 30.467 12.339 28.666 11.574
101 10 2 30.280 12.247 28.479 11.481
102 10 2 30.094 12.155 28.292 11.389
103 10 2 29.888 12.044 28.086 11.278
104 10 2 29.702 11.951 27.899 11.185
105 10 2 29.515 11.878 27.712 11.111
106 10 2 29.328 11.785 27.525 11.019
107 10 2 29.142 11.674 27.338 10.907
108 10 2 28.955 11.582 27.151 10.815
109 10 2 28.750 11.508 26.945 10.741
110 10 2 28.563 11.416 26.758 10.648
111 10 2 28.376 11.304 26.571 10.537
112 10 2 28.170 11.212 26.365 10.444
113 10 2 27.983 11.138 26.178 10.370
114 10 2 27.796 11.046 25.990 10.278
115 10 2 27.609 10.953 25.803 10.185
116 10 2 27.422 10.879 25.616 10.111
117 10 2 27.235 10.787 25.428 10.018
118 10 2 27.029 10.675 25.222 9.907
119 10 2 26.842 10.583 25.035 9.814
120 10 2 26.655 10.509 24.847 9.740
121 10 2 26.468 10.416 24.660 9.647
122 10 2 26.281 10.305 24.472 9.536
123 10 2 26.075 10.212 24.266 9.443
124 10 2 25.887 10.138 24.078 9.369
125 10 2 25.634 9.980 23.853 9.192
126 10 2 25.447 9.916 23.646 9.099
127 10 2 25.456 9.897 23.656 9.127
128 10 2 24.922 9.796 23.514 8.847
129 10 2 25.109 9.711 23.336 8.932
130 10 2 24.941 9.646 23.167 8.867
131 10 2 24.734 9.563 22.961 8.783
132 10 2 24.547 9.461 22.773 8.681
133 10 2 24.359 9.396 22.585 8.616
134 10 2 24.172 9.312 22.397 8.532
135 10 2 23.984 9.229 22.209 8.448
136 10 2 23.796 9.145 22.021 8.365
137 10 2 23.609 9.080 21.833 8.300
138 10 2 23.421 8.997 21.645 8.216
139 10 2 23.233 8.913 21.457 8.132
140 10 2 23.045 8.830 21.268 8.048
141 10 2 22.857 8.765 21.080 7.983
142 10 2 22.669 8.700 20.892 7.918
143 10 2 22.482 8.635 20.704 7.853
144 10 2 22.312 8.551 20.534 7.769
145 10 2 22.106 8.505 20.327 7.723
