0 0 1 36.763 13.100 38.129 13.837
1 0 1 36.726 13.076 38.154 13.849
2 0 1 36.850 13.087 38.278 13.859
3 0 1 36.949 13.098 38.377 13.871
4 0 1 37.048 13.084 38.475 13.857
5 0 1 37.122 13.096 38.550 13.869
6 0 1 37.246 13.082 38.673 13.855
7 0 1 37.345 13.093 38.772 13.866
8 0 1 37.468 13.079 38.895 13.852
9 0 1 37.592 13.066 39.019 13.838
10 0 1 37.666 13.052 39.093 13.825
11 0 1 37.814 13.063 39.241 13.836
12 0 1 37.938 13.049 39.365 13.822
13 0 1 38.061 13.060 39.488 13.833
14 0 1 38.185 13.046 39.611 13.819
15 0 1 38.284 13.058 39.710 13.830
16 0 1 38.407 13.044 39.834 13.816
17 0 1 38.556 13.054 39.982 13.827
18 0 1 38.654 13.066 40.081 13.838
19 0 1 38.753 13.077 40.180 13.849
20 0 1 38.852 13.063 40.278 13.836
21 0 1 38.951 13.074 40.377 13.847
22 0 1 39.099 13.085 40.525 13.857
23 0 1 39.223 13.096 40.649 13.868
24 0 1 39.346 13.107 40.772 13.879
25 0 1 39.445 13.093 40.871 13.866
26 0 1 39.544 13.080 40.969 13.852
27 0 1 39.642 13.091 41.068 13.863
28 0 1 39.766 13.077 41.191 13.849
29 0 1 39.865 13.089 41.290 13.861
30 0 1 39.963 13.075 41.388 13.847
31 0 1 40.062 13.062 41.487 13.834
32 0 1 40.185 13.048 41.610 13.820
33 0 1 40.333 13.058 41.758 13.830
34 0 1 40.456 13.045 41.881 13.817
35 0 1 40.555 13.056 41.980 13.828
36 0 1 40.654 13.042 42.078 13.814
37 0 1 40.777 13.078 42.202 13.850
38 0 1 40.925 13.064 42.350 13.836
39 0 1 41.024 13.075 42.448 13.847
40 0 1 41.123 13.086 42.547 13.858
41 0 1 41.221 13.097 42.645 13.869
42 0 1 41.344 13.084 42.769 13.855
43 0 1 41.468 13.095 42.892 13.866
44 0 1 41.615 13.081 43.039 13.852
45 0 1 41.739 13.091 43.163 13.863
46 0 1 41.837 13.103 43.261 13.874
47 0 1 41.936 13.114 43.360 13.885
48 0 1 42.035 13.100 43.458 13.872
49 0 1 42.133 13.087 43.556 13.858
50 0 1 42.256 13.073 43.679 13.844
51 0 1 42.379 13.084 43.803 13.855
52 0 1 42.478 13.071 43.901 13.842
53 0 1 42.576 13.057 43.999 13.828
54 0 1 42.699 13.043 44.122 13.814
55 0 1 42.822 13.030 44.245 13.801
56 0 1 42.920 13.041 44.343 13.812
57 0 1 43.019 13.052 44.442 13.823
58 0 1 43.142 13.038 44.565 13.809
59 0 1 43.290 13.049 44.712 13.820
60 0 1 43.388 13.060 44.811 13.831
61 0 1 43.487 13.046 44.909 13.817
62 0 1 43.610 13.057 45.032 13.828
63 0 1 43.684 13.069 45.106 13.840
64 0 1 43.831 13.055 45.253 13.826
65 0 1 43.954 13.066 45.376 13.836
66 0 1 44.053 13.077 45.475 13.847
67 0 1 44.151 13.088 45.573 13.859
68 0 1 44.225 13.075 45.647 13.845
69 0 1 44.348 13.061 45.769 13.832
70 0 1 44.446 13.048 45.868 13.818
71 0 1 44.544 13.034 45.966 13.805
72 0 1 44.642 13.021 46.064 13.791
73 0 1 44.741 13.032 46.162 13.802
74 0 1 44.839 13.018 46.260 13.789
75 0 1 44.962 13.029 46.383 13.800
76 0 1 45.085 13.016 46.506 13.786
77 0 1 45.158 13.027 46.580 13.797
78 0 1 45.281 13.013 46.702 13.784
79 0 1 45.380 13.024 46.800 13.795
80 0 1 45.527 13.060 46.948 13.830
81 0 1 45.626 13.071 47.046 13.841
82 0 1 45.724 13.057 47.144 13.828
83 0 1 45.847 13.068 47.267 13.838
84 0 1 45.945 13.055 47.365 13.825
85 0 1 46.068 13.090 47.488 13.860
86 0 1 46.166 13.077 47.586 13.847
87 0 1 46.265 13.113 47.685 13.883
88 0 1 46.363 13.099 47.783 13.869
89 0 1 46.437 13.111 47.857 13.880
90 0 1 46.559 13.097 47.979 13.867
91 0 1 46.657 13.083 48.077 13.853
92 0 1 47.102 13.336 47.398 13.505
93 0 1 46.743 13.082 48.163 13.852
94 0 1 46.841 13.069 48.261 13.839
95 0 1 46.939 13.080 48.359 13.850
96 0 1 47.037 13.067 48.457 13.836
97 0 1 47.160 13.078 48.579 13.847
98 0 1 47.258 13.089 48.678 13.858
99 0 1 47.357 13.100 48.776 13.869
100 0 1 47.454 13.086 48.874 13.856
101 0 1 47.602 13.122 49.021 13.891
102 0 1 47.700 13.133 49.119 13.902
103 0 1 47.774 13.144 49.193 13.914
104 0 1 48.631 13.097 49.350 13.764
105 0 1 47.884 13.143 49.303 13.912
106 0 1 47.982 13.129 49.401 13.899
107 0 1 48.105 13.140 49.524 13.910
108 0 1 48.203 13.151 49.622 13.921
109 0 1 48.277 13.163 49.695 13.932
110 0 1 48.375 13.149 49.793 13.919
111 0 1 48.473 13.136 49.891 13.905
112 0 1 48.570 13.123 49.989 13.892
113 0 1 48.668 13.109 50.086 13.878
114 0 1 48.766 13.096 50.184 13.865
115 0 1 48.839 13.083 50.257 13.852
116 0 1 48.937 13.069 50.355 13.838
117 0 1 49.035 13.080 50.453 13.849
118 0 1 49.133 13.067 50.551 13.836
119 0 1 49.231 13.078 50.649 13.847
120 0 1 49.329 13.065 50.747 13.834
121 0 1 49.427 13.076 50.845 13.845
122 0 1 49.550 13.087 50.967 13.855
123 0 1 49.697 13.097 51.114 13.866
124 0 1 49.794 13.084 51.212 13.853
125 0 1 49.893 13.095 51.310 13.864
126 0 1 49.990 13.081 51.407 13.850
127 0 1 50.113 13.092 51.530 13.861
128 0 1 50.186 13.079 51.603 13.848
129 0 1 50.309 13.115 51.726 13.883
130 0 1 50.382 13.101 51.799 13.870
131 0 1 50.480 13.113 51.897 13.881
132 0 1 50.577 13.075 51.994 13.843
133 0 1 50.651 13.086 52.068 13.855
134 0 1 50.724 13.048 52.140 13.817
135 0 1 50.846 13.035 52.262 13.803
136 0 1 50.944 13.021 52.360 13.790
137 0 1 51.042 13.032 52.458 13.801
138 0 1 51.139 13.019 52.555 13.787
139 0 1 51.237 13.030 52.653 13.798
140 0 1 51.335 13.017 52.751 13.785
141 0 1 51.457 13.052 52.873 13.820
142 0 1 51.579 13.038 52.995 13.807
143 0 1 51.665 13.037 53.081 13.806
144 0 1 51.775 13.061 53.191 13.829
145 0 1 51.898 13.071 53.313 13.840
146 0 1 52.043 12.996 53.459 13.764
147 0 1 52.118 13.069 53.533 13.837
148 0 1 52.215 13.055 53.630 13.824
149 0 1 52.301 13.116 53.717 13.872
150 0 1 52.435 13.077 53.850 13.833
151 0 1 52.533 13.089 53.948 13.844
152 0 1 52.618 13.075 54.033 13.819
153 0 1 52.680 13.099 54.094 13.843
154 0 1 52.752 13.061 54.167 13.805
155 0 1 52.838 13.073 54.253 13.816
156 0 1 52.947 13.035 54.362 13.778
157 0 1 53.021 13.046 54.435 13.789
158 0 1 53.118 13.033 54.533 13.776
159 0 1 53.191 13.020 54.605 13.763
160 0 1 54.032 12.961 55.289 13.791
162 0 1 53.960 12.998 55.325 13.754
163 0 1 54.045 13.022 55.410 13.778
164 0 1 54.155 13.021 55.520 13.776
165 0 1 54.265 13.019 55.630 13.775
166 0 1 54.375 13.043 55.740 13.798
167 0 1 54.460 13.042 55.825 13.797
168 0 1 54.570 13.040 55.935 13.796
169 0 1 54.655 13.039 56.020 13.795
170 0 1 54.765 13.063 56.130 13.818
171 0 1 54.875 13.061 56.239 13.817
172 0 1 54.961 13.085 56.325 13.840
173 0 1 55.021 13.060 56.385 13.815
174 0 1 55.131 13.058 56.495 13.814
175 0 1 55.216 13.057 56.580 13.813
176 0 1 55.325 13.031 56.689 13.787
177 0 1 55.411 13.030 56.775 13.786
178 0 1 55.520 13.029 56.884 13.785
179 0 1 55.606 13.028 56.969 13.784
180 0 1 55.715 13.027 57.079 13.782
181 0 1 55.800 13.026 57.164 13.781
182 0 1 55.910 13.025 57.273 13.780
183 0 1 55.995 13.024 57.359 13.779
184 0 1 56.498 13.263 57.589 13.715
185 0 1 56.118 13.059 57.481 13.814
186 0 1 56.546 13.213 57.771 13.713
187 0 1 56.619 13.200 57.868 13.712
188 0 1 56.569 13.103 57.907 13.821
189 0 1 56.680 13.236 57.977 13.661
190 0 1 56.666 13.102 57.991 13.796
191 0 1 56.751 13.113 58.077 13.807
192 0 1 57.081 13.182 58.294 13.694
193 0 1 57.019 13.110 58.332 13.792
194 0 1 57.348 13.167 58.525 13.691
195 0 1 57.921 13.197 58.523 13.581
196 0 1 57.287 13.107 58.587 13.776
197 0 1 57.613 12.993 58.844 13.859
199 0 1 57.578 13.091 58.866 13.773
200 0 1 57.651 13.090 58.939 13.772
201 0 1 57.724 13.089 59.012 13.771
202 0 1 58.171 12.913 59.355 13.926
204 0 1 58.307 13.021 59.526 13.973
205 0 1 58.392 13.057 59.478 14.023
206 0 1 58.380 13.057 59.599 13.972
207 0 1 58.346 13.168 59.621 13.862
208 0 1 58.419 13.179 59.694 13.873
209 0 1 58.491 13.166 59.767 13.860
210 0 1 58.564 13.177 59.840 13.871
211 0 1 58.637 13.164 59.912 13.858
212 0 1 58.722 13.175 59.998 13.870
213 0 1 58.807 13.174 60.083 13.869
215 0 1 58.820 13.186 60.095 13.881
216 0 1 58.892 13.173 60.168 13.868
218 0 1 58.905 13.185 60.180 13.880
219 0 1 58.941 13.173 60.216 13.867
220 0 1 59.472 13.008 60.641 13.862
222 0 1 59.413 13.094 60.676 13.800
223 0 1 59.474 13.081 60.737 13.787
224 0 1 59.522 13.068 60.785 13.775
0 2 2 20.511 13.338 22.340 14.087
1 2 2 20.461 13.314 22.378 14.099
2 2 2 20.611 13.312 22.528 14.097
3 2 2 20.762 13.310 22.679 14.095
4 2 2 20.937 13.283 22.854 14.068
5 2 2 21.113 13.257 23.029 14.041
6 2 2 21.288 13.279 23.204 14.064
7 2 2 21.438 13.253 23.354 14.037
8 2 2 21.614 13.251 23.530 14.035
9 2 2 21.764 13.249 23.680 14.034
10 2 2 21.939 13.247 23.855 14.031
11 2 2 22.115 13.245 24.030 14.029
12 2 2 22.265 13.243 24.180 14.028
13 2 2 22.440 13.241 24.355 14.025
14 2 2 22.590 13.239 24.505 14.024
15 2 2 22.766 13.237 24.680 14.022
16 2 2 22.916 13.211 24.830 13.995
17 2 2 23.066 13.184 24.980 13.968
18 2 2 23.241 13.207 25.155 13.991
19 2 2 23.416 13.180 25.330 13.964
20 2 2 23.591 13.203 25.505 13.987
21 2 2 23.741 13.176 25.655 13.960
22 2 2 23.916 13.199 25.829 13.983
23 2 2 24.066 13.173 25.979 13.957
24 2 2 24.241 13.196 26.154 13.979
25 2 2 24.416 13.169 26.329 13.952
26 2 2 24.591 13.191 26.504 13.975
27 2 2 24.741 13.165 26.653 13.948
28 2 2 24.916 13.188 26.828 13.971
29 2 2 25.091 13.161 27.003 13.944
30 2 2 25.266 13.184 27.177 13.967
31 2 2 25.441 13.157 27.352 13.940
32 2 2 25.591 13.180 27.502 13.963
33 2 2 25.790 13.153 27.701 13.936
34 2 2 25.965 13.176 27.876 13.959
35 2 2 26.140 13.149 28.050 13.932
36 2 2 26.290 13.172 28.200 13.955
37 2 2 26.464 13.145 28.374 13.928
38 2 2 26.639 13.168 28.549 13.951
39 2 2 26.814 13.166 28.723 13.949
40 2 2 26.988 13.164 28.897 13.947
41 2 2 27.138 13.162 29.047 13.945
42 2 2 27.312 13.160 29.221 13.943
43 2 2 27.487 13.158 29.396 13.941
44 2 2 27.661 13.156 29.570 13.939
45 2 2 27.836 13.154 29.744 13.936
46 2 2 28.010 13.152 29.918 13.934
47 2 2 28.185 13.150 30.093 13.932
48 2 2 28.359 13.148 30.267 13.930
49 2 2 28.534 13.146 30.441 13.928
50 2 2 28.708 13.144 30.615 13.926
51 2 2 28.882 13.142 30.789 13.924
52 2 2 29.081 13.139 30.988 13.922
53 2 2 29.256 13.137 31.162 13.920
54 2 2 29.430 13.135 31.336 13.917
55 2 2 29.604 13.158 31.510 13.940
56 2 2 29.754 13.181 31.660 13.963
57 2 2 29.953 13.154 31.858 13.936
58 2 2 30.127 13.177 32.032 13.959
59 2 2 30.301 13.150 32.206 13.932
60 2 2 30.475 13.173 32.380 13.955
61 2 2 30.649 13.146 32.554 13.928
62 2 2 30.798 13.169 32.703 13.951
63 2 2 30.997 13.142 32.902 13.924
64 2 2 31.171 13.140 33.075 13.922
65 2 2 31.320 13.138 33.224 13.920
66 2 2 31.494 13.136 33.398 13.918
67 2 2 31.693 13.134 33.597 13.915
68 2 2 31.867 13.132 33.770 13.913
69 2 2 32.066 13.130 33.969 13.911
70 2 2 32.240 13.128 34.143 13.909
71 2 2 32.413 13.126 34.316 13.907
72 2 2 32.587 13.124 34.490 13.905
73 2 2 32.761 13.146 34.663 13.927
74 2 2 32.935 13.120 34.837 13.901
75 2 2 33.109 13.142 35.010 13.923
76 2 2 33.282 13.116 35.184 13.896
77 2 2 33.481 13.138 35.382 13.919
78 2 2 33.654 13.111 35.555 13.892
79 2 2 33.828 13.134 35.729 13.915
80 2 2 34.001 13.107 35.902 13.888
81 2 2 34.200 13.130 36.101 13.910
82 2 2 34.373 13.103 36.274 13.883
83 2 2 34.522 13.126 36.422 13.906
84 2 2 34.696 13.099 36.596 13.880
85 2 2 34.894 13.122 36.794 13.902
86 2 2 35.067 13.120 36.967 13.900
87 2 2 35.266 13.117 37.165 13.897
88 2 2 35.439 13.115 37.338 13.895
89 2 2 35.612 13.113 37.511 13.893
90 2 2 35.810 13.111 37.709 13.891
91 2 2 35.984 13.109 37.882 13.889
92 2 2 36.157 13.107 38.055 13.887
93 2 2 36.330 13.105 38.228 13.885
94 2 2 36.504 13.103 38.401 13.883
95 2 2 36.677 13.101 38.574 13.881
96 2 2 36.875 13.123 38.772 13.903
97 2 2 37.073 13.146 38.970 13.925
98 2 2 37.284 13.291 39.056 13.813
99 2 2 37.234 13.181 39.106 13.924
100 2 2 37.407 13.166 39.279 13.909
101 2 2 38.026 13.270 39.452 13.919
102 2 2 37.828 13.236 39.637 13.967
103 2 2 38.434 13.302 39.921 13.902
104 2 2 38.668 13.263 40.155 13.837
105 2 2 38.743 13.274 40.291 13.860
106 2 2 38.916 13.309 40.402 13.859
107 2 2 39.052 13.308 40.575 13.869
108 2 2 39.187 13.306 40.771 13.805
109 2 2 39.385 13.279 41.031 13.851
110 2 2 39.558 13.277 41.129 13.838
111 2 2 39.755 13.312 41.277 13.836
112 2 2 39.953 13.309 41.364 13.847
113 2 2 40.113 13.320 41.512 13.846
114 2 2 40.298 13.318 41.697 13.843
115 2 2 40.483 13.279 41.931 13.841
116 2 2 40.656 13.326 42.128 13.838
117 2 2 40.866 13.299 42.251 13.886
118 2 2 41.051 13.321 42.436 13.896
119 2 2 41.161 13.258 42.584 13.833
120 2 2 41.359 13.330 42.694 13.831
121 2 2 41.260 13.306 42.768 13.843
122 2 2 41.433 13.304 42.941 13.841
123 2 2 41.938 13.360 43.323 13.886
124 2 2 42.062 13.371 43.446 13.896
125 2 2 42.271 13.381 43.618 13.907
126 2 2 42.345 13.380 43.779 13.929
127 2 2 42.542 13.378 43.988 13.915
128 2 2 42.702 13.376 44.135 13.900
129 2 2 42.690 13.388 44.123 13.913
130 2 2 42.863 13.398 44.295 13.923
131 2 2 43.035 13.384 44.467 13.909
132 2 2 43.195 13.407 44.627 13.931
133 2 2 43.601 13.402 44.935 13.903
134 2 2 43.552 13.403 44.972 13.915
135 2 2 43.724 13.413 45.144 13.925
136 2 2 43.896 13.423 45.316 13.936
137 2 2 44.254 13.481 45.587 14.006
138 2 2 44.352 13.430 45.821 14.040
139 2 2 44.537 13.489 45.882 13.990
140 2 2 44.500 13.490 45.894 13.990
141 2 2 44.905 13.485 46.176 13.987
142 2 2 45.065 13.483 46.348 13.985
143 2 2 45.237 13.457 46.545 14.007
144 2 2 45.384 13.467 46.717 13.980
145 2 2 45.594 13.502 46.876 13.978
146 2 2 45.754 13.524 47.048 14.013
147 2 2 45.962 13.510 47.220 13.986
148 2 2 45.925 13.510 47.232 13.986
149 2 2 46.294 13.555 47.514 13.958
150 2 2 46.441 13.541 47.723 13.968
151 2 2 46.577 13.551 47.943 13.965
152 2 2 46.760 13.525 48.091 14.001
153 2 2 46.957 13.522 48.226 14.024
154 2 2 47.103 13.471 48.386 14.046
155 2 2 47.104 13.545 48.373 13.985
156 2 2 47.436 13.554 48.815 14.066
157 2 2 47.485 13.590 48.753 14.030
158 2 2 47.645 13.600 48.913 14.040
159 2 2 47.914 13.585 49.023 14.051
160 2 2 47.988 13.584 49.378 14.047
161 2 2 48.049 13.608 49.305 14.047
162 2 2 48.194 13.409 49.907 14.200
163 2 2 48.389 13.333 50.165 14.234
164 2 2 48.562 13.393 50.311 14.220
165 2 2 48.684 13.428 50.582 14.302
166 2 2 48.856 13.389 50.644 14.351
167 2 2 49.026 13.338 50.801 14.263
168 2 2 49.174 13.398 51.022 14.285
169 2 2 49.370 13.383 51.120 14.296
170 2 2 49.557 13.664 51.082 14.222
171 2 2 49.803 13.710 51.156 14.234
172 2 2 49.741 13.698 51.193 14.246
173 2 2 49.901 13.709 51.352 14.256
174 2 2 50.048 13.744 51.499 14.291
175 2 2 50.415 13.727 51.842 14.336
176 2 2 50.610 13.676 52.076 14.456
177 2 2 50.611 13.762 52.050 14.358
178 2 2 50.893 13.783 52.270 14.368
179 2 2 50.868 13.783 52.295 14.367
180 2 2 51.199 13.816 52.650 14.412
181 2 2 51.199 13.828 52.625 14.412
182 2 2 51.359 13.863 52.785 14.447
183 2 2 51.493 13.886 52.920 14.470
184 2 2 51.934 13.942 53.302 14.723
185 2 2 51.899 14.028 53.313 14.625
186 2 2 52.009 14.039 53.459 14.611
187 2 2 52.034 14.039 53.447 14.623
188 2 2 52.181 14.074 53.594 14.658
189 2 2 52.328 14.109 53.741 14.693
190 2 2 52.475 14.144 53.888 14.728
191 2 2 52.682 14.105 54.453 14.967
192 2 2 52.941 14.249 54.414 14.783
193 2 2 52.953 14.237 54.377 14.796
194 2 2 53.296 14.331 54.769 14.877
195 2 2 53.368 14.268 54.978 14.997
196 2 2 53.615 14.400 55.013 14.911
197 2 2 53.664 14.437 55.051 14.959
198 2 2 53.676 14.400 55.405 15.004
199 2 2 53.933 14.470 55.406 15.041
200 2 2 54.055 14.469 55.650 15.062
201 2 2 54.190 14.504 55.747 15.049
202 2 2 54.251 14.515 55.674 15.050
203 2 2 54.423 14.562 56.016 15.107
204 2 2 54.618 14.572 56.126 15.118
205 2 2 54.765 14.632 56.248 15.116
206 2 2 54.789 14.607 56.212 15.129
207 2 2 55.009 14.653 56.566 15.186
208 2 2 55.156 14.664 56.652 15.209
209 2 2 55.266 14.687 56.859 15.206
210 2 2 55.339 14.686 56.761 15.208
211 2 2 55.474 14.696 56.895 15.218
212 2 2 55.596 14.707 57.017 15.229
213 2 2 55.815 14.704 57.567 15.345
214 2 2 55.742 14.742 57.164 15.264
215 2 2 55.877 14.753 57.298 15.275
216 2 2 56.193 14.737 57.884 15.353
217 2 2 56.155 14.627 58.069 15.522
218 2 2 56.048 14.800 57.470 15.321
219 2 2 56.182 14.810 57.604 15.332
220 2 2 56.304 14.809 57.725 15.330
221 2 2 56.438 14.807 57.859 15.329
222 2 2 56.958 14.580 58.750 15.477
223 2 2 57.080 14.591 58.932 15.438
224 2 2 57.238 14.552 59.041 15.412
