0 0 1 32.938 10.770 31.927 10.113
1 0 1 32.966 10.789 31.908 10.104
2 0 1 32.993 10.798 31.936 10.113
3 0 1 33.003 10.807 31.946 10.122
4 0 1 33.049 10.817 31.992 10.132
5 0 1 33.058 10.826 32.001 10.141
6 0 1 33.105 10.817 32.048 10.132
7 0 1 33.133 10.826 32.076 10.141
8 0 1 33.160 10.835 32.104 10.150
9 0 1 33.188 10.844 32.131 10.160
10 0 1 33.216 10.835 32.159 10.150
11 0 1 33.244 10.844 32.187 10.160
12 0 1 33.290 10.835 32.234 10.150
13 0 1 33.318 10.844 32.262 10.160
14 0 1 33.346 10.835 32.289 10.150
15 0 1 33.374 10.844 32.317 10.160
16 0 1 33.420 10.835 32.364 10.150
17 0 1 33.448 10.826 32.392 10.141
18 0 1 33.495 10.816 32.438 10.132
19 0 1 33.523 10.807 32.466 10.123
20 0 1 33.569 10.798 32.513 10.113
21 0 1 33.597 10.807 32.540 10.123
22 0 1 33.643 10.798 32.587 10.113
23 0 1 33.671 10.807 32.615 10.123
24 0 1 33.699 10.798 32.643 10.113
25 0 1 33.597 10.696 32.735 10.252
26 0 1 33.653 10.761 32.670 10.169
27 0 1 33.680 10.770 32.698 10.178
28 0 1 33.597 10.798 32.884 10.197
29 0 1 33.560 10.798 32.819 10.123
30 0 1 33.625 10.761 32.745 10.160
31 0 1 33.653 10.761 32.773 10.160
32 0 1 33.625 10.816 32.986 10.160
33 0 1 33.754 10.826 33.088 10.150
34 0 1 33.820 10.789 33.005 10.178
35 0 1 33.857 10.789 33.042 10.178
36 0 1 33.884 10.798 33.070 10.187
37 0 1 34.088 10.853 33.125 10.150
38 0 1 34.153 10.872 33.070 10.160
39 0 1 34.135 10.872 33.088 10.132
40 0 1 34.163 10.862 33.032 10.215
41 0 1 34.218 10.853 32.986 10.215
42 0 1 34.051 10.844 33.144 10.206
43 0 1 34.079 10.844 33.172 10.206
44 0 1 34.125 10.862 33.218 10.224
45 0 1 34.153 10.844 33.246 10.206
46 0 1 34.181 10.862 33.274 10.224
47 0 1 34.209 10.862 33.302 10.224
48 0 1 34.172 10.899 33.524 10.261
49 0 1 34.181 10.936 33.580 10.280
50 0 1 34.301 10.918 33.450 10.280
51 0 1 34.329 10.918 33.478 10.280
52 0 1 34.376 10.918 33.524 10.280
53 0 1 34.385 10.936 33.533 10.298
54 0 1 34.431 10.918 33.580 10.280
55 0 1 34.459 10.936 33.608 10.298
56 0 1 34.487 10.918 33.635 10.280
57 0 1 34.515 10.936 33.663 10.298
58 0 1 34.561 10.918 33.710 10.280
59 0 1 34.589 10.936 33.737 10.298
60 0 1 34.635 10.918 33.784 10.280
61 0 1 34.839 10.982 33.821 10.391
62 0 1 34.820 10.945 33.811 10.409
63 0 1 34.867 10.936 33.811 10.391
64 0 1 34.885 10.908 33.876 10.391
65 0 1 34.895 10.955 33.904 10.400
66 0 1 34.830 10.973 33.960 10.382
67 0 1 34.867 10.973 33.997 10.382
68 0 1 34.904 11.038 34.118 10.363
69 0 1 34.885 11.066 34.117 10.419
70 0 1 34.922 11.029 34.071 10.437
71 0 1 34.950 11.029 34.099 10.437
72 0 1 35.015 11.075 34.294 10.382
73 0 1 35.043 11.029 34.386 10.363
74 0 1 35.070 11.056 34.340 10.382
75 0 1 35.163 11.047 34.396 10.400
76 0 1 35.182 11.019 34.368 10.428
77 0 1 35.219 11.028 34.405 10.437
78 0 1 35.246 11.038 34.433 10.446
79 0 1 35.367 11.028 34.535 10.419
80 0 1 35.404 11.056 34.451 10.354
81 0 1 35.395 11.038 34.572 10.474
82 0 1 35.385 11.047 34.572 10.465
83 0 1 35.524 11.019 34.599 10.548
84 0 1 35.459 11.065 34.646 10.493
85 0 1 35.561 11.056 34.831 10.539
86 0 1 35.589 11.075 34.785 10.511
87 0 1 35.617 11.084 34.812 10.520
88 0 1 35.570 11.093 34.747 10.539
89 0 1 35.533 11.093 34.812 10.548
90 0 1 35.570 11.093 34.775 10.548
91 0 1 35.589 11.121 34.924 10.529
92 0 1 35.644 11.093 34.859 10.548
93 0 1 35.672 11.093 34.886 10.548
94 0 1 35.635 11.121 35.053 10.456
95 0 1 35.728 11.056 34.951 10.511
96 0 1 35.765 11.047 34.988 10.502
97 0 1 35.913 11.047 35.137 10.502
98 0 1 35.987 11.056 35.137 10.502
99 0 1 35.941 11.047 35.164 10.502
100 0 1 35.941 11.019 35.174 10.446
101 0 1 36.116 11.093 35.146 10.428
102 0 1 36.126 11.000 35.146 10.492
103 0 1 36.117 10.963 35.183 10.456
104 0 1 36.098 11.019 35.109 10.354
105 0 1 36.126 11.019 35.165 10.382
106 0 1 36.126 11.028 35.285 10.308
107 0 1 36.080 10.927 35.313 10.400
108 0 1 36.117 10.917 35.350 10.391
109 0 1 36.098 10.945 35.452 10.289
110 0 1 36.154 10.880 35.396 10.354
111 0 1 36.191 10.871 35.433 10.345
112 0 1 36.218 10.963 35.693 10.363
113 0 1 36.320 10.917 35.572 10.391
114 0 1 36.357 10.908 35.609 10.382
115 0 1 36.367 10.880 35.813 10.326
116 0 1 36.478 10.899 35.804 10.308
117 0 1 36.570 10.945 35.776 10.206
118 0 1 36.635 10.834 35.804 10.345
119 0 1 36.644 10.852 35.813 10.345
120 0 1 36.589 10.852 35.859 10.345
121 0 1 36.616 10.843 35.887 10.335
122 0 1 36.783 10.843 36.229 10.308
123 0 1 36.746 10.843 36.035 10.326
124 0 1 36.746 10.825 36.257 10.326
125 0 1 36.903 10.825 36.100 10.262
126 0 1 36.875 10.843 36.211 10.363
127 0 1 36.820 10.843 36.118 10.326
128 0 1 36.875 10.806 36.155 10.326
129 0 1 36.838 10.852 36.183 10.363
130 0 1 36.866 10.815 36.165 10.298
131 0 1 36.848 10.797 36.165 10.317
132 0 1 36.875 10.788 36.192 10.308
133 0 1 36.958 10.880 36.377 10.243
134 0 1 36.968 10.825 36.396 10.234
135 0 1 37.097 10.815 36.442 10.280
136 0 1 37.088 10.778 36.433 10.298
137 0 1 37.282 10.760 36.480 10.086
138 0 1 37.116 10.760 36.461 10.280
139 0 1 37.143 10.760 36.488 10.280
140 0 1 37.180 10.760 36.525 10.280
141 0 1 37.217 10.751 36.562 10.271
142 0 1 37.254 10.751 36.599 10.271
143 0 1 37.301 10.751 36.646 10.271
144 0 1 37.337 10.751 36.682 10.271
145 0 1 37.374 10.751 36.719 10.271
146 0 1 37.411 10.751 36.756 10.271
147 0 1 37.439 10.751 36.784 10.271
148 0 1 37.476 10.760 36.821 10.280
149 0 1 37.504 10.760 36.849 10.280
150 0 1 37.541 10.769 36.886 10.289
151 0 1 37.550 10.861 36.950 10.345
153 0 1 37.568 10.834 36.923 10.354
154 0 1 37.596 10.843 36.950 10.363
155 0 1 37.642 10.861 36.996 10.382
156 0 1 37.660 10.871 37.015 10.391
157 0 1 37.688 10.871 37.043 10.391
158 0 1 37.734 10.889 37.089 10.409
159 0 1 37.762 10.898 37.117 10.418
160 0 1 37.808 10.926 37.163 10.446
161 0 1 37.836 10.935 37.190 10.455
162 0 1 37.882 10.963 37.236 10.483
163 0 1 37.910 10.972 37.264 10.492
164 0 1 37.956 11.000 37.310 10.520
165 0 1 37.983 11.009 37.338 10.529
166 0 1 38.029 11.037 37.384 10.557
167 0 1 38.057 11.046 37.412 10.566
168 0 1 38.103 11.064 37.458 10.585
169 0 1 38.140 11.073 37.495 10.594
171 0 1 38.131 11.064 37.486 10.585
172 0 1 38.159 11.073 37.513 10.594
173 0 1 38.186 11.073 37.541 10.594
174 0 1 38.232 11.083 37.587 10.603
175 0 1 38.260 11.092 37.615 10.612
176 0 1 38.297 11.092 37.652 10.612
178 0 1 38.288 11.083 37.643 10.603
179 0 1 38.657 11.073 38.012 10.529
180 0 1 38.638 11.036 37.993 10.557
181 0 1 38.675 11.036 38.030 10.557
182 0 1 38.721 11.036 38.077 10.557
183 0 1 38.777 11.045 38.132 10.566
184 0 1 38.823 11.055 38.178 10.575
185 0 1 38.905 11.230 37.920 10.418
186 0 1 38.822 11.193 37.920 10.492
187 0 1 38.841 11.036 38.197 10.557
188 0 1 38.878 11.045 38.233 10.566
189 0 1 38.924 11.165 38.224 10.612
190 0 1 38.896 11.119 38.252 10.640
191 0 1 39.007 11.165 38.482 10.612
193 0 1 39.016 11.184 38.464 10.658
194 0 1 39.053 11.156 38.427 10.677
195 0 1 39.265 11.313 38.464 10.621
196 0 1 39.339 11.294 38.446 10.594
197 0 1 39.320 11.165 38.658 10.548
198 0 1 39.495 11.349 38.473 10.584
199 0 1 39.578 11.312 38.473 10.640
200 0 1 39.560 11.266 38.464 10.594
201 0 1 39.624 11.276 38.492 10.612
202 0 1 39.256 11.054 38.630 10.575
203 0 1 39.541 11.174 38.658 10.667
204 0 1 39.606 11.294 38.602 10.557
205 0 1 39.671 11.156 38.989 10.695
206 0 1 39.634 11.156 39.008 10.686
207 0 1 39.671 11.156 39.045 10.686
208 0 1 39.735 11.248 39.036 10.621
209 0 1 39.744 11.349 39.119 10.566
210 0 1 39.808 11.358 39.174 10.483
211 0 1 39.808 11.358 39.110 10.474
212 0 1 39.854 11.294 39.064 10.446
213 0 1 39.919 11.156 39.211 10.630
214 0 1 40.214 11.238 39.174 10.474
215 0 1 39.855 11.119 39.229 10.649
216 0 1 39.892 11.109 39.266 10.640
217 0 1 39.938 11.100 39.312 10.630
218 0 1 39.975 11.100 39.349 10.630
219 0 1 40.021 11.091 39.395 10.621
220 0 1 40.214 11.054 39.662 10.612
221 0 1 40.232 11.100 39.791 10.538
222 0 1 40.324 11.137 39.856 10.566
223 0 1 40.214 11.045 39.598 10.584
224 0 1 40.260 11.045 39.644 10.584
225 0 1 40.297 11.045 39.681 10.584
0 2 1 30.679 10.530 29.731 9.881
1 2 1 30.707 10.548 29.712 9.872
2 2 1 30.716 10.493 29.992 9.881
3 2 1 30.725 10.511 30.085 9.891
4 2 1 30.744 10.502 30.048 9.891
5 2 1 30.781 10.493 30.085 9.881
6 2 1 30.819 10.474 30.122 9.863
7 2 1 30.865 10.456 30.169 9.844
8 2 1 30.912 10.437 30.216 9.826
9 2 1 30.949 10.419 30.253 9.807
10 2 1 31.219 10.363 30.188 9.696
11 2 1 31.089 10.345 30.309 9.724
12 2 1 31.378 10.317 30.309 9.668
13 2 1 31.257 10.298 30.421 9.678
14 2 1 31.303 10.280 30.468 9.659
15 2 1 31.341 10.261 30.505 9.641
16 2 1 31.396 10.234 30.561 9.613
17 2 1 31.443 10.224 30.607 9.604
18 2 1 31.499 10.206 30.663 9.585
19 2 1 31.536 10.187 30.701 9.567
20 2 1 31.434 10.271 30.617 9.604
21 2 1 31.536 10.261 30.719 9.604
22 2 1 31.545 10.196 30.878 9.520
23 2 1 31.657 10.243 30.822 9.576
24 2 1 31.666 10.206 30.999 9.493
25 2 1 31.713 10.159 30.934 9.530
26 2 1 31.760 10.150 30.980 9.520
27 2 1 31.806 10.132 31.027 9.502
28 2 1 31.862 10.113 31.083 9.483
29 2 1 31.918 10.104 31.139 9.474
30 2 1 31.974 10.104 31.194 9.474
31 2 1 32.029 10.095 31.250 9.465
32 2 1 32.085 10.085 31.306 9.456
33 2 1 32.132 10.085 31.353 9.456
34 2 1 32.160 10.067 31.381 9.437
36 2 1 32.150 10.058 31.371 9.428
37 2 1 32.188 10.048 31.409 9.419
38 2 1 32.234 10.048 31.455 9.419
39 2 1 32.290 10.039 31.511 9.410
40 2 1 32.336 10.021 31.557 9.391
41 2 1 32.364 10.002 31.585 9.373
42 2 1 32.420 9.984 31.641 9.354
43 2 1 32.467 9.974 31.688 9.345
44 2 1 32.513 9.965 31.734 9.336
45 2 1 32.569 9.937 31.790 9.308
46 2 1 32.625 9.928 31.846 9.299
47 2 1 32.680 9.901 31.902 9.271
48 2 1 32.727 9.891 31.948 9.262
49 2 1 32.773 9.864 31.995 9.234
50 2 1 32.829 9.854 32.051 9.225
51 2 1 32.876 9.836 32.097 9.206
52 2 1 32.894 9.836 32.339 9.179
54 2 1 32.996 9.817 32.441 9.188
55 2 1 33.043 9.817 32.516 9.188
56 2 1 33.108 9.827 32.543 9.151
57 2 1 33.164 9.836 32.590 9.142
58 2 1 33.275 9.827 32.655 9.114
59 2 1 33.303 9.780 32.618 9.151
60 2 1 33.535 9.845 32.674 9.123
61 2 1 33.711 9.855 32.516 9.096
62 2 1 33.433 9.790 32.748 9.160
63 2 1 33.479 9.799 32.794 9.170
64 2 1 33.526 9.790 32.841 9.161
65 2 1 33.859 9.855 32.673 9.160
66 2 1 33.813 9.864 32.720 9.207
67 2 1 33.572 9.790 32.887 9.161
68 2 1 33.831 9.901 32.924 9.188
69 2 1 33.896 9.910 33.017 9.179
70 2 1 33.878 9.910 33.119 9.087
71 2 1 33.915 9.929 33.147 9.096
72 2 1 33.869 9.827 33.175 9.198
73 2 1 34.063 9.956 33.278 8.920
74 2 1 33.897 9.818 33.203 9.189
75 2 1 34.230 9.827 33.342 9.189
76 2 1 34.119 9.818 33.425 9.189
77 2 1 34.434 9.809 33.388 9.170
78 2 1 34.555 9.883 33.500 9.133
79 2 1 34.573 9.846 33.463 9.170
80 2 1 34.138 9.790 33.444 9.161
81 2 1 34.193 9.781 33.500 9.152
82 2 1 34.249 9.772 33.555 9.143
83 2 1 34.684 9.910 33.620 9.115
84 2 1 34.295 9.762 33.602 9.133
85 2 1 34.573 9.827 33.880 9.124
86 2 1 34.647 9.855 33.834 9.106
87 2 1 34.546 9.846 34.019 9.134
88 2 1 34.629 9.873 34.121 9.143
89 2 1 34.712 9.901 34.186 9.115
90 2 1 34.777 9.938 34.094 9.060
91 2 1 34.851 9.910 34.093 9.106
92 2 1 34.972 9.892 34.251 9.014
93 2 1 35.046 9.809 34.316 9.106
94 2 1 35.138 9.837 34.223 9.069
95 2 1 35.203 9.846 34.288 9.051
96 2 1 35.305 9.753 34.325 9.189
97 2 1 35.398 9.827 34.316 9.125
98 2 1 34.972 9.735 34.307 9.106
99 2 1 35.018 9.735 34.353 9.106
100 2 1 35.425 9.846 34.418 9.189
101 2 1 35.065 9.726 34.399 9.097
102 2 1 35.120 9.726 34.455 9.097
103 2 1 35.518 9.892 34.575 9.088
104 2 1 35.157 9.726 34.492 9.097
105 2 1 35.222 9.735 34.557 9.106
107 2 1 35.213 9.726 34.548 9.097
108 2 1 35.250 9.726 34.585 9.097
109 2 1 35.296 9.735 34.631 9.106
110 2 1 35.352 9.744 34.687 9.116
111 2 1 35.389 9.744 34.724 9.116
112 2 1 35.426 9.744 34.761 9.116
114 2 1 35.416 9.735 34.751 9.106
115 2 1 35.444 9.735 34.779 9.107
116 2 1 35.814 9.864 35.159 9.218
117 2 1 36.073 9.938 35.334 9.301
118 2 1 36.129 9.911 35.186 9.255
119 2 1 36.249 9.929 35.205 9.255
120 2 1 36.212 9.966 35.260 9.282
121 2 1 36.184 10.095 35.306 9.319
122 2 1 35.981 9.892 35.325 9.264
123 2 1 36.147 10.040 35.602 9.430
124 2 1 36.322 10.114 35.649 9.412
125 2 1 36.369 10.105 35.741 9.449
126 2 1 36.359 10.058 35.732 9.495
127 2 1 36.498 10.197 35.760 9.384
128 2 1 36.563 10.160 35.778 9.477
129 2 1 36.479 10.114 35.852 9.504
130 2 1 36.683 10.188 35.806 9.514
131 2 1 36.692 10.225 35.769 9.458
132 2 1 36.757 10.132 35.824 9.440
133 2 1 36.701 10.142 35.870 9.615
134 2 1 36.729 10.123 35.880 9.597
135 2 1 36.812 10.169 35.870 9.541
136 2 1 36.821 10.169 35.889 9.578
137 2 1 36.831 10.197 35.935 9.541
138 2 1 36.868 10.197 36.046 9.532
139 2 1 36.849 10.179 36.185 9.643
140 2 1 36.905 10.169 36.222 9.625
141 2 1 36.868 10.179 36.240 9.606
142 2 1 37.006 10.225 36.462 9.671
143 2 1 37.080 10.326 36.444 9.542
144 2 1 37.052 10.215 36.481 9.606
145 2 1 37.098 10.234 36.490 9.606
146 2 1 37.172 10.225 36.518 9.625
147 2 1 37.283 10.372 36.490 9.578
148 2 1 37.357 10.262 36.527 9.615
149 2 1 37.412 10.289 36.407 9.652
150 2 1 37.394 10.225 36.555 9.680
151 2 1 37.505 10.225 36.462 9.689
153 2 1 37.089 10.142 36.481 9.578
154 2 1 37.154 10.142 36.546 9.579
155 2 1 37.237 10.142 36.629 9.579
157 2 1 37.662 10.271 36.998 9.625
158 2 1 37.754 10.354 36.943 9.551
159 2 1 37.607 10.215 36.998 9.653
160 2 1 37.791 10.289 37.174 9.616
161 2 1 37.865 10.354 37.174 9.551
162 2 1 37.883 10.243 37.211 9.597
163 2 1 37.985 10.262 37.211 9.616
164 2 1 37.976 10.243 37.201 9.643
165 2 1 37.893 10.216 37.285 9.653
166 2 1 38.299 10.243 37.192 9.625
167 2 1 38.345 10.308 37.248 9.597
168 2 1 38.363 10.216 37.201 9.653
169 2 1 38.363 10.234 37.220 9.634
171 2 1 38.289 10.243 37.599 9.662
172 2 1 38.382 10.142 37.451 9.699
173 2 1 38.336 10.243 37.599 9.607
174 2 1 38.419 10.225 37.654 9.634
175 2 1 38.465 10.234 37.719 9.598
176 2 1 38.529 10.234 37.866 9.588
178 2 1 38.622 10.206 38.014 9.598
179 2 1 38.649 10.262 38.005 9.570
180 2 1 38.732 10.243 38.023 9.561
181 2 1 38.769 10.206 37.977 9.635
182 2 1 38.981 10.243 37.885 9.551
183 2 1 38.981 10.225 37.885 9.588
184 2 1 39.046 10.234 37.866 9.570
185 2 1 39.055 10.197 37.885 9.616
186 2 1 39.073 10.197 37.913 9.588
187 2 1 39.083 10.197 38.475 9.561
188 2 1 39.083 10.188 38.217 9.579
189 2 1 39.156 10.188 38.272 9.570
190 2 1 39.166 10.197 38.374 9.542
191 2 1 39.230 10.197 38.494 9.533
193 2 1 39.304 10.160 38.651 9.552
194 2 1 39.396 10.160 38.743 9.487
195 2 1 39.405 10.105 38.807 9.524
196 2 1 39.507 10.170 38.669 9.478
197 2 1 39.562 10.142 38.642 9.460
198 2 1 39.562 10.124 38.642 9.487
199 2 1 39.645 10.114 38.623 9.497
200 2 1 39.369 10.059 38.771 9.497
201 2 1 39.405 10.050 38.807 9.487
202 2 1 39.884 10.133 38.863 9.487
203 2 1 39.884 10.160 38.743 9.552
204 2 1 39.442 10.031 38.844 9.469
205 2 1 40.041 10.114 39.305 9.506
206 2 1 39.921 10.114 39.047 9.534
207 2 1 40.032 10.114 39.139 9.451
208 2 1 39.986 10.087 39.231 9.506
209 2 1 40.013 10.096 39.268 9.524
210 2 1 40.170 10.170 39.388 9.350
211 2 1 40.225 10.179 39.416 9.322
212 2 1 39.912 10.068 39.314 9.506
213 2 1 40.253 10.059 39.692 9.506
214 2 1 40.262 10.068 39.609 9.442
215 2 1 40.317 10.059 39.609 9.414
216 2 1 40.473 10.041 39.618 9.469
217 2 1 40.418 9.958 39.582 9.313
218 2 1 40.556 9.967 39.591 9.294
219 2 1 40.225 9.985 39.637 9.433
220 2 1 40.593 9.958 39.692 9.267
221 2 1 40.584 9.986 39.757 9.414
222 2 1 40.244 9.958 39.655 9.405
223 2 1 40.299 9.949 39.711 9.396
224 2 1 40.372 9.930 39.784 9.377
152 2 1 37.505 10.206 36.480 9.698
170 2 1 38.336 10.243 37.303 9.616
177 2 1 38.594 10.252 37.949 9.598
192 2 1 39.267 10.216 38.595 9.506
0 5 2 53.788 9.861 52.057 9.220
1 5 2 53.662 9.870 52.085 9.202
2 5 2 53.526 9.833 51.867 9.129
3 5 2 53.490 9.815 51.812 9.156
4 5 2 53.435 9.787 51.758 9.092
5 5 2 53.336 9.787 51.649 9.083
6 5 2 53.281 9.778 51.567 9.110
7 5 2 53.091 9.769 51.831 9.183
8 5 2 53.254 9.796 51.649 9.147
9 5 2 53.164 9.796 51.558 9.147
10 5 2 53.073 9.796 51.468 9.147
11 5 2 52.964 9.778 51.359 9.128
12 5 2 52.620 9.714 51.186 9.046
13 5 2 52.547 9.714 50.896 9.064
14 5 2 52.457 9.696 50.723 9.091
15 5 2 52.266 9.686 50.605 9.054
16 5 2 52.166 9.696 50.659 9.027
17 5 2 52.067 9.705 50.487 9.018
18 5 2 52.049 9.723 50.369 9.054
19 5 2 51.922 9.677 50.305 9.045
20 5 2 51.822 9.677 50.169 9.054
21 5 2 51.795 9.705 50.032 9.063
22 5 2 51.613 9.695 49.850 9.008
23 5 2 51.531 9.704 49.869 9.072
24 5 2 51.441 9.732 49.759 9.017
25 5 2 51.377 9.695 49.687 9.008
26 5 2 51.259 9.704 49.541 9.035
27 5 2 51.132 9.695 49.405 9.017
28 5 2 51.050 9.686 49.332 9.035
29 5 2 50.787 9.686 49.286 8.998
30 5 2 50.723 9.667 49.086 8.998
31 5 2 50.660 9.704 49.032 9.007
32 5 2 50.569 9.704 48.922 9.016
33 5 2 50.496 9.713 48.749 9.044
34 5 2 50.505 9.704 48.695 9.044
35 5 2 50.232 9.741 48.649 9.090
36 5 2 50.123 9.740 48.604 9.080
37 5 2 50.096 9.750 48.476 9.089
38 5 2 49.969 9.731 48.248 9.062
39 5 2 49.950 9.722 48.239 9.089
40 5 2 49.787 9.667 48.303 9.071
41 5 2 49.832 9.676 48.266 9.062
42 5 2 49.732 9.676 48.166 9.062
43 5 2 49.614 9.694 48.048 9.080
44 5 2 49.368 9.722 47.820 9.089
45 5 2 49.168 9.694 48.030 9.098
46 5 2 49.113 9.722 47.792 9.126
47 5 2 49.086 9.722 47.482 9.107
48 5 2 49.068 9.713 47.519 9.107
49 5 2 48.968 9.722 47.419 9.116
50 5 2 48.868 9.713 47.318 9.107
51 5 2 48.767 9.722 47.218 9.116
52 5 2 48.667 9.712 47.118 9.107
53 5 2 48.549 9.722 46.999 9.116
54 5 2 48.449 9.712 46.899 9.106
55 5 2 48.130 9.795 46.743 9.152
56 5 2 48.011 9.767 46.734 9.143
57 5 2 47.966 9.740 46.515 9.134
58 5 2 48.020 9.740 46.488 9.134
59 5 2 47.920 9.749 46.387 9.143
60 5 2 47.820 9.758 46.287 9.152
61 5 2 47.701 9.749 46.168 9.143
62 5 2 47.601 9.758 46.067 9.152
63 5 2 47.482 9.767 45.949 9.161
64 5 2 47.382 9.776 45.848 9.170
65 5 2 47.263 9.767 45.729 9.161
66 5 2 47.163 9.776 45.629 9.170
67 5 2 46.688 9.758 45.181 9.179
68 5 2 46.706 9.767 45.181 9.169
69 5 2 46.597 9.831 45.044 9.151
70 5 2 46.579 9.785 45.053 9.188
71 5 2 46.432 9.794 44.687 9.169
72 5 2 46.259 9.776 44.549 9.178
73 5 2 46.177 9.767 44.458 9.151
74 5 2 46.085 9.812 44.330 9.105
75 5 2 45.994 9.822 44.229 9.169
76 5 2 46.067 9.739 44.540 9.141
77 5 2 45.957 9.739 44.430 9.141
78 5 2 45.848 9.721 44.321 9.123
79 5 2 45.738 9.739 44.211 9.141
80 5 2 45.628 9.720 44.101 9.123
81 5 2 45.519 9.720 43.991 9.123
82 5 2 45.409 9.702 43.881 9.104
83 5 2 45.299 9.684 43.771 9.086
84 5 2 45.171 9.684 43.643 9.086
85 5 2 45.080 9.665 43.551 9.067
86 5 2 44.952 9.647 43.423 9.049
87 5 2 44.860 9.647 43.331 9.049
88 5 2 44.732 9.647 43.203 9.049
89 5 2 44.622 9.628 43.093 9.030
90 5 2 44.512 9.610 42.983 9.012
91 5 2 44.384 9.610 42.854 9.012
92 5 2 44.256 9.591 42.726 8.993
93 5 2 44.164 9.573 42.634 8.975
94 5 2 44.036 9.573 42.506 8.974
95 5 2 43.926 9.554 42.396 8.956
96 5 2 43.816 9.518 42.286 8.919
97 5 2 43.706 9.499 42.175 8.901
98 5 2 43.596 9.499 42.065 8.901
99 5 2 43.468 9.481 41.937 8.882
100 5 2 43.340 9.462 41.808 8.863
101 5 2 43.248 9.462 41.716 8.863
102 5 2 43.101 9.444 41.569 8.845
103 5 2 42.991 9.407 41.459 8.808
104 5 2 42.863 9.388 41.331 8.789
105 5 2 42.771 9.388 41.239 8.789
106 5 2 42.643 9.370 41.110 8.771
107 5 2 42.533 9.351 41.000 8.752
108 5 2 42.404 9.333 40.871 8.734
109 5 2 42.276 9.296 40.742 8.697
110 5 2 42.166 9.278 40.632 8.678
111 5 2 41.780 9.323 40.412 8.586
112 5 2 41.872 9.250 40.347 8.650
113 5 2 41.753 9.231 40.227 8.632
114 5 2 41.431 9.240 39.868 8.659
115 5 2 41.330 9.240 39.712 8.613
116 5 2 41.220 9.222 39.703 8.631
117 5 2 41.036 9.249 39.463 8.603
118 5 2 40.962 9.249 39.427 8.530
119 5 2 40.723 9.267 39.289 8.530
120 5 2 40.548 9.231 39.206 8.520
121 5 2 40.622 9.166 39.104 8.585
122 5 2 40.457 9.175 39.077 8.474
123 5 2 40.512 9.111 39.021 8.529
124 5 2 40.181 9.166 38.662 8.529
125 5 2 39.978 9.129 38.478 8.501
126 5 2 39.978 9.110 38.431 8.501
127 5 2 39.831 9.101 38.164 8.491
128 5 2 39.720 9.083 38.164 8.491
129 5 2 39.601 9.119 38.099 8.491
130 5 2 39.435 9.073 37.841 8.454
131 5 2 39.481 9.055 37.546 8.472
132 5 2 39.269 9.036 37.546 8.445
133 5 2 39.370 9.036 37.878 8.454
134 5 2 39.251 9.036 37.758 8.454
135 5 2 39.113 9.018 37.620 8.436
136 5 2 38.993 9.018 37.500 8.435
137 5 2 38.873 9.017 37.380 8.435
138 5 2 38.753 8.999 37.260 8.417
139 5 2 38.467 8.989 36.918 8.361
140 5 2 38.421 8.962 36.881 8.342
141 5 2 38.394 8.943 36.900 8.361
142 5 2 38.052 8.961 36.558 8.370
143 5 2 38.062 8.952 36.567 8.370
144 5 2 37.942 8.952 36.447 8.370
145 5 2 37.646 8.961 36.096 8.342
146 5 2 37.628 8.943 36.132 8.360
147 5 2 37.508 8.943 36.012 8.360
148 5 2 37.388 8.942 35.892 8.360
149 5 2 37.249 8.942 35.753 8.360
150 5 2 37.037 8.988 35.402 8.359
151 5 2 36.907 9.016 35.309 8.294
153 5 2 36.741 8.942 35.244 8.359
154 5 2 36.603 8.942 35.105 8.359
155 5 2 36.482 8.942 34.985 8.359
156 5 2 36.344 8.942 34.846 8.358
157 5 2 36.223 8.941 34.726 8.358
158 5 2 36.057 8.941 34.448 8.367
159 5 2 36.002 8.941 34.503 8.367
160 5 2 35.881 8.950 34.383 8.376
161 5 2 35.761 8.960 34.262 8.385
162 5 2 35.622 8.969 34.123 8.395
163 5 2 35.502 8.978 34.003 8.404
164 5 2 35.363 8.987 33.864 8.413
165 5 2 35.187 9.107 33.558 8.412
166 5 2 34.918 9.088 33.455 8.449
167 5 2 34.955 9.153 33.372 8.449
168 5 2 34.687 9.088 33.214 8.458
169 5 2 34.659 9.097 33.093 8.495
171 5 2 34.585 9.042 33.112 8.467
172 5 2 34.455 9.051 32.982 8.476
173 5 2 34.344 9.042 32.871 8.467
174 5 2 34.214 9.069 32.741 8.495
175 5 2 34.066 9.078 32.592 8.504
176 5 2 33.936 9.087 32.462 8.513
178 5 2 33.695 9.124 32.220 8.550
179 5 2 33.546 9.133 32.072 8.559
180 5 2 33.435 9.142 31.960 8.568
181 5 2 33.305 9.152 31.830 8.577
182 5 2 32.739 9.123 31.384 8.530
183 5 2 32.804 9.114 31.337 8.539
184 5 2 32.683 9.123 31.216 8.548
185 5 2 32.367 9.271 31.002 8.650
186 5 2 32.422 9.318 30.750 8.752
187 5 2 32.413 9.225 30.955 8.650
188 5 2 32.283 9.234 30.825 8.659
189 5 2 32.050 9.382 30.527 8.733
190 5 2 32.023 9.336 30.564 8.761
191 5 2 31.892 9.345 30.434 8.770
193 5 2 31.557 9.447 29.828 8.834
194 5 2 31.604 9.354 30.145 8.779
195 5 2 31.492 9.363 30.033 8.788
196 5 2 31.344 9.354 29.884 8.779
197 5 2 31.213 9.382 29.753 8.806
198 5 2 31.064 9.391 29.604 8.815
199 5 2 30.934 9.400 29.474 8.825
200 5 2 30.804 9.409 29.343 8.834
201 5 2 30.655 9.418 29.194 8.843
202 5 2 30.524 9.427 29.063 8.852
203 5 2 29.984 9.446 28.475 8.907
204 5 2 30.133 9.501 28.363 8.898
205 5 2 30.021 9.520 28.242 8.916
206 5 2 29.947 9.436 28.485 8.870
207 5 2 29.816 9.436 28.354 8.870
208 5 2 29.704 9.585 27.812 8.897
209 5 2 29.676 9.446 28.214 8.879
210 5 2 29.546 9.445 28.083 8.879
211 5 2 29.415 9.445 27.952 8.879
212 5 2 29.285 9.445 27.822 8.879
213 5 2 28.800 9.473 27.317 8.860
214 5 2 29.014 9.556 27.120 8.980
215 5 2 28.725 9.538 27.055 8.859
216 5 2 28.781 9.427 27.317 8.860
217 5 2 28.650 9.426 27.186 8.860
218 5 2 28.520 9.426 27.055 8.859
219 5 2 28.389 9.426 26.924 8.859
220 5 2 28.240 9.426 26.775 8.859
221 5 2 28.109 9.426 26.644 8.859
222 5 2 27.978 9.426 26.513 8.859
223 5 2 27.847 9.426 26.382 8.859
224 5 2 27.698 9.426 26.232 8.859
225 5 2 27.567 9.426 26.101 8.859
152 5 2 36.861 8.942 35.365 8.359
170 5 2 34.538 9.079 33.149 8.430
177 5 2 33.825 9.097 32.350 8.522
192 5 2 31.762 9.354 30.303 8.779
0 6 1 26.812 11.162 26.131 10.512
1 6 1 26.830 11.181 26.122 10.503
2 6 1 26.858 11.171 26.150 10.493
3 6 1 26.896 11.162 26.187 10.484
4 6 1 26.924 11.153 26.216 10.475
5 6 1 26.943 11.153 26.234 10.475
6 6 1 26.971 11.153 26.262 10.475
7 6 1 27.149 10.948 26.318 10.540
8 6 1 27.121 10.995 26.337 10.503
9 6 1 27.149 10.985 26.365 10.493
10 6 1 27.168 10.985 26.384 10.493
11 6 1 27.196 10.985 26.412 10.493
12 6 1 27.233 10.985 26.449 10.493
13 6 1 27.271 10.985 26.487 10.493
14 6 1 27.299 10.985 26.515 10.493
15 6 1 27.327 10.985 26.543 10.493
16 6 1 27.374 10.985 26.590 10.493
17 6 1 27.402 10.985 26.618 10.493
18 6 1 27.439 10.995 26.655 10.503
19 6 1 27.476 10.995 26.693 10.503
20 6 1 27.504 10.995 26.721 10.503
21 6 1 27.533 10.995 26.749 10.503
22 6 1 27.776 10.948 26.767 10.549
23 6 1 27.682 10.976 26.842 10.512
24 6 1 27.710 10.976 26.871 10.512
25 6 1 27.748 10.976 26.908 10.512
26 6 1 27.757 10.948 26.870 10.521
27 6 1 27.673 10.957 26.964 10.530
28 6 1 27.692 10.967 26.983 10.521
29 6 1 27.692 10.976 27.001 10.530
30 6 1 27.738 10.967 26.955 10.521
31 6 1 27.766 10.967 26.983 10.521
32 6 1 27.785 10.976 27.001 10.530
33 6 1 27.813 10.985 27.029 10.540
34 6 1 27.850 10.976 27.067 10.530
35 6 1 27.878 10.985 27.095 10.540
36 6 1 27.897 10.976 27.114 10.530
37 6 1 27.934 10.976 27.151 10.530
38 6 1 27.963 10.976 27.179 10.530
39 6 1 28.009 10.976 27.226 10.530
40 6 1 28.037 10.966 27.254 10.521
41 6 1 28.075 10.957 27.291 10.512
42 6 1 28.112 10.957 27.329 10.512
43 6 1 28.149 10.957 27.366 10.512
44 6 1 28.177 10.957 27.394 10.512
45 6 1 28.206 10.957 27.422 10.512
46 6 1 28.243 10.957 27.460 10.512
47 6 1 28.271 10.957 27.488 10.512
48 6 1 28.290 10.957 27.506 10.512
49 6 1 28.308 10.957 27.525 10.512
50 6 1 28.336 10.957 27.553 10.512
51 6 1 28.364 10.966 27.581 10.521
52 6 1 28.392 10.966 27.609 10.521
53 6 1 28.420 10.966 27.637 10.521
54 6 1 28.439 10.976 27.656 10.530
56 6 1 28.430 10.966 27.647 10.521
57 6 1 28.458 10.976 27.675 10.530
58 6 1 28.486 10.994 27.703 10.549
59 6 1 28.532 11.003 27.749 10.558
60 6 1 28.551 11.003 27.768 10.558
61 6 1 28.588 11.013 27.805 10.567
62 6 1 28.625 11.031 27.843 10.586
63 6 1 28.663 11.050 27.880 10.605
64 6 1 28.691 11.059 27.908 10.614
65 6 1 28.737 11.059 27.955 10.614
66 6 1 28.765 11.068 27.983 10.623
67 6 1 28.803 11.087 28.020 10.642
68 6 1 28.840 11.096 28.057 10.651
69 6 1 28.868 11.105 28.085 10.660
70 6 1 28.887 11.115 28.104 10.669
71 6 1 28.915 11.115 28.132 10.669
72 6 1 28.952 11.124 28.169 10.679
74 6 1 28.943 11.077 28.160 10.632
75 6 1 28.971 11.077 28.188 10.632
76 6 1 29.008 11.077 28.225 10.632
77 6 1 29.036 11.077 28.254 10.632
78 6 1 29.055 11.077 28.272 10.632
79 6 1 29.092 11.068 28.310 10.623
80 6 1 29.129 11.068 28.347 10.623
81 6 1 29.157 11.059 28.375 10.614
82 6 1 29.204 11.040 28.422 10.595
83 6 1 29.232 11.022 28.450 10.577
84 6 1 29.279 11.012 28.497 10.567
85 6 1 29.307 11.003 28.525 10.558
86 6 1 29.605 11.003 28.796 10.502
87 6 1 29.587 10.975 28.805 10.521
88 6 1 29.624 10.957 28.842 10.502
89 6 1 29.652 10.947 28.870 10.493
90 6 1 29.680 10.929 28.898 10.475
91 6 1 29.718 10.919 28.936 10.465
92 6 1 29.746 10.910 28.964 10.456
93 6 1 29.774 10.901 28.992 10.447
94 6 1 29.811 10.892 29.029 10.437
95 6 1 29.839 10.873 29.057 10.419
96 6 1 29.867 10.864 29.085 10.410
97 6 1 29.904 10.855 29.123 10.400
98 6 1 29.942 10.845 29.160 10.391
99 6 1 29.970 10.836 29.188 10.382
100 6 1 29.998 10.827 29.216 10.372
101 6 1 30.044 10.817 29.263 10.363
102 6 1 30.072 10.808 29.291 10.354
103 6 1 30.119 10.799 29.337 10.345
104 6 1 30.147 10.790 29.365 10.335
105 6 1 30.193 10.790 29.412 10.335
106 6 1 30.221 10.780 29.440 10.326
107 6 1 30.268 10.771 29.487 10.317
108 6 1 30.296 10.762 29.515 10.308
109 6 1 30.343 10.762 29.561 10.308
110 6 1 30.371 10.752 29.589 10.298
111 6 1 30.408 10.743 29.627 10.289
112 6 1 30.445 10.743 29.664 10.289
113 6 1 30.482 10.734 29.701 10.280
114 6 1 30.510 10.725 29.729 10.270
115 6 1 30.538 10.725 29.757 10.270
116 6 1 30.576 10.715 29.795 10.261
117 6 1 30.604 10.706 29.823 10.252
118 6 1 30.632 10.697 29.851 10.243
119 6 1 30.669 10.697 29.888 10.243
120 6 1 30.697 10.687 29.916 10.233
121 6 1 30.725 10.678 29.944 10.224
122 6 1 30.762 10.669 29.981 10.215
123 6 1 30.799 10.660 30.018 10.206
124 6 1 30.837 10.650 30.056 10.196
125 6 1 30.874 10.632 30.093 10.178
126 6 1 30.911 10.623 30.130 10.169
127 6 1 30.948 10.613 30.168 10.159
128 6 1 30.995 10.595 30.214 10.141
129 6 1 31.051 10.576 30.270 10.122
131 6 1 31.125 10.604 30.326 10.169
132 6 1 31.293 10.632 30.326 10.094
133 6 1 31.293 10.632 30.382 10.104
134 6 1 31.321 10.623 30.447 10.094
135 6 1 31.293 10.613 30.485 10.094
136 6 1 31.293 10.576 30.513 10.076
137 6 1 31.284 10.548 30.503 10.104
138 6 1 31.321 10.539 30.541 10.094
139 6 1 31.349 10.530 30.569 10.085
140 6 1 31.377 10.530 30.596 10.085
141 6 1 31.423 10.530 30.643 10.085
142 6 1 31.451 10.530 30.671 10.085
143 6 1 31.498 10.521 30.718 10.076
144 6 1 31.526 10.511 30.746 10.067
145 6 1 31.572 10.521 30.792 10.076
146 6 1 31.609 10.511 30.829 10.067
147 6 1 31.647 10.521 30.867 10.076
148 6 1 31.693 10.521 30.913 10.076
149 6 1 31.749 10.521 30.969 10.076
150 6 1 31.786 10.521 31.006 10.076
151 6 1 31.823 10.521 31.043 10.076
153 6 1 31.898 10.521 31.118 10.076
154 6 1 31.935 10.530 31.155 10.085
155 6 1 31.972 10.539 31.192 10.095
156 6 1 32.000 10.530 31.220 10.085
157 6 1 32.019 10.539 31.239 10.095
158 6 1 32.047 10.530 31.267 10.085
159 6 1 32.084 10.539 31.304 10.095
160 6 1 32.121 10.530 31.341 10.085
161 6 1 32.149 10.539 31.369 10.095
162 6 1 32.177 10.530 31.397 10.085
163 6 1 32.223 10.539 31.443 10.095
164 6 1 32.251 10.530 31.471 10.085
165 6 1 32.297 10.530 31.518 10.085
166 6 1 32.335 10.530 31.555 10.085
167 6 1 32.372 10.521 31.592 10.076
168 6 1 32.400 10.521 31.620 10.085
171 6 1 32.428 10.502 31.648 10.067
172 6 1 32.474 10.502 31.695 10.067
173 6 1 32.642 10.428 31.862 9.956
174 6 1 32.827 10.641 31.723 10.048
175 6 1 32.632 10.437 31.853 10.002
176 6 1 32.660 10.437 31.881 10.002
178 6 1 32.734 10.437 31.955 10.002
179 6 1 32.772 10.437 31.992 10.002
180 6 1 32.873 10.585 32.076 9.937
181 6 1 32.957 10.557 32.095 9.993
182 6 1 33.041 10.557 32.132 9.956
183 6 1 33.124 10.650 32.132 9.947
184 6 1 33.143 10.520 31.769 10.076
185 6 1 32.948 10.456 32.169 10.021
186 6 1 32.985 10.465 32.206 10.030
187 6 1 33.022 10.474 32.243 10.039
188 6 1 33.050 10.483 32.271 10.048
189 6 1 33.097 10.493 32.318 10.058
190 6 1 33.124 10.502 32.345 10.067
191 6 1 33.171 10.511 32.392 10.076
193 6 1 33.236 10.530 32.457 10.095
194 6 1 33.273 10.530 32.494 10.095
195 6 1 33.301 10.539 32.522 10.104
196 6 1 33.328 10.548 32.550 10.113
197 6 1 33.412 10.650 32.735 10.160
198 6 1 33.449 10.613 32.680 10.178
199 6 1 33.440 10.641 32.875 10.132
200 6 1 33.532 10.613 32.884 10.169
201 6 1 33.505 10.622 32.893 10.160
202 6 1 33.570 10.604 32.828 10.169
203 6 1 33.607 10.604 32.865 10.169
204 6 1 33.635 10.604 32.893 10.169
205 6 1 33.662 10.604 32.921 10.169
206 6 1 33.709 10.594 32.968 10.160
207 6 1 33.746 10.594 33.005 10.160
208 6 1 33.727 10.631 32.995 10.169
209 6 1 33.727 10.613 32.995 10.178
210 6 1 33.764 10.604 33.033 10.169
211 6 1 33.802 10.594 33.070 10.160
212 6 1 34.145 10.604 33.116 10.178
213 6 1 34.033 10.604 33.181 10.169
214 6 1 33.959 10.594 33.227 10.160
215 6 1 33.996 10.585 33.265 10.150
216 6 1 34.024 10.576 33.293 10.141
217 6 1 34.052 10.567 33.320 10.132
218 6 1 34.237 10.613 33.423 10.039
219 6 1 34.219 10.576 33.460 10.086
220 6 1 34.265 10.548 33.599 10.039
221 6 1 34.302 10.594 33.543 10.039
222 6 1 34.321 10.585 33.599 10.021
223 6 1 34.414 10.613 33.692 10.012
224 6 1 34.405 10.530 33.682 10.095
225 6 1 34.516 10.622 33.729 10.049
152 6 1 31.861 10.521 31.081 10.076
170 6 1 32.390 10.511 31.611 10.076
177 6 1 32.707 10.437 31.927 10.002
192 6 1 33.199 10.520 32.420 10.086
0 9 1 26.705 12.017 25.987 11.339
1 9 1 26.724 12.035 25.978 11.330
2 9 1 26.752 12.035 26.006 11.330
3 9 1 26.780 12.026 26.034 11.320
4 9 1 26.817 12.026 26.071 11.320
5 9 1 26.855 12.026 26.109 11.320
6 9 1 26.892 12.026 26.146 11.320
7 9 1 26.930 12.035 26.184 11.330
8 9 1 26.967 12.054 26.221 11.348
9 9 1 27.004 12.063 26.258 11.357
10 9 1 27.042 12.063 26.296 11.357
11 9 1 27.079 12.063 26.333 11.357
12 9 1 27.117 12.063 26.371 11.357
13 9 1 27.145 12.063 26.399 11.357
14 9 1 27.173 12.072 26.427 11.367
15 9 1 27.210 12.081 26.464 11.376
16 9 1 27.229 12.063 26.483 11.357
17 9 1 27.266 12.063 26.521 11.357
18 9 1 27.285 12.053 26.539 11.348
19 9 1 27.322 12.053 26.577 11.348
20 9 1 27.350 12.044 26.605 11.339
21 9 1 27.379 12.026 26.633 11.320
22 9 1 27.416 12.007 26.671 11.301
23 9 1 27.444 11.988 26.699 11.283
24 9 1 27.463 11.970 26.718 11.264
25 9 1 27.491 11.942 26.746 11.236
26 9 1 27.529 11.932 26.783 11.227
27 9 1 27.557 11.905 26.811 11.199
28 9 1 27.585 11.895 26.840 11.190
29 9 1 27.613 11.867 26.868 11.162
30 9 1 27.632 11.858 26.887 11.153
31 9 1 27.660 11.839 26.915 11.134
32 9 1 27.697 11.830 26.952 11.125
33 9 1 27.725 11.830 26.980 11.125
34 9 1 27.744 11.821 26.999 11.115
35 9 1 27.772 11.802 27.027 11.097
36 9 1 27.810 11.802 27.065 11.097
37 9 1 27.838 11.793 27.093 11.088
38 9 1 27.866 11.802 27.121 11.097
39 9 1 27.912 11.793 27.167 11.088
40 9 1 27.941 11.793 27.195 11.088
41 9 1 27.987 11.793 27.242 11.088
42 9 1 28.015 11.793 27.270 11.087
43 9 1 28.071 11.802 27.326 11.097
44 9 1 28.109 11.793 27.364 11.087
45 9 1 28.146 11.802 27.401 11.097
46 9 1 28.183 11.802 27.439 11.097
47 9 1 28.221 11.802 27.476 11.097
48 9 1 28.258 11.802 27.513 11.097
49 9 1 28.286 11.802 27.541 11.097
50 9 1 28.305 11.802 27.560 11.097
51 9 1 28.342 11.802 27.598 11.097
52 9 1 28.370 11.802 27.626 11.097
53 9 1 28.408 11.802 27.663 11.097
54 9 1 28.436 11.792 27.691 11.087
55 9 1 28.454 11.802 27.710 11.097
56 9 1 28.482 11.792 27.738 11.087
57 9 1 28.529 11.792 27.785 11.087
58 9 1 28.548 11.792 27.803 11.087
59 9 1 28.585 11.783 27.841 11.078
60 9 1 28.613 11.774 27.869 11.069
61 9 1 28.660 11.774 27.915 11.069
62 9 1 28.679 11.764 27.934 11.059
63 9 1 28.716 11.755 27.972 11.050
64 9 1 28.744 11.755 28.000 11.050
65 9 1 28.791 11.755 28.046 11.050
66 9 1 28.809 11.746 28.065 11.041
67 9 1 28.837 11.736 28.093 11.031
68 9 1 28.875 11.746 28.130 11.041
69 9 1 28.912 11.746 28.168 11.041
70 9 1 28.940 11.746 28.196 11.041
71 9 1 28.968 11.745 28.224 11.041
72 9 1 29.005 11.745 28.261 11.041
73 9 1 29.033 11.755 28.289 11.050
74 9 1 29.061 11.764 28.317 11.059
75 9 1 29.099 11.764 28.355 11.059
76 9 1 29.136 11.773 28.392 11.068
77 9 1 29.173 11.782 28.429 11.078
78 9 1 29.211 11.792 28.467 11.087
79 9 1 29.257 11.810 28.513 11.105
80 9 1 29.285 11.819 28.541 11.115
81 9 1 29.332 11.819 28.588 11.115
82 9 1 29.360 11.829 28.616 11.124
83 9 1 29.406 11.838 28.662 11.133
84 9 1 29.434 11.838 28.690 11.133
85 9 1 29.472 11.847 28.728 11.143
86 9 1 29.500 11.856 28.756 11.152
87 9 1 29.528 11.856 28.784 11.152
88 9 1 29.565 11.856 28.821 11.152
89 9 1 29.602 11.856 28.858 11.152
90 9 1 29.630 11.856 28.886 11.152
91 9 1 29.649 11.856 28.905 11.152
92 9 1 29.686 11.847 28.942 11.142
93 9 1 29.723 11.847 28.980 11.142
94 9 1 29.751 11.847 29.008 11.142
95 9 1 29.798 11.838 29.054 11.133
96 9 1 29.826 11.819 29.083 11.115
97 9 1 29.873 11.810 29.129 11.105
98 9 1 29.901 11.810 29.157 11.105
99 9 1 29.947 11.800 29.204 11.096
100 9 1 29.966 11.782 29.223 11.077
101 9 1 29.994 11.772 29.251 11.068
102 9 1 30.031 11.772 29.288 11.068
103 9 1 30.069 11.772 29.325 11.068
104 9 1 30.097 11.763 29.353 11.059
105 9 1 30.125 11.754 29.381 11.049
106 9 1 30.162 11.763 29.419 11.059
107 9 1 30.190 11.754 29.447 11.049
108 9 1 30.208 11.763 29.465 11.059
109 9 1 30.236 11.763 29.493 11.059
110 9 1 30.274 11.763 29.531 11.059
111 9 1 30.302 11.772 29.558 11.068
112 9 1 30.330 11.791 29.586 11.086
113 9 1 30.367 11.800 29.624 11.096
114 9 1 30.404 11.800 29.661 11.096
115 9 1 30.441 11.818 29.698 11.114
116 9 1 30.478 11.837 29.735 11.133
117 9 1 30.516 11.855 29.773 11.151
118 9 1 30.544 11.874 29.801 11.170
119 9 1 30.571 11.883 29.828 11.179
120 9 1 30.618 11.902 29.884 11.207
122 9 1 30.609 11.892 29.875 11.198
123 9 1 30.637 11.902 29.903 11.207
124 9 1 30.655 11.911 29.922 11.216
125 9 1 30.683 11.920 29.949 11.225
126 9 1 30.711 11.929 29.977 11.235
127 9 1 30.739 11.939 30.005 11.244
128 9 1 30.776 11.948 30.043 11.253
129 9 1 30.813 11.957 30.080 11.262
130 9 1 30.841 11.957 30.108 11.262
131 9 1 30.869 11.966 30.136 11.272
132 9 1 30.906 11.966 30.173 11.272
133 9 1 30.934 11.976 30.201 11.281
134 9 1 30.972 11.976 30.238 11.281
135 9 1 31.009 11.975 30.275 11.281
136 9 1 31.046 11.975 30.313 11.281
137 9 1 31.083 11.975 30.350 11.281
138 9 1 31.121 11.985 30.387 11.290
139 9 1 31.158 11.985 30.425 11.290
140 9 1 31.186 11.985 30.452 11.290
141 9 1 31.223 11.994 30.490 11.299
142 9 1 31.260 11.994 30.527 11.299
143 9 1 31.288 12.003 30.555 11.308
144 9 1 31.316 12.012 30.583 11.318
145 9 1 31.362 12.021 30.629 11.327
147 9 1 31.353 12.012 30.620 11.318
148 9 1 31.390 12.021 30.657 11.327
149 9 1 31.418 12.040 30.685 11.345
150 9 1 31.455 12.049 30.722 11.355
151 9 1 31.493 12.058 30.760 11.364
153 9 1 31.567 12.095 30.834 11.401
154 9 1 31.604 12.114 30.871 11.419
155 9 1 31.641 12.132 30.908 11.438
156 9 1 31.678 12.142 30.946 11.447
157 9 1 31.716 12.160 30.983 11.466
158 9 1 31.743 12.169 31.011 11.475
159 9 1 31.790 12.179 31.057 11.484
160 9 1 31.809 12.188 31.076 11.493
161 9 1 31.846 12.188 31.113 11.493
162 9 1 31.883 12.197 31.159 11.503
164 9 1 31.874 12.188 31.150 11.493
165 9 1 31.902 12.188 31.178 11.493
166 9 1 31.948 12.178 31.225 11.484
167 9 1 31.976 12.169 31.253 11.475
168 9 1 32.013 12.160 31.290 11.466
169 9 1 32.050 12.150 31.327 11.456
171 9 1 32.125 12.123 31.402 11.428
172 9 1 32.172 12.104 31.448 11.410
173 9 1 32.199 12.085 31.476 11.391
174 9 1 32.246 12.067 31.523 11.373
175 9 1 32.293 12.058 31.569 11.363
178 9 1 32.320 12.039 31.597 11.345
179 9 1 32.646 12.085 31.923 11.363
180 9 1 32.636 12.066 31.914 11.372
181 9 1 32.674 12.057 31.951 11.363
182 9 1 32.711 12.048 31.988 11.354
183 9 1 32.739 12.048 32.016 11.354
184 9 1 32.785 12.039 32.062 11.345
185 9 1 32.822 12.038 32.100 11.345
186 9 1 32.860 12.038 32.137 11.345
187 9 1 32.897 12.038 32.174 11.345
188 9 1 32.934 12.038 32.211 11.345
189 9 1 32.971 12.038 32.248 11.345
190 9 1 33.008 12.038 32.286 11.344
191 9 1 33.045 12.038 32.323 11.344
193 9 1 33.110 12.029 32.388 11.335
194 9 1 33.148 12.020 32.425 11.326
195 9 1 33.083 11.927 32.416 11.261
197 9 1 33.101 11.936 32.388 11.252
198 9 1 33.129 11.927 32.416 11.243
199 9 1 33.157 11.918 32.444 11.233
200 9 1 33.185 11.899 32.472 11.215
201 9 1 33.213 11.881 32.500 11.196
202 9 1 33.241 11.862 32.528 11.178
203 9 1 33.269 11.844 32.556 11.159
204 9 1 33.306 11.825 32.593 11.141
205 9 1 33.334 11.797 32.621 11.113
206 9 1 33.371 11.779 32.658 11.094
207 9 1 33.399 11.751 32.686 11.067
208 9 1 33.436 11.723 32.723 11.039
209 9 1 33.464 11.705 32.751 11.020
210 9 1 33.492 11.686 32.779 11.002
211 9 1 33.520 11.668 32.807 10.983
212 9 1 33.548 11.640 32.835 10.955
213 9 1 33.529 11.677 33.049 10.974
214 9 1 33.631 11.658 32.937 10.974
215 9 1 33.659 11.640 32.965 10.955
216 9 1 33.687 11.621 32.993 10.937
217 9 1 33.715 11.612 33.021 10.928
218 9 1 33.743 11.603 33.049 10.918
219 9 1 33.780 11.584 33.086 10.900
220 9 1 33.808 11.575 33.114 10.891
221 9 1 33.845 11.566 33.151 10.881
222 9 1 33.882 11.556 33.188 10.872
223 9 1 33.919 11.556 33.225 10.872
224 9 1 33.956 11.547 33.262 10.863
225 9 1 34.003 11.538 33.309 10.853
152 9 1 31.530 12.077 30.797 11.382
170 9 1 32.088 12.132 31.364 11.438
177 9 1 32.283 12.048 31.560 11.354
192 9 1 33.082 12.038 32.360 11.344
0 10 1 29.351 9.269 28.354 8.749
1 10 1 29.453 9.353 28.383 8.666
2 10 1 29.416 9.362 28.476 8.731
3 10 1 29.444 9.371 28.439 8.722
4 10 1 29.434 9.436 28.513 8.740
5 10 1 29.462 9.408 28.485 8.749
6 10 1 29.294 9.492 28.466 8.740
7 10 1 29.359 9.445 28.420 8.768
8 10 1 29.397 9.445 28.457 8.768
9 10 1 29.434 9.464 28.494 8.787
10 10 1 29.611 9.436 28.709 8.870
11 10 1 29.611 9.473 28.681 8.824
12 10 1 29.658 9.483 28.727 8.833
13 10 1 29.686 9.492 28.755 8.842
14 10 1 29.732 9.501 28.802 8.852
15 10 1 29.760 9.510 28.830 8.861
16 10 1 29.807 9.520 28.877 8.870
17 10 1 29.835 9.529 28.905 8.880
18 10 1 29.984 9.492 29.016 8.935
19 10 1 29.993 9.455 29.063 8.954
20 10 1 29.984 9.455 29.063 8.945
21 10 1 29.984 9.492 29.063 8.898
22 10 1 29.890 9.529 29.203 8.954
23 10 1 29.918 9.557 29.259 8.917
24 10 1 29.909 9.603 29.203 8.861
25 10 1 29.974 9.585 29.287 8.926
26 10 1 29.965 9.622 29.352 8.908
27 10 1 30.067 9.659 29.380 8.880
28 10 1 30.160 9.659 29.408 8.862
29 10 1 30.170 9.566 29.380 8.954
30 10 1 30.207 9.576 29.417 8.963
31 10 1 30.244 9.603 29.454 8.991
32 10 1 30.281 9.613 29.492 9.001
33 10 1 30.319 9.631 29.529 9.019
34 10 1 30.356 9.650 29.566 9.038
35 10 1 30.393 9.668 29.603 9.056
36 10 1 30.430 9.687 29.640 9.075
37 10 1 30.551 9.678 29.631 9.084
38 10 1 30.486 9.678 29.696 9.075
39 10 1 30.523 9.687 29.734 9.084
40 10 1 30.551 9.696 29.762 9.093
41 10 1 30.589 9.705 29.799 9.103
42 10 1 30.616 9.715 29.827 9.112
43 10 1 30.654 9.724 29.864 9.121
44 10 1 30.691 9.733 29.901 9.131
45 10 1 30.719 9.743 29.929 9.140
46 10 1 30.756 9.752 29.966 9.149
47 10 1 30.793 9.761 30.004 9.159
48 10 1 30.840 9.761 30.050 9.159
49 10 1 30.877 9.770 30.087 9.168
50 10 1 30.923 9.780 30.134 9.177
51 10 1 30.961 9.780 30.171 9.177
52 10 1 31.007 9.789 30.218 9.186
53 10 1 31.044 9.798 30.255 9.196
54 10 1 31.082 9.798 30.292 9.196
55 10 1 31.119 9.807 30.330 9.205
56 10 1 31.156 9.817 30.367 9.214
57 10 1 31.193 9.826 30.404 9.224
58 10 1 31.230 9.835 30.441 9.233
59 10 1 31.268 9.845 30.478 9.242
60 10 1 31.305 9.854 30.516 9.251
61 10 1 31.333 9.863 30.544 9.261
62 10 1 31.370 9.872 30.581 9.270
63 10 1 31.407 9.891 30.618 9.289
64 10 1 31.453 9.900 30.664 9.298
65 10 1 31.491 9.909 30.702 9.307
66 10 1 31.528 9.919 30.739 9.316
67 10 1 31.574 9.928 30.785 9.326
68 10 1 31.611 9.937 30.823 9.335
69 10 1 31.649 9.947 30.860 9.344
70 10 1 31.695 9.956 30.906 9.354
71 10 1 31.732 9.974 30.943 9.372
72 10 1 31.769 9.974 30.981 9.372
73 10 1 31.816 9.984 31.027 9.381
74 10 1 31.853 9.993 31.064 9.391
75 10 1 31.890 9.993 31.102 9.391
76 10 1 31.918 10.002 31.129 9.400
77 10 1 31.955 10.002 31.167 9.400
78 10 1 31.992 10.002 31.204 9.400
79 10 1 32.030 10.002 31.241 9.400
80 10 1 32.067 10.011 31.278 9.409
81 10 1 32.113 10.011 31.325 9.409
82 10 1 32.150 10.011 31.362 9.409
83 10 1 32.197 10.011 31.409 9.409
84 10 1 32.234 10.011 31.446 9.409
85 10 1 32.281 10.011 31.492 9.410
86 10 1 32.327 10.011 31.539 9.410
87 10 1 32.374 10.002 31.585 9.400
88 10 1 32.420 10.002 31.632 9.400
89 10 1 32.466 9.993 31.678 9.391
90 10 1 32.504 9.993 31.716 9.391
91 10 1 32.541 9.993 31.753 9.391
92 10 1 32.587 9.984 31.799 9.382
93 10 1 32.624 9.984 31.836 9.382
94 10 1 32.662 9.984 31.874 9.382
95 10 1 32.699 9.984 31.911 9.382
96 10 1 32.736 9.984 31.948 9.382
97 10 1 32.782 9.984 31.994 9.382
98 10 1 32.819 9.984 32.032 9.382
100 10 1 32.810 9.975 32.022 9.373
101 10 1 32.847 9.975 32.060 9.373
102 10 1 32.885 9.984 32.097 9.382
103 10 1 32.931 9.984 32.143 9.382
104 10 1 32.977 9.993 32.190 9.391
105 10 1 33.227 10.169 32.273 9.354
106 10 1 33.135 10.058 32.347 9.456
107 10 1 33.255 10.160 32.375 9.438
108 10 1 33.228 10.113 32.524 9.484
109 10 1 33.274 10.224 32.459 9.382
110 10 1 33.357 10.197 32.552 9.429
111 10 1 33.311 10.206 32.580 9.419
112 10 1 33.330 10.113 32.561 9.512
113 10 1 33.367 10.113 32.598 9.512
114 10 1 33.339 10.160 32.812 9.457
115 10 1 33.450 10.104 32.691 9.503
116 10 1 33.552 10.261 32.794 9.272
117 10 1 33.747 10.187 32.830 9.447
118 10 1 33.849 10.169 32.895 9.494
119 10 1 33.747 10.123 32.988 9.521
120 10 1 33.784 10.178 32.960 9.457
121 10 1 33.664 10.113 33.007 9.521
122 10 1 33.710 10.113 32.960 9.521
123 10 1 33.757 10.113 33.007 9.521
124 10 1 33.868 10.141 32.988 9.512
125 10 1 33.821 10.132 33.072 9.558
126 10 1 33.905 10.243 33.183 9.512
127 10 1 33.905 10.160 33.164 9.577
128 10 1 33.895 10.197 33.322 9.595
129 10 1 33.868 10.224 33.350 9.531
130 10 1 33.970 10.169 33.248 9.586
131 10 1 34.007 10.197 33.424 9.531
132 10 1 34.063 10.150 33.350 9.568
133 10 1 34.100 10.160 33.387 9.577
134 10 1 34.137 10.169 33.424 9.586
135 10 1 34.433 10.298 33.591 9.531
136 10 1 34.350 10.197 33.637 9.614
137 10 1 34.544 10.326 33.638 9.531
138 10 1 34.637 10.197 33.545 9.660
139 10 1 34.526 10.335 33.600 9.623
140 10 1 34.554 10.289 33.656 9.623
141 10 1 34.655 10.280 33.535 9.660
142 10 1 34.581 10.363 33.675 9.605
143 10 1 34.590 10.326 33.739 9.623
144 10 1 34.572 10.335 33.786 9.660
145 10 1 34.590 10.391 33.832 9.633
146 10 1 34.618 10.345 33.934 9.633
147 10 1 34.609 10.298 34.008 9.697
148 10 1 34.655 10.280 33.962 9.697
149 10 1 34.729 10.400 34.064 9.633
150 10 1 34.813 10.335 34.064 9.716
151 10 1 35.017 10.382 34.184 9.679
153 10 1 34.924 10.308 34.240 9.725
154 10 1 35.202 10.354 34.129 9.698
155 10 1 35.072 10.354 34.231 9.688
156 10 1 34.989 10.308 34.305 9.725
157 10 1 35.202 10.354 34.212 9.762
158 10 1 35.174 10.298 34.175 9.781
159 10 1 35.304 10.372 34.203 9.707
160 10 1 35.220 10.409 34.277 9.707
161 10 1 35.183 10.492 34.416 9.688
162 10 1 35.183 10.446 34.509 9.670
163 10 1 35.211 10.474 34.592 9.661
164 10 1 35.201 10.529 34.629 9.725
165 10 1 35.248 10.465 34.703 9.762
166 10 1 35.451 10.557 34.639 9.670
167 10 1 35.414 10.659 34.667 9.652
168 10 1 35.488 10.650 34.676 9.689
169 10 1 35.267 10.372 34.601 9.790
171 10 1 35.757 10.613 34.824 9.689
172 10 1 35.794 10.576 34.870 9.772
173 10 1 35.831 10.576 34.796 9.836
174 10 1 35.868 10.520 34.842 9.901
175 10 1 35.840 10.520 34.870 9.901
176 10 1 35.868 10.539 34.962 9.947
178 10 1 35.600 10.391 34.944 9.809
179 10 1 35.961 10.502 35.268 9.938
180 10 1 36.025 10.631 35.305 9.790
181 10 1 35.877 10.594 35.333 9.910
182 10 1 36.062 10.640 35.342 9.818
183 10 1 36.062 10.612 35.324 9.837
184 10 1 36.090 10.631 35.360 9.938
185 10 1 36.182 10.649 35.370 9.984
186 10 1 36.284 10.668 35.407 10.003
187 10 1 36.210 10.576 35.545 9.984
188 10 1 36.450 10.668 35.425 9.984
189 10 1 36.395 10.714 35.434 9.966
190 10 1 36.330 10.696 35.453 9.957
191 10 1 36.321 10.668 35.471 9.966
193 10 1 36.413 10.677 35.564 9.966
194 10 1 36.136 10.511 35.490 9.938
195 10 1 36.183 10.511 35.536 9.938
196 10 1 36.654 10.622 35.943 10.058
198 10 1 36.561 10.686 36.082 9.938
199 10 1 36.653 10.852 36.138 9.892
200 10 1 36.774 10.834 36.055 9.837
201 10 1 36.792 10.788 35.990 9.938
202 10 1 36.571 10.585 35.925 10.021
203 10 1 36.599 10.585 35.953 10.021
204 10 1 36.654 10.594 36.008 10.031
205 10 1 37.042 10.603 36.350 9.985
206 10 1 37.033 10.769 36.073 9.994
207 10 1 37.079 10.760 36.175 10.031
208 10 1 37.070 10.751 36.165 10.040
209 10 1 37.107 10.732 36.295 10.031
210 10 1 37.134 10.751 36.360 10.003
211 10 1 37.134 10.760 36.424 10.003
212 10 1 36.950 10.520 36.304 9.957
213 10 1 37.291 10.695 36.665 10.059
214 10 1 37.282 10.852 36.628 9.957
215 10 1 37.374 10.797 36.683 9.957
216 10 1 37.245 10.760 36.739 10.040
217 10 1 37.467 10.815 36.702 9.939
218 10 1 37.531 10.778 36.656 9.939
219 10 1 37.245 10.603 36.609 10.040
220 10 1 37.642 10.788 36.721 9.791
221 10 1 37.264 10.594 36.628 10.031
222 10 1 37.292 10.594 36.655 10.031
223 10 1 37.642 10.861 36.702 9.920
224 10 1 37.319 10.575 36.683 10.012
225 10 1 37.366 10.575 36.729 10.012
152 10 1 35.137 10.308 34.129 9.753
170 10 1 35.590 10.492 34.962 9.827
177 10 1 35.544 10.391 34.888 9.809
192 10 1 36.367 10.659 35.471 9.984
0 11 1 28.432 10.484 27.566 9.741
1 11 1 28.459 10.502 27.556 9.732
2 11 1 28.385 10.512 27.650 9.621
3 11 1 28.394 10.502 27.641 9.630
4 11 1 28.431 10.512 27.678 9.639
5 11 1 28.469 10.502 27.716 9.630
6 11 1 28.506 10.512 27.753 9.639
7 11 1 28.543 10.521 27.790 9.649
8 11 1 28.581 10.530 27.828 9.658
9 11 1 28.618 10.521 27.865 9.649
10 11 1 28.655 10.530 27.902 9.658
11 11 1 28.693 10.539 27.940 9.667
12 11 1 28.730 10.549 27.977 9.677
13 11 1 28.767 10.539 28.015 9.667
14 11 1 28.823 10.549 28.071 9.677
15 11 1 28.879 10.539 28.127 9.667
16 11 1 28.898 10.549 28.145 9.677
17 11 1 28.954 10.539 28.201 9.667
18 11 1 28.973 10.549 28.220 9.677
19 11 1 29.029 10.558 28.276 9.686
20 11 1 29.047 10.567 28.295 9.695
21 11 1 29.085 10.577 28.332 9.705
22 11 1 29.122 10.586 28.369 9.714
23 11 1 29.159 10.577 28.407 9.705
24 11 1 29.196 10.604 28.444 9.732
25 11 1 29.234 10.595 28.481 9.723
26 11 1 29.271 10.604 28.519 9.732
27 11 1 29.308 10.614 28.556 9.742
28 11 1 29.346 10.623 28.593 9.751
29 11 1 29.383 10.632 28.630 9.760
30 11 1 29.420 10.641 28.668 9.770
31 11 1 29.476 10.651 28.724 9.779
32 11 1 29.495 10.678 28.742 9.807
33 11 1 29.551 10.688 28.798 9.816
34 11 1 29.709 10.697 28.788 9.983
35 11 1 29.634 10.753 28.844 9.918
36 11 1 29.700 10.725 28.938 9.992
37 11 1 29.690 10.817 28.984 9.964
38 11 1 29.718 10.827 29.068 9.918
39 11 1 29.718 10.817 29.050 9.946
40 11 1 29.783 10.882 29.134 9.937
41 11 1 29.811 10.817 29.087 9.983
42 11 1 29.839 10.827 29.115 9.992
43 11 1 29.886 10.817 29.161 9.983
44 11 1 29.932 10.827 29.208 9.992
45 11 1 29.979 10.817 29.255 9.983
46 11 1 30.007 10.827 29.283 9.992
47 11 1 30.053 10.817 29.329 9.983
48 11 1 29.951 10.873 29.367 9.992
49 11 1 30.016 10.845 29.311 10.011
50 11 1 30.063 10.836 29.357 10.002
51 11 1 30.091 10.845 29.385 10.011
52 11 1 30.137 10.836 29.432 10.002
53 11 1 30.165 10.845 29.460 10.011
54 11 1 30.212 10.836 29.506 10.002
55 11 1 30.240 10.845 29.534 10.011
56 11 1 30.268 10.836 29.562 10.002
57 11 1 30.296 10.845 29.590 10.011
58 11 1 30.342 10.854 29.637 10.020
59 11 1 30.370 10.864 29.665 10.029
60 11 1 30.417 10.854 29.712 10.020
61 11 1 30.445 10.864 29.739 10.029
62 11 1 30.473 10.873 29.767 10.039
63 11 1 30.500 10.882 29.795 10.048
64 11 1 30.547 10.873 29.842 10.039
65 11 1 30.575 10.882 29.870 10.048
66 11 1 30.622 10.891 29.916 10.057
67 11 1 30.846 10.734 29.982 9.983
68 11 1 30.762 10.780 30.047 9.955
69 11 1 30.985 10.762 30.047 9.983
70 11 1 31.041 10.762 30.140 9.983
71 11 1 31.041 10.743 30.178 9.992
72 11 1 31.078 10.752 30.234 9.974
73 11 1 31.106 10.752 30.261 9.993
74 11 1 31.050 10.762 30.317 9.983
75 11 1 31.088 10.771 30.355 9.993
76 11 1 31.125 10.762 30.392 9.983
77 11 1 31.162 10.752 30.429 9.974
78 11 1 31.199 10.761 30.466 9.983
79 11 1 31.237 10.752 30.504 9.974
80 11 1 31.274 10.761 30.541 9.983
81 11 1 31.311 10.734 30.578 9.956
82 11 1 31.348 10.743 30.616 9.965
83 11 1 31.385 10.734 30.653 9.956
84 11 1 31.423 10.724 30.690 9.946
85 11 1 31.460 10.715 30.727 9.937
86 11 1 31.497 10.724 30.765 9.946
87 11 1 31.553 10.715 30.820 9.937
88 11 1 31.590 10.706 30.858 9.928
89 11 1 31.646 10.697 30.914 9.919
90 11 1 31.665 10.724 30.932 9.946
91 11 1 31.720 10.715 30.988 9.937
92 11 1 31.646 10.798 31.071 10.067
93 11 1 31.720 10.808 30.997 10.039
94 11 1 31.748 10.808 31.025 10.039
95 11 1 31.776 10.826 31.053 10.058
96 11 1 31.822 10.826 31.099 10.058
97 11 1 31.850 10.845 31.127 10.076
98 11 1 31.897 10.863 31.174 10.095
99 11 1 31.924 10.882 31.201 10.113
100 11 1 31.971 10.900 31.248 10.132
101 11 1 31.999 10.919 31.276 10.150
102 11 1 32.045 10.937 31.322 10.169
103 11 1 32.073 10.956 31.350 10.187
104 11 1 32.119 10.993 31.396 10.224
105 11 1 32.147 11.011 31.424 10.243
106 11 1 32.194 11.030 31.471 10.261
107 11 1 32.221 11.048 31.499 10.280
108 11 1 32.323 11.159 31.564 10.243
109 11 1 32.323 11.150 31.564 10.308
110 11 1 32.333 11.141 31.601 10.345
111 11 1 32.388 11.159 31.629 10.326
112 11 1 32.444 11.122 31.666 10.372
113 11 1 32.658 11.122 31.731 10.354
114 11 1 32.602 11.178 31.778 10.298
115 11 1 32.547 11.113 31.824 10.354
116 11 1 32.574 11.122 31.852 10.363
117 11 1 32.621 11.131 31.898 10.372
118 11 1 32.750 11.252 31.824 10.308
119 11 1 32.788 11.252 31.824 10.409
120 11 1 32.667 11.205 31.945 10.446
121 11 1 32.695 11.215 31.972 10.456
122 11 1 32.816 11.196 31.888 10.511
123 11 1 32.713 11.224 31.991 10.474
124 11 1 32.741 11.242 32.019 10.493
125 11 1 32.788 11.261 32.065 10.511
126 11 1 32.815 11.261 32.093 10.511
127 11 1 32.843 11.279 32.121 10.530
128 11 1 32.871 11.298 32.149 10.548
129 11 1 32.917 11.316 32.195 10.567
130 11 1 32.945 11.335 32.223 10.585
131 11 1 32.992 11.335 32.269 10.585
132 11 1 33.020 11.353 32.297 10.604
133 11 1 33.066 11.372 32.344 10.622
134 11 1 33.094 11.390 32.371 10.641
135 11 1 33.502 11.538 32.371 10.696
136 11 1 33.492 11.547 32.455 10.650
137 11 1 33.122 11.390 32.399 10.641
138 11 1 33.502 11.520 32.399 10.724
139 11 1 33.502 11.520 32.455 10.743
140 11 1 33.131 11.390 32.409 10.641
141 11 1 33.177 11.409 32.455 10.659
142 11 1 33.205 11.409 32.483 10.659
143 11 1 33.252 11.409 32.529 10.659
144 11 1 33.279 11.409 32.557 10.659
145 11 1 33.326 11.409 32.604 10.659
146 11 1 33.354 11.409 32.632 10.659
147 11 1 33.400 11.409 32.678 10.659
148 11 1 33.428 11.409 32.706 10.659
149 11 1 33.474 11.409 32.752 10.659
150 11 1 33.502 11.409 32.780 10.659
151 11 1 33.549 11.408 32.827 10.659
153 11 1 33.641 11.408 32.920 10.659
154 11 1 33.688 11.408 32.966 10.659
155 11 1 33.734 11.408 33.012 10.659
156 11 1 33.762 11.408 33.040 10.659
157 11 1 34.123 11.593 33.133 10.761
158 11 1 34.105 11.639 33.207 10.696
159 11 1 34.114 11.667 33.281 10.742
160 11 1 34.123 11.686 33.393 10.696
161 11 1 34.114 11.565 33.393 10.816
162 11 1 34.197 11.686 33.495 10.715
163 11 1 34.318 11.639 33.569 10.807
164 11 1 34.401 11.639 33.671 10.705
165 11 1 34.476 11.658 33.727 10.733
166 11 1 34.587 11.611 33.764 10.761
167 11 1 34.717 11.583 33.801 10.798
168 11 1 34.745 11.556 33.782 10.835
169 11 1 34.800 11.602 33.829 10.789
171 11 1 34.828 11.611 33.838 10.789
172 11 1 34.754 11.611 34.088 10.872
173 11 1 34.911 11.629 33.894 10.863
174 11 1 34.837 11.574 33.819 10.872
175 11 1 34.856 11.556 33.847 10.844
176 11 1 34.856 11.648 34.098 10.872
178 11 1 34.893 11.639 34.070 10.816
179 11 1 34.911 11.685 34.153 10.825
180 11 1 34.957 11.694 34.181 10.816
181 11 1 34.985 11.657 34.255 10.788
182 11 1 35.022 11.666 34.283 10.816
183 11 1 35.142 11.814 34.385 10.770
184 11 1 34.985 11.592 34.283 10.853
185 11 1 35.216 11.823 34.515 10.733
186 11 1 35.013 11.583 34.311 10.844
187 11 1 35.217 11.759 34.515 10.733
188 11 1 35.041 11.574 34.339 10.835
189 11 1 35.078 11.574 34.376 10.835
190 11 1 35.106 11.574 34.404 10.835
191 11 1 35.578 11.564 34.432 10.724
193 11 1 35.504 11.648 34.497 10.696
194 11 1 35.125 11.546 34.422 10.807
195 11 1 35.652 11.536 34.923 10.807
197 11 1 35.485 11.814 34.951 10.714
198 11 1 35.569 11.740 34.895 10.751
199 11 1 35.559 11.851 35.006 10.677
200 11 1 35.707 11.906 35.062 10.613
201 11 1 35.588 11.500 34.886 10.770
202 11 1 35.625 11.500 34.923 10.770
203 11 1 35.662 11.509 34.960 10.779
204 11 1 35.976 11.592 35.265 10.899
205 11 1 36.161 11.573 35.145 10.742
206 11 1 36.245 11.619 35.145 10.733
207 11 1 36.272 11.601 35.173 10.705
208 11 1 36.263 11.628 35.201 10.705
209 11 1 36.226 11.564 35.154 10.760
210 11 1 36.235 11.610 35.164 10.807
211 11 1 36.217 11.573 35.192 10.742
212 11 1 36.235 11.555 35.228 10.797
213 11 1 36.328 11.573 35.599 10.807
214 11 1 36.282 11.527 35.488 10.760
215 11 1 36.263 11.564 35.516 10.751
216 11 1 36.300 11.582 35.562 10.733
217 11 1 36.318 11.684 35.627 10.705
218 11 1 36.309 11.656 35.710 10.751
219 11 1 36.457 11.730 35.784 10.622
220 11 1 36.439 11.702 35.766 10.659
221 11 1 36.236 11.481 35.534 10.760
222 11 1 36.263 11.471 35.562 10.751
223 11 1 36.291 11.462 35.590 10.742
224 11 1 36.337 11.471 35.636 10.751
225 11 1 36.374 11.453 35.673 10.733
152 11 1 33.595 11.408 32.873 10.659
170 11 1 34.837 11.593 33.820 10.789
177 11 1 34.883 11.620 34.014 10.826
192 11 1 35.550 11.638 34.460 10.714
