0 0 1 38.618 13.078 39.374 13.980
1 0 1 38.594 13.055 39.386 13.991
2 0 1 38.535 13.055 39.326 13.992
3 0 1 38.535 13.055 39.326 13.992
4 0 1 38.499 13.056 39.290 13.992
5 0 1 38.511 13.032 39.266 13.933
9 0 1 38.523 13.043 39.278 13.945
10 0 1 38.499 13.044 39.254 13.945
11 0 1 38.463 13.044 39.218 13.945
12 0 1 38.248 12.974 39.254 14.004
13 0 1 38.307 12.997 39.218 13.981
14 0 1 38.295 12.997 39.207 13.981
15 0 1 38.260 12.998 39.171 13.981
16 0 1 38.248 12.998 39.159 13.981
17 0 1 38.236 12.998 39.147 13.981
18 0 1 38.224 12.998 39.135 13.981
19 0 1 38.212 12.998 39.123 13.982
20 0 1 38.224 13.022 39.135 14.005
21 0 1 38.212 13.022 39.123 14.005
22 0 1 38.224 13.022 39.135 14.005
23 0 1 38.236 13.022 39.147 14.005
24 0 1 38.248 13.045 39.159 14.029
25 0 1 38.260 13.045 39.171 14.029
26 0 1 38.296 13.045 39.207 14.029
27 0 1 38.284 13.045 39.195 14.029
28 0 1 38.319 13.045 39.231 14.028
29 0 1 38.331 13.045 39.243 14.028
30 0 1 38.367 13.045 39.278 14.028
31 0 1 38.379 13.044 39.290 14.028
32 0 1 38.415 13.044 39.326 14.028
33 0 1 38.427 13.044 39.338 14.028
34 0 1 38.463 13.044 39.374 14.027
35 0 1 38.475 13.044 39.386 14.027
36 0 1 38.511 13.043 39.422 14.027
37 0 1 38.547 13.043 39.458 14.027
38 0 1 38.582 13.043 39.493 14.026
39 0 1 38.594 13.043 39.505 14.026
40 0 1 38.630 13.043 39.541 14.026
41 0 1 38.642 13.043 39.553 14.026
42 0 1 38.678 13.042 39.589 14.026
43 0 1 38.714 13.042 39.625 14.025
44 0 1 38.750 13.042 39.661 14.025
45 0 1 38.762 13.042 39.672 14.025
46 0 1 38.797 13.041 39.708 14.025
47 0 1 38.809 13.041 39.720 14.025
48 0 1 38.845 13.041 39.756 14.024
49 0 1 38.881 13.041 39.792 14.024
50 0 1 38.917 13.040 39.828 14.024
51 0 1 38.929 13.017 39.840 14.000
52 0 1 38.965 13.016 39.875 14.000
53 0 1 39.000 13.016 39.911 13.999
54 0 1 39.036 13.016 39.947 13.999
55 0 1 39.072 13.015 39.983 13.999
56 0 1 39.132 12.991 40.042 13.974
57 0 1 39.144 12.991 40.054 13.974
58 0 1 39.179 12.991 40.090 13.974
59 0 1 39.215 12.967 40.126 13.950
60 0 1 39.251 12.966 40.162 13.950
61 0 1 39.311 12.990 40.221 13.973
62 0 1 39.370 12.989 40.281 13.972
63 0 1 39.406 12.989 40.317 13.972
64 0 1 39.466 12.989 40.377 13.972
65 0 1 39.502 12.988 40.412 13.971
66 0 1 39.561 12.988 40.472 13.971
67 0 1 39.573 12.988 40.484 13.971
68 0 1 39.633 12.987 40.544 13.970
69 0 1 39.645 12.987 40.556 13.970
70 0 1 39.681 12.987 40.591 13.970
71 0 1 39.693 12.987 40.603 13.970
72 0 1 39.729 12.987 40.639 13.970
73 0 1 39.764 12.986 40.675 13.969
74 0 1 39.800 12.986 40.711 13.969
75 0 1 39.812 12.986 40.723 13.969
76 0 1 39.848 12.986 40.758 13.969
77 0 1 39.860 12.986 40.770 13.969
78 0 1 39.896 12.985 40.806 13.968
79 0 1 39.908 12.985 40.818 13.968
80 0 1 39.943 12.985 40.854 13.968
81 0 1 39.979 12.985 40.890 13.968
82 0 1 40.015 12.985 40.925 13.967
83 0 1 40.051 13.008 40.961 13.991
84 0 1 40.087 13.008 40.997 13.991
85 0 1 40.099 13.008 41.009 13.991
86 0 1 40.134 13.008 41.045 13.990
87 0 1 40.170 13.007 41.081 13.990
88 0 1 40.206 13.007 41.116 13.990
89 0 1 40.218 13.007 41.128 13.990
90 0 1 40.277 13.006 41.188 13.989
91 0 1 40.289 13.006 41.200 13.989
92 0 1 40.325 13.006 41.236 13.989
93 0 1 40.361 13.006 41.271 13.989
94 0 1 40.397 13.006 41.307 13.988
95 0 1 40.433 13.005 41.343 13.988
96 0 1 40.468 13.005 41.379 13.988
97 0 1 40.504 12.981 41.414 13.964
98 0 1 40.564 12.980 41.474 13.963
99 0 1 40.576 12.980 41.486 13.963
100 0 1 40.635 12.980 41.546 13.962
101 0 1 40.671 13.004 41.581 13.986
102 0 1 40.731 13.003 41.641 13.986
103 0 1 40.766 13.003 41.677 13.985
104 0 1 40.826 13.002 41.736 13.985
105 0 1 40.862 13.002 41.772 13.985
106 0 1 40.898 13.002 41.808 13.984
107 0 1 40.910 13.002 41.820 13.984
108 0 1 40.945 13.001 41.856 13.984
109 0 1 40.957 13.001 41.868 13.984
110 0 1 40.993 13.001 41.903 13.984
111 0 1 41.005 13.001 41.915 13.983
112 0 1 41.041 13.001 41.951 13.983
113 0 1 41.053 13.001 41.963 13.983
114 0 1 41.088 13.000 41.999 13.983
115 0 1 41.124 13.000 42.034 13.982
116 0 1 41.160 13.000 42.070 13.982
117 0 1 41.172 13.000 42.082 13.982
118 0 1 41.231 12.999 42.142 13.982
119 0 1 41.243 12.975 42.153 13.958
120 0 1 41.279 12.975 42.189 13.957
121 0 1 41.472 13.462 41.974 13.876
122 0 1 41.292 13.166 42.178 14.113
123 0 1 41.328 13.165 42.214 14.112
124 0 1 41.363 13.165 42.250 14.112
125 0 1 41.387 13.153 42.273 14.100
126 0 1 41.423 13.165 42.309 14.111
127 0 1 41.470 13.152 42.357 14.099
128 0 1 41.506 13.152 42.392 14.099
129 0 1 41.542 13.152 42.428 14.099
130 0 1 41.590 13.140 42.476 14.086
131 0 1 41.625 13.127 42.511 14.074
132 0 1 41.649 13.139 42.535 14.086
133 0 1 41.685 13.127 42.571 14.074
134 0 1 41.744 13.127 42.631 14.073
135 0 1 41.768 13.126 42.654 14.073
136 0 1 41.816 13.126 42.702 14.073
137 0 1 41.852 13.126 42.738 14.072
138 0 1 41.994 12.970 42.832 13.845
140 0 1 42.161 13.028 42.653 13.739
141 0 1 41.982 12.934 42.844 13.857
142 0 1 42.173 13.016 42.832 13.797
143 0 1 42.077 12.957 42.927 13.868
144 0 1 42.113 12.957 42.963 13.868
145 0 1 42.149 12.957 42.999 13.868
146 0 1 42.196 12.956 43.046 13.867
147 0 1 42.232 12.956 43.082 13.867
148 0 1 42.268 12.956 43.118 13.867
149 0 1 42.304 12.956 43.154 13.866
150 0 1 42.351 12.955 43.201 13.866
151 0 1 42.387 12.955 43.237 13.866
152 0 1 42.423 12.955 43.273 13.865
153 0 1 42.470 12.966 43.320 13.877
154 0 1 42.506 12.966 43.356 13.877
155 0 1 42.542 12.978 43.392 13.888
156 0 1 42.578 12.977 43.427 13.888
157 0 1 42.613 12.977 43.463 13.888
158 0 1 42.649 12.989 43.499 13.899
159 0 1 42.673 12.989 43.523 13.899
160 0 1 42.709 12.988 43.558 13.899
161 0 1 42.732 12.988 43.582 13.899
162 0 1 42.768 12.988 43.618 13.899
163 0 1 42.804 12.988 43.654 13.898
164 0 1 42.840 12.999 43.689 13.910
165 0 1 42.875 12.999 43.725 13.910
166 0 1 42.911 12.999 43.761 13.909
167 0 1 42.959 12.998 43.808 13.909
168 0 1 42.994 12.998 43.844 13.909
169 0 1 43.030 12.998 43.880 13.908
170 0 1 43.078 12.997 43.927 13.908
171 0 1 43.113 12.997 43.963 13.908
172 0 1 43.161 12.997 44.011 13.907
173 0 1 43.197 12.997 44.046 13.907
174 0 1 43.232 12.996 44.082 13.907
175 0 1 43.268 13.008 44.118 13.918
176 0 1 43.304 13.008 44.153 13.918
177 0 1 43.351 13.007 44.201 13.918
178 0 1 43.387 13.007 44.237 13.917
179 0 1 43.423 13.007 44.272 13.917
180 0 1 43.458 13.007 44.308 13.917
181 0 1 43.494 13.006 44.344 13.917
182 0 1 43.530 13.006 44.379 13.916
183 0 1 43.565 13.006 44.415 13.916
184 0 1 43.601 13.017 44.451 13.928
185 0 1 43.649 13.017 44.498 13.927
186 0 1 43.684 13.017 44.534 13.927
187 0 1 43.720 13.017 44.570 13.927
188 0 1 43.768 13.004 44.617 13.915
189 0 1 44.138 13.287 44.628 13.772
190 0 1 43.946 13.074 44.784 13.973
191 0 1 43.982 13.074 44.820 13.972
192 0 1 44.018 13.074 44.855 13.972
193 0 1 44.065 13.073 44.903 13.972
194 0 1 43.852 13.123 44.759 13.818
195 0 1 43.922 13.039 44.760 13.925
196 0 1 43.958 13.039 44.796 13.925
197 0 1 43.982 13.038 44.819 13.925
198 0 1 44.006 13.038 44.843 13.925
199 0 1 44.041 13.038 44.879 13.924
200 0 1 44.089 13.038 44.926 13.924
201 0 1 44.125 13.037 44.962 13.924
202 0 1 44.231 12.989 45.188 13.862
204 0 1 44.291 12.988 45.128 13.863
205 0 1 44.326 12.988 45.164 13.863
206 0 1 44.374 12.976 45.211 13.850
207 0 1 44.422 12.987 45.259 13.862
208 0 1 44.457 12.975 45.294 13.850
209 0 1 44.493 12.975 45.330 13.849
210 0 1 44.540 12.975 45.378 13.849
211 0 1 44.588 12.962 45.425 13.837
212 0 1 44.623 12.950 45.461 13.825
213 0 1 44.659 12.962 45.496 13.836
214 0 1 44.707 12.938 45.544 13.812
215 0 1 44.742 12.937 45.579 13.812
216 0 1 44.766 12.914 45.603 13.788
217 0 1 44.801 12.913 45.639 13.787
218 0 1 44.849 12.901 45.686 13.775
219 0 1 44.885 12.913 45.722 13.787
220 0 1 44.908 12.901 45.745 13.775
221 0 1 44.944 12.912 45.781 13.786
222 0 1 45.015 12.912 46.019 13.784
224 0 1 45.098 12.911 45.936 13.785
225 0 1 45.134 12.911 45.971 13.785
226 0 1 45.194 12.910 46.031 13.784
227 0 1 45.217 12.910 46.054 13.784
228 0 1 45.265 12.910 46.102 13.784
229 0 1 45.300 12.898 46.137 13.772
230 0 1 45.360 12.909 46.197 13.783
231 0 1 45.384 12.909 46.221 13.783
232 0 1 45.431 12.909 46.268 13.783
233 0 1 45.467 12.908 46.304 13.782
234 0 1 45.514 12.908 46.351 13.782
235 0 1 45.705 12.978 46.434 13.793
237 0 1 45.657 12.954 46.482 13.817
238 0 1 45.693 12.954 46.518 13.816
239 0 1 45.728 12.954 46.553 13.816
240 0 1 45.764 12.942 46.589 13.804
241 0 1 45.799 12.942 46.624 13.804
242 0 1 45.835 12.941 46.660 13.803
243 0 1 45.882 12.941 46.707 13.803
244 0 1 45.918 12.941 46.743 13.803
245 0 1 45.954 12.940 46.779 13.802
246 0 1 46.001 12.940 46.826 13.802
247 0 1 46.037 12.928 46.862 13.790
248 0 1 46.084 12.927 46.909 13.789
249 0 1 46.120 12.927 46.945 13.789
250 0 1 46.167 12.927 46.992 13.789
251 0 1 46.203 12.927 47.028 13.788
252 0 1 46.238 12.926 47.063 13.788
253 0 1 46.286 12.926 47.111 13.788
254 0 1 46.321 12.914 47.146 13.776
255 0 1 46.357 12.914 47.182 13.775
256 0 1 46.393 12.913 47.217 13.775
257 0 1 46.428 12.901 47.253 13.763
258 0 1 46.464 12.901 47.289 13.763
259 0 1 46.499 12.901 47.324 13.762
260 0 1 46.535 12.900 47.360 13.762
261 0 1 46.571 12.900 47.395 13.762
262 0 1 46.606 12.900 47.431 13.762
263 0 1 46.654 12.899 47.478 13.761
264 0 1 46.701 12.887 47.526 13.749
265 0 1 46.737 12.887 47.561 13.749
266 0 1 46.784 12.887 47.609 13.748
267 0 1 46.820 12.886 47.644 13.748
268 0 1 46.867 12.886 47.692 13.748
269 0 1 46.903 12.886 47.727 13.747
270 0 1 46.938 12.885 47.763 13.747
271 0 1 46.974 12.897 47.798 13.759
272 0 1 47.009 12.897 47.834 13.758
273 0 1 47.045 12.897 47.870 13.758
274 0 1 47.081 12.896 47.905 13.758
275 0 1 47.104 12.896 47.929 13.758
276 0 1 47.140 12.896 47.964 13.757
277 0 1 47.176 12.896 48.000 13.757
278 0 1 47.211 12.895 48.036 13.757
279 0 1 47.247 12.895 48.071 13.757
280 0 1 47.282 12.895 48.107 13.756
281 0 1 47.318 12.883 48.142 13.744
282 0 1 47.353 12.882 48.178 13.744
283 0 1 47.401 12.882 48.225 13.743
284 0 1 47.436 12.882 48.261 13.743
285 0 1 47.484 12.881 48.308 13.743
286 0 1 47.531 12.881 48.356 13.742
287 0 1 47.567 12.881 48.391 13.742
288 0 1 47.614 12.892 48.439 13.754
289 0 1 47.662 12.892 48.486 13.753
290 0 1 47.697 12.892 48.521 13.753
291 0 1 47.733 12.891 48.557 13.753
292 0 1 47.769 12.951 48.652 13.740
294 0 1 47.804 12.927 48.628 13.776
295 0 1 47.840 12.926 48.664 13.776
296 0 1 47.948 13.104 48.211 13.387
297 0 1 48.183 12.888 48.521 13.634
298 0 1 48.230 12.900 48.603 13.622
299 0 1 48.005 12.854 48.793 13.668
300 0 1 48.290 12.875 48.627 13.645
301 0 1 48.076 12.865 48.853 13.667
302 0 1 48.100 12.877 48.876 13.679
303 0 1 48.135 12.865 48.912 13.667
304 0 1 48.171 12.876 48.947 13.667
306 0 1 48.183 12.888 48.959 13.678
307 0 1 48.207 12.912 48.983 13.702
308 0 1 48.243 12.923 49.019 13.714
309 0 1 48.243 13.018 49.338 13.675
311 0 1 48.397 12.958 49.173 13.736
312 0 1 48.421 12.970 49.197 13.748
313 0 1 48.444 12.993 49.221 13.771
314 0 1 48.575 13.028 49.351 13.794
316 0 1 48.575 13.028 49.351 13.794
317 0 1 48.587 13.040 49.363 13.806
318 0 1 48.599 13.039 49.375 13.806
319 0 1 48.611 13.051 49.387 13.818
320 0 1 48.670 13.039 49.434 13.805
322 0 1 48.682 13.051 49.446 13.817
323 0 1 48.694 13.062 49.458 13.829
324 0 1 48.694 13.074 49.458 13.841
325 0 1 48.718 13.074 49.482 13.841
326 0 1 48.729 13.086 49.494 13.852
328 0 1 48.741 13.098 49.506 13.864
329 0 1 48.765 13.109 49.529 13.876
330 0 1 48.789 13.109 49.553 13.876
331 0 1 48.813 13.109 49.577 13.876
332 0 1 48.836 13.121 49.600 13.887
333 0 1 48.860 13.121 49.624 13.887
334 0 1 48.872 13.121 49.636 13.887
335 0 1 48.908 13.132 49.672 13.899
336 0 1 48.919 13.132 49.683 13.898
337 0 1 48.955 13.132 49.719 13.898
338 0 1 48.967 13.132 49.731 13.898
339 0 1 49.002 13.131 49.766 13.898
340 0 1 49.014 13.131 49.778 13.898
341 0 1 49.038 13.131 49.802 13.898
342 0 1 49.061 13.131 49.826 13.897
343 0 1 49.085 13.131 49.849 13.897
344 0 1 49.109 13.119 49.873 13.885
345 0 1 49.132 13.119 49.896 13.885
347 0 1 49.144 13.130 49.908 13.897
348 0 1 49.168 13.118 49.932 13.885
349 0 1 49.192 13.118 49.956 13.884
350 0 1 49.215 13.106 49.979 13.872
351 0 1 49.239 13.094 50.003 13.860
352 0 1 49.274 13.082 50.038 13.848
353 0 1 49.310 13.070 50.074 13.836
354 0 1 49.321 13.046 50.085 13.812
355 0 1 49.357 13.034 50.121 13.800
356 0 1 49.368 13.022 50.132 13.788
357 0 1 49.404 13.022 50.168 13.788
358 0 1 49.416 13.010 50.180 13.776
359 0 1 49.451 13.009 50.215 13.775
360 0 1 49.463 13.009 50.227 13.775
361 0 1 49.498 12.997 50.262 13.763
362 0 1 49.510 12.997 50.274 13.763
363 0 1 49.546 12.997 50.310 13.763
364 0 1 49.558 12.997 50.321 13.763
365 0 1 49.581 12.996 50.345 13.763
366 0 1 49.605 12.996 50.369 13.762
59 1 2 60.507 12.631 60.973 13.254
60 1 2 60.472 12.584 60.997 13.289
61 1 2 60.460 12.596 60.974 13.325
62 1 2 60.390 12.585 60.915 13.313
63 1 2 60.296 12.585 60.822 13.314
65 1 2 60.355 12.597 60.880 13.326
66 1 2 60.202 12.598 60.728 13.327
67 1 2 60.097 12.599 60.623 13.328
68 1 2 59.979 12.588 60.505 13.317
69 1 2 59.862 12.589 60.388 13.318
70 1 2 58.641 12.527 60.600 13.363
71 1 2 59.052 12.547 60.459 13.341
72 1 2 58.829 12.525 60.235 13.319
73 1 2 58.218 12.553 60.295 13.389
74 1 2 58.148 12.530 60.317 13.318
75 1 2 58.054 12.555 59.990 13.368
76 1 2 57.959 12.496 60.083 13.355
77 1 2 57.889 12.497 59.896 13.392
78 1 2 57.760 12.533 59.803 13.428
79 1 2 57.866 12.568 59.744 13.382
80 1 2 57.643 12.605 59.521 13.419
81 1 2 57.410 12.737 59.380 13.384
82 1 2 57.479 12.653 59.357 13.456
83 1 2 57.350 12.666 59.228 13.468
84 1 2 57.268 12.679 59.146 13.481
85 1 2 57.174 12.703 59.053 13.505
86 1 2 57.069 12.704 58.947 13.506
87 1 2 56.892 12.705 58.771 13.507
88 1 2 56.798 12.706 58.677 13.508
89 1 2 56.669 12.707 58.548 13.509
90 1 2 56.540 12.731 58.419 13.534
91 1 2 56.422 12.732 58.301 13.535
92 1 2 56.328 12.733 58.207 13.535
93 1 2 56.187 12.734 58.066 13.537
94 1 2 56.069 12.735 57.949 13.537
95 1 2 55.928 12.760 57.808 13.562
96 1 2 55.811 12.760 57.690 13.563
97 1 2 55.693 12.761 57.573 13.564
98 1 2 55.552 12.762 57.432 13.565
99 1 2 55.434 12.787 57.315 13.590
100 1 2 55.340 12.788 57.220 13.590
101 1 2 55.199 12.789 57.079 13.592
102 1 2 55.081 12.790 56.962 13.592
103 1 2 54.916 12.791 56.797 13.594
104 1 2 54.822 12.791 56.703 13.594
105 1 2 54.680 12.792 56.562 13.596
106 1 2 54.563 12.793 56.444 13.596
107 1 2 54.421 12.794 56.303 13.598
108 1 2 54.303 12.795 56.185 13.598
109 1 2 54.186 12.796 56.067 13.599
110 1 2 54.044 12.797 55.926 13.600
111 1 2 53.926 12.798 55.808 13.601
112 1 2 53.808 12.799 55.691 13.602
113 1 2 53.643 12.800 55.526 13.604
114 1 2 53.525 12.801 55.408 13.604
115 1 2 53.384 12.802 55.267 13.606
116 1 2 53.242 12.779 55.125 13.583
117 1 2 53.124 12.780 55.007 13.584
118 1 2 53.006 12.781 54.889 13.585
119 1 2 52.864 12.759 54.748 13.562
120 1 2 52.746 12.759 54.630 13.563
121 1 2 52.628 12.737 54.512 13.540
122 1 2 52.486 12.714 54.370 13.518
123 1 2 52.344 12.691 54.228 13.495
124 1 2 52.202 12.669 54.087 13.472
125 1 2 52.084 12.622 53.671 13.227
126 1 2 51.965 12.552 53.838 13.344
127 1 2 51.835 12.541 53.708 13.333
128 1 2 51.729 12.506 53.601 13.298
129 1 2 51.575 12.472 53.448 13.264
130 1 2 51.444 12.437 53.317 13.229
131 1 2 51.314 12.426 53.188 13.218
132 1 2 51.184 12.391 53.057 13.184
133 1 2 51.007 12.428 52.597 13.140
134 1 2 50.782 12.406 52.561 13.164
135 1 2 50.723 12.359 52.408 13.130
136 1 2 50.569 12.301 52.278 13.130
137 1 2 50.415 12.255 52.135 13.013
138 1 2 50.319 12.184 51.922 12.955
139 1 2 50.177 12.161 51.744 12.909
140 1 2 50.072 12.233 51.649 12.886
141 1 2 50.012 12.163 51.507 12.863
142 1 2 49.846 12.081 51.342 12.817
143 1 2 49.751 12.034 51.199 12.759
144 1 2 49.621 12.047 51.365 12.770
145 1 2 49.502 12.012 51.246 12.735
146 1 2 49.360 12.060 50.832 12.679
147 1 2 49.218 11.955 50.678 12.597
148 1 2 49.111 11.944 50.832 12.643
149 1 2 48.969 11.909 50.690 12.608
150 1 2 48.850 11.874 50.571 12.574
151 1 2 48.766 11.744 50.002 12.412
152 1 2 48.541 11.698 49.990 12.376
153 1 2 48.351 11.652 49.801 12.354
154 1 2 48.340 11.747 49.718 12.343
155 1 2 48.210 11.713 49.884 12.377
156 1 2 48.067 11.690 49.741 12.354
157 1 2 47.925 11.655 49.231 12.192
158 1 2 47.782 11.609 49.445 12.262
159 1 2 47.652 11.598 49.315 12.251
160 1 2 47.166 11.613 49.031 12.276
161 1 2 47.071 11.566 48.924 12.194
162 1 2 46.988 11.602 48.853 12.195
163 1 2 47.107 11.578 48.770 12.207
164 1 2 46.846 11.520 48.782 12.207
165 1 2 46.680 11.545 48.592 12.125
166 1 2 46.834 11.532 48.497 12.150
167 1 2 46.513 11.404 48.189 12.104
168 1 2 46.549 11.463 48.212 12.080
169 1 2 46.418 11.440 48.082 12.058
170 1 2 46.014 11.312 47.834 12.119
171 1 2 46.133 11.418 47.797 12.036
172 1 2 45.671 11.386 47.549 12.061
173 1 2 45.813 11.420 47.478 12.038
174 1 2 45.338 11.293 47.181 12.064
175 1 2 45.314 11.281 47.016 12.089
176 1 2 45.064 11.200 46.945 12.101
177 1 2 44.767 11.214 46.755 12.055
178 1 2 44.708 11.226 46.671 11.996
179 1 2 44.684 11.214 46.565 12.021
180 1 2 44.565 11.156 46.363 11.999
181 1 2 44.423 11.216 46.244 11.928
182 1 2 44.530 11.275 46.196 11.893
183 1 2 44.400 11.276 46.065 11.894
184 1 2 44.269 11.276 45.935 11.895
185 1 2 44.115 11.277 45.781 11.896
186 1 2 43.698 11.161 45.413 11.981
187 1 2 43.555 11.150 45.294 11.923
188 1 2 43.567 11.043 45.259 11.971
189 1 2 43.484 11.175 45.235 12.018
190 1 2 43.544 11.281 45.211 11.900
191 1 2 43.413 11.282 45.080 11.901
192 1 2 43.259 11.283 44.926 11.902
193 1 2 43.104 11.284 44.772 11.903
194 1 2 42.950 11.285 44.617 11.904
195 1 2 42.819 11.286 44.487 11.905
196 1 2 42.664 11.311 44.332 11.930
197 1 2 42.534 11.312 44.201 11.931
198 1 2 42.379 11.337 44.047 11.955
199 1 2 42.248 11.338 43.916 11.956
200 1 2 42.094 11.362 43.762 11.981
201 1 2 41.963 11.387 43.631 12.006
202 1 2 41.808 11.388 43.477 12.007
203 1 2 41.677 11.413 43.346 12.032
204 1 2 41.522 11.438 43.192 12.057
205 1 2 41.392 11.462 43.061 12.081
206 1 2 41.237 11.463 42.906 12.082
207 1 2 41.106 11.488 42.776 12.107
208 1 2 40.629 11.337 42.538 12.168
209 1 2 40.760 11.455 42.430 12.074
210 1 2 40.629 11.479 42.299 12.099
211 1 2 40.474 11.528 42.145 12.147
212 1 2 40.343 11.553 42.014 12.172
213 1 2 40.033 11.495 41.586 12.330
214 1 2 39.819 11.640 41.467 12.319
215 1 2 39.676 11.653 41.085 12.310
216 1 2 39.473 11.713 41.050 12.453
217 1 2 39.366 11.750 40.812 12.395
218 1 2 39.331 11.786 40.669 12.396
219 1 2 39.056 11.776 40.765 12.514
220 1 2 38.973 11.788 40.407 12.529
221 1 2 38.782 11.849 40.311 12.518
222 1 2 38.710 11.862 40.216 12.566
223 1 2 38.686 11.910 40.264 12.518
224 1 2 38.185 11.925 39.942 12.663
225 1 2 38.161 11.937 39.894 12.640
226 1 2 38.006 12.022 39.727 12.689
227 1 2 37.863 12.094 39.537 12.762
228 1 2 37.767 12.107 39.250 12.764
229 1 2 37.636 12.179 39.155 12.788
230 1 2 37.504 12.180 39.060 12.920
231 1 2 37.481 12.180 39.012 12.932
232 1 2 37.492 12.168 38.917 12.957
233 1 2 37.301 12.253 38.845 12.922
234 1 2 37.086 12.278 38.582 13.007
235 1 2 37.110 12.338 38.630 12.947
236 1 2 36.811 12.376 38.164 12.963
237 1 2 36.680 12.401 38.104 12.951
238 1 2 36.381 12.295 37.973 13.203
239 1 2 36.273 12.332 38.021 13.131
240 1 2 36.417 12.450 37.913 13.036
241 1 2 36.273 12.487 37.770 13.073
242 1 2 36.130 12.524 37.626 13.110
243 1 2 35.615 12.444 37.304 13.291
244 1 2 35.759 12.574 37.256 13.160
245 1 2 35.615 12.611 37.112 13.197
246 1 2 35.399 12.625 36.861 13.330
247 1 2 35.268 12.685 36.514 13.273
248 1 2 34.848 12.665 36.586 13.333
249 1 2 34.765 12.701 36.454 13.357
250 1 2 34.896 12.736 36.371 13.322
251 1 2 34.753 12.761 36.227 13.347
252 1 2 34.597 12.786 36.071 13.372
253 1 2 34.441 12.799 35.916 13.385
254 1 2 34.297 12.812 35.772 13.398
255 1 2 34.141 12.837 35.616 13.423
256 1 2 33.997 12.862 35.473 13.448
257 1 2 33.842 12.875 35.317 13.462
258 1 2 33.686 12.876 35.161 13.463
259 1 2 33.542 12.889 35.017 13.476
260 1 2 33.386 12.914 34.861 13.501
261 1 2 33.230 12.916 34.706 13.502
262 1 2 33.074 12.929 34.550 13.515
263 1 2 32.918 12.930 34.394 13.516
264 1 2 32.762 12.943 34.238 13.530
265 1 2 32.617 12.968 34.094 13.555
266 1 2 32.461 12.981 33.938 13.568
267 1 2 32.317 12.982 33.794 13.569
268 1 2 32.161 12.995 33.638 13.582
269 1 2 32.005 13.008 33.482 13.595
270 1 2 31.849 13.009 33.326 13.596
271 1 2 31.692 13.023 33.170 13.610
272 1 2 31.536 13.048 33.014 13.635
273 1 2 31.368 13.049 32.846 13.636
274 1 2 31.212 13.062 32.690 13.649
275 1 2 31.055 13.063 32.533 13.650
276 1 2 30.911 13.076 32.389 13.663
277 1 2 30.755 13.089 32.233 13.677
278 1 2 30.598 13.091 32.077 13.678
279 1 2 30.442 13.092 31.921 13.679
280 1 2 30.273 13.093 31.752 13.680
281 1 2 30.117 13.106 31.596 13.694
282 1 2 29.961 13.119 31.440 13.707
283 1 2 29.804 13.120 31.283 13.708
284 1 2 29.648 13.122 31.127 13.709
285 1 2 29.491 13.135 30.971 13.722
286 1 2 29.334 13.148 30.814 13.736
287 1 2 29.178 13.149 30.658 13.737
288 1 2 29.021 13.150 30.501 13.738
289 1 2 28.865 13.151 30.345 13.739
290 1 2 28.696 13.165 30.176 13.752
291 1 2 28.539 13.178 30.020 13.766
292 1 2 28.383 13.167 29.863 13.755
293 1 2 28.226 13.180 29.707 13.768
294 1 2 28.057 13.181 29.538 13.769
295 1 2 27.900 13.183 29.382 13.771
296 1 2 27.744 13.184 29.225 13.772
297 1 2 27.587 13.185 29.068 13.773
298 1 2 27.430 13.186 28.912 13.774
299 1 2 27.273 13.187 28.755 13.775
300 1 2 27.116 13.188 28.598 13.777
301 1 2 26.948 13.178 28.430 13.766
302 1 2 26.779 13.191 28.261 13.779
303 1 2 26.622 13.180 28.104 13.768
304 1 2 26.465 13.193 27.947 13.782
305 1 2 26.308 13.183 27.791 13.771
306 1 2 26.139 13.196 27.622 13.784
307 1 2 25.982 13.197 27.465 13.785
308 1 2 25.813 13.198 27.296 13.787
309 1 2 25.656 13.199 27.139 13.788
310 1 2 25.499 13.201 26.982 13.789
311 1 2 25.341 13.202 26.825 13.790
312 1 2 25.184 13.203 26.668 13.792
313 1 2 25.015 13.204 26.499 13.793
314 1 2 24.858 13.205 26.342 13.794
315 1 2 24.701 13.207 26.185 13.795
316 1 2 24.544 13.208 26.028 13.797
317 1 2 24.374 13.209 25.859 13.798
318 1 2 24.217 13.210 25.702 13.799
319 1 2 24.060 13.211 25.545 13.800
320 1 2 23.903 13.213 25.388 13.802
321 1 2 23.745 13.214 25.231 13.803
322 1 2 23.588 13.215 25.073 13.804
323 1 2 23.418 13.228 24.904 13.817
324 1 2 23.261 13.241 24.747 13.830
325 1 2 22.837 13.245 24.758 13.962
326 1 2 23.055 13.315 24.541 13.904
327 1 2 22.897 13.316 24.384 13.905
328 1 2 22.740 13.317 24.226 13.907
329 1 2 22.583 13.331 24.069 13.920
330 1 2 22.425 13.344 23.912 13.933
331 1 2 22.268 13.333 23.754 13.922
332 1 2 22.098 13.346 23.585 13.936
333 1 2 21.940 13.335 23.427 13.925
334 1 2 21.771 13.361 23.258 13.950
335 1 2 21.613 13.362 23.100 13.951
336 1 2 21.455 13.363 22.943 13.953
337 1 2 21.298 13.364 22.785 13.954
338 1 2 20.740 13.344 22.519 13.932
339 1 2 20.922 13.355 22.410 13.945
340 1 2 20.764 13.356 22.252 13.946
341 1 2 20.606 13.369 22.095 13.959
342 1 2 20.448 13.383 21.937 13.973
343 1 2 20.303 13.384 21.792 13.974
344 1 2 20.145 13.385 21.634 13.975
345 1 2 19.999 13.398 21.488 13.988
346 1 2 19.841 13.411 21.331 14.001
347 1 2 19.696 13.412 21.185 14.002
348 1 2 19.550 13.414 21.039 14.004
349 1 2 19.404 13.427 20.894 14.017
350 1 2 19.246 13.452 20.736 14.042
351 1 2 19.100 13.465 20.590 14.055
352 1 2 18.954 13.466 20.444 14.056
353 1 2 18.808 13.479 20.299 14.070
354 1 2 18.662 13.505 20.153 14.095
355 1 2 18.516 13.530 20.007 14.120
356 1 2 18.370 13.543 19.861 14.133
357 1 2 18.224 13.556 19.715 14.146
358 1 2 18.090 13.581 19.582 14.171
359 1 2 17.944 13.594 19.436 14.185
360 1 2 17.811 13.607 19.302 14.198
361 1 2 17.676 13.644 19.168 14.235
362 1 2 17.543 13.658 19.034 14.248
363 1 2 17.408 13.695 18.900 14.285
364 1 2 17.274 13.708 18.766 14.298
365 1 2 17.140 13.745 18.632 14.336
366 1 2 17.019 13.758 18.511 14.349
