0 0 1 36.549 11.439 35.571 10.779
1 0 1 36.581 11.463 35.555 10.771
2 0 1 36.525 11.455 35.498 10.763
3 0 1 36.517 11.463 35.490 10.771
4 0 1 36.453 11.456 35.426 10.764
5 0 1 36.397 11.464 35.370 10.772
6 0 1 36.357 11.456 35.330 10.764
7 0 1 36.293 11.465 35.266 10.773
8 0 1 36.245 11.473 35.218 10.781
9 0 1 36.197 11.482 35.170 10.790
10 0 1 36.149 11.474 35.121 10.782
11 0 1 36.101 11.474 35.073 10.782
12 0 1 36.053 11.475 35.025 10.783
13 0 1 36.021 11.483 34.993 10.791
14 0 1 35.988 11.475 34.961 10.783
15 0 1 35.956 11.467 34.929 10.775
16 0 1 35.924 11.459 34.897 10.767
17 0 1 35.868 11.468 34.841 10.776
18 0 1 35.812 11.460 34.784 10.768
19 0 1 35.764 11.453 34.736 10.760
20 0 1 35.732 11.437 34.704 10.745
21 0 1 35.684 11.453 34.656 10.761
22 0 1 35.620 11.446 34.592 10.753
23 0 1 35.563 11.454 34.535 10.762
24 0 1 35.539 11.446 34.511 10.754
25 0 1 35.491 11.455 34.463 10.762
26 0 1 35.419 11.447 34.391 10.755
27 0 1 35.363 11.439 34.335 10.747
28 0 1 35.315 11.432 34.286 10.739
29 0 1 35.283 11.440 34.254 10.748
30 0 1 35.234 11.448 34.206 10.756
31 0 1 35.186 11.457 34.158 10.764
32 0 1 35.154 11.457 34.126 10.765
33 0 1 35.122 11.473 34.094 10.781
34 0 1 35.090 11.482 34.062 10.789
35 0 1 35.034 11.482 34.005 10.789
36 0 1 34.978 11.482 33.949 10.790
37 0 1 34.930 11.491 33.901 10.798
38 0 1 34.897 11.475 33.869 10.782
39 0 1 34.849 11.475 33.820 10.783
40 0 1 34.785 11.468 33.756 10.775
41 0 1 34.729 11.476 33.700 10.783
42 0 1 34.689 11.468 33.660 10.776
43 0 1 34.640 11.477 33.611 10.784
44 0 1 34.608 11.461 33.579 10.768
45 0 1 34.544 11.478 33.515 10.785
46 0 1 34.496 11.470 33.467 10.777
47 0 1 34.424 11.454 33.394 10.761
48 0 1 34.399 11.438 33.370 10.745
49 0 1 34.351 11.431 33.322 10.738
50 0 1 34.311 11.423 33.282 10.730
51 0 1 34.271 11.415 33.241 10.722
52 0 1 34.207 11.408 33.177 10.715
53 0 1 34.150 11.416 33.121 10.723
54 0 1 34.126 11.408 33.097 10.715
55 0 1 34.078 11.400 33.048 10.707
56 0 1 34.006 11.385 32.976 10.692
57 0 1 33.965 11.401 32.936 10.708
58 0 1 33.917 11.377 32.887 10.684
59 0 1 33.845 11.378 32.815 10.685
60 0 1 33.805 11.378 32.775 10.685
61 0 1 33.772 11.387 32.743 10.693
62 0 1 33.716 11.371 32.686 10.678
63 0 1 33.676 11.387 32.646 10.694
64 0 1 33.660 11.395 32.630 10.702
65 0 1 33.587 11.396 32.557 10.703
66 0 1 33.563 11.396 32.533 10.703
67 0 1 33.531 11.420 32.501 10.727
68 0 1 33.475 11.405 32.445 10.711
69 0 1 33.435 11.421 32.404 10.728
70 0 1 33.370 11.397 32.340 10.704
71 0 1 33.314 11.398 32.284 10.704
72 0 1 33.290 11.398 32.259 10.705
73 0 1 33.258 11.406 32.227 10.713
74 0 1 33.201 11.391 32.171 10.697
75 0 1 33.145 11.407 32.114 10.714
76 0 1 33.113 11.399 32.082 10.706
77 0 1 33.064 11.400 32.034 10.706
78 0 1 33.032 11.416 32.002 10.722
79 0 1 32.984 11.424 31.953 10.731
80 0 1 32.912 11.409 31.881 10.715
81 0 1 32.855 11.425 31.824 10.732
83 0 1 32.847 11.417 31.816 10.724
84 0 1 32.823 11.418 31.792 10.724
85 0 1 32.799 11.418 31.768 10.724
86 0 1 32.759 11.418 31.728 10.724
87 0 1 32.702 11.435 31.671 10.741
88 0 1 32.630 11.435 31.599 10.741
89 0 1 32.573 11.435 31.542 10.742
90 0 1 32.517 11.420 31.486 10.726
91 0 1 32.477 11.420 31.445 10.726
92 0 1 32.436 11.420 31.405 10.727
93 0 1 32.396 11.421 31.365 10.727
94 0 1 32.356 11.421 31.324 10.727
95 0 1 32.316 11.421 31.284 10.727
96 0 1 32.259 11.422 31.228 10.728
97 0 1 32.203 11.422 31.171 10.728
98 0 1 32.146 11.422 31.115 10.728
99 0 1 32.122 11.423 31.090 10.729
100 0 1 32.114 11.423 31.082 10.729
101 0 1 32.090 11.423 31.058 10.729
102 0 1 32.033 11.439 31.002 10.745
103 0 1 31.993 11.440 30.961 10.746
104 0 1 31.937 11.440 30.905 10.746
105 0 1 31.880 11.440 30.848 10.746
106 0 1 31.824 11.425 30.792 10.731
107 0 1 31.800 11.425 30.768 10.731
108 0 1 31.775 11.425 30.743 10.731
109 0 1 31.751 11.425 30.719 10.731
110 0 1 31.711 11.426 30.679 10.731
111 0 1 31.687 11.442 30.655 10.748
112 0 1 31.614 11.458 30.582 10.764
113 0 1 31.542 11.475 30.509 10.781
114 0 1 31.469 11.492 30.436 10.798
115 0 1 31.429 11.508 30.396 10.814
116 0 1 31.421 11.508 30.388 10.814
117 0 1 31.396 11.508 30.364 10.814
118 0 1 31.372 11.509 30.340 10.814
119 0 1 31.316 11.509 30.283 10.815
120 0 1 31.259 11.526 30.226 10.831
121 0 1 31.219 11.526 30.186 10.831
122 0 1 31.162 11.526 30.129 10.832
123 0 1 31.122 11.510 30.089 10.816
124 0 1 31.082 11.511 30.049 10.816
125 0 1 31.041 11.511 30.008 10.817
126 0 1 30.985 11.511 29.952 10.817
127 0 1 30.944 11.512 29.911 10.817
128 0 1 30.872 11.512 29.839 10.818
129 0 1 30.831 11.513 29.798 10.818
130 0 1 30.751 11.489 29.725 10.802
132 0 1 30.743 11.481 29.717 10.794
133 0 1 30.710 11.473 29.685 10.786
134 0 1 30.678 11.481 29.653 10.795
135 0 1 30.646 11.490 29.620 10.803
136 0 1 30.597 11.498 29.572 10.811
137 0 1 30.565 11.490 29.539 10.804
138 0 1 30.533 11.482 29.507 10.796
139 0 1 30.500 11.475 29.475 10.788
140 0 1 30.452 11.483 29.426 10.796
141 0 1 30.387 11.475 29.362 10.789
142 0 1 30.339 11.484 29.313 10.797
143 0 1 30.290 11.476 29.265 10.789
144 0 1 30.226 11.485 29.200 10.798
145 0 1 30.177 11.477 29.151 10.790
146 0 1 30.129 11.485 29.103 10.798
147 0 1 30.080 11.494 29.054 10.807
148 0 1 30.032 11.502 29.006 10.815
149 0 1 29.999 11.494 28.973 10.807
150 0 1 29.951 11.503 28.925 10.816
151 0 1 29.918 11.495 28.892 10.808
152 0 1 29.886 11.503 28.860 10.816
153 0 1 29.854 11.495 28.828 10.808
154 0 1 29.821 11.504 28.795 10.817
155 0 1 29.789 11.496 28.763 10.809
156 0 1 29.740 11.504 28.714 10.817
157 0 1 29.692 11.497 28.666 10.810
158 0 1 29.643 11.489 28.617 10.802
159 0 1 29.595 11.481 28.569 10.794
160 0 1 29.546 11.490 28.520 10.802
161 0 1 29.498 11.482 28.471 10.795
162 0 1 29.449 11.474 28.423 10.787
163 0 1 29.401 11.466 28.374 10.779
164 0 1 29.352 11.475 28.326 10.788
165 0 1 29.304 11.467 28.277 10.780
166 0 1 29.271 11.475 28.245 10.788
167 0 1 29.239 11.451 28.212 10.764
168 0 1 29.207 11.460 28.180 10.772
169 0 1 28.883 11.462 27.896 10.742
170 0 1 28.721 11.366 27.783 10.775
171 0 1 28.705 11.334 27.791 10.799
172 0 1 28.665 11.351 27.645 10.808
173 0 1 28.697 11.350 27.629 10.817
174 0 1 28.681 11.326 27.596 10.817
175 0 1 28.673 11.351 27.548 10.809
176 0 1 28.673 11.351 27.499 10.809
177 0 1 28.600 11.327 27.499 10.817
178 0 1 28.551 11.384 27.491 10.777
179 0 1 28.503 11.352 27.531 10.777
180 0 1 28.519 11.368 27.515 10.769
181 0 1 28.478 11.368 27.475 10.769
182 0 1 28.421 11.385 27.418 10.786
183 0 1 28.365 11.401 27.361 10.802
184 0 1 28.324 11.418 27.320 10.819
185 0 1 28.284 11.434 27.280 10.835
186 0 1 28.259 11.434 27.256 10.835
187 0 1 28.219 11.435 27.215 10.835
188 0 1 28.178 11.435 27.174 10.836
189 0 1 28.138 11.435 27.134 10.836
190 0 1 27.895 11.405 26.858 10.838
191 0 1 27.878 11.413 26.874 10.822
192 0 1 27.838 11.405 26.834 10.814
193 0 1 27.781 11.397 26.777 10.806
194 0 1 27.741 11.406 26.736 10.814
0 1 1 36.519 12.146 35.459 11.479
1 1 1 36.551 12.170 35.443 11.471
2 1 1 36.503 12.171 35.395 11.471
3 1 1 36.454 12.187 35.347 11.488
4 1 1 36.406 12.187 35.299 11.488
5 1 1 36.374 12.188 35.267 11.488
6 1 1 36.326 12.188 35.218 11.489
7 1 1 36.278 12.188 35.170 11.489
8 1 1 36.246 12.189 35.138 11.489
9 1 1 36.214 12.189 35.106 11.490
10 1 1 36.166 12.189 35.058 11.490
11 1 1 36.134 12.182 35.026 11.482
12 1 1 36.086 12.190 34.978 11.490
13 1 1 36.038 12.190 34.930 11.491
14 1 1 35.989 12.167 34.881 11.467
15 1 1 35.941 12.175 34.833 11.475
16 1 1 35.893 12.175 34.785 11.476
17 1 1 35.845 12.152 34.737 11.452
18 1 1 35.797 12.160 34.689 11.460
19 1 1 35.749 12.144 34.640 11.445
20 1 1 35.701 12.145 34.592 11.445
21 1 1 35.653 12.129 34.544 11.429
22 1 1 35.604 12.129 34.496 11.430
23 1 1 35.572 12.130 34.464 11.430
24 1 1 35.524 12.130 34.415 11.430
25 1 1 35.476 12.130 34.367 11.431
26 1 1 35.444 12.123 34.335 11.423
27 1 1 35.396 12.131 34.287 11.431
28 1 1 35.348 12.131 34.239 11.431
29 1 1 35.299 12.132 34.190 11.432
30 1 1 35.251 12.132 34.142 11.432
31 1 1 35.203 12.132 34.094 11.433
32 1 1 35.155 12.149 34.046 11.449
33 1 1 35.107 12.149 33.998 11.449
34 1 1 35.059 12.150 33.949 11.450
35 1 1 35.010 12.142 33.901 11.442
36 1 1 34.962 12.166 33.853 11.466
37 1 1 34.914 12.167 33.805 11.467
38 1 1 34.866 12.159 33.756 11.459
39 1 1 34.818 12.184 33.708 11.484
40 1 1 34.786 12.184 33.676 11.484
41 1 1 34.729 12.176 33.620 11.476
42 1 1 34.705 12.185 33.596 11.484
43 1 1 34.657 12.185 33.547 11.485
44 1 1 34.601 12.177 33.491 11.477
45 1 1 34.561 12.186 33.451 11.485
46 1 1 34.512 12.186 33.402 11.486
47 1 1 34.464 12.178 33.354 11.478
48 1 1 34.416 12.187 33.306 11.487
49 1 1 34.368 12.171 33.258 11.471
50 1 1 34.320 12.163 33.209 11.463
51 1 1 34.271 12.172 33.161 11.471
52 1 1 34.223 12.172 33.113 11.472
53 1 1 34.151 12.165 33.040 11.464
54 1 1 34.127 12.173 33.016 11.473
55 1 1 34.078 12.173 32.968 11.473
56 1 1 34.038 12.166 32.928 11.465
57 1 1 33.998 12.190 32.887 11.490
58 1 1 33.966 12.190 32.855 11.490
59 1 1 33.909 12.183 32.799 11.482
60 1 1 33.869 12.191 32.759 11.490
61 1 1 33.821 12.191 32.710 11.491
62 1 1 33.765 12.208 32.654 11.507
63 1 1 33.724 12.208 32.614 11.508
64 1 1 33.676 12.209 32.565 11.508
65 1 1 33.644 12.225 32.533 11.524
66 1 1 33.596 12.225 32.485 11.525
67 1 1 33.547 12.242 32.436 11.541
68 1 1 33.475 12.234 32.364 11.534
69 1 1 33.435 12.259 32.324 11.558
70 1 1 33.403 12.259 32.291 11.558
71 1 1 33.346 12.252 32.235 11.551
72 1 1 33.306 12.260 32.195 11.559
73 1 1 33.274 12.260 32.162 11.559
74 1 1 33.217 12.253 32.106 11.552
75 1 1 33.177 12.261 32.066 11.560
76 1 1 33.129 12.261 32.017 11.560
77 1 1 33.073 12.238 31.961 11.537
78 1 1 33.048 12.246 31.937 11.545
79 1 1 33.000 12.246 31.888 11.545
80 1 1 32.944 12.239 31.832 11.538
81 1 1 32.887 12.231 31.775 11.530
83 1 1 32.791 12.232 31.679 11.531
84 1 1 32.742 12.216 31.630 11.515
85 1 1 32.694 12.216 31.582 11.515
86 1 1 32.638 12.217 31.525 11.516
87 1 1 32.613 12.217 31.501 11.516
88 1 1 32.565 12.217 31.453 11.516
89 1 1 32.525 12.210 31.412 11.508
90 1 1 32.485 12.218 31.372 11.517
91 1 1 32.436 12.218 31.324 11.517
92 1 1 32.380 12.211 31.267 11.509
93 1 1 32.339 12.219 31.227 11.518
94 1 1 32.291 12.236 31.178 11.534
95 1 1 32.235 12.228 31.122 11.527
96 1 1 32.194 12.236 31.082 11.535
97 1 1 32.146 12.237 31.033 11.535
98 1 1 32.090 12.229 30.977 11.528
99 1 1 32.049 12.254 30.936 11.552
100 1 1 32.001 12.254 30.888 11.552
101 1 1 31.969 12.246 30.856 11.545
102 1 1 31.920 12.255 30.807 11.553
103 1 1 31.872 12.255 30.759 11.553
104 1 1 31.840 12.247 30.726 11.546
105 1 1 31.791 12.256 30.678 11.554
106 1 1 31.743 12.256 30.629 11.554
107 1 1 31.686 12.248 30.573 11.547
108 1 1 31.646 12.257 30.532 11.555
109 1 1 31.614 12.257 30.500 11.555
110 1 1 31.557 12.249 30.444 11.548
111 1 1 31.517 12.258 30.403 11.556
112 1 1 31.468 12.258 30.355 11.556
113 1 1 31.412 12.234 30.298 11.533
114 1 1 31.372 12.243 30.258 11.541
115 1 1 31.323 12.227 30.209 11.525
116 1 1 31.250 12.219 30.137 11.518
117 1 1 31.210 12.228 30.096 11.526
118 1 1 31.178 12.228 30.064 11.526
119 1 1 31.121 12.220 30.007 11.519
120 1 1 31.081 12.229 29.967 11.527
121 1 1 31.032 12.229 29.918 11.527
122 1 1 31.000 12.221 29.886 11.519
123 1 1 30.952 12.230 29.837 11.528
124 1 1 30.903 12.230 29.789 11.528
125 1 1 30.847 12.247 29.732 11.545
126 1 1 30.806 12.247 29.692 11.545
127 1 1 30.758 12.247 29.643 11.545
128 1 1 30.701 12.240 29.587 11.538
129 1 1 30.661 12.248 29.546 11.546
130 1 1 30.612 12.265 29.498 11.563
132 1 1 30.515 12.266 29.401 11.563
133 1 1 30.467 12.282 29.352 11.580
134 1 1 30.410 12.274 29.295 11.572
135 1 1 30.370 12.283 29.255 11.581
136 1 1 30.338 12.283 29.223 11.581
137 1 1 30.281 12.275 29.166 11.573
138 1 1 30.241 12.300 29.125 11.598
139 1 1 30.208 12.276 29.093 11.574
140 1 1 30.152 12.276 29.036 11.574
141 1 1 30.111 12.285 28.996 11.582
142 1 1 30.063 12.285 28.947 11.583
143 1 1 30.006 12.278 28.891 11.575
144 1 1 29.982 12.286 28.866 11.583
145 1 1 29.933 12.286 28.818 11.584
146 1 1 29.804 12.271 28.688 11.569
147 1 1 29.820 12.271 28.705 11.568
148 1 1 29.772 12.271 28.656 11.569
149 1 1 29.772 12.263 28.656 11.561
150 1 1 29.675 12.272 28.559 11.569
151 1 1 29.642 12.272 28.526 11.570
152 1 1 29.577 12.273 28.462 11.578
153 1 1 29.545 12.265 28.429 11.570
154 1 1 29.513 12.265 28.397 11.571
155 1 1 29.464 12.266 28.348 11.579
156 1 1 29.432 12.266 28.316 11.579
157 1 1 29.383 12.282 28.267 11.596
158 1 1 29.335 12.283 28.227 11.596
159 1 1 29.294 12.299 28.186 11.613
160 1 1 29.246 12.300 28.137 11.613
161 1 1 29.197 12.316 28.089 11.629
162 1 1 29.148 12.317 28.040 11.630
163 1 1 29.100 12.333 27.991 11.646
164 1 1 29.051 12.333 27.943 11.647
165 1 1 29.003 12.334 27.894 11.647
166 1 1 28.954 12.334 27.845 11.647
167 1 1 28.905 12.335 27.797 11.648
168 1 1 28.873 12.335 27.764 11.648
169 1 1 28.824 12.335 27.716 11.648
170 1 1 28.792 12.336 27.683 11.649
171 1 1 28.743 12.320 27.635 11.633
172 1 1 28.711 12.320 27.602 11.633
173 1 1 28.679 12.304 27.570 11.617
174 1 1 28.630 12.304 27.521 11.617
175 1 1 28.598 12.305 27.489 11.618
176 1 1 28.549 12.289 27.440 11.602
177 1 1 28.500 12.289 27.391 11.602
178 1 1 28.468 12.273 27.359 11.586
179 1 1 28.420 12.258 27.310 11.570
180 1 1 28.371 12.258 27.262 11.571
181 1 1 28.322 12.242 27.213 11.555
182 1 1 28.274 12.234 27.164 11.547
183 1 1 28.241 12.243 27.132 11.556
184 1 1 28.193 12.243 27.083 11.556
185 1 1 28.160 12.243 27.051 11.556
186 1 1 28.112 12.244 27.002 11.557
187 1 1 28.079 12.244 26.969 11.557
188 1 1 28.047 12.236 26.937 11.549
189 1 1 27.998 12.245 26.888 11.557
190 1 1 27.966 12.245 26.856 11.558
191 1 1 27.917 12.245 26.807 11.558
192 1 1 27.884 12.246 26.775 11.558
193 1 1 27.836 12.262 26.726 11.575
194 1 1 27.803 12.254 26.693 11.567
82 1 1 32.839 12.231 31.727 11.530
131 1 1 30.556 12.257 29.441 11.555
0 2 1 36.552 12.878 35.396 12.308
1 2 1 36.584 12.894 35.372 12.300
2 2 1 36.536 12.910 35.324 12.317
3 2 1 36.504 12.927 35.292 12.333
4 2 1 36.472 12.911 35.259 12.317
5 2 1 36.440 12.927 35.227 12.333
6 2 1 36.424 12.895 35.211 12.301
7 2 1 36.407 12.863 35.195 12.269
8 2 1 36.391 12.831 35.179 12.237
9 2 1 36.359 12.799 35.147 12.205
10 2 1 36.311 12.783 35.099 12.190
11 2 1 36.263 12.800 35.051 12.206
12 2 1 36.215 12.784 35.002 12.190
13 2 1 36.183 12.801 34.970 12.207
14 2 1 36.135 12.801 34.922 12.207
15 2 1 36.087 12.801 34.874 12.207
16 2 1 36.039 12.802 34.826 12.208
17 2 1 35.990 12.802 34.778 12.208
18 2 1 35.942 12.803 34.729 12.209
19 2 1 35.894 12.803 34.681 12.209
20 2 1 35.846 12.803 34.633 12.209
21 2 1 35.798 12.804 34.585 12.210
22 2 1 35.766 12.804 34.553 12.210
23 2 1 35.734 12.788 34.520 12.194
24 2 1 35.702 12.805 34.488 12.210
25 2 1 35.669 12.789 34.456 12.195
26 2 1 35.637 12.805 34.424 12.211
27 2 1 35.605 12.805 34.392 12.211
28 2 1 35.557 12.838 34.344 12.244
29 2 1 35.493 12.871 34.279 12.276
30 2 1 35.445 12.903 34.231 12.309
31 2 1 35.397 12.920 34.183 12.326
32 2 1 35.365 12.920 34.151 12.326
33 2 1 35.316 12.920 34.103 12.326
34 2 1 35.268 12.921 34.054 12.327
35 2 1 35.220 12.921 34.006 12.327
36 2 1 35.172 12.922 33.958 12.327
37 2 1 35.124 12.922 33.910 12.328
38 2 1 35.075 12.922 33.861 12.328
39 2 1 35.027 12.923 33.813 12.328
40 2 1 34.995 12.939 33.781 12.345
41 2 1 34.963 12.923 33.749 12.329
42 2 1 34.931 12.924 33.716 12.329
43 2 1 34.915 12.908 33.700 12.313
44 2 1 34.899 12.876 33.684 12.281
45 2 1 34.883 12.843 33.668 12.249
46 2 1 34.850 12.828 33.636 12.233
47 2 1 34.802 12.812 33.588 12.217
48 2 1 34.738 12.796 33.523 12.202
49 2 1 34.706 12.813 33.491 12.218
50 2 1 34.658 12.797 33.443 12.202
51 2 1 34.336 12.912 33.306 12.308
52 2 1 34.392 12.904 33.258 12.309
53 2 1 34.344 12.904 33.209 12.309
54 2 1 34.312 12.905 33.177 12.309
55 2 1 34.264 12.905 33.129 12.310
56 2 1 34.215 12.905 33.081 12.310
57 2 1 34.183 12.906 33.048 12.310
58 2 1 34.135 12.890 33.000 12.295
59 2 1 34.103 12.890 32.968 12.295
60 2 1 34.071 12.890 32.936 12.295
61 2 1 34.038 12.891 32.903 12.295
62 2 1 34.006 12.875 32.871 12.279
63 2 1 33.990 12.875 32.855 12.280
65 2 1 33.982 12.867 32.847 12.272
66 2 1 33.934 12.884 32.799 12.288
67 2 1 33.853 12.868 32.718 12.273
68 2 1 33.821 12.868 32.686 12.273
69 2 1 33.789 12.869 32.654 12.273
70 2 1 33.757 12.869 32.621 12.273
71 2 1 33.709 12.869 32.573 12.274
72 2 1 33.660 12.854 32.525 12.258
73 2 1 33.628 12.838 32.493 12.242
74 2 1 33.596 12.854 32.460 12.258
75 2 1 33.548 12.838 32.412 12.243
76 2 1 33.483 12.855 32.347 12.259
77 2 1 33.435 12.839 32.299 12.244
78 2 1 33.403 12.856 32.267 12.260
79 2 1 33.387 12.856 32.251 12.260
80 2 1 33.338 12.856 32.202 12.260
81 2 1 33.338 12.840 32.202 12.244
83 2 1 33.306 12.808 32.170 12.212
84 2 1 33.306 12.792 32.170 12.196
85 2 1 33.258 12.760 32.122 12.164
86 2 1 33.169 12.954 32.049 12.350
87 2 1 33.169 12.938 32.041 12.342
88 2 1 33.129 12.939 32.001 12.343
89 2 1 33.089 12.955 31.960 12.359
90 2 1 33.032 12.939 31.904 12.343
91 2 1 32.992 12.956 31.864 12.360
92 2 1 32.952 12.956 31.823 12.360
93 2 1 32.911 12.956 31.783 12.361
94 2 1 32.855 12.957 31.727 12.361
95 2 1 32.815 12.941 31.686 12.345
96 2 1 32.758 12.958 31.630 12.362
97 2 1 32.734 12.942 31.605 12.346
98 2 1 32.678 12.942 31.549 12.346
99 2 1 32.654 12.942 31.525 12.346
101 2 1 32.646 12.934 31.517 12.338
102 2 1 32.605 12.919 31.476 12.323
103 2 1 32.565 12.919 31.436 12.323
104 2 1 32.525 12.919 31.396 12.323
105 2 1 32.468 12.920 31.339 12.324
106 2 1 32.444 12.920 31.315 12.324
107 2 1 32.404 12.920 31.275 12.324
108 2 1 32.363 12.905 31.234 12.308
109 2 1 32.307 12.905 31.178 12.309
110 2 1 32.283 12.905 31.154 12.309
111 2 1 32.226 12.906 31.097 12.309
112 2 1 32.186 12.890 31.057 12.294
113 2 1 32.146 12.890 31.016 12.294
114 2 1 32.105 12.890 30.976 12.294
115 2 1 32.049 12.891 30.919 12.295
116 2 1 32.025 12.891 30.895 12.295
117 2 1 31.984 12.891 30.855 12.295
118 2 1 31.960 12.892 30.831 12.295
119 2 1 31.920 12.876 30.790 12.280
120 2 1 31.879 12.876 30.750 12.280
121 2 1 31.839 12.877 30.709 12.280
122 2 1 31.815 12.861 30.685 12.264
123 2 1 31.775 12.845 30.645 12.248
124 2 1 31.734 12.829 30.604 12.233
125 2 1 31.694 12.829 30.564 12.233
126 2 1 31.654 12.830 30.524 12.233
127 2 1 31.597 12.830 30.467 12.234
128 2 1 31.573 12.830 30.443 12.234
129 2 1 31.516 12.831 30.386 12.234
130 2 1 31.492 12.831 30.362 12.234
132 2 1 31.395 12.832 30.265 12.235
133 2 1 31.355 12.832 30.225 12.235
134 2 1 31.315 12.832 30.184 12.236
135 2 1 31.258 12.833 30.128 12.236
136 2 1 31.218 12.817 30.087 12.220
137 2 1 31.177 12.817 30.047 12.221
138 2 1 31.137 12.818 30.006 12.221
139 2 1 31.080 12.818 29.950 12.221
140 2 1 31.056 12.835 29.925 12.238
141 2 1 31.016 12.851 29.885 12.254
142 2 1 30.991 12.851 29.861 12.254
143 2 1 30.951 12.852 29.820 12.255
144 2 1 30.927 12.852 29.796 12.255
145 2 1 30.886 12.852 29.755 12.255
146 2 1 30.862 12.852 29.731 12.255
147 2 1 30.806 12.853 29.675 12.256
148 2 1 30.781 12.853 29.650 12.256
149 2 1 30.725 12.853 29.594 12.257
150 2 1 30.684 12.854 29.553 12.257
151 2 1 30.644 12.854 29.513 12.257
152 2 1 30.604 12.854 29.472 12.257
153 2 1 30.547 12.871 29.416 12.274
154 2 1 30.507 12.871 29.375 12.274
155 2 1 30.450 12.872 29.318 12.275
156 2 1 30.426 12.888 29.294 12.291
157 2 1 30.385 12.888 29.254 12.291
158 2 1 30.345 12.889 29.213 12.292
159 2 1 30.305 12.889 29.173 12.292
160 2 1 30.280 12.906 29.148 12.308
161 2 1 30.240 12.906 29.108 12.309
162 2 1 30.216 12.906 29.084 12.309
163 2 1 30.175 12.906 29.043 12.309
164 2 1 30.151 12.907 29.019 12.309
165 2 1 30.110 12.907 28.978 12.310
166 2 1 30.070 12.907 28.938 12.310
167 2 1 30.030 12.908 28.897 12.310
168 2 1 29.989 12.908 28.857 12.311
169 2 1 29.949 12.908 28.816 12.311
170 2 1 29.908 12.909 28.776 12.311
171 2 1 29.690 12.846 28.752 12.215
172 2 1 29.682 12.886 28.752 12.198
173 2 1 29.666 12.862 28.744 12.182
174 2 1 29.747 12.821 28.663 12.223
175 2 1 29.560 12.920 28.776 12.174
176 2 1 29.698 12.846 28.630 12.248
177 2 1 29.657 12.846 28.590 12.248
178 2 1 29.633 12.830 28.565 12.232
179 2 1 29.577 12.830 28.509 12.233
180 2 1 29.568 12.831 28.501 12.233
181 2 1 29.528 12.815 28.460 12.217
182 2 1 29.488 12.799 28.420 12.201
183 2 1 29.447 12.799 28.379 12.201
184 2 1 29.423 12.799 28.355 12.201
185 2 1 29.382 12.800 28.314 12.202
186 2 1 29.342 12.784 28.274 12.186
187 2 1 29.301 12.784 28.233 12.186
188 2 1 29.261 12.785 28.193 12.187
189 2 1 29.220 12.785 28.152 12.187
190 2 1 29.180 12.785 28.112 12.187
191 2 1 29.123 12.786 28.055 12.188
192 2 1 29.083 12.786 28.014 12.188
193 2 1 29.026 12.786 27.958 12.188
194 2 1 29.002 12.803 27.933 12.205
82 2 1 33.322 12.840 32.186 12.244
131 2 1 31.436 12.831 30.305 12.235
0 3 1 36.545 13.602 35.284 12.929
1 3 1 36.577 13.626 35.260 12.921
2 3 1 36.553 13.618 35.236 12.913
3 3 1 36.529 13.627 35.212 12.921
4 3 1 36.489 13.619 35.172 12.914
5 3 1 36.465 13.627 35.148 12.922
6 3 1 36.441 13.619 35.124 12.914
7 3 1 36.401 13.628 35.083 12.922
8 3 1 36.361 13.620 35.043 12.915
9 3 1 36.321 13.629 35.003 12.923
10 3 1 36.280 13.621 34.963 12.915
11 3 1 36.256 13.629 34.939 12.924
12 3 1 36.216 13.621 34.899 12.916
13 3 1 36.176 13.630 34.859 12.924
14 3 1 36.120 13.614 34.802 12.909
15 3 1 36.080 13.631 34.762 12.925
16 3 1 36.024 13.639 34.706 12.934
17 3 1 35.984 13.648 34.666 12.942
18 3 1 35.943 13.640 34.625 12.934
19 3 1 35.903 13.648 34.585 12.943
20 3 1 35.847 13.641 34.529 12.935
21 3 1 35.807 13.649 34.489 12.943
22 3 1 35.767 13.658 34.449 12.952
23 3 1 35.743 13.666 34.425 12.960
24 3 1 35.719 13.642 34.400 12.936
25 3 1 35.695 13.650 34.376 12.944
26 3 1 35.654 13.642 34.336 12.937
27 3 1 35.614 13.635 34.296 12.929
28 3 1 35.558 13.627 34.240 12.921
29 3 1 35.518 13.636 34.199 12.930
30 3 1 35.478 13.628 34.159 12.922
31 3 1 35.438 13.636 34.119 12.930
32 3 1 35.381 13.621 34.063 12.915
33 3 1 35.357 13.637 34.038 12.931
34 3 1 35.317 13.629 33.998 12.923
35 3 1 35.277 13.614 33.958 12.907
36 3 1 35.237 13.614 33.918 12.908
37 3 1 35.197 13.622 33.878 12.916
38 3 1 35.140 13.607 33.821 12.901
39 3 1 35.100 13.623 33.781 12.917
40 3 1 35.044 13.616 33.725 12.909
41 3 1 35.020 13.616 33.701 12.910
42 3 1 34.980 13.632 33.660 12.926
43 3 1 34.956 13.641 33.636 12.934
44 3 1 34.915 13.641 33.596 12.935
45 3 1 34.875 13.657 33.556 12.951
46 3 1 34.835 13.650 33.515 12.943
47 3 1 34.795 13.650 33.475 12.944
48 3 1 34.755 13.650 33.435 12.944
49 3 1 34.714 13.659 33.395 12.952
50 3 1 34.674 13.667 33.354 12.961
51 3 1 34.634 13.676 33.314 12.969
52 3 1 34.578 13.668 33.258 12.962
53 3 1 34.538 13.668 33.218 12.962
54 3 1 34.497 13.669 33.177 12.962
55 3 1 34.457 13.677 33.137 12.971
56 3 1 34.417 13.661 33.097 12.955
57 3 1 34.377 13.678 33.056 12.971
58 3 1 34.337 13.686 33.016 12.980
59 3 1 34.296 13.687 32.976 12.980
60 3 1 34.256 13.703 32.936 12.997
61 3 1 34.232 13.711 32.911 13.005
62 3 1 34.208 13.679 32.887 12.973
63 3 1 34.184 13.696 32.863 12.989
64 3 1 34.127 13.688 32.807 12.982
65 3 1 34.087 13.688 32.766 12.982
66 3 1 34.047 13.689 32.726 12.982
67 3 1 34.007 13.697 32.686 12.991
68 3 1 33.966 13.681 32.646 12.975
69 3 1 33.942 13.698 32.621 12.991
70 3 1 33.902 13.690 32.581 12.983
71 3 1 33.862 13.690 32.541 12.984
72 3 1 33.822 13.691 32.500 12.984
73 3 1 33.797 13.699 32.476 12.992
74 3 1 33.741 13.683 32.420 12.977
75 3 1 33.701 13.684 32.380 12.977
76 3 1 33.644 13.676 32.323 12.969
77 3 1 33.604 13.685 32.283 12.978
78 3 1 33.548 13.677 32.226 12.970
79 3 1 33.508 13.702 32.186 12.995
80 3 1 33.483 13.686 32.162 12.979
81 3 1 33.459 13.718 32.138 13.011
83 3 1 33.379 13.711 32.057 13.004
84 3 1 33.338 13.711 32.017 13.004
85 3 1 33.298 13.720 31.976 13.013
86 3 1 33.258 13.704 31.936 12.997
87 3 1 33.218 13.720 31.896 13.013
88 3 1 33.177 13.729 31.855 13.022
89 3 1 33.137 13.729 31.815 13.022
90 3 1 33.081 13.730 31.758 13.023
91 3 1 33.056 13.722 31.734 13.015
92 3 1 33.000 13.706 31.678 12.999
93 3 1 32.976 13.722 31.653 13.015
94 3 1 32.936 13.715 31.613 13.008
95 3 1 32.895 13.715 31.573 13.008
96 3 1 32.855 13.715 31.532 13.008
97 3 1 32.831 13.724 31.508 13.017
98 3 1 32.791 13.732 31.468 13.025
99 3 1 32.766 13.740 31.444 13.033
100 3 1 32.726 13.717 31.403 13.009
101 3 1 32.702 13.717 31.379 13.010
102 3 1 32.645 13.717 31.322 13.010
103 3 1 32.605 13.726 31.282 13.018
104 3 1 32.565 13.710 31.242 13.003
105 3 1 32.541 13.710 31.218 13.003
106 3 1 32.500 13.702 31.177 12.995
107 3 1 32.476 13.711 31.153 13.003
108 3 1 32.420 13.703 31.096 12.996
109 3 1 32.379 13.712 31.056 13.004
110 3 1 32.339 13.696 31.016 12.988
111 3 1 32.299 13.696 30.975 12.989
112 3 1 32.258 13.688 30.935 12.981
113 3 1 32.234 13.672 30.911 12.965
114 3 1 32.178 13.673 30.854 12.965
115 3 1 32.137 13.681 30.814 12.974
116 3 1 32.097 13.666 30.773 12.958
117 3 1 32.057 13.682 30.733 12.974
118 3 1 32.016 13.674 30.692 12.967
119 3 1 31.992 13.675 30.668 12.967
120 3 1 31.952 13.675 30.628 12.967
121 3 1 31.911 13.683 30.587 12.976
122 3 1 31.871 13.668 30.547 12.960
123 3 1 31.847 13.684 30.523 12.976
124 3 1 31.790 13.676 30.466 12.969
125 3 1 31.766 13.677 30.442 12.969
126 3 1 31.710 13.677 30.385 12.969
127 3 1 31.685 13.685 30.361 12.978
128 3 1 31.629 13.670 30.304 12.962
129 3 1 31.588 13.686 30.264 12.978
130 3 1 31.548 13.679 30.224 12.971
132 3 1 31.451 13.679 30.126 12.971
133 3 1 31.427 13.688 30.102 12.980
134 3 1 31.387 13.672 30.062 12.964
135 3 1 31.346 13.688 30.021 12.980
136 3 1 31.290 13.681 29.965 12.973
137 3 1 31.249 13.681 29.924 12.973
138 3 1 31.209 13.698 29.884 12.990
139 3 1 31.185 13.690 29.860 12.982
140 3 1 31.144 13.674 29.819 12.966
141 3 1 31.136 13.674 29.811 12.966
142 3 1 31.096 13.666 29.771 12.958
143 3 1 31.039 13.675 29.714 12.967
144 3 1 30.999 13.667 29.673 12.959
145 3 1 30.958 13.676 29.633 12.967
146 3 1 30.918 13.660 29.593 12.952
147 3 1 30.894 13.660 29.568 12.952
148 3 1 30.853 13.652 29.528 12.944
149 3 1 30.829 13.652 29.503 12.952
150 3 1 30.773 13.645 29.447 12.945
151 3 1 30.748 13.653 29.423 12.953
152 3 1 30.692 13.646 29.366 12.945
153 3 1 30.667 13.638 29.342 12.938
154 3 1 30.611 13.630 29.285 12.930
155 3 1 30.562 13.639 29.236 12.946
156 3 1 30.514 13.647 29.188 12.955
157 3 1 30.490 13.655 29.163 12.963
158 3 1 30.449 13.648 29.123 12.964
159 3 1 30.409 13.648 29.082 12.964
160 3 1 30.368 13.640 29.042 12.956
161 3 1 30.344 13.649 29.026 12.964
162 3 1 30.287 13.641 28.969 12.957
163 3 1 30.263 13.649 28.945 12.965
164 3 1 30.206 13.642 28.888 12.957
165 3 1 30.166 13.650 28.847 12.966
166 3 1 30.126 13.642 28.807 12.958
167 3 1 30.077 13.651 28.758 12.967
168 3 1 30.045 13.643 28.726 12.959
169 3 1 30.004 13.652 28.685 12.967
170 3 1 29.964 13.644 28.645 12.959
171 3 1 29.923 13.652 28.604 12.968
172 3 1 29.883 13.645 28.564 12.960
173 3 1 29.834 13.653 28.515 12.969
174 3 1 29.786 13.662 28.467 12.977
175 3 1 29.745 13.670 28.426 12.986
176 3 1 29.713 13.662 28.394 12.978
177 3 1 29.697 13.654 28.377 12.970
178 3 1 29.656 13.647 28.337 12.962
179 3 1 29.632 13.655 28.313 12.970
180 3 1 29.575 13.647 28.256 12.963
181 3 1 29.535 13.656 28.215 12.971
182 3 1 29.486 13.648 28.167 12.963
183 3 1 29.454 13.640 28.134 12.956
184 3 1 29.413 13.633 28.094 12.948
185 3 1 29.373 13.641 28.053 12.956
186 3 1 29.332 13.633 28.013 12.948
187 3 1 29.308 13.642 27.988 12.957
188 3 1 29.259 13.634 27.940 12.949
189 3 1 29.243 13.626 27.923 12.941
190 3 1 29.203 13.618 27.883 12.933
191 3 1 29.162 13.627 27.842 12.942
192 3 1 29.106 13.603 27.785 12.918
193 3 1 29.065 13.611 27.745 12.926
194 3 1 29.016 13.604 27.696 12.919
82 3 1 33.419 13.711 32.097 13.004
131 3 1 31.508 13.679 30.183 12.971
0 4 1 35.257 10.371 34.519 9.733
1 4 1 35.225 10.387 34.495 9.709
2 4 1 35.145 10.300 34.487 9.749
3 4 1 35.177 10.340 34.358 9.734
4 4 1 35.097 10.388 34.334 9.710
5 4 1 35.049 10.381 34.238 9.719
6 4 1 34.985 10.365 34.149 9.727
7 4 1 35.025 10.389 34.045 9.728
8 4 1 34.953 10.397 34.005 9.720
9 4 1 34.904 10.406 33.949 9.729
10 4 1 34.880 10.398 33.876 9.745
11 4 1 34.880 10.406 33.900 9.721
12 4 1 34.864 10.366 33.916 9.713
13 4 1 34.752 10.391 33.876 9.729
14 4 1 34.712 10.383 33.844 9.745
15 4 1 34.583 10.335 33.876 9.729
16 4 1 34.591 10.392 33.772 9.730
17 4 1 34.535 10.408 33.748 9.722
18 4 1 34.487 10.384 33.740 9.722
19 4 1 34.431 10.377 33.675 9.706
20 4 1 34.334 10.345 33.619 9.731
21 4 1 34.391 10.385 33.515 9.715
22 4 1 34.342 10.353 33.555 9.739
23 4 1 34.302 10.353 33.515 9.739
24 4 1 34.246 10.354 33.458 9.740
25 4 1 34.190 10.354 33.402 9.740
26 4 1 34.134 10.354 33.346 9.740
27 4 1 34.093 10.355 33.306 9.741
28 4 1 34.037 10.371 33.249 9.757
29 4 1 34.013 10.371 33.105 9.710
30 4 1 33.957 10.347 33.169 9.733
31 4 1 33.917 10.348 33.129 9.734
32 4 1 33.877 10.348 33.089 9.734
33 4 1 33.836 10.348 33.048 9.734
34 4 1 33.627 10.325 33.000 9.734
35 4 1 33.708 10.333 32.928 9.727
36 4 1 33.660 10.325 32.879 9.719
37 4 1 33.611 10.318 32.831 9.711
38 4 1 33.467 10.415 32.694 9.624
39 4 1 33.475 10.318 32.702 9.712
40 4 1 33.434 10.311 32.662 9.704
41 4 1 33.394 10.319 32.622 9.712
42 4 1 33.338 10.311 32.566 9.705
43 4 1 33.298 10.303 32.525 9.697
44 4 1 33.241 10.312 32.469 9.705
45 4 1 33.201 10.304 32.429 9.698
46 4 1 33.145 10.296 32.372 9.690
47 4 1 33.105 10.289 32.332 9.682
48 4 1 33.048 10.297 32.276 9.690
49 4 1 33.024 10.289 32.252 9.683
50 4 1 32.968 10.298 32.195 9.691
51 4 1 32.928 10.290 32.155 9.683
52 4 1 32.871 10.298 32.099 9.691
53 4 1 32.847 10.290 32.075 9.684
54 4 1 32.791 10.299 32.018 9.692
55 4 1 32.751 10.291 31.978 9.684
56 4 1 32.710 10.299 31.938 9.692
57 4 1 32.670 10.308 31.897 9.701
58 4 1 32.614 10.316 31.841 9.709
59 4 1 32.574 10.308 31.801 9.701
60 4 1 32.517 10.317 31.744 9.710
61 4 1 32.477 10.309 31.704 9.702
62 4 1 32.421 10.317 31.648 9.710
63 4 1 32.324 10.406 31.664 9.670
64 4 1 32.300 10.415 31.623 9.678
65 4 1 32.276 10.415 31.607 9.654
66 4 1 32.243 10.399 31.503 9.687
67 4 1 32.243 10.342 31.502 9.735
68 4 1 32.203 10.335 31.462 9.728
69 4 1 32.147 10.327 31.406 9.720
70 4 1 32.106 10.335 31.365 9.728
71 4 1 32.050 10.328 31.309 9.720
72 4 1 32.010 10.336 31.269 9.729
73 4 1 31.953 10.328 31.212 9.721
74 4 1 31.913 10.337 31.172 9.729
75 4 1 31.857 10.329 31.116 9.722
76 4 1 31.816 10.321 31.075 9.714
77 4 1 31.808 10.418 31.035 9.658
78 4 1 31.784 10.337 31.043 9.730
79 4 1 31.663 10.419 30.978 9.650
80 4 1 31.566 10.427 30.970 9.642
81 4 1 31.567 10.403 30.962 9.682
83 4 1 31.462 10.396 30.680 9.692
84 4 1 31.421 10.412 30.607 9.684
85 4 1 31.373 10.413 30.543 9.685
86 4 1 31.381 10.396 30.502 9.709
87 4 1 31.389 10.412 30.510 9.725
88 4 1 31.325 10.389 30.478 9.725
89 4 1 31.300 10.340 30.414 9.758
90 4 1 31.212 10.349 30.502 9.749
91 4 1 31.171 10.349 30.462 9.750
92 4 1 31.091 10.358 30.389 9.734
93 4 1 31.066 10.406 30.349 9.718
94 4 1 31.058 10.358 30.357 9.758
95 4 1 30.897 10.424 30.204 9.719
96 4 1 30.905 10.367 30.212 9.767
97 4 1 30.865 10.367 30.171 9.768
98 4 1 30.808 10.360 30.099 9.736
99 4 1 30.800 10.344 30.107 9.744
100 4 1 30.760 10.344 30.066 9.744
101 4 1 30.720 10.344 30.026 9.744
102 4 1 30.679 10.345 29.986 9.744
103 4 1 30.623 10.345 29.929 9.745
104 4 1 30.582 10.345 29.889 9.745
105 4 1 30.526 10.329 29.832 9.729
106 4 1 30.486 10.314 29.792 9.713
107 4 1 30.429 10.314 29.735 9.714
108 4 1 30.405 10.314 29.711 9.714
109 4 1 30.348 10.314 29.654 9.714
110 4 1 30.308 10.315 29.614 9.714
111 4 1 30.251 10.315 29.557 9.715
112 4 1 30.227 10.315 29.533 9.715
113 4 1 30.171 10.316 29.477 9.715
114 4 1 30.146 10.316 29.452 9.715
115 4 1 30.041 10.357 29.299 9.749
116 4 1 30.017 10.349 29.323 9.748
117 4 1 29.977 10.349 29.283 9.749
118 4 1 29.936 10.349 29.242 9.749
119 4 1 29.880 10.350 29.186 9.749
120 4 1 29.839 10.350 29.145 9.750
121 4 1 29.799 10.366 29.105 9.766
122 4 1 29.758 10.350 29.064 9.750
123 4 1 29.823 10.358 28.991 9.750
124 4 1 29.750 10.350 29.056 9.750
125 4 1 29.710 10.351 29.016 9.750
126 4 1 29.653 10.351 28.959 9.751
127 4 1 29.613 10.351 28.919 9.751
128 4 1 29.483 10.441 28.781 9.671
129 4 1 29.435 10.369 28.725 9.696
130 4 1 29.435 10.377 28.668 9.704
132 4 1 29.273 10.346 28.579 9.745
133 4 1 29.233 10.346 28.538 9.745
134 4 1 29.314 10.369 28.320 9.738
135 4 1 29.233 10.346 28.255 9.755
136 4 1 29.176 10.330 28.482 9.729
137 4 1 29.136 10.330 28.441 9.730
138 4 1 29.120 10.338 28.207 9.731
139 4 1 29.023 10.363 28.215 9.699
140 4 1 29.015 10.331 28.207 9.691
141 4 1 28.998 10.371 28.182 9.699
142 4 1 28.934 10.332 28.239 9.731
143 4 1 28.877 10.332 28.182 9.731
144 4 1 28.772 10.373 28.085 9.699
145 4 1 28.723 10.373 28.077 9.651
146 4 1 28.748 10.349 28.020 9.700
147 4 1 28.723 10.317 28.045 9.716
148 4 1 28.675 10.325 27.858 9.717
149 4 1 28.610 10.318 27.931 9.717
150 4 1 28.642 10.333 27.704 9.718
151 4 1 28.561 10.310 27.883 9.709
152 4 1 28.521 10.310 27.842 9.709
153 4 1 28.464 10.310 27.785 9.709
154 4 1 28.505 10.359 27.567 9.694
155 4 1 28.456 10.343 27.567 9.678
156 4 1 28.416 10.367 27.607 9.670
157 4 1 28.351 10.319 27.672 9.718
158 4 1 28.318 10.384 27.486 9.679
159 4 1 28.302 10.311 27.623 9.710
160 4 1 28.140 10.442 27.397 9.671
161 4 1 28.075 10.410 27.405 9.671
162 4 1 28.092 10.385 27.283 9.680
163 4 1 28.027 10.329 27.356 9.728
164 4 1 28.027 10.337 27.202 9.753
165 4 1 27.946 10.338 27.275 9.745
166 4 1 27.905 10.338 27.234 9.745
167 4 1 27.865 10.330 27.194 9.737
168 4 1 27.938 10.378 26.967 9.650
169 4 1 27.913 10.346 26.959 9.634
170 4 1 27.873 10.419 26.999 9.625
171 4 1 27.873 10.443 26.991 9.601
172 4 1 27.808 10.492 26.951 9.634
173 4 1 27.695 10.364 26.975 9.617
174 4 1 27.671 10.283 26.999 9.690
175 4 1 27.622 10.283 26.951 9.690
176 4 1 27.589 10.284 26.918 9.690
177 4 1 27.468 10.422 26.675 9.692
178 4 1 27.468 10.406 26.691 9.676
179 4 1 27.452 10.341 26.650 9.692
180 4 1 27.395 10.309 26.723 9.716
181 4 1 27.362 10.309 26.691 9.716
182 4 1 27.370 10.325 26.399 9.677
183 4 1 27.322 10.285 26.447 9.733
184 4 1 27.298 10.302 26.367 9.629
185 4 1 27.273 10.278 26.367 9.629
186 4 1 27.298 10.269 26.350 9.653
187 4 1 27.281 10.269 26.610 9.676
188 4 1 26.916 10.296 26.310 9.662
189 4 1 26.949 10.272 26.285 9.678
190 4 1 26.908 10.272 26.245 9.678
191 4 1 26.851 10.272 26.188 9.679
192 4 1 26.819 10.272 26.155 9.679
193 4 1 26.884 10.377 26.131 9.606
194 4 1 26.811 10.289 26.164 9.614
82 4 1 31.518 10.379 30.882 9.715
131 4 1 29.362 10.361 28.482 9.745
0 6 1 34.271 10.957 33.547 10.310
1 6 1 34.230 10.949 33.483 10.262
2 6 1 34.206 10.957 33.442 10.262
3 6 1 34.118 10.917 33.314 10.287
4 6 1 33.997 10.894 33.209 10.360
5 6 1 33.973 10.862 33.225 10.352
6 6 1 33.941 10.878 33.241 10.360
7 6 1 33.877 10.855 32.968 10.338
8 6 1 33.845 10.911 32.928 10.330
9 6 1 33.837 10.887 32.879 10.258
10 6 1 33.829 10.871 32.871 10.234
11 6 1 33.780 10.879 32.871 10.226
12 6 1 33.684 10.856 32.847 10.210
13 6 1 33.603 10.849 32.791 10.210
14 6 1 33.555 10.841 32.807 10.202
15 6 1 33.499 10.849 32.791 10.186
16 6 1 33.475 10.833 32.751 10.170
17 6 1 33.451 10.842 32.702 10.171
18 6 1 33.410 10.882 32.654 10.179
19 6 1 33.225 10.859 32.493 10.301
20 6 1 33.225 10.891 32.388 10.245
21 6 1 33.241 10.859 32.372 10.342
22 6 1 33.185 10.876 32.421 10.317
23 6 1 33.137 10.884 32.372 10.326
24 6 1 33.105 10.876 32.340 10.318
25 6 1 33.056 10.884 32.292 10.326
26 6 1 32.992 10.893 32.227 10.335
27 6 1 32.944 10.901 32.179 10.343
28 6 1 33.121 10.836 32.066 10.150
29 6 1 32.984 10.845 32.042 10.151
30 6 1 32.895 10.781 32.131 10.222
31 6 1 32.847 10.789 32.082 10.231
32 6 1 32.815 10.781 32.050 10.223
33 6 1 32.783 10.790 32.018 10.231
34 6 1 32.622 10.791 32.002 10.135
35 6 1 32.694 10.742 31.937 10.183
36 6 1 32.654 10.734 31.897 10.176
37 6 1 32.614 10.743 31.857 10.184
38 6 1 32.557 10.735 31.800 10.176
39 6 1 32.517 10.727 31.760 10.168
40 6 1 32.461 10.719 31.704 10.161
41 6 1 32.420 10.712 31.663 10.153
42 6 1 32.364 10.704 31.607 10.145
43 6 1 32.324 10.696 31.567 10.137
44 6 1 32.267 10.672 31.510 10.114
45 6 1 32.227 10.665 31.470 10.106
46 6 1 32.171 10.657 31.414 10.098
47 6 1 32.131 10.649 31.373 10.090
48 6 1 32.074 10.641 31.317 10.083
49 6 1 31.913 10.844 31.260 10.188
50 6 1 31.961 10.787 31.220 10.228
51 6 1 31.921 10.796 31.180 10.237
52 6 1 31.881 10.788 31.139 10.229
53 6 1 31.824 10.796 31.083 10.237
54 6 1 31.784 10.788 31.042 10.229
55 6 1 31.727 10.797 30.986 10.238
56 6 1 31.687 10.805 30.946 10.246
57 6 1 31.631 10.814 30.889 10.255
58 6 1 31.590 10.822 30.849 10.263
59 6 1 31.534 10.830 30.792 10.271
60 6 1 31.477 10.839 30.736 10.280
61 6 1 31.421 10.847 30.679 10.288
62 6 1 31.381 10.839 30.639 10.280
63 6 1 31.324 10.848 30.582 10.289
64 6 1 31.284 10.856 30.542 10.297
65 6 1 31.300 10.792 30.583 10.095
66 6 1 31.244 10.808 30.542 10.096
67 6 1 31.260 10.727 30.534 10.168
68 6 1 31.219 10.720 30.494 10.160
69 6 1 31.195 10.712 30.470 10.152
70 6 1 31.090 10.809 30.308 10.081
71 6 1 31.066 10.721 30.340 10.161
72 6 1 31.026 10.713 30.300 10.154
73 6 1 30.986 10.721 30.260 10.162
74 6 1 30.751 10.852 30.001 10.196
75 6 1 30.743 10.804 30.017 10.244
76 6 1 30.703 10.796 29.977 10.236
77 6 1 30.663 10.788 29.936 10.228
78 6 1 30.606 10.780 29.880 10.221
79 6 1 30.663 10.715 29.856 10.148
80 6 1 30.590 10.764 29.823 10.165
81 6 1 30.509 10.757 29.799 10.149
83 6 1 30.364 10.790 29.630 10.085
84 6 1 30.364 10.717 29.646 10.158
85 6 1 30.324 10.718 29.605 10.158
86 6 1 30.283 10.807 29.630 10.117
87 6 1 30.307 10.734 29.597 10.174
88 6 1 30.267 10.734 29.557 10.174
89 6 1 30.210 10.735 29.500 10.175
90 6 1 30.170 10.735 29.460 10.175
91 6 1 30.113 10.735 29.403 10.175
92 6 1 30.162 10.719 29.233 10.088
93 6 1 30.057 10.736 29.346 10.176
94 6 1 30.008 10.736 29.298 10.176
95 6 1 29.919 10.817 29.177 10.112
96 6 1 29.855 10.793 29.088 10.105
97 6 1 29.742 10.762 28.967 10.105
98 6 1 29.693 10.794 28.934 10.114
99 6 1 29.620 10.771 28.902 10.130
100 6 1 29.612 10.730 28.902 10.170
101 6 1 29.572 10.731 28.861 10.171
102 6 1 29.588 10.779 28.780 10.091
103 6 1 29.515 10.731 28.740 10.115
104 6 1 29.459 10.723 28.675 10.099
105 6 1 29.434 10.724 28.562 10.100
106 6 1 29.394 10.700 28.505 10.133
107 6 1 29.305 10.692 28.594 10.132
108 6 1 29.257 10.684 28.546 10.124
109 6 1 29.208 10.669 28.497 10.108
110 6 1 29.160 10.661 28.449 10.101
111 6 1 29.111 10.653 28.400 10.093
112 6 1 29.063 10.637 28.351 10.077
113 6 1 29.014 10.630 28.303 10.069
114 6 1 28.974 10.638 28.262 10.078
115 6 1 28.925 10.622 28.214 10.062
116 6 1 28.885 10.622 28.173 10.062
117 6 1 28.844 10.623 28.133 10.062
118 6 1 28.796 10.623 28.084 10.063
119 6 1 28.755 10.623 28.044 10.063
120 6 1 28.723 10.623 28.011 10.063
121 6 1 28.674 10.624 27.963 10.063
122 6 1 28.626 10.632 27.914 10.072
123 6 1 28.577 10.641 27.866 10.080
124 6 1 28.642 10.632 27.493 10.131
125 6 1 28.520 10.633 27.809 10.072
126 6 1 28.472 10.633 27.760 10.073
127 6 1 28.423 10.642 27.712 10.081
128 6 1 28.375 10.634 27.663 10.073
129 6 1 28.326 10.642 27.614 10.082
130 6 1 28.439 10.690 27.549 10.090
132 6 1 28.261 10.667 27.549 10.106
133 6 1 28.212 10.667 27.501 10.107
134 6 1 28.091 10.652 27.347 10.172
135 6 1 28.018 10.685 27.136 10.133
136 6 1 27.937 10.677 27.225 10.124
137 6 1 27.896 10.669 27.185 10.117
138 6 1 27.953 10.685 27.039 10.118
139 6 1 27.913 10.669 27.006 10.118
140 6 1 27.848 10.653 27.136 10.101
141 6 1 28.059 10.676 26.901 10.127
142 6 1 27.799 10.638 27.087 10.085
143 6 1 27.751 10.630 27.039 10.077
144 6 1 27.702 10.622 26.990 10.069
145 6 1 27.653 10.614 26.941 10.062
146 6 1 27.613 10.615 26.901 10.062
147 6 1 27.686 10.614 26.763 10.079
148 6 1 27.524 10.623 26.706 10.120
149 6 1 27.524 10.623 26.657 10.144
150 6 1 27.426 10.648 26.665 10.128
151 6 1 27.280 10.641 26.617 10.096
152 6 1 27.232 10.641 26.479 10.113
153 6 1 27.191 10.674 26.462 10.113
154 6 1 27.264 10.682 26.373 10.098
155 6 1 27.248 10.674 26.308 10.106
156 6 1 27.159 10.634 26.454 10.105
157 6 1 27.110 10.634 26.406 10.105
158 6 1 27.061 10.634 26.357 10.106
159 6 1 27.013 10.643 26.308 10.114
160 6 1 27.159 10.674 26.113 10.083
161 6 1 26.948 10.643 26.243 10.114
162 6 1 26.899 10.644 26.194 10.115
163 6 1 26.850 10.652 26.146 10.123
164 6 1 26.810 10.644 26.105 10.115
165 6 1 26.769 10.653 26.065 10.124
166 6 1 26.729 10.621 25.926 10.133
167 6 1 26.664 10.597 25.805 10.061
168 6 1 26.623 10.662 25.829 10.020
169 6 1 26.631 10.637 25.788 10.077
170 6 1 26.599 10.605 25.740 10.077
171 6 1 26.583 10.605 25.683 10.053
172 6 1 26.615 10.589 25.585 10.135
173 6 1 26.550 10.573 25.415 10.087
174 6 1 26.493 10.574 25.789 10.053
175 6 1 26.241 10.664 25.431 10.039
176 6 1 26.193 10.608 25.488 10.087
177 6 1 26.144 10.600 25.439 10.079
178 6 1 26.104 10.592 25.398 10.071
179 6 1 26.055 10.593 25.350 10.072
180 6 1 26.006 10.585 25.301 10.064
181 6 1 25.965 10.585 25.260 10.064
182 6 1 26.079 10.592 25.163 10.057
183 6 1 26.030 10.617 25.146 10.040
184 6 1 25.982 10.593 25.081 10.033
185 6 1 25.917 10.585 25.089 10.073
186 6 1 25.909 10.569 24.959 10.025
187 6 1 25.844 10.578 25.138 10.065
188 6 1 25.803 10.578 25.098 10.065
189 6 1 25.543 10.596 24.829 10.051
190 6 1 25.543 10.580 24.837 10.067
191 6 1 25.510 10.580 24.805 10.067
192 6 1 25.445 10.589 24.740 10.075
193 6 1 25.689 10.652 24.585 10.084
194 6 1 25.396 10.581 24.691 10.068
82 6 1 30.614 10.764 29.727 10.101
131 6 1 28.342 10.674 27.460 10.107
0 7 1 36.850 9.535 35.817 8.923
1 7 1 36.898 9.574 35.793 8.987
2 7 1 36.858 9.607 35.801 8.987
3 7 1 36.778 9.615 35.793 8.987
4 7 1 36.730 9.632 35.769 8.980
5 7 1 36.658 9.640 35.769 9.012
6 7 1 36.618 9.640 35.769 8.972
7 7 1 36.586 9.649 35.761 8.980
8 7 1 36.514 9.641 35.777 8.996
9 7 1 36.482 9.673 35.697 8.972
10 7 1 36.426 9.666 35.576 8.981
11 7 1 36.346 9.602 35.480 9.029
12 7 1 36.298 9.650 35.296 9.014
13 7 1 36.282 9.626 35.192 9.007
14 7 1 36.274 9.658 35.224 8.991
15 7 1 36.162 9.603 35.240 9.071
16 7 1 36.178 9.643 35.160 8.983
17 7 1 36.162 9.627 35.136 8.983
18 7 1 36.114 9.587 35.144 9.055
19 7 1 36.146 9.611 35.088 8.975
20 7 1 36.106 9.611 34.991 8.944
21 7 1 36.082 9.595 34.951 8.952
22 7 1 36.010 9.604 34.911 8.984
23 7 1 35.938 9.580 34.887 8.992
24 7 1 35.826 9.581 34.863 9.001
25 7 1 35.745 9.581 34.775 8.993
26 7 1 35.721 9.573 34.799 8.985
27 7 1 35.689 9.566 34.767 8.977
28 7 1 35.577 9.574 34.735 8.985
29 7 1 35.569 9.574 34.719 8.937
30 7 1 35.593 9.550 34.687 8.961
31 7 1 35.545 9.542 34.638 8.954
32 7 1 35.497 9.551 34.590 8.962
33 7 1 35.449 9.543 34.542 8.954
34 7 1 35.401 9.551 34.494 8.962
35 7 1 35.353 9.544 34.446 8.955
36 7 1 35.305 9.552 34.398 8.963
37 7 1 35.257 9.544 34.350 8.955
38 7 1 35.192 9.552 34.285 8.964
39 7 1 35.144 9.561 34.237 8.972
40 7 1 35.096 9.569 34.189 8.980
41 7 1 35.032 9.586 34.101 9.021
42 7 1 35.008 9.602 34.109 9.029
43 7 1 35.008 9.602 34.109 9.029
44 7 1 34.968 9.594 34.069 9.021
45 7 1 34.928 9.586 34.029 9.013
46 7 1 34.888 9.594 33.988 9.021
47 7 1 34.831 9.587 33.932 9.014
48 7 1 34.791 9.595 33.892 9.022
49 7 1 34.751 9.587 33.852 9.014
50 7 1 34.567 9.540 33.603 8.975
51 7 1 34.535 9.540 33.635 8.975
52 7 1 34.494 9.541 33.595 8.975
53 7 1 34.454 9.541 33.555 8.976
54 7 1 34.398 9.541 33.498 8.976
55 7 1 34.358 9.525 33.458 8.960
56 7 1 34.302 9.526 33.402 8.960
57 7 1 34.246 9.526 33.346 8.961
58 7 1 34.189 9.510 33.289 8.945
59 7 1 34.149 9.510 33.249 8.945
60 7 1 34.093 9.511 33.193 8.946
61 7 1 34.053 9.511 33.153 8.946
62 7 1 34.013 9.495 33.113 8.930
63 7 1 33.973 9.495 33.072 8.930
64 7 1 33.932 9.496 33.032 8.930
65 7 1 33.892 9.512 32.992 8.947
66 7 1 33.836 9.512 32.936 8.947
67 7 1 33.812 9.512 32.912 8.947
68 7 1 33.756 9.513 32.855 8.947
69 7 1 33.716 9.513 32.815 8.948
70 7 1 33.659 9.513 32.759 8.948
71 7 1 33.619 9.514 32.719 8.948
72 7 1 33.563 9.530 32.662 8.965
73 7 1 33.507 9.530 32.606 8.965
74 7 1 33.450 9.531 32.550 8.965
75 7 1 33.410 9.547 32.509 8.981
76 7 1 33.354 9.547 32.453 8.982
77 7 1 33.314 9.548 32.413 8.982
78 7 1 33.257 9.564 32.357 8.998
79 7 1 33.314 9.724 32.429 8.990
80 7 1 33.298 9.668 32.429 9.022
81 7 1 33.257 9.685 32.469 8.990
83 7 1 33.169 9.669 32.397 8.958
84 7 1 33.185 9.669 32.373 8.958
85 7 1 33.201 9.596 32.349 9.031
86 7 1 33.161 9.597 32.308 9.031
87 7 1 32.863 9.590 32.163 8.951
88 7 1 32.944 9.550 32.099 8.984
89 7 1 32.896 9.550 32.051 8.984
90 7 1 32.847 9.550 32.002 8.984
91 7 1 32.799 9.551 31.954 8.985
92 7 1 32.751 9.551 31.906 8.985
93 7 1 32.702 9.551 31.857 8.985
94 7 1 32.638 9.535 31.793 8.969
95 7 1 32.590 9.536 31.745 8.970
96 7 1 32.542 9.536 31.696 8.970
97 7 1 32.493 9.536 31.648 8.874
98 7 1 32.389 9.521 31.568 8.866
99 7 1 32.405 9.472 31.568 8.906
100 7 1 32.364 9.473 31.527 8.906
101 7 1 32.308 9.473 31.471 8.907
102 7 1 32.268 9.489 31.431 8.923
103 7 1 32.228 9.490 31.390 8.923
104 7 1 32.187 9.490 31.350 8.923
105 7 1 32.010 9.563 31.213 8.812
106 7 1 32.010 9.547 31.108 8.836
107 7 1 31.986 9.547 31.012 8.813
108 7 1 31.986 9.580 30.971 8.861
109 7 1 31.962 9.459 31.132 8.892
110 7 1 31.696 9.573 30.858 8.958
111 7 1 31.696 9.541 30.866 8.974
112 7 1 31.648 9.541 30.818 8.975
113 7 1 31.599 9.558 30.769 8.991
114 7 1 31.551 9.558 30.721 8.991
115 7 1 31.615 9.638 30.794 8.951
116 7 1 31.559 9.646 30.794 9.047
117 7 1 31.511 9.631 30.745 8.951
118 7 1 31.494 9.655 30.689 9.048
119 7 1 31.406 9.647 30.673 9.064
120 7 1 31.438 9.631 30.640 9.064
121 7 1 31.406 9.631 30.608 9.064
122 7 1 31.357 9.632 30.560 9.065
123 7 1 31.325 9.632 30.527 9.065
124 7 1 31.212 9.657 30.318 9.090
125 7 1 31.172 9.649 30.374 9.082
126 7 1 31.124 9.649 30.326 9.082
127 7 1 31.091 9.649 30.293 9.082
128 7 1 31.043 9.650 30.245 9.082
129 7 1 30.978 9.650 30.180 9.083
130 7 1 30.930 9.650 30.132 9.083
132 7 1 30.833 9.635 30.035 9.068
133 7 1 30.970 9.642 29.930 9.076
134 7 1 30.777 9.611 29.979 9.044
135 7 1 30.825 9.651 29.938 9.044
136 7 1 30.785 9.667 29.890 9.036
137 7 1 30.648 9.700 29.801 9.021
138 7 1 30.494 9.709 29.753 9.005
139 7 1 30.527 9.636 29.736 9.069
140 7 1 30.486 9.637 29.696 9.069
141 7 1 30.301 9.654 29.615 9.062
142 7 1 30.252 9.670 29.421 9.079
143 7 1 30.236 9.654 29.453 9.087
144 7 1 30.188 9.655 29.405 9.087
145 7 1 30.325 9.678 29.284 9.080
146 7 1 30.293 9.678 29.235 9.080
147 7 1 30.260 9.678 29.227 9.072
148 7 1 30.115 9.631 29.332 9.063
149 7 1 30.236 9.670 29.211 9.080
150 7 1 30.220 9.671 29.211 9.080
151 7 1 30.180 9.671 29.195 9.080
152 7 1 30.042 9.607 29.260 9.040
153 7 1 29.994 9.607 29.211 9.040
154 7 1 29.962 9.608 29.179 9.040
155 7 1 29.913 9.608 29.130 9.040
156 7 1 29.881 9.592 29.098 9.024
157 7 1 29.832 9.608 29.049 9.041
158 7 1 29.800 9.592 29.017 9.025
159 7 1 29.768 9.593 28.985 9.025
160 7 1 29.501 9.594 28.718 8.978
161 7 1 29.614 9.658 28.694 9.091
162 7 1 29.606 9.666 28.605 9.100
163 7 1 29.614 9.650 28.556 9.108
164 7 1 29.525 9.634 28.742 9.067
165 7 1 29.477 9.635 28.694 9.067
166 7 1 29.444 9.619 28.661 9.051
167 7 1 29.396 9.619 28.613 9.051
168 7 1 29.348 9.603 28.564 9.035
169 7 1 29.315 9.636 28.362 9.037
170 7 1 29.218 9.628 28.305 9.013
171 7 1 29.113 9.613 28.249 8.981
172 7 1 29.008 9.613 28.208 8.925
173 7 1 28.992 9.605 28.281 8.956
174 7 1 29.024 9.557 28.249 8.989
175 7 1 28.984 9.557 28.208 8.989
176 7 1 28.959 9.557 28.184 8.989
177 7 1 28.903 9.541 28.127 8.973
178 7 1 28.879 9.542 28.103 8.973
179 7 1 28.822 9.542 28.046 8.974
180 7 1 28.814 9.590 27.788 8.854
181 7 1 28.790 9.518 28.014 8.950
182 7 1 28.757 9.542 27.658 8.928
183 7 1 28.733 9.558 27.642 8.928
184 7 1 28.709 9.583 27.625 8.960
185 7 1 28.701 9.559 27.609 8.920
186 7 1 28.717 9.486 27.941 8.918
187 7 1 28.660 9.470 27.885 8.902
188 7 1 28.175 9.505 27.455 8.864
189 7 1 28.207 9.465 27.439 8.896
190 7 1 28.159 9.465 27.391 8.897
191 7 1 28.126 9.449 27.358 8.881
192 7 1 28.078 9.449 27.310 8.881
193 7 1 28.045 9.433 27.277 8.865
194 7 1 27.997 9.434 27.229 8.865
82 7 1 33.225 9.645 32.453 9.006
131 7 1 30.898 9.650 30.100 9.083
0 8 2 45.070 11.433 43.037 10.688
1 8 2 45.069 11.377 42.799 10.722
2 8 2 44.959 11.402 42.767 10.738
3 8 2 44.974 11.394 42.751 10.738
4 8 2 44.856 11.403 42.632 10.747
5 8 2 44.737 11.396 42.513 10.740
6 8 2 44.618 11.404 42.394 10.749
7 8 2 44.483 11.381 42.259 10.726
8 8 2 44.364 11.374 42.140 10.718
9 8 2 44.214 11.367 41.989 10.711
10 8 2 44.095 11.360 41.869 10.704
11 8 2 43.960 11.337 41.734 10.681
12 8 2 43.825 11.330 41.599 10.674
13 8 2 43.690 11.307 41.464 10.651
14 8 2 43.571 11.300 41.344 10.644
15 8 2 43.436 11.277 41.209 10.621
16 8 2 43.317 11.270 41.090 10.613
17 8 2 43.166 11.247 40.938 10.590
18 8 2 43.047 11.240 40.819 10.583
19 8 2 42.912 11.217 40.684 10.560
20 8 2 42.793 11.194 40.564 10.537
21 8 2 42.658 11.171 40.429 10.514
22 8 2 42.539 11.163 40.309 10.507
23 8 2 42.404 11.124 40.174 10.467
24 8 2 42.284 11.101 40.054 10.444
25 8 2 42.149 11.062 39.918 10.405
26 8 2 42.014 11.039 39.783 10.382
27 8 2 41.879 11.000 39.647 10.343
28 8 2 41.743 10.961 39.512 10.304
29 8 2 41.592 10.922 39.360 10.264
30 8 2 41.472 10.867 39.240 10.209
31 8 2 41.321 10.812 39.088 10.154
32 8 2 41.202 10.773 38.969 10.115
33 8 2 41.066 10.718 38.833 10.060
34 8 2 40.947 10.678 38.713 10.020
35 8 2 40.795 10.623 38.561 9.965
36 8 2 40.676 10.584 38.441 9.926
37 8 2 40.524 10.545 38.290 9.887
38 8 2 40.405 10.506 38.170 9.847
39 8 2 40.253 10.451 38.018 9.792
40 8 2 40.134 10.412 37.898 9.753
41 8 2 39.982 10.373 37.746 9.714
42 8 2 39.846 10.333 37.610 9.674
43 8 2 39.711 10.278 37.474 9.619
44 8 2 39.591 10.239 37.354 9.580
45 8 2 39.455 10.184 37.218 9.524
46 8 2 39.320 10.145 37.082 9.485
47 8 2 39.184 10.089 36.946 9.430
48 8 2 39.048 10.034 36.810 9.375
49 8 2 38.912 9.979 36.674 9.319
50 8 2 38.793 9.924 36.554 9.264
51 8 2 38.641 9.868 36.402 9.209
52 8 2 38.505 9.829 36.265 9.169
53 8 2 38.369 9.774 36.129 9.114
54 8 2 38.233 9.735 35.993 9.075
55 8 2 38.081 9.680 35.841 9.019
56 8 2 37.961 9.624 35.721 8.964
57 8 2 37.826 9.569 35.584 8.908
58 8 2 37.690 9.530 35.448 8.869
59 8 2 37.554 9.474 35.312 8.814
60 8 2 37.418 9.435 35.176 8.774
61 8 2 37.266 9.380 35.023 8.719
62 8 2 37.130 9.341 34.887 8.679
63 8 2 36.994 9.285 34.750 8.624
64 8 2 36.874 9.246 34.630 8.585
65 8 2 36.738 9.191 34.494 8.529
66 8 2 36.601 9.151 34.357 8.490
67 8 2 36.449 9.096 34.205 8.434
68 8 2 36.329 9.073 34.084 8.411
69 8 2 36.177 9.017 33.932 8.355
70 8 2 36.041 8.978 33.795 8.316
71 8 2 35.889 8.939 33.643 8.277
72 8 2 35.753 8.899 33.506 8.237
73 8 2 35.600 8.860 33.354 8.198
74 8 2 35.464 8.821 33.217 8.158
75 8 2 35.328 8.781 33.080 8.119
76 8 2 35.192 8.742 32.944 8.079
77 8 2 35.055 8.703 32.807 8.040
78 8 2 34.919 8.679 32.671 8.017
79 8 2 34.767 8.640 32.518 7.977
80 8 2 34.630 8.617 32.381 7.954
81 8 2 34.494 8.593 32.244 7.930
83 8 2 34.237 8.530 31.987 7.867
84 8 2 34.101 8.491 31.850 7.828
85 8 2 33.948 8.452 31.697 7.788
86 8 2 33.812 8.428 31.560 7.765
87 8 2 33.675 8.405 31.423 7.741
88 8 2 33.538 8.382 31.287 7.718
89 8 2 33.386 8.358 31.133 7.695
90 8 2 33.249 8.351 30.997 7.687
91 8 2 33.097 8.328 30.843 7.664
92 8 2 32.944 8.336 30.690 7.672
93 8 2 32.807 8.329 30.553 7.665
94 8 2 32.670 8.322 30.416 7.658
95 8 2 32.534 8.314 30.279 7.650
96 8 2 32.413 8.323 30.158 7.659
97 8 2 32.260 8.316 30.005 7.651
98 8 2 32.123 8.308 29.868 7.644
99 8 2 31.971 8.301 29.714 7.637
100 8 2 31.834 8.310 29.577 7.645
101 8 2 31.697 8.303 29.440 7.638
102 8 2 31.560 8.295 29.303 7.631
103 8 2 31.423 8.288 29.165 7.623
104 8 2 31.286 8.280 29.028 7.616
105 8 2 31.133 8.273 28.874 7.608
106 8 2 30.996 8.282 28.737 7.617
107 8 2 30.843 8.275 28.583 7.610
108 8 2 30.706 8.283 28.446 7.618
109 8 2 30.553 8.276 28.292 7.611
110 8 2 30.415 8.285 28.155 7.620
111 8 2 30.278 8.278 28.017 7.612
112 8 2 30.141 8.286 27.880 7.621
113 8 2 30.004 8.295 27.742 7.630
114 8 2 29.867 8.304 27.604 7.638
115 8 2 29.713 8.296 27.451 7.631
116 8 2 29.576 8.305 27.313 7.640
117 8 2 29.439 8.314 27.175 7.648
118 8 2 29.301 8.323 27.038 7.657
119 8 2 29.164 8.331 26.900 7.666
120 8 2 29.027 8.340 26.762 7.674
121 8 2 28.873 8.349 26.608 7.683
122 8 2 28.735 8.374 26.470 7.708
123 8 2 28.598 8.383 26.332 7.717
124 8 2 28.460 8.407 26.194 7.741
125 8 2 28.323 8.416 26.056 7.750
126 8 2 28.185 8.441 25.918 7.775
127 8 2 28.048 8.450 25.780 7.784
128 8 2 27.910 8.475 25.642 7.809
129 8 2 27.756 8.500 25.488 7.833
130 8 2 27.635 8.525 25.366 7.858
132 8 2 27.375 8.574 25.106 7.908
133 8 2 27.237 8.599 24.968 7.933
134 8 2 27.100 8.640 24.829 7.974
135 8 2 26.962 8.665 24.691 7.999
136 8 2 26.840 8.706 24.569 8.040
137 8 2 26.702 8.731 24.430 8.065
138 8 2 26.564 8.772 24.292 8.106
139 8 2 26.426 8.813 24.154 8.147
140 8 2 26.288 8.854 24.015 8.188
141 8 2 26.150 8.895 23.877 8.229
142 8 2 26.028 8.953 23.754 8.286
143 8 2 25.890 8.994 23.616 8.327
144 8 2 25.768 9.051 23.493 8.384
145 8 2 25.629 9.092 23.354 8.425
146 8 2 25.507 9.149 23.232 8.483
147 8 2 25.369 9.190 23.093 8.524
148 8 2 25.247 9.248 22.971 8.581
149 8 2 25.125 9.289 22.848 8.622
150 8 2 25.003 9.346 22.726 8.679
151 8 2 24.864 9.387 22.587 8.721
152 8 2 24.742 9.445 22.464 8.778
153 8 2 24.604 9.502 22.325 8.835
154 8 2 24.481 9.559 22.203 8.893
155 8 2 24.359 9.600 22.080 8.934
156 8 2 24.237 9.658 21.957 8.991
157 8 2 24.098 9.715 21.818 9.048
158 8 2 23.976 9.773 21.695 9.106
159 8 2 23.837 9.830 21.556 9.163
160 8 2 23.731 9.887 21.450 9.221
161 8 2 23.592 9.945 21.310 9.278
162 8 2 23.469 10.002 21.187 9.336
163 8 2 23.347 10.060 21.064 9.393
164 8 2 23.224 10.117 20.941 9.450
165 8 2 23.085 10.175 20.802 9.508
166 8 2 22.979 10.232 20.695 9.565
167 8 2 22.840 10.290 20.556 9.623
168 8 2 22.717 10.347 20.433 9.680
169 8 2 22.595 10.405 20.310 9.738
170 8 2 22.472 10.479 20.186 9.812
171 8 2 22.333 10.536 20.047 9.869
172 8 2 22.210 10.594 19.924 9.927
173 8 2 22.087 10.651 19.801 9.984
174 8 2 21.964 10.709 19.677 10.042
175 8 2 21.841 10.766 19.554 10.100
176 8 2 21.718 10.840 19.431 10.173
177 8 2 21.579 10.898 19.291 10.231
178 8 2 21.473 10.956 19.184 10.289
179 8 2 21.333 11.013 19.044 10.346
180 8 2 21.227 11.071 18.937 10.404
181 8 2 21.087 11.129 18.797 10.462
182 8 2 20.964 11.203 18.673 10.536
183 8 2 20.841 11.260 18.550 10.593
184 8 2 20.718 11.318 18.426 10.651
185 8 2 20.578 11.376 18.286 10.709
186 8 2 20.471 11.433 18.179 10.767
187 8 2 20.332 11.491 18.039 10.824
188 8 2 20.209 11.549 17.916 10.882
189 8 2 20.069 11.607 17.775 10.940
190 8 2 19.946 11.665 17.652 10.998
191 8 2 19.822 11.723 17.528 11.056
192 8 2 19.699 11.780 17.404 11.114
193 8 2 19.559 11.838 17.264 11.172
194 8 2 19.436 11.896 17.140 11.229
82 8 2 34.373 8.570 32.124 7.907
131 8 2 27.497 8.549 25.228 7.883
0 9 1 34.807 9.194 34.197 8.515
1 9 1 34.823 9.217 34.189 8.507
2 9 1 34.743 9.218 33.908 8.476
3 9 1 34.663 9.202 33.868 8.564
4 9 1 34.671 9.226 33.868 8.532
5 9 1 34.631 9.227 33.828 8.533
6 9 1 34.574 9.227 33.771 8.533
7 9 1 34.518 9.259 33.482 8.534
8 9 1 34.438 9.244 33.579 8.542
9 9 1 34.446 9.228 33.514 8.534
10 9 1 34.398 9.204 33.522 8.534
11 9 1 34.398 9.196 33.538 8.510
12 9 1 34.310 9.220 33.538 8.526
13 9 1 34.205 9.245 33.514 8.478
14 9 1 34.278 9.205 33.450 8.510
15 9 1 34.229 9.205 33.402 8.511
16 9 1 34.037 9.302 33.362 8.463
17 9 1 33.989 9.278 33.281 8.495
18 9 1 34.037 9.238 33.241 8.536
19 9 1 33.988 9.230 33.193 8.528
20 9 1 33.956 9.222 33.161 8.520
21 9 1 33.908 9.231 33.113 8.528
22 9 1 33.780 9.248 32.815 8.506
23 9 1 33.772 9.264 32.775 8.530
24 9 1 33.683 9.240 32.871 8.538
25 9 1 33.635 9.232 32.823 8.530
26 9 1 33.587 9.225 32.775 8.522
27 9 1 33.539 9.233 32.727 8.530
28 9 1 33.474 9.225 32.662 8.523
29 9 1 33.426 9.217 32.614 8.515
30 9 1 33.378 9.226 32.566 8.523
31 9 1 33.330 9.234 32.518 8.531
32 9 1 33.281 9.226 32.469 8.524
33 9 1 33.233 9.235 32.421 8.532
34 9 1 33.185 9.227 32.373 8.524
35 9 1 33.153 9.235 32.341 8.532
36 9 1 33.105 9.243 32.292 8.541
37 9 1 33.056 9.252 32.244 8.549
38 9 1 32.992 9.260 32.180 8.557
39 9 1 32.944 9.268 32.131 8.566
40 9 1 32.879 9.261 32.067 8.558
41 9 1 32.831 9.269 32.019 8.566
42 9 1 32.783 9.261 31.970 8.558
43 9 1 32.751 9.269 31.938 8.567
44 9 1 32.702 9.278 31.890 8.575
45 9 1 32.654 9.286 31.842 8.583
46 9 1 32.606 9.278 31.793 8.575
47 9 1 32.558 9.287 31.745 8.584
48 9 1 32.509 9.279 31.697 8.576
49 9 1 32.477 9.287 31.664 8.584
50 9 1 32.429 9.279 31.616 8.576
51 9 1 32.397 9.288 31.584 8.584
52 9 1 32.348 9.280 31.536 8.577
53 9 1 32.300 9.288 31.487 8.585
54 9 1 32.252 9.280 31.439 8.577
55 9 1 32.204 9.289 31.391 8.585
56 9 1 32.155 9.281 31.342 8.578
57 9 1 32.123 9.273 31.310 8.570
58 9 1 32.075 9.265 31.262 8.562
59 9 1 32.026 9.274 31.213 8.570
60 9 1 31.978 9.266 31.165 8.563
61 9 1 31.930 9.258 31.117 8.555
62 9 1 31.881 9.266 31.068 8.563
63 9 1 31.833 9.275 31.020 8.571
64 9 1 31.801 9.267 30.988 8.563
65 9 1 31.769 9.275 30.955 8.572
66 9 1 31.736 9.283 30.923 8.580
67 9 1 31.704 9.292 30.891 8.588
68 9 1 31.656 9.300 30.842 8.596
69 9 1 31.608 9.308 30.794 8.605
70 9 1 31.559 9.317 30.746 8.613
71 9 1 31.511 9.325 30.697 8.621
72 9 1 31.463 9.317 30.649 8.614
73 9 1 31.414 9.325 30.601 8.622
74 9 1 31.366 9.318 30.552 8.614
75 9 1 31.317 9.342 30.504 8.638
76 9 1 31.269 9.334 30.455 8.631
77 9 1 31.221 9.343 30.407 8.639
78 9 1 31.100 9.416 30.488 8.582
79 9 1 31.188 9.351 30.391 8.647
80 9 1 31.156 9.359 30.358 8.655
81 9 1 31.108 9.351 30.310 8.647
83 9 1 31.027 9.368 30.229 8.664
84 9 1 30.979 9.376 30.181 8.672
85 9 1 30.914 9.369 30.116 8.665
86 9 1 30.866 9.377 30.068 8.673
87 9 1 30.834 9.369 30.036 8.665
88 9 1 30.785 9.377 29.987 8.673
89 9 1 30.721 9.370 29.923 8.666
90 9 1 30.672 9.362 29.874 8.658
91 9 1 30.640 9.338 29.842 8.634
92 9 1 30.592 9.330 29.793 8.626
93 9 1 30.527 9.322 29.729 8.618
94 9 1 30.479 9.331 29.680 8.627
95 9 1 30.463 9.323 29.664 8.619
96 9 1 30.414 9.331 29.616 8.627
97 9 1 30.382 9.323 29.584 8.619
98 9 1 30.333 9.332 29.535 8.627
99 9 1 30.285 9.340 29.487 8.636
100 9 1 30.236 9.348 29.438 8.644
101 9 1 30.172 9.341 29.373 8.636
102 9 1 30.123 9.349 29.325 8.645
103 9 1 30.091 9.357 29.293 8.653
104 9 1 30.043 9.365 29.244 8.661
105 9 1 29.994 9.358 29.196 8.653
106 9 1 29.962 9.382 29.163 8.678
107 9 1 29.930 9.374 29.131 8.670
108 9 1 29.881 9.399 29.082 8.694
109 9 1 29.817 9.391 29.018 8.687
110 9 1 29.784 9.399 28.985 8.695
111 9 1 29.752 9.407 28.953 8.703
112 9 1 29.703 9.416 28.905 8.711
113 9 1 29.671 9.408 28.872 8.703
114 9 1 29.623 9.416 28.824 8.712
115 9 1 29.574 9.425 28.775 8.720
116 9 1 29.542 9.433 28.743 8.728
117 9 1 29.493 9.425 28.694 8.720
118 9 1 29.429 9.433 28.630 8.729
119 9 1 29.380 9.426 28.581 8.721
120 9 1 29.348 9.434 28.549 8.729
121 9 1 29.299 9.410 28.500 8.705
122 9 1 29.235 9.402 28.435 8.698
123 9 1 29.170 9.395 28.371 8.690
124 9 1 29.122 9.403 28.322 8.698
125 9 1 29.105 9.395 28.306 8.690
126 9 1 29.041 9.404 28.241 8.699
127 9 1 28.992 9.412 28.193 8.707
128 9 1 29.024 9.428 28.096 8.651
129 9 1 28.976 9.404 28.063 8.619
130 9 1 28.968 9.428 28.047 8.667
132 9 1 28.814 9.405 28.015 8.700
133 9 1 28.766 9.413 27.966 8.708
134 9 1 28.733 9.462 27.901 8.644
135 9 1 28.717 9.405 27.918 8.700
136 9 1 28.669 9.414 27.869 8.709
137 9 1 28.636 9.422 27.837 8.717
138 9 1 28.604 9.414 27.804 8.709
139 9 1 28.555 9.422 27.756 8.717
140 9 1 28.507 9.431 27.707 8.726
141 9 1 28.474 9.439 27.675 8.734
142 9 1 28.426 9.447 27.626 8.742
143 9 1 28.361 9.456 27.561 8.751
144 9 1 28.296 9.432 27.496 8.727
145 9 1 28.248 9.424 27.448 8.719
146 9 1 28.199 9.416 27.399 8.711
147 9 1 28.134 9.425 27.334 8.720
148 9 1 28.086 9.417 27.286 8.712
149 9 1 28.053 9.425 27.253 8.720
150 9 1 28.021 9.417 27.221 8.712
151 9 1 27.972 9.410 27.172 8.704
152 9 1 27.900 9.402 27.099 8.697
153 9 1 27.859 9.378 27.059 8.673
154 9 1 27.827 9.370 27.027 8.665
155 9 1 27.778 9.362 26.978 8.657
156 9 1 27.730 9.371 26.929 8.665
157 9 1 27.697 9.379 26.897 8.674
158 9 1 27.649 9.363 26.848 8.658
159 9 1 27.584 9.380 26.783 8.674
160 9 1 27.535 9.372 26.735 8.666
161 9 1 27.503 9.372 26.702 8.666
162 9 1 27.438 9.372 26.637 8.667
163 9 1 27.389 9.381 26.589 8.675
164 9 1 27.324 9.381 26.524 8.684
165 9 1 27.308 9.365 26.508 8.668
166 9 1 27.260 9.357 26.459 8.660
167 9 1 27.211 9.358 26.410 8.660
168 9 1 26.967 9.448 26.232 8.661
169 9 1 26.976 9.415 26.150 8.694
170 9 1 26.943 9.424 26.118 8.678
171 9 1 26.919 9.416 26.053 8.694
172 9 1 26.919 9.416 26.004 8.694
173 9 1 26.919 9.416 25.948 8.695
174 9 1 26.830 9.400 26.037 8.702
175 9 1 26.789 9.400 25.996 8.702
176 9 1 26.757 9.384 25.964 8.687
177 9 1 26.692 9.401 25.899 8.703
178 9 1 26.651 9.385 25.858 8.687
179 9 1 26.595 9.385 25.801 8.687
180 9 1 26.554 9.386 25.761 8.688
181 9 1 26.513 9.386 25.720 8.688
182 9 1 26.473 9.370 25.680 8.672
183 9 1 26.416 9.354 25.623 8.656
184 9 1 26.376 9.354 25.582 8.656
185 9 1 26.319 9.347 25.477 8.616
186 9 1 26.294 9.331 25.501 8.632
187 9 1 26.310 9.395 25.363 8.649
188 9 1 26.229 9.363 25.436 8.665
189 9 1 26.189 9.363 25.395 8.665
190 9 1 26.148 9.364 25.355 8.666
191 9 1 26.091 9.364 25.298 8.666
192 9 1 26.051 9.364 25.257 8.666
193 9 1 25.994 9.365 25.200 8.666
194 9 1 25.953 9.365 25.160 8.667
82 9 1 31.059 9.360 30.262 8.656
131 9 1 28.887 9.453 27.942 8.652
