0 0 1 34.866 3.596 34.197 2.582
1 0 1 34.885 3.624 34.188 2.563
2 0 1 34.885 3.661 34.188 2.601
3 0 1 34.885 3.699 34.188 2.638
4 0 1 34.885 3.708 34.188 2.647
5 0 1 34.885 3.754 34.188 2.694
6 0 1 34.885 3.782 34.188 2.721
7 0 1 34.885 3.829 34.187 2.768
8 0 1 34.885 3.829 34.187 2.768
9 0 1 34.903 3.885 34.206 2.824
10 0 1 34.903 3.894 34.206 2.833
11 0 1 34.829 3.810 34.132 2.749
12 0 1 34.903 3.950 34.206 2.889
13 0 1 34.922 3.977 34.225 2.917
14 0 1 34.968 4.024 34.271 2.963
15 0 1 34.940 4.033 34.243 2.973
16 0 1 34.959 4.043 34.262 2.982
17 0 1 34.968 4.080 34.271 3.019
18 0 1 34.977 4.098 34.280 3.038
19 0 1 34.996 4.145 34.299 3.084
20 0 1 35.014 4.173 34.317 3.112
21 0 1 35.033 4.219 34.336 3.159
22 0 1 35.052 4.229 34.355 3.168
23 0 1 35.070 4.275 34.373 3.214
24 0 1 35.089 4.303 34.392 3.242
25 0 1 35.089 4.331 34.392 3.270
26 0 1 35.107 4.359 34.410 3.298
27 0 1 35.107 4.387 34.410 3.326
28 0 1 35.107 4.415 34.410 3.354
29 0 1 35.126 4.461 34.429 3.400
30 0 1 35.126 4.489 34.429 3.428
31 0 1 35.126 4.535 34.429 3.475
32 0 1 35.126 4.545 34.429 3.484
33 0 1 35.126 4.591 34.429 3.531
34 0 1 35.126 4.601 34.428 3.540
35 0 1 35.125 4.647 34.428 3.586
36 0 1 35.107 4.656 34.410 3.596
37 0 1 35.107 4.703 34.410 3.642
38 0 1 35.107 4.731 34.410 3.670
39 0 1 35.107 4.759 34.410 3.698
40 0 1 35.088 4.786 34.391 3.726
41 0 1 35.088 4.833 34.391 3.772
42 0 1 35.088 4.861 34.391 3.800
43 0 1 35.069 4.907 34.372 3.847
44 0 1 35.069 4.935 34.372 3.875
45 0 1 35.069 4.982 34.372 3.921
46 0 1 35.069 5.010 34.372 3.949
47 0 1 35.069 5.056 34.372 3.995
48 0 1 35.069 5.084 34.372 4.023
49 0 1 35.069 5.112 34.372 4.051
50 0 1 35.069 5.140 34.372 4.079
51 0 1 35.087 5.168 34.390 4.107
52 0 1 35.087 5.195 34.390 4.135
53 0 1 35.087 5.242 34.390 4.181
54 0 1 35.106 5.251 34.409 4.191
55 0 1 35.106 5.279 34.409 4.219
56 0 1 35.106 5.307 34.409 4.246
57 0 1 35.106 5.354 34.409 4.293
58 0 1 35.124 5.363 34.427 4.302
59 0 1 35.124 5.409 34.427 4.349
60 0 1 35.124 5.437 34.427 4.377
61 0 1 35.124 5.484 34.427 4.423
62 0 1 35.143 5.493 34.446 4.432
63 0 1 35.143 5.539 34.446 4.479
64 0 1 35.161 5.567 34.464 4.507
65 0 1 35.180 5.614 34.483 4.553
66 0 1 35.180 5.642 34.483 4.581
67 0 1 35.198 5.688 34.501 4.628
68 0 1 35.198 5.698 34.501 4.637
69 0 1 35.198 5.744 34.501 4.684
70 0 1 35.198 5.753 34.501 4.693
71 0 1 35.198 5.800 34.501 4.739
72 0 1 35.198 5.828 34.501 4.767
73 0 1 35.198 5.856 34.501 4.795
74 0 1 35.198 5.884 34.501 4.823
75 0 1 35.198 5.911 34.501 4.851
76 0 1 35.198 5.921 34.501 4.860
77 0 1 35.179 5.967 34.482 4.907
78 0 1 35.179 5.995 34.482 4.935
79 0 1 35.179 6.023 34.482 4.963
80 0 1 35.160 6.051 34.463 4.990
81 0 1 35.160 6.097 34.463 5.037
82 0 1 35.142 6.125 34.445 5.065
83 0 1 35.142 6.172 34.445 5.111
84 0 1 35.142 6.200 34.444 5.139
85 0 1 35.123 6.246 34.426 5.186
86 0 1 35.123 6.274 34.426 5.214
87 0 1 35.123 6.321 34.426 5.260
88 0 1 35.123 6.348 34.426 5.288
89 0 1 35.123 6.395 34.425 5.334
90 0 1 35.123 6.423 34.425 5.362
91 0 1 35.123 6.451 34.425 5.390
92 0 1 35.123 6.460 34.425 5.400
93 0 1 35.122 6.488 34.425 5.427
94 0 1 35.122 6.516 34.425 5.455
95 0 1 35.122 6.544 34.425 5.483
96 0 1 35.122 6.572 34.425 5.511
97 0 1 35.122 6.599 34.425 5.539
98 0 1 35.122 6.627 34.425 5.567
99 0 1 35.122 6.655 34.425 5.595
100 0 1 35.122 6.683 34.425 5.623
101 0 1 35.122 6.730 34.425 5.669
102 0 1 35.122 6.739 34.425 5.679
103 0 1 35.141 6.785 34.443 5.725
104 0 1 35.141 6.813 34.443 5.753
105 0 1 35.159 6.860 34.462 5.799
106 0 1 35.159 6.869 34.462 5.809
107 0 1 35.159 6.916 34.462 5.855
108 0 1 35.178 6.944 34.480 5.883
109 0 1 35.178 6.990 34.480 5.930
110 0 1 35.196 7.018 34.499 5.958
111 0 1 35.196 7.046 34.499 5.985
112 0 1 35.196 7.074 34.499 6.013
113 0 1 35.196 7.120 34.499 6.060
114 0 1 35.196 7.130 34.499 6.069
115 0 1 35.196 7.176 34.499 6.116
116 0 1 35.177 7.204 34.480 6.144
117 0 1 35.177 7.250 34.480 6.190
118 0 1 35.177 7.278 34.480 6.218
119 0 1 35.158 7.306 34.461 6.246
120 0 1 35.158 7.334 34.461 6.274
121 0 1 35.158 7.381 34.461 6.320
122 0 1 35.158 7.390 34.461 6.330
123 0 1 35.140 7.436 34.442 6.376
124 0 1 35.140 7.464 34.442 6.404
125 0 1 35.121 7.511 34.424 6.450
126 0 1 35.121 7.539 34.424 6.478
127 0 1 35.121 7.585 34.424 6.525
128 0 1 35.102 7.613 34.405 6.553
129 0 1 35.102 7.641 34.405 6.581
130 0 1 35.102 7.669 34.405 6.609
131 0 1 35.102 7.715 34.405 6.655
132 0 1 35.102 7.725 34.405 6.664
133 0 1 35.102 7.771 34.405 6.711
134 0 1 35.083 7.799 34.386 6.739
135 0 1 35.083 7.827 34.386 6.767
136 0 1 35.083 7.855 34.386 6.795
137 0 1 35.083 7.902 34.386 6.841
138 0 1 35.064 7.929 34.367 6.869
139 0 1 35.064 7.976 34.367 6.916
140 0 1 35.046 8.004 34.348 6.943
141 0 1 35.045 8.050 34.348 6.990
142 0 1 35.045 8.078 34.348 7.018
143 0 1 35.045 8.125 34.348 7.064
144 0 1 35.045 8.153 34.348 7.092
145 0 1 35.045 8.181 34.348 7.120
146 0 1 35.045 8.209 34.348 7.148
147 0 1 35.045 8.255 34.348 7.195
148 0 1 35.045 8.302 34.348 7.241
149 0 1 35.026 8.348 34.329 7.288
150 0 1 35.026 8.376 34.329 7.316
151 0 1 35.026 8.422 34.329 7.362
152 0 1 35.008 8.450 34.310 7.390
153 0 1 35.007 8.497 34.310 7.437
154 0 1 34.989 8.525 34.291 7.464
155 0 1 34.989 8.553 34.291 7.492
156 0 1 34.970 8.599 34.273 7.539
157 0 1 34.970 8.627 34.273 7.567
158 0 1 34.970 8.655 34.273 7.595
159 0 1 34.970 8.702 34.272 7.641
160 0 1 34.970 8.729 34.272 7.669
161 0 1 34.970 8.776 34.272 7.716
162 0 1 34.970 8.804 34.272 7.744
163 0 1 34.970 8.850 34.272 7.790
164 0 1 34.970 8.878 34.272 7.818
165 0 1 34.951 8.943 34.253 7.883
166 0 1 34.951 8.971 34.253 7.911
167 0 1 34.932 9.018 34.235 7.958
168 0 1 34.913 9.064 34.216 8.004
169 0 1 34.913 9.111 34.216 8.051
170 0 1 34.913 9.139 34.216 8.079
171 0 1 34.913 9.185 34.216 8.125
172 0 1 34.913 9.213 34.216 8.153
173 0 1 34.913 9.260 34.216 8.200
174 0 1 34.913 9.306 34.215 8.246
175 0 1 34.913 9.353 34.215 8.293
176 0 1 34.913 9.399 34.215 8.339
177 0 1 34.903 9.455 34.299 8.479
178 0 1 34.903 9.502 34.262 8.516
179 0 1 34.922 9.613 34.290 8.534
180 0 1 34.922 9.623 34.308 8.637
181 0 1 34.922 9.604 34.317 8.693
182 0 1 34.875 9.669 34.280 8.702
183 0 1 34.903 9.688 34.261 8.674
184 0 1 34.903 9.725 34.261 8.711
185 0 1 34.903 9.781 34.261 8.767
186 0 1 34.903 9.818 34.261 8.804
187 0 1 34.903 9.855 34.261 8.842
188 0 1 34.903 9.893 34.261 8.879
189 0 1 34.903 9.930 34.261 8.916
190 0 1 34.884 9.986 34.242 8.972
191 0 1 34.884 10.042 34.242 9.028
192 0 1 34.884 10.079 34.242 9.065
193 0 1 34.865 10.116 34.223 9.102
194 0 1 34.865 10.153 34.223 9.139
195 0 1 34.865 10.190 34.223 9.177
196 0 1 34.865 10.228 34.223 9.214
197 0 1 34.846 10.265 34.204 9.251
198 0 1 34.846 10.302 34.204 9.288
199 0 1 34.827 10.358 34.186 9.344
200 0 1 34.827 10.414 34.186 9.400
201 0 1 34.874 10.432 34.335 9.391
202 0 1 34.911 10.414 34.279 9.400
203 0 1 34.902 10.451 34.269 9.437
204 0 1 34.892 10.488 34.260 9.474
205 0 1 34.902 10.544 34.269 9.530
206 0 1 34.892 10.600 34.260 9.586
207 0 1 34.901 10.618 34.269 9.605
208 0 1 34.911 10.656 34.278 9.642
209 0 1 34.920 10.712 34.288 9.698
210 0 1 34.911 10.730 34.278 9.716
211 0 1 34.920 10.786 34.288 9.772
212 0 1 34.929 10.805 34.297 9.791
213 0 1 34.938 10.860 34.306 9.847
214 0 1 34.929 10.879 34.297 9.865
215 0 1 34.938 10.935 34.306 9.921
216 0 1 34.901 11.009 34.324 10.089
217 0 1 34.863 11.037 34.296 10.182
218 0 1 34.854 11.084 34.277 10.247
219 0 1 34.863 11.112 34.315 10.321
220 0 1 34.882 11.196 34.287 10.219
221 0 1 34.891 11.233 34.296 10.256
222 0 1 34.900 11.270 34.305 10.293
223 0 1 34.900 11.261 34.305 10.284
224 0 1 34.891 11.261 34.296 10.284
225 0 1 34.994 11.288 34.333 10.442
226 0 1 34.956 11.344 34.361 10.377
227 0 1 34.947 11.372 34.352 10.405
228 0 1 34.900 11.363 34.333 10.610
229 0 1 34.909 11.456 34.324 10.498
230 0 1 34.844 11.521 34.295 10.703
231 0 1 34.863 11.577 34.286 10.629
232 0 1 34.853 11.605 34.277 10.657
233 0 1 34.844 11.633 34.267 10.684
234 0 1 34.983 11.819 34.351 10.852
235 0 1 34.946 11.800 34.370 10.852
236 0 1 34.955 11.847 34.379 10.898
237 0 1 34.965 11.875 34.388 10.926
238 0 1 34.955 11.921 34.379 10.973
239 0 1 34.965 11.968 34.388 11.019
240 0 1 34.974 12.015 34.397 11.066
241 0 1 34.983 12.042 34.407 11.094
242 0 1 34.974 12.089 34.397 11.140
243 0 1 34.964 12.136 34.388 11.187
244 0 1 34.955 12.182 34.378 11.234
245 0 1 34.964 12.210 34.388 11.261
246 0 1 34.955 12.238 34.378 11.289
247 0 1 34.964 12.266 34.388 11.317
248 0 1 35.132 12.238 34.360 11.280
249 0 1 35.029 12.238 34.453 11.289
250 0 1 35.039 12.266 34.462 11.317
251 0 1 35.029 12.312 34.453 11.364
252 0 1 35.039 12.340 34.462 11.392
253 0 1 35.048 12.387 34.471 11.438
254 0 1 35.057 12.433 34.480 11.485
255 0 1 35.038 12.610 34.396 11.513
256 0 1 35.131 12.601 34.424 11.503
257 0 1 35.047 12.592 34.406 11.597
258 0 1 35.010 12.564 34.434 11.615
259 0 1 35.019 12.610 34.443 11.662
260 0 1 35.075 12.666 34.424 11.578
261 0 1 35.085 12.647 34.424 11.708
262 0 1 35.038 12.647 34.461 11.708
263 0 1 35.047 12.685 34.471 11.745
264 0 1 35.057 12.722 34.480 11.783
265 0 1 35.047 12.759 34.471 11.820
266 0 1 35.056 12.796 34.480 11.857
267 0 1 35.140 12.936 34.442 12.053
268 0 1 35.168 13.113 34.480 12.034
269 0 1 35.103 13.029 34.526 12.099
270 0 1 35.103 13.066 34.526 12.136
271 0 1 35.103 13.103 34.526 12.174
272 0 1 35.112 13.150 34.535 12.220
273 0 1 35.102 13.197 34.526 12.267
274 0 1 35.102 13.225 34.526 12.295
275 0 1 35.102 13.280 34.526 12.351
276 0 1 35.102 13.318 34.526 12.388
277 0 1 35.102 13.364 34.526 12.434
278 0 1 35.102 13.392 34.525 12.462
279 0 1 35.102 13.439 34.525 12.509
280 0 1 35.102 13.467 34.525 12.537
281 0 1 35.102 13.513 34.525 12.583
282 0 1 35.092 13.550 34.516 12.621
283 0 1 35.092 13.578 34.516 12.649
284 0 1 35.092 13.625 34.516 12.695
285 0 1 35.083 13.653 34.506 12.723
286 0 1 35.092 13.690 34.516 12.760
287 0 1 35.083 13.718 34.506 12.788
288 0 1 35.092 13.746 34.516 12.816
289 0 1 35.083 13.793 34.506 12.863
290 0 1 35.101 13.820 34.525 12.891
291 0 1 35.101 13.867 34.525 12.937
292 0 1 35.101 13.914 34.525 12.984
293 0 1 35.101 13.960 34.525 13.030
294 0 1 35.110 13.997 34.534 13.068
295 0 1 35.101 14.044 34.524 13.114
296 0 1 35.110 14.090 34.534 13.161
297 0 1 35.101 14.128 34.524 13.198
298 0 1 35.101 14.174 34.524 13.244
299 0 1 35.101 14.221 34.524 13.291
300 0 1 35.101 14.258 34.524 13.328
301 0 1 35.091 14.305 34.515 13.375
302 0 1 35.082 14.351 34.505 13.421
303 0 1 35.091 14.379 34.515 13.449
0 1 1 34.250 4.376 33.497 3.362
1 1 1 34.278 4.404 33.487 3.343
2 1 1 34.259 4.442 33.469 3.380
3 1 1 34.259 4.479 33.468 3.418
4 1 1 34.268 4.507 33.478 3.446
5 1 1 34.250 4.553 33.459 3.492
6 1 1 34.268 4.581 33.478 3.520
7 1 1 34.250 4.628 33.459 3.566
8 1 1 34.268 4.655 33.477 3.594
9 1 1 34.259 4.702 33.468 3.641
10 1 1 34.268 4.711 33.477 3.650
11 1 1 34.352 4.758 33.561 3.697
12 1 1 34.287 4.767 33.496 3.706
13 1 1 34.277 4.814 33.487 3.752
14 1 1 34.240 4.832 33.449 3.771
15 1 1 34.296 4.869 33.505 3.808
16 1 1 34.296 4.897 33.505 3.836
17 1 1 34.305 4.944 33.514 3.883
18 1 1 34.305 4.972 33.514 3.911
19 1 1 34.314 5.000 33.524 3.939
20 1 1 34.314 5.027 33.523 3.966
21 1 1 34.333 5.074 33.542 4.013
22 1 1 34.361 5.102 33.570 4.041
23 1 1 34.351 5.130 33.561 4.069
24 1 1 34.379 5.158 33.589 4.097
25 1 1 34.379 5.204 33.588 4.143
26 1 1 34.398 5.214 33.607 4.153
27 1 1 34.388 5.260 33.598 4.199
28 1 1 34.398 5.288 33.607 4.227
29 1 1 34.398 5.334 33.607 4.273
30 1 1 34.416 5.362 33.625 4.301
31 1 1 34.397 5.409 33.607 4.348
32 1 1 34.416 5.437 33.625 4.376
33 1 1 34.407 5.483 33.616 4.422
34 1 1 34.416 5.511 33.625 4.450
35 1 1 34.397 5.539 33.607 4.478
36 1 1 34.416 5.567 33.625 4.506
37 1 1 34.378 5.613 33.588 4.552
38 1 1 34.378 5.641 33.588 4.580
39 1 1 34.369 5.669 33.578 4.608
40 1 1 34.360 5.697 33.569 4.636
41 1 1 34.341 5.725 33.550 4.664
42 1 1 34.341 5.753 33.550 4.692
43 1 1 34.322 5.781 33.531 4.720
44 1 1 34.322 5.809 33.531 4.748
45 1 1 34.313 5.855 33.522 4.794
46 1 1 34.303 5.883 33.513 4.822
47 1 1 34.285 5.911 33.494 4.850
48 1 1 34.303 5.939 33.513 4.878
49 1 1 34.285 5.967 33.494 4.906
50 1 1 34.285 5.995 33.494 4.934
51 1 1 34.275 6.023 33.484 4.962
52 1 1 34.284 6.050 33.494 4.990
53 1 1 34.266 6.097 33.475 5.036
54 1 1 34.284 6.106 33.494 5.045
55 1 1 34.266 6.153 33.475 5.092
56 1 1 34.284 6.162 33.493 5.101
57 1 1 34.275 6.209 33.484 5.148
58 1 1 34.284 6.237 33.493 5.176
59 1 1 34.265 6.264 33.475 5.203
60 1 1 34.284 6.292 33.493 5.231
61 1 1 34.265 6.339 33.475 5.278
62 1 1 34.284 6.367 33.493 5.306
63 1 1 34.275 6.395 33.484 5.334
64 1 1 34.284 6.423 33.493 5.362
65 1 1 34.265 6.450 33.474 5.390
66 1 1 34.284 6.460 33.493 5.399
67 1 1 34.265 6.506 33.474 5.445
68 1 1 34.284 6.516 33.493 5.455
69 1 1 34.274 6.562 33.483 5.501
70 1 1 34.284 6.590 33.493 5.529
71 1 1 34.256 6.636 33.465 5.576
72 1 1 34.265 6.664 33.474 5.604
73 1 1 34.246 6.711 33.455 5.650
74 1 1 34.246 6.739 33.455 5.678
75 1 1 34.237 6.767 33.446 5.706
76 1 1 34.227 6.795 33.436 5.734
77 1 1 34.209 6.841 33.418 5.780
78 1 1 34.199 6.869 33.408 5.808
79 1 1 34.171 6.916 33.380 5.855
80 1 1 34.180 6.962 33.389 5.901
81 1 1 34.152 7.009 33.361 5.948
82 1 1 34.171 7.036 33.380 5.976
83 1 1 34.152 7.083 33.361 6.022
84 1 1 34.143 7.111 33.352 6.050
85 1 1 34.133 7.157 33.342 6.097
86 1 1 34.133 7.185 33.342 6.124
87 1 1 34.124 7.232 33.333 6.171
88 1 1 34.115 7.278 33.324 6.218
89 1 1 34.096 7.325 33.305 6.264
90 1 1 34.114 7.353 33.323 6.292
91 1 1 34.096 7.381 33.305 6.320
92 1 1 34.114 7.409 33.323 6.348
93 1 1 34.105 7.455 33.314 6.394
94 1 1 34.114 7.483 33.323 6.422
95 1 1 34.114 7.530 33.323 6.469
96 1 1 34.123 7.558 33.332 6.497
97 1 1 34.114 7.604 33.323 6.543
98 1 1 34.133 7.613 33.342 6.553
99 1 1 34.123 7.660 33.332 6.599
100 1 1 34.133 7.669 33.342 6.608
101 1 1 34.114 7.716 33.323 6.655
102 1 1 34.123 7.744 33.332 6.683
103 1 1 34.114 7.790 33.323 6.729
104 1 1 34.132 7.818 33.341 6.757
105 1 1 34.123 7.865 33.332 6.804
106 1 1 34.132 7.892 33.341 6.832
107 1 1 34.113 7.939 33.322 6.878
108 1 1 34.104 7.986 33.313 6.925
109 1 1 34.095 8.032 33.304 6.971
110 1 1 34.104 8.060 33.313 6.999
111 1 1 34.095 8.107 33.303 7.046
112 1 1 34.085 8.134 33.294 7.074
113 1 1 34.085 8.181 33.294 7.120
114 1 1 34.076 8.209 33.285 7.148
115 1 1 34.066 8.255 33.275 7.195
116 1 1 34.066 8.283 33.275 7.223
117 1 1 34.057 8.311 33.266 7.250
118 1 1 34.075 8.339 33.284 7.278
119 1 1 34.066 8.386 33.275 7.325
120 1 1 34.075 8.395 33.284 7.334
121 1 1 34.057 8.442 33.266 7.381
122 1 1 34.057 8.451 33.266 7.390
123 1 1 34.047 8.479 33.256 7.418
124 1 1 34.057 8.507 33.265 7.446
125 1 1 34.038 8.535 33.247 7.474
126 1 1 34.056 8.544 33.265 7.483
127 1 1 34.056 8.590 33.265 7.530
128 1 1 34.075 8.600 33.284 7.539
129 1 1 34.056 8.646 33.265 7.586
130 1 1 34.075 8.674 33.284 7.613
131 1 1 34.075 8.702 33.284 7.641
132 1 1 34.084 8.711 33.293 7.651
133 1 1 34.093 8.758 33.302 7.697
134 1 1 34.112 8.767 33.321 7.707
135 1 1 34.103 8.795 33.312 7.734
136 1 1 34.131 8.823 33.340 7.762
137 1 1 34.112 8.870 33.321 7.809
138 1 1 34.140 8.897 33.349 7.837
139 1 1 34.130 8.925 33.339 7.865
140 1 1 34.149 8.953 33.358 7.893
141 1 1 34.140 9.000 33.349 7.939
142 1 1 34.149 9.009 33.358 7.949
143 1 1 34.130 9.056 33.339 7.995
144 1 1 34.139 9.084 33.348 8.023
145 1 1 34.130 9.112 33.339 8.051
146 1 1 34.149 9.139 33.358 8.079
147 1 1 34.121 9.186 33.330 8.125
148 1 1 34.130 9.214 33.339 8.153
149 1 1 34.111 9.260 33.320 8.200
150 1 1 34.120 9.288 33.329 8.228
151 1 1 34.111 9.335 33.320 8.274
152 1 1 34.111 9.363 33.320 8.302
153 1 1 34.102 9.409 33.311 8.349
154 1 1 34.111 9.437 33.320 8.377
155 1 1 34.092 9.465 33.301 8.405
156 1 1 34.101 9.493 33.310 8.433
157 1 1 34.092 9.540 33.301 8.479
158 1 1 34.111 9.549 33.320 8.488
159 1 1 34.101 9.596 33.310 8.535
160 1 1 34.111 9.623 33.319 8.563
161 1 1 34.111 9.651 33.319 8.591
162 1 1 34.120 9.679 33.329 8.619
163 1 1 34.110 9.707 33.319 8.647
164 1 1 34.129 9.735 33.338 8.675
165 1 1 34.120 9.782 33.329 8.721
166 1 1 34.129 9.810 33.338 8.749
167 1 1 34.129 9.856 33.338 8.796
168 1 1 34.138 9.865 33.347 8.805
169 1 1 34.129 9.893 33.338 8.833
170 1 1 34.157 9.921 33.366 8.861
171 1 1 34.147 9.949 33.356 8.889
172 1 1 34.166 9.977 33.375 8.917
173 1 1 34.166 10.024 33.375 8.963
174 1 1 34.175 10.052 33.384 8.991
175 1 1 34.166 10.098 33.375 9.038
176 1 1 34.184 10.126 33.393 9.066
177 1 1 34.175 10.154 33.384 9.093
178 1 1 34.184 10.182 33.393 9.121
179 1 1 34.166 10.228 33.374 9.168
180 1 1 34.184 10.256 33.393 9.196
181 1 1 34.165 10.303 33.374 9.242
182 1 1 34.165 10.331 33.374 9.270
183 1 1 34.156 10.377 33.365 9.317
184 1 1 34.165 10.405 33.374 9.345
185 1 1 34.146 10.452 33.355 9.391
186 1 1 34.137 10.480 33.346 9.419
187 1 1 34.128 10.526 33.337 9.466
188 1 1 34.137 10.554 33.346 9.494
189 1 1 34.146 10.601 33.355 9.540
190 1 1 34.137 10.629 33.346 9.568
191 1 1 34.137 10.657 33.346 9.596
192 1 1 34.146 10.685 33.355 9.624
193 1 1 34.127 10.731 33.336 9.671
194 1 1 34.137 10.759 33.345 9.699
195 1 1 34.146 10.787 33.355 9.727
196 1 1 34.155 10.815 33.364 9.755
197 1 1 34.174 10.843 33.383 9.782
198 1 1 34.164 10.871 33.373 9.810
199 1 1 34.155 10.917 33.364 9.857
200 1 1 34.155 10.927 33.364 9.866
201 1 1 34.164 10.973 33.373 9.913
202 1 1 34.174 11.001 33.382 9.941
203 1 1 34.173 11.048 33.382 9.987
204 1 1 34.183 11.057 33.392 9.997
205 1 1 34.192 11.104 33.401 10.043
206 1 1 34.192 11.113 33.401 10.052
207 1 1 34.183 11.159 33.391 10.099
208 1 1 34.201 11.169 33.410 10.108
209 1 1 34.210 11.215 33.419 10.155
210 1 1 34.220 11.243 33.429 10.183
211 1 1 34.201 11.290 33.410 10.229
212 1 1 34.210 11.318 33.419 10.257
213 1 1 34.201 11.364 33.410 10.304
214 1 1 34.219 11.392 33.428 10.332
215 1 1 34.210 11.439 33.419 10.378
216 1 1 34.201 11.467 33.410 10.406
217 1 1 34.191 11.513 33.400 10.453
218 1 1 34.191 11.541 33.400 10.481
219 1 1 34.182 11.606 33.391 10.546
220 1 1 34.172 11.634 33.381 10.574
221 1 1 34.172 11.681 33.381 10.620
222 1 1 34.182 11.709 33.390 10.648
223 1 1 34.163 11.755 33.372 10.695
224 1 1 34.172 11.783 33.381 10.723
225 1 1 34.181 11.830 33.390 10.769
226 1 1 34.191 11.858 33.399 10.797
227 1 1 34.191 11.904 33.399 10.844
228 1 1 34.181 11.914 33.390 10.853
229 1 1 34.191 11.960 33.399 10.900
230 1 1 34.191 11.988 33.399 10.928
231 1 1 34.181 12.035 33.390 10.974
232 1 1 34.190 12.063 33.399 11.002
233 1 1 34.209 12.090 33.418 11.030
234 1 1 34.209 12.137 33.418 11.077
235 1 1 34.200 12.184 33.408 11.123
236 1 1 34.209 12.212 33.418 11.151
237 1 1 34.218 12.258 33.427 11.198
238 1 1 34.227 12.286 33.436 11.226
239 1 1 34.246 12.314 33.455 11.254
240 1 1 34.255 12.342 33.464 11.282
241 1 1 34.236 12.388 33.445 11.328
242 1 1 34.246 12.398 33.455 11.337
243 1 1 34.236 12.426 33.445 11.365
244 1 1 34.255 12.454 33.464 11.393
245 1 1 34.246 12.500 33.454 11.440
246 1 1 34.255 12.528 33.464 11.468
247 1 1 34.236 12.575 33.445 11.514
248 1 1 34.245 12.584 33.454 11.524
249 1 1 34.236 12.631 33.445 11.570
250 1 1 34.245 12.658 33.454 11.598
251 1 1 34.245 12.705 33.454 11.645
252 1 1 34.236 12.733 33.445 11.673
253 1 1 34.226 12.780 33.435 11.719
254 1 1 34.208 12.826 33.416 11.766
255 1 1 34.198 12.873 33.407 11.813
256 1 1 34.217 12.901 33.426 11.840
257 1 1 34.217 12.947 33.426 11.887
258 1 1 34.235 12.975 33.444 11.915
259 1 1 34.217 13.022 33.425 11.962
260 1 1 34.235 13.050 33.444 11.989
261 1 1 34.217 13.096 33.425 12.036
262 1 1 34.235 13.124 33.444 12.064
263 1 1 34.217 13.152 33.425 12.092
264 1 1 34.235 13.180 33.444 12.120
265 1 1 34.216 13.227 33.425 12.166
266 1 1 34.216 13.236 33.425 12.176
267 1 1 34.207 13.282 33.416 12.222
268 1 1 34.216 13.310 33.425 12.250
269 1 1 34.198 13.357 33.406 12.297
270 1 1 34.207 13.385 33.415 12.325
271 1 1 34.216 13.431 33.425 12.371
272 1 1 34.235 13.459 33.443 12.399
273 1 1 34.244 13.506 33.453 12.446
274 1 1 34.253 13.534 33.462 12.474
275 1 1 34.244 13.562 33.452 12.502
276 1 1 34.253 13.590 33.462 12.530
277 1 1 34.234 13.618 33.443 12.558
278 1 1 34.244 13.646 33.452 12.586
279 1 1 34.234 13.674 33.443 12.614
280 1 1 34.253 13.702 33.462 12.641
281 1 1 34.243 13.748 33.452 12.688
282 1 1 34.253 13.776 33.461 12.716
283 1 1 34.243 13.804 33.452 12.744
284 1 1 34.225 13.832 33.433 12.772
285 1 1 34.225 13.879 33.433 12.819
286 1 1 34.234 13.906 33.443 12.846
287 1 1 34.224 13.953 33.433 12.893
288 1 1 34.215 14.000 33.424 12.940
289 1 1 34.178 14.046 33.386 12.986
290 1 1 34.187 14.074 33.396 13.014
291 1 1 34.159 14.121 33.367 13.061
292 1 1 34.178 14.149 33.386 13.089
293 1 1 34.168 14.195 33.377 13.135
294 1 1 34.159 14.223 33.367 13.163
295 1 1 34.149 14.270 33.358 13.210
296 1 1 34.131 14.298 33.339 13.238
297 1 1 34.121 14.345 33.330 13.285
298 1 1 34.112 14.373 33.320 13.313
299 1 1 34.112 14.419 33.320 13.359
300 1 1 34.121 14.447 33.330 13.387
301 1 1 34.102 14.475 33.311 13.415
302 1 1 34.102 14.503 33.311 13.443
303 1 1 34.084 14.550 33.292 13.490
0 2 1 35.796 4.871 35.089 3.941
1 2 1 35.814 4.899 35.080 3.931
2 2 1 35.814 4.936 35.080 3.968
3 2 1 35.814 4.973 35.080 4.006
4 2 1 35.814 5.010 35.080 4.043
5 2 1 35.842 5.047 35.108 4.080
6 2 1 35.833 5.085 35.098 4.117
7 2 1 35.851 5.122 35.117 4.154
8 2 1 35.879 5.159 35.145 4.192
9 2 1 35.870 5.177 35.135 4.210
10 2 1 35.888 5.215 35.154 4.247
11 2 1 36.018 5.326 35.284 4.359
12 2 1 35.925 5.289 35.191 4.322
13 2 1 35.944 5.326 35.210 4.359
14 2 1 35.916 5.317 35.182 4.350
15 2 1 35.981 5.401 35.247 4.433
16 2 1 36.000 5.438 35.265 4.471
17 2 1 36.027 5.484 35.293 4.517
18 2 1 36.037 5.512 35.303 4.545
19 2 1 36.037 5.549 35.303 4.582
20 2 1 36.055 5.577 35.321 4.610
21 2 1 36.074 5.624 35.340 4.657
22 2 1 36.074 5.661 35.340 4.694
23 2 1 36.092 5.698 35.358 4.731
24 2 1 36.092 5.735 35.358 4.768
25 2 1 36.111 5.772 35.377 4.805
26 2 1 36.111 5.810 35.377 4.842
27 2 1 36.129 5.847 35.395 4.880
28 2 1 36.129 5.884 35.395 4.917
29 2 1 36.129 5.921 35.395 4.954
30 2 1 36.148 5.958 35.414 4.991
31 2 1 36.148 6.014 35.414 5.047
32 2 1 36.148 6.051 35.413 5.084
33 2 1 36.166 6.107 35.432 5.140
34 2 1 36.166 6.163 35.432 5.196
35 2 1 36.166 6.200 35.432 5.233
36 2 1 36.185 6.237 35.450 5.270
37 2 1 36.184 6.274 35.450 5.307
38 2 1 36.184 6.302 35.450 5.335
39 2 1 36.184 6.367 35.450 5.400
40 2 1 36.203 6.386 35.469 5.419
41 2 1 36.203 6.423 35.469 5.456
42 2 1 36.221 6.460 35.487 5.493
43 2 1 36.221 6.497 35.487 5.530
44 2 1 36.221 6.525 35.487 5.558
45 2 1 36.240 6.572 35.506 5.605
46 2 1 36.258 6.628 35.524 5.661
47 2 1 36.258 6.665 35.524 5.698
48 2 1 36.277 6.702 35.543 5.735
49 2 1 36.295 6.758 35.561 5.791
50 2 1 36.295 6.804 35.561 5.837
51 2 1 36.314 6.851 35.580 5.884
52 2 1 36.314 6.907 35.580 5.940
53 2 1 36.332 6.944 35.598 5.977
54 2 1 36.332 6.999 35.598 6.032
55 2 1 36.332 7.037 35.598 6.070
56 2 1 36.332 7.074 35.598 6.107
57 2 1 36.332 7.130 35.598 6.163
58 2 1 36.332 7.167 35.598 6.200
59 2 1 36.332 7.204 35.598 6.237
60 2 1 36.332 7.260 35.598 6.293
61 2 1 36.332 7.297 35.598 6.330
62 2 1 36.332 7.334 35.598 6.367
63 2 1 36.332 7.390 35.598 6.423
64 2 1 36.332 7.427 35.598 6.460
65 2 1 36.332 7.474 35.598 6.507
66 2 1 36.332 7.539 35.597 6.572
67 2 1 36.313 7.594 35.579 6.627
68 2 1 36.313 7.650 35.579 6.683
69 2 1 36.313 7.706 35.579 6.739
70 2 1 36.313 7.743 35.578 6.776
71 2 1 36.313 7.790 35.578 6.823
72 2 1 36.312 7.855 35.578 6.888
73 2 1 36.312 7.910 35.578 6.944
74 2 1 36.312 7.966 35.578 6.999
75 2 1 36.312 8.022 35.578 7.055
76 2 1 36.312 8.078 35.578 7.111
77 2 1 36.312 8.124 35.578 7.157
78 2 1 36.331 8.189 35.596 7.223
79 2 1 36.330 8.245 35.596 7.278
80 2 1 36.330 8.310 35.596 7.343
81 2 1 36.349 8.375 35.615 7.409
82 2 1 36.349 8.450 35.615 7.483
83 2 1 36.367 8.515 35.633 7.548
84 2 1 36.367 8.617 35.633 7.650
85 2 1 36.386 8.691 35.652 7.725
86 2 1 36.386 8.766 35.651 7.799
87 2 1 36.404 8.840 35.670 7.873
88 2 1 36.385 8.933 35.651 7.966
89 2 1 36.385 8.998 35.651 8.032
90 2 1 36.366 9.082 35.632 8.115
91 2 1 36.348 9.175 35.613 8.208
92 2 1 36.329 9.259 35.595 8.292
93 2 1 36.310 9.361 35.576 8.394
94 2 1 36.310 9.454 35.576 8.487
95 2 1 36.291 9.528 35.557 8.562
96 2 1 36.291 9.621 35.557 8.655
97 2 1 36.208 9.463 35.510 8.766
98 2 1 36.226 9.584 35.501 8.655
99 2 1 36.217 9.668 35.492 8.738
100 2 1 36.207 9.770 35.482 8.841
101 2 1 36.253 10.003 35.538 9.101
102 2 1 36.253 10.003 35.538 9.083
103 2 1 36.253 10.077 35.537 9.157
104 2 1 36.225 10.412 35.509 9.464
105 2 1 36.225 10.384 35.509 9.464
106 2 1 36.225 10.459 35.509 9.538
107 2 1 36.206 10.431 35.434 9.678
108 2 1 36.225 10.468 35.415 9.715
109 2 1 36.206 10.496 35.443 9.855
110 2 1 36.262 10.579 35.452 9.929
111 2 1 36.262 10.747 35.508 9.864
112 2 1 36.234 10.719 35.518 9.883
113 2 1 36.224 10.933 35.415 10.199
114 2 1 36.215 10.961 35.424 10.236
115 2 1 36.121 11.110 35.321 10.255
116 2 1 36.084 11.082 35.368 10.264
117 2 1 36.084 11.166 35.368 10.348
118 2 1 36.093 11.259 35.256 10.506
119 2 1 36.037 11.277 35.321 10.469
120 2 1 36.037 11.333 35.321 10.525
121 2 1 36.037 11.389 35.321 10.581
122 2 1 36.037 11.464 35.321 10.655
123 2 1 36.037 11.519 35.321 10.711
124 2 1 36.037 11.575 35.321 10.767
125 2 1 36.037 11.650 35.321 10.841
126 2 1 36.055 11.724 35.339 10.916
127 2 1 36.055 11.799 35.339 10.990
128 2 1 36.055 11.854 35.339 11.046
129 2 1 36.055 11.910 35.339 11.102
130 2 1 36.055 12.003 35.339 11.195
131 2 1 36.073 12.040 35.357 11.232
132 2 1 36.073 12.115 35.357 11.306
133 2 1 36.073 12.171 35.357 11.362
134 2 1 36.073 12.245 35.357 11.437
135 2 1 36.054 12.301 35.338 11.493
136 2 1 36.054 12.338 35.338 11.530
137 2 1 36.054 12.394 35.338 11.586
138 2 1 36.054 12.468 35.338 11.660
139 2 1 36.054 12.524 35.338 11.716
140 2 1 36.035 12.580 35.319 11.772
141 2 1 36.035 12.655 35.319 11.846
142 2 1 36.035 12.710 35.319 11.902
143 2 1 36.016 12.748 35.300 11.939
144 2 1 36.016 12.804 35.300 11.995
145 2 1 36.016 12.897 35.300 12.088
146 2 1 35.997 12.934 35.281 12.126
147 2 1 35.997 13.008 35.281 12.200
148 2 1 35.997 13.064 35.281 12.256
149 2 1 35.997 13.120 35.281 12.312
150 2 1 36.016 13.176 35.299 12.368
151 2 1 36.016 13.250 35.299 12.442
152 2 1 36.015 13.306 35.299 12.498
153 2 1 36.015 13.343 35.299 12.535
154 2 1 36.015 13.399 35.299 12.591
155 2 1 36.015 13.474 35.299 12.666
156 2 1 36.015 13.530 35.299 12.721
157 2 1 36.015 13.567 35.299 12.759
158 2 1 36.015 13.623 35.299 12.814
159 2 1 36.034 13.697 35.317 12.889
160 2 1 36.033 13.771 35.317 12.963
161 2 1 36.033 13.827 35.317 13.019
162 2 1 36.033 13.865 35.317 13.056
163 2 1 36.033 13.920 35.317 13.112
164 2 1 36.033 13.995 35.317 13.187
165 2 1 36.033 14.051 35.317 13.243
166 2 1 36.014 14.088 35.298 13.280
167 2 1 36.014 14.144 35.298 13.336
168 2 1 36.014 14.218 35.298 13.410
169 2 1 35.995 14.274 35.279 13.466
170 2 1 35.995 14.311 35.279 13.503
171 2 1 35.977 14.367 35.260 13.559
172 2 1 35.976 14.442 35.260 13.634
173 2 1 35.958 14.516 35.241 13.708
174 2 1 35.958 14.572 35.241 13.764
175 2 1 35.939 14.628 35.223 13.820
176 2 1 35.939 14.703 35.222 13.895
177 2 1 35.939 14.758 35.222 13.950
178 2 1 35.939 14.796 35.222 13.988
179 2 1 35.939 14.852 35.222 14.044
180 2 1 36.143 15.019 35.259 14.341
181 2 1 36.153 15.046 35.240 14.332
182 2 1 36.152 15.121 35.240 14.304
183 2 1 36.115 15.140 35.250 14.314
184 2 1 36.096 15.224 35.287 14.407
185 2 1 36.050 15.196 35.333 14.406
186 2 1 36.050 15.252 35.333 14.462
187 2 1 36.050 15.289 35.333 14.500
188 2 1 36.068 15.345 35.352 14.555
189 2 1 36.068 15.419 35.352 14.630
190 2 1 36.124 15.577 35.249 14.742
191 2 1 36.040 15.550 35.324 14.760
192 2 1 36.040 15.605 35.324 14.816
193 2 1 36.040 15.680 35.323 14.891
194 2 1 36.040 15.736 35.323 14.947
195 2 1 36.040 15.773 35.323 14.984
196 2 1 36.040 15.810 35.323 15.021
197 2 1 36.021 15.866 35.304 15.077
198 2 1 36.002 15.922 35.286 15.133
199 2 1 36.077 15.987 35.220 15.301
200 2 1 36.039 16.024 35.202 15.319
201 2 1 36.048 16.127 35.229 15.347
202 2 1 36.048 16.248 35.229 15.385
203 2 1 35.992 16.192 35.276 15.422
204 2 1 35.974 16.248 35.257 15.478
205 2 1 35.974 16.304 35.257 15.533
206 2 1 35.955 16.341 35.238 15.571
207 2 1 35.955 16.397 35.238 15.627
208 2 1 35.936 16.472 35.220 15.701
209 2 1 35.936 16.509 35.219 15.739
210 2 1 35.936 16.565 35.219 15.794
211 2 1 35.917 16.602 35.201 15.832
212 2 1 35.917 16.639 35.201 15.869
213 2 1 35.917 16.677 35.201 15.906
214 2 1 35.917 16.733 35.200 15.962
215 2 1 35.898 16.789 35.182 16.018
216 2 1 35.898 16.826 35.182 16.055
217 2 1 35.898 16.863 35.182 16.093
218 2 1 35.898 16.900 35.182 16.130
219 2 1 35.898 16.956 35.181 16.186
220 2 1 35.898 17.012 35.181 16.242
221 2 1 35.898 17.049 35.181 16.279
222 2 1 35.898 17.087 35.181 16.316
223 2 1 35.898 17.143 35.181 16.372
224 2 1 35.916 17.217 35.200 16.447
225 2 1 35.916 17.254 35.200 16.484
226 2 1 35.916 17.310 35.200 16.540
227 2 1 35.916 17.347 35.200 16.577
228 2 1 35.897 17.385 35.181 16.614
229 2 1 35.897 17.422 35.181 16.652
230 2 1 35.897 17.459 35.181 16.689
231 2 1 35.879 17.515 35.162 16.745
232 2 1 35.878 17.571 35.162 16.801
233 2 1 35.860 17.590 35.143 16.819
234 2 1 35.860 17.646 35.143 16.875
235 2 1 35.860 17.683 35.143 16.913
236 2 1 35.841 17.720 35.124 16.950
237 2 1 35.841 17.758 35.124 16.987
238 2 1 35.822 17.813 35.106 17.043
239 2 1 35.822 17.869 35.105 17.099
240 2 1 35.803 17.907 35.087 17.136
241 2 1 35.803 17.944 35.087 17.174
242 2 1 35.785 18.000 35.068 17.230
243 2 1 35.785 18.056 35.068 17.285
244 2 1 35.784 18.093 35.068 17.323
245 2 1 35.784 18.130 35.068 17.360
246 2 1 35.784 18.168 35.068 17.397
247 2 1 35.784 18.205 35.068 17.435
248 2 1 35.784 18.242 35.068 17.472
249 2 1 35.784 18.279 35.067 17.509
250 2 1 35.784 18.335 35.067 17.565
251 2 1 35.784 18.391 35.067 17.621
252 2 1 35.803 18.410 35.086 17.639
253 2 1 35.803 18.466 35.086 17.695
254 2 1 35.821 18.503 35.104 17.733
255 2 1 35.821 18.540 35.104 17.770
256 2 1 35.840 18.596 35.123 17.826
257 2 1 35.858 18.652 35.141 17.882
258 2 1 35.877 18.689 35.160 17.919
259 2 1 35.877 18.745 35.160 17.975
260 2 1 35.895 18.801 35.179 18.030
261 2 1 35.895 18.838 35.178 18.068
262 2 1 35.895 18.875 35.178 18.105
263 2 1 35.895 18.912 35.178 18.142
264 2 1 35.895 18.950 35.178 18.180
265 2 1 35.895 18.987 35.178 18.217
266 2 1 35.895 19.024 35.178 18.254
267 2 1 35.895 19.062 35.178 18.291
268 2 1 35.895 19.099 35.178 18.329
269 2 1 35.895 19.136 35.178 18.366
270 2 1 35.895 19.173 35.178 18.403
271 2 1 35.895 19.229 35.178 18.459
272 2 1 35.876 19.285 35.159 18.515
273 2 1 35.876 19.304 35.159 18.534
274 2 1 35.876 19.360 35.159 18.590
275 2 1 35.876 19.397 35.159 18.627
276 2 1 35.876 19.434 35.159 18.664
277 2 1 35.876 19.490 35.159 18.720
278 2 1 35.875 19.546 35.159 18.776
279 2 1 35.875 19.565 35.159 18.795
280 2 1 35.875 19.621 35.159 18.851
281 2 1 35.875 19.639 35.159 18.869
282 2 1 35.875 19.695 35.158 18.925
283 2 1 35.875 19.714 35.158 18.944
284 2 1 35.875 19.742 35.158 18.981
285 2 1 35.894 19.742 35.177 18.990
286 2 1 35.894 19.770 35.177 19.028
287 2 1 35.894 19.770 35.177 19.037
288 2 1 35.894 19.788 35.177 19.065
289 2 1 35.912 19.807 35.195 19.093
290 2 1 35.912 19.816 35.195 19.111
291 2 1 35.931 19.835 35.214 19.139
292 2 1 35.931 19.853 35.214 19.167
294 2 1 35.922 19.779 35.205 19.102
295 2 1 35.912 19.798 35.195 19.130
296 2 1 35.903 19.798 35.186 19.139
298 2 1 35.894 19.742 35.177 19.093
299 2 1 35.894 19.760 35.177 19.121
300 2 1 35.884 19.760 35.167 19.130
301 2 1 35.894 19.760 35.177 19.139
303 2 1 35.884 19.733 35.167 19.112
0 3 1 37.592 4.640 36.970 3.757
1 3 1 37.610 4.668 36.961 3.748
2 3 1 37.610 4.696 36.960 3.776
3 3 1 37.619 4.715 36.970 3.794
4 3 1 37.619 4.752 36.970 3.831
5 3 1 37.619 4.789 36.970 3.869
6 3 1 37.619 4.817 36.970 3.896
7 3 1 37.628 4.863 36.979 3.943
8 3 1 37.647 4.872 36.997 3.952
9 3 1 37.638 4.919 36.988 3.999
10 3 1 37.647 4.947 36.997 4.027
11 3 1 37.731 4.937 37.081 4.017
12 3 1 37.656 5.021 37.006 4.101
13 3 1 37.656 5.058 37.006 4.138
14 3 1 37.619 5.114 36.969 4.194
15 3 1 37.675 5.132 37.025 4.212
16 3 1 37.675 5.170 37.025 4.249
17 3 1 37.693 5.198 37.043 4.277
18 3 1 37.674 5.244 37.025 4.324
19 3 1 37.684 5.290 37.034 4.370
20 3 1 37.684 5.318 37.034 4.398
21 3 1 37.684 5.365 37.034 4.445
22 3 1 37.693 5.393 37.043 4.472
23 3 1 37.693 5.439 37.043 4.519
24 3 1 37.693 5.467 37.043 4.547
25 3 1 37.702 5.513 37.052 4.593
26 3 1 37.711 5.541 37.062 4.621
27 3 1 37.711 5.588 37.061 4.668
28 3 1 37.711 5.615 37.061 4.695
29 3 1 37.720 5.662 37.071 4.742
30 3 1 37.730 5.690 37.080 4.770
31 3 1 37.730 5.746 37.080 4.825
32 3 1 37.739 5.773 37.089 4.853
33 3 1 37.748 5.829 37.098 4.909
34 3 1 37.748 5.857 37.098 4.937
35 3 1 37.757 5.913 37.108 4.993
36 3 1 37.766 5.950 37.117 5.030
37 3 1 37.766 5.996 37.117 5.076
38 3 1 37.776 6.033 37.126 5.113
39 3 1 37.794 6.071 37.145 5.151
40 3 1 37.803 6.108 37.154 5.188
41 3 1 37.813 6.145 37.163 5.225
42 3 1 37.822 6.191 37.172 5.271
43 3 1 37.822 6.238 37.172 5.318
44 3 1 37.831 6.266 37.181 5.346
45 3 1 37.840 6.312 37.191 5.392
46 3 1 37.840 6.340 37.191 5.420
47 3 1 37.840 6.377 37.191 5.457
48 3 1 37.849 6.424 37.200 5.504
49 3 1 37.859 6.461 37.209 5.541
50 3 1 37.859 6.507 37.209 5.587
51 3 1 37.859 6.554 37.209 5.634
52 3 1 37.858 6.600 37.209 5.680
53 3 1 37.858 6.637 37.209 5.717
54 3 1 37.868 6.693 37.218 5.773
55 3 1 37.877 6.749 37.227 5.829
56 3 1 37.868 6.805 37.218 5.885
57 3 1 37.867 6.851 37.218 5.931
58 3 1 37.867 6.888 37.218 5.968
59 3 1 37.877 6.935 37.227 6.015
60 3 1 37.867 6.990 37.218 6.070
61 3 1 37.877 7.027 37.227 6.108
62 3 1 37.867 7.074 37.217 6.154
63 3 1 37.886 7.111 37.236 6.191
64 3 1 37.886 7.158 37.236 6.238
65 3 1 37.886 7.204 37.236 6.284
66 3 1 37.885 7.260 37.236 6.340
67 3 1 37.885 7.297 37.236 6.377
68 3 1 37.895 7.353 37.245 6.433
69 3 1 37.885 7.399 37.236 6.479
70 3 1 37.904 7.464 37.254 6.544
71 3 1 37.904 7.501 37.254 6.581
72 3 1 37.913 7.557 37.263 6.637
73 3 1 37.904 7.613 37.254 6.693
74 3 1 37.922 7.659 37.272 6.739
75 3 1 37.931 7.724 37.282 6.804
76 3 1 37.931 7.752 37.282 6.832
77 3 1 37.941 7.817 37.291 6.897
78 3 1 37.950 7.864 37.300 6.944
80 3 1 37.940 7.854 37.291 6.934
81 3 1 37.950 7.910 37.300 6.990
82 3 1 37.940 7.984 37.291 7.065
83 3 1 37.950 8.040 37.300 7.120
84 3 1 37.940 8.096 37.290 7.176
85 3 1 37.949 8.170 37.300 7.250
86 3 1 37.959 8.245 37.309 7.325
87 3 1 37.968 8.300 37.318 7.381
88 3 1 37.940 8.356 37.290 7.436
89 3 1 37.949 8.449 37.299 7.529
90 3 1 37.940 8.505 37.290 7.585
91 3 1 37.949 8.616 37.299 7.696
92 3 1 37.939 8.709 37.290 7.789
93 3 1 37.930 8.765 37.280 7.845
94 3 1 37.921 8.858 37.271 7.938
95 3 1 37.930 8.932 37.280 8.012
96 3 1 37.920 9.007 37.271 8.087
97 3 1 37.911 9.099 37.261 8.180
98 3 1 37.920 9.192 37.270 8.273
99 3 1 37.911 9.267 37.261 8.347
100 3 1 37.901 9.360 37.251 8.440
101 3 1 37.929 9.453 37.279 8.533
102 3 1 37.920 9.527 37.270 8.607
103 3 1 37.929 9.620 37.279 8.700
104 3 1 37.919 9.731 37.270 8.812
105 3 1 37.929 9.824 37.279 8.905
106 3 1 37.919 9.899 37.269 8.979
107 3 1 37.928 9.973 37.278 9.053
108 3 1 37.919 10.066 37.269 9.146
109 3 1 37.909 10.159 37.260 9.239
110 3 1 38.030 10.373 37.315 9.277
111 3 1 37.993 10.289 37.343 9.351
112 3 1 37.984 10.363 37.334 9.425
113 3 1 37.993 10.438 37.343 9.500
114 3 1 38.002 10.494 37.352 9.555
115 3 1 37.993 10.568 37.343 9.630
116 3 1 38.002 10.624 37.352 9.686
117 3 1 38.011 10.698 37.361 9.760
118 3 1 38.020 10.754 37.370 9.816
119 3 1 38.029 10.828 37.380 9.890
120 3 1 38.057 10.884 37.407 9.946
121 3 1 38.066 10.940 37.417 10.002
122 3 1 38.076 10.995 37.426 10.057
123 3 1 38.085 11.051 37.435 10.113
124 3 1 38.057 11.023 37.351 10.132
125 3 1 38.085 11.079 37.305 10.346
126 3 1 38.094 11.116 37.370 10.448
127 3 1 38.057 11.219 37.398 10.336
128 3 1 38.057 11.256 37.398 10.373
129 3 1 38.057 11.293 37.398 10.411
130 3 1 38.122 11.321 37.304 10.494
131 3 1 38.187 11.358 37.341 10.587
132 3 1 38.094 11.395 37.416 10.531
133 3 1 38.140 11.497 37.388 10.634
134 3 1 38.103 11.488 37.425 10.624
135 3 1 38.103 11.544 37.425 10.680
136 3 1 38.103 11.618 37.425 10.755
137 3 1 38.084 11.674 37.406 10.810
138 3 1 38.084 11.711 37.406 10.848
139 3 1 38.102 11.860 37.397 10.699
140 3 1 38.084 11.720 37.406 10.848
141 3 1 38.084 11.767 37.406 10.894
142 3 1 38.084 11.795 37.406 10.922
143 3 1 38.084 11.860 37.406 10.987
144 3 1 38.084 11.888 37.406 11.015
145 3 1 38.084 11.953 37.406 11.080
146 3 1 38.084 11.999 37.406 11.127
147 3 1 38.084 12.046 37.406 11.173
148 3 1 38.084 12.092 37.406 11.220
149 3 1 38.083 12.157 37.406 11.285
150 3 1 38.083 12.204 37.406 11.331
151 3 1 38.102 12.269 37.424 11.396
152 3 1 38.102 12.297 37.424 11.424
153 3 1 38.120 12.362 37.443 11.489
154 3 1 38.120 12.390 37.442 11.517
155 3 1 38.102 12.455 37.424 11.582
156 3 1 38.102 12.483 37.424 11.610
157 3 1 38.102 12.548 37.424 11.675
158 3 1 38.083 12.576 37.405 11.703
159 3 1 38.083 12.641 37.405 11.768
160 3 1 38.083 12.669 37.405 11.796
161 3 1 38.064 12.734 37.386 11.861
162 3 1 38.064 12.781 37.386 11.908
163 3 1 38.045 12.827 37.367 11.954
164 3 1 38.045 12.874 37.367 12.001
165 3 1 38.045 12.939 37.367 12.066
166 3 1 38.027 12.985 37.349 12.112
167 3 1 38.008 13.050 37.330 12.178
168 3 1 38.008 13.097 37.330 12.224
169 3 1 37.989 13.162 37.311 12.289
170 3 1 37.989 13.208 37.311 12.336
171 3 1 37.970 13.255 37.292 12.382
172 3 1 37.970 13.301 37.292 12.429
173 3 1 37.970 13.348 37.292 12.475
174 3 1 37.970 13.394 37.292 12.522
175 3 1 37.970 13.441 37.292 12.568
176 3 1 37.970 13.469 37.292 12.596
177 3 1 37.970 13.534 37.292 12.661
178 3 1 37.970 13.562 37.292 12.689
179 3 1 37.970 13.627 37.292 12.754
180 3 1 37.970 13.674 37.292 12.801
181 3 1 37.970 13.720 37.292 12.847
182 3 1 37.970 13.767 37.292 12.894
183 3 1 37.970 13.813 37.292 12.940
184 3 1 37.970 13.860 37.292 12.987
185 3 1 37.969 13.906 37.291 13.033
186 3 1 37.969 13.953 37.291 13.080
187 3 1 37.969 13.999 37.291 13.126
188 3 1 37.969 14.046 37.291 13.173
189 3 1 37.951 14.111 37.273 13.238
190 3 1 37.951 14.139 37.273 13.266
191 3 1 38.053 14.231 37.207 13.582
192 3 1 38.071 14.296 37.244 13.592
193 3 1 37.997 14.408 37.254 13.554
194 3 1 38.015 14.473 37.244 13.601
195 3 1 38.034 14.548 37.263 13.638
196 3 1 37.987 14.511 37.309 13.666
197 3 1 37.987 14.548 37.309 13.703
198 3 1 37.969 14.585 37.290 13.740
199 3 1 37.950 14.641 37.272 13.796
200 3 1 37.950 14.697 37.272 13.852
201 3 1 37.931 14.734 37.253 13.889
202 3 1 37.912 14.790 37.234 13.945
203 3 1 38.033 14.855 37.253 13.796
204 3 1 37.931 14.901 37.216 13.768
205 3 1 37.950 14.920 37.179 13.834
206 3 1 37.856 15.069 37.141 13.862
207 3 1 37.838 14.883 37.160 14.020
208 3 1 37.819 15.190 37.132 13.964
209 3 1 37.791 15.246 37.132 14.001
210 3 1 37.800 15.283 37.104 14.020
211 3 1 37.782 15.088 37.113 14.197
212 3 1 37.791 15.339 37.095 14.039
213 3 1 37.763 15.386 37.122 14.187
214 3 1 37.763 15.460 37.113 14.187
215 3 1 37.781 15.507 37.132 14.225
216 3 1 37.753 15.516 37.085 14.253
217 3 1 37.744 15.339 37.094 14.420
218 3 1 37.735 15.377 37.085 14.457
219 3 1 37.744 15.432 37.094 14.513
220 3 1 37.753 15.488 37.103 14.569
221 3 1 37.744 15.525 37.094 14.606
222 3 1 37.753 15.563 37.103 14.643
223 3 1 37.744 15.600 37.094 14.681
224 3 1 37.753 15.637 37.103 14.718
225 3 1 37.744 15.674 37.094 14.755
226 3 1 37.734 15.712 37.084 14.792
227 3 1 37.744 15.749 37.093 14.830
228 3 1 37.753 15.786 37.103 14.867
229 3 1 37.744 15.823 37.093 14.904
230 3 1 37.753 15.860 37.103 14.941
231 3 1 37.743 15.916 37.093 14.997
232 3 1 37.753 15.953 37.102 15.034
233 3 1 37.762 16.009 37.112 15.090
234 3 1 37.771 16.046 37.121 15.127
235 3 1 37.762 16.102 37.112 15.183
236 3 1 37.771 16.139 37.121 15.220
237 3 1 37.762 16.195 37.111 15.276
238 3 1 37.771 16.251 37.121 15.332
239 3 1 37.762 16.307 37.111 15.388
240 3 1 37.771 16.344 37.121 15.425
241 3 1 37.761 16.381 37.111 15.462
242 3 1 37.771 16.419 37.120 15.500
243 3 1 37.761 16.456 37.111 15.537
244 3 1 37.771 16.493 37.120 15.574
245 3 1 37.761 16.530 37.111 15.611
246 3 1 37.752 16.568 37.102 15.648
247 3 1 37.761 16.605 37.111 15.686
248 3 1 37.770 16.642 37.120 15.723
249 3 1 37.761 16.679 37.111 15.760
250 3 1 37.770 16.716 37.120 15.797
251 3 1 37.761 16.754 37.111 15.835
252 3 1 37.770 16.791 37.120 15.872
253 3 1 37.779 16.847 37.129 15.928
254 3 1 37.807 16.884 37.157 15.965
255 3 1 37.817 16.921 37.166 16.002
256 3 1 37.826 16.977 37.176 16.058
257 3 1 37.835 17.014 37.185 16.095
258 3 1 37.863 17.070 37.213 16.151
259 3 1 37.872 17.107 37.222 16.188
260 3 1 37.900 17.144 37.250 16.225
261 3 1 37.909 17.181 37.259 16.262
262 3 1 37.918 17.218 37.268 16.299
263 3 1 37.928 17.256 37.278 16.337
264 3 1 37.937 17.293 37.287 16.374
265 3 1 37.946 17.330 37.296 16.411
266 3 1 37.956 17.367 37.305 16.448
267 3 1 37.946 17.404 37.296 16.486
268 3 1 37.955 17.442 37.305 16.523
269 3 1 37.946 17.479 37.296 16.560
270 3 1 37.955 17.516 37.305 16.597
271 3 1 37.946 17.572 37.296 16.653
272 3 1 37.955 17.609 37.305 16.690
273 3 1 37.946 17.665 37.296 16.746
274 3 1 37.955 17.702 37.305 16.783
275 3 1 37.946 17.758 37.295 16.839
276 3 1 37.955 17.795 37.305 16.876
277 3 1 37.946 17.833 37.295 16.914
278 3 1 37.955 17.870 37.305 16.951
279 3 1 37.945 17.907 37.295 16.988
280 3 1 37.955 17.944 37.304 17.025
281 3 1 37.945 17.963 37.295 17.044
282 3 1 37.955 18.000 37.304 17.081
283 3 1 37.945 18.037 37.295 17.118
284 3 1 38.150 18.185 37.332 17.435
285 3 1 38.057 18.251 37.406 17.341
286 3 1 38.112 18.307 37.350 17.407
287 3 1 38.057 18.307 37.406 17.407
288 3 1 38.084 18.344 37.332 17.416
289 3 1 38.066 18.335 37.332 17.388
290 3 1 38.019 18.307 37.369 17.407
291 3 1 38.066 18.446 37.313 17.537
292 3 1 38.010 18.428 37.360 17.528
293 3 1 38.001 18.465 37.350 17.565
294 3 1 38.131 18.679 37.369 17.491
295 3 1 38.066 18.530 37.415 17.630
296 3 1 38.056 18.568 37.406 17.667
297 3 1 38.066 18.586 37.415 17.686
298 3 1 38.038 18.623 37.387 17.723
299 3 1 38.047 18.642 37.397 17.742
300 3 1 38.037 18.679 37.387 17.779
301 3 1 38.130 18.865 37.322 17.928
302 3 1 38.047 18.838 37.396 17.937
303 3 1 38.037 18.856 37.387 17.956
0 4 1 36.708 4.825 35.984 3.561
1 4 1 36.726 4.862 35.975 3.542
2 4 1 36.726 4.899 35.974 3.579
3 4 1 36.745 4.937 35.993 3.616
4 4 1 36.763 4.992 36.012 3.672
5 4 1 36.735 5.048 35.984 3.728
6 4 1 36.763 5.067 36.011 3.747
7 4 1 36.763 5.122 36.011 3.802
8 4 1 36.754 5.160 36.002 3.839
9 4 1 36.782 5.197 36.030 3.877
10 4 1 36.800 5.234 36.048 3.914
11 4 1 36.689 5.262 35.937 3.942
12 4 1 36.800 5.308 36.048 3.988
13 4 1 36.800 5.345 36.048 4.025
14 4 1 36.856 5.392 36.104 4.072
15 4 1 36.837 5.457 36.085 4.137
16 4 1 36.818 5.476 36.067 4.155
17 4 1 36.828 5.531 36.076 4.211
18 4 1 36.837 5.568 36.085 4.248
19 4 1 36.837 5.606 36.085 4.286
20 4 1 36.837 5.652 36.085 4.332
21 4 1 36.837 5.736 36.085 4.416
22 4 1 36.837 5.791 36.085 4.471
23 4 1 36.855 5.810 36.103 4.490
24 4 1 36.892 5.884 36.141 4.564
25 4 1 36.911 5.922 36.159 4.602
26 4 1 36.911 5.959 36.159 4.639
27 4 1 36.911 5.996 36.159 4.676
28 4 1 36.911 6.052 36.159 4.732
29 4 1 36.911 6.070 36.159 4.750
30 4 1 36.911 6.145 36.159 4.825
31 4 1 36.910 6.182 36.159 4.862
32 4 1 36.910 6.238 36.159 4.918
33 4 1 36.910 6.256 36.159 4.936
34 4 1 36.910 6.330 36.158 5.010
35 4 1 36.910 6.358 36.158 5.038
36 4 1 36.948 6.284 36.232 5.382
37 4 1 36.957 6.423 36.223 5.234
38 4 1 36.957 6.470 36.223 5.280
39 4 1 36.957 6.516 36.223 5.326
40 4 1 36.975 6.563 36.242 5.373
41 4 1 36.994 6.609 36.260 5.419
42 4 1 36.994 6.656 36.260 5.466
43 4 1 36.993 6.702 36.260 5.512
44 4 1 36.993 6.749 36.260 5.559
45 4 1 36.993 6.795 36.260 5.605
46 4 1 36.993 6.823 36.260 5.633
47 4 1 36.993 6.888 36.260 5.698
48 4 1 36.993 6.916 36.260 5.726
49 4 1 36.993 6.962 36.260 5.773
50 4 1 36.993 7.009 36.260 5.819
51 4 1 36.993 7.055 36.260 5.865
52 4 1 36.993 7.102 36.259 5.912
53 4 1 36.993 7.167 36.259 5.977
54 4 1 36.993 7.195 36.259 6.005
55 4 1 37.011 7.260 36.278 6.070
56 4 1 37.030 7.306 36.296 6.116
57 4 1 37.011 7.371 36.278 6.181
58 4 1 37.011 7.399 36.278 6.209
59 4 1 37.011 7.464 36.278 6.274
60 4 1 37.011 7.511 36.277 6.321
61 4 1 37.029 7.557 36.296 6.367
62 4 1 37.011 7.604 36.277 6.414
63 4 1 37.029 7.669 36.296 6.479
64 4 1 37.029 7.715 36.296 6.525
65 4 1 37.029 7.780 36.296 6.590
66 4 1 37.010 7.827 36.277 6.637
67 4 1 37.029 7.892 36.296 6.702
68 4 1 37.010 7.938 36.277 6.748
69 4 1 37.029 8.003 36.295 6.814
70 4 1 37.010 8.050 36.277 6.860
71 4 1 37.010 8.115 36.277 6.925
72 4 1 37.010 8.180 36.276 6.990
73 4 1 37.010 8.245 36.276 7.055
74 4 1 37.010 8.310 36.276 7.120
75 4 1 37.010 8.394 36.276 7.204
76 4 1 37.028 8.459 36.295 7.269
77 4 1 37.009 8.542 36.276 7.353
78 4 1 37.028 8.626 36.294 7.436
79 4 1 37.028 8.728 36.294 7.539
80 4 1 37.028 8.793 36.294 7.604
81 4 1 37.028 8.877 36.294 7.687
82 4 1 37.027 8.961 36.294 7.771
83 4 1 37.027 9.044 36.294 7.855
84 4 1 37.027 9.109 36.294 7.920
85 4 1 37.027 9.212 36.294 8.022
86 4 1 37.027 9.295 36.293 8.106
87 4 1 37.045 9.398 36.312 8.208
88 4 1 37.064 9.481 36.330 8.292
89 4 1 37.045 9.584 36.312 8.394
90 4 1 37.045 9.649 36.312 8.459
91 4 1 37.045 9.751 36.311 8.561
92 4 1 37.045 9.816 36.311 8.626
93 4 1 37.045 9.918 36.311 8.729
94 4 1 37.045 10.002 36.311 8.812
95 4 1 37.044 10.104 36.311 8.915
96 4 1 37.063 10.188 36.329 8.998
97 4 1 37.063 10.290 36.329 9.101
98 4 1 37.081 10.374 36.348 9.184
99 4 1 37.118 10.476 36.385 9.287
100 4 1 37.155 10.560 36.422 9.370
101 4 1 37.174 10.662 36.440 9.473
102 4 1 37.192 10.746 36.459 9.556
103 4 1 37.211 10.829 36.477 9.640
104 4 1 37.211 10.932 36.477 9.742
105 4 1 37.229 11.034 36.496 9.844
106 4 1 37.248 11.117 36.514 9.928
107 4 1 37.257 11.052 36.607 9.891
108 4 1 37.304 11.080 36.626 9.844
109 4 1 37.341 11.117 36.635 9.835
110 4 1 37.341 11.192 36.617 9.909
111 4 1 37.312 11.359 36.635 9.965
112 4 1 37.359 11.452 36.635 10.049
113 4 1 37.368 11.536 36.662 10.365
114 4 1 37.368 11.647 36.690 10.412
115 4 1 37.386 11.759 36.671 10.579
116 4 1 37.368 11.750 36.681 10.560
117 4 1 37.386 11.861 36.699 10.737
118 4 1 37.377 11.889 36.690 10.709
119 4 1 37.386 11.982 36.699 10.802
120 4 1 37.395 12.094 36.708 10.914
121 4 1 37.423 12.205 36.736 11.025
122 4 1 37.432 12.298 36.745 11.118
123 4 1 37.460 12.391 36.773 11.211
124 4 1 37.469 12.503 36.782 11.323
125 4 1 37.478 12.596 36.791 11.416
126 4 1 37.506 12.670 36.819 11.490
127 4 1 37.534 12.763 36.847 11.583
128 4 1 37.543 12.856 36.856 11.676
129 4 1 37.571 12.930 36.884 11.751
130 4 1 37.580 13.023 36.893 11.844
131 4 1 37.589 13.135 36.902 11.955
132 4 1 37.598 13.228 36.911 12.048
133 4 1 37.607 13.302 36.920 12.123
134 4 1 37.617 13.395 36.930 12.216
135 4 1 37.626 13.507 36.939 12.327
136 4 1 37.616 13.600 36.929 12.420
137 4 1 37.607 13.674 36.920 12.495
138 4 1 37.598 13.767 36.911 12.588
139 4 1 37.588 13.879 36.901 12.699
140 4 1 37.579 13.954 36.892 12.774
141 4 1 37.569 14.047 36.882 12.867
142 4 1 37.560 14.102 36.873 12.923
143 4 1 37.569 14.214 36.882 13.034
144 4 1 37.560 14.289 36.873 13.109
145 4 1 37.550 14.382 36.863 13.202
146 4 1 37.615 14.521 36.872 13.369
147 4 1 37.578 14.521 36.891 13.351
148 4 1 37.568 14.586 36.881 13.416
149 4 1 37.577 14.828 36.862 13.760
150 4 1 37.559 14.856 36.872 13.695
151 4 1 37.549 14.931 36.862 13.769
152 4 1 37.521 14.986 36.834 13.825
153 4 1 37.512 15.042 36.825 13.881
154 4 1 37.503 15.117 36.815 13.956
155 4 1 37.493 15.191 36.806 14.030
156 4 1 37.465 15.266 36.778 14.105
157 4 1 37.456 15.340 36.769 14.179
158 4 1 37.446 15.396 36.759 14.235
159 4 1 37.437 15.452 36.750 14.291
160 4 1 37.409 15.526 36.722 14.365
161 4 1 37.418 15.582 36.731 14.421
162 4 1 37.390 15.620 36.703 14.458
163 4 1 37.381 15.675 36.694 14.514
164 4 1 37.353 15.750 36.666 14.589
165 4 1 37.325 15.806 36.638 14.645
166 4 1 37.297 15.843 36.610 14.682
167 4 1 37.418 16.001 36.600 14.943
168 4 1 37.334 16.039 36.553 15.008
169 4 1 37.343 16.066 36.534 15.120
170 4 1 37.297 16.057 36.525 15.120
171 4 1 37.250 16.104 36.525 15.138
172 4 1 37.175 16.169 36.478 15.213
173 4 1 37.166 16.235 36.478 15.129
174 4 1 37.157 16.272 36.469 15.166
175 4 1 37.129 16.309 36.441 15.204
176 4 1 37.119 16.347 36.432 15.241
177 4 1 37.073 16.365 36.385 15.260
178 4 1 37.063 16.384 36.376 15.278
179 4 1 37.017 16.403 36.329 15.297
180 4 1 36.989 16.440 36.301 15.335
181 4 1 36.961 16.477 36.273 15.372
182 4 1 36.933 16.496 36.245 15.391
183 4 1 36.905 16.515 36.217 15.409
184 4 1 36.877 16.552 36.189 15.447
185 4 1 36.849 16.571 36.161 15.465
186 4 1 36.840 16.608 36.152 15.503
187 4 1 36.812 16.627 36.124 15.521
188 4 1 36.802 16.646 36.115 15.540
189 4 1 36.774 16.664 36.087 15.559
190 4 1 36.765 16.683 36.077 15.577
191 4 1 36.756 16.720 36.068 15.615
192 4 1 36.728 16.758 36.040 15.652
193 4 1 36.700 16.795 36.012 15.689
194 4 1 36.690 16.814 36.002 15.708
195 4 1 36.681 16.851 35.993 15.745
196 4 1 36.671 16.869 35.984 15.764
197 4 1 36.644 16.907 35.956 15.801
198 4 1 36.634 16.925 35.946 15.820
199 4 1 36.606 16.963 35.918 15.857
200 4 1 36.597 16.982 35.909 15.876
201 4 1 36.587 17.019 35.900 15.913
202 4 1 36.578 17.056 35.890 15.950
203 4 1 36.550 17.075 35.862 15.969
204 4 1 36.541 17.112 35.853 16.006
205 4 1 36.531 17.131 35.844 16.025
206 4 1 36.522 17.149 35.834 16.044
207 4 1 36.513 17.187 35.825 16.081
208 4 1 36.503 17.224 35.815 16.118
209 4 1 36.494 17.243 35.806 16.137
210 4 1 36.503 17.280 35.815 16.174
211 4 1 36.494 17.317 35.806 16.211
212 4 1 36.485 17.336 35.797 16.230
213 4 1 36.475 17.373 35.787 16.267
214 4 1 36.484 17.392 35.797 16.286
215 4 1 36.475 17.429 35.787 16.323
216 4 1 36.466 17.448 35.778 16.342
217 4 1 36.456 17.485 35.768 16.379
218 4 1 36.466 17.503 35.778 16.398
219 4 1 36.456 17.522 35.768 16.417
220 4 1 36.466 17.559 35.778 16.454
221 4 1 36.456 17.597 35.768 16.491
222 4 1 36.465 17.615 35.778 16.510
223 4 1 36.475 17.652 35.787 16.547
224 4 1 36.484 17.671 35.796 16.565
225 4 1 36.475 17.708 35.787 16.603
226 4 1 36.484 17.727 35.796 16.621
227 4 1 36.493 17.764 35.805 16.659
228 4 1 36.502 17.783 35.815 16.677
229 4 1 36.493 17.820 35.805 16.714
230 4 1 36.502 17.839 35.815 16.733
231 4 1 36.493 17.876 35.805 16.770
232 4 1 36.502 17.894 35.814 16.789
233 4 1 36.493 17.932 35.805 16.826
234 4 1 36.502 17.950 35.814 16.845
235 4 1 36.493 17.988 35.805 16.882
236 4 1 36.502 18.006 35.814 16.901
237 4 1 36.493 18.025 35.805 16.919
238 4 1 36.502 18.062 35.814 16.957
239 4 1 36.493 18.081 35.805 16.975
240 4 1 36.502 18.118 35.814 17.012
241 4 1 36.511 18.155 35.823 17.050
242 4 1 36.521 18.174 35.833 17.068
243 4 1 36.511 18.211 35.823 17.106
244 4 1 36.520 18.248 35.833 17.143
245 4 1 36.511 18.267 35.823 17.161
246 4 1 36.520 18.304 35.832 17.199
247 4 1 36.530 18.323 35.842 17.217
248 4 1 36.539 18.360 35.851 17.254
249 4 1 36.530 18.379 35.842 17.273
250 4 1 36.539 18.416 35.851 17.310
251 4 1 36.529 18.435 35.842 17.329
252 4 1 36.539 18.472 35.851 17.366
253 4 1 36.548 18.490 35.860 17.385
254 4 1 36.594 18.621 35.860 17.413
255 4 1 36.567 18.565 35.879 17.459
256 4 1 36.576 18.602 35.888 17.496
257 4 1 36.585 18.621 35.897 17.515
258 4 1 36.594 18.639 35.906 17.534
259 4 1 36.585 18.676 35.897 17.571
260 4 1 36.594 18.695 35.906 17.590
261 4 1 36.585 18.714 35.897 17.608
262 4 1 36.594 18.732 35.906 17.627
263 4 1 36.585 18.770 35.897 17.664
264 4 1 36.594 18.788 35.906 17.683
265 4 1 36.585 18.807 35.897 17.701
266 4 1 36.594 18.844 35.906 17.739
267 4 1 36.585 18.863 35.897 17.757
268 4 1 36.575 18.900 35.887 17.795
269 4 1 36.585 18.919 35.897 17.813
270 4 1 36.594 18.956 35.906 17.850
271 4 1 36.585 18.975 35.897 17.869
272 4 1 36.594 19.012 35.906 17.906
273 4 1 36.603 19.030 35.915 17.925
274 4 1 36.612 19.068 35.924 17.962
275 4 1 36.603 19.086 35.915 17.981
276 4 1 36.612 19.123 35.924 18.018
277 4 1 36.622 19.142 35.934 18.037
278 4 1 36.631 19.179 35.943 18.074
279 4 1 36.640 19.198 35.952 18.092
280 4 1 36.649 19.235 35.962 18.130
281 4 1 36.659 19.254 35.971 18.148
282 4 1 36.668 19.291 35.980 18.185
283 4 1 36.659 19.310 35.971 18.204
284 4 1 36.668 19.328 35.980 18.223
285 4 1 36.677 19.347 35.989 18.241
286 4 1 36.686 19.365 35.999 18.260
287 4 1 36.677 19.384 35.989 18.279
288 4 1 36.686 19.403 35.999 18.297
289 4 1 36.696 19.421 36.008 18.316
290 4 1 36.705 19.440 36.017 18.334
291 4 1 36.696 19.458 36.008 18.353
292 4 1 36.705 19.477 36.017 18.372
293 4 1 36.714 19.514 36.026 18.409
294 4 1 36.723 19.533 36.036 18.427
295 4 1 36.714 19.570 36.026 18.465
296 4 1 36.723 19.589 36.036 18.483
297 4 1 36.733 19.626 36.045 18.521
298 4 1 36.742 19.644 36.054 18.539
299 4 1 36.733 19.682 36.045 18.576
300 4 1 36.742 19.700 36.054 18.595
301 4 1 36.733 19.719 36.045 18.614
302 4 1 36.742 19.728 36.054 18.623
303 4 1 36.751 19.738 36.063 18.632
0 6 1 36.515 3.394 35.846 2.641
1 6 1 36.533 3.422 35.836 2.631
2 6 1 36.533 3.469 35.836 2.678
3 6 1 36.542 3.524 35.845 2.734
4 6 1 36.542 3.571 35.845 2.780
5 6 1 36.551 3.589 35.855 2.799
6 6 1 36.551 3.654 35.855 2.864
7 6 1 36.561 3.682 35.864 2.892
8 6 1 36.561 3.719 35.864 2.929
9 6 1 36.560 3.766 35.864 2.975
10 6 1 36.560 3.784 35.864 2.994
11 6 1 36.560 3.775 35.864 2.985
12 6 1 36.560 3.868 35.864 3.077
13 6 1 36.570 3.887 35.873 3.096
14 6 1 36.569 3.961 35.873 3.170
15 6 1 36.569 3.998 35.873 3.207
16 6 1 36.569 4.017 35.873 3.226
17 6 1 36.579 4.072 35.882 3.282
18 6 1 36.579 4.119 35.882 3.328
19 6 1 36.569 4.165 35.872 3.375
20 6 1 36.569 4.203 35.872 3.412
21 6 1 36.569 4.240 35.872 3.449
22 6 1 36.569 4.277 35.872 3.486
23 6 1 36.569 4.314 35.872 3.523
24 6 1 36.569 4.370 35.872 3.579
25 6 1 36.569 4.388 35.872 3.598
26 6 1 36.569 4.435 35.872 3.644
27 6 1 36.569 4.472 35.872 3.681
28 6 1 36.569 4.509 35.872 3.719
29 6 1 36.569 4.537 35.872 3.746
30 6 1 36.569 4.593 35.872 3.802
31 6 1 36.569 4.621 35.872 3.830
32 6 1 36.568 4.676 35.872 3.886
33 6 1 36.568 4.723 35.872 3.932
34 6 1 36.568 4.751 35.872 3.960
35 6 1 36.568 4.797 35.871 4.007
36 6 1 36.568 4.862 35.871 4.072
37 6 1 36.568 4.899 35.871 4.109
38 6 1 36.559 4.936 35.862 4.146
39 6 1 36.559 4.983 35.862 4.192
40 6 1 36.549 5.011 35.852 4.220
41 6 1 36.549 5.048 35.852 4.257
42 6 1 36.540 5.085 35.843 4.295
43 6 1 36.540 5.132 35.843 4.341
44 6 1 36.530 5.159 35.834 4.369
45 6 1 36.530 5.206 35.834 4.415
46 6 1 36.521 5.234 35.824 4.443
47 6 1 36.521 5.271 35.824 4.480
48 6 1 36.512 5.327 35.815 4.536
49 6 1 36.512 5.364 35.815 4.573
50 6 1 36.502 5.410 35.805 4.620
51 6 1 36.493 5.457 35.796 4.666
52 6 1 36.493 5.512 35.796 4.722
53 6 1 36.483 5.550 35.786 4.759
54 6 1 36.474 5.596 35.777 4.806
55 6 1 36.474 5.615 35.777 4.824
56 6 1 36.465 5.661 35.768 4.871
57 6 1 36.465 5.689 35.768 4.899
58 6 1 36.464 5.745 35.768 4.954
59 6 1 36.464 5.773 35.768 4.982
60 6 1 36.464 5.819 35.767 5.029
61 6 1 36.455 5.838 35.758 5.047
62 6 1 36.455 5.884 35.758 5.094
63 6 1 36.455 5.912 35.758 5.122
64 6 1 36.455 5.977 35.758 5.187
65 6 1 36.445 6.014 35.749 5.224
66 6 1 36.445 6.061 35.748 5.270
67 6 1 36.445 6.079 35.748 5.289
68 6 1 36.445 6.135 35.748 5.345
69 6 1 36.445 6.191 35.748 5.400
70 6 1 36.445 6.219 35.748 5.428
71 6 1 36.445 6.265 35.748 5.475
72 6 1 36.445 6.312 35.748 5.521
73 6 1 36.445 6.358 35.748 5.568
74 6 1 36.436 6.386 35.739 5.596
75 6 1 36.436 6.432 35.739 5.642
76 6 1 36.426 6.470 35.729 5.679
77 6 1 36.426 6.507 35.729 5.716
78 6 1 36.426 6.553 35.729 5.763
79 6 1 36.417 6.600 35.720 5.809
80 6 1 36.417 6.656 35.720 5.865
81 6 1 36.417 6.702 35.720 5.912
82 6 1 36.407 6.739 35.710 5.949
83 6 1 36.398 6.795 35.701 6.005
84 6 1 36.388 6.851 35.691 6.060
85 6 1 36.388 6.907 35.691 6.116
86 6 1 36.379 6.962 35.682 6.172
87 6 1 36.360 7.027 35.663 6.237
88 6 1 36.351 7.055 35.654 6.265
89 6 1 36.351 7.111 35.654 6.321
90 6 1 36.341 7.157 35.644 6.367
92 6 1 36.332 7.148 35.635 6.358
93 6 1 36.332 7.185 35.635 6.395
94 6 1 36.332 7.223 35.635 6.432
95 6 1 36.332 7.260 35.635 6.469
96 6 1 36.313 7.297 35.616 6.507
97 6 1 36.313 7.353 35.616 6.562
98 6 1 36.313 7.390 35.616 6.600
99 6 1 36.313 7.427 35.616 6.637
100 6 1 36.313 7.483 35.616 6.693
101 6 1 36.294 7.520 35.597 6.730
102 6 1 36.294 7.576 35.597 6.786
103 6 1 36.294 7.613 35.597 6.823
104 6 1 36.294 7.669 35.597 6.879
105 6 1 36.294 7.706 35.597 6.916
106 6 1 36.275 7.743 35.578 6.953
107 6 1 36.275 7.780 35.578 6.990
108 6 1 36.275 7.818 35.578 7.027
109 6 1 36.275 7.855 35.578 7.064
110 6 1 36.275 7.892 35.578 7.102
111 6 1 36.275 7.929 35.578 7.139
112 6 1 36.275 7.985 35.578 7.195
113 6 1 36.275 8.022 35.578 7.232
114 6 1 36.275 8.059 35.578 7.269
115 6 1 36.256 8.096 35.559 7.306
116 6 1 36.256 8.152 35.559 7.362
117 6 1 36.256 8.189 35.559 7.399
118 6 1 36.237 8.245 35.540 7.455
119 6 1 36.237 8.282 35.540 7.492
120 6 1 36.237 8.320 35.540 7.529
121 6 1 36.219 8.375 35.521 7.585
122 6 1 36.218 8.413 35.521 7.622
123 6 1 36.218 8.450 35.521 7.660
124 6 1 36.200 8.487 35.503 7.697
125 6 1 36.200 8.524 35.502 7.734
126 6 1 36.200 8.561 35.502 7.771
127 6 1 36.181 8.599 35.484 7.808
128 6 1 36.181 8.636 35.484 7.846
129 6 1 36.181 8.673 35.484 7.883
130 6 1 36.162 8.710 35.465 7.920
131 6 1 36.162 8.766 35.465 7.976
132 6 1 36.162 8.803 35.465 8.013
133 6 1 36.162 8.859 35.465 8.069
134 6 1 36.143 8.915 35.446 8.125
135 6 1 36.143 8.952 35.446 8.162
136 6 1 36.124 9.008 35.427 8.218
137 6 1 36.106 9.045 35.408 8.255
138 6 1 36.106 9.082 35.408 8.292
139 6 1 36.087 9.119 35.390 8.329
140 6 1 36.068 9.157 35.371 8.366
141 6 1 36.068 9.194 35.371 8.404
142 6 1 36.050 9.250 35.352 8.460
143 6 1 36.050 9.287 35.352 8.497
144 6 1 36.031 9.324 35.334 8.534
145 6 1 36.031 9.361 35.333 8.571
146 6 1 36.012 9.398 35.315 8.608
147 6 1 35.993 9.454 35.296 8.664
148 6 1 35.993 9.492 35.296 8.701
149 6 1 35.975 9.547 35.277 8.757
150 6 1 35.956 9.585 35.259 8.794
151 6 1 35.956 9.622 35.258 8.832
152 6 1 35.937 9.678 35.240 8.887
153 6 1 35.937 9.696 35.240 8.906
154 6 1 35.937 9.733 35.240 8.943
155 6 1 35.918 9.771 35.221 8.981
156 6 1 35.918 9.826 35.221 9.036
157 6 1 35.918 9.864 35.221 9.074
158 6 1 35.900 9.901 35.202 9.111
159 6 1 35.900 9.938 35.202 9.148
160 6 1 35.899 9.975 35.202 9.185
161 6 1 35.899 10.012 35.202 9.222
162 6 1 35.881 10.068 35.183 9.278
163 6 1 35.881 10.106 35.183 9.315
164 6 1 35.881 10.161 35.183 9.371
165 6 1 35.880 10.217 35.183 9.427
166 6 1 35.880 10.254 35.183 9.464
167 6 1 35.880 10.310 35.183 9.520
168 6 1 35.880 10.347 35.183 9.557
169 6 1 35.880 10.403 35.183 9.613
170 6 1 35.880 10.440 35.183 9.650
171 6 1 35.861 10.478 35.164 9.688
172 6 1 35.861 10.533 35.164 9.743
173 6 1 35.917 10.571 35.164 9.753
174 6 1 35.889 10.552 35.192 9.762
175 6 1 35.889 10.589 35.192 9.799
176 6 1 35.889 10.626 35.192 9.836
177 6 1 35.889 10.682 35.192 9.892
178 6 1 35.870 10.720 35.173 9.930
179 6 1 35.889 10.775 35.191 9.985
180 6 1 35.870 10.813 35.173 10.023
181 6 1 35.889 10.868 35.191 10.078
182 6 1 35.917 10.943 35.172 10.171
183 6 1 35.917 10.933 35.182 10.218
184 6 1 35.926 10.943 35.154 10.320
185 6 1 35.889 11.008 35.191 10.246
186 6 1 35.889 11.045 35.191 10.283
187 6 1 35.898 11.082 35.200 10.320
188 6 1 35.898 11.120 35.200 10.358
189 6 1 35.898 11.166 35.200 10.404
190 6 1 35.898 11.213 35.200 10.451
191 6 1 35.897 11.408 35.153 10.516
192 6 1 35.897 11.482 35.153 10.479
193 6 1 35.888 11.575 35.163 10.525
194 6 1 35.869 11.436 35.172 10.655
195 6 1 35.869 11.482 35.172 10.702
196 6 1 35.888 11.510 35.190 10.730
197 6 1 35.869 11.576 35.171 10.795
198 6 1 35.888 11.622 35.190 10.841
199 6 1 35.869 11.669 35.171 10.888
200 6 1 35.888 11.696 35.190 10.916
201 6 1 35.869 11.743 35.171 10.962
202 6 1 35.887 11.789 35.190 11.009
203 6 1 35.869 11.836 35.171 11.056
204 6 1 35.887 11.864 35.190 11.083
205 6 1 35.943 11.892 35.115 11.084
206 6 1 35.887 12.031 35.096 11.102
207 6 1 35.906 12.078 35.106 11.130
208 6 1 35.850 11.994 35.152 11.214
209 6 1 35.850 12.041 35.152 11.260
210 6 1 35.943 12.236 35.227 10.962
211 6 1 35.924 12.003 35.227 11.204
212 6 1 35.924 12.050 35.227 11.251
213 6 1 35.924 12.078 35.227 11.279
214 6 1 35.943 12.143 35.245 11.344
215 6 1 35.961 12.171 35.264 11.372
216 6 1 35.943 12.217 35.245 11.418
217 6 1 35.961 12.245 35.264 11.446
218 6 1 35.961 12.292 35.264 11.493
219 6 1 35.961 12.320 35.264 11.521
220 6 1 35.961 12.366 35.263 11.567
221 6 1 35.961 12.394 35.263 11.595
222 6 1 35.961 12.441 35.263 11.642
223 6 1 35.961 12.469 35.263 11.670
224 6 1 35.961 12.515 35.263 11.716
225 6 1 35.979 12.543 35.282 11.744
226 6 1 35.998 12.590 35.300 11.791
227 6 1 35.998 12.617 35.300 11.818
228 6 1 35.998 12.664 35.300 11.865
229 6 1 36.016 12.711 35.319 11.912
230 6 1 36.054 12.757 35.356 11.958
231 6 1 36.054 12.785 35.356 11.986
232 6 1 36.072 12.831 35.375 12.032
233 6 1 36.053 12.859 35.356 12.060
234 6 1 36.091 12.906 35.393 12.107
235 6 1 36.091 12.934 35.393 12.135
236 6 1 36.090 12.980 35.393 12.181
237 6 1 36.090 13.008 35.393 12.209
238 6 1 36.090 13.055 35.393 12.256
239 6 1 36.109 13.083 35.411 12.284
240 6 1 36.090 13.129 35.393 12.330
241 6 1 36.109 13.157 35.411 12.358
242 6 1 36.090 13.204 35.393 12.405
243 6 1 36.109 13.231 35.411 12.433
244 6 1 36.090 13.278 35.392 12.479
245 6 1 36.109 13.306 35.411 12.507
246 6 1 36.109 13.352 35.411 12.554
247 6 1 36.108 13.399 35.411 12.600
248 6 1 36.108 13.427 35.411 12.628
249 6 1 36.108 13.473 35.411 12.675
250 6 1 36.108 13.501 35.411 12.702
251 6 1 36.108 13.529 35.411 12.730
252 6 1 36.127 13.576 35.429 12.777
253 6 1 36.145 13.604 35.448 12.805
254 6 1 36.145 13.632 35.448 12.833
255 6 1 36.145 13.659 35.448 12.861
256 6 1 36.145 13.706 35.448 12.907
257 6 1 36.164 13.734 35.466 12.935
258 6 1 36.182 13.780 35.485 12.982
259 6 1 36.182 13.808 35.485 13.010
260 6 1 36.182 13.855 35.485 13.056
261 6 1 36.201 13.883 35.503 13.084
262 6 1 36.219 13.929 35.522 13.130
263 6 1 36.219 13.976 35.522 13.177
264 6 1 36.219 14.022 35.522 13.224
265 6 1 36.219 14.050 35.522 13.251
266 6 1 36.219 14.097 35.522 13.298
267 6 1 36.238 14.125 35.540 13.326
268 6 1 36.256 14.171 35.559 13.372
269 6 1 36.238 14.180 35.540 13.382
270 6 1 36.256 14.227 35.559 13.428
271 6 1 36.238 14.255 35.540 13.456
272 6 1 36.256 14.301 35.559 13.503
273 6 1 36.237 14.329 35.540 13.531
274 6 1 36.256 14.376 35.558 13.577
275 6 1 36.237 14.404 35.540 13.605
276 6 1 36.256 14.450 35.558 13.652
277 6 1 36.237 14.478 35.540 13.680
278 6 1 36.237 14.525 35.540 13.726
279 6 1 36.237 14.553 35.540 13.754
280 6 1 36.237 14.599 35.540 13.801
281 6 1 36.237 14.627 35.539 13.829
282 6 1 36.237 14.674 35.539 13.875
283 6 1 36.237 14.702 35.539 13.903
284 6 1 36.237 14.748 35.539 13.950
285 6 1 36.237 14.776 35.539 13.978
286 6 1 36.237 14.804 35.539 14.005
287 6 1 36.237 14.832 35.539 14.033
288 6 1 36.237 14.879 35.539 14.080
289 6 1 36.237 14.907 35.539 14.108
290 6 1 36.237 14.953 35.539 14.154
291 6 1 36.237 14.981 35.539 14.182
292 6 1 36.236 15.028 35.539 14.229
293 6 1 36.236 15.056 35.539 14.257
294 6 1 36.236 15.102 35.539 14.303
295 6 1 36.236 15.130 35.539 14.331
296 6 1 36.236 15.177 35.539 14.378
297 6 1 36.236 15.204 35.539 14.406
298 6 1 36.236 15.251 35.538 14.452
299 6 1 36.236 15.279 35.538 14.480
300 6 1 36.236 15.325 35.538 14.527
301 6 1 36.236 15.353 35.538 14.555
302 6 1 36.236 15.400 35.538 14.601
303 6 1 36.236 15.428 35.538 14.629
0 7 2 52.932 10.881 51.249 10.079
1 7 2 52.822 10.853 51.332 10.060
2 7 2 52.794 10.807 51.240 10.079
3 7 2 52.813 10.826 51.167 10.088
4 7 2 52.758 10.835 51.074 10.116
5 7 2 52.620 10.817 50.973 10.098
6 7 2 52.601 10.808 50.890 10.079
7 7 2 52.519 10.826 50.752 10.107
8 7 2 52.500 10.808 50.660 10.107
9 7 2 52.372 10.826 50.605 10.126
10 7 2 52.362 10.799 50.531 10.117
11 7 2 52.298 10.734 50.458 10.117
12 7 2 52.270 10.725 50.439 10.126
13 7 2 52.188 10.743 50.402 10.108
14 7 2 52.004 10.781 50.255 10.099
15 7 2 51.903 10.725 50.089 10.117
16 7 2 51.645 10.753 49.960 10.117
17 7 2 51.645 10.744 49.887 10.099
18 7 2 51.581 10.772 49.914 10.062
19 7 2 51.535 10.781 49.887 10.062
20 7 2 51.516 10.781 49.813 10.062
21 7 2 51.415 10.772 49.712 10.062
22 7 2 51.424 10.763 49.638 10.090
23 7 2 51.277 10.754 49.500 10.099
24 7 2 51.176 10.763 49.389 10.100
25 7 2 51.010 10.782 49.325 10.118
26 7 2 50.918 10.810 49.223 10.128
27 7 2 50.899 10.773 49.122 10.100
28 7 2 50.835 10.773 49.085 10.091
29 7 2 50.780 10.829 49.002 10.100
30 7 2 50.679 10.810 48.827 10.137
31 7 2 50.586 10.829 48.679 10.128
32 7 2 50.430 10.848 48.605 10.128
33 7 2 50.384 10.866 48.541 10.147
34 7 2 50.190 10.894 48.522 10.138
35 7 2 50.144 10.876 48.430 10.128
36 7 2 50.098 10.857 48.292 10.166
37 7 2 50.015 10.857 48.144 10.184
38 7 2 49.831 10.858 48.034 10.166
39 7 2 49.564 10.858 47.941 10.157
40 7 2 49.472 10.877 47.950 10.129
41 7 2 49.426 10.858 47.803 10.129
42 7 2 49.361 10.803 47.692 10.120
43 7 2 49.251 10.794 47.563 10.120
44 7 2 49.122 10.812 47.424 10.148
45 7 2 49.011 10.831 47.332 10.157
46 7 2 48.808 10.887 47.221 10.185
47 7 2 48.790 10.868 47.166 10.148
48 7 2 48.688 10.869 47.092 10.139
49 7 2 48.550 10.869 46.954 10.149
50 7 2 48.439 10.906 46.806 10.186
51 7 2 48.282 10.925 46.677 10.195
52 7 2 48.181 10.925 46.566 10.168
53 7 2 48.153 10.925 46.529 10.140
54 7 2 48.089 10.897 46.436 10.121
55 7 2 48.033 10.888 46.335 10.122
56 7 2 47.941 10.935 46.150 10.168
57 7 2 47.812 10.944 45.993 10.168
58 7 2 47.498 10.917 45.873 10.131
59 7 2 47.443 10.945 45.836 10.178
60 7 2 47.461 10.926 45.817 10.159
61 7 2 47.304 10.898 45.734 10.141
62 7 2 47.110 10.917 45.568 10.197
63 7 2 47.147 10.871 45.559 10.224
64 7 2 47.027 10.880 45.438 10.234
65 7 2 46.926 10.871 45.337 10.225
66 7 2 46.658 10.899 45.041 10.197
67 7 2 46.482 10.900 44.921 10.179
68 7 2 46.399 10.937 44.699 10.207
69 7 2 46.150 10.965 44.606 10.235
70 7 2 46.029 10.928 44.504 10.226
71 7 2 45.946 10.928 44.402 10.235
72 7 2 45.909 10.937 44.282 10.207
73 7 2 45.872 10.891 44.319 10.244
74 7 2 45.669 10.919 44.005 10.198
75 7 2 45.503 10.938 43.912 10.161
76 7 2 45.438 10.957 43.838 10.226
77 7 2 45.401 10.975 43.755 10.245
78 7 2 45.355 10.929 43.801 10.282
79 7 2 45.234 10.938 43.681 10.291
80 7 2 45.133 10.929 43.579 10.282
81 7 2 44.994 10.957 43.440 10.310
82 7 2 44.689 11.013 43.116 10.348
83 7 2 44.633 11.069 43.106 10.357
84 7 2 44.476 11.032 42.995 10.320
85 7 2 44.393 11.107 42.875 10.395
86 7 2 44.365 11.088 42.671 10.385
87 7 2 44.217 11.079 42.606 10.367
88 7 2 44.069 11.089 42.393 10.423
89 7 2 44.004 11.070 42.476 10.423
90 7 2 43.893 11.080 42.365 10.432
91 7 2 43.624 11.126 42.004 10.433
92 7 2 43.559 11.164 41.976 10.451
93 7 2 43.439 11.117 41.828 10.424
94 7 2 43.365 11.145 41.735 10.396
95 7 2 43.319 11.136 41.735 10.442
96 7 2 43.171 11.155 41.614 10.387
97 7 2 43.032 11.109 41.522 10.424
98 7 2 42.967 11.155 41.401 10.396
99 7 2 42.874 11.165 41.151 10.452
100 7 2 42.781 11.146 40.974 10.462
101 7 2 42.652 11.193 41.048 10.443
102 7 2 42.550 11.202 40.956 10.425
103 7 2 42.485 11.174 40.882 10.378
104 7 2 42.494 11.137 40.826 10.397
105 7 2 42.392 11.147 40.742 10.397
106 7 2 42.309 11.128 40.650 10.425
107 7 2 42.244 11.091 40.724 10.444
108 7 2 41.984 11.138 40.371 10.388
109 7 2 41.984 11.138 40.371 10.398
110 7 2 41.910 11.101 40.325 10.305
111 7 2 41.818 11.092 40.223 10.314
112 7 2 41.706 11.055 40.084 10.296
113 7 2 41.697 11.064 40.065 10.287
114 7 2 41.604 11.009 39.870 10.240
115 7 2 41.530 11.037 39.805 10.287
116 7 2 41.391 10.981 39.656 10.250
117 7 2 41.326 10.991 39.647 10.194
118 7 2 41.280 10.963 39.684 10.138
119 7 2 41.243 10.870 39.721 10.222
120 7 2 41.224 10.926 39.573 10.120
121 7 2 41.085 10.880 39.471 10.046
122 7 2 41.048 10.889 39.406 10.064
123 7 2 40.937 10.991 39.258 9.814
124 7 2 40.825 10.861 39.211 10.000
125 7 2 40.937 10.852 39.322 10.037
126 7 2 40.770 10.824 39.155 10.018
127 7 2 40.705 10.815 39.127 10.037
128 7 2 40.668 10.815 39.099 9.990
129 7 2 40.556 10.741 39.062 9.953
130 7 2 40.491 10.695 39.137 9.767
131 7 2 40.547 10.676 39.053 9.814
132 7 2 40.492 10.620 39.035 9.749
133 7 2 40.519 10.583 38.988 9.740
134 7 2 40.492 10.602 38.951 9.730
135 7 2 40.482 10.565 38.933 9.675
136 7 2 40.380 10.574 38.868 9.675
137 7 2 40.417 10.565 38.886 9.628
138 7 2 40.297 10.593 38.868 9.647
139 7 2 40.352 10.546 38.877 9.610
140 7 2 40.204 10.676 38.710 9.275
141 7 2 40.334 10.388 38.858 9.740
142 7 2 40.316 10.361 38.840 9.712
143 7 2 40.297 10.351 38.821 9.703
144 7 2 40.260 10.305 38.784 9.656
145 7 2 39.944 10.575 38.701 9.062
146 7 2 40.213 10.286 38.737 9.638
147 7 2 40.176 10.259 38.700 9.610
148 7 2 40.158 10.231 38.682 9.582
149 7 2 40.121 10.203 38.645 9.554
150 7 2 40.084 10.175 38.608 9.526
151 7 2 40.047 10.147 38.570 9.499
152 7 2 40.028 10.101 38.552 9.452
153 7 2 39.991 10.073 38.515 9.424
154 7 2 39.954 10.027 38.478 9.378
155 7 2 39.898 9.999 38.422 9.350
156 7 2 39.861 9.971 38.385 9.322
157 7 2 39.610 10.129 38.330 8.774
158 7 2 39.815 9.934 38.338 9.285
159 7 2 39.778 9.906 38.301 9.257
160 7 2 39.722 9.860 38.245 9.211
161 7 2 39.703 9.832 38.227 9.183
162 7 2 39.629 9.785 38.153 9.136
163 7 2 39.573 9.758 38.097 9.109
164 7 2 39.555 9.711 38.078 9.062
165 7 2 39.481 9.683 38.004 9.034
166 7 2 39.425 9.637 37.948 8.988
167 7 2 39.388 9.609 37.911 8.960
168 7 2 39.332 9.581 37.855 8.932
169 7 2 39.276 9.554 37.800 8.904
170 7 2 38.961 9.535 37.754 8.514
171 7 2 39.230 9.498 37.753 8.849
172 7 2 39.174 9.470 37.697 8.821
173 7 2 39.109 9.461 37.632 8.812
174 7 2 39.063 9.414 37.586 8.765
175 7 2 39.007 9.405 37.530 8.756
176 7 2 38.952 9.377 37.474 8.728
177 7 2 38.896 9.350 37.419 8.700
178 7 2 38.822 9.322 37.344 8.672
179 7 2 38.766 9.294 37.288 8.644
180 7 2 38.692 9.266 37.214 8.617
181 7 2 38.636 9.238 37.158 8.589
182 7 2 38.561 9.210 37.084 8.561
183 7 2 38.487 9.201 37.009 8.552
184 7 2 38.413 9.173 36.935 8.524
185 7 2 38.329 9.127 36.851 8.477
186 7 2 38.264 9.118 36.786 8.468
187 7 2 38.171 9.109 36.693 8.459
188 7 2 38.106 9.099 36.628 8.450
189 7 2 38.004 9.072 36.526 8.422
190 7 2 37.911 9.044 36.433 8.394
191 7 2 37.827 9.025 36.349 8.375
192 7 2 37.725 9.007 36.246 8.357
193 7 2 37.632 9.016 36.153 8.366
194 7 2 37.539 8.988 36.060 8.338
195 7 2 37.446 8.979 35.967 8.329
196 7 2 37.334 8.970 35.855 8.320
197 7 2 37.241 8.961 35.762 8.311
198 7 2 37.130 8.951 35.651 8.301
199 7 2 37.037 8.961 35.557 8.311
200 7 2 36.934 8.951 35.455 8.301
201 7 2 36.832 8.961 35.352 8.311
202 7 2 36.720 8.952 35.241 8.301
203 7 2 36.609 8.961 35.129 8.311
204 7 2 36.497 8.970 35.017 8.320
205 7 2 36.404 8.980 34.924 8.329
206 7 2 36.292 8.989 34.812 8.339
207 7 2 35.901 8.915 34.216 8.172
208 7 2 35.808 8.869 34.327 8.218
209 7 2 35.696 8.887 34.216 8.237
210 7 2 35.584 8.924 34.104 8.274
211 7 2 35.454 8.934 33.973 8.283
212 7 2 35.230 9.055 33.880 8.330
213 7 2 35.295 9.008 33.824 8.358
214 7 2 34.904 9.213 33.637 8.460
215 7 2 34.773 9.251 33.534 8.432
216 7 2 34.885 9.158 33.432 8.507
217 7 2 34.764 9.186 33.310 8.535
218 7 2 34.671 9.214 33.217 8.563
219 7 2 34.521 9.260 33.067 8.610
220 7 2 34.400 9.288 32.946 8.638
221 7 2 34.279 9.335 32.825 8.684
222 7 2 34.158 9.363 32.703 8.712
223 7 2 34.018 9.409 32.563 8.759
224 7 2 33.896 9.438 32.442 8.787
225 7 2 33.756 9.484 32.301 8.834
226 7 2 33.635 9.531 32.180 8.880
227 7 2 33.495 9.578 32.040 8.927
228 7 2 33.355 9.624 31.900 8.973
229 7 2 33.215 9.671 31.759 9.020
230 7 2 33.075 9.699 31.619 9.048
231 7 2 32.935 9.746 31.479 9.095
232 7 2 32.795 9.792 31.339 9.142
233 7 2 32.654 9.839 31.198 9.188
234 7 2 32.514 9.886 31.058 9.235
235 7 2 32.355 9.933 30.899 9.282
236 7 2 32.215 9.979 30.759 9.328
237 7 2 32.056 10.026 30.599 9.375
238 7 2 31.916 10.073 30.459 9.422
239 7 2 31.757 10.119 30.300 9.469
240 7 2 31.617 10.166 30.160 9.515
241 7 2 31.439 10.213 29.982 9.562
242 7 2 31.299 10.241 29.841 9.590
243 7 2 31.121 10.288 29.663 9.637
244 7 2 30.962 10.316 29.504 9.665
245 7 2 30.803 10.363 29.345 9.712
246 7 2 30.644 10.391 29.186 9.740
247 7 2 30.466 10.438 29.008 9.787
248 7 2 30.326 10.466 28.867 9.815
249 7 2 30.148 10.494 28.689 9.843
250 7 2 29.989 10.504 28.530 9.853
251 7 2 29.811 10.532 28.352 9.881
252 7 2 29.652 10.560 28.193 9.909
253 7 2 29.474 10.588 28.014 9.937
254 7 2 29.315 10.598 27.855 9.947
255 7 2 29.137 10.626 27.677 9.975
256 7 2 28.978 10.636 27.518 9.984
257 7 2 28.800 10.664 27.339 10.012
258 7 2 28.622 10.673 27.161 10.022
259 7 2 28.444 10.702 26.983 10.050
260 7 2 28.285 10.711 26.824 10.060
261 7 2 28.106 10.739 26.645 10.088
262 7 2 27.928 10.749 26.467 10.097
263 7 2 27.750 10.777 26.289 10.126
264 7 2 27.591 10.787 26.129 10.135
265 7 2 27.394 10.796 25.932 10.145
266 7 2 27.216 10.806 25.754 10.154
267 7 2 27.037 10.834 25.575 10.183
268 7 2 26.859 10.844 25.397 10.192
269 7 2 26.662 10.853 25.199 10.202
270 7 2 26.484 10.863 25.021 10.211
271 7 2 26.287 10.873 24.824 10.221
272 7 2 26.108 10.882 24.645 10.230
273 7 2 25.930 10.892 24.467 10.240
274 7 2 25.752 10.901 24.288 10.249
275 7 2 25.554 10.911 24.091 10.259
276 7 2 25.376 10.921 23.912 10.269
277 7 2 25.198 10.930 23.733 10.278
278 7 2 25.019 10.921 23.555 10.269
279 7 2 24.822 10.931 23.357 10.279
280 7 2 24.643 10.940 23.178 10.288
281 7 2 24.793 10.987 23.037 10.185
282 7 2 24.596 11.006 22.849 10.260
283 7 2 24.502 11.006 22.680 10.279
284 7 2 24.324 10.960 22.858 10.307
285 7 2 24.145 10.969 22.680 10.317
286 7 2 23.985 10.960 22.520 10.308
287 7 2 23.788 10.970 22.322 10.317
288 7 2 23.628 10.979 22.162 10.327
289 7 2 23.393 11.064 21.550 10.356
290 7 2 23.204 11.083 21.399 10.337
291 7 2 23.063 11.083 21.220 10.384
292 7 2 22.885 11.055 21.418 10.402
293 7 2 22.706 11.065 21.239 10.412
294 7 2 22.527 11.056 21.060 10.403
295 7 2 22.348 11.065 20.881 10.413
296 7 2 22.150 11.075 20.683 10.422
297 7 2 22.018 11.113 20.108 10.348
298 7 2 21.962 11.075 20.494 10.422
299 7 2 21.783 11.085 20.315 10.432
300 7 2 21.604 11.076 20.136 10.423
301 7 2 21.425 11.104 19.957 10.451
302 7 2 21.227 11.095 19.759 10.442
303 7 2 21.048 11.105 19.579 10.452
