0 0 2 39.916 10.270 37.952 9.510
1 0 2 39.973 10.294 37.912 9.502
2 0 2 39.732 10.319 37.671 9.527
3 0 2 39.492 10.327 37.430 9.535
4 0 2 39.260 10.352 37.198 9.560
5 0 2 39.012 10.360 36.949 9.568
6 0 2 38.779 10.369 36.716 9.577
7 0 2 38.530 10.377 36.467 9.585
8 0 2 38.298 10.402 36.234 9.610
9 0 2 38.049 10.411 35.985 9.618
10 0 2 37.817 10.435 35.751 9.642
11 0 2 37.568 10.444 35.502 9.651
12 0 2 37.335 10.469 35.269 9.675
13 0 2 37.086 10.477 35.019 9.684
14 0 2 36.853 10.502 34.786 9.709
15 0 2 36.604 10.510 34.536 9.717
16 0 2 36.371 10.535 34.302 9.742
17 0 2 36.121 10.560 34.053 9.766
18 0 2 35.888 10.584 33.819 9.791
19 0 2 35.638 10.593 33.569 9.799
20 0 2 35.405 10.618 33.335 9.824
21 0 2 35.155 10.626 33.085 9.832
22 0 2 34.624 10.676 32.600 9.970
23 0 2 34.640 10.684 32.600 9.946
24 0 2 34.414 10.709 32.374 9.971
25 0 2 34.172 10.733 32.132 9.995
26 0 2 33.930 10.742 31.889 10.004
27 0 2 33.688 10.767 31.647 10.029
28 0 2 33.446 10.775 31.404 10.037
29 0 2 33.204 10.800 31.162 10.062
30 0 2 32.978 10.809 30.935 10.070
31 0 2 32.735 10.834 30.692 10.095
32 0 2 32.493 10.842 30.449 10.103
33 0 2 32.234 10.867 30.190 10.128
34 0 2 31.992 10.860 29.947 10.121
35 0 2 31.749 10.884 29.704 10.145
36 0 2 31.507 10.893 29.461 10.154
37 0 2 31.264 10.902 29.218 10.162
38 0 2 31.021 10.910 28.975 10.171
39 0 2 30.778 10.935 28.731 10.196
40 0 2 30.535 10.944 28.488 10.204
41 0 2 30.292 10.969 28.244 10.229
42 0 2 30.049 10.961 28.001 10.221
43 0 2 29.822 10.986 27.773 10.246
44 0 2 29.579 10.995 27.529 10.255
45 0 2 29.335 11.004 27.286 10.263
46 0 2 29.092 11.012 27.042 10.272
47 0 2 28.865 11.021 26.814 10.281
48 0 2 28.621 11.030 26.570 10.289
49 0 2 28.377 11.038 26.326 10.298
50 0 2 28.134 11.031 26.082 10.290
51 0 2 27.906 11.056 25.854 10.315
52 0 2 27.663 11.048 25.610 10.307
53 0 2 27.419 11.057 25.365 10.316
54 0 2 27.175 11.066 25.121 10.324
55 0 2 26.947 11.074 24.892 10.333
56 0 2 26.703 11.067 24.648 10.325
57 0 2 26.459 11.075 24.403 10.334
58 0 2 26.215 11.068 24.159 10.326
59 0 2 25.986 11.077 23.930 10.335
60 0 2 25.742 11.069 23.686 10.327
61 0 2 25.514 11.078 23.457 10.336
62 0 2 25.270 11.070 23.212 10.328
63 0 2 25.041 11.079 22.983 10.337
64 0 2 24.797 11.071 22.738 10.329
65 0 2 24.479 11.080 22.591 10.386
66 0 2 24.552 11.096 22.517 10.362
67 0 2 24.332 11.097 22.297 10.363
68 0 2 24.070 11.098 22.035 10.363
69 0 2 23.842 11.098 21.806 10.364
70 0 2 23.605 11.099 21.569 10.364
71 0 2 23.368 11.099 21.332 10.365
72 0 2 23.131 11.084 21.094 10.349
73 0 2 22.894 11.101 20.857 10.366
74 0 2 22.657 11.085 20.619 10.350
75 0 2 22.420 11.085 20.382 10.350
76 0 2 22.183 11.086 20.144 10.351
77 0 2 21.962 11.087 19.923 10.351
78 0 2 21.709 11.071 19.669 10.336
79 0 2 21.488 11.055 19.448 10.320
80 0 2 21.250 11.056 19.210 10.320
81 0 2 21.013 11.040 18.972 10.305
82 0 2 20.776 11.025 18.734 10.289
83 0 2 20.554 11.025 18.513 10.289
84 0 2 20.317 11.009 18.275 10.273
0 1 1 28.361 9.622 27.181 8.864
1 1 1 28.393 9.647 27.156 8.856
2 1 1 28.442 9.646 27.205 8.856
3 1 1 28.507 9.630 27.270 8.840
4 1 1 28.556 9.630 27.319 8.840
5 1 1 28.588 9.630 27.351 8.840
6 1 1 28.637 9.614 27.400 8.824
7 1 1 28.702 9.598 27.465 8.808
8 1 1 28.750 9.614 27.514 8.824
9 1 1 28.783 9.597 27.546 8.807
10 1 1 28.815 9.597 27.579 8.807
11 1 1 28.864 9.597 27.628 8.807
12 1 1 28.913 9.597 27.676 8.807
13 1 1 28.945 9.597 27.709 8.807
14 1 1 28.978 9.597 27.741 8.807
15 1 1 29.026 9.597 27.790 8.807
16 1 1 29.075 9.597 27.839 8.807
17 1 1 29.107 9.597 27.871 8.807
18 1 1 29.156 9.581 27.920 8.791
19 1 1 29.221 9.564 27.985 8.775
20 1 1 29.269 9.581 28.033 8.791
21 1 1 29.302 9.580 28.066 8.791
22 1 1 29.350 9.580 28.114 8.791
23 1 1 29.415 9.580 28.179 8.791
24 1 1 29.464 9.580 28.228 8.791
25 1 1 29.512 9.596 28.276 8.807
26 1 1 29.561 9.612 28.325 8.823
27 1 1 29.593 9.596 28.358 8.807
28 1 1 29.642 9.612 28.406 8.823
29 1 1 29.691 9.596 28.455 8.806
30 1 1 29.723 9.596 28.487 8.806
31 1 1 29.772 9.596 28.536 8.806
32 1 1 29.820 9.596 28.585 8.806
33 1 1 29.853 9.596 28.617 8.806
34 1 1 29.901 9.596 28.666 8.806
35 1 1 29.950 9.596 28.714 8.806
36 1 1 29.982 9.579 28.747 8.790
37 1 1 30.031 9.579 28.795 8.790
38 1 1 30.096 9.563 28.860 8.774
39 1 1 30.144 9.579 28.909 8.790
40 1 1 30.177 9.563 28.941 8.774
41 1 1 30.225 9.571 28.990 8.782
42 1 1 30.290 9.563 29.055 8.773
43 1 1 30.354 9.579 29.119 8.790
44 1 1 30.403 9.563 29.168 8.773
45 1 1 30.435 9.579 29.200 8.789
46 1 1 30.468 9.562 29.233 8.773
47 1 1 30.516 9.578 29.281 8.789
48 1 1 30.565 9.578 29.330 8.789
49 1 1 30.597 9.578 29.362 8.789
50 1 1 30.646 9.594 29.411 8.805
51 1 1 30.694 9.610 29.459 8.821
52 1 1 30.727 9.610 29.492 8.821
53 1 1 30.775 9.602 29.540 8.813
54 1 1 30.824 9.626 29.589 8.837
55 1 1 30.597 9.659 29.532 8.950
56 1 1 30.670 9.683 29.475 8.918
57 1 1 30.702 9.667 29.564 9.007
58 1 1 30.743 9.667 29.556 9.015
59 1 1 30.791 9.667 29.629 8.999
60 1 1 30.791 9.699 29.701 8.999
61 1 1 30.839 9.707 29.742 9.007
62 1 1 30.872 9.715 29.847 8.982
63 1 1 30.920 9.691 29.977 9.006
64 1 1 30.953 9.683 29.993 9.022
65 1 1 31.017 9.691 29.920 9.006
66 1 1 31.058 9.691 29.960 9.006
67 1 1 31.098 9.707 30.001 9.022
68 1 1 31.139 9.707 30.041 9.022
69 1 1 31.179 9.707 30.082 9.022
70 1 1 31.220 9.706 30.122 9.022
71 1 1 31.260 9.723 30.163 9.038
72 1 1 31.381 9.658 30.429 9.111
73 1 1 31.519 9.649 30.486 9.119
74 1 1 31.559 9.657 30.518 9.110
75 1 1 31.592 9.649 30.502 9.127
76 1 1 31.600 9.665 30.534 9.102
77 1 1 31.624 9.665 30.583 9.078
78 1 1 31.632 9.665 30.591 9.054
79 1 1 31.624 9.690 30.599 9.062
80 1 1 31.616 9.633 30.664 9.086
81 1 1 31.656 9.657 30.624 9.054
82 1 1 31.697 9.657 30.664 9.054
83 1 1 31.753 9.673 30.721 9.070
84 1 1 31.793 9.689 30.761 9.086
0 2 1 26.272 9.844 25.276 9.174
1 2 1 26.304 9.869 25.260 9.166
2 2 1 26.346 9.755 25.300 9.271
3 2 1 26.386 9.796 25.341 9.239
4 2 1 26.427 9.820 25.382 9.231
5 2 1 26.443 9.820 25.398 9.214
6 2 1 26.508 9.836 25.463 9.214
7 2 1 26.532 9.828 25.488 9.198
8 2 1 26.565 9.844 25.520 9.206
9 2 1 26.614 9.836 25.569 9.198
10 2 1 26.671 9.844 25.626 9.206
11 2 1 26.687 9.836 25.642 9.198
12 2 1 26.752 9.843 25.707 9.206
13 2 1 26.793 9.819 25.748 9.182
14 2 1 26.825 9.827 25.781 9.190
15 2 1 26.858 9.803 25.813 9.165
16 2 1 26.915 9.795 25.870 9.157
17 2 1 26.939 9.770 25.895 9.133
18 2 1 26.996 9.762 25.952 9.125
19 2 1 27.037 9.738 25.993 9.100
20 2 1 27.070 9.730 26.025 9.092
21 2 1 27.118 9.705 26.074 9.068
22 2 1 27.159 9.681 26.115 9.044
23 2 1 27.176 9.560 26.131 9.076
24 2 1 27.241 9.543 26.196 9.052
25 2 1 27.266 9.519 26.221 9.019
26 2 1 27.315 9.495 26.270 8.995
27 2 1 27.347 9.470 26.303 8.971
28 2 1 27.404 9.462 26.360 8.962
29 2 1 27.421 9.438 26.376 8.938
30 2 1 27.486 9.430 26.441 8.930
31 2 1 27.510 9.405 26.466 8.906
32 2 1 27.559 9.397 26.515 8.898
33 2 1 27.608 9.373 26.563 8.873
34 2 1 27.648 9.365 26.604 8.865
35 2 1 27.681 9.357 26.637 8.857
36 2 1 27.730 9.349 26.685 8.849
37 2 1 27.770 9.340 26.726 8.841
38 2 1 27.803 9.348 26.759 8.849
39 2 1 27.852 9.340 26.807 8.841
40 2 1 27.892 9.348 26.848 8.849
41 2 1 27.925 9.324 26.881 8.824
42 2 1 27.990 9.316 26.946 8.816
43 2 1 28.014 9.292 26.970 8.792
44 2 1 28.063 9.283 27.019 8.784
45 2 1 28.112 9.275 27.068 8.776
46 2 1 28.152 9.267 27.108 8.768
47 2 1 28.185 9.243 27.141 8.743
48 2 1 28.250 9.235 27.206 8.735
49 2 1 28.290 9.227 27.247 8.727
50 2 1 28.323 9.218 27.279 8.719
51 2 1 28.372 9.194 27.328 8.695
52 2 1 28.428 9.186 27.385 8.686
53 2 1 28.461 9.178 27.417 8.678
54 2 1 28.526 9.170 27.482 8.670
55 2 1 28.566 9.145 27.523 8.646
56 2 1 28.615 9.137 27.572 8.638
57 2 1 28.648 9.129 27.604 8.630
58 2 1 28.704 9.121 27.661 8.622
59 2 1 28.745 9.113 27.702 8.613
60 2 1 28.785 9.121 27.742 8.622
61 2 1 28.826 9.113 27.783 8.613
62 2 1 28.883 9.121 27.840 8.621
63 2 1 28.923 9.113 27.880 8.613
64 2 1 28.785 9.299 27.823 8.686
65 2 1 28.825 9.242 27.798 8.726
66 2 1 28.874 9.250 27.847 8.734
67 2 1 28.939 9.258 27.912 8.742
68 2 1 28.987 9.250 27.961 8.734
69 2 1 29.036 9.258 28.009 8.742
70 2 1 29.085 9.266 28.058 8.750
71 2 1 29.133 9.258 28.107 8.742
72 2 1 29.182 9.266 28.155 8.750
73 2 1 29.214 9.274 28.188 8.758
74 2 1 29.263 9.282 28.236 8.766
75 2 1 29.311 9.290 28.285 8.774
76 2 1 29.344 9.314 28.317 8.798
77 2 1 29.392 9.338 28.366 8.823
78 2 1 29.433 9.290 28.553 8.709
79 2 1 29.425 9.281 28.601 8.717
80 2 1 29.498 9.281 28.634 8.717
81 2 1 29.538 9.257 28.577 8.734
82 2 1 29.546 9.314 28.755 8.701
83 2 1 29.627 9.338 28.869 8.604
84 2 1 29.635 9.330 28.934 8.540
0 3 1 26.193 10.646 25.043 9.822
1 3 1 26.226 10.671 25.019 9.806
2 3 1 26.259 10.500 25.050 9.936
3 3 1 26.308 10.541 25.100 9.879
4 3 1 26.356 10.565 25.149 9.854
5 3 1 26.389 10.573 25.182 9.838
6 3 1 26.422 10.565 25.214 9.814
7 3 1 26.470 10.557 25.263 9.789
8 3 1 26.519 10.565 25.312 9.789
9 3 1 26.535 10.565 25.329 9.781
10 3 1 26.584 10.556 25.378 9.765
11 3 1 26.617 10.540 25.410 9.749
12 3 1 26.650 10.540 25.443 9.749
13 3 1 26.682 10.540 25.475 9.749
14 3 1 26.715 10.524 25.508 9.732
15 3 1 26.747 10.507 25.541 9.716
16 3 1 26.780 10.507 25.573 9.716
17 3 1 26.812 10.507 25.606 9.716
18 3 1 26.861 10.491 25.655 9.700
19 3 1 26.910 10.475 25.704 9.683
20 3 1 26.943 10.475 25.736 9.683
21 3 1 26.975 10.458 25.769 9.667
22 3 1 26.806 10.297 26.016 9.262
23 3 1 26.806 10.281 26.007 9.327
24 3 1 26.830 10.264 25.982 9.424
25 3 1 26.855 10.256 25.974 9.464
26 3 1 26.855 10.248 25.982 9.513
27 3 1 26.871 10.264 25.957 9.489
28 3 1 26.920 10.256 26.006 9.481
29 3 1 26.952 10.248 26.039 9.472
30 3 1 26.977 10.224 26.323 9.561
31 3 1 26.985 10.183 26.365 9.407
32 3 1 27.099 10.175 26.251 9.415
33 3 1 27.132 10.167 26.283 9.407
34 3 1 27.181 10.158 26.332 9.399
35 3 1 27.213 10.134 26.365 9.375
36 3 1 27.262 10.142 26.414 9.383
37 3 1 27.481 10.206 26.547 8.865
38 3 1 27.303 10.110 26.454 9.350
39 3 1 27.335 10.101 26.487 9.342
40 3 1 27.368 10.093 26.520 9.334
41 3 1 27.417 10.085 26.568 9.326
42 3 1 27.449 10.077 26.601 9.318
43 3 1 27.709 10.052 26.806 9.035
44 3 1 27.669 9.939 26.821 9.164
45 3 1 27.702 9.931 26.854 9.156
46 3 1 27.734 9.923 26.887 9.148
47 3 1 27.783 9.914 26.935 9.140
48 3 1 27.816 9.922 26.968 9.148
49 3 1 27.879 10.117 26.999 9.333
50 3 1 27.863 10.100 27.015 9.325
51 3 1 27.912 10.092 27.064 9.317
52 3 1 27.961 10.100 27.113 9.325
53 3 1 27.993 10.092 27.145 9.317
54 3 1 28.042 10.100 27.194 9.325
55 3 1 28.091 10.092 27.243 9.317
56 3 1 28.123 10.084 27.275 9.309
57 3 1 28.172 10.076 27.324 9.301
58 3 1 28.408 9.994 27.331 9.446
59 3 1 28.294 10.091 27.438 9.333
60 3 1 28.334 10.083 27.478 9.325
61 3 1 28.456 10.002 27.567 9.413
62 3 1 28.472 10.026 27.640 9.381
63 3 1 28.497 10.051 27.754 9.292
64 3 1 28.505 10.091 27.754 9.292
65 3 1 28.448 10.059 27.844 9.292
66 3 1 28.553 10.042 27.738 9.308
67 3 1 28.634 10.083 27.933 9.373
68 3 1 28.675 10.083 27.868 9.356
69 3 1 28.715 10.091 27.908 9.364
70 3 1 28.772 10.082 27.965 9.356
71 3 1 28.813 10.107 28.005 9.380
72 3 1 28.869 10.098 28.062 9.372
73 3 1 28.910 10.123 28.103 9.396
74 3 1 28.967 10.131 28.160 9.404
75 3 1 29.007 10.139 28.200 9.413
76 3 1 29.040 10.130 28.281 9.412
77 3 1 29.088 10.114 28.330 9.404
78 3 1 29.113 10.074 28.354 9.420
79 3 1 29.169 10.114 28.427 9.404
80 3 1 29.113 10.146 28.557 9.420
81 3 1 29.177 10.122 28.589 9.420
82 3 1 29.259 10.122 28.500 9.420
83 3 1 29.420 10.162 28.662 9.452
84 3 1 29.542 10.170 28.687 9.428
0 4 1 28.251 11.857 27.035 11.277
1 4 1 28.283 11.873 27.011 11.269
2 4 1 28.316 11.824 27.043 11.325
3 4 1 28.365 11.841 27.092 11.309
4 4 1 28.397 11.849 27.124 11.301
5 4 1 28.430 11.848 27.157 11.293
6 4 1 28.479 11.856 27.206 11.292
7 4 1 28.544 11.856 27.271 11.292
8 4 1 28.592 11.856 27.320 11.292
9 4 1 28.625 11.856 27.352 11.292
10 4 1 28.673 11.856 27.401 11.292
11 4 1 28.738 11.856 27.466 11.292
12 4 1 28.771 11.856 27.498 11.292
13 4 1 28.803 11.855 27.531 11.292
14 4 1 28.836 11.855 27.564 11.292
15 4 1 28.885 11.855 27.612 11.291
16 4 1 28.901 11.855 27.629 11.291
17 4 1 28.966 11.855 27.694 11.291
18 4 1 28.998 11.855 27.726 11.291
19 4 1 29.047 11.855 27.775 11.291
20 4 1 29.063 11.855 27.791 11.291
21 4 1 29.128 11.855 27.856 11.291
22 4 1 29.177 11.854 27.905 11.291
23 4 1 29.209 11.854 27.937 11.291
24 4 1 29.258 11.870 27.986 11.307
25 4 1 29.323 11.870 28.051 11.306
26 4 1 29.372 11.870 28.100 11.306
27 4 1 29.404 11.886 28.132 11.322
28 4 1 29.453 11.886 28.181 11.322
29 4 1 29.518 11.902 28.246 11.338
30 4 1 29.550 11.902 28.278 11.338
31 4 1 29.582 11.902 28.311 11.338
32 4 1 29.631 11.902 28.360 11.338
33 4 1 29.647 11.902 28.376 11.338
34 4 1 29.696 11.901 28.425 11.338
35 4 1 29.729 11.901 28.457 11.338
36 4 1 29.777 11.901 28.506 11.338
37 4 1 29.826 11.901 28.554 11.338
38 4 1 29.858 11.901 28.587 11.337
39 4 1 29.907 11.901 28.636 11.337
40 4 1 29.972 11.901 28.701 11.337
41 4 1 30.004 11.901 28.733 11.337
42 4 1 30.053 11.900 28.782 11.337
43 4 1 30.085 11.900 28.814 11.337
44 4 1 30.134 11.900 28.863 11.337
45 4 1 30.199 11.900 28.928 11.337
46 4 1 30.231 11.900 28.960 11.336
47 4 1 30.280 11.900 29.009 11.336
48 4 1 30.312 11.900 29.042 11.336
49 4 1 30.345 11.900 29.074 11.336
50 4 1 30.377 11.899 29.106 11.336
51 4 1 30.426 11.899 29.155 11.336
52 4 1 30.475 11.899 29.204 11.336
53 4 1 30.491 11.899 29.220 11.336
54 4 1 30.539 11.899 29.269 11.336
55 4 1 30.572 11.899 29.301 11.336
56 4 1 30.604 11.899 29.334 11.335
57 4 1 30.653 11.899 29.382 11.335
58 4 1 30.718 11.898 29.447 11.335
59 4 1 30.766 11.914 29.496 11.351
60 4 1 30.799 11.914 29.528 11.351
61 4 1 30.831 11.930 29.561 11.367
62 4 1 30.880 11.930 29.609 11.367
63 4 1 30.944 11.946 29.674 11.383
64 4 1 30.993 11.962 29.723 11.399
65 4 1 31.025 11.978 29.755 11.415
66 4 1 31.058 11.978 29.788 11.415
67 4 1 31.090 11.978 29.820 11.415
68 4 1 31.122 11.978 29.852 11.415
69 4 1 31.171 11.978 29.901 11.415
70 4 1 31.220 11.978 29.950 11.415
71 4 1 31.252 11.978 29.982 11.415
72 4 1 31.284 11.978 30.015 11.415
73 4 1 31.317 11.994 30.047 11.431
74 4 1 31.365 11.994 30.096 11.431
75 4 1 31.414 11.993 30.144 11.430
76 4 1 31.446 11.993 30.177 11.430
77 4 1 31.479 11.993 30.209 11.430
78 4 1 31.511 11.993 30.241 11.430
79 4 1 31.560 11.993 30.290 11.430
80 4 1 31.641 12.009 30.371 11.446
81 4 1 31.689 12.025 30.420 11.462
82 4 1 31.754 12.041 30.484 11.478
83 4 1 31.802 12.033 30.533 11.470
84 4 1 31.818 12.041 30.549 11.478
0 5 1 28.149 12.612 26.942 11.812
1 5 1 28.182 12.636 26.918 11.804
2 5 1 28.222 12.628 26.958 11.796
3 5 1 28.263 12.620 26.999 11.788
4 5 1 28.304 12.628 27.040 11.796
5 5 1 28.344 12.636 27.080 11.804
6 5 1 28.401 12.644 27.137 11.812
7 5 1 28.442 12.635 27.178 11.803
8 5 1 28.499 12.643 27.235 11.811
9 5 1 28.539 12.651 27.276 11.819
10 5 1 28.580 12.659 27.316 11.827
11 5 1 28.620 12.651 27.357 11.819
12 5 1 28.661 12.659 27.398 11.827
13 5 1 28.685 12.651 27.422 11.819
14 5 1 28.726 12.659 27.463 11.827
15 5 1 28.767 12.651 27.503 11.819
16 5 1 28.807 12.658 27.544 11.827
17 5 1 28.848 12.650 27.585 11.819
18 5 1 28.889 12.658 27.625 11.827
19 5 1 28.913 12.650 27.650 11.818
20 5 1 28.970 12.658 27.707 11.826
21 5 1 29.010 12.650 27.747 11.818
22 5 1 29.051 12.641 27.788 11.810
23 5 1 29.092 12.633 27.829 11.802
24 5 1 29.149 12.641 27.886 11.810
25 5 1 29.189 12.633 27.926 11.801
26 5 1 29.246 12.641 27.983 11.809
27 5 1 29.287 12.649 28.024 11.817
28 5 1 29.327 12.657 28.064 11.825
29 5 1 29.368 12.665 28.105 11.833
30 5 1 29.408 12.673 28.145 11.841
31 5 1 29.433 12.681 28.170 11.849
32 5 1 29.489 12.689 28.227 11.857
33 5 1 29.530 12.697 28.267 11.865
34 5 1 29.571 12.705 28.308 11.873
35 5 1 29.611 12.713 28.348 11.881
36 5 1 29.668 12.720 28.405 11.889
37 5 1 29.708 12.728 28.446 11.897
38 5 1 29.749 12.736 28.486 11.905
39 5 1 29.790 12.744 28.527 11.913
40 5 1 29.846 12.752 28.584 11.921
41 5 1 29.887 12.760 28.624 11.929
42 5 1 29.927 12.768 28.665 11.937
43 5 1 29.968 12.776 28.705 11.945
44 5 1 30.025 12.784 28.762 11.953
45 5 1 30.049 12.776 28.787 11.945
46 5 1 30.090 12.784 28.827 11.953
47 5 1 30.130 12.792 28.868 11.961
48 5 1 30.171 12.800 28.908 11.969
49 5 1 30.211 12.792 28.949 11.960
50 5 1 30.252 12.800 28.990 11.968
51 5 1 30.276 12.791 29.014 11.960
52 5 1 30.333 12.799 29.071 11.968
53 5 1 30.357 12.791 29.095 11.960
54 5 1 30.414 12.799 29.152 11.968
55 5 1 30.455 12.791 29.193 11.960
56 5 1 30.511 12.791 29.249 11.960
57 5 1 30.552 12.790 29.290 11.959
58 5 1 30.609 12.798 29.347 11.967
59 5 1 30.649 12.790 29.387 11.959
60 5 1 30.706 12.798 29.444 11.967
61 5 1 30.730 12.790 29.469 11.959
62 5 1 30.787 12.814 29.525 11.983
63 5 1 30.811 12.806 29.550 11.975
64 5 1 30.868 12.814 29.606 11.983
65 5 1 30.892 12.822 29.631 11.991
66 5 1 30.949 12.846 29.687 12.015
67 5 1 30.973 12.838 29.712 12.007
68 5 1 31.030 12.854 29.769 12.023
69 5 1 31.054 12.853 29.793 12.023
70 5 1 31.111 12.878 29.850 12.047
71 5 1 31.152 12.886 29.890 12.055
72 5 1 31.208 12.893 29.947 12.063
73 5 1 31.249 12.901 29.987 12.071
74 5 1 31.305 12.901 30.044 12.071
75 5 1 31.346 12.917 30.085 12.087
76 5 1 31.403 12.925 30.141 12.095
77 5 1 31.427 12.909 30.166 12.078
78 5 1 31.484 12.925 30.222 12.094
79 5 1 31.524 12.917 30.263 12.086
80 5 1 31.565 12.916 30.304 12.086
81 5 1 31.605 12.916 30.344 12.086
82 5 1 31.646 12.924 30.385 12.094
83 5 1 31.670 12.908 30.409 12.078
84 5 1 31.727 12.924 30.466 12.094
0 6 1 26.404 13.024 25.120 12.403
1 6 1 26.437 13.041 25.096 12.395
2 6 1 26.470 12.927 25.128 12.500
3 6 1 26.519 12.878 25.176 12.565
4 6 1 26.568 12.910 25.226 12.516
5 6 1 26.584 12.934 25.242 12.492
6 6 1 26.617 12.967 25.275 12.492
7 6 1 26.633 12.983 25.291 12.484
8 6 1 26.665 13.015 25.324 12.500
9 6 1 26.714 13.048 25.372 12.524
10 6 1 26.779 13.072 25.438 12.540
11 6 1 26.828 13.104 25.486 12.564
12 6 1 26.860 13.096 25.519 12.548
13 6 1 26.893 13.088 25.552 12.540
14 6 1 26.942 13.079 25.601 12.531
15 6 1 26.991 13.087 25.650 12.539
16 6 1 27.023 13.079 25.682 12.531
17 6 1 27.056 13.071 25.715 12.523
18 6 1 27.105 13.063 25.764 12.514
19 6 1 27.170 13.070 25.829 12.522
20 6 1 27.219 13.062 25.878 12.514
21 6 1 27.251 13.070 25.911 12.522
22 6 1 27.284 13.062 25.943 12.514
23 6 1 27.316 13.070 25.976 12.522
24 6 1 27.349 13.062 26.009 12.514
25 6 1 27.365 13.053 26.025 12.505
26 6 1 27.414 13.029 26.074 12.481
27 6 1 27.431 13.021 26.090 12.473
28 6 1 27.480 12.996 26.139 12.448
29 6 1 27.512 12.988 26.172 12.440
30 6 1 27.561 12.996 26.221 12.448
31 6 1 27.610 12.988 26.270 12.440
32 6 1 27.643 12.979 26.303 12.431
33 6 1 27.675 12.987 26.335 12.439
34 6 1 27.724 12.979 26.384 12.431
35 6 1 27.773 12.987 26.433 12.439
36 6 1 27.805 12.979 26.466 12.431
37 6 1 27.854 12.987 26.514 12.439
38 6 1 27.919 12.978 26.580 12.431
39 6 1 27.952 12.970 26.612 12.422
40 6 1 28.001 12.962 26.661 12.414
41 6 1 28.017 12.970 26.677 12.422
42 6 1 28.082 12.961 26.743 12.414
43 6 1 28.115 12.953 26.775 12.405
44 6 1 28.147 12.945 26.808 12.397
45 6 1 28.180 12.969 26.840 12.422
46 6 1 28.212 12.977 26.873 12.430
47 6 1 28.244 13.018 26.905 12.470
48 6 1 28.293 13.042 26.954 12.494
49 6 1 28.325 13.066 26.986 12.519
50 6 1 28.358 13.074 27.019 12.527
51 6 1 28.407 13.082 27.067 12.534
52 6 1 28.456 13.074 27.116 12.526
53 6 1 28.488 13.082 27.149 12.534
54 6 1 28.537 13.074 27.198 12.526
55 6 1 28.586 13.081 27.247 12.534
56 6 1 28.618 13.073 27.279 12.526
57 6 1 28.635 13.033 27.532 12.419
58 6 1 28.700 13.008 27.459 12.436
59 6 1 28.732 13.008 27.491 12.436
60 6 1 28.765 13.008 27.524 12.436
61 6 1 28.797 13.024 27.556 12.452
62 6 1 28.830 13.024 27.589 12.452
63 6 1 28.879 13.024 27.638 12.451
64 6 1 28.911 13.023 27.670 12.451
66 6 1 28.903 13.015 27.662 12.443
67 6 1 28.952 13.015 27.711 12.443
68 6 1 29.000 13.031 27.760 12.459
69 6 1 29.033 13.047 27.792 12.475
70 6 1 29.082 13.047 27.841 12.475
71 6 1 29.114 13.047 27.873 12.475
72 6 1 29.163 13.047 27.922 12.475
73 6 1 29.195 13.047 27.955 12.475
74 6 1 29.244 13.063 28.003 12.491
75 6 1 29.276 13.079 28.036 12.507
76 6 1 29.325 13.063 28.085 12.490
77 6 1 29.374 13.062 28.134 12.490
78 6 1 29.423 13.062 28.182 12.490
79 6 1 29.455 13.062 28.215 12.490
80 6 1 29.504 13.062 28.264 12.490
81 6 1 29.536 13.046 28.296 12.474
82 6 1 29.569 13.029 28.329 12.457
83 6 1 29.618 13.045 28.378 12.473
84 6 1 29.650 13.029 28.410 12.457
0 7 1 26.269 13.725 25.418 13.004
1 7 1 26.293 13.749 25.401 12.996
2 7 1 26.334 13.708 25.442 13.044
3 7 1 26.375 13.732 25.483 13.044
4 7 1 26.416 13.732 25.524 13.028
5 7 1 26.440 13.740 25.548 13.028
6 7 1 26.497 13.732 25.605 13.019
7 7 1 26.522 13.740 25.630 13.027
8 7 1 26.562 13.732 25.670 13.019
9 7 1 26.587 13.740 25.695 13.027
10 7 1 26.628 13.731 25.736 13.019
11 7 1 26.668 13.739 25.776 13.027
12 7 1 26.725 13.747 25.833 13.035
13 7 1 26.766 13.771 25.874 13.059
14 7 1 26.807 13.779 25.915 13.067
15 7 1 26.815 13.771 25.923 13.059
16 7 1 26.856 13.763 25.964 13.050
17 7 1 26.896 13.771 26.005 13.058
18 7 1 26.953 13.763 26.062 13.050
19 7 1 26.978 13.771 26.086 13.058
20 7 1 27.019 13.762 26.127 13.050
21 7 1 27.043 13.754 26.151 13.042
22 7 1 27.084 13.762 26.192 13.050
23 7 1 27.125 13.770 26.233 13.058
24 7 1 27.165 13.762 26.274 13.049
25 7 1 27.206 13.770 26.314 13.057
26 7 1 27.247 13.761 26.355 13.049
27 7 1 27.288 13.769 26.396 13.057
28 7 1 27.345 13.745 26.453 13.032
29 7 1 27.402 13.753 26.510 13.040
30 7 1 27.459 13.744 26.567 13.032
31 7 1 27.499 13.752 26.608 13.040
32 7 1 27.540 13.760 26.649 13.048
33 7 1 27.581 13.768 26.689 13.056
34 7 1 27.622 13.760 26.730 13.048
35 7 1 27.662 13.768 26.771 13.056
36 7 1 27.687 13.760 26.795 13.047
37 7 1 27.727 13.768 26.836 13.055
38 7 1 27.768 13.759 26.877 13.047
39 7 1 27.792 13.767 26.901 13.055
40 7 1 27.849 13.775 26.958 13.063
41 7 1 27.874 13.783 26.983 13.071
42 7 1 27.931 13.775 27.040 13.063
43 7 1 27.971 13.783 27.080 13.071
44 7 1 28.012 13.775 27.121 13.062
45 7 1 28.053 13.783 27.162 13.070
46 7 1 28.094 13.774 27.202 13.062
47 7 1 28.134 13.782 27.243 13.070
48 7 1 28.175 13.774 27.284 13.062
49 7 1 28.199 13.782 27.308 13.070
50 7 1 28.256 13.790 27.365 13.078
51 7 1 28.281 13.798 27.390 13.086
52 7 1 28.305 13.790 27.414 13.078
53 7 1 28.329 13.798 27.438 13.086
54 7 1 28.370 13.789 27.479 13.077
55 7 1 28.411 13.781 27.520 13.069
56 7 1 28.452 13.773 27.561 13.061
57 7 1 28.476 13.781 27.585 13.069
58 7 1 28.500 13.773 27.610 13.061
59 7 1 28.525 13.781 27.634 13.069
60 7 1 28.566 13.772 27.675 13.060
61 7 1 28.590 13.780 27.699 13.068
62 7 1 28.631 13.772 27.740 13.060
63 7 1 28.655 13.780 27.764 13.068
64 7 1 28.712 13.772 27.821 13.060
65 7 1 28.769 13.763 27.878 13.052
66 7 1 28.826 13.755 27.935 13.043
67 7 1 28.883 13.747 27.992 13.035
68 7 1 28.940 13.738 28.049 13.027
69 7 1 28.980 13.746 28.090 13.035
70 7 1 29.021 13.738 28.131 13.026
71 7 1 29.062 13.746 28.171 13.034
72 7 1 29.102 13.738 28.212 13.026
73 7 1 29.143 13.746 28.252 13.034
74 7 1 29.184 13.737 28.293 13.026
75 7 1 29.208 13.745 28.318 13.034
76 7 1 29.265 13.753 28.374 13.042
77 7 1 29.289 13.761 28.399 13.050
78 7 1 29.330 13.753 28.439 13.041
79 7 1 29.371 13.761 28.480 13.049
80 7 1 29.411 13.753 28.521 13.041
81 7 1 29.452 13.761 28.561 13.049
82 7 1 29.492 13.752 28.602 13.041
83 7 1 29.533 13.760 28.643 13.049
84 7 1 29.574 13.752 28.683 13.041
0 14 1 24.407 9.880 23.671 9.274
1 14 1 24.432 9.896 23.662 9.265
2 14 1 24.424 9.880 23.630 9.265
3 14 1 24.513 9.888 23.711 9.257
4 14 1 24.717 9.896 23.793 9.257
5 14 1 24.766 9.879 23.834 9.289
6 14 1 24.782 9.887 23.883 9.281
7 14 1 24.855 9.879 23.907 9.273
8 14 1 24.839 9.912 23.932 9.241
9 14 1 24.888 9.879 23.948 9.257
10 14 1 24.880 9.855 24.038 9.249
11 14 1 24.953 9.871 24.078 9.249
12 14 1 24.929 9.887 24.087 9.216
13 14 1 24.937 9.887 24.177 9.200
14 14 1 24.970 9.847 24.127 9.240
15 14 1 24.937 9.871 24.274 9.224
16 14 1 25.059 9.863 24.364 9.183
17 14 1 25.035 9.855 24.316 9.135
18 14 1 25.133 9.830 24.397 9.111
19 14 1 25.222 9.854 24.430 9.094
20 14 1 25.328 9.830 24.495 9.078
21 14 1 25.377 9.797 24.609 9.126
22 14 1 25.377 9.781 24.593 9.118
23 14 1 25.581 9.756 24.691 9.078
24 14 1 25.605 9.781 24.667 9.078
25 14 1 25.638 9.756 24.732 9.078
26 14 1 25.638 9.748 24.732 9.070
27 14 1 25.622 9.732 24.764 9.086
28 14 1 25.744 9.797 24.788 9.191
29 14 1 25.768 9.772 24.853 9.183
30 14 1 25.793 9.772 24.951 9.134
31 14 1 25.793 9.764 25.008 9.134
32 14 1 25.785 9.740 25.017 9.053
33 14 1 25.826 9.716 25.074 9.053
34 14 1 25.842 9.691 25.090 9.069
35 14 1 25.883 9.715 25.082 9.093
36 14 1 25.940 9.715 25.147 9.085
37 14 1 26.078 9.707 25.245 9.085
38 14 1 26.184 9.699 25.293 9.085
39 14 1 26.249 9.666 25.326 9.093
40 14 1 26.224 9.691 25.359 9.077
41 14 1 26.249 9.682 25.366 9.101
42 14 1 26.217 9.626 25.415 9.085
43 14 1 26.347 9.626 25.497 9.036
44 14 1 26.347 9.642 25.521 9.069
45 14 1 26.412 9.642 25.562 9.069
46 14 1 26.420 9.666 25.521 9.069
47 14 1 26.403 9.674 25.627 9.068
48 14 1 26.387 9.666 25.651 9.085
49 14 1 26.428 9.674 25.725 9.036
50 14 1 26.485 9.674 25.790 9.020
51 14 1 26.533 9.682 25.848 8.939
52 14 1 26.591 9.601 25.937 8.955
53 14 1 26.640 9.585 25.961 8.963
54 14 1 26.656 9.560 25.945 8.987
55 14 1 26.697 9.560 25.986 8.987
56 14 1 26.738 9.560 26.026 8.987
57 14 1 26.795 9.544 26.083 8.971
58 14 1 27.014 9.600 26.222 8.938
59 14 1 26.957 9.552 26.246 8.979
60 14 1 26.998 9.552 26.286 8.979
61 14 1 27.055 9.536 26.343 8.962
62 14 1 27.095 9.552 26.384 8.979
63 14 1 27.176 9.568 26.270 8.946
64 14 1 27.266 9.568 26.360 8.962
65 14 1 27.241 9.584 26.360 8.979
66 14 1 27.298 9.616 26.400 9.011
67 14 1 27.330 9.648 26.473 9.011
68 14 1 27.290 9.600 26.635 9.075
69 14 1 27.298 9.640 26.708 9.051
70 14 1 27.322 9.632 26.765 9.035
71 14 1 27.371 9.656 26.806 9.043
72 14 1 27.428 9.648 26.773 9.051
73 14 1 27.476 9.632 26.814 9.059
74 14 1 27.590 9.616 26.838 9.067
75 14 1 27.703 9.672 26.871 9.043
76 14 1 27.525 9.608 26.863 9.051
77 14 1 27.574 9.616 26.912 9.059
78 14 1 27.907 9.615 26.911 9.067
79 14 1 27.931 9.607 26.976 9.083
80 14 1 27.606 9.607 26.944 9.051
81 14 1 27.655 9.615 26.993 9.059
82 14 1 27.696 9.623 27.033 9.067
83 14 1 27.736 9.631 27.074 9.075
84 14 1 28.011 9.768 27.196 9.050
