0 0 1 39.740 10.362 38.697 9.606
1 0 1 39.767 10.389 38.679 9.596
2 0 1 39.740 10.380 38.652 9.587
3 0 1 39.322 10.307 38.733 9.915
4 0 1 39.367 10.325 38.705 9.869
5 0 1 39.276 10.407 38.524 9.687
6 0 1 39.249 10.334 38.551 9.769
7 0 1 39.222 10.334 38.524 9.769
8 0 1 39.186 10.325 38.488 9.760
9 0 1 39.131 10.334 38.569 9.733
10 0 1 39.131 10.388 38.334 9.505
11 0 1 39.077 10.270 38.388 9.632
12 0 1 39.004 10.325 38.097 9.605
13 0 1 38.922 10.288 38.197 9.641
14 0 1 38.895 10.288 38.170 9.641
15 0 1 38.868 10.288 38.142 9.641
16 0 1 38.832 10.288 38.106 9.641
17 0 1 38.795 10.279 38.070 9.632
18 0 1 38.768 10.270 38.042 9.623
20 0 1 38.759 10.261 38.033 9.614
21 0 1 38.877 10.270 38.215 9.823
22 0 1 38.923 10.234 38.134 9.496
23 0 1 38.886 10.188 38.170 9.568
24 0 1 38.850 10.188 38.134 9.568
25 0 1 38.650 10.270 38.061 9.468
26 0 1 38.595 10.242 38.024 9.541
27 0 1 38.650 10.206 37.970 9.568
28 0 1 38.623 10.206 37.942 9.568
29 0 1 38.586 10.206 37.906 9.568
30 0 1 38.477 10.251 37.824 9.541
31 0 1 38.486 10.215 37.815 9.577
32 0 1 38.459 10.215 37.788 9.577
33 0 1 38.414 10.215 37.742 9.577
34 0 1 38.377 10.215 37.706 9.577
35 0 1 38.341 10.224 37.669 9.586
36 0 1 38.304 10.224 37.633 9.586
37 0 1 38.277 10.233 37.606 9.595
38 0 1 38.232 10.251 37.560 9.613
39 0 1 38.204 10.269 37.533 9.631
40 0 1 38.159 10.278 37.487 9.640
41 0 1 38.141 10.287 37.469 9.650
42 0 1 37.931 10.251 37.468 9.877
43 0 1 38.104 10.297 37.433 9.659
44 0 1 37.995 10.397 37.387 9.686
45 0 1 38.022 10.351 37.360 9.713
46 0 1 37.986 10.360 37.323 9.722
47 0 1 37.840 10.406 37.395 9.959
48 0 1 37.794 10.478 37.314 9.913
49 0 1 37.876 10.497 37.232 9.868
50 0 1 37.840 10.506 37.195 9.877
51 0 1 37.803 10.506 37.159 9.877
52 0 1 37.767 10.506 37.123 9.877
53 0 1 37.731 10.515 37.086 9.886
54 0 1 37.685 10.515 37.041 9.886
55 0 1 37.649 10.515 37.004 9.886
56 0 1 37.612 10.515 36.968 9.886
57 0 1 37.567 10.515 36.922 9.886
58 0 1 37.530 10.515 36.886 9.886
59 0 1 37.494 10.515 36.849 9.886
60 0 1 37.458 10.514 36.813 9.886
61 0 1 37.421 10.514 36.776 9.885
62 0 1 37.385 10.514 36.740 9.885
63 0 1 37.349 10.378 36.731 9.703
65 0 1 37.358 10.360 36.722 9.731
66 0 1 37.331 10.369 36.695 9.740
67 0 1 37.294 10.378 36.658 9.749
68 0 1 37.267 10.378 36.631 9.749
69 0 1 37.239 10.387 36.604 9.758
70 0 1 37.203 10.405 36.567 9.776
71 0 1 37.167 10.414 36.531 9.785
73 0 1 37.157 10.405 36.522 9.776
74 0 1 37.130 10.414 36.494 9.785
75 0 1 37.002 10.514 36.385 9.894
76 0 1 37.011 10.514 36.385 9.894
77 0 1 36.984 10.523 36.357 9.903
78 0 1 36.957 10.532 36.330 9.912
79 0 1 36.929 10.551 36.303 9.930
80 0 1 36.756 10.641 36.194 9.794
81 0 1 36.893 10.550 36.266 9.930
82 0 1 36.647 10.669 36.130 9.848
83 0 1 36.857 10.541 36.230 9.921
84 0 1 36.829 10.541 36.202 9.921
85 0 1 36.802 10.532 36.175 9.912
86 0 1 36.775 10.532 36.148 9.912
87 0 1 36.756 10.523 36.129 9.903
88 0 1 36.729 10.505 36.102 9.885
89 0 1 36.711 10.487 36.084 9.866
90 0 1 36.520 10.541 35.865 9.894
91 0 1 36.510 10.523 35.883 9.903
92 0 1 36.492 10.514 35.865 9.894
93 0 1 36.465 10.514 35.838 9.894
94 0 1 36.447 10.505 35.820 9.884
95 0 1 36.419 10.477 35.792 9.857
96 0 1 36.401 10.477 35.774 9.857
97 0 1 36.383 10.477 35.756 9.857
98 0 1 36.365 10.468 35.738 9.848
99 0 1 36.356 10.450 35.729 9.830
100 0 1 36.338 10.450 35.710 9.830
101 0 1 36.319 10.441 35.692 9.820
102 0 1 36.310 10.450 35.683 9.830
103 0 1 36.292 10.432 35.665 9.811
104 0 1 36.274 10.422 35.647 9.802
105 0 1 36.256 10.422 35.628 9.802
106 0 1 36.283 10.477 35.547 9.419
107 0 1 36.228 10.404 35.601 9.784
108 0 1 36.210 10.395 35.583 9.775
109 0 1 36.183 10.368 35.555 9.747
110 0 1 36.165 10.368 35.537 9.747
111 0 1 36.137 10.349 35.510 9.729
112 0 1 36.210 10.350 35.355 9.574
113 0 1 36.101 10.322 35.473 9.702
114 0 1 36.265 10.377 35.374 9.492
115 0 1 36.283 10.368 35.401 9.647
116 0 1 36.055 10.286 35.428 9.665
117 0 1 36.028 10.276 35.401 9.656
118 0 1 36.001 10.267 35.373 9.647
119 0 1 35.946 10.404 35.210 9.391
120 0 1 35.974 10.240 35.346 9.620
121 0 1 35.946 10.231 35.319 9.610
122 0 1 35.773 10.349 35.164 9.300
123 0 1 35.745 10.304 35.101 9.309
124 0 1 35.910 10.203 35.282 9.583
125 0 1 35.892 10.194 35.264 9.574
126 0 1 35.864 10.185 35.237 9.565
127 0 1 35.746 10.112 35.091 9.437
128 0 1 35.728 10.085 35.100 9.464
129 0 1 35.710 10.076 35.082 9.455
130 0 1 35.691 10.076 35.064 9.455
131 0 1 35.673 10.076 35.045 9.455
132 0 1 35.646 10.066 35.018 9.446
133 0 1 35.628 10.057 35.000 9.437
134 0 1 35.609 10.057 34.982 9.437
135 0 1 35.582 10.057 34.954 9.437
136 0 1 35.564 10.048 34.936 9.428
137 0 1 35.536 10.039 34.909 9.418
139 0 1 35.527 10.030 34.899 9.409
140 0 1 35.500 10.021 34.872 9.400
141 0 1 35.482 10.021 34.854 9.400
142 0 1 35.454 10.012 34.827 9.391
143 0 1 35.436 9.993 34.808 9.373
144 0 1 35.409 9.984 34.781 9.363
145 0 1 35.381 9.984 34.754 9.363
146 0 1 35.354 9.975 34.726 9.354
147 0 1 35.318 9.957 34.690 9.336
149 0 1 35.309 9.948 34.681 9.327
150 0 1 35.281 9.938 34.653 9.318
151 0 1 35.254 9.920 34.626 9.299
152 0 1 35.227 9.911 34.599 9.290
154 0 1 35.217 9.902 34.589 9.281
155 0 1 35.190 9.893 34.562 9.272
156 0 1 35.154 9.893 34.526 9.272
157 0 1 35.117 9.884 34.489 9.263
158 0 1 35.090 9.865 34.462 9.244
159 0 1 35.062 9.856 34.434 9.235
160 0 1 35.026 9.847 34.398 9.226
161 0 1 34.990 9.829 34.361 9.208
163 0 1 34.980 9.820 34.352 9.199
164 0 1 34.953 9.820 34.325 9.199
165 0 1 34.917 9.801 34.288 9.180
166 0 1 34.889 9.792 34.261 9.171
167 0 1 34.853 9.783 34.224 9.162
168 0 1 34.825 9.792 34.197 9.171
169 0 1 34.789 9.783 34.161 9.162
170 0 1 34.752 9.792 34.124 9.171
171 0 1 34.716 9.783 34.087 9.162
173 0 1 34.707 9.774 34.078 9.153
174 0 1 34.670 9.774 34.042 9.153
175 0 1 34.634 9.765 34.005 9.143
176 0 1 34.597 9.764 33.969 9.143
177 0 1 34.552 9.764 33.923 9.143
178 0 1 34.515 9.755 33.887 9.134
179 0 1 34.479 9.755 33.850 9.134
181 0 1 34.469 9.746 33.841 9.125
182 0 1 34.433 9.746 33.804 9.125
183 0 1 34.250 9.782 33.558 9.106
184 0 1 34.223 9.755 33.594 9.134
185 0 1 34.195 9.755 33.567 9.134
186 0 1 34.168 9.746 33.539 9.124
187 0 1 34.141 9.755 33.512 9.134
189 0 1 34.131 9.746 33.503 9.124
190 0 1 34.104 9.746 33.475 9.124
191 0 1 34.077 9.736 33.448 9.115
192 0 1 34.031 9.709 33.402 9.088
194 0 1 34.022 9.700 33.393 9.079
195 0 1 33.675 9.727 32.964 8.968
196 0 1 33.638 9.663 33.009 9.042
197 0 1 33.602 9.654 32.973 9.032
198 0 1 33.574 9.654 32.945 9.032
199 0 1 33.538 9.645 32.909 9.023
200 0 1 33.501 9.626 32.872 9.005
201 0 1 33.529 9.626 32.900 8.895
202 0 1 33.520 9.572 32.891 8.950
203 0 1 33.492 9.572 32.863 8.950
204 0 1 33.465 9.572 32.836 8.950
205 0 1 33.419 9.562 32.790 8.941
206 0 1 33.383 9.571 32.753 8.950
0 1 1 39.573 11.653 38.866 10.998
1 1 1 39.472 11.744 38.830 10.916
2 1 1 39.472 11.735 38.830 10.916
3 1 1 39.436 11.744 38.793 10.925
4 1 1 39.400 11.753 38.757 10.934
5 1 1 39.363 11.762 38.721 10.943
6 1 1 39.327 11.771 38.684 10.952
7 1 1 39.309 11.762 38.666 10.943
8 1 1 39.273 11.771 38.630 10.952
9 1 1 39.236 11.780 38.593 10.961
10 1 1 39.200 11.789 38.557 10.970
11 1 1 39.163 11.798 38.521 10.979
12 1 1 39.127 11.807 38.484 10.988
13 1 1 39.091 11.817 38.448 10.998
14 1 1 39.054 11.826 38.411 11.007
15 1 1 39.036 11.835 38.393 11.016
16 1 1 39.000 11.844 38.357 11.025
17 1 1 38.963 11.835 38.320 11.016
18 1 1 39.036 11.826 38.266 11.088
20 1 1 38.945 11.853 38.266 11.061
21 1 1 38.718 11.853 38.257 11.034
22 1 1 38.700 11.898 38.257 10.906
23 1 1 38.773 11.817 38.184 10.988
24 1 1 38.736 11.817 38.148 10.988
25 1 1 38.709 11.807 38.120 10.979
26 1 1 38.673 11.798 38.084 10.970
27 1 1 38.636 11.798 38.048 10.970
28 1 1 38.600 11.789 38.011 10.961
29 1 1 38.655 11.735 38.147 11.079
30 1 1 38.673 11.789 38.111 11.070
31 1 1 38.636 11.762 38.038 11.116
32 1 1 38.564 11.707 38.029 11.234
33 1 1 38.518 11.716 37.956 11.097
34 1 1 38.519 11.580 38.093 11.170
35 1 1 38.500 11.753 37.947 11.034
36 1 1 38.401 11.625 38.084 11.107
37 1 1 38.328 11.598 37.993 11.116
38 1 1 38.427 11.726 37.875 11.006
39 1 1 38.000 11.789 37.511 10.997
41 1 1 38.027 11.753 37.493 11.024
42 1 1 37.991 11.753 37.456 11.024
43 1 1 37.954 11.762 37.420 11.033
44 1 1 37.909 11.762 37.374 11.033
45 1 1 37.863 11.771 37.329 11.043
46 1 1 37.818 11.780 37.283 11.052
47 1 1 37.772 11.789 37.238 11.061
48 1 1 37.727 11.798 37.192 11.070
49 1 1 37.681 11.798 37.146 11.070
50 1 1 37.627 11.807 37.092 11.079
51 1 1 37.581 11.826 37.046 11.097
52 1 1 37.536 11.835 37.001 11.106
53 1 1 37.600 11.789 36.728 11.033
54 1 1 37.490 11.826 36.955 11.097
55 1 1 37.445 11.826 36.910 11.097
56 1 1 37.445 11.762 36.773 11.024
57 1 1 37.354 11.898 36.846 11.079
58 1 1 37.354 11.816 36.746 10.960
59 1 1 37.318 11.753 36.791 11.024
60 1 1 37.190 11.871 36.637 10.906
61 1 1 37.154 11.725 36.500 10.969
62 1 1 37.099 11.707 36.573 10.978
63 1 1 37.163 11.780 36.400 10.905
65 1 1 37.026 11.698 36.500 10.969
66 1 1 36.999 11.698 36.473 10.969
67 1 1 36.963 11.698 36.436 10.969
68 1 1 36.926 11.698 36.400 10.969
69 1 1 36.890 11.698 36.363 10.969
71 1 1 36.881 11.689 36.354 10.960
73 1 1 36.817 11.689 36.291 10.960
74 1 1 36.799 11.698 36.272 10.969
75 1 1 36.771 11.707 36.245 10.978
76 1 1 36.744 11.707 36.218 10.978
77 1 1 36.717 11.716 36.190 10.987
78 1 1 36.698 11.734 36.172 11.006
79 1 1 36.671 11.744 36.145 11.015
80 1 1 36.653 11.762 36.026 11.206
81 1 1 36.607 11.835 36.080 11.115
82 1 1 36.589 11.853 36.062 11.133
83 1 1 36.561 11.871 36.035 11.151
84 1 1 36.534 11.889 36.007 11.169
85 1 1 36.516 11.908 35.989 11.188
86 1 1 36.497 11.935 35.971 11.215
87 1 1 36.479 11.962 35.952 11.242
88 1 1 36.452 11.990 35.925 11.270
89 1 1 36.424 12.017 35.898 11.297
90 1 1 36.406 12.053 35.879 11.333
91 1 1 36.388 12.090 35.861 11.370
92 1 1 36.360 12.126 35.833 11.406
94 1 1 36.351 12.117 35.824 11.397
95 1 1 36.324 12.144 35.797 11.425
96 1 1 36.287 12.172 35.760 11.452
97 1 1 36.260 12.199 35.733 11.479
98 1 1 36.232 12.217 35.706 11.497
99 1 1 36.187 12.236 35.660 11.516
100 1 1 36.150 12.245 35.623 11.525
101 1 1 36.086 12.418 35.541 11.671
103 1 1 36.077 12.400 35.550 11.680
104 1 1 36.040 12.418 35.513 11.698
105 1 1 36.004 12.427 35.477 11.707
106 1 1 35.967 12.445 35.440 11.725
107 1 1 35.922 12.454 35.395 11.734
108 1 1 35.876 12.473 35.349 11.753
109 1 1 35.830 12.482 35.303 11.762
111 1 1 35.821 12.473 35.294 11.753
112 1 1 35.785 12.500 35.258 11.780
113 1 1 35.739 12.518 35.212 11.798
114 1 1 35.703 12.536 35.176 11.816
115 1 1 35.666 12.555 35.139 11.835
117 1 1 35.657 12.546 35.130 11.825
118 1 1 35.620 12.564 35.093 11.844
119 1 1 35.584 12.573 35.057 11.853
120 1 1 35.547 12.582 35.020 11.862
121 1 1 35.520 12.600 34.993 11.880
123 1 1 35.511 12.591 34.984 11.871
124 1 1 35.484 12.600 34.956 11.880
125 1 1 35.447 12.609 34.920 11.889
126 1 1 35.173 12.810 34.600 12.099
127 1 1 35.155 12.801 34.627 12.090
128 1 1 35.118 12.819 34.591 12.108
129 1 1 35.081 12.837 34.554 12.126
130 1 1 35.045 12.856 34.517 12.145
131 1 1 35.008 12.865 34.481 12.154
132 1 1 34.972 12.874 34.444 12.163
133 1 1 34.944 12.892 34.417 12.181
134 1 1 34.917 12.901 34.389 12.190
136 1 1 34.908 12.892 34.380 12.181
137 1 1 34.881 12.901 34.353 12.190
139 1 1 34.807 12.901 34.280 12.190
140 1 1 34.771 12.911 34.243 12.199
141 1 1 34.734 12.920 34.207 12.209
142 1 1 34.698 12.911 34.170 12.199
143 1 1 34.661 12.911 34.134 12.199
144 1 1 34.616 12.911 34.088 12.199
145 1 1 34.579 12.911 34.051 12.199
146 1 1 34.534 12.902 34.006 12.190
147 1 1 34.488 12.892 33.960 12.181
149 1 1 34.479 12.883 33.951 12.172
150 1 1 34.424 12.883 33.896 12.172
151 1 1 34.388 12.874 33.860 12.163
152 1 1 34.351 12.893 33.823 12.181
154 1 1 34.342 12.883 33.814 12.172
155 1 1 34.314 12.883 33.787 12.172
156 1 1 34.095 12.902 33.531 12.181
157 1 1 34.077 12.893 33.549 12.181
158 1 1 34.040 12.893 33.512 12.181
159 1 1 33.986 12.875 33.293 12.145
160 1 1 33.903 12.865 33.366 12.154
161 1 1 33.858 12.856 33.320 12.145
163 1 1 33.766 12.856 33.229 12.145
164 1 1 33.721 12.856 33.183 12.145
165 1 1 33.684 12.856 33.147 12.145
166 1 1 33.638 12.847 33.101 12.136
167 1 1 33.602 12.838 33.064 12.127
168 1 1 33.565 12.838 33.028 12.127
169 1 1 33.529 12.829 32.991 12.117
170 1 1 33.492 12.811 32.955 12.099
171 1 1 33.456 12.802 32.918 12.090
173 1 1 33.392 12.784 32.854 12.072
174 1 1 33.355 12.774 32.818 12.063
175 1 1 33.319 12.747 32.781 12.035
176 1 1 33.282 12.738 32.745 12.026
177 1 1 33.246 12.711 32.708 11.999
178 1 1 33.209 12.702 32.672 11.990
179 1 1 33.429 12.583 32.452 11.844
181 1 1 33.136 12.647 32.598 11.935
182 1 1 33.100 12.629 32.562 11.917
183 1 1 33.063 12.610 32.525 11.898
184 1 1 33.027 12.592 32.489 11.880
185 1 1 32.990 12.574 32.452 11.862
186 1 1 32.972 12.501 32.178 11.780
187 1 1 32.954 12.546 32.416 11.834
189 1 1 32.890 12.510 32.352 11.798
190 1 1 32.853 12.501 32.315 11.789
191 1 1 32.899 12.437 32.041 11.679
192 1 1 32.817 12.473 32.279 11.761
194 1 1 32.762 12.437 32.224 11.725
195 1 1 32.725 12.428 32.187 11.716
196 1 1 32.689 12.410 32.151 11.698
197 1 1 32.652 12.391 32.114 11.679
198 1 1 32.616 12.373 32.078 11.661
199 1 1 32.570 12.355 32.032 11.643
200 1 1 32.533 12.337 31.995 11.624
201 1 1 32.497 12.318 31.959 11.606
203 1 1 32.488 12.309 31.949 11.597
204 1 1 32.451 12.300 31.913 11.588
205 1 1 32.414 12.282 31.876 11.570
206 1 1 32.387 12.273 31.849 11.560
19 1 1 38.982 11.853 38.302 11.061
64 1 1 37.054 11.698 36.527 10.969
72 1 1 36.853 11.689 36.327 10.960
138 1 1 34.844 12.901 34.316 12.190
162 1 1 33.812 12.865 33.275 12.154
172 1 1 33.419 12.802 32.882 12.090
180 1 1 33.173 12.665 32.635 11.953
188 1 1 32.917 12.528 32.379 11.816
193 1 1 32.789 12.464 32.251 11.752
0 2 1 40.358 13.262 39.352 12.553
1 2 1 40.385 13.280 39.334 12.544
2 2 1 40.094 13.335 39.261 12.599
3 2 1 40.076 13.353 39.270 12.553
4 2 1 39.967 13.353 39.252 12.581
5 2 1 39.931 13.362 39.243 12.599
6 2 1 39.922 13.317 39.261 12.617
7 2 1 39.958 13.335 39.216 12.590
8 2 1 39.931 13.326 39.188 12.581
9 2 1 39.904 13.335 39.161 12.590
10 2 1 39.877 13.326 39.134 12.581
11 2 1 39.849 13.335 39.107 12.590
12 2 1 39.822 13.326 39.079 12.581
13 2 1 39.795 13.335 39.052 12.590
14 2 1 39.749 13.326 39.007 12.581
15 2 1 39.722 13.335 38.979 12.590
16 2 1 39.677 13.326 38.934 12.581
17 2 1 39.650 13.335 38.907 12.590
18 2 1 39.622 13.326 38.880 12.581
20 2 1 39.550 13.326 38.807 12.581
21 2 1 39.741 13.262 38.643 12.535
22 2 1 39.622 13.308 38.643 12.517
23 2 1 39.568 13.299 38.616 12.481
24 2 1 39.523 13.290 38.653 12.435
25 2 1 39.404 13.335 38.607 12.517
26 2 1 39.332 13.345 38.598 12.499
27 2 1 39.323 13.354 38.598 12.517
28 2 1 39.350 13.308 38.562 12.563
29 2 1 39.259 13.336 38.462 12.408
30 2 1 39.223 13.290 38.380 12.508
31 2 1 39.195 13.336 38.289 12.490
32 2 1 39.141 13.290 38.352 12.535
33 2 1 39.105 13.290 38.316 12.535
34 2 1 39.068 13.290 38.280 12.536
35 2 1 39.032 13.290 38.243 12.536
36 2 1 39.014 13.290 38.225 12.536
37 2 1 38.978 13.290 38.189 12.536
38 2 1 38.941 13.290 38.152 12.536
39 2 1 38.905 13.290 38.116 12.536
40 2 1 38.868 13.290 38.080 12.536
41 2 1 38.832 13.290 38.043 12.536
42 2 1 38.796 13.309 38.007 12.554
43 2 1 38.759 13.327 37.970 12.572
44 2 1 38.723 13.309 37.934 12.554
45 2 1 38.750 13.291 37.988 12.690
46 2 1 38.750 13.354 37.970 12.608
47 2 1 38.723 13.363 37.943 12.618
48 2 1 38.677 13.372 37.897 12.627
49 2 1 38.650 13.363 37.870 12.618
50 2 1 38.623 13.354 37.843 12.608
51 2 1 38.596 13.363 37.816 12.618
52 2 1 38.550 13.373 37.770 12.627
53 2 1 38.523 13.363 37.743 12.618
54 2 1 38.477 13.373 37.697 12.627
55 2 1 38.450 13.364 37.670 12.618
56 2 1 38.405 13.373 37.625 12.627
57 2 1 38.377 13.364 37.597 12.618
58 2 1 38.332 13.355 37.552 12.609
59 2 1 38.305 13.345 37.524 12.599
60 2 1 38.259 13.355 37.479 12.609
61 2 1 38.232 13.346 37.452 12.600
62 2 1 38.187 13.336 37.406 12.590
63 2 1 38.159 13.327 37.379 12.581
65 2 1 38.068 13.346 37.288 12.600
66 2 1 38.023 13.373 37.242 12.627
67 2 1 37.995 13.364 37.215 12.618
68 2 1 37.950 13.391 37.169 12.645
69 2 1 37.923 13.382 37.142 12.636
70 2 1 37.877 13.410 37.096 12.663
71 2 1 37.850 13.400 37.069 12.654
73 2 1 37.777 13.419 36.996 12.673
74 2 1 37.750 13.428 36.969 12.682
75 2 1 37.722 13.419 36.942 12.673
76 2 1 37.677 13.446 36.896 12.700
77 2 1 37.631 13.437 36.851 12.691
78 2 1 37.586 13.464 36.805 12.718
79 2 1 37.540 13.455 36.759 12.709
80 2 1 37.495 13.483 36.714 12.736
81 2 1 37.467 13.474 36.686 12.727
82 2 1 37.422 13.483 36.641 12.736
83 2 1 37.395 13.492 36.614 12.746
84 2 1 37.349 13.501 36.568 12.755
85 2 1 37.322 13.510 36.541 12.764
86 2 1 37.276 13.519 36.495 12.773
87 2 1 37.267 13.510 36.486 12.764
88 2 1 37.222 13.519 36.440 12.773
89 2 1 37.194 13.528 36.413 12.782
90 2 1 37.167 13.538 36.386 12.791
91 2 1 37.139 13.547 36.358 12.800
92 2 1 37.094 13.556 36.313 12.810
93 2 1 37.067 13.547 36.285 12.800
94 2 1 37.039 13.556 36.258 12.810
95 2 1 36.994 13.565 36.212 12.819
96 2 1 36.948 13.574 36.167 12.828
97 2 1 36.921 13.565 36.139 12.819
98 2 1 36.875 13.574 36.094 12.828
99 2 1 36.848 13.565 36.067 12.819
100 2 1 36.802 13.574 36.021 12.828
101 2 1 36.775 13.565 35.994 12.819
102 2 1 36.730 13.574 35.948 12.828
103 2 1 36.702 13.565 35.921 12.819
104 2 1 36.657 13.574 35.875 12.828
105 2 1 36.629 13.565 35.848 12.819
106 2 1 36.584 13.575 35.802 12.828
107 2 1 36.557 13.565 35.775 12.819
108 2 1 36.511 13.575 35.729 12.828
109 2 1 36.484 13.566 35.702 12.819
110 2 1 36.456 13.575 35.674 12.828
111 2 1 36.429 13.566 35.647 12.819
112 2 1 36.383 13.575 35.602 12.828
113 2 1 36.356 13.566 35.574 12.819
114 2 1 36.310 13.575 35.529 12.828
115 2 1 36.283 13.584 35.501 12.837
116 2 1 36.238 13.593 35.456 12.846
117 2 1 36.210 13.584 35.428 12.837
118 2 1 36.165 13.593 35.383 12.846
119 2 1 36.137 13.602 35.355 12.856
120 2 1 36.092 13.611 35.309 12.865
121 2 1 36.046 13.621 35.264 12.874
122 2 1 36.000 13.630 35.218 12.883
123 2 1 35.973 13.639 35.191 12.892
124 2 1 35.927 13.648 35.145 12.901
125 2 1 35.900 13.657 35.118 12.910
126 2 1 35.854 13.666 35.072 12.920
127 2 1 35.827 13.657 35.045 12.910
128 2 1 35.800 13.648 35.017 12.901
129 2 1 35.772 13.657 34.990 12.910
130 2 1 35.727 13.666 34.944 12.920
131 2 1 35.699 13.676 34.917 12.929
132 2 1 35.654 13.685 34.871 12.938
133 2 1 35.626 13.676 34.844 12.929
134 2 1 35.581 13.685 34.798 12.938
135 2 1 35.554 13.676 34.771 12.929
136 2 1 35.508 13.685 34.725 12.938
137 2 1 35.462 13.676 34.680 12.929
139 2 1 35.389 13.676 34.607 12.929
140 2 1 35.344 13.685 34.561 12.938
141 2 1 35.316 13.694 34.533 12.947
142 2 1 35.271 13.703 34.488 12.956
143 2 1 35.243 13.694 34.460 12.947
144 2 1 35.198 13.703 34.415 12.956
145 2 1 35.170 13.694 34.387 12.947
146 2 1 35.143 13.685 34.360 12.938
147 2 1 35.116 13.676 34.333 12.929
149 2 1 35.061 13.676 34.278 12.929
150 2 1 35.015 13.685 34.232 12.938
151 2 1 34.988 13.676 34.205 12.929
152 2 1 34.960 13.685 34.177 12.938
154 2 1 34.887 13.686 34.104 12.938
155 2 1 34.860 13.676 34.077 12.929
156 2 1 34.814 13.686 34.031 12.938
157 2 1 34.787 13.695 34.004 12.947
158 2 1 34.741 13.704 33.958 12.957
159 2 1 34.714 13.695 33.931 12.948
160 2 1 34.668 13.704 33.885 12.957
161 2 1 34.641 13.695 33.858 12.948
163 2 1 34.568 13.713 33.784 12.966
164 2 1 34.522 13.722 33.739 12.975
165 2 1 34.495 13.695 33.711 12.948
166 2 1 34.467 13.686 33.684 12.939
167 2 1 34.440 13.668 33.657 12.920
168 2 1 34.394 13.686 33.611 12.939
169 2 1 34.349 13.677 33.565 12.929
170 2 1 34.303 13.686 33.519 12.939
171 2 1 34.276 13.677 33.492 12.930
173 2 1 34.221 13.659 33.437 12.911
174 2 1 34.194 13.650 33.410 12.902
175 2 1 34.166 13.641 33.382 12.893
176 2 1 34.121 13.632 33.337 12.884
177 2 1 34.093 13.622 33.309 12.875
178 2 1 34.048 13.613 33.264 12.866
179 2 1 34.020 13.586 33.236 12.848
181 2 1 33.965 13.568 33.181 12.829
182 2 1 33.920 13.559 33.136 12.820
183 2 1 33.911 13.531 33.127 12.793
184 2 1 33.865 13.541 33.081 12.802
185 2 1 33.856 13.513 33.072 12.775
186 2 1 33.829 13.504 33.044 12.765
187 2 1 33.801 13.495 33.017 12.756
189 2 1 33.746 13.477 32.962 12.738
190 2 1 33.719 13.468 32.935 12.729
191 2 1 33.692 13.440 32.907 12.702
192 2 1 33.664 13.431 32.880 12.693
194 2 1 33.609 13.422 32.825 12.683
195 2 1 33.582 13.422 32.798 12.683
196 2 1 33.555 13.413 32.770 12.674
197 2 1 33.527 13.386 32.743 12.647
198 2 1 33.482 13.377 32.697 12.638
199 2 1 33.454 13.349 32.670 12.610
200 2 1 33.409 13.331 32.624 12.592
201 2 1 33.381 13.331 32.597 12.592
202 2 1 33.335 13.322 32.551 12.583
203 2 1 33.326 13.313 32.542 12.574
204 2 1 33.281 13.304 32.496 12.565
205 2 1 33.253 13.295 32.469 12.556
206 2 1 33.226 13.276 32.441 12.538
19 2 1 39.595 13.335 38.852 12.590
64 2 1 38.114 13.337 37.333 12.590
72 2 1 37.822 13.410 37.042 12.663
138 2 1 35.417 13.685 34.634 12.938
162 2 1 34.595 13.704 33.812 12.957
172 2 1 34.248 13.668 33.465 12.920
180 2 1 33.975 13.577 33.191 12.838
188 2 1 33.774 13.486 32.990 12.747
193 2 1 33.637 13.422 32.853 12.683
148 2 1 35.088 13.685 34.305 12.938
153 2 1 34.933 13.676 34.150 12.929
0 3 1 41.027 10.763 40.159 9.871
1 3 1 41.072 10.772 40.231 10.089
2 3 1 41.063 10.772 40.221 10.080
3 3 1 41.090 10.772 40.222 10.026
4 3 1 41.072 10.754 40.222 10.044
5 3 1 41.045 10.744 40.194 10.035
6 3 1 41.018 10.753 40.167 10.044
7 3 1 40.972 10.744 40.122 10.035
8 3 1 40.945 10.753 40.095 10.044
9 3 1 40.791 10.708 40.230 10.135
10 3 1 40.891 10.753 40.131 10.089
11 3 1 40.864 10.753 40.103 10.089
12 3 1 40.818 10.762 40.058 10.098
13 3 1 40.800 10.762 40.040 10.098
14 3 1 40.764 10.772 40.004 10.107
15 3 1 40.737 10.781 39.976 10.116
16 3 1 40.700 10.790 39.940 10.125
17 3 1 40.664 10.790 39.904 10.125
18 3 1 40.628 10.799 39.867 10.134
20 3 1 40.555 10.826 39.795 10.162
21 3 1 40.528 10.835 39.767 10.171
22 3 1 40.501 10.844 39.740 10.180
23 3 1 40.455 10.853 39.695 10.189
24 3 1 40.437 10.862 39.677 10.198
25 3 1 40.256 10.853 39.623 9.861
26 3 1 40.310 10.726 39.577 10.007
27 3 1 40.274 10.726 39.541 10.007
28 3 1 40.238 10.726 39.505 10.007
29 3 1 40.201 10.744 39.468 10.025
30 3 1 40.074 10.935 39.368 10.061
31 3 1 40.038 10.926 39.304 10.097
32 3 1 39.965 10.916 39.159 10.116
33 3 1 39.947 10.880 39.086 10.170
34 3 1 39.929 10.926 39.032 10.179
35 3 1 39.920 10.907 39.050 10.216
36 3 1 39.883 10.907 39.004 10.234
37 3 1 39.892 10.926 39.013 10.234
38 3 1 39.902 10.880 39.041 10.252
39 3 1 39.856 10.916 39.086 10.216
40 3 1 39.820 10.916 39.050 10.216
41 3 1 39.847 10.907 38.986 10.134
42 3 1 39.802 10.871 39.032 10.170
43 3 1 39.765 10.889 38.995 10.188
44 3 1 39.729 10.889 38.959 10.188
45 3 1 39.547 10.989 38.986 10.225
46 3 1 39.647 10.953 38.895 10.252
47 3 1 39.475 10.953 38.941 10.225
48 3 1 39.575 10.934 38.841 10.234
49 3 1 39.538 10.944 38.804 10.243
50 3 1 39.502 10.953 38.768 10.252
51 3 1 39.466 10.962 38.732 10.261
52 3 1 39.266 10.998 38.441 10.306
53 3 1 39.229 10.998 38.495 10.306
54 3 1 39.284 11.034 38.395 10.388
55 3 1 39.202 11.053 38.468 10.370
56 3 1 39.166 11.062 38.431 10.379
57 3 1 39.166 10.989 38.431 10.342
58 3 1 39.157 11.007 38.422 10.333
59 3 1 39.120 11.007 38.386 10.333
60 3 1 39.084 10.998 38.350 10.324
61 3 1 38.975 11.061 38.404 10.324
62 3 1 39.048 11.025 38.322 10.351
63 3 1 39.011 11.025 38.286 10.351
65 3 1 38.939 11.016 38.213 10.342
66 3 1 38.902 11.025 38.177 10.351
67 3 1 38.765 11.198 38.031 10.306
68 3 1 38.756 11.207 37.968 10.306
69 3 1 38.720 11.180 37.904 10.287
70 3 1 38.839 10.980 38.113 10.306
71 3 1 38.656 11.198 37.849 10.324
73 3 1 38.647 11.134 37.804 10.360
74 3 1 38.602 11.134 37.749 10.360
75 3 1 38.666 10.979 37.758 10.515
76 3 1 38.547 11.161 37.713 10.387
77 3 1 38.465 11.189 37.685 10.396
78 3 1 38.375 11.107 37.704 10.378
79 3 1 38.320 11.107 37.695 10.369
80 3 1 38.275 11.125 37.685 10.396
81 3 1 38.193 11.070 37.676 10.333
82 3 1 38.138 11.143 37.531 10.314
83 3 1 38.075 11.052 37.594 10.387
84 3 1 38.147 11.088 37.449 10.287
85 3 1 38.066 11.034 37.394 10.287
86 3 1 38.048 11.025 37.377 10.187
87 3 1 38.057 10.943 37.376 10.269
88 3 1 38.020 11.052 37.286 10.141
89 3 1 38.011 10.925 37.331 10.250
90 3 1 37.984 11.043 37.213 10.196
91 3 1 37.966 10.915 37.285 10.241
92 3 1 37.938 11.052 37.195 10.150
93 3 1 37.811 10.997 37.194 10.223
94 3 1 37.757 10.970 37.112 10.277
95 3 1 37.656 10.970 36.949 10.214
96 3 1 37.638 10.924 36.976 10.250
97 3 1 37.602 10.915 36.939 10.241
98 3 1 37.529 10.952 36.848 10.250
99 3 1 37.529 10.942 36.830 10.195
100 3 1 37.575 10.997 36.739 10.077
101 3 1 37.502 10.897 36.839 10.223
102 3 1 37.520 10.952 36.694 10.077
103 3 1 37.474 10.988 36.685 10.077
104 3 1 37.447 10.988 36.703 10.031
105 3 1 37.438 10.851 36.776 10.177
106 3 1 37.411 10.833 36.748 10.159
107 3 1 37.375 10.815 36.712 10.140
108 3 1 37.338 10.797 36.676 10.122
109 3 1 37.302 10.778 36.639 10.104
110 3 1 37.275 10.760 36.612 10.086
111 3 1 37.202 10.833 36.640 9.940
112 3 1 37.165 10.824 36.640 9.949
113 3 1 37.102 10.760 36.548 9.995
114 3 1 37.029 10.796 36.558 9.840
115 3 1 37.020 10.724 36.494 9.821
116 3 1 36.984 10.705 36.439 9.840
117 3 1 36.947 10.696 36.276 9.803
118 3 1 36.929 10.687 36.230 9.858
119 3 1 36.938 10.660 36.257 9.794
120 3 1 36.920 10.687 36.257 9.830
121 3 1 37.093 10.651 36.439 9.976
122 3 1 37.066 10.642 36.412 9.967
123 3 1 37.020 10.623 36.366 9.949
124 3 1 36.993 10.614 36.339 9.940
125 3 1 36.957 10.605 36.303 9.930
126 3 1 36.929 10.596 36.275 9.921
127 3 1 36.902 10.587 36.248 9.912
128 3 1 36.692 10.587 35.984 9.894
129 3 1 36.665 10.578 36.011 9.903
130 3 1 36.638 10.569 35.984 9.894
131 3 1 36.620 10.541 35.965 9.866
132 3 1 36.583 10.532 35.929 9.857
133 3 1 36.547 10.505 35.893 9.830
134 3 1 36.520 10.486 35.865 9.812
135 3 1 36.474 10.468 35.820 9.793
136 3 1 36.447 10.441 35.793 9.766
137 3 1 36.401 10.413 35.747 9.738
139 3 1 36.347 10.386 35.692 9.711
140 3 1 36.320 10.368 35.665 9.693
141 3 1 36.283 10.359 35.629 9.684
143 3 1 36.274 10.350 35.620 9.675
144 3 1 36.238 10.340 35.583 9.665
145 3 1 36.210 10.340 35.556 9.665
146 3 1 36.183 10.331 35.528 9.656
147 3 1 36.156 10.322 35.501 9.647
149 3 1 36.092 10.313 35.437 9.638
150 3 1 36.065 10.304 35.410 9.629
151 3 1 36.019 10.313 35.364 9.638
152 3 1 35.992 10.304 35.337 9.629
154 3 1 35.919 10.304 35.264 9.629
155 3 1 35.873 10.322 35.218 9.647
156 3 1 35.846 10.322 35.191 9.647
157 3 1 35.800 10.322 35.145 9.647
158 3 1 35.782 10.322 35.127 9.647
159 3 1 35.745 10.322 35.090 9.647
160 3 1 35.718 10.322 35.063 9.647
161 3 1 35.672 10.322 35.017 9.646
163 3 1 35.609 10.322 34.954 9.646
164 3 1 35.572 10.322 34.917 9.646
165 3 1 35.563 10.358 34.580 9.409
166 3 1 35.536 10.312 34.881 9.637
167 3 1 35.508 10.312 34.853 9.637
168 3 1 35.481 10.312 34.826 9.637
169 3 1 35.435 10.312 34.780 9.637
170 3 1 35.453 10.340 34.424 9.527
171 3 1 35.453 10.358 34.507 9.509
173 3 1 35.372 10.285 34.716 9.610
174 3 1 35.335 10.285 34.680 9.610
175 3 1 35.299 10.285 34.643 9.610
176 3 1 35.262 10.285 34.607 9.609
177 3 1 35.235 10.276 34.579 9.600
179 3 1 35.226 10.267 34.570 9.591
181 3 1 35.180 10.257 34.525 9.582
182 3 1 35.153 10.248 34.497 9.573
183 3 1 35.116 10.248 34.461 9.573
184 3 1 35.080 10.257 34.424 9.582
185 3 1 35.043 10.257 34.388 9.582
186 3 1 34.851 10.330 34.141 9.600
187 3 1 34.906 10.321 33.940 9.536
189 3 1 34.870 10.312 33.986 9.490
190 3 1 34.797 10.266 34.141 9.591
191 3 1 34.787 10.348 33.959 9.399
192 3 1 34.705 10.348 33.932 9.344
194 3 1 34.696 10.230 34.041 9.554
195 3 1 34.431 10.266 33.757 9.554
197 3 1 34.422 10.248 33.767 9.572
198 3 1 34.395 10.248 33.739 9.572
199 3 1 34.368 10.238 33.712 9.563
200 3 1 34.322 10.229 33.666 9.554
201 3 1 34.295 10.229 33.639 9.553
202 3 1 34.258 10.229 33.602 9.553
203 3 1 34.267 10.320 33.383 9.498
204 3 1 34.258 10.320 33.364 9.571
205 3 1 34.276 10.330 33.346 9.562
206 3 1 34.303 10.311 33.346 9.590
19 3 1 40.591 10.817 39.831 10.153
64 3 1 38.975 11.025 38.250 10.351
72 3 1 38.793 10.970 38.068 10.297
138 3 1 36.383 10.404 35.729 9.729
162 3 1 35.645 10.322 34.990 9.646
172 3 1 35.526 10.340 34.488 9.582
180 3 1 35.198 10.267 34.543 9.591
188 3 1 34.879 10.294 33.995 9.472
193 3 1 34.733 10.239 34.077 9.563
148 3 1 36.119 10.322 35.465 9.647
153 3 1 35.946 10.313 35.291 9.638
0 4 1 41.592 12.734 40.842 11.917
1 4 1 41.619 12.761 40.833 11.908
2 4 1 41.583 12.761 40.797 11.908
3 4 1 41.565 12.743 40.779 11.889
4 4 1 41.520 12.725 40.733 11.871
5 4 1 41.465 12.707 40.679 11.853
6 4 1 41.447 12.689 40.661 11.835
7 4 1 41.402 12.689 40.616 11.835
8 4 1 41.375 12.689 40.588 11.835
9 4 1 41.348 12.689 40.561 11.835
10 4 1 41.302 12.671 40.516 11.817
11 4 1 41.293 12.643 40.507 11.789
12 4 1 41.248 12.671 40.462 11.817
13 4 1 41.203 12.671 40.416 11.817
14 4 1 41.148 12.644 40.362 11.789
15 4 1 41.148 12.671 40.362 11.817
16 4 1 41.139 12.653 40.353 11.798
17 4 1 41.103 12.671 40.316 11.817
18 4 1 41.031 12.562 40.153 11.935
20 4 1 40.967 12.625 40.144 11.880
21 4 1 40.931 12.635 40.107 11.889
22 4 1 40.913 12.644 40.089 11.898
23 4 1 40.895 12.635 40.071 11.889
24 4 1 40.840 12.644 40.017 11.898
25 4 1 40.840 12.635 40.017 11.889
26 4 1 40.804 12.644 39.980 11.898
27 4 1 40.768 12.635 39.944 11.889
28 4 1 40.731 12.644 39.908 11.898
29 4 1 40.695 12.635 39.871 11.889
30 4 1 40.659 12.626 39.835 11.880
31 4 1 40.623 12.616 39.799 11.871
32 4 1 40.604 12.607 39.781 11.862
33 4 1 40.568 12.598 39.745 11.853
34 4 1 40.550 12.607 39.726 11.862
35 4 1 40.532 12.580 39.708 11.835
36 4 1 40.496 12.571 39.672 11.826
37 4 1 40.459 12.562 39.636 11.817
38 4 1 40.423 12.553 39.599 11.808
39 4 1 40.369 12.544 39.545 11.798
40 4 1 40.333 12.535 39.509 11.789
41 4 1 40.296 12.526 39.472 11.780
42 4 1 40.260 12.535 39.436 11.789
43 4 1 40.224 12.526 39.400 11.780
44 4 1 40.187 12.553 39.363 11.807
45 4 1 40.151 12.544 39.327 11.798
46 4 1 40.115 12.553 39.291 11.807
47 4 1 40.124 12.489 39.472 11.744
48 4 1 40.178 12.489 39.391 11.744
49 4 1 40.142 12.480 39.354 11.735
50 4 1 40.106 12.471 39.318 11.726
51 4 1 40.088 12.480 39.300 11.735
52 4 1 40.070 12.471 39.282 11.726
53 4 1 40.033 12.480 39.245 11.735
54 4 1 39.979 12.489 39.191 11.744
55 4 1 39.924 12.499 39.136 11.753
56 4 1 39.870 12.489 39.082 11.744
57 4 1 39.815 12.499 39.027 11.753
58 4 1 39.779 12.490 38.991 11.744
59 4 1 39.761 12.499 38.973 11.753
60 4 1 39.725 12.490 38.936 11.744
61 4 1 39.688 12.480 38.900 11.735
62 4 1 39.634 12.471 38.846 11.726
63 4 1 39.597 12.480 38.809 11.735
65 4 1 39.316 12.572 38.746 11.771
66 4 1 39.297 12.599 38.718 11.771
67 4 1 39.252 12.608 38.663 11.871
68 4 1 39.306 12.608 38.618 11.862
69 4 1 39.270 12.608 38.582 11.862
70 4 1 39.234 12.617 38.545 11.871
71 4 1 39.188 12.626 38.500 11.880
73 4 1 39.107 12.626 38.418 11.880
74 4 1 39.070 12.626 38.382 11.880
75 4 1 39.025 12.626 38.336 11.880
76 4 1 38.988 12.635 38.300 11.889
77 4 1 38.952 12.644 38.263 11.898
78 4 1 38.916 12.654 38.227 11.908
80 4 1 38.907 12.644 38.218 11.898
81 4 1 38.870 12.654 38.181 11.908
82 4 1 38.725 12.690 38.145 11.889
83 4 1 38.661 12.754 38.127 11.871
84 4 1 38.725 12.681 38.063 11.926
85 4 1 38.688 12.690 38.027 11.935
86 4 1 38.652 12.708 37.990 11.953
87 4 1 38.606 12.726 37.945 11.971
88 4 1 38.570 12.754 37.908 11.999
89 4 1 38.534 12.781 37.872 12.026
90 4 1 38.497 12.799 37.835 12.044
91 4 1 38.461 12.818 37.799 12.062
92 4 1 38.433 12.845 37.772 12.090
93 4 1 38.370 12.909 37.808 12.099
94 4 1 38.406 12.881 37.753 12.126
95 4 1 38.370 12.899 37.717 12.144
96 4 1 38.342 12.909 37.690 12.153
97 4 1 38.315 12.927 37.662 12.172
98 4 1 38.279 12.936 37.626 12.181
99 4 1 38.242 12.945 37.589 12.190
100 4 1 38.206 12.954 37.553 12.199
101 4 1 38.169 12.963 37.516 12.208
102 4 1 38.133 12.972 37.480 12.217
103 4 1 38.106 12.982 37.453 12.226
104 4 1 38.078 12.982 37.425 12.226
105 4 1 38.033 12.991 37.380 12.235
106 4 1 38.006 13.000 37.353 12.244
107 4 1 37.960 13.000 37.307 12.244
109 4 1 37.951 12.991 37.298 12.235
110 4 1 37.915 13.000 37.262 12.244
111 4 1 37.887 13.009 37.234 12.254
112 4 1 37.842 13.018 37.189 12.263
114 4 1 37.833 13.009 37.180 12.254
115 4 1 37.805 13.018 37.152 12.263
116 4 1 37.778 13.027 37.125 12.272
117 4 1 37.760 13.036 37.107 12.281
118 4 1 37.723 13.046 37.070 12.290
119 4 1 37.687 13.064 37.034 12.308
120 4 1 37.660 13.073 37.006 12.317
121 4 1 37.614 13.082 36.961 12.326
122 4 1 37.587 13.100 36.933 12.345
123 4 1 37.541 13.109 36.888 12.354
124 4 1 37.514 13.128 36.861 12.372
125 4 1 37.468 13.137 36.815 12.381
126 4 1 37.441 13.146 36.788 12.390
127 4 1 37.405 13.155 36.751 12.399
128 4 1 37.341 13.246 36.678 12.545
130 4 1 37.331 13.264 36.678 12.518
131 4 1 37.295 13.273 36.641 12.527
132 4 1 37.268 13.283 36.614 12.536
133 4 1 37.250 13.273 36.596 12.527
134 4 1 37.222 13.283 36.569 12.536
135 4 1 37.177 13.283 36.523 12.536
136 4 1 37.149 13.283 36.496 12.536
137 4 1 37.113 13.274 36.459 12.527
139 4 1 37.058 13.264 36.405 12.518
140 4 1 37.013 13.265 36.359 12.518
141 4 1 36.986 13.255 36.332 12.509
142 4 1 36.940 13.255 36.286 12.509
143 4 1 36.904 13.246 36.250 12.500
144 4 1 36.867 13.237 36.213 12.491
145 4 1 36.831 13.237 36.177 12.491
146 4 1 36.803 13.228 36.150 12.482
149 4 1 36.749 13.219 36.095 12.472
150 4 1 36.712 13.219 36.058 12.472
152 4 1 36.703 13.210 36.049 12.463
154 4 1 36.640 13.210 35.986 12.463
155 4 1 36.603 13.210 35.949 12.463
156 4 1 36.412 13.174 35.739 12.473
157 4 1 36.403 13.192 35.748 12.454
158 4 1 36.375 13.192 35.721 12.454
159 4 1 36.348 13.192 35.694 12.454
160 4 1 36.302 13.192 35.648 12.454
161 4 1 36.275 13.192 35.621 12.454
163 4 1 36.202 13.201 35.548 12.464
164 4 1 36.175 13.192 35.520 12.454
165 4 1 36.148 13.192 35.493 12.454
166 4 1 36.093 13.192 35.438 12.454
168 4 1 36.084 13.183 35.429 12.445
169 4 1 36.047 13.174 35.393 12.436
170 4 1 36.020 13.165 35.365 12.427
171 4 1 35.993 13.156 35.338 12.418
173 4 1 35.929 13.147 35.274 12.409
174 4 1 35.902 13.129 35.247 12.391
175 4 1 35.874 13.120 35.220 12.382
177 4 1 35.865 13.110 35.211 12.372
178 4 1 35.838 13.101 35.183 12.363
179 4 1 35.792 13.092 35.138 12.354
181 4 1 35.719 13.065 35.065 12.327
182 4 1 35.692 13.056 35.037 12.318
183 4 1 35.656 13.038 35.001 12.300
184 4 1 35.619 13.029 34.964 12.290
186 4 1 35.483 12.910 34.873 12.181
187 4 1 35.501 12.910 34.855 12.181
189 4 1 35.464 12.901 34.819 12.172
191 4 1 35.455 12.892 34.810 12.163
192 4 1 35.437 12.883 34.791 12.154
194 4 1 35.382 12.874 34.737 12.145
195 4 1 35.154 12.874 34.490 12.117
197 4 1 35.145 12.856 34.499 12.126
198 4 1 35.109 12.856 34.463 12.126
199 4 1 35.072 12.847 34.426 12.117
200 4 1 35.036 12.856 34.390 12.126
201 4 1 34.999 12.847 34.353 12.117
202 4 1 34.963 12.847 34.317 12.117
204 4 1 34.954 12.838 34.308 12.108
205 4 1 34.935 12.828 34.289 12.099
206 4 1 34.917 12.828 34.271 12.099
19 4 1 41.003 12.616 40.180 11.871
64 4 1 39.388 12.590 38.800 11.735
72 4 1 39.143 12.617 38.454 11.871
138 4 1 37.086 13.283 36.432 12.536
162 4 1 36.239 13.192 35.584 12.454
172 4 1 35.965 13.156 35.311 12.418
180 4 1 35.765 13.074 35.110 12.336
188 4 1 35.483 12.901 34.837 12.172
193 4 1 35.410 12.883 34.764 12.154
148 4 1 36.794 13.219 36.140 12.472
153 4 1 36.676 13.210 36.022 12.463
0 5 2 50.845 10.877 49.061 10.180
1 5 2 50.783 10.877 49.025 10.216
2 5 2 50.729 10.904 48.953 10.170
3 5 2 50.639 10.886 48.827 10.198
4 5 2 50.469 10.922 48.683 10.243
5 5 2 50.424 10.949 48.629 10.270
6 5 2 50.352 10.922 48.540 10.224
7 5 2 50.334 10.913 48.558 10.233
8 5 2 50.235 10.931 48.459 10.251
9 5 2 50.119 10.931 48.342 10.251
10 5 2 49.768 10.994 48.144 10.305
11 5 2 49.723 11.012 47.982 10.351
12 5 2 49.571 11.030 47.865 10.341
13 5 2 49.391 11.039 47.694 10.359
14 5 2 49.355 11.039 47.640 10.387
15 5 2 49.202 11.084 47.514 10.405
16 5 2 49.113 11.075 47.442 10.359
17 5 2 49.023 11.084 47.334 10.395
18 5 2 49.032 11.066 47.343 10.404
20 5 2 48.798 11.066 47.109 10.404
21 5 2 48.582 11.093 46.892 10.467
22 5 2 48.438 11.057 46.802 10.449
23 5 2 48.330 11.156 46.694 10.458
24 5 2 48.285 11.156 46.514 10.485
25 5 2 48.060 11.147 46.388 10.467
26 5 2 47.943 11.165 46.379 10.467
27 5 2 47.818 11.111 46.171 10.503
28 5 2 47.836 11.120 46.180 10.485
29 5 2 47.664 11.210 46.054 10.521
30 5 2 47.683 11.174 46.036 10.539
31 5 2 47.574 11.183 45.928 10.548
32 5 2 47.466 11.210 45.819 10.575
33 5 2 47.286 11.192 45.594 10.611
34 5 2 47.268 11.210 45.621 10.584
35 5 2 47.160 11.210 45.513 10.584
36 5 2 46.953 11.274 45.224 10.511
37 5 2 46.728 11.264 45.170 10.539
38 5 2 46.710 11.237 45.062 10.548
39 5 2 46.701 11.201 45.062 10.575
40 5 2 46.502 11.319 44.926 10.566
41 5 2 46.385 11.319 44.755 10.565
42 5 2 46.376 11.337 44.673 10.602
43 5 2 46.214 11.346 44.574 10.593
44 5 2 46.043 11.355 44.484 10.574
45 5 2 45.943 11.382 44.339 10.610
46 5 2 45.953 11.300 44.339 10.674
47 5 2 45.826 11.382 44.176 10.674
48 5 2 45.709 11.391 44.068 10.638
49 5 2 45.501 11.418 43.914 10.692
50 5 2 45.420 11.436 43.815 10.719
51 5 2 45.339 11.427 43.743 10.728
52 5 2 45.312 11.427 43.715 10.746
53 5 2 45.276 11.436 43.634 10.746
54 5 2 45.249 11.400 43.652 10.773
55 5 2 45.059 11.454 43.408 10.791
56 5 2 44.915 11.463 43.227 10.837
57 5 2 44.879 11.454 43.281 10.828
58 5 2 44.788 11.454 43.191 10.827
59 5 2 44.698 11.472 43.100 10.846
60 5 2 44.608 11.472 43.010 10.846
61 5 2 44.581 11.481 42.938 10.809
62 5 2 44.454 11.490 42.793 10.809
63 5 2 44.400 11.490 42.720 10.809
65 5 2 44.274 11.454 42.675 10.827
66 5 2 44.030 11.508 42.358 10.863
67 5 2 43.975 11.517 42.295 10.891
68 5 2 43.939 11.508 42.340 10.881
69 5 2 43.731 11.526 41.960 10.890
70 5 2 43.840 11.499 42.240 10.872
71 5 2 43.749 11.499 42.150 10.872
73 5 2 43.424 11.508 41.724 10.827
74 5 2 43.388 11.481 41.788 10.854
75 5 2 43.370 11.526 41.643 10.890
76 5 2 43.180 11.535 41.489 10.908
77 5 2 42.972 11.554 41.280 10.899
78 5 2 42.926 11.554 41.271 10.890
79 5 2 42.763 11.572 41.063 10.926
80 5 2 42.682 11.563 41.090 10.863
81 5 2 42.609 11.617 41.090 10.926
82 5 2 42.637 11.599 41.035 10.908
83 5 2 42.546 11.599 40.827 10.908
84 5 2 42.456 11.572 40.772 10.917
85 5 2 42.356 11.599 40.591 10.926
86 5 2 42.402 11.544 40.818 10.917
87 5 2 42.311 11.544 40.727 10.917
88 5 2 42.239 11.544 40.655 10.917
89 5 2 41.958 11.608 40.382 10.926
90 5 2 41.885 11.590 40.210 10.944
91 5 2 41.858 11.571 40.137 10.935
92 5 2 41.749 11.590 40.029 10.926
93 5 2 41.822 11.553 40.246 10.926
94 5 2 41.595 11.599 39.865 10.935
95 5 2 41.731 11.544 40.156 10.917
96 5 2 41.650 11.544 40.074 10.917
97 5 2 41.550 11.544 39.974 10.916
98 5 2 41.469 11.544 39.892 10.916
99 5 2 41.369 11.544 39.793 10.916
100 5 2 41.306 11.544 39.729 10.916
101 5 2 41.079 11.608 39.338 10.953
102 5 2 40.979 11.617 39.084 10.898
103 5 2 40.852 11.553 39.293 10.889
104 5 2 40.725 11.599 39.129 10.962
105 5 2 40.771 11.608 39.011 10.952
106 5 2 40.580 11.589 38.984 10.898
107 5 2 40.444 11.571 38.812 10.916
108 5 2 40.453 11.598 38.730 10.943
109 5 2 40.498 11.644 38.621 10.961
110 5 2 40.453 11.544 38.884 10.916
111 5 2 40.381 11.544 38.812 10.916
112 5 2 40.290 11.544 38.721 10.916
113 5 2 40.217 11.544 38.648 10.916
114 5 2 40.127 11.544 38.557 10.916
115 5 2 39.909 11.626 38.293 10.906
116 5 2 39.818 11.598 38.148 10.925
117 5 2 39.627 11.607 38.084 10.925
118 5 2 39.418 11.607 37.984 10.924
119 5 2 39.636 11.562 38.075 10.934
120 5 2 39.246 11.626 37.830 10.906
121 5 2 39.527 11.553 37.966 10.924
122 5 2 39.428 11.553 37.866 10.924
123 5 2 39.309 11.553 37.748 10.924
124 5 2 39.191 11.553 37.629 10.924
125 5 2 39.073 11.553 37.511 10.924
126 5 2 38.955 11.535 37.393 10.906
127 5 2 38.591 11.625 37.101 10.915
128 5 2 38.828 11.507 37.265 10.879
129 5 2 38.492 11.553 36.874 10.942
130 5 2 38.464 11.553 36.901 10.933
131 5 2 38.346 11.544 36.783 10.924
132 5 2 38.246 11.534 36.682 10.915
133 5 2 38.110 11.543 36.546 10.924
134 5 2 37.828 11.571 36.254 10.896
135 5 2 37.828 11.534 36.263 10.914
136 5 2 37.710 11.525 36.145 10.905
137 5 2 37.609 11.516 36.045 10.896
139 5 2 37.373 11.498 35.808 10.878
140 5 2 37.236 11.507 35.671 10.887
141 5 2 37.136 11.498 35.571 10.878
142 5 2 37.000 11.489 35.434 10.868
143 5 2 36.772 11.470 35.005 10.859
144 5 2 36.872 11.470 35.306 10.850
145 5 2 36.736 11.461 35.169 10.841
146 5 2 36.599 11.470 35.032 10.850
147 5 2 36.462 11.461 34.895 10.841
149 5 2 36.189 11.443 34.622 10.822
150 5 2 36.034 11.452 34.466 10.831
151 5 2 35.897 11.443 34.329 10.822
152 5 2 35.760 11.434 34.192 10.813
154 5 2 35.487 11.415 33.918 10.795
155 5 2 35.368 11.406 33.800 10.785
156 5 2 35.232 11.397 33.663 10.776
157 5 2 35.095 11.388 33.525 10.767
158 5 2 34.940 11.379 33.370 10.758
159 5 2 34.821 11.370 33.251 10.749
160 5 2 34.684 11.379 33.114 10.758
161 5 2 34.565 11.351 32.995 10.730
163 5 2 34.255 11.351 32.684 10.730
164 5 2 34.100 11.360 32.529 10.739
165 5 2 33.944 11.351 32.373 10.730
166 5 2 33.789 11.342 32.217 10.720
167 5 2 33.634 11.333 32.062 10.711
168 5 2 33.460 11.342 31.888 10.720
169 5 2 33.304 11.351 31.732 10.729
170 5 2 33.149 11.360 31.576 10.738
171 5 2 32.993 11.369 31.421 10.747
173 5 2 32.701 11.369 31.127 10.747
174 5 2 32.545 11.378 30.972 10.756
175 5 2 32.408 11.387 30.834 10.765
176 5 2 32.234 11.396 30.660 10.774
177 5 2 32.097 11.387 30.522 10.765
178 5 2 31.941 11.396 30.366 10.774
179 5 2 31.785 11.387 30.210 10.765
181 5 2 31.455 11.387 29.880 10.765
182 5 2 31.281 11.396 29.706 10.774
183 5 2 31.107 11.405 29.531 10.783
184 5 2 30.933 11.396 29.357 10.773
185 5 2 30.777 11.387 29.201 10.764
186 5 2 30.603 11.396 29.026 10.773
187 5 2 30.447 11.387 28.870 10.764
189 5 2 30.117 11.350 28.539 10.727
190 5 2 29.943 11.359 28.364 10.736
191 5 2 29.787 11.331 28.208 10.709
192 5 2 29.612 11.322 28.033 10.699
194 5 2 29.282 11.304 27.702 10.681
195 5 2 29.107 11.295 27.528 10.672
196 5 2 28.933 11.285 27.353 10.662
197 5 2 28.776 11.276 27.196 10.653
198 5 2 28.602 11.267 27.021 10.644
199 5 2 28.446 11.258 26.865 10.635
200 5 2 28.271 11.249 26.690 10.625
201 5 2 28.115 11.221 26.533 10.598
202 5 2 27.958 11.212 26.377 10.588
203 5 2 27.802 11.184 26.220 10.561
204 5 2 27.609 11.175 26.027 10.551
205 5 2 27.453 11.148 25.870 10.524
206 5 2 27.278 11.138 25.695 10.515
19 5 2 48.915 11.084 47.226 10.422
64 5 2 44.364 11.454 42.766 10.827
72 5 2 43.677 11.517 42.077 10.890
138 5 2 37.491 11.525 35.926 10.905
162 5 2 34.410 11.342 32.840 10.721
172 5 2 32.838 11.378 31.265 10.756
180 5 2 31.611 11.396 30.036 10.774
188 5 2 30.273 11.377 28.695 10.755
193 5 2 29.456 11.313 27.877 10.690
148 5 2 36.326 11.452 34.759 10.832
153 5 2 35.624 11.424 34.055 10.804
0 6 1 42.289 9.837 41.485 8.991
1 6 1 42.279 9.928 41.648 9.037
2 6 1 42.325 9.864 41.394 8.991
3 6 1 42.307 9.919 41.413 8.955
4 6 1 42.261 9.883 41.458 8.982
5 6 1 42.225 9.882 41.422 8.982
6 6 1 42.189 9.882 41.385 8.982
7 6 1 42.153 9.882 41.349 8.982
8 6 1 42.117 9.882 41.313 8.982
9 6 1 42.080 9.882 41.277 8.982
10 6 1 42.017 9.801 40.932 9.090
11 6 1 42.017 9.810 41.013 9.081
12 6 1 42.017 9.855 40.977 9.081
13 6 1 41.944 9.873 41.050 9.054
14 6 1 41.908 9.882 41.013 9.063
15 6 1 41.863 9.864 41.086 9.036
16 6 1 41.908 9.855 41.032 9.036
17 6 1 41.872 9.864 40.995 9.045
18 6 1 41.700 9.936 40.878 8.963
20 6 1 41.673 9.873 40.823 9.036
21 6 1 41.609 9.936 40.959 9.000
22 6 1 41.591 9.927 40.841 8.963
23 6 1 41.510 9.882 40.769 9.008
24 6 1 41.510 9.909 40.751 9.054
25 6 1 41.392 9.891 40.624 9.054
26 6 1 41.346 9.891 40.514 9.172
27 6 1 41.283 9.927 40.478 9.099
28 6 1 41.256 9.927 40.478 9.099
29 6 1 41.256 9.936 40.442 9.053
30 6 1 41.238 9.936 40.433 9.126
31 6 1 41.219 9.963 40.397 9.117
32 6 1 41.192 9.945 40.397 9.099
33 6 1 41.192 9.945 40.433 9.008
34 6 1 41.129 9.963 40.415 9.053
35 6 1 41.084 9.927 40.369 9.099
36 6 1 41.038 9.954 40.360 9.080
37 6 1 40.993 9.954 40.360 9.080
38 6 1 40.929 9.972 40.324 9.126
39 6 1 40.893 9.954 40.315 9.099
40 6 1 40.829 9.990 40.215 9.089
41 6 1 40.884 9.945 40.170 9.126
42 6 1 40.793 10.008 40.170 9.098
43 6 1 40.784 9.935 40.124 9.144
44 6 1 40.693 9.981 40.197 9.117
45 6 1 40.712 9.999 40.170 9.153
46 6 1 40.784 9.972 40.097 9.162
47 6 1 40.739 9.972 40.052 9.162
48 6 1 40.657 9.981 39.680 9.143
49 6 1 40.630 9.944 39.634 9.097
50 6 1 40.585 9.981 39.689 9.143
51 6 1 40.666 9.944 39.979 9.134
52 6 1 40.621 9.944 39.934 9.134
53 6 1 40.385 9.980 39.716 9.125
54 6 1 40.258 9.971 39.671 9.052
55 6 1 40.267 9.953 39.680 9.116
56 6 1 40.231 9.980 39.661 9.116
57 6 1 40.185 9.971 39.616 9.052
58 6 1 40.149 9.962 39.607 9.079
59 6 1 40.077 9.953 39.562 9.061
60 6 1 40.022 9.998 39.507 9.034
61 6 1 39.995 9.907 39.207 9.115
62 6 1 40.113 9.889 39.489 9.079
63 6 1 40.077 9.889 39.453 9.079
65 6 1 39.922 9.953 39.098 9.133
66 6 1 39.941 9.916 39.025 9.169
67 6 1 39.795 9.943 39.099 9.051
68 6 1 39.759 9.898 39.144 9.088
69 6 1 39.714 9.925 39.080 9.042
70 6 1 39.677 9.889 39.053 9.033
71 6 1 39.668 9.861 39.053 9.051
73 6 1 39.568 9.916 39.026 8.951
74 6 1 39.541 10.034 38.981 8.915
75 6 1 39.478 9.888 38.917 8.887
76 6 1 39.478 9.916 38.863 8.887
77 6 1 39.496 9.943 38.808 8.869
78 6 1 39.450 9.861 38.836 8.851
79 6 1 39.578 9.789 38.962 8.978
80 6 1 39.369 9.788 38.781 8.796
81 6 1 39.542 9.761 38.926 8.951
82 6 1 39.351 9.779 38.718 8.705
83 6 1 39.505 9.725 38.890 8.914
84 6 1 39.404 10.143 38.664 8.505
85 6 1 39.287 9.943 38.655 8.541
86 6 1 39.451 9.679 38.836 8.869
87 6 1 39.424 9.643 38.808 8.832
88 6 1 39.406 9.616 38.790 8.805
90 6 1 39.079 9.406 38.500 8.559
91 6 1 39.106 9.470 38.464 8.395
92 6 1 39.025 9.479 38.410 8.331
93 6 1 39.007 9.442 38.319 8.367
94 6 1 38.970 9.451 38.274 8.294
95 6 1 39.061 9.351 38.455 8.541
96 6 1 39.034 9.324 38.427 8.513
97 6 1 38.998 9.297 38.391 8.486
98 6 1 38.971 9.260 38.364 8.449
99 6 1 38.916 9.287 38.156 8.176
100 6 1 38.925 9.333 38.183 8.112
101 6 1 38.825 9.224 38.164 8.258
102 6 1 38.907 9.206 38.301 8.395
103 6 1 38.880 9.169 38.273 8.358
104 6 1 38.853 9.142 38.246 8.331
105 6 1 38.681 8.905 38.056 8.148
106 6 1 38.672 8.932 38.065 8.130
107 6 1 38.626 8.914 38.038 8.012
108 6 1 38.636 8.859 38.038 8.057
109 6 1 38.608 8.832 38.011 8.030
110 6 1 38.572 8.796 37.974 7.993
111 6 1 38.545 8.759 37.947 7.957
112 6 1 38.527 8.732 37.929 7.930
113 6 1 38.500 8.704 37.902 7.902
114 6 1 38.463 8.668 37.865 7.866
115 6 1 38.436 8.632 37.838 7.829
116 6 1 38.418 8.595 37.820 7.793
117 6 1 38.391 8.568 37.793 7.766
118 6 1 38.355 8.540 37.757 7.738
119 6 1 38.327 8.504 37.729 7.702
120 6 1 38.309 8.486 37.711 7.683
121 6 1 38.282 8.458 37.684 7.656
122 6 1 38.246 8.449 37.648 7.647
123 6 1 38.219 8.422 37.620 7.619
124 6 1 38.191 8.413 37.593 7.610
125 6 1 38.155 8.385 37.557 7.583
126 6 1 38.128 8.376 37.530 7.574
127 6 1 38.101 8.358 37.502 7.555
128 6 1 38.064 8.349 37.466 7.546
129 6 1 38.028 8.349 37.430 7.546
130 6 1 37.991 8.339 37.393 7.537
131 6 1 37.955 8.321 37.357 7.519
132 6 1 37.919 8.321 37.320 7.519
133 6 1 37.882 8.312 37.284 7.509
134 6 1 37.837 8.321 37.238 7.518
135 6 1 37.810 8.312 37.211 7.509
136 6 1 37.764 8.312 37.166 7.509
137 6 1 37.737 8.312 37.138 7.509
139 6 1 37.664 8.293 37.066 7.491
140 6 1 37.619 8.293 37.020 7.491
141 6 1 37.591 8.284 36.993 7.481
142 6 1 37.555 8.266 36.956 7.463
143 6 1 37.519 8.257 36.920 7.454
144 6 1 37.482 8.256 36.883 7.454
145 6 1 37.446 8.247 36.847 7.445
146 6 1 37.409 8.229 36.811 7.426
147 6 1 37.364 8.220 36.765 7.417
149 6 1 37.282 8.211 36.683 7.408
150 6 1 37.237 8.192 36.638 7.389
151 6 1 37.200 8.183 36.601 7.380
152 6 1 37.164 8.183 36.565 7.380
154 6 1 37.073 8.155 36.474 7.353
155 6 1 37.045 8.146 36.447 7.343
156 6 1 37.000 8.155 36.401 7.352
157 6 1 36.973 8.137 36.374 7.334
158 6 1 36.927 8.137 36.328 7.334
159 6 1 36.900 8.137 36.301 7.334
160 6 1 36.863 8.137 36.264 7.334
161 6 1 36.827 8.137 36.228 7.334
163 6 1 36.754 8.146 36.155 7.343
164 6 1 36.708 8.155 36.109 7.352
165 6 1 36.672 8.155 36.073 7.352
166 6 1 36.626 8.164 36.027 7.361
167 6 1 36.581 8.182 35.982 7.379
168 6 1 36.544 8.191 35.945 7.388
169 6 1 36.499 8.191 35.900 7.388
170 6 1 36.444 8.200 35.845 7.397
171 6 1 36.408 8.209 35.808 7.406
173 6 1 36.252 8.300 35.727 7.269
174 6 1 36.317 8.199 35.717 7.396
175 6 1 36.280 8.199 35.681 7.396
176 6 1 36.244 8.199 35.644 7.396
177 6 1 36.207 8.199 35.608 7.396
178 6 1 36.107 8.217 35.517 7.387
179 6 1 36.107 8.199 35.516 7.396
181 6 1 35.988 8.190 35.407 7.386
182 6 1 35.952 8.190 35.371 7.386
183 6 1 35.916 8.190 35.334 7.386
184 6 1 35.879 8.189 35.298 7.386
185 6 1 35.833 8.180 35.252 7.377
186 6 1 35.788 8.189 35.206 7.386
187 6 1 35.751 8.171 35.170 7.367
189 6 1 35.679 8.162 35.097 7.358
190 6 1 35.642 8.171 35.060 7.367
191 6 1 35.606 8.162 35.024 7.358
192 6 1 35.569 8.171 34.987 7.367
194 6 1 35.514 8.271 34.915 7.312
195 6 1 35.487 8.161 34.905 7.358
196 6 1 35.422 8.407 34.869 7.266
197 6 1 35.386 8.353 34.787 7.321
198 6 1 35.432 8.143 34.851 7.339
199 6 1 35.405 8.143 34.823 7.339
200 6 1 35.368 8.152 34.787 7.348
201 6 1 35.332 8.152 34.750 7.348
202 6 1 35.286 8.161 34.704 7.357
203 6 1 35.241 8.179 34.659 7.375
204 6 1 35.204 8.188 34.622 7.384
205 6 1 35.168 8.197 34.586 7.393
206 6 1 35.122 8.215 34.540 7.412
19 6 1 41.618 9.936 40.869 8.972
64 6 1 39.913 9.953 39.298 9.042
72 6 1 39.586 9.970 38.899 8.914
138 6 1 37.691 8.302 37.093 7.500
162 6 1 36.781 8.137 36.182 7.334
172 6 1 36.371 8.209 35.772 7.405
180 6 1 35.979 8.217 35.398 7.368
188 6 1 35.715 8.171 35.133 7.367
193 6 1 35.533 8.161 34.951 7.358
148 6 1 37.337 8.220 36.738 7.417
153 6 1 37.118 8.174 36.519 7.371
