0 0 2 18.878 13.215 20.969 14.146
1 0 2 18.816 13.190 21.006 14.159
2 0 2 19.235 13.376 21.071 13.975
3 0 2 19.346 13.389 21.269 13.988
4 0 2 19.631 13.391 21.567 13.977
5 0 2 19.730 13.403 21.616 13.965
6 0 2 19.718 13.391 21.616 13.977
7 0 2 19.879 13.392 21.777 13.978
8 0 2 20.040 13.392 21.938 13.978
9 0 2 20.227 13.369 22.124 13.955
10 0 2 20.388 13.345 22.285 13.931
11 0 2 20.809 13.347 22.707 13.871
12 0 2 21.007 13.360 22.930 13.872
13 0 2 20.995 13.336 22.892 13.897
14 0 2 21.156 13.336 23.053 13.898
15 0 2 21.367 13.313 23.263 13.874
16 0 2 21.577 13.314 23.350 13.887
17 0 2 21.739 13.278 23.536 13.863
18 0 2 21.925 13.242 23.622 13.876
19 0 2 22.086 13.218 24.006 13.841
20 0 2 22.098 13.255 23.932 13.816
21 0 2 22.271 13.256 24.105 13.816
22 0 2 22.445 13.232 24.278 13.793
23 0 2 22.952 13.247 25.068 13.796
24 0 2 23.137 13.284 25.464 13.786
25 0 2 23.050 13.259 24.895 13.808
26 0 2 23.236 13.248 25.081 13.796
27 0 2 23.446 13.237 25.291 13.785
28 0 2 23.866 13.251 25.809 13.787
29 0 2 23.891 13.251 25.735 13.787
30 0 2 24.076 13.252 25.920 13.788
31 0 2 24.286 13.253 26.130 13.789
32 0 2 24.472 13.229 26.315 13.765
33 0 2 25.051 13.269 26.328 13.716
34 0 2 25.237 13.270 26.390 13.729
35 0 2 24.706 13.255 26.549 13.791
36 0 2 24.891 13.256 26.734 13.792
37 0 2 25.126 13.257 26.968 13.793
38 0 2 25.311 13.258 27.153 13.794
39 0 2 25.953 13.224 27.992 13.748
40 0 2 26.015 13.225 27.869 13.748
41 0 2 26.212 13.213 28.066 13.737
42 0 2 26.409 13.226 28.263 13.750
43 0 2 26.631 13.215 28.485 13.738
44 0 2 26.804 13.204 28.657 13.727
45 0 2 27.051 13.193 28.904 13.716
46 0 2 27.272 13.206 29.125 13.729
47 0 2 27.470 13.195 29.322 13.718
48 0 2 27.667 13.208 29.519 13.731
49 0 2 27.888 13.197 29.740 13.720
50 0 2 28.110 13.186 29.962 13.709
51 0 2 28.307 13.174 30.159 13.697
52 0 2 28.504 13.188 30.355 13.710
53 0 2 29.194 13.166 30.331 13.649
54 0 2 29.232 13.081 30.749 13.651
55 0 2 29.380 13.020 30.946 13.664
56 0 2 29.478 13.045 31.204 13.665
57 0 2 29.428 13.094 31.217 13.616
58 0 2 29.650 13.095 31.438 13.618
59 0 2 30.240 13.123 32.175 13.633
60 0 2 30.276 13.123 32.064 13.633
61 0 2 30.498 13.124 32.285 13.634
62 0 2 30.830 13.113 32.481 13.635
63 0 2 31.174 13.090 32.788 13.673
64 0 2 31.063 13.127 32.825 13.636
65 0 2 31.284 13.128 33.046 13.637
66 0 2 31.751 13.118 33.352 13.663
67 0 2 31.997 13.094 33.548 13.750
68 0 2 31.885 13.167 33.622 13.677
69 0 2 32.106 13.168 33.843 13.678
70 0 2 32.339 13.169 34.076 13.679
71 0 2 32.560 13.183 34.296 13.692
72 0 2 32.781 13.184 34.517 13.693
73 0 2 33.014 13.185 34.750 13.694
74 0 2 33.640 13.139 35.202 13.818
75 0 2 33.811 13.176 35.385 13.819
76 0 2 34.056 13.190 35.630 13.832
77 0 2 34.265 13.179 35.924 13.858
78 0 2 34.595 13.217 36.120 13.871
79 0 2 34.766 13.254 36.279 13.872
80 0 2 34.938 13.267 36.474 13.897
81 0 2 34.876 13.328 36.524 13.837
82 0 2 35.147 13.159 36.830 13.850
83 0 2 35.598 13.332 37.330 13.926
84 0 2 35.965 13.394 37.562 14.000
85 0 2 36.112 13.383 37.806 14.038
86 0 2 36.259 13.384 38.063 14.088
87 0 2 36.601 13.397 38.148 14.137
88 0 2 36.160 13.481 37.794 13.989
89 0 2 36.955 13.533 38.624 14.188
90 0 2 37.126 13.522 38.807 14.201
91 0 2 37.468 13.536 39.161 14.276
92 0 2 37.675 13.683 39.392 14.362
93 0 2 37.798 13.598 39.586 14.485
94 0 2 37.981 13.599 39.880 14.425
95 0 2 38.310 13.771 40.050 14.560
96 0 2 38.444 13.723 40.220 14.622
97 0 2 38.713 13.749 40.489 14.635
98 0 2 38.957 13.787 40.731 14.795
99 0 2 39.152 13.788 40.952 14.735
100 0 2 37.747 13.842 39.380 14.350
101 0 2 39.481 13.887 41.464 14.713
102 0 2 40.054 14.048 41.476 14.713
103 0 2 40.261 14.085 41.866 14.775
104 0 2 40.444 14.135 42.122 14.813
105 0 2 40.602 14.184 42.304 14.826
106 0 2 40.943 14.235 42.475 14.839
107 0 2 41.089 14.223 42.767 14.889
108 0 2 41.309 14.248 43.108 14.902
109 0 2 41.710 14.360 43.217 14.927
110 0 2 41.893 14.324 43.485 14.953
111 0 2 42.027 14.337 43.789 14.990
112 0 2 42.332 14.351 44.045 15.004
113 0 2 42.636 14.376 44.264 15.029
114 0 2 42.855 14.414 44.592 15.018
115 0 2 43.135 14.415 44.823 15.044
116 0 2 43.379 14.404 45.030 15.044
117 0 2 43.537 14.429 45.310 15.058
118 0 2 43.854 14.394 45.504 15.034
119 0 2 44.109 14.419 45.784 15.072
120 0 2 44.328 14.432 45.978 15.048
121 0 2 44.571 14.446 46.270 15.037
122 0 2 44.912 14.411 46.513 15.026
123 0 2 45.070 14.375 46.853 15.064
124 0 2 45.265 14.388 47.023 15.040
125 0 2 45.556 14.377 47.303 15.029
126 0 2 45.788 14.341 47.582 14.994
127 0 2 46.164 14.319 47.740 14.983
128 0 2 46.322 14.295 48.080 14.947
129 0 2 46.662 14.272 48.310 14.948
130 0 2 46.942 14.249 48.553 14.913
131 0 2 47.160 14.226 48.796 14.865
132 0 2 47.415 14.215 48.990 14.830
133 0 2 47.634 14.179 49.244 14.794
134 0 2 47.852 14.156 49.511 14.747
135 0 2 48.131 14.108 49.766 14.711
136 0 2 48.386 14.073 50.044 14.676
137 0 2 48.605 14.038 50.250 14.616
138 0 2 48.859 13.978 50.493 14.605
139 0 2 49.102 13.918 50.735 14.557
140 0 2 49.454 13.847 50.856 14.522
141 0 2 49.611 13.787 51.062 14.474
142 0 2 49.805 13.788 51.449 14.415
143 0 2 49.975 13.752 51.691 14.392
144 0 2 50.266 13.632 51.994 14.308
145 0 2 50.059 13.801 51.607 14.379
146 0 2 50.907 13.587 52.381 14.237
147 0 2 51.101 13.503 52.599 14.177
148 0 2 51.295 13.443 52.756 14.093
149 0 2 51.549 13.347 53.022 14.058
150 0 2 51.512 13.432 53.010 14.009
151 0 2 51.742 13.372 53.239 13.949
152 0 2 52.444 12.939 54.266 13.821
154 0 2 52.540 13.000 54.543 13.761
155 0 2 53.036 12.809 54.953 13.678
157 0 2 52.008 13.349 53.505 13.926
158 0 2 53.278 12.749 55.388 13.632
159 0 2 53.507 12.714 55.617 13.597
160 0 2 53.736 12.679 55.846 13.562
161 0 2 53.990 12.668 56.099 13.551
162 0 2 54.219 12.633 56.328 13.515
163 0 2 54.472 12.622 56.581 13.504
164 0 2 54.701 12.611 56.809 13.493
165 0 2 55.280 12.638 56.833 13.360
166 0 2 55.569 12.567 57.110 13.410
167 0 2 55.376 12.578 57.459 13.363
168 0 2 56.159 12.607 57.483 13.267
169 0 2 55.943 12.569 57.628 13.328
170 0 2 56.569 12.633 58.193 13.548
171 0 2 56.725 12.597 58.386 13.622
172 0 2 56.906 12.622 58.554 13.562
173 0 2 57.207 12.648 58.542 13.248
174 0 2 57.411 12.710 58.927 13.455
175 0 2 57.712 12.796 59.035 13.335
0 1 1 29.933 13.060 31.313 13.776
1 1 1 29.896 13.035 31.338 13.776
2 1 1 30.032 13.011 31.473 13.752
3 1 1 30.143 12.988 31.584 13.728
4 1 1 30.302 13.013 31.743 13.753
5 1 1 30.438 13.013 31.879 13.754
6 1 1 30.573 13.014 32.014 13.755
7 1 1 30.683 13.015 32.124 13.755
8 1 1 30.818 13.015 32.259 13.756
9 1 1 30.880 13.016 32.321 13.756
10 1 1 30.991 12.992 32.431 13.732
11 1 1 31.101 13.017 32.541 13.757
12 1 1 31.495 12.896 33.032 13.759
14 1 1 31.507 12.921 33.020 13.747
15 1 1 31.618 12.921 33.131 13.748
16 1 1 31.753 12.898 33.266 13.724
17 1 1 31.888 12.898 33.401 13.724
18 1 1 31.999 12.899 33.511 13.725
19 1 1 32.134 12.899 33.646 13.726
20 1 1 32.244 12.924 33.756 13.751
21 1 1 32.379 12.925 33.891 13.751
22 1 1 32.514 12.926 34.026 13.752
23 1 1 32.649 12.926 34.161 13.752
24 1 1 32.784 12.927 34.296 13.753
25 1 1 32.919 12.928 34.430 13.754
26 1 1 33.054 12.928 34.565 13.754
27 1 1 33.189 12.929 34.700 13.755
28 1 1 33.299 12.905 34.811 13.731
29 1 1 33.459 12.906 34.970 13.732
30 1 1 33.569 12.907 35.080 13.732
31 1 1 33.679 12.907 35.190 13.733
32 1 1 33.789 12.932 35.300 13.758
33 1 1 33.924 12.933 35.435 13.758
34 1 1 34.034 12.933 35.545 13.759
35 1 1 34.169 12.934 35.680 13.759
36 1 1 34.280 12.935 35.790 13.760
37 1 1 34.414 12.935 35.925 13.761
38 1 1 34.525 12.936 36.035 13.761
39 1 1 34.635 12.912 36.145 13.737
40 1 1 34.745 12.912 36.255 13.738
41 1 1 34.880 12.913 36.390 13.738
42 1 1 34.966 12.913 36.476 13.739
43 1 1 35.125 12.939 36.635 13.764
44 1 1 35.235 12.939 36.745 13.764
45 1 1 35.394 12.940 36.904 13.765
46 1 1 35.504 12.941 37.014 13.766
47 1 1 35.639 12.941 37.148 13.766
48 1 1 35.749 12.917 37.259 13.742
49 1 1 36.006 12.955 37.235 13.657
50 1 1 36.226 12.932 37.259 13.693
51 1 1 36.483 13.006 37.430 13.719
52 1 1 36.251 12.969 37.638 13.756
53 1 1 36.361 12.981 37.747 13.769
54 1 1 36.873 13.094 37.737 13.610
55 1 1 36.483 13.006 37.870 13.794
56 1 1 36.899 12.996 38.151 13.710
57 1 1 36.973 12.911 38.175 13.759
58 1 1 36.924 12.850 38.396 13.662
59 1 1 36.973 12.887 38.323 13.662
60 1 1 37.071 12.887 38.421 13.662
61 1 1 37.169 12.888 38.518 13.663
62 1 1 37.266 12.888 38.616 13.663
63 1 1 37.389 12.889 38.738 13.664
64 1 1 37.803 12.988 39.044 13.665
65 1 1 37.730 12.939 39.068 13.702
66 1 1 37.840 12.952 39.177 13.715
67 1 1 37.950 12.940 39.287 13.703
68 1 1 38.060 12.929 39.397 13.691
69 1 1 38.535 13.187 39.788 13.656
70 1 1 38.473 13.199 39.813 13.656
71 1 1 38.718 13.127 39.934 13.730
72 1 1 38.792 13.066 40.019 13.804
73 1 1 39.012 13.019 40.263 13.768
74 1 1 38.963 13.043 40.251 13.768
75 1 1 39.097 13.044 40.385 13.769
76 1 1 39.207 13.068 40.495 13.794
77 1 1 39.341 13.094 40.629 13.819
78 1 1 39.451 13.070 40.739 13.795
79 1 1 39.561 13.070 40.849 13.795
80 1 1 39.671 13.071 40.958 13.796
81 1 1 39.781 13.047 41.068 13.772
82 1 1 39.891 13.023 41.178 13.748
83 1 1 40.025 13.024 41.312 13.749
84 1 1 40.159 13.049 41.446 13.774
85 1 1 40.269 13.025 41.556 13.750
86 1 1 40.379 13.050 41.666 13.775
87 1 1 40.513 13.026 41.800 13.751
88 1 1 40.622 13.051 41.909 13.776
89 1 1 40.781 13.076 42.068 13.801
90 1 1 41.133 13.224 42.373 13.717
91 1 1 41.097 13.114 42.372 13.827
92 1 1 41.207 13.103 42.482 13.815
93 1 1 41.329 13.091 42.603 13.803
94 1 1 41.463 13.104 42.737 13.816
95 1 1 41.597 13.080 42.871 13.793
96 1 1 41.719 13.081 42.993 13.793
97 1 1 42.145 13.156 43.273 13.758
99 1 1 42.060 13.107 43.322 13.807
100 1 1 42.182 13.095 43.444 13.795
101 1 1 42.316 13.096 43.577 13.796
103 1 1 42.328 13.108 43.590 13.808
104 1 1 42.438 13.096 43.699 13.796
105 1 1 42.584 13.097 43.845 13.797
106 1 1 42.705 13.110 43.967 13.810
107 1 1 43.217 13.027 44.562 13.873
109 1 1 43.253 13.100 44.514 13.812
110 1 1 43.740 13.030 44.951 13.875
112 1 1 43.716 13.090 44.964 13.814
113 1 1 43.825 13.091 45.073 13.815
114 1 1 43.947 13.092 45.195 13.815
115 1 1 44.080 13.092 45.329 13.816
116 1 1 44.214 13.093 45.462 13.817
117 1 1 44.348 13.081 45.596 13.805
118 1 1 44.482 13.070 45.730 13.794
119 1 1 44.786 12.998 46.094 13.880
121 1 1 44.810 13.072 46.057 13.807
122 1 1 45.260 13.037 46.434 13.858
124 1 1 45.223 13.086 46.458 13.821
125 1 1 45.345 13.074 46.580 13.810
126 1 1 45.478 13.087 46.713 13.822
127 1 1 45.612 13.088 46.847 13.823
128 1 1 45.745 13.088 46.980 13.824
129 1 1 45.855 13.089 47.089 13.824
130 1 1 45.660 13.185 47.260 13.655
131 1 1 46.000 13.114 47.235 13.849
132 1 1 46.291 13.212 47.199 13.679
133 1 1 46.449 13.225 47.527 13.692
134 1 1 46.667 13.214 47.490 13.802
135 1 1 46.752 13.239 47.587 13.778
136 1 1 46.170 13.175 47.405 13.911
137 1 1 46.923 13.106 48.229 14.024
138 1 1 47.056 13.216 48.072 13.744
139 1 1 46.959 13.204 48.193 13.951
140 1 1 47.068 13.192 48.302 13.939
141 1 1 47.310 13.339 48.473 13.721
142 1 1 47.443 13.388 48.642 13.734
143 1 1 47.601 13.413 48.836 13.759
144 1 1 47.759 13.390 48.727 13.734
145 1 1 47.990 13.063 49.187 13.870
146 1 1 48.123 13.331 49.175 13.785
147 1 1 48.231 13.380 49.309 13.713
148 1 1 48.256 13.258 49.054 13.687
149 1 1 48.280 13.271 49.176 13.651
150 1 1 48.365 13.235 49.273 13.652
151 1 1 48.438 13.247 49.684 13.666
152 1 1 48.548 13.029 49.999 13.837
153 1 1 48.583 13.284 49.902 13.691
154 1 1 48.863 13.091 50.483 13.803
156 1 1 48.075 13.209 49.296 13.956
157 1 1 48.075 13.209 49.296 13.956
158 1 1 49.408 13.155 50.822 13.805
159 1 1 48.087 13.221 49.308 13.968
160 1 1 49.553 13.046 50.918 13.915
161 1 1 49.650 13.047 51.015 13.915
162 1 1 49.747 13.023 51.112 13.891
163 1 1 49.892 12.999 51.257 13.868
164 1 1 50.013 13.024 51.378 13.892
165 1 1 50.134 13.000 51.499 13.869
166 1 1 50.280 13.025 51.644 13.894
167 1 1 50.401 13.002 51.765 13.870
168 1 1 50.497 13.027 51.862 13.895
169 1 1 50.618 13.027 51.983 13.895
170 1 1 50.764 13.004 52.128 13.872
171 1 1 50.897 13.028 52.249 13.884
173 1 1 50.909 13.041 52.261 13.896
174 1 1 50.993 13.029 52.345 13.885
175 1 1 51.078 13.017 52.430 13.873
