0 3 1 46.196 13.272 45.222 12.601
1 3 1 46.223 13.290 45.204 12.592
2 3 1 46.215 13.218 45.195 12.674
3 3 1 46.223 13.236 45.204 12.647
4 3 1 46.214 13.254 45.195 12.638
5 3 1 46.223 13.254 45.204 12.629
6 3 1 46.214 13.281 45.195 12.647
7 3 1 46.223 13.281 45.204 12.638
8 3 1 46.214 13.281 45.195 12.638
9 3 1 46.223 13.281 45.204 12.638
10 3 1 46.214 13.299 45.195 12.656
11 3 1 46.223 13.299 45.204 12.656
12 3 1 45.801 13.181 45.310 12.846
13 3 1 45.927 13.244 45.203 12.773
14 3 1 45.927 13.253 45.203 12.782
15 3 1 45.927 13.262 45.202 12.791
16 3 1 45.926 13.281 45.202 12.809
17 3 1 45.926 13.290 45.202 12.819
18 3 1 45.926 13.290 45.202 12.819
19 3 1 45.926 13.299 45.202 12.828
20 3 1 45.917 13.317 45.193 12.846
21 3 1 45.908 13.317 45.184 12.846
22 3 1 45.899 13.326 45.175 12.855
23 3 1 45.890 13.317 45.166 12.846
24 3 1 45.881 13.326 45.157 12.855
25 3 1 45.872 13.326 45.148 12.855
26 3 1 45.863 13.326 45.139 12.855
27 3 1 45.854 13.326 45.130 12.855
28 3 1 45.854 13.326 45.130 12.855
29 3 1 45.836 13.326 45.112 12.855
30 3 1 45.827 13.326 45.103 12.855
31 3 1 45.818 13.326 45.094 12.855
32 3 1 45.809 13.326 45.085 12.855
33 3 1 45.791 13.317 45.067 12.845
34 3 1 45.782 13.326 45.058 12.854
35 3 1 45.764 13.316 45.040 12.845
36 3 1 45.746 13.316 45.022 12.845
37 3 1 45.728 13.316 45.004 12.845
38 3 1 45.710 13.307 44.986 12.836
39 3 1 45.692 13.289 44.968 12.818
40 3 1 45.675 13.280 44.950 12.809
41 3 1 45.657 13.280 44.932 12.809
42 3 1 45.639 13.271 44.914 12.800
43 3 1 45.630 13.262 44.905 12.791
44 3 1 45.612 13.262 44.887 12.791
46 3 1 45.603 13.253 44.879 12.782
47 3 1 45.585 13.253 44.861 12.782
48 3 1 45.476 13.316 44.943 12.664
49 3 1 45.549 13.235 44.861 12.737
50 3 1 45.531 13.235 44.843 12.737
51 3 1 45.504 13.235 44.816 12.737
52 3 1 45.486 13.226 44.798 12.727
53 3 1 45.468 13.226 44.780 12.727
54 3 1 45.441 13.235 44.753 12.736
55 3 1 45.423 13.235 44.735 12.736
56 3 1 45.396 13.235 44.708 12.736
57 3 1 45.378 13.244 44.690 12.745
58 3 1 45.351 13.244 44.663 12.745
59 3 1 45.324 13.253 44.636 12.754
60 3 1 45.297 13.253 44.609 12.754
61 3 1 45.261 13.262 44.573 12.763
62 3 1 45.234 13.271 44.546 12.772
63 3 1 45.198 13.280 44.509 12.781
64 3 1 45.171 13.289 44.482 12.790
65 3 1 45.135 13.298 44.446 12.799
66 3 1 45.108 13.298 44.419 12.799
67 3 1 45.081 13.307 44.392 12.808
68 3 1 45.054 13.307 44.365 12.808
69 3 1 45.018 13.316 44.329 12.817
70 3 1 44.991 13.316 44.302 12.817
71 3 1 44.945 13.334 44.257 12.835
72 3 1 44.937 13.315 44.248 12.817
73 3 1 44.910 13.306 44.221 12.808
74 3 1 44.892 13.297 44.203 12.808
75 3 1 44.856 13.297 44.167 12.808
76 3 1 44.829 13.288 44.140 12.799
77 3 1 44.793 13.288 44.104 12.799
78 3 1 44.766 13.279 44.077 12.790
79 3 1 44.730 13.261 44.041 12.772
80 3 1 44.703 13.243 44.014 12.753
82 3 1 44.694 13.234 44.005 12.744
83 3 1 44.667 13.216 43.979 12.726
84 3 1 44.632 13.207 43.943 12.717
85 3 1 44.596 13.179 43.907 12.690
86 3 1 44.569 13.170 43.880 12.681
87 3 1 44.542 13.143 43.853 12.654
88 3 1 44.479 13.197 43.737 12.545
89 3 1 44.461 13.188 43.710 12.527
90 3 1 44.425 13.107 43.736 12.599
91 3 1 44.398 13.098 43.709 12.590
92 3 1 44.371 13.098 43.682 12.590
93 3 1 44.344 13.098 43.655 12.590
94 3 1 44.317 13.089 43.628 12.581
95 3 1 44.291 13.080 43.601 12.572
96 3 1 44.264 13.080 43.574 12.572
97 3 1 44.237 13.079 43.547 12.572
98 3 1 44.210 13.079 43.520 12.572
99 3 1 44.182 13.079 43.493 12.572
100 3 1 44.146 13.079 43.457 12.572
101 3 1 44.110 13.079 43.421 12.572
102 3 1 44.083 13.079 43.394 12.572
103 3 1 44.047 13.088 43.358 12.581
104 3 1 44.011 13.079 43.322 12.571
105 3 1 43.984 13.088 43.295 12.580
106 3 1 43.957 13.088 43.268 12.580
107 3 1 43.921 13.088 43.232 12.580
108 3 1 43.894 13.088 43.205 12.580
109 3 1 43.867 13.088 43.178 12.580
110 3 1 43.840 13.088 43.151 12.580
111 3 1 43.813 13.088 43.124 12.580
112 3 1 43.786 13.088 43.096 12.580
113 3 1 43.759 13.088 43.069 12.580
114 3 1 43.732 13.079 43.042 12.571
115 3 1 43.705 13.088 43.015 12.580
116 3 1 43.678 13.070 42.988 12.562
117 3 1 43.651 13.070 42.961 12.562
118 3 1 43.624 13.061 42.934 12.553
119 3 1 43.597 13.061 42.907 12.553
120 3 1 43.570 13.051 42.880 12.544
121 3 1 43.552 13.042 42.862 12.534
122 3 1 43.525 13.042 42.835 12.534
123 3 1 43.498 13.042 42.808 12.534
124 3 1 43.480 13.033 42.790 12.525
125 3 1 43.462 13.024 42.772 12.516
126 3 1 43.435 13.033 42.745 12.525
127 3 1 43.417 13.024 42.727 12.516
128 3 1 43.399 13.042 42.709 12.534
129 3 1 43.381 13.042 42.691 12.534
130 3 1 43.354 13.051 42.664 12.543
131 3 1 43.336 13.051 42.646 12.543
132 3 1 43.309 13.051 42.619 12.543
133 3 1 43.291 13.060 42.601 12.552
134 3 1 43.263 13.078 42.573 12.570
135 3 1 43.245 13.087 42.555 12.579
136 3 1 43.218 13.096 42.528 12.588
137 3 1 43.191 13.114 42.501 12.606
138 3 1 43.164 13.132 42.474 12.624
139 3 1 43.137 13.150 42.446 12.642
140 3 1 43.109 13.169 42.419 12.661
141 3 1 43.082 13.187 42.392 12.679
142 3 1 43.064 13.205 42.374 12.697
143 3 1 43.037 13.223 42.347 12.715
144 3 1 43.010 13.241 42.319 12.733
145 3 1 42.991 13.259 42.301 12.751
146 3 1 42.964 13.268 42.274 12.760
147 3 1 42.946 13.277 42.256 12.769
148 3 1 42.928 13.295 42.238 12.787
149 3 1 42.910 13.304 42.220 12.796
150 3 1 42.892 13.304 42.201 12.796
151 3 1 42.874 13.304 42.183 12.796
152 3 1 42.838 13.295 42.147 12.787
154 3 1 42.829 13.286 42.138 12.778
155 3 1 42.820 13.295 42.129 12.787
156 3 1 42.802 13.313 42.111 12.805
157 3 1 42.783 13.322 42.093 12.814
158 3 1 42.765 13.322 42.075 12.814
159 3 1 42.747 13.322 42.057 12.814
160 3 1 42.729 13.322 42.039 12.814
161 3 1 42.711 13.331 42.021 12.823
162 3 1 42.684 13.340 41.994 12.832
163 3 1 42.666 13.340 41.976 12.832
164 3 1 42.648 13.340 41.957 12.832
165 3 1 42.630 13.349 41.939 12.841
166 3 1 42.612 13.358 41.921 12.850
167 3 1 42.585 13.358 41.894 12.850
168 3 1 42.567 13.367 41.876 12.859
169 3 1 42.548 13.376 41.858 12.868
170 3 1 42.521 13.376 41.831 12.868
171 3 1 42.503 13.385 41.813 12.877
172 3 1 42.476 13.403 41.785 12.895
173 3 1 42.449 13.412 41.758 12.904
174 3 1 42.431 13.421 41.740 12.913
175 3 1 42.404 13.439 41.713 12.931
176 3 1 42.376 13.448 41.686 12.940
177 3 1 42.349 13.448 41.659 12.940
178 3 1 42.322 13.466 41.631 12.958
179 3 1 42.295 13.475 41.604 12.967
180 3 1 42.268 13.502 41.577 12.994
181 3 1 42.241 13.502 41.550 12.994
182 3 1 42.213 13.511 41.523 13.003
183 3 1 42.186 13.529 41.495 13.022
184 3 1 42.159 13.539 41.468 13.031
185 3 1 42.141 13.529 41.450 13.021
186 3 1 42.114 13.548 41.423 13.040
187 3 1 42.096 13.547 41.405 13.040
188 3 1 42.069 13.547 41.378 13.039
189 3 1 42.042 13.547 41.351 13.039
190 3 1 42.024 13.547 41.333 13.039
191 3 1 41.997 13.547 41.306 13.039
192 3 1 41.979 13.538 41.288 13.030
193 3 1 41.952 13.529 41.261 13.021
194 3 1 41.934 13.529 41.243 13.021
195 3 1 41.907 13.520 41.215 13.012
196 3 1 41.880 13.502 41.189 12.994
197 3 1 41.691 13.438 41.198 12.976
198 3 1 41.655 13.384 41.162 12.894
199 3 1 41.736 13.384 41.072 12.894
200 3 1 41.709 13.375 41.045 12.885
201 3 1 41.619 13.366 41.063 12.849
202 3 1 41.574 13.393 41.009 12.867
203 3 1 41.556 13.366 40.982 12.858
204 3 1 41.456 13.384 40.964 12.821
205 3 1 41.483 13.375 40.991 12.812
206 3 1 41.538 13.339 40.919 12.849
207 3 1 41.439 13.348 41.000 12.812
208 3 1 41.520 13.320 40.910 12.830
209 3 1 41.357 13.402 40.892 12.821
210 3 1 41.429 13.348 40.828 12.858
211 3 1 41.466 13.329 40.911 12.713
212 3 1 41.475 13.266 40.883 12.776
213 3 1 41.448 13.266 40.856 12.776
214 3 1 41.421 13.266 40.829 12.776
215 3 1 41.394 13.275 40.802 12.785
216 3 1 41.358 13.284 40.765 12.794
218 3 1 41.349 13.275 40.756 12.785
219 3 1 41.331 13.284 40.738 12.794
220 3 1 41.304 13.293 40.711 12.803
221 3 1 41.276 13.293 40.684 12.803
222 3 1 41.258 13.302 40.666 12.812
223 3 1 41.231 13.311 40.639 12.821
224 3 1 41.194 13.474 40.602 12.839
226 3 1 41.185 13.402 40.593 12.903
227 3 1 41.158 13.402 40.566 12.902
228 3 1 41.122 13.402 40.530 12.902
229 3 1 41.104 13.402 40.512 12.902
230 3 1 41.077 13.401 40.484 12.902
231 3 1 41.059 13.392 40.466 12.893
232 3 1 41.032 13.392 40.439 12.893
233 3 1 40.996 13.383 40.403 12.884
234 3 1 40.969 13.374 40.376 12.875
235 3 1 40.951 13.365 40.358 12.866
236 3 1 40.924 13.356 40.331 12.857
237 3 1 40.888 13.338 40.295 12.839
238 3 1 40.861 13.329 40.268 12.830
239 3 1 40.843 13.320 40.250 12.820
241 3 1 40.834 13.311 40.241 12.811
242 3 1 40.807 13.302 40.214 12.802
243 3 1 40.780 13.283 40.187 12.784
244 3 1 40.744 13.274 40.151 12.775
245 3 1 40.716 13.265 40.124 12.766
246 3 1 40.698 13.265 40.106 12.766
248 3 1 40.454 13.319 39.808 12.711
249 3 1 40.427 13.265 39.834 12.765
250 3 1 40.400 13.265 39.807 12.765
251 3 1 40.364 13.265 39.771 12.765
252 3 1 40.328 13.265 39.735 12.765
0 4 1 45.891 10.431 44.800 9.586
1 4 1 45.927 10.458 44.782 9.576
2 4 1 45.899 10.467 44.755 9.585
3 4 1 45.872 10.476 44.728 9.594
4 4 1 45.837 10.467 44.692 9.585
5 4 1 45.818 10.476 44.674 9.594
6 4 1 45.819 10.467 44.674 9.585
7 4 1 45.782 10.476 44.638 9.594
8 4 1 45.756 10.467 44.611 9.585
9 4 1 45.728 10.476 44.584 9.594
10 4 1 45.692 10.485 44.548 9.603
11 4 1 45.530 10.503 44.709 9.667
12 4 1 45.593 10.503 44.628 9.648
13 4 1 45.431 10.520 44.755 9.576
14 4 1 45.521 10.494 44.665 9.612
15 4 1 45.494 10.493 44.638 9.612
16 4 1 45.405 10.439 44.637 9.721
17 4 1 45.333 10.439 44.628 9.685
18 4 1 45.377 10.466 44.574 9.648
19 4 1 45.350 10.475 44.547 9.657
20 4 1 45.323 10.466 44.520 9.648
21 4 1 45.296 10.475 44.493 9.657
22 4 1 45.251 10.466 44.448 9.648
23 4 1 45.242 10.475 44.439 9.657
24 4 1 45.197 10.466 44.394 9.648
25 4 1 45.044 10.474 44.547 9.684
26 4 1 45.017 10.474 44.520 9.675
27 4 1 45.125 10.474 44.412 9.675
28 4 1 45.098 10.465 44.385 9.666
29 4 1 44.955 10.420 44.357 9.711
30 4 1 44.882 10.492 44.322 9.629
31 4 1 44.945 10.447 44.268 9.666
32 4 1 44.918 10.456 44.241 9.674
33 4 1 44.891 10.447 44.214 9.665
34 4 1 44.846 10.456 44.168 9.674
35 4 1 44.684 10.410 44.097 9.602
36 4 1 44.666 10.446 43.961 9.646
37 4 1 44.648 10.428 43.979 9.647
38 4 1 44.576 10.428 43.817 9.691
39 4 1 44.504 10.427 43.690 9.673
40 4 1 44.486 10.382 43.600 9.727
41 4 1 44.469 10.373 43.672 9.673
42 4 1 44.414 10.382 43.555 9.718
43 4 1 44.405 10.427 43.555 9.736
44 4 1 44.441 10.391 43.518 9.772
46 4 1 44.378 10.391 43.473 9.754
47 4 1 44.359 10.481 43.537 9.709
48 4 1 44.378 10.445 43.483 9.718
49 4 1 44.197 10.499 43.437 9.754
50 4 1 44.134 10.481 43.429 9.699
51 4 1 44.026 10.435 43.500 9.754
52 4 1 44.017 10.471 43.428 9.736
53 4 1 43.963 10.435 43.401 9.754
54 4 1 43.936 10.444 43.302 9.726
55 4 1 43.936 10.426 43.257 9.690
56 4 1 43.882 10.462 43.175 9.744
57 4 1 43.901 10.362 43.104 9.707
58 4 1 43.773 10.480 43.285 9.635
59 4 1 43.792 10.380 43.013 9.734
60 4 1 43.730 10.344 43.004 9.725
61 4 1 43.720 10.362 42.904 9.770
62 4 1 43.729 10.371 42.824 9.734
63 4 1 43.774 10.362 42.851 9.707
64 4 1 43.729 10.389 42.851 9.679
65 4 1 43.684 10.425 42.824 9.697
66 4 1 43.630 10.416 42.806 9.688
67 4 1 43.539 10.434 42.770 9.661
68 4 1 43.449 10.434 42.770 9.688
69 4 1 43.341 10.461 42.725 9.661
70 4 1 43.296 10.442 42.707 9.661
71 4 1 43.269 10.442 42.644 9.633
72 4 1 43.251 10.361 42.617 9.597
73 4 1 43.179 10.406 42.463 9.669
74 4 1 43.134 10.379 42.436 9.651
75 4 1 43.088 10.415 42.373 9.651
76 4 1 43.062 10.360 42.354 9.678
77 4 1 43.008 10.333 42.337 9.623
78 4 1 43.008 10.342 42.292 9.632
79 4 1 42.999 10.315 42.300 9.687
80 4 1 42.999 10.351 42.228 9.687
82 4 1 42.971 10.387 42.193 9.569
83 4 1 42.963 10.360 42.175 9.541
84 4 1 42.827 10.351 42.238 9.587
85 4 1 42.818 10.369 42.084 9.604
86 4 1 42.701 10.368 42.049 9.523
87 4 1 42.647 10.341 42.039 9.550
88 4 1 42.601 10.368 42.022 9.514
89 4 1 42.611 10.332 42.012 9.514
90 4 1 42.593 10.286 41.977 9.450
91 4 1 42.539 10.259 41.923 9.404
92 4 1 42.449 10.286 41.931 9.486
93 4 1 42.404 10.231 41.706 9.385
94 4 1 42.368 10.195 41.589 9.394
95 4 1 42.477 10.177 41.877 9.540
96 4 1 42.386 10.186 41.553 9.340
97 4 1 42.395 10.168 41.508 9.339
98 4 1 42.368 10.168 41.526 9.358
99 4 1 42.215 10.158 41.707 9.277
100 4 1 42.314 10.186 41.471 9.357
101 4 1 42.396 10.104 41.796 9.467
102 4 1 42.242 10.186 41.482 9.203
103 4 1 42.351 10.068 41.751 9.431
104 4 1 42.315 10.041 41.715 9.404
105 4 1 42.297 10.032 41.697 9.395
106 4 1 42.270 10.013 41.670 9.376
107 4 1 42.234 9.995 41.634 9.358
108 4 1 42.207 9.977 41.607 9.340
109 4 1 42.171 9.959 41.571 9.321
110 4 1 42.135 9.940 41.535 9.303
111 4 1 41.820 9.812 41.157 9.111
112 4 1 41.830 9.767 41.066 9.138
113 4 1 41.766 9.794 40.913 9.038
114 4 1 41.748 9.749 40.903 9.138
115 4 1 41.721 9.730 40.877 9.038
116 4 1 41.775 9.758 40.850 9.029
117 4 1 41.775 9.776 40.859 8.992
118 4 1 41.713 9.676 40.940 9.029
119 4 1 41.703 9.739 40.895 9.038
120 4 1 41.676 9.758 40.859 9.001
121 4 1 41.604 9.775 40.832 8.983
122 4 1 41.496 9.712 40.869 8.865
123 4 1 41.486 9.766 40.805 8.947
124 4 1 41.587 9.621 40.986 8.993
125 4 1 41.388 9.602 40.833 8.901
126 4 1 41.334 9.602 40.761 8.892
127 4 1 41.370 9.639 40.653 8.719
128 4 1 41.306 9.684 40.690 8.683
129 4 1 41.306 9.666 40.581 8.682
130 4 1 41.315 9.638 40.590 8.664
131 4 1 41.289 9.602 40.581 8.691
132 4 1 41.261 9.693 40.572 8.700
133 4 1 41.270 9.666 40.582 8.628
134 4 1 41.279 9.620 40.546 8.600
135 4 1 41.271 9.557 40.447 8.518
136 4 1 41.207 9.584 40.456 8.491
137 4 1 41.199 9.493 40.429 8.518
138 4 1 41.245 9.457 40.662 8.828
139 4 1 41.227 9.438 40.644 8.810
140 4 1 41.200 9.420 40.617 8.791
141 4 1 41.182 9.411 40.599 8.782
142 4 1 41.155 9.393 40.572 8.764
143 4 1 40.931 9.138 40.312 8.436
144 4 1 41.011 9.292 40.157 8.508
145 4 1 40.966 9.220 40.112 8.499
146 4 1 40.893 9.283 40.121 8.453
147 4 1 40.885 9.228 40.122 8.426
148 4 1 40.849 9.174 40.130 8.463
149 4 1 40.831 9.183 40.068 8.362
150 4 1 40.822 9.192 39.986 8.408
151 4 1 40.794 9.183 40.022 8.399
152 4 1 40.804 9.146 39.941 8.407
154 4 1 40.714 9.119 39.986 8.380
155 4 1 40.605 9.164 39.978 8.307
156 4 1 40.559 9.209 39.941 8.326
157 4 1 40.514 9.146 39.950 8.307
158 4 1 40.496 9.164 39.878 8.234
159 4 1 40.414 9.182 39.869 8.280
160 4 1 40.451 9.100 39.787 8.307
161 4 1 40.433 9.091 39.733 8.316
162 4 1 40.579 9.000 39.995 8.371
163 4 1 40.543 8.991 39.959 8.362
164 4 1 40.343 9.054 39.724 8.279
165 4 1 40.298 9.063 39.742 8.252
166 4 1 40.307 9.045 39.670 8.252
167 4 1 40.307 9.045 39.561 8.242
168 4 1 40.353 8.936 39.362 8.242
169 4 1 40.353 8.936 39.326 8.260
170 4 1 40.253 8.936 39.281 8.205
171 4 1 40.171 9.008 39.390 8.178
172 4 1 40.081 8.953 39.444 8.142
173 4 1 40.226 8.908 39.643 8.279
174 4 1 40.199 8.899 39.615 8.270
175 4 1 40.172 8.881 39.588 8.251
176 4 1 39.937 8.916 39.336 8.050
177 4 1 40.127 8.863 39.543 8.233
178 4 1 39.848 8.707 39.227 8.086
179 4 1 39.830 8.707 39.245 8.086
180 4 1 39.793 8.698 39.209 8.077
181 4 1 39.757 8.707 39.173 8.086
182 4 1 39.793 8.807 38.873 8.094
183 4 1 39.811 8.734 38.765 8.094
184 4 1 39.765 8.825 38.873 8.103
185 4 1 39.765 8.898 38.801 8.067
186 4 1 39.684 8.843 38.765 8.103
187 4 1 39.458 8.778 38.882 8.149
188 4 1 39.620 8.852 38.756 8.094
189 4 1 39.493 8.824 38.801 8.039
190 4 1 39.457 8.888 38.774 7.985
191 4 1 39.403 8.824 38.774 8.048
192 4 1 39.266 8.978 38.766 7.939
193 4 1 39.239 8.914 38.729 7.975
194 4 1 39.202 8.996 38.685 7.884
195 4 1 39.203 8.905 38.647 8.002
196 4 1 39.340 8.705 38.765 8.085
197 4 1 39.148 8.932 38.512 7.893
198 4 1 39.295 8.696 38.719 8.075
199 4 1 39.259 8.696 38.683 8.075
200 4 1 39.223 8.696 38.647 8.075
201 4 1 39.177 8.687 38.602 8.066
202 4 1 39.132 8.677 38.556 8.057
203 4 1 39.077 8.750 38.130 8.028
204 4 1 39.140 8.768 38.048 8.046
205 4 1 39.078 8.659 38.502 8.038
206 4 1 39.086 8.741 38.048 8.091
207 4 1 38.805 8.731 38.175 8.110
208 4 1 38.814 8.767 38.039 8.082
209 4 1 38.741 8.840 38.131 7.864
210 4 1 38.668 8.848 38.104 7.809
211 4 1 38.815 8.676 38.239 8.064
212 4 1 38.595 8.912 38.123 7.673
213 4 1 38.751 8.676 38.175 8.064
214 4 1 38.559 8.930 37.922 7.872
215 4 1 38.706 8.676 38.130 8.064
216 4 1 38.679 8.685 38.102 8.073
218 4 1 38.606 8.703 38.039 8.091
219 4 1 38.570 8.712 38.002 8.109
220 4 1 38.405 8.857 37.677 7.844
221 4 1 38.515 8.730 37.957 8.127
222 4 1 38.488 8.721 37.930 8.127
223 4 1 38.452 8.729 37.893 8.136
224 4 1 38.161 8.829 37.612 8.171
226 4 1 38.104 9.056 37.449 8.052
227 4 1 38.050 9.065 37.476 8.025
228 4 1 38.005 8.983 37.448 8.152
229 4 1 38.004 9.092 37.422 8.034
230 4 1 37.986 9.119 37.430 8.107
231 4 1 38.089 8.746 37.593 8.171
232 4 1 38.061 8.755 37.566 8.180
233 4 1 38.025 8.746 37.530 8.180
234 4 1 37.989 8.746 37.503 8.180
235 4 1 37.679 8.854 37.121 8.224
236 4 1 37.849 9.182 36.985 8.078
237 4 1 37.859 9.073 36.949 8.142
238 4 1 37.814 9.064 36.921 8.151
239 4 1 37.796 9.009 36.757 8.205
241 4 1 37.769 9.009 36.785 8.159
242 4 1 37.715 8.909 36.939 8.269
243 4 1 37.787 9.000 36.785 8.205
244 4 1 37.632 9.091 36.831 8.068
245 4 1 37.515 8.963 36.857 8.269
246 4 1 37.553 8.726 37.103 8.197
248 4 1 37.280 8.898 36.748 8.323
249 4 1 37.296 9.181 36.748 8.205
250 4 1 37.232 9.208 36.594 8.213
251 4 1 37.204 9.299 36.603 8.177
252 4 1 37.232 9.171 36.494 8.258
45 4 1 44.351 10.454 43.546 9.681
81 4 1 43.017 10.369 42.219 9.632
153 4 1 40.740 9.155 39.977 8.407
217 4 1 38.651 8.685 38.075 8.073
225 4 1 38.233 8.856 37.503 8.098
240 4 1 37.796 9.037 36.939 8.169
247 4 1 37.517 8.735 37.066 8.206
0 5 1 46.678 12.748 45.669 12.005
1 5 1 46.704 12.775 45.651 11.996
2 5 1 46.695 12.775 45.642 11.996
3 5 1 46.686 12.775 45.633 11.996
4 5 1 46.624 12.757 45.730 12.186
5 5 1 46.632 12.766 45.703 12.150
6 5 1 46.614 12.784 45.712 12.150
7 5 1 46.596 12.775 45.658 12.213
8 5 1 46.587 12.784 45.667 12.186
9 5 1 46.578 12.811 45.667 12.177
10 5 1 46.624 12.739 45.631 12.204
11 5 1 46.587 12.766 45.667 12.186
12 5 1 46.588 12.757 45.667 12.177
13 5 1 46.570 12.766 45.649 12.186
14 5 1 46.570 12.757 45.649 12.177
15 5 1 46.552 12.766 45.631 12.186
16 5 1 46.552 12.757 45.631 12.177
17 5 1 46.552 12.766 45.631 12.186
18 5 1 46.534 12.757 45.613 12.177
19 5 1 46.516 12.712 45.819 12.286
20 5 1 46.605 12.775 45.721 12.222
21 5 1 46.596 12.766 45.712 12.213
22 5 1 46.579 12.757 45.694 12.204
23 5 1 46.570 12.748 45.685 12.195
24 5 1 46.561 12.748 45.676 12.195
25 5 1 46.552 12.739 45.667 12.186
26 5 1 46.534 12.730 45.649 12.177
27 5 1 46.525 12.721 45.640 12.168
28 5 1 46.516 12.712 45.631 12.159
29 5 1 46.498 12.703 45.613 12.150
30 5 1 46.489 12.694 45.605 12.141
31 5 1 46.480 12.685 45.596 12.132
33 5 1 46.347 12.558 45.541 12.159
34 5 1 46.382 12.621 45.506 12.086
35 5 1 46.383 12.576 45.514 12.150
36 5 1 46.427 12.603 45.488 12.113
37 5 1 46.490 12.603 45.452 12.104
38 5 1 46.319 12.621 45.425 12.122
39 5 1 46.310 12.612 45.434 12.113
40 5 1 46.292 12.612 45.416 12.113
41 5 1 46.265 12.612 45.389 12.113
42 5 1 46.229 12.612 45.353 12.113
43 5 1 46.203 12.603 45.326 12.104
44 5 1 46.176 12.603 45.299 12.104
46 5 1 46.104 12.603 45.227 12.104
47 5 1 45.861 12.548 45.109 12.158
48 5 1 45.799 12.512 45.290 12.140
49 5 1 45.960 12.566 45.119 12.086
50 5 1 45.924 12.566 45.083 12.086
51 5 1 45.888 12.566 45.047 12.086
52 5 1 45.861 12.566 45.020 12.086
53 5 1 45.834 12.566 44.993 12.085
54 5 1 45.789 12.566 44.948 12.085
55 5 1 45.762 12.566 44.921 12.085
56 5 1 45.726 12.566 44.885 12.085
57 5 1 45.690 12.566 44.849 12.085
58 5 1 45.663 12.566 44.822 12.085
59 5 1 45.646 12.557 44.804 12.076
60 5 1 45.610 12.557 44.768 12.076
61 5 1 45.583 12.548 44.741 12.067
62 5 1 45.538 12.548 44.696 12.067
63 5 1 45.520 12.539 44.678 12.058
64 5 1 45.484 12.530 44.642 12.049
65 5 1 45.448 12.520 44.606 12.040
66 5 1 45.412 12.511 44.570 12.030
67 5 1 45.385 12.502 44.543 12.021
68 5 1 45.340 12.493 44.498 12.012
69 5 1 45.313 12.484 44.472 12.003
70 5 1 45.277 12.475 44.436 11.994
71 5 1 45.242 12.457 44.400 11.976
72 5 1 45.206 12.448 44.364 11.967
73 5 1 44.945 12.420 44.570 12.039
74 5 1 44.945 12.411 44.543 12.021
75 5 1 45.152 12.420 44.310 11.939
76 5 1 44.873 12.384 44.453 12.030
77 5 1 45.116 12.402 44.274 11.921
78 5 1 45.080 12.393 44.238 11.912
79 5 1 45.053 12.384 44.211 11.903
80 5 1 45.035 12.375 44.193 11.894
82 5 1 44.972 12.366 44.130 11.885
83 5 1 44.937 12.357 44.094 11.876
84 5 1 44.703 12.338 43.841 11.966
85 5 1 44.702 12.384 43.860 11.911
86 5 1 44.675 12.374 43.833 11.902
87 5 1 44.657 12.383 43.815 11.911
88 5 1 44.630 12.374 43.788 11.902
89 5 1 44.594 12.374 43.752 11.902
90 5 1 44.558 12.374 43.716 11.902
91 5 1 44.531 12.374 43.689 11.902
92 5 1 44.433 12.320 43.553 11.884
93 5 1 44.414 12.338 43.572 11.875
94 5 1 44.387 12.338 43.545 11.875
95 5 1 44.360 12.338 43.517 11.875
96 5 1 44.315 12.347 43.472 11.883
97 5 1 44.288 12.356 43.445 11.892
98 5 1 44.243 12.356 43.400 11.892
99 5 1 44.225 12.365 43.382 11.901
100 5 1 44.189 12.365 43.346 11.901
101 5 1 44.162 12.365 43.319 11.901
102 5 1 44.135 12.374 43.292 11.910
103 5 1 44.063 12.355 43.319 11.910
104 5 1 44.108 12.355 43.274 11.901
105 5 1 44.081 12.355 43.247 11.901
106 5 1 44.063 12.355 43.229 11.901
107 5 1 44.036 12.355 43.202 11.901
108 5 1 44.009 12.355 43.175 11.901
109 5 1 43.991 12.355 43.157 11.901
110 5 1 43.964 12.355 43.129 11.901
111 5 1 43.937 12.355 43.102 11.901
112 5 1 43.910 12.355 43.075 11.901
113 5 1 43.883 12.355 43.048 11.901
114 5 1 43.856 12.355 43.021 11.901
115 5 1 43.838 12.355 43.003 11.901
116 5 1 43.765 12.382 43.174 11.937
117 5 1 43.873 12.382 43.048 11.937
118 5 1 43.855 12.382 43.030 11.937
119 5 1 43.828 12.382 43.003 11.937
120 5 1 43.801 12.382 42.976 11.937
121 5 1 43.783 12.382 42.958 11.937
122 5 1 43.765 12.391 42.940 11.946
123 5 1 43.747 12.391 42.922 11.946
124 5 1 43.729 12.400 42.903 11.955
125 5 1 43.711 12.400 42.885 11.955
126 5 1 43.693 12.409 42.867 11.964
127 5 1 43.675 12.409 42.849 11.964
128 5 1 43.504 12.391 42.796 11.846
129 5 1 43.558 12.345 42.742 11.900
130 5 1 43.549 12.354 42.732 11.909
131 5 1 43.531 12.364 42.714 11.918
132 5 1 43.513 12.373 42.696 11.927
133 5 1 43.504 12.382 42.687 11.936
134 5 1 43.486 12.391 42.669 11.945
135 5 1 43.468 12.400 42.651 11.954
136 5 1 43.450 12.418 42.633 11.972
137 5 1 43.440 12.436 42.623 11.991
138 5 1 43.422 12.445 42.605 12.000
139 5 1 43.413 12.463 42.596 12.018
140 5 1 43.395 12.481 42.578 12.036
141 5 1 43.386 12.499 42.569 12.054
142 5 1 43.368 12.508 42.551 12.063
143 5 1 43.358 12.526 42.541 12.081
144 5 1 43.340 12.544 42.523 12.099
145 5 1 43.331 12.562 42.514 12.117
146 5 1 43.322 12.580 42.505 12.135
147 5 1 43.304 12.589 42.487 12.144
148 5 1 43.295 12.599 42.478 12.153
149 5 1 43.276 12.617 42.459 12.171
150 5 1 43.240 12.716 42.685 12.154
151 5 1 43.221 12.734 42.639 12.262
152 5 1 43.176 12.743 42.648 12.253
154 5 1 43.248 12.725 42.477 12.280
155 5 1 43.230 12.734 42.458 12.289
156 5 1 43.104 12.788 42.513 12.199
157 5 1 43.103 12.825 42.613 12.208
158 5 1 43.177 12.707 42.414 12.262
159 5 1 43.158 12.716 42.395 12.271
160 5 1 43.140 12.725 42.377 12.280
161 5 1 43.113 12.743 42.350 12.298
162 5 1 43.086 12.752 42.323 12.307
163 5 1 43.068 12.761 42.305 12.316
164 5 1 43.050 12.770 42.287 12.325
165 5 1 43.023 12.788 42.259 12.343
166 5 1 43.004 12.797 42.241 12.352
167 5 1 42.986 12.806 42.223 12.361
168 5 1 42.959 12.824 42.196 12.379
169 5 1 42.850 12.933 42.249 12.497
170 5 1 42.822 12.987 42.259 12.434
171 5 1 42.795 12.996 42.241 12.434
172 5 1 42.822 13.069 42.169 12.343
173 5 1 42.877 12.924 42.141 12.488
174 5 1 42.748 13.204 42.179 12.271
175 5 1 42.731 13.114 42.258 12.470
176 5 1 42.766 13.240 42.179 12.289
177 5 1 42.766 13.277 42.161 12.289
178 5 1 42.748 13.277 42.133 12.325
179 5 1 42.730 13.268 42.106 12.352
180 5 1 42.730 13.222 42.159 12.470
181 5 1 42.739 13.213 42.132 12.515
182 5 1 42.721 13.204 42.123 12.488
183 5 1 42.730 13.249 42.096 12.470
184 5 1 42.778 12.851 42.042 12.415
185 5 1 42.769 12.878 42.033 12.443
186 5 1 42.848 13.141 42.085 12.714
187 5 1 42.712 13.277 42.103 12.660
188 5 1 42.776 13.177 42.048 12.751
189 5 1 42.594 13.267 42.057 12.778
190 5 1 42.685 13.231 41.967 12.805
191 5 1 42.576 13.267 42.030 12.778
192 5 1 42.558 13.267 42.012 12.760
193 5 1 42.540 13.258 42.003 12.741
194 5 1 42.640 13.231 41.751 12.714
195 5 1 42.586 13.168 41.733 12.696
196 5 1 42.549 13.295 41.896 12.633
197 5 1 42.523 13.222 41.904 12.768
198 5 1 42.514 13.213 41.895 12.723
199 5 1 42.541 13.204 41.932 12.696
200 5 1 42.469 13.186 41.949 12.778
201 5 1 42.442 13.213 41.814 12.768
202 5 1 42.387 13.213 41.768 12.768
203 5 1 42.315 13.204 41.733 12.714
204 5 1 42.261 13.167 41.625 12.687
205 5 1 42.180 13.149 41.552 12.705
206 5 1 42.135 13.158 41.562 12.650
207 5 1 42.090 13.122 41.562 12.560
208 5 1 42.162 13.149 41.390 12.605
209 5 1 42.063 13.104 41.435 12.641
210 5 1 42.037 13.086 41.363 12.641
211 5 1 41.964 13.113 41.472 12.587
212 5 1 41.874 13.122 41.318 12.659
213 5 1 41.892 13.095 41.309 12.677
214 5 1 41.901 13.095 41.337 12.568
215 5 1 41.865 13.076 41.183 12.586
216 5 1 41.920 13.022 41.355 12.541
218 5 1 41.812 12.977 41.246 12.559
219 5 1 41.812 13.004 41.247 12.532
220 5 1 41.658 13.040 41.093 12.532
221 5 1 41.658 12.986 41.093 12.568
222 5 1 41.576 13.076 40.949 12.504
223 5 1 41.522 13.022 40.940 12.450
224 5 1 41.514 12.940 40.948 12.522
226 5 1 41.451 12.913 40.885 12.495
227 5 1 41.415 12.895 40.849 12.477
228 5 1 41.442 12.985 40.724 12.323
229 5 1 41.342 13.012 40.778 12.359
230 5 1 41.288 12.949 40.823 12.377
231 5 1 41.198 12.921 40.679 12.350
232 5 1 41.198 12.885 40.687 12.377
233 5 1 41.217 12.876 40.552 12.340
234 5 1 41.154 12.813 40.615 12.395
235 5 1 41.118 12.795 40.579 12.377
236 5 1 41.162 12.876 40.552 12.359
237 5 1 41.126 12.858 40.480 12.277
238 5 1 41.136 12.849 40.570 12.322
239 5 1 41.064 12.803 40.300 12.267
241 5 1 41.082 12.776 40.543 12.359
242 5 1 41.037 12.767 40.498 12.349
243 5 1 41.010 12.749 40.471 12.331
244 5 1 40.856 12.785 40.228 12.177
245 5 1 40.965 12.731 40.426 12.313
246 5 1 40.929 12.722 40.390 12.304
248 5 1 40.577 12.649 39.956 12.194
249 5 1 40.541 12.631 40.001 12.213
250 5 1 40.505 12.630 39.965 12.212
251 5 1 40.468 12.630 39.929 12.212
252 5 1 40.432 12.630 39.893 12.212
45 5 1 46.131 12.603 45.254 12.104
81 5 1 44.999 12.375 44.157 11.894
153 5 1 43.158 12.752 42.558 12.262
217 5 1 41.866 13.031 41.192 12.514
225 5 1 41.487 12.931 40.921 12.513
240 5 1 41.109 12.785 40.570 12.368
247 5 1 40.902 12.722 40.363 12.304
0 6 1 47.664 11.982 46.856 11.085
1 6 1 47.637 12.018 46.875 10.958
2 6 1 47.584 11.964 46.934 11.311
3 6 1 47.673 12.036 46.864 11.166
4 6 1 47.691 12.036 46.845 11.248
5 6 1 47.709 12.036 46.800 11.257
6 6 1 47.646 12.054 46.863 11.239
7 6 1 47.637 12.063 46.854 11.248
8 6 1 47.566 11.955 46.692 11.293
9 6 1 47.700 12.009 46.521 11.274
10 6 1 47.529 12.027 46.692 11.248
11 6 1 47.502 12.018 46.665 11.238
12 6 1 47.593 11.973 46.512 11.301
13 6 1 47.484 12.018 46.629 11.256
14 6 1 47.530 11.954 46.404 11.274
15 6 1 47.404 11.990 46.531 11.238
16 6 1 47.377 11.990 46.504 11.238
17 6 1 47.368 11.990 46.495 11.238
18 6 1 47.323 11.972 46.450 11.220
19 6 1 47.314 11.990 46.441 11.238
20 6 1 47.269 11.954 46.396 11.202
21 6 1 47.242 11.954 46.369 11.202
22 6 1 47.216 11.936 46.342 11.183
23 6 1 47.189 11.954 46.315 11.201
24 6 1 47.198 11.873 46.162 11.264
25 6 1 47.126 11.936 46.243 11.201
26 6 1 47.135 11.890 46.378 11.193
27 6 1 47.180 11.909 46.315 11.183
28 6 1 47.162 11.900 46.297 11.174
29 6 1 47.126 11.890 46.262 11.165
30 6 1 47.108 11.899 46.244 11.174
31 6 1 47.072 11.890 46.208 11.165
32 6 1 47.054 11.899 46.190 11.174
33 6 1 47.019 11.890 46.154 11.165
34 6 1 46.982 11.899 46.118 11.174
35 6 1 46.947 11.890 46.082 11.165
36 6 1 46.911 11.899 46.046 11.174
37 6 1 46.875 11.890 46.010 11.165
38 6 1 46.839 11.899 45.974 11.174
39 6 1 46.803 11.890 45.938 11.164
40 6 1 46.767 11.899 45.902 11.173
41 6 1 46.731 11.890 45.866 11.164
42 6 1 46.695 11.899 45.830 11.173
43 6 1 46.659 11.890 45.794 11.164
44 6 1 46.571 11.754 45.750 11.064
46 6 1 46.526 11.736 45.758 11.182
47 6 1 46.435 11.781 45.668 11.191
48 6 1 46.471 11.826 45.632 11.137
49 6 1 46.444 11.817 45.605 11.127
50 6 1 46.417 11.808 45.578 11.118
51 6 1 46.265 11.753 45.633 11.046
52 6 1 46.355 11.744 45.534 11.055
53 6 1 46.328 11.735 45.507 11.046
54 6 1 46.301 11.708 45.480 11.019
55 6 1 46.149 11.599 45.193 10.900
56 6 1 46.159 11.590 45.185 10.873
57 6 1 46.078 11.572 45.256 10.882
58 6 1 46.033 11.581 45.059 10.764
59 6 1 45.961 11.517 45.140 10.828
60 6 1 45.916 11.508 45.095 10.818
61 6 1 45.890 11.481 45.068 10.791
62 6 1 45.845 11.454 45.023 10.764
63 6 1 45.790 11.553 44.897 10.800
64 6 1 45.745 11.535 44.861 10.773
65 6 1 45.736 11.517 44.880 10.736
66 6 1 45.737 11.454 44.880 10.700
67 6 1 45.764 11.417 44.872 10.610
68 6 1 45.756 11.345 44.818 10.609
69 6 1 45.676 11.245 44.907 10.691
70 6 1 45.748 11.236 44.818 10.555
71 6 1 45.686 11.164 44.764 10.528
72 6 1 45.678 11.091 44.710 10.564
73 6 1 45.561 11.064 44.567 10.473
74 6 1 45.588 11.091 44.666 10.410
75 6 1 45.543 11.091 44.667 10.328
76 6 1 45.480 11.046 44.587 10.237
77 6 1 45.489 11.046 44.587 10.192
78 6 1 45.453 11.046 44.551 10.174
79 6 1 45.453 11.000 44.515 10.165
80 6 1 45.400 10.955 44.480 10.128
82 6 1 45.373 10.919 44.381 10.110
83 6 1 45.329 10.855 44.408 10.065
84 6 1 45.275 10.792 44.373 9.947
85 6 1 45.294 10.674 44.364 9.965
86 6 1 45.232 10.647 44.418 9.992
87 6 1 45.214 10.620 44.400 9.965
88 6 1 45.178 10.592 44.364 9.938
89 6 1 45.161 10.547 44.347 9.892
90 6 1 45.143 10.520 44.329 9.865
91 6 1 45.107 10.474 44.293 9.820
92 6 1 45.198 10.357 44.267 9.774
93 6 1 45.081 10.384 44.241 9.602
94 6 1 45.073 10.320 44.259 9.675
95 6 1 45.098 10.492 44.153 9.438
96 6 1 45.046 10.275 44.232 9.629
97 6 1 45.028 10.239 44.214 9.593
98 6 1 44.993 10.202 44.179 9.556
99 6 1 44.975 10.166 44.161 9.520
100 6 1 44.939 10.130 44.125 9.484
101 6 1 44.922 10.093 44.107 9.447
102 6 1 44.904 10.057 44.090 9.411
103 6 1 44.886 10.039 44.072 9.393
104 6 1 44.868 10.003 44.054 9.357
105 6 1 44.826 9.767 43.902 9.265
106 6 1 44.627 9.812 43.920 9.175
107 6 1 44.681 9.812 43.875 9.175
108 6 1 44.528 9.748 43.785 9.174
109 6 1 44.564 9.775 43.767 9.147
110 6 1 44.610 9.739 43.659 9.138
111 6 1 44.528 9.748 43.731 9.129
112 6 1 44.502 9.721 43.705 9.101
113 6 1 44.466 9.693 43.669 9.074
114 6 1 44.430 9.684 43.633 9.065
115 6 1 44.394 9.657 43.597 9.038
116 6 1 44.358 9.648 43.561 9.028
117 6 1 44.385 9.630 43.380 9.055
118 6 1 44.421 9.612 43.389 9.082
119 6 1 44.268 9.638 43.471 9.028
120 6 1 44.241 9.629 43.444 9.019
121 6 1 44.224 9.557 43.354 8.901
122 6 1 44.197 9.556 43.400 8.856
123 6 1 44.160 9.584 43.399 8.910
124 6 1 44.161 9.538 43.400 8.883
125 6 1 44.170 9.511 43.391 8.901
126 6 1 44.143 9.502 43.364 8.892
127 6 1 44.116 9.493 43.337 8.883
128 6 1 44.025 9.629 43.212 8.710
129 6 1 44.071 9.475 43.292 8.864
130 6 1 44.035 9.465 43.256 8.855
131 6 1 43.999 9.456 43.219 8.846
132 6 1 43.963 9.438 43.184 8.828
133 6 1 43.873 9.383 43.084 8.845
134 6 1 43.864 9.410 43.084 8.809
135 6 1 43.828 9.401 43.048 8.800
136 6 1 43.819 9.392 43.057 8.827
137 6 1 43.739 9.328 42.985 8.781
138 6 1 43.711 9.374 42.958 8.809
139 6 1 43.558 9.382 42.922 8.763
140 6 1 43.503 9.409 42.931 8.781
141 6 1 43.459 9.364 42.859 8.781
142 6 1 43.485 9.391 42.840 8.817
143 6 1 43.522 9.382 42.804 8.808
144 6 1 43.359 9.363 42.822 8.854
145 6 1 43.350 9.372 42.768 8.853
146 6 1 43.413 9.391 42.714 8.835
147 6 1 43.377 9.391 42.678 8.835
148 6 1 43.350 9.391 42.651 8.835
149 6 1 43.323 9.400 42.624 8.844
150 6 1 43.278 9.409 42.578 8.853
151 6 1 43.251 9.418 42.551 8.862
152 6 1 43.134 9.372 42.533 8.880
154 6 1 43.142 9.399 42.452 8.852
155 6 1 43.088 9.481 42.309 8.679
156 6 1 42.953 9.435 42.344 8.770
157 6 1 43.070 9.408 42.191 8.697
158 6 1 43.007 9.453 42.218 8.697
159 6 1 42.961 9.489 42.246 8.634
160 6 1 42.835 9.398 42.289 8.852
161 6 1 42.853 9.471 42.101 8.624
162 6 1 42.782 9.371 42.253 8.806
163 6 1 42.781 9.471 41.948 8.614
164 6 1 42.745 9.362 42.244 8.797
165 6 1 42.827 9.344 42.172 8.797
166 6 1 42.727 9.352 42.190 8.806
167 6 1 42.782 9.343 42.136 8.797
168 6 1 42.736 9.452 41.685 8.686
169 6 1 42.719 9.334 42.235 8.824
170 6 1 42.700 9.361 42.217 8.833
171 6 1 42.773 9.362 42.145 8.833
172 6 1 42.737 9.343 42.109 8.815
173 6 1 42.692 9.325 42.064 8.796
174 6 1 42.647 9.298 42.019 8.769
176 6 1 42.638 9.289 42.010 8.760
177 6 1 42.314 9.170 41.613 8.622
178 6 1 42.287 9.160 41.658 8.632
179 6 1 42.187 9.205 41.640 8.632
180 6 1 42.132 9.214 41.568 8.659
181 6 1 42.160 9.196 41.549 8.668
182 6 1 42.124 9.196 41.513 8.667
183 6 1 42.087 9.205 41.477 8.676
184 6 1 42.114 9.242 41.142 8.693
185 6 1 42.033 9.214 41.423 8.685
186 6 1 41.997 9.223 41.386 8.694
187 6 1 41.952 9.241 41.341 8.712
188 6 1 41.924 9.250 41.314 8.721
189 6 1 41.879 9.250 41.269 8.721
190 6 1 41.852 9.259 41.241 8.730
191 6 1 41.806 9.313 41.125 8.602
192 6 1 41.770 9.349 41.089 8.557
193 6 1 41.743 9.340 41.071 8.575
194 6 1 41.670 9.349 41.044 8.566
195 6 1 41.554 9.267 41.034 8.711
196 6 1 41.634 9.340 40.981 8.511
197 6 1 41.500 9.221 40.988 8.693
198 6 1 41.561 9.439 40.845 8.547
199 6 1 41.536 9.212 40.943 8.684
200 6 1 41.500 9.221 40.907 8.693
201 6 1 41.454 9.239 40.862 8.711
202 6 1 41.427 9.248 40.834 8.720
203 6 1 41.373 9.248 40.780 8.719
204 6 1 41.328 9.257 40.735 8.728
205 6 1 41.499 9.339 40.408 8.791
206 6 1 41.282 9.257 40.690 8.728
207 6 1 41.237 9.266 40.644 8.737
208 6 1 41.210 9.266 40.617 8.737
209 6 1 41.236 9.357 40.462 8.845
210 6 1 41.217 9.466 40.409 8.754
211 6 1 41.136 9.429 40.417 8.827
212 6 1 41.036 9.520 40.373 8.727
213 6 1 41.000 9.501 40.317 8.854
214 6 1 40.882 9.501 40.362 8.900
215 6 1 40.882 9.601 40.327 8.791
216 6 1 40.863 9.601 40.290 8.945
218 6 1 40.855 9.519 40.280 8.990
219 6 1 40.819 9.546 40.244 9.017
220 6 1 40.681 9.755 39.964 8.917
221 6 1 40.773 9.564 40.198 9.035
222 6 1 40.737 9.591 40.162 9.063
223 6 1 40.701 9.609 40.125 9.081
224 6 1 40.664 9.637 40.089 9.108
226 6 1 40.482 9.799 39.763 9.161
227 6 1 40.591 9.682 40.016 9.153
228 6 1 40.555 9.700 39.980 9.171
229 6 1 40.382 9.790 39.726 9.170
230 6 1 40.381 9.908 39.563 9.179
231 6 1 40.345 9.899 39.581 9.206
232 6 1 40.255 9.908 39.690 9.206
233 6 1 40.336 9.899 39.526 9.251
234 6 1 40.336 9.881 39.463 9.269
235 6 1 40.156 9.844 39.580 9.288
236 6 1 40.208 10.044 39.301 9.087
237 6 1 40.147 9.817 39.571 9.288
238 6 1 40.111 9.835 39.535 9.306
239 6 1 40.065 9.853 39.490 9.324
241 6 1 39.983 9.871 39.408 9.342
242 6 1 40.117 10.180 39.173 9.296
243 6 1 39.929 9.889 39.353 9.360
244 6 1 39.972 10.161 38.991 9.386
245 6 1 39.884 9.898 39.308 9.369
246 6 1 39.836 10.206 38.973 9.377
248 6 1 39.799 10.270 38.990 9.441
249 6 1 39.793 9.925 39.217 9.396
250 6 1 39.757 9.943 39.181 9.414
251 6 1 39.729 9.961 39.154 9.432
252 6 1 39.636 10.315 38.918 9.477
45 6 1 46.588 11.772 45.732 11.055
81 6 1 45.373 10.955 44.489 10.101
153 6 1 43.179 9.399 42.488 8.852
217 6 1 40.827 9.682 40.118 8.881
225 6 1 40.637 9.673 40.062 9.144
240 6 1 40.029 9.862 39.453 9.333
247 6 1 39.838 9.907 39.263 9.378
0 7 1 46.397 11.084 45.333 10.402
1 7 1 46.424 11.102 45.315 10.393
2 7 1 46.415 11.093 45.306 10.384
3 7 1 46.406 11.084 45.297 10.375
4 7 1 46.397 11.093 45.288 10.384
5 7 1 46.388 11.084 45.279 10.375
6 7 1 46.379 11.093 45.270 10.384
7 7 1 46.370 11.084 45.261 10.375
8 7 1 46.361 11.093 45.252 10.384
9 7 1 46.352 11.084 45.243 10.375
10 7 1 46.343 11.093 45.234 10.384
11 7 1 46.334 11.102 45.225 10.393
12 7 1 46.325 11.111 45.216 10.402
13 7 1 46.316 11.102 45.207 10.393
14 7 1 46.119 11.002 45.260 10.538
15 7 1 46.092 10.993 45.296 10.520
16 7 1 46.093 10.966 45.296 10.502
17 7 1 46.101 11.002 45.305 10.493
18 7 1 46.128 11.002 45.260 10.493
19 7 1 46.020 11.047 45.269 10.457
20 7 1 46.047 10.993 45.269 10.457
21 7 1 46.047 11.029 45.216 10.348
22 7 1 46.048 10.957 45.216 10.420
23 7 1 45.966 11.002 45.198 10.447
24 7 1 45.993 10.984 45.171 10.447
25 7 1 45.975 10.983 45.153 10.447
26 7 1 45.949 10.974 45.126 10.438
27 7 1 45.922 10.974 45.099 10.438
28 7 1 45.913 10.965 45.090 10.429
29 7 1 45.877 10.956 45.054 10.420
30 7 1 45.859 10.956 45.036 10.420
31 7 1 45.832 10.947 45.009 10.411
32 7 1 45.814 10.947 44.991 10.411
34 7 1 45.805 10.938 44.982 10.402
35 7 1 45.778 10.938 44.955 10.401
36 7 1 45.751 10.947 44.785 10.220
37 7 1 45.689 10.865 44.856 10.320
38 7 1 45.642 10.992 44.821 10.256
39 7 1 45.607 10.965 44.794 10.220
40 7 1 45.571 10.964 44.777 10.193
41 7 1 45.553 10.955 44.759 10.193
42 7 1 45.553 10.928 44.759 10.156
43 7 1 45.499 10.937 44.696 10.129
44 7 1 45.445 10.937 44.660 10.129
46 7 1 45.292 10.891 44.335 10.173
47 7 1 45.247 10.882 44.173 10.164
48 7 1 45.113 10.828 44.317 10.219
49 7 1 45.077 10.827 44.281 10.218
50 7 1 45.041 10.827 44.245 10.218
51 7 1 44.996 10.836 44.199 10.227
52 7 1 45.203 10.819 44.073 10.218
53 7 1 45.185 10.819 44.064 10.200
54 7 1 45.149 10.837 44.055 10.200
55 7 1 45.149 10.828 44.001 10.209
56 7 1 45.086 10.837 44.019 10.227
57 7 1 44.969 10.827 44.136 10.227
58 7 1 44.905 10.899 44.037 10.236
59 7 1 44.842 10.863 44.037 10.227
60 7 1 44.770 10.935 44.010 10.227
61 7 1 44.716 10.926 43.992 10.236
62 7 1 44.725 10.917 43.947 10.254
63 7 1 44.698 10.944 43.929 10.263
64 7 1 44.625 11.017 43.875 10.226
65 7 1 44.553 10.980 43.767 10.163
66 7 1 44.508 10.953 43.668 10.190
67 7 1 44.454 10.926 43.577 10.253
68 7 1 44.400 10.944 43.523 10.280
69 7 1 44.418 10.935 43.514 10.225
70 7 1 44.337 10.998 43.469 10.280
71 7 1 44.373 11.007 43.487 10.234
72 7 1 44.328 10.989 43.423 10.298
73 7 1 44.247 10.970 43.370 10.189
74 7 1 44.229 10.952 43.361 10.234
75 7 1 44.229 10.961 43.343 10.207
76 7 1 44.184 10.979 43.352 10.207
77 7 1 44.166 10.970 43.325 10.234
78 7 1 44.130 10.970 43.280 10.207
79 7 1 44.031 10.961 43.162 10.243
80 7 1 43.958 10.961 43.135 10.233
82 7 1 43.877 10.988 43.090 10.233
83 7 1 43.805 10.942 43.098 10.360
84 7 1 43.778 10.924 43.061 10.442
85 7 1 43.724 10.942 42.917 10.414
86 7 1 43.742 11.005 42.855 10.287
87 7 1 43.715 10.969 42.728 10.359
88 7 1 43.643 10.960 42.655 10.377
89 7 1 43.616 10.924 42.638 10.305
90 7 1 43.526 10.951 42.638 10.314
91 7 1 43.499 10.960 42.629 10.332
92 7 1 43.436 10.941 42.593 10.295
93 7 1 43.444 10.968 42.620 10.341
94 7 1 43.417 10.950 42.556 10.377
95 7 1 43.354 10.995 42.584 10.332
96 7 1 43.354 11.023 42.575 10.341
97 7 1 43.264 10.986 42.557 10.323
98 7 1 43.200 11.022 42.538 10.332
99 7 1 43.209 11.022 42.430 10.377
100 7 1 43.146 11.013 42.384 10.431
101 7 1 43.119 11.013 42.384 10.404
102 7 1 43.065 11.049 42.493 10.422
103 7 1 43.010 11.131 42.413 10.250
104 7 1 43.028 11.085 42.259 10.222
105 7 1 42.902 11.103 42.195 10.349
106 7 1 42.921 11.003 42.203 10.430
107 7 1 42.912 11.003 42.194 10.430
108 7 1 42.875 11.094 42.005 10.421
109 7 1 42.803 11.039 42.086 10.466
110 7 1 42.803 11.058 41.950 10.484
111 7 1 42.866 11.094 41.959 10.484
112 7 1 42.821 11.085 41.932 10.484
113 7 1 42.812 11.103 41.887 10.493
114 7 1 42.767 11.103 41.896 10.484
115 7 1 42.748 11.112 41.887 10.511
116 7 1 42.703 11.121 41.877 10.566
117 7 1 42.577 11.121 41.887 10.502
118 7 1 42.540 11.166 41.833 10.493
119 7 1 42.504 11.175 41.842 10.493
120 7 1 42.477 11.129 41.860 10.511
121 7 1 42.449 11.256 41.788 10.466
122 7 1 42.431 11.247 41.688 10.438
123 7 1 42.432 11.211 41.597 10.529
124 7 1 42.459 11.211 41.471 10.528
125 7 1 42.478 11.066 41.787 10.502
126 7 1 42.278 11.192 41.678 10.638
127 7 1 42.395 11.247 41.435 10.537
128 7 1 42.060 11.437 41.368 10.891
129 7 1 42.332 11.283 41.453 10.447
130 7 1 42.205 11.337 41.435 10.428
131 7 1 42.379 11.066 41.697 10.520
132 7 1 42.141 11.373 41.426 10.474
133 7 1 42.106 11.292 41.371 10.528
134 7 1 42.106 11.228 41.353 10.528
135 7 1 42.052 11.237 41.344 10.519
136 7 1 41.980 11.255 41.425 10.583
137 7 1 42.007 11.291 41.363 10.401
138 7 1 41.935 11.201 41.362 10.583
139 7 1 41.962 11.192 41.271 10.610
140 7 1 41.872 11.191 41.290 10.555
141 7 1 41.917 11.219 41.073 10.482
142 7 1 41.899 11.173 40.992 10.473
143 7 1 41.872 11.219 40.938 10.445
144 7 1 41.899 11.210 40.911 10.409
145 7 1 41.899 11.237 40.948 10.373
146 7 1 41.862 11.246 40.947 10.418
147 7 1 41.864 11.092 41.199 10.546
148 7 1 41.837 11.073 41.173 10.528
149 7 1 41.819 11.055 41.155 10.509
150 7 1 41.764 11.091 40.974 10.418
151 7 1 41.675 11.019 40.956 10.509
152 7 1 41.639 10.964 40.974 10.473
154 7 1 41.656 11.037 40.912 10.291
155 7 1 41.503 11.055 40.939 10.309
156 7 1 41.476 11.000 40.893 10.382
157 7 1 41.539 11.046 40.786 10.236
158 7 1 41.485 11.018 40.732 10.191
159 7 1 41.430 11.036 40.596 10.245
160 7 1 41.412 11.027 40.523 10.290
161 7 1 41.468 10.918 40.830 10.391
162 7 1 41.431 10.918 40.794 10.390
163 7 1 41.404 10.918 40.767 10.390
164 7 1 41.368 10.918 40.730 10.390
165 7 1 41.259 10.972 40.333 10.335
166 7 1 41.242 10.909 40.351 10.371
167 7 1 41.314 10.900 40.676 10.372
168 7 1 41.179 10.881 40.341 10.398
169 7 1 41.114 10.990 40.414 10.317
170 7 1 41.087 10.990 40.360 10.335
171 7 1 40.997 10.926 40.369 10.380
172 7 1 40.952 10.990 40.342 10.308
173 7 1 41.069 10.972 40.179 10.280
174 7 1 40.988 10.990 40.117 10.189
175 7 1 40.817 10.935 40.287 10.380
176 7 1 40.825 10.953 40.180 10.271
177 7 1 40.799 10.871 40.179 10.389
178 7 1 40.754 10.899 39.972 10.243
179 7 1 40.781 10.881 40.170 10.362
180 7 1 40.754 10.880 40.143 10.362
181 7 1 40.708 10.880 40.097 10.361
182 7 1 40.672 10.880 40.061 10.361
183 7 1 40.645 10.889 39.664 10.233
184 7 1 40.681 10.898 39.726 10.351
185 7 1 40.690 10.898 39.744 10.397
186 7 1 40.781 10.862 39.609 10.233
187 7 1 40.672 10.871 39.600 10.233
188 7 1 40.582 10.853 39.708 10.369
189 7 1 40.573 10.826 39.962 10.307
190 7 1 40.464 10.916 39.601 10.106
191 7 1 40.528 10.807 39.917 10.288
192 7 1 40.501 10.807 39.890 10.288
193 7 1 40.346 10.979 39.529 10.115
194 7 1 40.364 10.943 39.520 10.151
195 7 1 40.373 10.943 39.465 10.142
196 7 1 40.382 10.934 39.484 10.124
197 7 1 40.183 10.924 39.626 10.396
198 7 1 40.346 10.961 39.456 10.133
199 7 1 40.237 10.988 39.374 10.223
200 7 1 40.210 11.024 39.356 10.223
201 7 1 40.119 11.015 39.347 10.214
202 7 1 40.110 11.024 39.310 10.250
203 7 1 40.166 10.870 39.563 10.351
204 7 1 40.083 11.042 39.247 10.223
205 7 1 40.139 10.870 39.536 10.351
206 7 1 40.111 10.888 39.509 10.369
207 7 1 39.884 11.069 39.344 10.541
208 7 1 39.920 11.060 39.118 10.513
209 7 1 39.965 11.124 39.083 10.322
210 7 1 39.802 11.042 39.109 10.540
211 7 1 39.929 11.124 38.947 10.431
212 7 1 39.766 11.114 39.082 10.559
213 7 1 39.783 11.232 38.892 10.449
214 7 1 39.728 11.259 39.047 10.404
215 7 1 39.729 11.214 38.956 10.440
216 7 1 39.655 11.314 38.937 10.504
218 7 1 39.676 11.032 39.082 10.531
219 7 1 39.649 11.041 39.055 10.540
220 7 1 39.630 11.059 39.036 10.558
221 7 1 39.594 11.068 39.000 10.567
223 7 1 39.585 11.059 38.991 10.558
224 7 1 39.339 11.213 38.718 10.694
226 7 1 39.357 11.249 38.538 10.548
227 7 1 39.358 11.177 38.483 10.593
228 7 1 39.285 11.222 38.510 10.621
229 7 1 39.258 11.258 38.501 10.639
230 7 1 39.195 11.195 38.428 10.711
231 7 1 39.277 11.140 38.682 10.639
232 7 1 39.240 11.140 38.646 10.639
234 7 1 39.231 11.131 38.637 10.630
235 7 1 38.958 11.285 38.265 10.729
236 7 1 38.886 11.321 38.247 10.738
237 7 1 38.958 11.376 38.093 10.665
238 7 1 38.850 11.266 38.264 10.765
239 7 1 38.786 11.294 38.038 10.701
241 7 1 38.723 11.248 37.911 10.701
242 7 1 38.750 11.321 37.876 10.555
243 7 1 38.678 11.275 37.884 10.728
244 7 1 38.669 11.275 37.875 10.710
245 7 1 38.623 11.293 37.875 10.719
246 7 1 38.751 11.203 38.165 10.702
248 7 1 38.424 11.211 37.793 10.692
249 7 1 38.369 11.383 37.813 10.437
250 7 1 38.350 11.456 37.804 10.483
251 7 1 38.250 11.538 37.732 10.437
252 7 1 38.241 11.438 37.670 10.246
45 7 1 45.391 10.919 44.561 10.129
81 7 1 43.940 10.961 43.154 10.179
153 7 1 41.638 11.091 40.957 10.318
217 7 1 39.665 11.286 38.883 10.504
225 7 1 39.466 11.213 38.601 10.566
240 7 1 38.759 11.303 37.931 10.528
247 7 1 38.505 11.338 37.903 10.619
0 8 1 44.670 10.075 43.964 9.356
1 8 1 44.651 10.156 43.865 9.338
2 8 1 44.651 10.147 43.874 9.338
3 8 1 44.633 10.147 43.856 9.338
4 8 1 44.597 10.165 43.820 9.356
5 8 1 44.578 10.183 43.801 9.374
6 8 1 44.561 10.165 43.783 9.356
7 8 1 44.524 10.183 43.747 9.374
8 8 1 44.506 10.183 43.729 9.374
9 8 1 44.470 10.183 43.693 9.374
10 8 1 44.452 10.183 43.675 9.374
11 8 1 44.416 10.183 43.639 9.373
12 8 1 44.398 10.183 43.621 9.373
13 8 1 44.362 10.182 43.585 9.373
14 8 1 44.344 10.182 43.567 9.373
15 8 1 44.308 10.182 43.531 9.373
16 8 1 44.272 10.182 43.495 9.373
17 8 1 44.354 10.137 43.531 9.337
18 8 1 44.300 10.119 43.522 9.373
19 8 1 44.281 10.137 43.495 9.364
20 8 1 44.272 10.137 43.495 9.364
21 8 1 44.254 10.137 43.477 9.364
22 8 1 44.218 10.137 43.441 9.364
23 8 1 44.119 10.164 43.422 9.382
24 8 1 44.092 10.173 43.359 9.391
25 8 1 44.074 10.145 43.251 9.408
26 8 1 44.029 10.127 43.205 9.417
27 8 1 44.010 10.191 43.124 9.435
28 8 1 43.957 10.136 43.016 9.444
29 8 1 43.893 10.181 42.962 9.426
30 8 1 43.884 10.172 42.898 9.435
31 8 1 43.785 10.172 42.998 9.435
32 8 1 43.849 10.136 42.880 9.453
33 8 1 43.812 10.172 42.871 9.444
34 8 1 43.848 10.163 42.880 9.471
35 8 1 43.758 10.172 42.952 9.453
36 8 1 43.713 10.172 42.907 9.453
37 8 1 43.668 10.171 42.862 9.453
38 8 1 43.587 10.198 42.880 9.453
39 8 1 43.541 10.253 42.826 9.452
40 8 1 43.532 10.262 42.763 9.480
41 8 1 43.496 10.234 42.772 9.470
42 8 1 43.442 10.243 42.708 9.507
43 8 1 43.406 10.234 42.636 9.479
44 8 1 43.334 10.234 42.482 9.524
46 8 1 43.189 10.234 42.283 9.542
47 8 1 43.198 10.243 42.229 9.550
48 8 1 43.171 10.243 42.229 9.541
49 8 1 43.117 10.252 42.247 9.532
50 8 1 43.072 10.233 42.211 9.514
51 8 1 43.099 10.233 42.193 9.550
52 8 1 43.090 10.215 42.184 9.523
53 8 1 43.090 10.179 42.202 9.496
54 8 1 43.072 10.188 42.193 9.496
55 8 1 43.090 10.188 42.175 9.487
56 8 1 43.027 10.188 42.202 9.532
57 8 1 42.882 10.233 42.167 9.441
58 8 1 42.855 10.224 42.103 9.487
59 8 1 42.837 10.251 42.085 9.523
60 8 1 42.765 10.242 42.048 9.541
61 8 1 42.702 10.250 42.003 9.550
62 8 1 42.647 10.259 41.868 9.558
63 8 1 42.575 10.268 41.777 9.522
64 8 1 42.530 10.250 41.660 9.540
65 8 1 42.503 10.259 41.551 9.567
66 8 1 42.449 10.250 41.524 9.557
67 8 1 42.395 10.241 41.516 9.494
68 8 1 42.377 10.231 41.515 9.603
69 8 1 42.404 10.250 41.551 9.557
70 8 1 42.395 10.241 41.551 9.612
71 8 1 42.359 10.231 41.560 9.594
72 8 1 42.313 10.240 41.542 9.530
73 8 1 42.223 10.213 41.479 9.557
74 8 1 42.178 10.231 41.488 9.512
75 8 1 42.106 10.231 41.443 9.539
76 8 1 42.097 10.222 41.425 9.557
77 8 1 42.034 10.230 41.343 9.530
78 8 1 42.034 10.230 41.316 9.575
79 8 1 41.934 10.221 41.262 9.520
80 8 1 41.844 10.212 41.153 9.556
82 8 1 41.808 10.221 40.882 9.528
83 8 1 41.780 10.239 40.891 9.510
84 8 1 41.717 10.230 40.864 9.564
85 8 1 41.735 10.257 40.873 9.592
86 8 1 41.744 10.257 40.837 9.510
87 8 1 41.735 10.248 40.846 9.474
88 8 1 41.735 10.248 40.846 9.501
89 8 1 41.735 10.221 40.846 9.474
90 8 1 41.699 10.211 40.828 9.464
91 8 1 41.609 10.175 40.820 9.437
92 8 1 41.537 10.156 40.801 9.492
93 8 1 41.464 10.202 40.774 9.482
94 8 1 41.473 10.247 40.792 9.492
95 8 1 41.464 10.238 40.792 9.492
96 8 1 41.401 10.220 40.711 9.482
97 8 1 41.356 10.165 40.638 9.482
98 8 1 41.329 10.210 40.548 9.482
99 8 1 41.239 10.192 40.403 9.472
100 8 1 41.184 10.192 40.295 9.454
101 8 1 41.157 10.174 40.222 9.408
102 8 1 41.058 10.128 40.294 9.535
103 8 1 41.094 10.137 40.303 9.535
104 8 1 41.139 10.192 40.267 9.472
105 8 1 41.076 10.146 40.240 9.526
106 8 1 41.031 10.164 40.294 9.490
107 8 1 41.067 10.201 40.213 9.481
108 8 1 41.022 10.164 40.276 9.535
109 8 1 41.067 10.146 40.195 9.417
110 8 1 40.985 10.173 40.213 9.444
111 8 1 40.958 10.164 40.195 9.453
112 8 1 40.922 10.164 40.177 9.417
113 8 1 40.868 10.191 40.177 9.390
114 8 1 40.805 10.173 40.105 9.399
115 8 1 40.768 10.200 40.078 9.399
116 8 1 40.741 10.154 40.023 9.398
117 8 1 40.706 10.118 39.915 9.389
118 8 1 40.669 10.127 39.842 9.371
119 8 1 40.642 10.127 39.752 9.388
120 8 1 40.652 10.081 39.734 9.407
121 8 1 40.624 10.090 39.715 9.416
122 8 1 40.579 10.099 39.688 9.415
123 8 1 40.525 10.081 39.724 9.516
124 8 1 40.543 10.090 39.579 9.415
125 8 1 40.507 10.090 39.661 9.424
126 8 1 40.534 10.063 39.652 9.424
127 8 1 40.462 10.054 39.778 9.461
128 8 1 40.435 10.026 39.715 9.434
129 8 1 40.417 10.017 39.779 9.398
130 8 1 40.335 10.053 39.752 9.388
131 8 1 40.353 10.044 39.535 9.333
132 8 1 40.200 10.026 39.670 9.361
133 8 1 40.218 9.962 39.662 9.343
134 8 1 40.182 9.944 39.634 9.352
135 8 1 40.182 9.953 39.580 9.352
136 8 1 40.128 9.962 39.462 9.369
137 8 1 40.136 10.035 39.345 9.333
138 8 1 40.101 9.944 39.480 9.351
139 8 1 40.073 9.944 39.453 9.351
140 8 1 40.073 9.944 39.317 9.360
141 8 1 40.127 9.989 39.218 9.250
142 8 1 40.137 9.971 39.227 9.241
143 8 1 40.173 9.980 39.264 9.223
144 8 1 40.064 9.971 39.237 9.241
145 8 1 40.010 9.998 39.264 9.141
146 8 1 39.902 9.925 39.255 9.160
147 8 1 39.884 9.861 39.218 9.305
148 8 1 39.738 9.970 39.228 9.169
149 8 1 39.720 9.943 39.183 9.150
150 8 1 39.703 9.897 39.200 9.241
151 8 1 39.667 9.870 39.146 9.241
152 8 1 39.712 9.843 39.109 9.268
154 8 1 39.676 9.824 39.073 9.250
155 8 1 39.612 9.942 38.766 9.176
156 8 1 39.640 9.815 39.037 9.241
157 8 1 39.613 9.806 39.010 9.232
158 8 1 39.576 9.897 38.658 9.076
159 8 1 39.595 9.779 38.611 9.303
160 8 1 39.567 9.879 38.612 9.158
161 8 1 39.458 9.951 38.639 9.148
162 8 1 39.548 9.924 38.657 9.203
163 8 1 39.558 9.815 38.584 9.248
164 8 1 39.523 9.742 38.920 9.168
165 8 1 39.486 9.733 38.884 9.158
166 8 1 39.260 9.787 38.702 9.231
167 8 1 39.204 9.914 38.531 9.084
168 8 1 39.123 9.814 38.593 9.203
169 8 1 39.132 9.895 38.458 9.048
170 8 1 39.078 9.777 38.530 9.157
171 8 1 39.032 9.904 38.277 9.002
172 8 1 39.123 9.850 38.168 9.083
173 8 1 39.078 9.859 38.168 9.092
174 8 1 39.052 9.713 38.167 9.211
175 8 1 39.042 9.804 38.167 9.202
176 8 1 39.105 9.823 38.077 9.092
177 8 1 38.815 9.858 38.257 9.256
178 8 1 38.960 9.795 38.077 9.074
179 8 1 38.961 9.731 38.085 9.192
180 8 1 38.870 9.840 38.096 9.019
181 8 1 38.815 9.895 38.096 9.038
182 8 1 38.788 9.794 38.221 9.229
183 8 1 38.670 9.903 38.059 9.047
184 8 1 38.562 9.803 38.049 9.156
185 8 1 38.598 9.758 38.040 9.192
186 8 1 38.533 9.957 37.960 8.955
187 8 1 38.488 9.921 37.724 9.027
188 8 1 38.425 9.912 37.696 9.100
189 8 1 38.544 9.730 37.986 9.165
190 8 1 38.517 9.730 37.958 9.164
191 8 1 38.480 9.821 37.541 9.136
192 8 1 38.481 9.712 37.922 9.146
193 8 1 38.454 9.703 37.895 9.137
194 8 1 38.408 9.712 37.850 9.146
195 8 1 38.452 9.912 37.459 9.154
196 8 1 38.407 9.866 37.469 9.108
197 8 1 38.354 9.675 37.796 9.109
198 8 1 38.318 9.675 37.759 9.109
199 8 1 38.181 9.765 37.550 9.200
200 8 1 38.172 9.820 37.523 9.081
201 8 1 38.163 9.802 37.460 9.035
202 8 1 38.063 9.829 37.388 9.044
203 8 1 37.982 9.747 37.414 9.117
204 8 1 37.909 9.783 37.368 9.199
205 8 1 37.872 9.837 37.205 9.126
206 8 1 37.845 9.810 37.097 9.098
207 8 1 37.900 9.746 37.350 9.181
208 8 1 37.827 9.810 37.023 9.216
209 8 1 37.864 9.746 37.314 9.181
210 8 1 37.836 9.755 37.287 9.190
211 8 1 37.754 9.864 36.870 9.070
212 8 1 37.745 9.901 36.870 9.043
213 8 1 37.782 9.764 37.232 9.199
214 8 1 37.689 9.991 36.880 8.897
215 8 1 37.653 10.000 36.898 8.979
216 8 1 37.582 9.818 36.941 9.216
218 8 1 37.546 9.809 37.005 9.243
219 8 1 37.500 9.818 36.959 9.252
220 8 1 37.353 10.045 36.806 9.115
221 8 1 37.381 10.036 36.724 9.133
222 8 1 37.354 9.999 36.733 9.197
223 8 1 37.446 9.791 36.905 9.225
224 8 1 37.309 9.908 36.732 9.306
226 8 1 37.254 10.026 36.360 9.223
227 8 1 37.263 10.026 36.333 9.232
228 8 1 37.308 10.045 36.369 9.232
229 8 1 37.263 10.026 36.296 9.250
230 8 1 37.253 10.045 36.305 9.296
231 8 1 37.254 9.990 36.287 9.268
232 8 1 37.228 9.817 36.687 9.251
233 8 1 37.182 9.826 36.641 9.260
234 8 1 37.155 9.844 36.614 9.278
235 8 1 36.846 9.907 36.277 9.332
236 8 1 36.837 9.898 36.296 9.332
237 8 1 36.890 10.044 36.250 9.314
238 8 1 36.836 9.962 36.223 9.341
239 8 1 36.791 9.925 36.250 9.359
241 8 1 36.718 10.080 36.069 9.231
242 8 1 36.664 9.988 36.014 9.313
243 8 1 36.627 9.988 35.905 9.340
244 8 1 36.728 9.898 36.186 9.332
245 8 1 36.701 9.907 36.159 9.341
246 8 1 36.609 9.997 35.795 9.358
248 8 1 36.364 9.960 35.877 9.404
249 8 1 36.545 10.070 35.668 9.357
250 8 1 36.518 9.988 35.732 9.348
251 8 1 36.564 9.979 35.786 9.349
252 8 1 36.482 10.015 35.814 9.331
45 8 1 43.261 10.252 42.455 9.524
81 8 1 41.835 10.212 41.008 9.592
153 8 1 39.639 9.942 38.974 9.150
217 8 1 37.536 9.873 37.005 9.198
225 8 1 37.236 9.990 36.414 9.260
240 8 1 36.754 10.061 36.105 9.204
247 8 1 36.600 9.961 35.823 9.349
0 10 2 23.073 11.012 21.288 10.247
1 10 2 23.487 11.040 21.039 10.210
2 10 2 23.174 11.021 21.435 10.266
3 10 2 23.147 11.021 21.500 10.202
4 10 2 23.303 11.012 21.334 10.211
5 10 2 23.367 11.086 21.638 10.358
6 10 2 23.441 11.132 21.813 10.340
7 10 2 23.551 11.114 21.859 10.423
8 10 2 23.533 11.159 21.859 10.414
9 10 2 23.717 11.123 22.006 10.414
10 10 2 23.698 11.160 21.997 10.432
11 10 2 23.845 11.178 22.108 10.460
12 10 2 23.882 11.151 22.200 10.433
13 10 2 23.910 11.160 22.181 10.433
14 10 2 23.910 11.243 22.273 10.479
15 10 2 23.983 11.234 22.292 10.433
16 10 2 24.057 11.289 22.439 10.461
17 10 2 24.222 11.298 22.596 10.562
18 10 2 24.268 11.335 22.660 10.526
19 10 2 24.341 11.381 22.697 10.627
20 10 2 24.369 11.390 22.770 10.618
21 10 2 24.442 11.363 22.807 10.608
22 10 2 24.488 11.418 22.945 10.591
23 10 2 24.644 11.436 22.964 10.655
24 10 2 24.626 11.500 23.074 10.701
25 10 2 24.782 11.482 23.111 10.719
26 10 2 24.708 11.528 23.203 10.683
27 10 2 24.855 11.565 23.322 10.729
28 10 2 24.938 11.592 23.414 10.766
29 10 2 24.984 11.528 23.359 10.811
30 10 2 25.066 11.675 23.534 10.812
31 10 2 25.103 11.593 23.488 10.876
32 10 2 25.167 11.620 23.552 10.903
33 10 2 25.250 11.648 23.635 10.931
34 10 2 25.332 11.657 23.717 10.940
35 10 2 25.534 11.776 23.966 10.959
36 10 2 25.754 11.786 24.057 11.051
37 10 2 25.699 11.841 24.122 11.014
38 10 2 25.837 11.832 24.168 11.033
39 10 2 25.882 11.868 24.296 11.042
40 10 2 26.038 12.006 24.269 10.978
41 10 2 25.864 11.795 24.278 11.079
42 10 2 26.148 11.896 24.471 11.088
43 10 2 26.020 11.923 24.397 11.170
44 10 2 26.120 11.978 24.535 11.153
46 10 2 26.286 11.988 24.673 11.199
47 10 2 26.258 11.951 24.672 11.235
48 10 2 26.331 11.960 24.746 11.244
49 10 2 26.405 11.970 24.819 11.254
50 10 2 26.496 11.997 24.911 11.281
51 10 2 26.588 12.007 25.003 11.291
52 10 2 26.661 12.034 25.076 11.318
53 10 2 26.753 12.043 25.168 11.328
54 10 2 26.844 12.071 25.260 11.355
55 10 2 26.918 12.080 25.333 11.365
56 10 2 27.009 12.108 25.425 11.392
57 10 2 27.119 12.117 25.535 11.402
58 10 2 27.531 12.319 25.673 11.493
59 10 2 27.202 12.135 25.618 11.420
60 10 2 27.275 12.145 25.691 11.429
61 10 2 27.366 12.154 25.783 11.439
62 10 2 27.686 12.337 26.021 11.558
63 10 2 27.632 12.291 26.048 11.576
64 10 2 27.705 12.301 26.122 11.586
65 10 2 27.815 12.328 26.232 11.613
66 10 2 27.906 12.337 26.323 11.622
67 10 2 28.126 12.283 26.571 11.541
68 10 2 28.089 12.292 26.580 11.605
69 10 2 28.117 12.301 26.553 11.596
70 10 2 28.208 12.301 26.645 11.596
71 10 2 28.281 12.302 26.718 11.596
72 10 2 28.373 12.320 26.809 11.614
73 10 2 28.501 12.320 26.938 11.615
74 10 2 28.592 12.320 27.029 11.615
75 10 2 28.702 12.339 27.139 11.633
76 10 2 28.794 12.339 27.231 11.633
77 10 2 28.885 12.339 27.323 11.634
78 10 2 28.995 12.339 27.433 11.634
79 10 2 29.105 12.339 27.542 11.634
80 10 2 29.196 12.340 27.634 11.634
82 10 2 29.397 12.340 27.836 11.635
83 10 2 29.489 12.340 27.927 11.635
84 10 2 29.580 12.340 28.019 11.635
85 10 2 29.690 12.340 28.129 11.635
86 10 2 29.799 12.341 28.238 11.635
87 10 2 29.909 12.323 28.348 11.617
88 10 2 30.019 12.323 28.458 11.618
89 10 2 30.128 12.305 28.568 11.600
90 10 2 30.238 12.305 28.678 11.600
91 10 2 30.348 12.305 28.788 11.600
92 10 2 30.457 12.287 28.898 11.582
93 10 2 30.887 12.260 29.071 11.637
94 10 2 30.558 12.278 28.998 11.573
95 10 2 30.886 12.306 29.337 11.592
96 10 2 30.868 12.297 29.318 11.592
97 10 2 30.969 12.297 29.419 11.592
98 10 2 31.087 12.279 29.538 11.574
99 10 2 31.188 12.261 29.638 11.556
100 10 2 31.288 12.261 29.739 11.556
101 10 2 31.407 12.261 29.858 11.557
102 10 2 31.525 12.243 29.977 11.539
103 10 2 31.626 12.225 30.077 11.521
104 10 2 31.763 12.226 30.214 11.521
105 10 2 31.863 12.226 30.315 11.521
106 10 2 31.982 12.208 30.434 11.503
107 10 2 32.082 12.190 30.534 11.485
108 10 2 32.474 12.181 30.735 11.558
109 10 2 32.364 12.217 30.817 11.522
110 10 2 32.465 12.209 30.918 11.513
111 10 2 32.583 12.218 31.036 11.523
112 10 2 32.994 12.146 31.155 11.496
113 10 2 32.693 12.182 31.146 11.486
114 10 2 32.793 12.173 31.246 11.477
115 10 2 33.440 12.101 31.247 11.459
116 10 2 32.921 12.173 31.374 11.478
117 10 2 33.039 12.164 31.493 11.469
118 10 2 33.158 12.137 31.612 11.442
119 10 2 33.276 12.146 31.730 11.451
120 10 2 33.394 12.137 31.849 11.442
121 10 2 33.896 12.056 32.388 11.325
122 10 2 34.132 12.057 32.487 11.398
123 10 2 34.269 12.030 32.524 11.444
124 10 2 34.050 12.057 32.515 11.371
125 10 2 34.496 12.048 32.633 11.408
126 10 2 34.169 12.048 32.633 11.362
127 10 2 34.296 12.048 32.761 11.362
128 10 2 34.424 12.030 32.889 11.344
129 10 2 34.533 12.030 32.998 11.345
130 10 2 34.660 12.030 33.126 11.345
131 10 2 34.806 12.031 33.271 11.345
132 10 2 34.933 12.013 33.399 11.327
133 10 2 35.042 12.013 33.508 11.327
134 10 2 35.169 12.013 33.636 11.328
135 10 2 35.433 12.005 33.964 11.301
136 10 2 35.451 11.986 33.927 11.301
137 10 2 35.569 11.987 34.046 11.301
138 10 2 35.688 11.987 34.164 11.302
139 10 2 35.860 11.969 34.583 11.275
140 10 2 36.279 11.888 34.820 11.203
141 10 2 36.442 11.879 34.828 11.258
142 10 2 36.342 11.924 34.765 11.294
143 10 2 36.305 11.943 34.792 11.276
144 10 2 36.414 11.943 34.901 11.276
145 10 2 36.542 11.925 35.029 11.258
146 10 2 36.669 11.943 35.156 11.276
147 10 2 36.814 11.925 35.301 11.259
148 10 2 36.941 11.926 35.429 11.259
149 10 2 37.050 11.926 35.538 11.259
150 10 2 37.177 11.926 35.665 11.259
151 10 2 37.322 11.926 35.810 11.260
152 10 2 37.449 11.927 35.938 11.260
154 10 2 37.685 11.927 36.174 11.260
155 10 2 38.148 11.892 36.719 11.253
156 10 2 38.374 11.965 36.600 11.289
157 10 2 38.428 11.947 36.746 11.271
158 10 2 38.536 11.992 36.855 11.262
159 10 2 38.636 12.029 37.127 11.272
160 10 2 38.681 12.074 37.172 11.308
161 10 2 38.744 12.038 37.272 11.336
162 10 2 38.853 12.020 37.317 11.318
163 10 2 39.025 12.020 37.481 11.300
164 10 2 39.206 12.039 37.708 11.291
165 10 2 39.170 12.039 37.898 11.282
166 10 2 39.315 12.021 37.907 11.337
167 10 2 39.442 12.066 38.024 11.392
168 10 2 39.596 11.994 38.079 11.356
169 10 2 39.397 12.030 38.251 11.419
170 10 2 39.551 11.994 38.079 11.346
171 10 2 39.659 11.994 38.188 11.347
172 10 2 39.786 12.013 38.314 11.365
173 10 2 39.894 12.031 38.423 11.384
174 10 2 40.021 12.031 38.550 11.384
175 10 2 40.166 12.031 38.695 11.384
176 10 2 40.292 12.032 38.822 11.384
177 10 2 40.843 12.187 39.283 11.540
178 10 2 41.041 12.196 39.310 11.503
179 10 2 41.078 12.169 39.392 11.495
180 10 2 40.762 12.159 39.292 11.512
181 10 2 40.888 12.160 39.419 11.513
182 10 2 41.241 12.124 39.799 11.541
183 10 2 41.241 12.151 39.781 11.514
184 10 2 41.358 12.142 39.898 11.505
185 10 2 41.494 12.152 40.034 11.514
186 10 2 41.611 12.143 40.152 11.505
187 10 2 41.746 12.152 40.287 11.515
188 10 2 41.990 12.143 40.596 11.406
189 10 2 42.117 12.126 40.768 11.389
190 10 2 42.397 12.117 40.858 11.362
191 10 2 42.541 12.090 41.048 11.362
192 10 2 42.497 12.045 41.057 11.407
193 10 2 42.578 12.036 41.138 11.398
194 10 2 42.731 12.027 41.292 11.390
195 10 2 42.885 12.018 41.446 11.381
196 10 2 43.002 12.009 41.563 11.372
197 10 2 43.120 12.001 41.681 11.363
198 10 2 43.255 11.992 41.816 11.355
199 10 2 43.372 11.983 41.934 11.346
200 10 2 43.723 12.029 42.187 11.283
201 10 2 43.940 12.029 42.259 11.356
202 10 2 43.652 11.965 42.214 11.328
203 10 2 43.814 11.966 42.529 11.383
204 10 2 44.094 11.966 42.647 11.311
205 10 2 44.274 11.966 42.720 11.320
206 10 2 44.481 11.994 42.647 11.329
207 10 2 44.184 11.939 42.756 11.311
208 10 2 44.742 11.922 43.298 11.249
209 10 2 44.779 11.922 43.162 11.240
210 10 2 44.923 11.922 43.153 11.249
211 10 2 45.022 11.886 43.343 11.222
212 10 2 44.689 11.868 43.262 11.240
213 10 2 44.797 11.850 43.370 11.222
214 10 2 44.923 11.850 43.496 11.222
215 10 2 45.031 11.850 43.604 11.223
216 10 2 45.157 11.832 43.731 11.205
218 10 2 45.374 11.779 43.948 11.151
219 10 2 45.482 11.779 44.056 11.151
220 10 2 45.608 11.761 44.182 11.133
221 10 2 45.716 11.725 44.291 11.097
222 10 2 45.843 11.707 44.417 11.079
223 10 2 45.969 11.707 44.543 11.080
224 10 2 46.428 11.582 44.986 10.936
226 10 2 46.393 11.563 44.968 10.936
227 10 2 46.501 11.546 45.076 10.918
228 10 2 46.609 11.510 45.184 10.882
229 10 2 46.735 11.492 45.311 10.864
230 10 2 46.825 11.492 45.401 10.864
231 10 2 46.951 11.474 45.527 10.847
232 10 2 47.041 11.438 45.617 10.811
233 10 2 47.167 11.420 45.743 10.793
234 10 2 47.275 11.403 45.852 10.775
235 10 2 47.383 11.367 45.960 10.739
236 10 2 47.491 11.349 46.068 10.721
237 10 2 47.599 11.331 46.176 10.703
238 10 2 47.707 11.295 46.284 10.667
239 10 2 47.833 11.259 46.411 10.632
241 10 2 47.950 11.232 46.528 10.605
242 10 2 48.058 11.214 46.636 10.587
243 10 2 48.166 11.178 46.744 10.551
244 10 2 48.274 11.161 46.852 10.533
245 10 2 48.382 11.125 46.961 10.497
246 10 2 48.508 11.107 47.087 10.479
248 10 2 49.128 11.045 47.761 10.391
249 10 2 49.370 11.028 47.617 10.454
250 10 2 49.532 11.019 47.662 10.400
251 10 2 49.119 11.009 47.708 10.382
252 10 2 49.218 10.991 47.807 10.364
45 10 2 26.112 11.914 24.526 11.198
81 10 2 29.287 12.340 27.726 11.634
153 10 2 37.558 11.927 36.047 11.260
217 10 2 45.266 11.796 43.839 11.169
225 10 2 46.707 11.636 45.112 10.909
240 10 2 48.407 11.306 46.393 10.650
247 10 2 48.616 11.089 47.195 10.462
