0 0 1 26.629 11.383 25.699 10.781
1 0 1 26.658 11.402 25.690 10.771
2 0 1 26.696 11.402 25.728 10.771
3 0 1 26.744 11.393 25.776 10.762
4 0 1 26.782 11.384 25.814 10.753
5 0 1 26.830 11.336 25.860 10.895
6 0 1 27.021 11.394 26.025 10.725
7 0 1 27.011 11.375 26.025 10.734
8 0 1 27.049 11.394 26.063 10.754
9 0 1 27.107 11.375 26.120 10.735
10 0 1 27.154 11.376 26.168 10.735
11 0 1 27.193 11.357 26.206 10.716
12 0 1 27.250 11.357 26.264 10.717
13 0 1 27.298 11.357 26.311 10.717
14 0 1 27.355 11.367 26.369 10.726
15 0 1 27.413 11.339 26.426 10.698
16 0 1 27.479 11.339 26.493 10.699
17 0 1 27.518 11.339 26.531 10.699
18 0 1 27.555 11.377 26.569 10.737
19 0 1 27.604 11.292 26.616 10.861
20 0 1 27.652 11.245 26.662 10.937
21 0 1 27.699 11.368 26.732 10.700
22 0 1 27.709 11.311 26.828 10.672
23 0 1 27.794 11.388 26.866 10.700
24 0 1 27.795 11.293 26.855 10.786
25 0 1 27.842 11.293 26.903 10.786
26 0 1 27.881 11.293 26.941 10.786
27 0 1 27.947 11.293 27.008 10.786
28 0 1 27.995 11.294 27.056 10.786
29 0 1 28.043 11.303 27.103 10.796
30 0 1 28.100 11.304 27.160 10.796
31 0 1 28.148 11.304 27.208 10.797
32 0 1 28.167 11.304 27.237 10.797
34 0 1 28.157 11.294 27.227 10.787
35 0 1 28.186 11.294 27.256 10.787
36 0 1 28.243 11.295 27.313 10.788
37 0 1 28.291 11.295 27.361 10.788
38 0 1 28.329 11.295 27.399 10.788
39 0 1 28.367 11.286 27.437 10.779
40 0 1 28.415 11.286 27.485 10.779
41 0 1 28.472 11.286 27.542 10.779
42 0 1 28.520 11.286 27.590 10.779
43 0 1 28.558 11.286 27.628 10.779
44 0 1 28.615 11.287 27.685 10.780
45 0 1 28.663 11.277 27.733 10.770
46 0 1 28.730 11.278 27.800 10.771
47 0 1 28.768 11.268 27.838 10.761
48 0 1 28.815 11.269 27.886 10.762
49 0 1 28.873 11.269 27.943 10.762
50 0 1 28.920 11.269 27.991 10.762
51 0 1 28.958 11.269 28.029 10.762
53 0 1 28.949 11.260 28.020 10.753
54 0 1 28.987 11.260 28.058 10.753
55 0 1 29.025 11.260 28.096 10.753
56 0 1 29.311 11.271 28.373 10.707
57 0 1 29.292 11.242 28.363 10.735
58 0 1 29.340 11.242 28.411 10.735
59 0 1 29.378 11.242 28.449 10.736
60 0 1 29.435 11.243 28.506 10.736
61 0 1 29.483 11.243 28.554 10.736
62 0 1 29.549 11.253 28.620 10.746
63 0 1 29.587 11.253 28.658 10.746
64 0 1 29.635 11.253 28.706 10.746
65 0 1 29.692 11.263 28.763 10.756
66 0 1 29.710 11.377 28.868 10.747
68 0 1 29.739 11.320 28.829 10.804
69 0 1 29.777 11.320 28.868 10.804
70 0 1 29.825 11.320 28.915 10.804
71 0 1 29.854 11.311 28.944 10.795
72 0 1 29.911 11.302 29.001 10.785
73 0 1 29.958 11.311 29.049 10.795
74 0 1 29.996 11.302 29.087 10.786
75 0 1 30.044 11.312 29.134 10.796
76 0 1 30.101 11.302 29.192 10.786
77 0 1 30.158 11.312 29.249 10.796
78 0 1 30.206 11.303 29.296 10.787
79 0 1 30.253 11.303 29.344 10.787
80 0 1 30.311 11.303 29.401 10.787
81 0 1 30.358 11.303 29.449 10.787
82 0 1 30.396 11.304 29.487 10.788
83 0 1 30.444 11.304 29.535 10.788
84 0 1 30.510 11.304 29.601 10.788
86 0 1 30.501 11.294 29.592 10.779
87 0 1 30.539 11.295 29.630 10.779
88 0 1 30.587 11.295 29.677 10.779
89 0 1 30.625 11.295 29.716 10.779
90 0 1 30.663 11.295 29.754 10.779
91 0 1 30.710 11.295 29.801 10.780
92 0 1 30.777 11.296 29.868 10.780
93 0 1 30.815 11.296 29.906 10.780
94 0 1 30.872 11.305 29.963 10.790
95 0 1 30.919 11.315 30.011 10.799
97 0 1 30.910 11.306 30.001 10.790
98 0 1 31.281 11.345 30.391 10.773
100 0 1 31.271 11.317 30.372 10.801
101 0 1 31.319 11.326 30.420 10.811
103 0 1 31.309 11.317 30.410 10.801
104 0 1 31.338 11.317 30.439 10.801
105 0 1 31.405 11.317 30.505 10.802
107 0 1 31.395 11.308 30.496 10.792
108 0 1 31.414 11.308 30.515 10.792
109 0 1 31.719 11.281 30.887 10.727
110 0 1 31.738 11.262 30.848 10.746
111 0 1 31.776 11.262 30.886 10.746
112 0 1 31.823 11.262 30.934 10.747
113 0 1 31.880 11.262 30.991 10.747
114 0 1 31.937 11.263 31.048 10.747
116 0 1 31.928 11.253 31.039 10.738
117 0 1 31.966 11.253 31.077 10.738
119 0 1 32.250 11.311 31.381 10.749
120 0 1 32.260 11.283 31.381 10.768
121 0 1 32.289 11.283 31.409 10.768
122 0 1 32.346 11.283 31.466 10.768
123 0 1 32.403 11.283 31.523 10.768
124 0 1 32.450 11.284 31.571 10.768
125 0 1 32.498 11.284 31.618 10.769
126 0 1 32.536 11.293 31.656 10.778
127 0 1 32.592 11.303 31.713 10.788
128 0 1 32.649 11.303 31.770 10.788
129 0 1 32.697 11.304 31.818 10.788
130 0 1 32.744 11.304 31.865 10.789
131 0 1 32.792 11.313 31.913 10.798
133 0 1 32.782 11.304 31.903 10.789
134 0 1 32.991 11.381 32.178 10.809
135 0 1 33.010 11.352 32.140 10.837
136 0 1 33.048 11.352 32.178 10.837
137 0 1 33.105 11.353 32.235 10.838
138 0 1 33.152 11.353 32.283 10.838
139 0 1 33.190 11.343 32.321 10.828
140 0 1 33.238 11.334 32.368 10.819
141 0 1 33.295 11.344 32.425 10.829
142 0 1 33.352 11.335 32.482 10.820
143 0 1 33.399 11.335 32.530 10.820
144 0 1 33.447 11.335 32.577 10.820
145 0 1 33.504 11.335 32.634 10.820
146 0 1 33.560 11.336 32.691 10.821
147 0 1 33.608 11.326 32.739 10.811
148 0 1 33.655 11.326 32.786 10.812
149 0 1 33.712 11.327 32.843 10.812
151 0 1 33.703 11.317 32.834 10.802
152 0 1 33.750 11.317 32.881 10.802
153 0 1 33.798 11.318 32.929 10.803
154 0 1 33.826 11.318 32.957 10.803
155 0 1 33.883 11.318 33.014 10.803
156 0 1 33.931 11.318 33.062 10.803
157 0 1 33.978 11.318 33.109 10.803
158 0 1 34.035 11.319 33.166 10.804
159 0 1 34.082 11.319 33.213 10.804
160 0 1 34.139 11.328 33.270 10.814
161 0 1 34.196 11.319 33.327 10.804
162 0 1 34.253 11.329 33.384 10.814
163 0 1 34.300 11.320 33.432 10.805
164 0 1 34.367 11.329 33.498 10.815
165 0 1 34.405 11.330 33.536 10.815
166 0 1 34.452 11.330 33.583 10.815
167 0 1 34.509 11.330 33.640 10.815
169 0 1 34.500 11.320 33.631 10.806
170 0 1 34.537 11.321 33.669 10.806
171 0 1 34.888 11.360 33.991 10.760
172 0 1 34.860 11.312 33.991 10.798
173 0 1 34.907 11.313 34.039 10.798
174 0 1 34.964 11.313 34.095 10.798
175 0 1 35.021 11.313 34.152 10.799
176 0 1 35.068 11.304 34.200 10.789
177 0 1 35.116 11.314 34.247 10.799
178 0 1 35.172 11.304 34.304 10.790
179 0 1 35.229 11.305 34.361 10.790
180 0 1 35.277 11.305 34.408 10.790
181 0 1 35.324 11.305 34.456 10.790
182 0 1 35.390 11.296 34.522 10.781
0 2 1 25.930 8.941 25.164 8.263
1 2 1 25.958 8.960 25.154 8.254
2 2 1 25.987 8.960 25.183 8.254
3 2 1 26.034 8.960 25.231 8.254
4 2 1 26.092 8.951 25.288 8.245
5 2 1 26.139 8.961 25.336 8.255
6 2 1 26.178 8.951 25.374 8.245
7 2 1 26.225 8.952 25.422 8.246
8 2 1 26.283 8.952 25.479 8.246
9 2 1 26.321 8.952 25.517 8.246
10 2 1 26.369 8.952 25.565 8.247
11 2 1 26.397 8.952 25.594 8.247
12 2 1 26.445 8.953 25.641 8.247
14 2 1 26.436 8.943 25.632 8.237
15 2 1 26.474 8.934 25.670 8.228
16 2 1 26.512 8.944 25.708 8.238
17 2 1 26.550 8.934 25.747 8.229
18 2 1 26.607 8.944 25.804 8.238
19 2 1 26.646 8.935 25.842 8.229
20 2 1 26.684 8.945 25.880 8.239
21 2 1 26.741 8.935 25.937 8.230
22 2 1 26.779 8.945 25.976 8.239
23 2 1 26.836 8.936 26.033 8.230
24 2 1 26.874 8.964 26.071 8.259
25 2 1 26.932 8.955 26.128 8.250
26 2 1 26.970 8.965 26.166 8.259
27 2 1 27.027 8.956 26.224 8.250
28 2 1 27.065 8.965 26.262 8.260
29 2 1 27.103 8.956 26.300 8.251
30 2 1 27.160 8.966 26.357 8.260
31 2 1 27.198 8.976 26.395 8.270
32 2 1 27.237 8.985 26.433 8.280
34 2 1 27.332 8.986 26.529 8.280
35 2 1 27.370 8.977 26.567 8.271
36 2 1 27.408 8.986 26.605 8.281
37 2 1 27.465 8.977 26.662 8.272
38 2 1 27.523 8.987 26.719 8.281
39 2 1 27.561 8.978 26.758 8.272
40 2 1 27.599 8.987 26.796 8.282
41 2 1 27.656 8.978 26.853 8.273
42 2 1 27.694 8.988 26.891 8.282
43 2 1 27.751 8.979 26.948 8.273
44 2 1 27.790 8.969 26.987 8.264
45 2 1 27.828 8.960 27.025 8.255
46 2 1 27.866 8.951 27.063 8.245
47 2 1 27.904 8.941 27.101 8.236
48 2 1 27.942 8.932 27.140 8.227
49 2 1 27.981 8.923 27.178 8.218
50 2 1 28.019 8.933 27.216 8.227
51 2 1 28.076 8.923 27.273 8.218
53 2 1 28.171 8.924 27.368 8.219
54 2 1 28.209 8.934 27.406 8.228
55 2 1 28.267 8.924 27.464 8.219
56 2 1 28.305 8.934 27.502 8.229
57 2 1 28.343 8.925 27.540 8.220
58 2 1 28.400 8.935 27.597 8.230
59 2 1 28.457 8.925 27.654 8.220
60 2 1 28.495 8.935 27.692 8.230
61 2 1 28.552 8.926 27.750 8.221
62 2 1 28.590 8.936 27.788 8.231
63 2 1 28.648 8.926 27.845 8.221
64 2 1 28.686 8.936 27.883 8.231
65 2 1 28.724 8.946 27.921 8.241
66 2 1 28.781 8.956 27.978 8.251
68 2 1 28.857 8.975 28.054 8.270
69 2 1 28.895 8.966 28.092 8.261
70 2 1 28.952 8.975 28.149 8.271
71 2 1 28.990 8.966 28.187 8.261
72 2 1 29.028 8.976 28.225 8.271
73 2 1 29.085 8.967 28.283 8.262
74 2 1 29.123 8.957 28.321 8.253
75 2 1 29.180 8.967 28.378 8.262
76 2 1 29.218 8.958 28.416 8.253
77 2 1 29.275 8.968 28.473 8.263
78 2 1 29.313 8.977 28.511 8.273
79 2 1 29.370 8.987 28.568 8.282
80 2 1 29.408 8.997 28.606 8.292
81 2 1 29.447 8.987 28.644 8.283
82 2 1 29.504 8.997 28.701 8.293
83 2 1 29.542 8.988 28.739 8.283
84 2 1 29.580 8.998 28.777 8.293
86 2 1 29.675 8.998 28.873 8.293
87 2 1 29.732 8.989 28.930 8.284
88 2 1 29.770 8.999 28.968 8.294
89 2 1 29.808 8.989 29.006 8.285
90 2 1 29.865 8.999 29.063 8.295
91 2 1 29.903 9.009 29.101 8.304
92 2 1 29.960 9.019 29.158 8.314
93 2 1 30.017 9.009 29.215 8.305
94 2 1 30.055 9.019 29.253 8.315
95 2 1 30.112 9.010 29.310 8.305
97 2 1 30.169 9.086 29.367 8.362
98 2 1 30.207 9.077 29.405 8.353
100 2 1 30.464 9.002 29.710 8.260
101 2 1 30.474 8.993 29.691 8.270
103 2 1 30.569 9.012 29.786 8.289
104 2 1 30.588 9.022 29.805 8.299
105 2 1 30.645 9.032 29.862 8.308
107 2 1 30.721 9.032 29.938 8.309
108 2 1 30.777 9.042 29.995 8.319
109 2 1 30.834 9.052 30.052 8.328
110 2 1 30.873 9.042 30.090 8.319
111 2 1 30.910 9.052 30.128 8.329
112 2 1 30.967 9.081 30.185 8.358
113 2 1 31.024 9.109 30.241 8.386
114 2 1 31.062 9.138 30.279 8.415
116 2 1 31.138 9.138 30.355 8.415
117 2 1 31.195 9.148 30.412 8.425
119 2 1 31.290 9.148 30.507 8.426
120 2 1 31.328 9.158 30.545 8.435
121 2 1 31.365 9.168 30.583 8.445
122 2 1 31.423 9.159 30.640 8.436
123 2 1 31.479 9.168 30.697 8.446
124 2 1 31.518 9.159 30.735 8.436
125 2 1 31.613 9.150 30.746 8.342
126 2 1 31.565 9.112 30.783 8.389
127 2 1 31.603 9.122 30.821 8.399
128 2 1 31.660 9.131 30.878 8.409
129 2 1 31.698 9.141 30.916 8.418
130 2 1 31.755 9.151 30.973 8.428
131 2 1 31.793 9.142 31.011 8.419
133 2 1 32.002 9.086 31.126 8.297
134 2 1 32.135 9.124 31.221 8.278
135 2 1 32.069 9.058 31.278 8.335
136 2 1 32.116 9.068 31.325 8.345
137 2 1 32.164 9.077 31.372 8.355
138 2 1 32.296 9.135 31.287 8.373
139 2 1 32.192 9.106 31.391 8.383
140 2 1 32.344 9.059 31.402 8.260
141 2 1 32.269 9.021 31.468 8.299
142 2 1 32.307 9.031 31.506 8.308
143 2 1 32.344 9.040 31.544 8.318
144 2 1 32.401 9.031 31.601 8.309
145 2 1 32.477 9.041 31.676 8.319
146 2 1 32.534 9.051 31.733 8.328
147 2 1 32.572 9.079 31.771 8.357
148 2 1 32.610 9.070 31.809 8.348
149 2 1 32.648 9.080 31.847 8.357
151 2 1 32.724 9.080 31.923 8.358
152 2 1 32.781 9.071 31.980 8.349
153 2 1 32.837 9.081 32.037 8.358
154 2 1 32.875 9.091 32.075 8.368
155 2 1 32.932 9.100 32.131 8.378
156 2 1 32.989 9.091 32.188 8.369
157 2 1 33.027 9.082 32.227 8.359
158 2 1 33.084 9.073 32.284 8.350
159 2 1 33.160 9.083 32.359 8.360
160 2 1 33.217 9.073 32.416 8.351
161 2 1 33.255 9.083 32.454 8.361
162 2 1 33.312 9.074 32.511 8.352
163 2 1 33.369 9.065 32.568 8.342
164 2 1 33.388 9.055 32.587 8.333
165 2 1 33.445 9.046 32.644 8.324
166 2 1 33.464 9.037 32.663 8.315
167 2 1 33.520 9.047 32.720 8.324
169 2 1 33.596 9.028 32.796 8.306
170 2 1 33.634 9.019 32.834 8.297
171 2 1 33.672 9.010 32.872 8.288
172 2 1 33.729 9.001 32.929 8.278
173 2 1 33.786 9.010 32.986 8.288
174 2 1 33.824 9.001 33.024 8.279
175 2 1 33.862 9.011 33.062 8.289
176 2 1 33.919 9.020 33.118 8.298
177 2 1 33.994 9.030 33.194 8.308
178 2 1 34.051 9.040 33.251 8.318
179 2 1 34.089 9.069 33.289 8.347
180 2 1 34.127 9.059 33.327 8.337
181 2 1 34.183 9.088 33.383 8.366
182 2 1 34.240 9.079 33.440 8.357
33 2 1 27.275 8.976 26.471 8.271
52 2 1 28.114 8.933 27.311 8.228
67 2 1 28.819 8.965 28.016 8.260
85 2 1 29.637 8.988 28.835 8.284
96 2 1 30.177 9.171 29.358 8.287
99 2 1 30.245 9.105 29.443 8.382
102 2 1 30.512 9.003 29.729 8.279
106 2 1 30.683 9.022 29.900 8.299
115 2 1 31.100 9.147 30.317 8.424
118 2 1 31.252 9.139 30.469 8.416
132 2 1 32.002 9.114 31.088 8.306
150 2 1 32.686 9.071 31.885 8.348
168 2 1 33.539 9.037 32.739 8.315
0 3 1 25.389 9.469 24.528 8.724
1 3 1 25.417 9.488 24.518 8.715
2 3 1 25.446 9.488 24.547 8.715
3 3 1 25.494 9.488 24.595 8.715
4 3 1 25.542 9.489 24.642 8.716
5 3 1 25.589 9.489 24.690 8.716
6 3 1 25.618 9.489 24.719 8.716
7 3 1 25.666 9.489 24.767 8.716
8 3 1 25.694 9.489 24.795 8.716
9 3 1 25.742 9.490 24.843 8.717
10 3 1 25.771 9.490 24.872 8.717
11 3 1 25.809 9.490 24.910 8.717
12 3 1 25.866 9.509 24.967 8.736
13 3 1 25.914 9.491 25.015 8.718
14 3 1 25.952 9.510 25.053 8.737
15 3 1 25.990 9.491 25.092 8.718
16 3 1 26.019 9.510 25.120 8.737
17 3 1 26.057 9.491 25.158 8.718
18 3 1 26.115 9.492 25.216 8.719
19 3 1 26.162 9.492 25.264 8.719
20 3 1 26.191 9.492 25.292 8.719
21 3 1 26.239 9.492 25.340 8.719
22 3 1 26.286 9.492 25.388 8.720
23 3 1 26.325 9.493 25.426 8.720
24 3 1 26.363 9.474 25.464 8.701
25 3 1 26.411 9.455 25.512 8.682
26 3 1 26.449 9.474 25.550 8.701
27 3 1 26.506 9.456 25.608 8.683
28 3 1 26.535 9.475 25.636 8.702
29 3 1 26.583 9.456 25.684 8.683
30 3 1 26.592 9.456 25.694 8.683
31 3 1 26.640 9.456 25.742 8.684
32 3 1 26.659 9.456 25.761 8.684
34 3 1 26.745 9.457 25.847 8.684
35 3 1 26.793 9.457 25.894 8.684
36 3 1 26.821 9.457 25.923 8.685
37 3 1 26.869 9.438 25.971 8.666
38 3 1 26.889 9.420 25.990 8.647
39 3 1 26.965 9.439 26.066 8.666
40 3 1 26.984 9.420 26.086 8.647
41 3 1 27.041 9.439 26.143 8.667
42 3 1 27.070 9.420 26.172 8.648
43 3 1 27.117 9.440 26.219 8.667
44 3 1 27.156 9.421 26.257 8.648
45 3 1 27.213 9.440 26.314 8.668
46 3 1 27.242 9.421 26.343 8.649
47 3 1 27.289 9.441 26.391 8.668
48 3 1 27.337 9.422 26.439 8.649
49 3 1 27.385 9.422 26.486 8.650
50 3 1 27.413 9.422 26.515 8.650
51 3 1 27.461 9.422 26.563 8.650
53 3 1 27.547 9.404 26.649 8.632
54 3 1 27.585 9.385 26.687 8.613
55 3 1 27.633 9.404 26.735 8.632
56 3 1 27.661 9.386 26.764 8.613
57 3 1 27.709 9.386 26.811 8.614
58 3 1 27.738 9.386 26.840 8.614
59 3 1 27.776 9.386 26.878 8.614
60 3 1 27.833 9.386 26.935 8.614
61 3 1 27.881 9.368 26.983 8.596
62 3 1 27.929 9.349 27.031 8.577
63 3 1 27.976 9.368 27.078 8.596
64 3 1 28.005 9.349 27.107 8.577
65 3 1 28.043 9.350 27.145 8.577
66 3 1 28.081 9.350 27.184 8.578
68 3 1 28.139 9.331 27.241 8.559
69 3 1 28.186 9.312 27.289 8.540
70 3 1 28.215 9.331 27.317 8.559
71 3 1 28.253 9.313 27.356 8.541
72 3 1 28.291 9.332 27.393 8.560
73 3 1 28.339 9.313 27.441 8.541
74 3 1 28.367 9.332 27.470 8.560
75 3 1 28.415 9.314 27.518 8.542
76 3 1 28.444 9.314 27.546 8.542
77 3 1 28.482 9.314 27.584 8.542
78 3 1 28.520 9.314 27.622 8.542
79 3 1 28.568 9.314 27.670 8.542
80 3 1 28.606 9.315 27.708 8.543
81 3 1 28.663 9.315 27.765 8.543
82 3 1 28.682 9.315 27.784 8.543
83 3 1 28.739 9.315 27.842 8.543
84 3 1 28.786 9.334 27.889 8.563
86 3 1 28.872 9.316 27.975 8.544
87 3 1 28.929 9.316 28.032 8.544
88 3 1 28.948 9.316 28.051 8.545
89 3 1 29.006 9.317 28.108 8.545
90 3 1 29.034 9.317 28.137 8.545
91 3 1 29.101 9.317 28.204 8.545
92 3 1 29.120 9.317 28.223 8.545
93 3 1 29.177 9.317 28.280 8.546
94 3 1 29.196 9.318 28.299 8.546
95 3 1 29.253 9.318 28.356 8.546
97 3 1 29.348 9.318 28.451 8.547
98 3 1 29.377 9.318 28.480 8.547
100 3 1 29.463 9.319 28.565 8.547
101 3 1 29.520 9.319 28.623 8.548
103 3 1 29.520 9.281 28.623 8.529
104 3 1 29.558 9.281 28.661 8.529
105 3 1 29.596 9.282 28.699 8.529
107 3 1 29.672 9.282 28.775 8.530
108 3 1 29.710 9.282 28.813 8.530
109 3 1 29.767 9.302 28.870 8.549
110 3 1 29.824 9.302 28.927 8.549
111 3 1 29.843 9.302 28.946 8.549
112 3 1 29.900 9.302 29.003 8.550
113 3 1 29.919 9.302 29.022 8.550
114 3 1 29.976 9.303 29.080 8.550
116 3 1 30.053 9.303 29.156 8.551
117 3 1 30.110 9.303 29.213 8.551
119 3 1 30.186 9.323 29.289 8.570
120 3 1 30.243 9.323 29.346 8.571
121 3 1 30.281 9.323 29.384 8.571
122 3 1 30.319 9.323 29.422 8.571
123 3 1 30.376 9.324 29.479 8.571
124 3 1 30.433 9.324 29.536 8.572
125 3 1 30.452 9.324 29.555 8.572
126 3 1 30.509 9.324 29.612 8.572
127 3 1 30.595 9.277 29.688 8.591
128 3 1 30.585 9.306 29.688 8.563
129 3 1 30.623 9.315 29.726 8.573
130 3 1 30.661 9.325 29.764 8.582
131 3 1 30.718 9.316 29.821 8.573
133 3 1 30.813 9.288 29.898 8.555
134 3 1 30.946 9.289 29.897 8.583
135 3 1 30.880 9.298 29.955 8.574
136 3 1 30.908 9.307 29.983 8.583
137 3 1 30.956 9.317 30.030 8.593
138 3 1 30.984 9.308 30.059 8.584
139 3 1 31.032 9.317 30.107 8.594
140 3 1 31.060 9.327 30.135 8.603
141 3 1 31.108 9.337 30.182 8.613
142 3 1 31.155 9.328 30.230 8.604
143 3 1 31.203 9.337 30.277 8.613
144 3 1 31.231 9.328 30.306 8.604
145 3 1 31.260 9.337 30.335 8.614
146 3 1 31.288 9.328 30.363 8.604
147 3 1 31.336 9.319 30.411 8.595
148 3 1 31.383 9.310 30.458 8.586
149 3 1 31.431 9.319 30.506 8.596
151 3 1 31.526 9.320 30.601 8.596
152 3 1 31.573 9.330 30.648 8.606
153 3 1 31.621 9.339 30.696 8.616
154 3 1 31.668 9.330 30.743 8.606
155 3 1 31.715 9.340 30.791 8.616
156 3 1 31.744 9.331 30.819 8.607
157 3 1 31.810 9.340 30.886 8.617
158 3 1 31.858 9.331 30.933 8.608
159 3 1 31.905 9.341 30.981 8.617
160 3 1 31.934 9.331 31.009 8.608
161 3 1 32.000 9.341 31.076 8.618
162 3 1 32.029 9.351 31.104 8.627
163 3 1 32.095 9.361 31.171 8.637
164 3 1 32.124 9.351 31.199 8.628
165 3 1 32.171 9.361 31.246 8.638
166 3 1 32.219 9.352 31.294 8.628
167 3 1 32.266 9.343 31.342 8.619
169 3 1 32.361 9.343 31.437 8.620
170 3 1 32.390 9.334 31.465 8.610
171 3 1 32.437 9.325 31.513 8.601
172 3 1 32.466 9.315 31.541 8.592
173 3 1 32.513 9.306 31.589 8.583
174 3 1 32.561 9.297 31.636 8.574
175 3 1 32.608 9.307 31.684 8.583
176 3 1 32.637 9.278 31.712 8.555
177 3 1 32.684 9.288 31.760 8.565
178 3 1 32.713 9.279 31.788 8.555
179 3 1 32.760 9.270 31.836 8.546
180 3 1 32.789 9.260 31.864 8.537
181 3 1 32.836 9.251 31.912 8.528
182 3 1 32.884 9.242 31.960 8.519
33 3 1 26.716 9.457 25.818 8.684
52 3 1 27.489 9.423 26.591 8.650
67 3 1 28.110 9.350 27.212 8.578
85 3 1 28.834 9.316 27.937 8.544
96 3 1 29.301 9.318 28.404 8.546
99 3 1 29.443 9.319 28.546 8.547
102 3 1 29.539 9.244 28.603 8.576
106 3 1 29.634 9.282 28.737 8.529
115 3 1 30.015 9.303 29.118 8.550
118 3 1 30.167 9.322 29.270 8.570
132 3 1 30.918 9.241 29.802 8.601
150 3 1 31.478 9.310 30.553 8.587
168 3 1 32.314 9.333 31.389 8.610
0 5 1 25.062 13.032 24.161 12.239
1 5 1 25.090 13.061 24.151 12.229
2 5 1 25.119 13.042 24.180 12.210
3 5 1 25.148 13.042 24.209 12.210
4 5 1 25.272 13.033 24.305 12.201
5 5 1 25.253 13.033 24.295 12.201
6 5 1 25.301 13.033 24.343 12.201
7 5 1 25.358 13.033 24.401 12.202
8 5 1 25.397 13.033 24.439 12.202
9 5 1 25.435 13.014 24.478 12.183
10 5 1 25.474 12.995 24.516 12.164
11 5 1 25.511 13.043 24.554 12.212
12 5 1 25.550 12.996 24.593 12.164
13 5 1 25.588 12.996 24.631 12.164
14 5 1 25.627 12.939 24.670 12.107
15 5 1 25.684 12.977 24.727 12.146
16 5 1 25.723 12.958 24.766 12.127
17 5 1 25.770 12.977 24.813 12.146
18 5 1 25.799 12.958 24.842 12.127
19 5 1 25.818 12.958 24.861 12.127
20 5 1 25.857 12.959 24.900 12.127
21 5 1 25.971 12.978 25.053 12.099
22 5 1 25.972 12.959 25.034 12.118
23 5 1 26.019 12.969 25.081 12.128
24 5 1 26.067 12.959 25.129 12.119
25 5 1 26.086 12.950 25.149 12.109
26 5 1 26.144 12.960 25.206 12.119
27 5 1 26.163 12.950 25.225 12.109
28 5 1 26.220 12.960 25.282 12.119
29 5 1 26.239 12.950 25.302 12.110
30 5 1 26.297 12.941 25.359 12.100
31 5 1 26.316 12.932 25.378 12.091
32 5 1 26.373 12.951 25.436 12.110
34 5 1 26.431 12.941 25.493 12.101
35 5 1 26.469 12.932 25.532 12.092
36 5 1 26.488 12.942 25.551 12.101
37 5 1 26.507 12.932 25.570 12.092
38 5 1 26.565 12.923 25.627 12.082
39 5 1 26.584 12.913 25.647 12.073
40 5 1 26.622 12.904 25.685 12.064
41 5 1 26.680 12.895 25.742 12.054
42 5 1 26.718 12.904 25.781 12.064
43 5 1 26.756 12.895 25.819 12.055
44 5 1 26.794 12.905 25.857 12.064
45 5 1 26.833 12.895 25.895 12.055
46 5 1 26.871 12.886 25.934 12.046
47 5 1 26.909 12.876 25.972 12.036
48 5 1 26.967 12.886 26.029 12.046
49 5 1 27.024 12.858 26.087 12.018
50 5 1 27.063 12.858 26.125 12.018
51 5 1 27.101 12.839 26.164 11.999
53 5 1 27.177 12.839 26.240 11.999
54 5 1 27.216 12.849 26.278 12.009
55 5 1 27.254 12.859 26.316 12.018
56 5 1 27.292 12.868 26.355 12.028
57 5 1 27.330 12.859 26.393 12.019
58 5 1 27.368 12.849 26.431 12.009
59 5 1 27.407 12.840 26.470 12.000
60 5 1 27.464 12.850 26.527 12.010
61 5 1 27.502 12.840 26.565 12.000
62 5 1 27.540 12.850 26.603 12.010
63 5 1 27.579 12.841 26.642 12.001
64 5 1 27.636 12.850 26.699 12.010
65 5 1 27.655 12.841 26.718 12.001
66 5 1 27.712 12.851 26.775 12.011
68 5 1 27.808 12.851 26.871 12.011
69 5 1 27.846 12.842 26.909 12.002
70 5 1 27.884 12.832 26.947 11.992
71 5 1 27.903 12.842 26.966 12.002
72 5 1 27.903 12.851 26.966 12.011
73 5 1 27.941 12.842 27.005 12.002
74 5 1 27.999 12.852 27.062 12.012
75 5 1 28.056 12.842 27.119 12.003
76 5 1 28.075 12.833 27.138 11.993
77 5 1 28.133 12.824 27.196 11.984
78 5 1 28.171 12.833 27.234 11.993
79 5 1 28.209 12.824 27.272 11.984
80 5 1 28.247 12.833 27.310 11.994
81 5 1 28.285 12.824 27.349 11.984
82 5 1 28.323 12.834 27.387 11.994
83 5 1 28.381 12.824 27.444 11.985
84 5 1 28.438 12.834 27.501 11.994
86 5 1 28.533 12.815 27.597 11.976
87 5 1 28.591 12.806 27.654 11.967
88 5 1 28.610 12.816 27.673 11.976
89 5 1 28.667 12.806 27.731 11.967
90 5 1 28.686 12.816 27.750 11.976
91 5 1 28.743 12.807 27.807 11.967
92 5 1 28.782 12.816 27.845 11.977
93 5 1 28.820 12.807 27.883 11.967
94 5 1 28.858 12.817 27.921 11.977
95 5 1 28.896 12.826 27.960 11.987
97 5 1 29.180 12.989 28.158 12.206
98 5 1 29.142 12.998 28.187 12.178
100 5 1 29.199 13.017 28.244 12.197
101 5 1 29.238 13.008 28.282 12.187
103 5 1 29.314 13.008 28.358 12.188
104 5 1 29.352 13.018 28.396 12.197
105 5 1 29.428 13.008 28.473 12.188
107 5 1 29.485 13.009 28.530 12.188
108 5 1 29.504 13.018 28.549 12.198
109 5 1 29.561 13.028 28.606 12.208
110 5 1 29.619 13.038 28.663 12.217
111 5 1 29.657 13.028 28.702 12.208
112 5 1 29.676 13.019 28.721 12.199
113 5 1 29.714 13.009 28.759 12.189
114 5 1 29.752 13.019 28.797 12.199
116 5 1 29.828 13.019 28.873 12.199
117 5 1 29.867 13.010 28.912 12.190
119 5 1 29.943 12.991 28.988 12.171
120 5 1 30.000 13.001 29.045 12.181
121 5 1 30.038 12.991 29.083 12.171
122 5 1 30.095 13.001 29.140 12.181
123 5 1 30.134 12.992 29.179 12.172
124 5 1 30.172 13.001 29.217 12.181
125 5 1 30.210 12.992 29.255 12.172
126 5 1 30.267 13.002 29.312 12.182
127 5 1 30.305 12.992 29.350 12.172
128 5 1 30.362 12.983 29.407 12.163
129 5 1 30.401 12.974 29.446 12.154
130 5 1 30.438 13.002 29.484 12.182
131 5 1 30.477 12.993 29.522 12.173
133 5 1 30.572 13.012 29.617 12.192
134 5 1 30.610 13.022 29.655 12.202
135 5 1 30.648 13.012 29.693 12.193
136 5 1 30.686 13.022 29.731 12.202
137 5 1 30.724 13.013 29.769 12.193
138 5 1 30.762 13.022 29.807 12.203
139 5 1 30.819 13.013 29.865 12.193
140 5 1 30.876 13.023 29.922 12.203
141 5 1 30.933 13.013 29.979 12.194
142 5 1 30.971 13.023 30.017 12.203
143 5 1 30.990 13.033 30.036 12.213
144 5 1 31.028 13.042 30.074 12.222
145 5 1 31.067 13.033 30.112 12.213
146 5 1 31.105 13.042 30.150 12.223
147 5 1 31.143 13.033 30.188 12.213
148 5 1 31.162 13.043 30.207 12.223
149 5 1 31.219 13.033 30.264 12.214
151 5 1 31.295 13.015 30.341 12.195
152 5 1 31.352 13.024 30.398 12.205
153 5 1 31.390 13.015 30.436 12.195
154 5 1 31.428 13.006 30.474 12.186
155 5 1 31.486 12.996 30.531 12.177
156 5 1 31.524 12.987 30.570 12.167
157 5 1 31.562 12.978 30.608 12.158
158 5 1 31.619 12.987 30.665 12.168
159 5 1 31.657 12.978 30.703 12.158
160 5 1 31.714 12.969 30.760 12.149
161 5 1 31.752 12.959 30.798 12.140
162 5 1 31.809 12.969 30.855 12.149
163 5 1 31.847 12.960 30.893 12.140
164 5 1 31.885 12.969 30.931 12.150
165 5 1 31.924 12.960 30.969 12.140
166 5 1 31.981 12.969 31.027 12.150
167 5 1 32.018 12.979 31.064 12.160
169 5 1 32.095 12.979 31.141 12.160
170 5 1 32.132 13.008 31.178 12.189
171 5 1 32.170 12.999 31.217 12.179
172 5 1 32.227 13.008 31.274 12.189
173 5 1 32.266 12.999 31.312 12.180
174 5 1 32.323 12.990 31.369 12.170
175 5 1 32.380 12.980 31.426 12.161
176 5 1 32.437 12.990 31.483 12.171
177 5 1 32.494 12.981 31.540 12.161
178 5 1 32.513 12.990 31.559 12.171
179 5 1 32.551 13.000 31.597 12.181
180 5 1 32.570 12.990 31.616 12.171
181 5 1 32.608 12.981 31.654 12.162
182 5 1 32.646 12.972 31.692 12.153
33 5 1 26.412 12.932 25.474 12.091
52 5 1 27.139 12.849 26.202 12.009
67 5 1 27.731 12.841 26.794 12.001
85 5 1 28.476 12.806 27.540 11.966
96 5 1 28.934 12.836 27.998 11.996
99 5 1 29.180 13.008 28.225 12.187
102 5 1 29.276 13.017 28.320 12.197
106 5 1 29.485 13.018 28.530 12.198
115 5 1 29.790 13.010 28.835 12.189
118 5 1 29.905 13.001 28.950 12.180
132 5 1 30.533 13.022 29.579 12.202
150 5 1 31.257 13.024 30.303 12.204
168 5 1 32.056 12.989 31.102 12.169
0 6 1 26.038 10.383 25.156 9.752
1 6 1 26.105 10.393 25.175 9.753
2 6 1 26.153 10.393 25.233 9.724
3 6 1 26.219 10.394 25.329 9.706
4 6 1 26.257 10.403 25.348 9.715
5 6 1 26.286 10.413 25.386 9.716
6 6 1 26.324 10.413 25.396 9.725
7 6 1 26.410 10.423 25.472 9.726
8 6 1 26.468 10.404 25.558 9.726
9 6 1 26.611 10.405 25.586 9.745
10 6 1 26.754 10.415 25.596 9.764
11 6 1 26.782 10.425 25.730 9.708
12 6 1 26.782 10.425 25.759 9.708
13 6 1 26.792 10.415 25.768 9.708
14 6 1 26.802 10.415 25.749 9.708
15 6 1 26.811 10.434 25.730 9.698
16 6 1 26.735 10.386 25.797 9.737
17 6 1 26.783 10.377 25.845 9.727
18 6 1 26.793 10.368 25.854 9.718
19 6 1 26.831 10.377 25.892 9.728
20 6 1 26.802 10.425 25.950 9.709
21 6 1 26.859 10.434 26.007 9.700
22 6 1 26.907 10.387 25.998 9.700
23 6 1 26.983 10.388 26.036 9.709
24 6 1 27.098 10.417 26.112 9.691
25 6 1 27.184 10.407 26.122 9.653
26 6 1 27.079 10.350 26.170 9.700
27 6 1 27.318 10.370 26.237 9.615
28 6 1 27.403 10.380 26.352 9.616
29 6 1 27.451 10.361 26.400 9.616
30 6 1 27.451 10.380 26.418 9.645
31 6 1 27.442 10.361 26.457 9.569
32 6 1 27.471 10.342 26.428 9.607
34 6 1 27.508 10.371 26.466 9.636
35 6 1 27.432 10.352 26.533 9.674
36 6 1 27.470 10.399 26.609 9.665
37 6 1 27.489 10.409 26.657 9.665
38 6 1 27.499 10.352 26.618 9.703
39 6 1 27.556 10.371 26.724 9.637
40 6 1 27.576 10.324 26.705 9.675
41 6 1 27.595 10.314 26.724 9.665
42 6 1 27.881 10.354 26.819 9.666
43 6 1 27.776 10.325 26.905 9.676
44 6 1 27.814 10.306 26.943 9.657
45 6 1 28.158 10.298 27.002 9.553
46 6 1 28.167 10.289 27.030 9.572
47 6 1 28.177 10.298 27.088 9.544
48 6 1 28.177 10.317 27.126 9.563
49 6 1 28.167 10.327 27.126 9.563
50 6 1 28.176 10.374 27.134 9.648
51 6 1 28.166 10.402 27.144 9.620
53 6 1 28.129 10.336 27.239 9.620
54 6 1 28.119 10.298 27.249 9.649
55 6 1 28.148 10.289 27.277 9.640
56 6 1 28.215 10.298 27.383 9.612
57 6 1 28.339 10.289 27.468 9.622
58 6 1 28.491 10.290 27.497 9.612
59 6 1 28.339 10.270 27.478 9.622
60 6 1 28.463 10.271 27.602 9.622
61 6 1 28.501 10.262 27.640 9.613
62 6 1 28.587 10.262 27.726 9.613
63 6 1 28.711 10.263 27.698 9.509
64 6 1 28.758 10.301 27.736 9.519
65 6 1 28.825 10.254 27.755 9.585
66 6 1 28.806 10.263 27.802 9.585
68 6 1 28.825 10.263 27.802 9.585
69 6 1 28.854 10.273 27.907 9.576
70 6 1 28.806 10.244 27.945 9.605
71 6 1 28.854 10.235 27.993 9.596
72 6 1 28.882 10.245 28.022 9.605
73 6 1 28.921 10.245 28.060 9.606
74 6 1 28.959 10.254 28.098 9.615
75 6 1 28.997 10.255 28.136 9.615
76 6 1 29.035 10.255 28.174 9.616
77 6 1 29.082 10.255 28.222 9.616
78 6 1 29.120 10.265 28.260 9.625
79 6 1 29.168 10.265 28.307 9.626
80 6 1 29.216 10.274 28.355 9.635
81 6 1 29.254 10.284 28.393 9.645
82 6 1 29.301 10.284 28.440 9.645
83 6 1 29.339 10.294 28.478 9.655
84 6 1 29.510 10.323 28.536 9.598
86 6 1 29.538 10.371 28.603 9.580
87 6 1 29.492 10.285 28.631 9.646
88 6 1 29.530 10.285 28.669 9.646
89 6 1 29.568 10.286 28.707 9.647
90 6 1 29.606 10.276 28.745 9.637
91 6 1 29.644 10.276 28.784 9.638
92 6 1 29.682 10.277 28.822 9.638
93 6 1 29.730 10.267 28.869 9.628
94 6 1 29.768 10.268 28.907 9.629
95 6 1 29.815 10.268 28.955 9.629
97 6 1 30.062 10.316 28.984 9.629
98 6 1 30.082 10.297 28.965 9.601
100 6 1 30.120 10.288 29.212 9.640
101 6 1 30.139 10.288 29.241 9.602
103 6 1 30.139 10.279 29.279 9.640
104 6 1 30.177 10.279 29.317 9.640
105 6 1 30.215 10.279 29.355 9.640
107 6 1 30.301 10.280 29.440 9.641
108 6 1 30.339 10.289 29.478 9.650
109 6 1 30.586 10.319 29.584 9.613
110 6 1 30.500 10.280 29.640 9.642
111 6 1 30.538 10.281 29.678 9.642
112 6 1 30.586 10.281 29.726 9.642
113 6 1 30.634 10.291 29.774 9.652
114 6 1 30.729 10.272 29.565 9.585
116 6 1 30.758 10.225 29.812 9.595
117 6 1 30.805 10.272 29.879 9.586
119 6 1 30.881 10.320 30.031 9.596
120 6 1 30.937 10.349 30.079 9.521
121 6 1 30.947 10.320 30.098 9.511
122 6 1 30.938 10.226 30.088 9.597
123 6 1 30.976 10.311 30.221 9.616
124 6 1 31.042 10.292 30.307 9.541
125 6 1 31.175 10.312 30.365 9.494
126 6 1 31.308 10.303 30.441 9.523
127 6 1 31.375 10.332 30.412 9.551
128 6 1 31.346 10.332 30.354 9.607
129 6 1 31.413 10.332 30.431 9.551
130 6 1 31.432 10.342 30.421 9.598
131 6 1 31.451 10.332 30.459 9.589
133 6 1 31.413 10.332 30.574 9.523
134 6 1 31.422 10.332 30.639 9.609
135 6 1 31.432 10.275 30.620 9.647
136 6 1 31.480 10.276 30.668 9.647
137 6 1 31.508 10.285 30.696 9.656
138 6 1 31.593 10.371 30.859 9.487
139 6 1 31.623 10.238 30.820 9.610
140 6 1 31.679 10.352 30.887 9.563
141 6 1 31.869 10.353 31.021 9.459
142 6 1 31.945 10.353 31.030 9.535
143 6 1 31.973 10.372 31.020 9.630
144 6 1 31.973 10.344 31.001 9.592
145 6 1 31.992 10.335 31.048 9.592
146 6 1 32.011 10.344 31.106 9.573
147 6 1 32.030 10.363 31.201 9.526
148 6 1 32.078 10.288 31.267 9.555
149 6 1 32.087 10.335 31.286 9.546
151 6 1 32.144 10.364 31.410 9.556
152 6 1 32.164 10.269 31.390 9.641
153 6 1 32.202 10.269 31.428 9.641
154 6 1 32.240 10.270 31.466 9.641
155 6 1 32.278 10.270 31.504 9.641
156 6 1 32.316 10.270 31.542 9.642
157 6 1 32.354 10.270 31.580 9.642
158 6 1 32.382 10.270 31.609 9.642
159 6 1 32.420 10.270 31.647 9.642
160 6 1 32.496 10.280 31.722 9.652
162 6 1 32.487 10.271 31.713 9.643
163 6 1 32.525 10.271 31.751 9.643
164 6 1 32.572 10.271 31.798 9.643
165 6 1 32.629 10.271 31.855 9.643
166 6 1 32.676 10.272 31.903 9.643
167 6 1 32.798 10.480 32.027 9.606
169 6 1 32.847 10.348 32.073 9.720
170 6 1 32.885 10.358 32.111 9.730
171 6 1 32.923 10.358 32.149 9.730
172 6 1 32.960 10.358 32.187 9.730
173 6 1 32.998 10.368 32.225 9.740
174 6 1 33.027 10.387 32.253 9.759
175 6 1 33.084 10.396 32.310 9.768
176 6 1 33.131 10.397 32.358 9.769
177 6 1 33.169 10.416 32.395 9.788
178 6 1 33.216 10.425 32.443 9.797
179 6 1 33.263 10.445 32.490 9.817
180 6 1 33.301 10.454 32.528 9.826
181 6 1 33.349 10.454 32.576 9.826
182 6 1 33.396 10.464 32.623 9.836
33 6 1 27.499 10.352 26.428 9.607
52 6 1 28.176 10.383 27.220 9.611
67 6 1 28.806 10.244 27.821 9.604
85 6 1 29.567 10.324 28.556 9.561
96 6 1 30.024 10.307 29.022 9.582
99 6 1 29.949 10.268 29.088 9.630
102 6 1 30.148 10.326 29.289 9.602
106 6 1 30.253 10.279 29.393 9.641
115 6 1 30.739 10.225 29.727 9.557
118 6 1 30.871 10.301 29.945 9.596
132 6 1 31.413 10.285 30.535 9.542
150 6 1 32.106 10.345 31.344 9.508
168 6 1 32.790 10.348 32.016 9.720
0 7 1 24.854 10.264 24.106 9.567
1 7 1 24.950 10.255 24.146 9.491
2 7 1 25.074 10.293 24.174 9.510
3 7 1 25.140 10.322 24.193 9.548
4 7 1 25.179 10.303 24.250 9.549
5 7 1 25.246 10.304 24.308 9.549
6 7 1 25.255 10.285 24.327 9.521
7 7 1 25.313 10.247 24.356 9.492
8 7 1 25.332 10.285 24.384 9.511
9 7 1 25.313 10.294 24.394 9.483
10 7 1 25.294 10.266 24.404 9.511
11 7 1 25.323 10.266 24.432 9.512
12 7 1 25.370 10.257 24.490 9.493
13 7 1 25.361 10.285 24.547 9.493
14 7 1 25.380 10.266 24.509 9.512
15 7 1 25.418 10.266 24.547 9.512
16 7 1 25.466 10.267 24.595 9.512
17 7 1 25.495 10.267 24.624 9.513
18 7 1 25.543 10.248 24.672 9.494
19 7 1 25.571 10.248 24.700 9.494
20 7 1 25.619 10.229 24.748 9.475
21 7 1 25.887 10.250 24.998 9.363
22 7 1 25.982 10.231 25.027 9.353
23 7 1 25.982 10.222 25.017 9.353
24 7 1 25.983 10.212 25.046 9.353
25 7 1 25.945 10.164 25.074 9.401
26 7 1 25.983 10.155 25.113 9.392
27 7 1 26.021 10.165 25.151 9.401
28 7 1 26.050 10.155 25.179 9.392
29 7 1 26.108 10.137 25.237 9.373
30 7 1 26.146 10.127 25.246 9.468
31 7 1 26.126 10.165 25.256 9.411
32 7 1 26.233 10.033 25.362 9.279
34 7 1 26.337 10.100 25.418 9.450
35 7 1 26.074 9.700 25.213 8.965
36 7 1 26.509 10.120 25.533 9.432
37 7 1 26.442 10.138 25.581 9.413
38 7 1 26.452 10.110 25.494 9.469
39 7 1 26.471 10.110 25.561 9.460
40 7 1 26.432 10.129 25.571 9.422
41 7 1 26.489 10.157 25.628 9.451
42 7 1 26.700 10.121 25.791 9.414
43 7 1 26.662 10.120 25.800 9.414
44 7 1 26.719 10.102 25.858 9.395
45 7 1 26.738 10.121 25.877 9.414
46 7 1 26.776 10.111 25.915 9.405
47 7 1 26.814 10.121 25.953 9.415
48 7 1 26.872 10.112 26.010 9.406
49 7 1 26.910 10.103 26.049 9.396
50 7 1 26.948 10.093 26.087 9.387
51 7 1 26.987 10.084 26.125 9.378
53 7 1 27.082 10.065 26.221 9.359
54 7 1 27.120 10.056 26.259 9.350
55 7 1 27.178 10.047 26.317 9.341
56 7 1 27.244 10.095 26.396 9.047
57 7 1 27.330 10.067 26.492 9.019
58 7 1 27.322 9.905 26.481 9.180
59 7 1 27.361 9.905 26.519 9.181
60 7 1 27.399 9.906 26.557 9.181
61 7 1 27.437 9.896 26.595 9.172
62 7 1 27.475 9.897 26.634 9.172
63 7 1 27.513 9.897 26.672 9.172
64 7 1 27.571 9.888 26.729 9.163
65 7 1 27.590 9.878 26.748 9.153
66 7 1 27.674 10.021 26.813 9.324
68 7 1 27.703 10.021 26.861 9.306
69 7 1 27.741 10.021 26.899 9.306
70 7 1 27.779 10.021 26.937 9.306
71 7 1 27.817 10.021 26.976 9.306
72 7 1 27.855 10.041 27.014 9.325
73 7 1 27.893 10.022 27.052 9.307
74 7 1 27.931 10.041 27.090 9.326
75 7 1 27.970 10.041 27.128 9.326
76 7 1 28.008 10.041 27.166 9.326
77 7 1 28.046 10.041 27.204 9.326
78 7 1 28.084 10.061 27.242 9.345
79 7 1 28.141 10.080 27.299 9.365
80 7 1 28.179 10.061 27.338 9.346
81 7 1 28.217 10.080 27.376 9.365
82 7 1 28.255 10.061 27.414 9.346
83 7 1 28.293 10.062 27.452 9.347
84 7 1 28.332 10.062 27.490 9.347
86 7 1 28.427 10.062 27.586 9.347
87 7 1 28.465 10.062 27.624 9.347
88 7 1 28.503 10.063 27.662 9.348
89 7 1 28.541 10.063 27.700 9.348
90 7 1 28.580 10.044 27.738 9.329
91 7 1 28.618 10.025 27.777 9.310
92 7 1 28.656 10.044 27.815 9.329
93 7 1 28.694 10.026 27.853 9.311
94 7 1 28.732 10.045 27.891 9.330
95 7 1 28.770 10.045 27.929 9.330
97 7 1 28.846 10.045 28.005 9.330
98 7 1 28.884 10.064 28.043 9.350
100 7 1 28.960 10.084 28.119 9.369
101 7 1 28.989 10.093 28.061 9.425
103 7 1 28.979 10.122 28.138 9.416
104 7 1 29.017 10.131 28.176 9.426
105 7 1 29.055 10.141 28.214 9.436
107 7 1 29.131 10.160 28.290 9.455
108 7 1 29.169 10.170 28.328 9.465
109 7 1 29.321 10.199 28.509 9.466
110 7 1 29.321 10.180 28.490 9.475
111 7 1 29.369 10.190 28.537 9.485
112 7 1 29.416 10.181 28.585 9.475
113 7 1 29.445 10.190 28.614 9.485
114 7 1 29.493 10.181 28.661 9.476
116 7 1 29.616 10.201 28.594 9.494
117 7 1 29.644 10.229 28.633 9.447
119 7 1 29.578 10.229 28.680 9.495
120 7 1 29.616 10.182 28.776 9.476
121 7 1 29.645 10.210 28.804 9.505
122 7 1 29.683 10.172 28.900 9.439
123 7 1 29.750 10.163 28.938 9.458
124 7 1 29.835 10.183 28.995 9.449
125 7 1 29.883 10.221 29.061 9.487
126 7 1 29.920 10.230 29.118 9.469
127 7 1 30.035 10.250 29.166 9.459
128 7 1 30.111 10.231 29.175 9.507
129 7 1 30.263 10.232 29.223 9.526
130 7 1 30.301 10.223 29.232 9.554
131 7 1 30.339 10.242 29.242 9.536
133 7 1 30.301 10.242 29.290 9.498
134 7 1 30.263 10.241 29.280 9.498
135 7 1 30.168 10.213 29.365 9.517
136 7 1 30.206 10.222 29.403 9.527
137 7 1 30.244 10.222 29.442 9.527
138 7 1 30.309 10.384 29.603 9.566
139 7 1 30.348 10.308 29.555 9.613
140 7 1 30.518 10.404 29.784 9.595
141 7 1 30.528 10.337 29.745 9.642
142 7 1 30.680 10.433 29.793 9.576
143 7 1 30.765 10.433 29.831 9.576
144 7 1 30.851 10.415 29.879 9.605
145 7 1 30.899 10.377 29.869 9.596
146 7 1 30.928 10.377 29.879 9.605
147 7 1 30.918 10.349 29.927 9.567
148 7 1 30.994 10.340 29.964 9.615
149 7 1 30.976 10.311 29.973 9.634
151 7 1 30.966 10.330 30.097 9.635
152 7 1 30.919 10.320 30.135 9.635
153 7 1 30.966 10.320 30.183 9.635
154 7 1 30.995 10.321 30.211 9.635
155 7 1 31.033 10.330 30.249 9.645
156 7 1 31.070 10.340 30.287 9.654
157 7 1 31.118 10.340 30.335 9.655
158 7 1 31.156 10.340 30.373 9.655
159 7 1 31.203 10.350 30.420 9.665
160 7 1 31.251 10.360 30.468 9.674
161 7 1 31.298 10.360 30.515 9.674
162 7 1 31.346 10.370 30.563 9.684
163 7 1 31.393 10.389 30.610 9.703
164 7 1 31.441 10.398 30.658 9.713
165 7 1 31.488 10.399 30.705 9.713
166 7 1 31.536 10.408 30.753 9.723
167 7 1 31.574 10.427 30.790 9.742
169 7 1 31.659 10.437 30.876 9.752
170 7 1 31.707 10.428 30.924 9.743
171 7 1 31.859 10.334 31.143 9.649
172 7 1 31.878 10.334 31.105 9.649
173 7 1 31.916 10.334 31.143 9.649
174 7 1 31.964 10.344 31.190 9.659
175 7 1 32.021 10.344 31.247 9.659
176 7 1 32.068 10.344 31.295 9.659
177 7 1 32.106 10.335 31.333 9.650
178 7 1 32.154 10.345 31.380 9.660
179 7 1 32.211 10.326 31.438 9.641
180 7 1 32.258 10.326 31.485 9.641
181 7 1 32.296 10.327 31.523 9.642
182 7 1 32.334 10.327 31.561 9.642
33 7 1 26.260 10.128 25.408 9.441
52 7 1 27.044 10.075 26.183 9.369
67 7 1 27.665 10.021 26.823 9.305
85 7 1 28.389 10.062 27.547 9.347
96 7 1 28.808 10.045 27.967 9.330
99 7 1 28.922 10.084 28.081 9.369
102 7 1 28.941 10.112 28.100 9.407
106 7 1 29.093 10.151 28.252 9.445
115 7 1 29.616 10.229 28.595 9.476
118 7 1 29.578 10.229 28.652 9.466
132 7 1 30.301 10.270 29.261 9.545
150 7 1 30.985 10.311 30.040 9.596
168 7 1 31.621 10.428 30.838 9.742
0 8 1 24.351 12.382 23.554 11.722
1 8 1 24.398 12.440 23.497 11.684
2 8 1 24.456 12.421 23.516 11.684
3 8 1 24.446 12.392 23.563 11.732
4 8 1 24.552 12.364 23.582 11.732
5 8 1 24.513 12.392 23.602 11.704
6 8 1 24.542 12.383 23.631 11.694
7 8 1 24.571 12.374 23.660 11.685
8 8 1 24.619 12.383 23.708 11.695
9 8 1 24.667 12.374 23.756 11.685
10 8 1 24.715 12.384 23.803 11.695
11 8 1 24.763 12.374 23.851 11.686
12 8 1 24.811 12.365 23.899 11.676
13 8 1 24.907 12.308 23.918 11.733
14 8 1 24.955 12.299 23.860 11.733
15 8 1 24.917 12.308 23.985 11.724
16 8 1 25.060 12.328 23.985 11.724
17 8 1 24.974 12.337 24.033 11.705
18 8 1 25.165 12.328 24.186 11.696
19 8 1 25.261 12.319 24.330 11.668
20 8 1 25.251 12.319 24.359 11.640
21 8 1 25.280 12.338 24.388 11.650
22 8 1 25.347 12.319 24.398 11.659
23 8 1 25.366 12.357 24.350 11.649
24 8 1 25.462 12.329 24.397 11.688
25 8 1 25.376 12.319 24.464 11.688
26 8 1 25.414 12.310 24.503 11.679
27 8 1 25.452 12.320 24.541 11.688
28 8 1 25.740 12.311 24.666 11.660
29 8 1 25.903 12.245 24.685 11.670
30 8 1 25.988 12.303 24.761 11.699
31 8 1 25.941 12.283 24.780 11.661
32 8 1 25.893 12.274 24.780 11.680
34 8 1 26.027 12.246 24.943 11.671
35 8 1 26.037 12.246 24.992 11.604
36 8 1 26.094 12.246 25.011 11.586
37 8 1 26.018 12.208 25.078 11.624
38 8 1 26.075 12.217 25.135 11.634
39 8 1 26.104 12.208 25.164 11.624
40 8 1 26.152 12.208 25.212 11.624
41 8 1 26.181 12.199 25.240 11.615
42 8 1 26.228 12.218 25.288 11.634
43 8 1 26.276 12.218 25.336 11.634
44 8 1 26.324 12.228 25.383 11.644
45 8 1 26.372 12.218 25.431 11.635
46 8 1 26.419 12.219 25.479 11.635
47 8 1 26.467 12.200 25.527 11.616
48 8 1 26.515 12.219 25.575 11.635
49 8 1 26.563 12.219 25.623 11.636
50 8 1 26.611 12.219 25.671 11.636
51 8 1 26.658 12.229 25.718 11.645
53 8 1 26.868 12.249 25.899 11.722
54 8 1 26.926 12.230 25.957 11.665
55 8 1 26.954 12.230 26.014 11.675
56 8 1 26.907 12.230 25.976 11.665
57 8 1 26.935 12.230 26.005 11.666
58 8 1 26.974 12.221 26.043 11.656
59 8 1 27.012 12.221 26.081 11.656
60 8 1 27.050 12.221 26.120 11.656
61 8 1 27.098 12.212 26.168 11.647
62 8 1 27.136 12.212 26.206 11.647
63 8 1 27.174 12.212 26.244 11.647
64 8 1 27.222 12.212 26.292 11.648
65 8 1 27.280 12.203 26.349 11.638
66 8 1 27.327 12.203 26.397 11.639
68 8 1 27.413 12.203 26.483 11.639
69 8 1 27.471 12.194 26.540 11.630
70 8 1 27.518 12.194 26.588 11.630
71 8 1 27.557 12.185 26.627 11.620
72 8 1 27.595 12.185 26.665 11.621
73 8 1 27.633 12.185 26.703 11.621
74 8 1 27.671 12.185 26.741 11.621
75 8 1 27.690 12.195 26.798 11.621
76 8 1 27.709 12.176 26.913 11.593
77 8 1 27.757 12.166 26.846 11.602
78 8 1 27.795 12.167 26.885 11.602
79 8 1 27.843 12.157 26.933 11.593
80 8 1 27.891 12.157 26.980 11.593
81 8 1 27.929 12.158 27.018 11.594
82 8 1 27.977 12.158 27.066 11.594
83 8 1 28.034 12.148 27.124 11.584
84 8 1 28.082 12.149 27.171 11.585
86 8 1 28.168 12.149 27.257 11.585
87 8 1 28.225 12.149 27.315 11.585
88 8 1 28.273 12.149 27.362 11.585
89 8 1 28.311 12.149 27.400 11.586
90 8 1 28.349 12.140 27.439 11.576
91 8 1 28.387 12.140 27.477 11.576
92 8 1 28.426 12.131 27.515 11.567
93 8 1 28.464 12.122 27.553 11.558
95 8 1 28.455 12.036 27.545 11.472
97 8 1 28.532 12.027 27.621 11.463
98 8 1 28.788 12.180 27.792 11.597
100 8 1 28.778 12.161 27.868 11.597
101 8 1 28.826 12.161 27.916 11.597
103 8 1 28.912 12.152 28.002 11.588
104 8 1 28.969 12.152 28.059 11.588
105 8 1 29.017 12.143 28.107 11.579
107 8 1 29.103 12.133 28.193 11.570
108 8 1 29.150 12.124 28.240 11.560
109 8 1 29.189 12.124 28.279 11.561
110 8 1 29.227 12.115 28.317 11.551
111 8 1 29.265 12.115 28.355 11.551
112 8 1 29.313 12.115 28.403 11.552
114 8 1 29.303 12.106 28.393 11.542
116 8 1 29.389 12.106 28.479 11.542
117 8 1 29.437 12.106 28.527 11.543
119 8 1 29.513 12.106 28.603 11.543
120 8 1 29.560 12.107 28.651 11.543
121 8 1 29.618 12.116 28.708 11.553
122 8 1 29.665 12.117 28.756 11.553
123 8 1 29.703 12.117 28.794 11.553
124 8 1 29.751 12.117 28.841 11.553
125 8 1 29.808 12.127 28.898 11.563
126 8 1 29.856 12.127 28.946 11.563
127 8 1 29.894 12.127 28.984 11.563
128 8 1 29.932 12.127 29.022 11.564
129 8 1 29.970 12.127 29.060 11.564
130 8 1 30.018 12.099 29.118 11.535
133 8 1 30.046 12.090 29.147 11.526
134 8 1 30.085 12.090 29.185 11.526
135 8 1 30.332 12.081 29.451 11.556
136 8 1 30.332 12.091 29.442 11.537
137 8 1 30.370 12.091 29.480 11.537
138 8 1 30.418 12.091 29.528 11.537
139 8 1 30.456 12.091 29.566 11.537
140 8 1 30.504 12.091 29.613 11.537
141 8 1 30.561 12.091 29.671 11.538
142 8 1 30.608 12.092 29.718 11.538
143 8 1 30.656 12.082 29.766 11.529
144 8 1 30.713 12.092 29.823 11.538
145 8 1 30.761 12.073 29.871 11.520
146 8 1 30.808 12.073 29.918 11.520
147 8 1 30.856 12.064 29.966 11.510
148 8 1 30.894 12.074 30.004 11.520
149 8 1 30.932 12.064 30.042 11.511
151 8 1 30.923 12.055 30.033 11.501
152 8 1 30.961 12.055 30.071 11.501
153 8 1 31.008 12.055 30.118 11.502
154 8 1 31.037 12.055 30.147 11.502
155 8 1 31.084 12.055 30.195 11.502
156 8 1 31.122 12.056 30.233 11.502
157 8 1 31.170 12.056 30.280 11.502
158 8 1 31.227 12.056 30.337 11.502
159 8 1 31.275 12.056 30.385 11.503
160 8 1 31.313 12.056 30.423 11.503
161 8 1 31.360 12.066 30.471 11.512
162 8 1 31.417 12.076 30.528 11.522
163 8 1 31.465 12.066 30.575 11.513
164 8 1 31.503 12.076 30.613 11.522
165 8 1 31.550 12.067 30.661 11.513
166 8 1 31.598 12.076 30.708 11.523
167 8 1 31.626 12.067 30.737 11.514
170 8 1 31.693 12.067 30.813 11.514
171 8 1 31.978 12.087 31.051 11.515
172 8 1 31.940 12.078 31.060 11.524
173 8 1 31.978 12.078 31.098 11.524
174 8 1 32.026 12.078 31.146 11.525
175 8 1 32.064 12.078 31.184 11.525
176 8 1 32.111 12.078 31.232 11.525
177 8 1 32.159 12.078 31.279 11.525
178 8 1 32.206 12.079 31.327 11.525
179 8 1 32.263 12.079 31.384 11.526
180 8 1 32.311 12.070 31.431 11.516
181 8 1 32.368 12.079 31.488 11.526
182 8 1 32.415 12.070 31.536 11.517
33 8 1 25.960 12.245 24.818 11.708
52 8 1 26.830 12.230 25.823 11.674
67 8 1 27.365 12.203 26.435 11.639
85 8 1 28.120 12.149 27.210 11.585
96 8 1 28.493 12.036 27.583 11.472
99 8 1 28.740 12.161 27.830 11.597
102 8 1 28.864 12.152 27.954 11.588
106 8 1 29.055 12.143 28.145 11.579
115 8 1 29.341 12.106 28.431 11.542
118 8 1 29.475 12.106 28.565 11.543
132 8 1 30.008 12.089 29.108 11.526
168 8 1 31.702 12.077 30.823 11.523
0 11 2 33.289 19.710 32.360 17.849
1 11 2 33.252 19.681 32.285 17.783
2 11 2 33.214 19.633 32.314 17.744
3 11 2 33.205 19.586 32.276 17.668
4 11 2 33.157 19.528 32.295 17.640
5 11 2 33.196 19.414 32.248 17.601
6 11 2 33.207 19.290 32.172 17.573
7 11 2 33.149 19.357 32.220 17.516
8 11 2 33.283 19.290 32.106 17.496
9 11 2 33.169 19.309 32.211 17.477
10 11 2 33.160 19.242 32.202 17.411
11 11 2 33.151 19.175 32.193 17.344
12 11 2 33.160 19.128 32.203 17.296
13 11 2 33.152 19.042 32.194 17.211
14 11 2 33.143 18.975 32.185 17.144
15 11 2 33.134 18.908 32.176 17.077
16 11 2 33.144 18.841 32.186 17.011
17 11 2 33.135 18.756 32.177 16.925
18 11 2 33.126 18.689 32.168 16.858
19 11 2 33.117 18.622 32.159 16.791
20 11 2 33.127 18.555 32.169 16.725
21 11 2 33.118 18.470 32.160 16.639
22 11 2 33.109 18.403 32.151 16.572
23 11 2 33.100 18.317 32.143 16.487
24 11 2 33.110 18.250 32.153 16.420
25 11 2 33.101 18.164 32.144 16.334
26 11 2 33.092 18.098 32.135 16.268
27 11 2 33.083 18.012 32.126 16.182
28 11 2 33.093 17.945 32.136 16.116
29 11 2 33.084 17.840 32.127 16.011
30 11 2 33.075 17.774 32.118 15.944
31 11 2 33.067 17.688 32.110 15.859
32 11 2 33.077 17.621 32.120 15.792
34 11 2 33.078 17.469 32.121 15.640
35 11 2 33.069 17.383 32.112 15.554
36 11 2 33.079 17.297 32.122 15.468
37 11 2 33.070 17.212 32.113 15.383
38 11 2 33.080 17.145 32.123 15.316
39 11 2 33.071 17.040 32.115 15.212
40 11 2 33.081 16.974 32.125 15.145
41 11 2 33.073 16.888 32.116 15.060
42 11 2 33.083 16.802 32.126 14.974
43 11 2 33.074 16.717 32.117 14.888
44 11 2 33.084 16.631 32.127 14.803
45 11 2 33.075 16.545 32.119 14.717
46 11 2 33.085 16.460 32.129 14.632
47 11 2 33.077 16.355 32.120 14.527
48 11 2 33.087 16.288 32.130 14.461
49 11 2 33.078 16.184 32.122 14.356
50 11 2 33.069 16.098 32.113 14.271
51 11 2 33.060 16.013 32.104 14.185
53 11 2 33.061 15.841 32.105 14.014
54 11 2 33.072 15.756 32.115 13.929
55 11 2 33.063 15.651 32.107 13.824
56 11 2 33.073 15.585 32.117 13.758
57 11 2 33.064 15.480 32.108 13.653
58 11 2 33.074 15.394 32.118 13.568
59 11 2 33.065 15.309 32.110 13.482
60 11 2 33.076 15.223 32.120 13.397
61 11 2 33.067 15.119 32.111 13.293
62 11 2 33.077 15.052 32.121 13.226
63 11 2 33.068 14.948 32.112 13.122
64 11 2 33.078 14.862 32.123 13.036
65 11 2 33.070 14.748 32.114 12.922
66 11 2 33.080 14.691 32.124 12.866
68 11 2 33.053 14.492 32.097 12.666
69 11 2 33.053 14.397 32.098 12.571
70 11 2 33.063 14.311 32.108 12.486
71 11 2 33.045 14.207 32.299 12.316
72 11 2 33.131 14.178 32.214 12.344
73 11 2 33.122 14.083 32.205 12.249
74 11 2 33.113 14.055 32.196 12.221
75 11 2 33.124 13.913 32.206 12.079
76 11 2 33.115 13.818 32.198 11.984
77 11 2 33.012 13.590 32.265 11.832
78 11 2 33.013 13.400 32.238 11.709
79 11 2 33.014 13.362 32.228 11.690
80 11 2 33.042 13.333 32.248 11.643
81 11 2 33.004 13.324 32.220 11.557
82 11 2 33.005 13.286 32.268 11.434
83 11 2 32.987 13.172 32.203 11.283
84 11 2 33.006 13.058 32.213 11.197
86 11 2 33.028 12.745 32.176 11.055
87 11 2 33.029 12.594 32.168 10.960
88 11 2 33.039 12.537 32.178 10.904
89 11 2 33.020 12.575 32.188 10.828
90 11 2 33.125 12.471 32.199 10.591
91 11 2 33.049 12.404 32.172 10.411
92 11 2 33.041 12.271 32.209 10.525
93 11 2 33.022 12.205 32.191 10.459
94 11 2 33.042 12.101 32.163 10.345
95 11 2 33.023 12.158 32.156 10.061
97 11 2 33.006 11.864 32.175 10.108
98 11 2 33.007 11.769 32.175 10.014
100 11 2 32.990 11.523 32.168 9.768
101 11 2 33.000 11.428 32.178 9.673
103 11 2 32.982 11.238 32.161 9.484
104 11 2 32.973 11.144 32.152 9.389
105 11 2 33.012 11.068 32.165 8.917
107 11 2 33.033 10.869 32.167 8.737
108 11 2 33.005 10.737 32.176 8.737
109 11 2 33.063 10.661 32.119 8.718
110 11 2 33.025 10.576 32.148 8.624
111 11 2 33.037 10.339 32.158 8.595
112 11 2 32.998 10.358 32.177 8.595
113 11 2 33.038 10.141 32.150 8.425
114 11 2 33.057 10.169 32.228 8.189
116 11 2 33.011 9.970 32.190 8.218
117 11 2 33.087 9.876 32.200 8.076
119 11 2 33.041 9.753 32.220 8.001
120 11 2 33.013 9.658 32.223 7.576
121 11 2 33.024 9.507 32.212 7.755
122 11 2 33.014 9.564 32.196 7.424
123 11 2 33.005 9.460 32.206 7.387
124 11 2 33.007 9.299 32.205 7.547
125 11 2 32.998 9.205 32.196 7.453
126 11 2 33.008 9.091 32.206 7.340
127 11 2 32.999 8.997 32.197 7.245
128 11 2 32.990 8.921 32.189 7.170
129 11 2 32.982 8.827 32.180 7.075
130 11 2 32.973 8.713 32.171 6.962
131 11 2 32.964 8.600 32.163 6.849
133 11 2 32.947 8.430 32.145 6.679
134 11 2 32.957 8.335 32.155 6.584
135 11 2 32.948 8.222 32.147 6.471
136 11 2 32.940 8.127 32.138 6.377
137 11 2 32.931 8.052 32.129 6.301
138 11 2 32.941 7.957 32.139 6.207
139 11 2 32.932 7.844 32.131 6.094
140 11 2 32.924 7.750 32.122 6.000
141 11 2 32.915 7.674 32.113 5.924
142 11 2 32.906 7.580 32.105 5.830
143 11 2 32.897 7.466 32.096 5.717
144 11 2 32.888 7.372 32.087 5.622
145 11 2 32.824 7.192 32.118 5.368
146 11 2 32.805 7.136 32.119 5.255
147 11 2 32.767 7.135 32.119 5.180
148 11 2 32.825 7.032 32.052 5.283
149 11 2 32.825 6.938 32.053 5.189
151 11 2 32.808 6.730 32.036 4.982
152 11 2 32.809 6.655 32.036 4.906
153 11 2 32.809 6.560 32.037 4.812
154 11 2 32.791 6.466 32.019 4.718
155 11 2 32.773 6.390 32.000 4.642
156 11 2 32.774 6.296 32.001 4.548
157 11 2 32.774 6.183 32.002 4.435
158 11 2 32.756 6.089 31.984 4.341
159 11 2 32.738 6.013 31.966 4.266
160 11 2 32.738 5.938 31.966 4.190
161 11 2 32.721 5.796 31.931 3.823
162 11 2 32.712 5.693 31.940 3.945
163 11 2 32.713 5.599 31.941 3.851
164 11 2 32.694 5.523 31.922 3.776
165 11 2 32.695 5.448 31.923 3.701
166 11 2 32.677 5.353 31.905 3.606
167 11 2 32.678 5.240 31.906 3.494
169 11 2 32.660 5.071 31.888 3.324
170 11 2 32.688 5.071 31.814 3.145
171 11 2 32.699 4.967 31.767 3.126
172 11 2 32.614 4.920 31.842 3.173
173 11 2 32.614 4.844 31.843 3.098
174 11 2 32.596 4.750 31.824 3.004
175 11 2 32.616 4.637 31.844 2.891
176 11 2 32.598 4.562 31.826 2.816
177 11 2 32.598 4.487 31.827 2.741
178 11 2 32.599 4.393 31.827 2.647
179 11 2 32.599 4.336 31.828 2.590
180 11 2 32.581 4.223 31.810 2.478
181 11 2 32.563 4.148 31.791 2.402
182 11 2 32.583 4.073 31.811 2.327
33 11 2 33.068 17.536 32.111 15.706
52 11 2 33.070 15.927 32.114 14.100
67 11 2 33.071 14.587 32.115 12.761
85 11 2 33.045 12.935 32.157 11.169
96 11 2 33.034 11.940 32.147 10.014
99 11 2 32.989 11.579 32.178 9.702
102 11 2 32.991 11.333 32.169 9.579
106 11 2 33.032 10.926 32.156 8.813
115 11 2 33.019 10.103 32.162 8.095
118 11 2 33.050 9.848 32.229 8.095
132 11 2 32.975 8.505 32.173 6.754
150 11 2 32.807 6.824 32.035 5.076
168 11 2 32.659 5.165 31.887 3.418
0 12 1 26.947 12.021 25.903 11.332
7 12 1 26.976 12.040 25.884 11.323
8 12 1 27.014 12.040 25.923 11.323
9 12 1 27.071 12.040 25.980 11.323
10 12 1 27.128 12.060 26.037 11.343
11 12 1 27.166 12.060 26.075 11.343
12 12 1 27.224 12.079 26.132 11.362
13 12 1 27.281 12.079 26.190 11.362
14 12 1 27.319 12.079 26.228 11.362
15 12 1 27.357 12.079 26.266 11.362
16 12 1 27.395 12.080 26.304 11.363
17 12 1 27.434 12.080 26.343 11.363
18 12 1 27.307 12.317 26.349 10.736
19 12 1 27.339 12.022 26.327 11.040
20 12 1 27.377 11.965 26.365 11.097
21 12 1 27.520 12.052 26.620 11.335
22 12 1 27.539 12.061 26.592 11.307
23 12 1 27.586 12.147 26.686 11.393
24 12 1 27.595 12.137 26.667 11.383
25 12 1 27.643 12.138 26.715 11.383
26 12 1 27.691 12.138 26.763 11.383
27 12 1 27.739 12.119 26.811 11.365
28 12 1 27.806 12.119 26.878 11.365
29 12 1 27.834 12.119 26.906 11.365
30 12 1 27.901 12.100 26.973 11.346
31 12 1 27.930 12.101 27.002 11.346
32 12 1 27.978 12.101 27.050 11.347
34 12 1 28.073 12.101 27.145 11.347
35 12 1 28.102 12.101 27.174 11.347
36 12 1 28.149 12.101 27.222 11.347
37 12 1 28.178 12.101 27.250 11.347
38 12 1 28.244 12.121 27.317 11.367
39 12 1 28.273 12.121 27.345 11.367
40 12 1 28.321 12.121 27.393 11.367
41 12 1 28.369 12.121 27.441 11.367
42 12 1 28.416 12.121 27.489 11.367
43 12 1 28.464 12.122 27.536 11.368
44 12 1 28.530 12.141 27.603 11.387
45 12 1 28.578 12.141 27.651 11.387
46 12 1 28.626 12.160 27.698 11.406
47 12 1 28.673 12.160 27.746 11.407
48 12 1 28.721 12.161 27.794 11.407
49 12 1 28.750 12.161 27.822 11.407
50 12 1 28.797 12.161 27.870 11.407
51 12 1 28.845 12.161 27.918 11.407
53 12 1 28.921 12.161 27.994 11.408
54 12 1 28.988 12.143 28.061 11.389
55 12 1 29.017 12.143 28.090 11.389
56 12 1 29.065 12.143 28.137 11.389
57 12 1 29.112 12.143 28.185 11.389
58 12 1 29.160 12.124 28.233 11.371
59 12 1 29.208 12.124 28.281 11.371
60 12 1 29.274 12.125 28.347 11.371
61 12 1 29.322 12.106 28.395 11.352
62 12 1 29.370 12.106 28.443 11.352
63 12 1 29.418 12.106 28.490 11.353
64 12 1 29.465 12.087 28.538 11.334
65 12 1 29.494 12.087 28.567 11.334
66 12 1 29.560 12.107 28.634 11.353
68 12 1 29.637 12.107 28.710 11.353
69 12 1 29.684 12.107 28.757 11.354
70 12 1 29.732 12.107 28.805 11.354
71 12 1 29.780 12.107 28.853 11.354
72 12 1 29.827 12.108 28.900 11.354
73 12 1 29.875 12.127 28.948 11.373
74 12 1 29.922 12.127 28.996 11.374
75 12 1 29.970 12.127 29.043 11.374
76 12 1 30.036 12.146 29.110 11.393
77 12 1 30.084 12.147 29.157 11.393
78 12 1 30.151 12.147 29.224 11.394
79 12 1 30.179 12.166 29.252 11.413
80 12 1 30.227 12.166 29.300 11.413
81 12 1 30.274 12.166 29.348 11.413
82 12 1 30.322 12.166 29.395 11.413
83 12 1 30.351 12.167 29.424 11.413
84 12 1 30.398 12.167 29.472 11.414
86 12 1 30.493 12.167 29.567 11.414
87 12 1 30.541 12.148 29.615 11.395
88 12 1 30.589 12.148 29.662 11.395
89 12 1 30.617 12.149 29.691 11.395
90 12 1 30.684 12.149 29.758 11.396
91 12 1 30.731 12.149 29.805 11.396
92 12 1 30.779 12.149 29.853 11.396
93 12 1 30.827 12.130 29.901 11.377
94 12 1 30.893 12.131 29.967 11.378
95 12 1 30.922 12.131 29.996 11.378
97 12 1 31.017 12.131 30.091 11.378
98 12 1 31.065 12.150 30.138 11.397
100 12 1 31.160 12.151 30.234 11.398
101 12 1 31.207 12.151 30.281 11.398
103 12 1 31.283 12.170 30.357 11.417
104 12 1 31.350 12.170 30.424 11.417
105 12 1 31.397 12.170 30.471 11.418
107 12 1 31.492 12.190 30.566 11.437
108 12 1 31.559 12.190 30.633 11.437
109 12 1 31.606 12.190 30.681 11.437
110 12 1 31.654 12.209 30.728 11.457
111 12 1 31.701 12.210 30.776 11.457
112 12 1 31.749 12.210 30.823 11.457
113 12 1 31.796 12.210 30.871 11.457
114 12 1 31.844 12.210 30.918 11.457
116 12 1 31.920 12.210 30.994 11.458
117 12 1 31.968 12.210 31.042 11.458
119 12 1 32.044 12.211 31.118 11.458
120 12 1 32.091 12.211 31.166 11.458
121 12 1 32.139 12.211 31.213 11.459
122 12 1 32.205 12.211 31.280 11.459
123 12 1 32.253 12.212 31.327 11.459
124 12 1 32.300 12.193 31.375 11.440
125 12 1 32.348 12.193 31.423 11.440
126 12 1 32.414 12.193 31.489 11.441
127 12 1 32.443 12.193 31.518 11.441
128 12 1 32.491 12.193 31.565 11.441
129 12 1 32.538 12.194 31.613 11.441
130 12 1 32.586 12.194 31.660 11.441
131 12 1 32.614 12.213 31.689 11.460
133 12 1 32.709 12.213 31.784 11.461
134 12 1 32.756 12.213 31.831 11.461
135 12 1 32.804 12.214 31.879 11.461
136 12 1 32.851 12.214 31.926 11.461
137 12 1 32.899 12.214 31.974 11.462
138 12 1 32.946 12.233 32.021 11.481
139 12 1 32.994 12.233 32.069 11.481
140 12 1 33.060 12.233 32.135 11.481
141 12 1 33.108 12.234 32.183 11.481
142 12 1 33.155 12.253 32.230 11.501
143 12 1 33.202 12.253 32.277 11.501
144 12 1 33.250 12.253 32.325 11.501
145 12 1 33.278 12.253 32.353 11.501
146 12 1 33.345 12.253 32.420 11.501
147 12 1 33.373 12.254 32.448 11.501
148 12 1 33.421 12.254 32.496 11.502
149 12 1 33.468 12.235 32.544 11.483
151 12 1 33.544 12.235 32.620 11.483
152 12 1 33.611 12.236 32.686 11.483
153 12 1 33.639 12.217 32.715 11.465
154 12 1 33.706 12.217 32.781 11.465
155 12 1 33.753 12.198 32.829 11.446
156 12 1 33.801 12.198 32.876 11.446
157 12 1 33.848 12.198 32.924 11.447
158 12 1 33.915 12.180 32.990 11.428
159 12 1 33.943 12.180 33.019 11.428
160 12 1 34.010 12.180 33.085 11.428
161 12 1 34.038 12.180 33.114 11.428
162 12 1 34.086 12.180 33.161 11.429
163 12 1 34.114 12.181 33.190 11.429
164 12 1 34.181 12.181 33.256 11.429
165 12 1 34.209 12.181 33.285 11.429
166 12 1 34.256 12.181 33.332 11.429
167 12 1 34.304 12.181 33.379 11.429
169 12 1 34.399 12.182 33.474 11.430
170 12 1 34.446 12.182 33.522 11.430
171 12 1 34.494 12.182 33.569 11.430
172 12 1 34.560 12.182 33.636 11.431
173 12 1 34.588 12.182 33.664 11.431
174 12 1 34.655 12.183 33.731 11.431
175 12 1 34.702 12.183 33.778 11.431
176 12 1 34.750 12.183 33.825 11.431
177 12 1 34.778 12.183 33.854 11.431
178 12 1 34.825 12.183 33.901 11.432
179 12 1 34.873 12.183 33.949 11.432
180 12 1 34.920 12.165 33.996 11.413
181 12 1 34.949 12.165 34.025 11.413
182 12 1 34.996 12.165 34.072 11.413
33 12 1 28.006 12.101 27.078 11.347
52 12 1 28.893 12.161 27.965 11.407
67 12 1 29.589 12.107 28.662 11.353
85 12 1 30.446 12.167 29.519 11.414
96 12 1 30.989 12.131 30.062 11.378
99 12 1 31.112 12.150 30.186 11.397
102 12 1 31.255 12.170 30.329 11.417
106 12 1 31.445 12.171 30.519 11.418
115 12 1 31.873 12.210 30.947 11.457
118 12 1 32.015 12.211 31.089 11.458
132 12 1 32.680 12.213 31.755 11.461
150 12 1 33.516 12.235 32.591 11.483
168 12 1 34.351 12.181 33.427 11.430
