0 0 1 20.819 13.068 22.228 13.885
1 0 1 20.782 13.043 22.253 13.897
2 0 1 20.881 13.043 22.353 13.897
3 0 1 20.981 13.043 22.452 13.897
4 0 1 21.081 13.043 22.552 13.897
5 0 1 21.205 13.044 22.676 13.898
6 0 1 21.355 13.044 22.825 13.898
7 0 1 21.455 13.019 22.925 13.873
8 0 1 21.579 13.019 23.050 13.873
9 0 1 21.654 13.020 23.124 13.873
10 0 1 21.778 13.044 23.248 13.898
11 0 1 21.878 13.045 23.348 13.898
12 0 1 21.977 13.045 23.447 13.898
13 0 1 22.102 13.045 23.572 13.899
14 0 1 22.226 13.045 23.696 13.899
15 0 1 22.326 13.045 23.796 13.899
16 0 1 22.450 13.045 23.920 13.899
17 0 1 22.599 13.046 24.069 13.899
18 0 1 22.698 13.070 24.168 13.924
19 0 1 22.823 13.071 24.292 13.924
20 0 1 22.922 13.071 24.392 13.924
21 0 1 23.047 13.071 24.516 13.924
22 0 1 23.171 13.071 24.640 13.924
23 0 1 23.271 13.071 24.740 13.924
24 0 1 23.370 13.071 24.839 13.925
25 0 1 23.494 13.072 24.963 13.925
26 0 1 23.643 13.072 25.112 13.925
27 0 1 23.768 13.072 25.237 13.925
28 0 1 23.867 13.072 25.336 13.925
29 0 1 23.967 13.072 25.435 13.925
30 0 1 24.091 13.072 25.560 13.925
31 0 1 24.215 13.073 25.684 13.925
32 0 1 24.290 13.073 25.758 13.926
33 0 1 24.439 13.073 25.907 13.926
34 0 1 24.563 13.073 26.031 13.926
35 0 1 24.662 13.073 26.131 13.926
36 0 1 24.786 13.098 26.254 13.951
37 0 1 24.910 13.098 26.379 13.951
38 0 1 25.010 13.098 26.478 13.951
39 0 1 25.134 13.098 26.602 13.951
40 0 1 25.258 13.099 26.726 13.951
41 0 1 25.382 13.123 26.850 13.976
42 0 1 25.531 13.124 26.999 13.976
43 0 1 25.655 13.124 27.123 13.976
44 0 1 25.730 13.124 27.197 13.976
45 0 1 25.854 13.124 27.321 13.977
46 0 1 25.953 13.124 27.420 13.977
47 0 1 26.102 13.124 27.569 13.977
48 0 1 26.201 13.125 27.668 13.977
49 0 1 26.325 13.125 27.792 13.977
50 0 1 26.449 13.125 27.916 13.977
51 0 1 26.548 13.125 28.015 13.977
52 0 1 26.672 13.125 28.139 13.977
53 0 1 26.821 13.150 28.288 14.002
54 0 1 26.945 13.150 28.412 14.002
55 0 1 27.019 13.150 28.486 14.002
56 0 1 27.168 13.151 28.635 14.003
57 0 1 27.292 13.151 28.758 14.003
58 0 1 27.416 13.151 28.882 14.003
59 0 1 27.540 13.151 29.006 14.003
60 0 1 27.639 13.151 29.105 14.003
61 0 1 27.763 13.151 29.229 14.003
62 0 1 27.912 13.152 29.378 14.003
63 0 1 28.036 13.152 29.502 14.004
64 0 1 28.135 13.152 29.601 14.004
65 0 1 28.234 13.152 29.700 14.004
66 0 1 28.358 13.152 29.823 14.004
67 0 1 28.531 13.152 29.997 14.004
68 0 1 28.630 13.153 30.096 14.004
69 0 1 28.754 13.153 30.219 14.004
70 0 1 28.878 13.153 30.343 14.004
71 0 1 28.977 13.153 30.442 14.005
72 0 1 29.101 13.153 30.566 14.005
73 0 1 29.249 13.153 30.714 14.005
74 0 1 29.398 13.154 30.863 14.005
75 0 1 29.522 13.154 30.986 14.005
76 0 1 29.596 13.154 31.061 14.005
77 0 1 29.695 13.154 31.159 14.005
78 0 1 30.139 13.253 30.878 13.648
79 0 1 29.880 13.191 31.345 14.042
80 0 1 30.004 13.191 31.468 14.043
81 0 1 30.103 13.192 31.567 14.043
82 0 1 30.226 13.192 31.691 14.043
83 0 1 30.325 13.192 31.790 14.043
84 0 1 30.449 13.192 31.913 14.043
85 0 1 30.597 13.192 32.061 14.043
86 0 1 30.721 13.217 32.185 14.068
87 0 1 30.869 13.193 32.333 14.043
88 0 1 30.968 13.193 32.432 14.044
89 0 1 31.092 13.193 32.556 14.044
90 0 1 31.191 13.193 32.654 14.044
91 0 1 31.314 13.193 32.778 14.044
92 0 1 31.438 13.193 32.901 14.044
93 0 1 31.537 13.194 33.000 14.044
94 0 1 31.636 13.194 33.099 14.044
95 0 1 31.759 13.194 33.222 14.044
96 0 1 31.883 13.194 33.346 14.045
97 0 1 32.006 13.194 33.469 14.045
98 0 1 32.105 13.194 33.568 14.045
99 0 1 32.229 13.194 33.692 14.045
100 0 1 32.377 13.195 33.840 14.045
101 0 1 32.500 13.195 33.963 14.045
102 0 1 32.624 13.195 34.086 14.045
103 0 1 32.747 13.195 34.210 14.045
104 0 1 32.871 13.195 34.333 14.046
105 0 1 32.994 13.196 34.457 14.046
106 0 1 33.118 13.196 34.580 14.046
107 0 1 33.241 13.196 34.703 14.046
108 0 1 33.389 13.196 34.851 14.046
109 0 1 33.513 13.196 34.974 14.046
110 0 1 33.907 13.295 34.840 13.862
111 0 1 33.648 13.209 35.110 14.059
112 0 1 34.153 13.308 34.976 13.886
113 0 1 33.759 13.221 35.221 14.071
114 0 1 34.363 13.271 35.271 13.887
115 0 1 33.895 13.234 35.356 14.084
116 0 1 33.993 13.234 35.455 14.084
117 0 1 34.117 13.234 35.578 14.084
118 0 1 34.240 13.234 35.701 14.084
119 0 1 34.339 13.234 35.800 14.084
120 0 1 34.438 13.210 35.899 14.059
121 0 1 34.536 13.210 35.997 14.060
122 0 1 34.635 13.210 36.096 14.060
123 0 1 34.758 13.210 36.219 14.060
124 0 1 34.931 13.210 36.392 14.060
125 0 1 35.079 13.211 36.539 14.060
126 0 1 35.202 13.211 36.662 14.060
127 0 1 35.350 13.211 36.810 14.060
128 0 1 35.448 13.211 36.909 14.061
129 0 1 35.571 13.211 37.032 14.061
130 0 1 35.695 13.211 37.155 14.061
131 0 1 35.842 13.212 37.303 14.061
132 0 1 35.941 13.212 37.401 14.061
133 0 1 36.064 13.212 37.524 14.061
134 0 1 36.163 13.212 37.623 14.061
135 0 1 36.286 13.212 37.746 14.061
136 0 1 36.434 13.212 37.893 14.062
137 0 1 36.557 13.213 38.016 14.062
138 0 1 36.655 13.213 38.115 14.062
139 0 1 36.754 13.213 38.213 14.062
140 0 1 36.852 13.213 38.312 14.062
141 0 1 36.951 13.213 38.410 14.062
142 0 1 37.074 13.213 38.533 14.062
143 0 1 37.209 13.214 38.668 14.062
144 0 1 37.295 13.189 38.754 14.038
145 0 1 37.418 13.189 38.877 14.038
146 0 1 37.726 13.227 39.184 14.075
147 0 1 37.713 13.190 39.172 14.038
148 0 1 37.837 13.165 39.295 14.014
149 0 1 37.861 13.141 39.320 13.989
150 0 1 38.107 13.166 39.566 14.014
151 0 1 38.230 13.166 39.688 14.014
152 0 1 38.353 13.191 39.811 14.039
153 0 1 38.451 13.191 39.909 14.039
154 0 1 38.574 13.191 40.032 14.039
155 0 1 38.672 13.191 40.131 14.039
156 0 1 38.795 13.191 40.253 14.039
157 0 1 38.918 13.191 40.376 14.040
158 0 1 39.017 13.191 40.474 14.040
159 0 1 39.115 13.192 40.573 14.040
160 0 1 39.238 13.192 40.695 14.040
161 0 1 39.361 13.192 40.818 14.040
162 0 1 39.483 13.192 40.941 14.040
163 0 1 39.606 13.168 41.064 14.016
164 0 1 39.680 13.168 41.137 14.016
165 0 1 39.827 13.168 41.285 14.016
166 0 1 39.950 13.168 41.407 14.016
167 0 1 40.073 13.168 41.530 14.016
168 0 1 40.220 13.169 41.677 14.016
169 0 1 40.343 13.144 41.800 13.992
170 0 1 40.466 13.169 41.923 14.017
171 0 1 40.613 13.169 42.070 14.017
172 0 1 40.736 13.169 42.192 14.017
173 0 1 40.834 13.169 42.290 14.017
174 0 1 40.932 13.194 42.388 14.042
175 0 1 41.030 13.194 42.487 14.042
176 0 1 41.153 13.194 42.609 14.042
177 0 1 41.300 13.195 42.756 14.042
178 0 1 41.447 13.195 42.903 14.042
179 0 1 41.545 13.195 43.001 14.042
180 0 1 41.643 13.195 43.099 14.042
181 0 1 41.742 13.195 43.197 14.043
182 0 1 41.864 13.171 43.320 14.018
183 0 1 41.962 13.171 43.418 14.018
184 0 1 42.061 13.147 43.516 13.994
185 0 1 42.183 13.147 43.639 13.994
186 0 1 42.330 13.147 43.786 13.994
187 0 1 42.453 13.123 43.908 13.970
188 0 1 42.551 13.123 44.006 13.970
189 0 1 42.673 13.123 44.129 13.970
190 0 1 42.796 13.123 44.251 13.970
191 0 1 42.918 13.148 44.373 13.995
192 0 1 43.065 13.148 44.520 13.995
193 0 1 43.163 13.148 44.618 13.995
194 0 1 43.286 13.148 44.741 13.995
195 0 1 43.384 13.148 44.838 13.995
196 0 1 43.506 13.149 44.961 13.995
197 0 1 43.653 13.149 45.108 13.996
198 0 1 43.800 13.149 45.254 13.996
199 0 1 43.923 13.149 45.377 13.996
200 0 1 43.972 13.149 45.426 13.996
201 0 1 44.094 13.149 45.548 13.996
202 0 1 44.216 13.125 45.670 13.972
203 0 1 44.314 13.125 45.768 13.972
204 0 1 44.412 13.125 45.866 13.972
205 0 1 44.535 13.126 45.988 13.972
206 0 1 44.657 13.101 46.111 13.948
207 0 1 44.755 13.101 46.208 13.948
208 0 1 44.877 13.102 46.331 13.948
209 0 1 44.999 13.102 46.453 13.948
210 0 1 45.097 13.102 46.551 13.948
211 0 1 45.220 13.102 46.673 13.948
212 0 1 45.391 13.127 46.844 13.973
213 0 1 45.489 13.127 46.942 13.973
214 0 1 45.611 13.127 47.064 13.973
215 0 1 45.733 13.127 47.186 13.973
216 0 1 45.831 13.127 47.284 13.973
217 0 1 45.929 13.128 47.381 13.974
218 0 1 46.051 13.128 47.504 13.974
219 0 1 46.198 13.128 47.650 13.974
220 0 1 46.320 13.128 47.772 13.974
221 0 1 46.369 13.128 47.821 13.974
222 0 1 46.466 13.128 47.919 13.974
223 0 1 46.564 13.104 48.016 13.950
224 0 1 46.662 13.080 48.114 13.925
225 0 1 46.760 13.080 48.212 13.926
226 0 1 46.833 13.080 48.285 13.926
227 0 1 46.931 13.056 48.383 13.901
228 0 1 47.028 13.056 48.480 13.901
229 0 1 47.151 13.031 48.602 13.877
230 0 1 47.248 13.032 48.700 13.877
231 0 1 47.370 13.032 48.822 13.877
232 0 1 47.492 13.056 48.944 13.902
233 0 1 47.639 13.057 49.090 13.902
234 0 1 47.785 13.081 49.237 13.927
235 0 1 47.883 13.081 49.334 13.927
236 0 1 47.981 13.082 49.432 13.927
237 0 1 48.078 13.082 49.529 13.927
238 0 1 48.200 13.082 49.651 13.927
0 2 2 15.535 12.541 17.422 13.347
1 2 2 15.485 12.516 17.460 13.360
2 2 2 15.359 12.565 17.523 13.298
3 2 2 15.410 12.553 17.523 13.310
4 2 2 15.498 12.528 17.611 13.286
5 2 2 15.585 12.528 17.698 13.286
6 2 2 16.074 12.443 18.071 13.398
7 2 2 16.061 12.480 18.084 13.373
8 2 2 16.161 12.468 18.184 13.361
9 2 2 16.261 12.455 18.284 13.349
10 2 2 16.361 12.443 18.384 13.336
11 2 2 16.461 12.431 18.484 13.324
12 2 2 16.562 12.419 18.584 13.312
13 2 2 16.662 12.407 18.684 13.300
14 2 2 16.787 12.394 18.809 13.287
15 2 2 16.887 12.382 18.909 13.275
16 2 2 16.987 12.370 19.009 13.263
17 2 2 17.087 12.358 19.109 13.251
18 2 2 17.212 12.346 19.234 13.239
19 2 2 17.312 12.358 19.333 13.251
20 2 2 17.437 12.346 19.458 13.239
21 2 2 17.536 12.359 19.558 13.251
22 2 2 17.661 12.346 19.683 13.239
23 2 2 17.761 12.359 19.782 13.252
24 2 2 17.886 12.347 19.907 13.239
25 2 2 17.986 12.359 20.007 13.252
26 2 2 18.086 12.347 20.106 13.240
27 2 2 18.409 12.397 19.846 13.128
28 2 2 18.522 12.373 19.970 13.153
29 2 2 18.597 12.360 20.369 13.166
30 2 2 18.659 12.360 20.357 13.166
31 2 2 18.883 12.398 20.332 13.129
32 2 2 19.033 12.386 20.468 13.191
33 2 2 18.958 12.447 20.843 13.167
34 2 2 19.169 12.472 20.793 13.167
35 2 2 19.331 12.497 20.817 13.216
36 2 2 19.431 12.473 21.041 13.253
37 2 2 19.493 12.498 21.302 13.266
38 2 2 19.580 12.485 21.439 13.303
39 2 2 19.705 12.498 21.526 13.303
40 2 2 20.028 12.597 21.077 13.303
41 2 2 19.991 12.523 21.700 13.304
42 2 2 20.139 12.622 21.439 13.254
43 2 2 20.289 12.585 21.812 13.279
44 2 2 20.451 12.623 21.688 13.291
45 2 2 20.564 12.573 22.011 13.329
46 2 2 20.589 12.524 22.446 13.391
47 2 2 20.875 12.599 22.210 13.366
48 2 2 20.925 12.599 22.583 13.354
49 2 2 20.974 12.599 22.856 13.379
50 2 2 21.050 12.550 23.104 13.454
51 2 2 21.148 12.661 23.031 13.318
52 2 2 21.473 12.513 23.465 13.417
53 2 2 21.671 12.600 23.477 13.516
54 2 2 21.746 12.588 23.700 13.516
55 2 2 21.722 12.563 23.800 13.504
56 2 2 22.068 12.712 23.478 13.429
57 2 2 22.230 12.699 23.777 13.380
58 2 2 22.143 12.724 24.100 13.356
59 2 2 22.193 12.699 23.826 13.417
60 2 2 22.616 12.700 24.025 13.430
61 2 2 22.752 12.737 24.099 13.442
62 2 2 22.516 12.725 24.136 13.443
63 2 2 22.640 12.737 24.260 13.455
64 2 2 23.299 12.763 24.335 13.467
65 2 2 22.802 12.762 24.422 13.480
66 2 2 22.926 12.775 24.546 13.492
67 2 2 23.050 12.762 24.670 13.480
68 2 2 23.199 12.775 24.819 13.493
69 2 2 23.349 12.763 24.968 13.481
70 2 2 23.910 12.591 25.687 13.580
71 2 2 23.510 12.788 25.129 13.505
72 2 2 23.659 12.776 25.279 13.493
73 2 2 23.809 12.764 25.428 13.481
74 2 2 23.958 12.776 25.577 13.494
75 2 2 24.107 12.764 25.726 13.482
76 2 2 24.281 12.777 25.899 13.494
77 2 2 24.430 12.765 26.048 13.482
78 2 2 24.579 12.777 26.197 13.494
79 2 2 24.728 12.765 26.346 13.482
80 2 2 24.877 12.753 26.495 13.470
81 2 2 25.026 12.741 26.644 13.458
82 2 2 25.175 12.753 26.793 13.471
83 2 2 25.324 12.741 26.942 13.458
84 2 2 25.473 12.754 27.091 13.471
85 2 2 25.647 12.742 27.264 13.459
86 2 2 25.796 12.754 27.413 13.471
87 2 2 25.945 12.742 27.562 13.459
88 2 2 26.094 12.730 27.711 13.447
89 2 2 26.243 12.718 27.859 13.435
90 2 2 26.391 12.731 28.008 13.447
91 2 2 26.540 12.694 28.157 13.411
92 2 2 26.689 12.706 28.306 13.423
93 2 2 26.838 12.670 28.455 13.386
94 2 2 26.987 12.682 28.603 13.399
95 2 2 27.161 12.646 28.777 13.362
96 2 2 27.334 12.658 28.950 13.375
97 2 2 27.483 12.646 29.099 13.363
98 2 2 27.657 12.634 29.272 13.351
99 2 2 27.830 12.622 29.446 13.338
100 2 2 27.979 12.610 29.594 13.326
101 2 2 28.152 12.598 29.768 13.314
102 2 2 28.301 12.586 29.916 13.302
103 2 2 28.475 12.574 30.090 13.290
104 2 2 28.623 12.562 30.238 13.278
105 2 2 28.797 12.550 30.411 13.266
106 2 2 28.970 12.538 30.585 13.254
107 2 2 29.144 12.526 30.758 13.242
108 2 2 29.317 12.538 30.931 13.254
109 2 2 29.465 12.526 31.079 13.242
110 2 2 29.639 12.514 31.252 13.230
111 2 2 29.812 12.502 31.426 13.218
112 2 2 29.985 12.490 31.599 13.206
113 2 2 30.158 12.478 31.772 13.194
114 2 2 30.332 12.466 31.945 13.182
115 2 2 30.505 12.454 32.118 13.170
116 2 2 30.678 12.442 32.291 13.158
117 2 2 30.851 12.430 32.464 13.146
118 2 2 31.024 12.418 32.637 13.134
119 2 2 31.198 12.381 32.810 13.097
120 2 2 31.346 12.394 32.958 13.109
121 2 2 31.519 12.357 33.131 13.073
122 2 2 31.692 12.345 33.304 13.061
123 2 2 31.865 12.333 33.477 13.049
124 2 2 32.038 12.346 33.649 13.061
125 2 2 32.211 12.334 33.822 13.049
126 2 2 32.384 12.322 33.995 13.037
127 2 2 32.557 12.310 34.168 13.025
128 2 2 32.729 12.322 34.340 13.038
129 2 2 32.902 12.286 34.513 13.001
130 2 2 33.075 12.298 34.685 13.014
131 2 2 33.248 12.262 34.858 12.977
132 2 2 33.445 12.250 35.056 12.965
133 2 2 33.618 12.238 35.228 12.953
134 2 2 33.791 12.251 35.401 12.965
135 2 2 33.964 12.214 35.573 12.929
136 2 2 34.136 12.202 35.746 12.917
137 2 2 34.334 12.190 35.943 12.905
138 2 2 34.506 12.203 36.115 12.917
139 2 2 34.679 12.166 36.288 12.881
140 2 2 34.851 12.154 36.460 12.869
141 2 2 35.024 12.142 36.633 12.857
142 2 2 35.196 12.155 36.805 12.869
143 2 2 35.369 12.143 36.977 12.857
144 2 2 35.566 12.131 37.174 12.845
145 2 2 35.738 12.119 37.346 12.833
146 2 2 35.911 12.107 37.519 12.821
147 2 2 36.083 12.095 37.691 12.809
148 2 2 36.256 12.083 37.863 12.797
149 2 2 36.453 12.071 38.060 12.785
150 2 2 36.625 12.059 38.232 12.773
151 2 2 36.773 12.047 38.380 12.761
152 2 2 36.945 12.035 38.552 12.749
153 2 2 37.117 12.023 38.724 12.737
154 2 2 37.314 12.011 38.921 12.725
155 2 2 37.486 11.999 39.093 12.713
156 2 2 37.658 12.012 39.264 12.726
157 2 2 37.830 12.000 39.436 12.714
158 2 2 38.027 11.988 39.633 12.702
159 2 2 38.199 11.976 39.805 12.690
160 2 2 38.371 11.989 39.977 12.702
161 2 2 38.543 11.977 40.149 12.690
162 2 2 38.715 11.989 40.320 12.703
163 2 2 38.912 11.978 40.517 12.691
164 2 2 39.084 11.990 40.689 12.704
165 2 2 39.256 11.978 40.860 12.692
166 2 2 39.428 11.991 41.032 12.704
167 2 2 39.624 11.979 41.228 12.692
168 2 2 39.820 11.991 41.425 12.705
169 2 2 39.992 11.979 41.596 12.693
170 2 2 40.189 11.992 41.792 12.705
171 2 2 40.385 12.005 41.988 12.718
172 2 2 40.556 12.017 42.160 12.730
173 2 2 40.753 12.005 42.356 12.718
174 2 2 40.924 12.018 42.528 12.731
175 2 2 41.121 12.031 42.724 12.743
176 2 2 41.292 12.043 42.895 12.756
177 2 2 41.488 12.031 43.091 12.744
178 2 2 41.684 12.068 43.287 12.781
179 2 2 41.856 12.056 43.458 12.769
180 2 2 42.027 12.069 43.630 12.782
181 2 2 42.224 12.057 43.826 12.770
182 2 2 42.419 12.094 44.021 12.807
183 2 2 42.591 12.107 44.193 12.819
184 2 2 42.762 12.119 44.364 12.832
185 2 2 42.934 12.107 44.535 12.820
186 2 2 43.105 12.120 44.707 12.832
187 2 2 43.277 12.108 44.878 12.820
189 2 2 43.289 12.120 44.890 12.832
190 2 2 44.354 12.024 46.283 13.042
191 2 2 44.586 12.025 46.357 13.043
192 2 2 44.634 12.404 46.919 13.031
193 2 2 44.683 12.355 46.857 13.068
194 2 2 44.842 12.367 47.016 13.080
195 2 2 45.026 12.380 47.199 13.093
196 2 2 45.184 12.392 47.358 13.105
197 2 2 45.392 12.405 47.566 13.118
198 2 2 45.576 12.442 47.749 13.155
199 2 2 45.783 12.455 47.956 13.167
200 2 2 45.967 12.467 48.139 13.180
201 2 2 46.174 12.480 48.347 13.192
202 2 2 46.357 12.517 48.530 13.229
203 2 2 46.565 12.529 48.737 13.241
204 2 2 46.724 12.542 48.896 13.254
205 2 2 46.931 12.554 49.103 13.266
206 2 2 47.114 12.591 49.286 13.303
207 2 2 47.749 12.592 49.505 13.242
208 2 2 47.993 12.629 49.651 13.292
209 2 2 48.091 12.507 50.005 13.365
210 2 2 48.274 12.581 50.139 13.366
211 2 2 48.445 12.618 50.236 13.305
212 2 2 48.371 12.618 50.273 13.317
213 2 2 48.810 12.704 50.602 13.366
214 2 2 48.932 12.692 50.821 13.379
215 2 2 48.920 12.704 50.809 13.391
216 2 2 49.091 12.717 50.979 13.403
217 2 2 49.286 12.754 51.174 13.440
218 2 2 49.457 12.766 51.345 13.453
219 2 2 49.627 12.803 51.515 13.489
220 2 2 49.822 12.815 51.710 13.502
221 2 2 50.370 12.902 52.014 13.539
222 2 2 50.249 12.889 52.100 13.563
223 2 2 50.407 12.890 52.258 13.564
224 2 2 50.590 12.914 52.440 13.588
225 2 2 50.772 12.915 52.623 13.588
226 2 2 50.931 12.939 52.781 13.613
227 2 2 51.113 12.988 52.963 13.662
228 2 2 51.272 13.013 53.121 13.687
229 2 2 51.478 13.013 53.328 13.687
230 2 2 51.637 13.038 53.486 13.712
231 2 2 51.844 13.087 53.693 13.761
232 2 2 52.002 13.136 53.851 13.810
233 2 2 52.209 13.161 54.058 13.834
234 2 2 52.367 13.161 54.216 13.834
235 2 2 52.549 13.210 54.398 13.883
236 2 2 52.707 13.235 54.556 13.908
237 2 2 52.890 13.284 54.738 13.957
238 2 2 53.048 13.308 54.896 13.982
