0 0 1 33.318 13.028 34.303 13.853
1 0 1 33.293 13.003 34.316 13.865
2 0 1 33.268 13.003 34.291 13.865
3 0 1 33.268 13.003 34.291 13.865
4 0 1 33.256 13.003 34.278 13.865
5 0 1 33.169 12.977 34.017 13.851
10 0 1 33.268 13.015 34.291 13.877
11 0 1 33.256 13.015 34.278 13.877
12 0 1 33.243 13.015 34.266 13.877
13 0 1 33.218 13.015 34.241 13.877
14 0 1 33.206 13.015 34.228 13.877
15 0 1 33.181 13.015 34.204 13.877
16 0 1 33.156 13.015 34.179 13.877
17 0 1 33.131 13.014 34.154 13.877
18 0 1 33.119 13.027 34.141 13.889
19 0 1 33.094 13.027 34.116 13.889
20 0 1 33.069 13.026 34.091 13.889
21 0 1 33.044 13.026 34.066 13.889
22 0 1 33.031 13.039 34.054 13.901
23 0 1 33.006 13.038 34.029 13.901
24 0 1 32.981 13.038 34.004 13.901
25 0 1 32.969 13.038 33.992 13.901
26 0 1 32.944 13.050 33.967 13.913
27 0 1 32.932 13.050 33.954 13.913
28 0 1 32.907 13.050 33.929 13.913
29 0 1 32.882 13.050 33.904 13.912
30 0 1 32.745 13.024 33.606 13.886
32 0 1 32.707 13.037 33.668 13.899
33 0 1 32.683 13.036 33.643 13.898
34 0 1 32.670 13.036 33.631 13.898
35 0 1 32.658 13.036 33.618 13.898
36 0 1 32.633 13.036 33.593 13.898
37 0 1 32.608 13.036 33.568 13.898
38 0 1 32.583 13.036 33.543 13.898
39 0 1 32.558 13.036 33.519 13.898
40 0 1 32.521 13.035 33.481 13.898
41 0 1 32.508 13.035 33.469 13.897
42 0 1 32.458 13.035 33.419 13.897
43 0 1 32.433 13.035 33.394 13.897
44 0 1 32.409 13.035 33.369 13.897
45 0 1 32.371 13.035 33.332 13.897
46 0 1 32.359 13.034 33.319 13.897
47 0 1 32.309 13.034 33.269 13.896
48 0 1 32.284 13.034 33.245 13.896
49 0 1 32.247 13.034 33.207 13.896
50 0 1 32.234 13.034 33.195 13.896
51 0 1 32.197 13.033 33.157 13.896
52 0 1 32.172 13.033 33.132 13.896
53 0 1 32.147 13.033 33.108 13.895
54 0 1 32.110 13.033 33.070 13.895
55 0 1 32.072 13.033 33.033 13.895
56 0 1 32.047 13.033 33.008 13.895
57 0 1 32.022 13.045 32.983 13.907
58 0 1 31.997 13.045 32.958 13.907
59 0 1 31.960 13.044 32.921 13.907
60 0 1 31.922 13.044 32.883 13.907
61 0 1 31.897 13.044 32.858 13.906
62 0 1 31.860 13.044 32.821 13.906
63 0 1 31.823 13.056 32.783 13.918
64 0 1 31.798 13.056 32.758 13.918
65 0 1 31.760 13.056 32.721 13.918
66 0 1 31.723 13.068 32.684 13.930
67 0 1 31.698 13.068 32.659 13.930
68 0 1 31.673 13.068 32.634 13.930
69 0 1 31.648 13.067 32.609 13.930
70 0 1 31.610 13.067 32.571 13.930
71 0 1 31.573 13.067 32.534 13.929
72 0 1 31.560 13.079 32.521 13.942
73 0 1 31.523 13.079 32.484 13.942
74 0 1 31.498 13.079 32.459 13.941
75 0 1 31.349 13.053 32.298 13.878
77 0 1 31.361 13.041 32.310 13.891
78 0 1 31.337 13.041 32.285 13.891
79 0 1 31.299 13.040 32.248 13.890
80 0 1 31.274 13.053 32.223 13.903
81 0 1 31.249 13.040 32.198 13.890
82 0 1 31.224 13.052 32.173 13.902
83 0 1 31.187 13.040 32.136 13.890
84 0 1 31.162 13.052 32.111 13.902
85 0 1 31.125 13.039 32.073 13.889
86 0 1 31.099 13.052 32.048 13.902
87 0 1 31.062 13.039 32.011 13.889
88 0 1 31.037 13.039 31.986 13.889
89 0 1 31.012 13.039 31.961 13.889
90 0 1 30.975 13.038 31.924 13.889
91 0 1 30.937 13.038 31.886 13.888
92 0 1 30.913 13.038 31.861 13.888
93 0 1 30.875 13.038 31.824 13.888
94 0 1 30.863 13.038 31.811 13.888
95 0 1 30.838 13.038 31.787 13.888
96 0 1 30.800 13.037 31.749 13.888
97 0 1 30.775 13.037 31.724 13.887
98 0 1 30.750 13.037 31.699 13.887
99 0 1 30.725 13.037 31.674 13.887
100 0 1 30.700 13.049 31.649 13.899
101 0 1 30.675 13.037 31.624 13.887
102 0 1 30.638 13.049 31.587 13.899
103 0 1 30.613 13.036 31.562 13.887
104 0 1 30.588 13.049 31.537 13.899
105 0 1 30.551 13.048 31.500 13.899
106 0 1 30.526 13.048 31.475 13.898
107 0 1 30.488 13.048 31.437 13.898
108 0 1 30.463 13.060 31.412 13.911
109 0 1 30.438 13.072 31.387 13.923
110 0 1 30.413 13.060 31.362 13.910
111 0 1 30.388 13.085 31.337 13.935
112 0 1 30.363 13.084 31.312 13.935
113 0 1 30.338 13.084 31.287 13.935
114 0 1 30.313 13.084 31.262 13.935
115 0 1 30.276 13.084 31.225 13.934
116 0 1 30.251 13.084 31.200 13.934
117 0 1 30.213 13.083 31.162 13.934
118 0 1 30.188 13.083 31.137 13.934
119 0 1 30.163 13.083 31.112 13.934
120 0 1 30.126 13.083 31.075 13.933
121 0 1 30.088 13.083 31.037 13.933
122 0 1 30.051 13.083 31.000 13.933
123 0 1 30.026 13.082 30.975 13.933
124 0 1 29.988 13.082 30.938 13.933
125 0 1 29.963 13.082 30.913 13.933
126 0 1 29.926 13.082 30.875 13.932
127 0 1 29.889 13.082 30.838 13.932
128 0 1 29.851 13.069 30.801 13.919
129 0 1 29.827 13.056 30.776 13.907
130 0 1 29.789 13.069 30.738 13.919
131 0 1 29.764 13.056 30.713 13.907
132 0 1 29.727 13.056 30.676 13.906
133 0 1 29.689 13.055 30.638 13.906
134 0 1 29.664 13.055 30.614 13.906
135 0 1 29.639 13.055 30.589 13.906
136 0 1 29.602 13.055 30.551 13.906
137 0 1 29.577 13.055 30.526 13.905
138 0 1 29.552 13.055 30.501 13.905
139 0 1 29.514 13.054 30.464 13.905
140 0 1 29.489 13.067 30.439 13.917
141 0 1 29.452 13.054 30.401 13.905
142 0 1 29.427 13.066 30.376 13.917
143 0 1 29.390 13.054 30.339 13.904
144 0 1 29.364 13.066 30.314 13.917
145 0 1 29.327 13.053 30.277 13.904
146 0 1 29.289 13.065 30.239 13.916
147 0 1 29.240 13.053 30.189 13.903
148 0 1 29.202 13.065 30.151 13.916
149 0 1 29.165 13.052 30.114 13.903
150 0 1 29.127 13.064 30.077 13.915
151 0 1 29.090 13.052 30.039 13.903
152 0 1 29.065 13.064 30.014 13.915
153 0 1 29.064 13.077 30.002 13.915
155 0 1 29.077 13.089 30.014 13.927
156 0 1 29.052 13.089 29.989 13.927
157 0 1 29.027 13.089 29.964 13.927
158 0 1 28.989 13.076 29.927 13.914
159 0 1 28.964 13.076 29.902 13.914
160 0 1 28.940 13.076 29.877 13.914
161 0 1 28.763 13.174 29.667 13.714
162 0 1 28.778 13.038 29.703 13.863
163 0 1 28.753 13.037 29.678 13.863
164 0 1 28.715 13.037 29.640 13.863
165 0 1 28.690 13.037 29.615 13.863
166 0 1 28.653 13.024 29.578 13.850
167 0 1 28.616 13.012 29.541 13.838
168 0 1 28.578 13.011 29.503 13.837
169 0 1 28.528 12.999 29.453 13.825
170 0 1 28.491 12.986 29.416 13.812
171 0 1 28.466 12.998 29.391 13.824
172 0 1 28.429 12.986 29.354 13.812
173 0 1 28.391 12.985 29.316 13.811
174 0 1 28.365 13.023 29.278 13.836
176 0 1 28.378 13.035 29.291 13.849
177 0 1 28.340 13.022 29.253 13.836
178 0 1 28.303 13.022 29.216 13.836
179 0 1 28.291 13.010 29.203 13.823
180 0 1 28.253 13.009 29.166 13.823
181 0 1 28.241 13.009 29.154 13.823
182 0 1 28.203 13.009 29.116 13.823
183 0 1 28.178 13.009 29.091 13.823
184 0 1 28.153 13.009 29.066 13.822
185 0 1 28.029 12.958 29.003 13.847
187 0 1 28.066 12.996 28.979 13.809
188 0 1 28.028 12.996 28.941 13.809
189 0 1 28.003 12.996 28.916 13.809
190 0 1 27.966 12.995 28.879 13.809
191 0 1 27.928 12.995 28.841 13.809
192 0 1 27.903 12.995 28.816 13.809
193 0 1 27.866 12.995 28.779 13.808
194 0 1 27.828 12.994 28.741 13.808
195 0 1 27.803 12.994 28.716 13.808
196 0 1 27.778 12.994 28.691 13.808
197 0 1 27.755 12.882 28.668 13.696
199 0 1 27.767 12.895 28.680 13.708
200 0 1 27.742 12.894 28.655 13.708
201 0 1 27.717 12.894 28.630 13.708
202 0 1 27.692 12.894 28.605 13.708
203 0 1 27.667 12.906 28.580 13.720
204 0 1 27.378 12.992 28.418 13.719
206 0 1 27.454 12.955 28.367 13.756
207 0 1 27.429 12.955 28.342 13.756
208 0 1 27.391 12.954 28.304 13.756
209 0 1 27.341 12.954 28.254 13.756
210 0 1 27.316 12.954 28.229 13.755
211 0 1 27.279 12.954 28.192 13.755
212 0 1 27.266 12.954 28.179 13.755
213 0 1 27.229 12.953 28.142 13.755
214 0 1 27.216 12.953 28.129 13.755
215 0 1 27.179 12.953 28.092 13.755
216 0 1 27.128 13.003 28.029 13.792
218 0 1 27.140 13.015 28.041 13.804
219 0 1 27.115 13.015 28.016 13.804
220 0 1 27.090 13.002 27.991 13.791
221 0 1 27.077 13.015 27.979 13.804
222 0 1 27.052 13.015 27.954 13.804
223 0 1 27.027 13.014 27.929 13.803
224 0 1 27.002 13.014 27.904 13.803
225 0 1 26.977 13.014 27.879 13.803
226 0 1 26.940 13.014 27.841 13.803
227 0 1 26.915 13.014 27.816 13.803
228 0 1 26.890 13.014 27.791 13.803
229 0 1 26.852 13.013 27.753 13.802
230 0 1 26.815 13.013 27.716 13.802
231 0 1 26.790 13.013 27.691 13.802
232 0 1 26.752 13.013 27.653 13.802
233 0 1 26.715 13.013 27.616 13.802
234 0 1 26.690 13.012 27.591 13.801
235 0 1 26.665 13.012 27.566 13.801
236 0 1 26.614 13.062 27.503 13.838
238 0 1 26.626 13.074 27.515 13.851
239 0 1 26.588 13.074 27.478 13.851
240 0 1 26.588 13.074 27.478 13.851
241 0 1 26.563 13.074 27.452 13.850
242 0 1 26.538 13.086 27.427 13.863
243 0 1 26.314 13.010 27.290 13.812
245 0 1 26.376 13.035 27.265 13.812
246 0 1 26.351 13.035 27.240 13.812
247 0 1 26.326 13.035 27.215 13.812
248 0 1 26.301 13.035 27.190 13.812
249 0 1 26.276 13.035 27.165 13.811
250 0 1 26.251 13.035 27.140 13.811
251 0 1 26.214 13.034 27.103 13.811
252 0 1 26.189 13.022 27.078 13.799
253 0 1 26.163 13.034 27.053 13.811
254 0 1 26.126 13.021 27.015 13.798
255 0 1 26.089 13.021 26.978 13.798
256 0 1 26.088 13.046 26.978 13.810
258 0 1 26.100 13.059 26.990 13.823
259 0 1 26.075 13.058 26.965 13.823
260 0 1 26.050 13.058 26.940 13.823
261 0 1 26.026 13.046 26.915 13.810
262 0 1 26.001 13.046 26.890 13.810
263 0 1 25.976 13.033 26.865 13.797
264 0 1 25.951 13.033 26.840 13.797
265 0 1 25.938 13.033 26.828 13.797
266 0 1 25.926 13.033 26.815 13.797
267 0 1 25.888 13.032 26.777 13.797
268 0 1 25.875 13.032 26.765 13.797
269 0 1 25.838 13.032 26.727 13.796
270 0 1 25.813 13.032 26.702 13.796
271 0 1 25.788 13.032 26.677 13.796
272 0 1 25.763 13.032 26.652 13.796
273 0 1 25.738 13.031 26.627 13.796
274 0 1 25.700 13.031 26.590 13.796
275 0 1 25.662 13.043 26.552 13.808
0 1 2 56.850 12.569 58.729 13.342
1 1 2 56.801 12.544 58.766 13.355
2 1 2 56.667 12.544 58.631 13.354
3 1 2 56.557 12.567 58.522 13.378
4 1 2 56.459 12.542 58.424 13.353
5 1 2 56.337 12.566 58.302 13.377
6 1 2 56.190 12.541 58.156 13.351
7 1 2 56.044 12.564 58.009 13.375
8 1 2 55.897 12.563 57.863 13.374
9 1 2 55.775 12.562 57.740 13.373
10 1 2 55.652 12.586 57.618 13.397
11 1 2 55.506 12.610 57.472 13.421
12 1 2 55.383 12.609 57.350 13.420
13 1 2 55.261 12.633 57.227 13.444
14 1 2 55.114 12.681 57.081 13.492
15 1 2 54.992 12.705 56.959 13.516
16 1 2 54.869 12.680 56.836 13.491
17 1 2 54.722 12.728 56.690 13.539
18 1 2 54.600 12.727 56.567 13.538
19 1 2 54.502 12.751 56.470 13.562
20 1 2 54.355 12.750 56.323 13.562
21 1 2 54.233 12.749 56.201 13.561
22 1 2 54.086 12.773 56.054 13.585
23 1 2 53.939 12.797 55.907 13.608
24 1 2 53.816 12.796 55.785 13.608
25 1 2 53.718 12.795 55.687 13.607
26 1 2 53.571 12.795 55.540 13.606
27 1 2 53.449 12.794 55.418 13.605
28 1 2 53.302 12.793 55.271 13.604
29 1 2 53.143 12.792 55.112 13.604
30 1 2 53.008 12.791 54.977 13.603
31 1 2 52.861 12.790 54.830 13.602
32 1 2 52.775 12.876 54.744 13.688
33 1 2 52.616 12.838 54.585 13.650
34 1 2 52.444 12.812 54.414 13.624
35 1 2 52.297 12.799 54.267 13.611
36 1 2 52.174 12.835 54.145 13.647
37 1 2 52.027 12.859 53.998 13.671
38 1 2 51.892 12.883 53.863 13.695
39 1 2 51.733 12.882 53.703 13.694
40 1 2 51.585 12.881 53.556 13.693
41 1 2 51.450 12.904 53.422 13.717
42 1 2 51.340 12.928 53.311 13.741
43 1 2 51.168 12.903 53.140 13.715
44 1 2 51.045 12.927 53.017 13.739
45 1 2 50.898 12.926 52.870 13.738
46 1 2 50.751 12.925 52.723 13.737
47 1 2 50.603 12.924 52.576 13.736
48 1 2 50.456 12.923 52.428 13.735
49 1 2 50.309 12.922 52.281 13.735
50 1 2 50.161 12.921 52.134 13.734
51 1 2 50.014 12.920 51.987 13.733
52 1 2 49.842 12.944 51.815 13.757
53 1 2 49.719 12.968 51.692 13.780
54 1 2 49.547 12.967 51.520 13.779
55 1 2 49.424 12.990 51.397 13.803
56 1 2 49.252 13.014 51.226 13.827
57 1 2 49.129 12.989 51.103 13.802
58 1 2 49.189 13.186 50.477 13.749
59 1 2 49.066 13.173 50.440 13.785
60 1 2 48.833 13.098 50.697 13.861
61 1 2 48.698 13.122 50.562 13.885
62 1 2 48.575 13.121 50.439 13.884
63 1 2 48.402 13.144 50.267 13.908
64 1 2 48.267 13.144 50.132 13.907
65 1 2 48.082 13.143 49.948 13.906
66 1 2 47.947 13.142 49.812 13.905
67 1 2 47.787 13.165 49.653 13.929
68 1 2 47.652 13.165 49.517 13.928
69 1 2 47.467 13.163 49.333 13.927
70 1 2 47.331 13.187 49.197 13.951
71 1 2 47.171 13.211 49.037 13.975
72 1 2 47.036 13.235 48.902 13.999
73 1 2 46.875 13.259 48.742 14.022
74 1 2 46.715 13.258 48.582 14.021
75 1 2 46.555 13.281 48.422 14.045
76 1 2 46.419 13.305 48.286 14.069
77 1 2 46.259 13.329 48.126 14.093
78 1 2 46.123 13.353 47.991 14.117
79 1 2 45.963 13.377 47.831 14.141
80 1 2 45.827 13.376 47.695 14.140
81 1 2 45.667 13.399 47.535 14.164
82 1 2 45.531 13.399 47.399 14.163
83 1 2 45.371 13.422 47.239 14.187
84 1 2 45.235 13.422 47.104 14.186
85 1 2 45.075 13.421 46.943 14.185
86 1 2 44.914 13.444 46.783 14.209
87 1 2 44.754 13.443 46.623 14.208
88 1 2 44.618 13.467 46.487 14.232
89 1 2 44.457 13.466 46.327 14.231
90 1 2 44.297 13.490 46.167 14.255
91 1 2 44.161 13.514 46.031 14.279
92 1 2 44.025 13.538 45.895 14.303
93 1 2 43.864 13.562 45.734 14.326
94 1 2 43.728 13.586 45.599 14.350
95 1 2 43.567 13.585 45.438 14.349
96 1 2 43.431 13.609 45.302 14.373
97 1 2 43.271 13.632 45.142 14.397
98 1 2 43.110 13.656 44.981 14.421
99 1 2 42.949 13.655 44.821 14.420
100 1 2 42.813 13.679 44.685 14.444
101 1 2 42.652 13.703 44.524 14.468
102 1 2 42.516 13.702 44.388 14.467
103 1 2 42.355 13.726 44.227 14.491
104 1 2 42.195 13.725 44.067 14.490
105 1 2 42.058 13.761 43.437 14.524
106 1 2 41.860 13.760 43.708 14.525
107 1 2 41.699 13.784 43.548 14.549
108 1 2 41.612 13.845 43.003 14.583
109 1 2 41.427 13.832 43.251 14.585
110 1 2 41.253 13.868 42.706 14.619
111 1 2 41.154 13.880 42.509 14.618
112 1 2 40.968 13.879 42.744 14.619
113 1 2 40.807 13.903 42.583 14.643
114 1 2 40.708 13.951 41.989 14.652
115 1 2 40.521 14.012 41.988 14.689
116 1 2 40.311 14.036 41.963 14.738
117 1 2 40.298 14.036 42.025 14.739
118 1 2 40.063 14.034 41.431 14.748
119 1 2 39.691 14.045 41.567 14.773
120 1 2 39.616 14.069 41.579 14.749
121 1 2 39.468 14.068 41.406 14.723
122 1 2 39.604 14.057 41.320 14.735
123 1 2 39.132 14.141 40.886 14.795
124 1 2 38.971 14.115 40.799 14.807
125 1 2 38.934 14.127 40.588 14.818
126 1 2 38.797 14.139 40.452 14.867
127 1 2 38.549 14.162 40.303 14.891
128 1 2 38.412 14.236 40.042 14.902
129 1 2 38.326 14.198 40.029 14.963
130 1 2 38.189 14.234 40.004 15.025
131 1 2 38.275 14.297 39.955 14.963
132 1 2 37.877 14.344 39.483 15.047
133 1 2 37.542 14.305 39.420 15.146
134 1 2 37.430 14.379 39.037 15.020
135 1 2 37.293 14.391 38.776 15.031
136 1 2 37.082 14.365 38.739 15.031
137 1 2 37.094 14.402 38.528 15.042
138 1 2 36.920 14.463 38.342 15.029
139 1 2 36.821 14.450 38.205 15.078
140 1 2 36.622 14.437 38.068 15.127
141 1 2 36.373 14.497 37.931 15.114
142 1 2 36.149 14.496 37.720 15.150
143 1 2 35.913 14.519 37.571 15.161
144 1 2 35.826 14.482 37.322 15.210
145 1 2 35.664 14.543 37.210 15.209
146 1 2 35.601 14.543 37.036 15.196
147 1 2 35.414 14.604 36.813 15.170
148 1 2 35.190 14.602 36.775 15.219
149 1 2 35.066 14.589 36.526 15.243
150 1 2 34.941 14.651 36.389 15.267
151 1 2 34.928 14.663 36.439 15.267
152 1 2 34.605 14.612 35.916 15.339
153 1 2 34.455 14.673 35.729 15.363
154 1 2 34.380 14.722 35.866 15.326
155 1 2 34.218 14.734 35.704 15.338
156 1 2 34.044 14.745 35.530 15.349
157 1 2 33.869 14.769 35.355 15.373
158 1 2 33.632 14.755 34.895 15.408
159 1 2 33.458 14.792 34.796 15.358
160 1 2 33.358 14.804 34.646 15.370
161 1 2 33.158 14.840 34.334 15.418
162 1 2 33.071 14.839 34.509 15.419
163 1 2 32.908 14.851 34.347 15.430
164 1 2 32.759 14.875 34.197 15.454
165 1 2 32.596 14.886 34.035 15.466
166 1 2 32.409 14.885 33.848 15.465
167 1 2 32.122 14.921 33.276 15.362
168 1 2 32.023 14.871 33.449 15.438
169 1 2 31.848 14.882 33.275 15.449
170 1 2 31.686 14.894 33.113 15.461
171 1 2 31.511 14.906 32.938 15.473
172 1 2 31.349 14.917 32.776 15.484
173 1 2 31.186 14.929 32.613 15.496
174 1 2 31.011 14.940 32.439 15.507
175 1 2 30.849 14.952 32.276 15.519
176 1 2 30.686 14.963 32.114 15.531
177 1 2 30.524 14.975 31.952 15.542
178 1 2 30.361 14.986 31.789 15.554
179 1 2 30.186 14.998 31.614 15.565
180 1 2 30.024 15.010 31.452 15.577
181 1 2 29.861 15.009 31.290 15.576
182 1 2 29.699 15.020 31.127 15.588
183 1 2 29.536 15.032 30.965 15.599
184 1 2 29.361 15.031 30.790 15.599
185 1 2 29.198 15.043 30.627 15.610
186 1 2 29.023 15.042 30.452 15.609
187 1 2 28.860 15.053 30.290 15.621
188 1 2 28.698 15.052 30.127 15.620
189 1 2 28.535 15.064 29.965 15.632
190 1 2 28.285 15.038 29.577 15.680
191 1 2 28.247 15.075 29.665 15.643
192 1 2 28.085 15.074 29.502 15.642
193 1 2 27.909 15.086 29.327 15.653
194 1 2 27.697 15.060 29.075 15.764
195 1 2 27.696 15.134 29.101 15.702
196 1 2 27.533 15.133 28.939 15.701
197 1 2 27.370 15.133 28.776 15.700
198 1 2 27.207 15.144 28.613 15.712
199 1 2 27.057 15.143 28.463 15.711
200 1 2 26.894 15.143 28.300 15.710
201 1 2 26.731 15.142 28.138 15.710
202 1 2 26.581 15.128 27.988 15.696
203 1 2 26.418 15.128 27.825 15.696
204 1 2 26.268 15.127 27.675 15.695
205 1 2 26.105 15.113 27.512 15.682
206 1 2 25.955 15.100 27.362 15.668
207 1 2 25.792 15.087 27.199 15.655
208 1 2 25.642 15.074 27.049 15.642
209 1 2 25.492 15.060 26.899 15.629
210 1 2 25.342 15.047 26.749 15.615
211 1 2 24.691 14.931 26.646 15.765
212 1 2 24.415 14.917 26.408 15.776
213 1 2 24.752 15.069 26.160 15.637
214 1 2 24.601 15.056 26.009 15.624
215 1 2 24.464 15.030 25.872 15.599
216 1 2 24.313 15.004 25.722 15.573
217 1 2 24.163 14.991 25.571 15.560
218 1 2 24.025 14.965 25.434 15.534
219 1 2 23.875 14.940 25.284 15.508
220 1 2 23.738 14.914 25.146 15.483
221 1 2 23.600 14.876 25.009 15.444
222 1 2 23.450 14.850 24.859 15.419
223 1 2 23.312 14.812 24.721 15.381
224 1 2 23.175 14.786 24.584 15.355
225 1 2 23.037 14.748 24.446 15.317
226 1 2 22.638 14.571 24.611 15.243
227 1 2 22.926 14.648 24.335 15.216
228 1 2 22.801 14.609 24.210 15.178
229 1 2 22.663 14.571 24.073 15.140
230 1 2 22.526 14.533 23.935 15.102
231 1 2 22.401 14.495 23.810 15.064
232 1 2 22.263 14.457 23.673 15.026
233 1 2 22.138 14.419 23.548 14.988
234 1 2 21.866 14.155 23.147 14.948
235 1 2 21.839 14.292 23.236 14.861
236 1 2 21.714 14.254 23.111 14.823
237 1 2 21.589 14.216 22.986 14.785
238 1 2 21.464 14.165 22.861 14.734
239 1 2 21.326 14.127 22.724 14.696
240 1 2 21.214 14.089 22.611 14.658
241 1 2 21.076 14.051 22.474 14.620
242 1 2 20.964 14.000 22.362 14.570
243 1 2 20.839 13.962 22.237 14.531
244 1 2 20.714 13.924 22.112 14.493
245 1 2 20.588 13.886 21.987 14.455
246 1 2 20.476 13.835 21.874 14.405
247 1 2 20.364 13.797 21.762 14.367
248 1 2 20.226 13.759 21.624 14.328
249 1 2 20.113 13.721 21.512 14.290
250 1 2 19.976 13.683 21.374 14.252
251 1 2 19.863 13.645 21.262 14.214
252 1 2 19.738 13.594 21.137 14.163
253 1 2 19.613 13.556 21.012 14.125
254 1 2 19.488 13.518 20.887 14.087
255 1 2 19.375 13.479 20.774 14.049
256 1 2 19.263 13.441 20.662 14.011
257 1 2 19.125 13.403 20.524 13.973
258 1 2 19.012 13.365 20.411 13.935
259 1 2 18.887 13.327 20.286 13.897
260 1 2 18.762 13.289 20.161 13.858
261 1 2 18.637 13.250 20.036 13.820
262 1 2 18.524 13.212 19.923 13.782
263 1 2 18.411 13.174 19.811 13.744
264 1 2 18.273 13.136 19.673 13.706
265 1 2 18.173 13.098 19.573 13.668
266 1 2 18.048 13.060 19.448 13.630
267 1 2 17.935 13.022 19.335 13.592
268 1 2 17.810 12.983 19.210 13.553
269 1 2 17.685 12.933 19.085 13.503
270 1 2 17.572 12.894 18.973 13.465
271 1 2 17.460 12.856 18.860 13.426
272 1 2 17.334 12.818 18.735 13.388
273 1 2 17.209 12.767 18.610 13.338
274 1 2 17.097 12.729 18.497 13.300
275 1 2 16.984 12.691 18.384 13.261
