0 0 1 42.710 10.337 41.866 9.666
1 0 1 42.738 10.355 41.857 9.657
2 0 1 42.700 10.355 41.819 9.656
3 0 1 42.663 10.355 41.782 9.656
4 0 1 42.636 10.355 41.754 9.656
5 0 1 42.580 10.355 41.699 9.656
6 0 1 42.561 10.355 41.680 9.656
7 0 1 42.515 10.355 41.634 9.656
8 0 1 42.478 10.355 41.597 9.656
9 0 1 42.441 10.355 41.560 9.656
10 0 1 42.413 10.336 41.532 9.637
11 0 1 42.330 10.243 41.448 9.544
12 0 1 42.320 10.317 41.439 9.619
13 0 1 42.274 10.317 41.393 9.618
14 0 1 42.255 10.364 41.374 9.665
15 0 1 42.200 10.299 41.318 9.600
16 0 1 42.172 10.280 41.290 9.581
17 0 1 42.116 10.261 41.235 9.562
18 0 1 42.098 10.280 41.216 9.581
19 0 1 42.070 10.280 41.188 9.581
20 0 1 42.023 10.270 41.142 9.571
21 0 1 41.977 10.243 41.096 9.543
22 0 1 41.949 10.261 41.068 9.562
23 0 1 41.884 10.242 41.003 9.543
24 0 1 41.838 10.261 40.956 9.562
25 0 1 41.791 10.261 40.910 9.562
26 0 1 41.754 10.261 40.873 9.562
27 0 1 41.717 10.261 40.835 9.561
28 0 1 41.689 10.261 40.808 9.561
29 0 1 41.643 10.261 40.761 9.561
30 0 1 41.615 10.261 40.733 9.561
31 0 1 41.569 10.260 40.687 9.561
32 0 1 41.541 10.279 40.659 9.580
33 0 1 41.494 10.298 40.613 9.598
34 0 1 41.467 10.279 40.585 9.580
35 0 1 41.420 10.297 40.538 9.598
36 0 1 41.392 10.279 40.510 9.579
37 0 1 41.346 10.297 40.464 9.598
38 0 1 41.318 10.279 40.436 9.579
39 0 1 41.272 10.279 40.390 9.579
40 0 1 41.244 10.278 40.362 9.579
41 0 1 41.197 10.278 40.315 9.579
42 0 1 41.151 10.278 40.269 9.579
43 0 1 41.104 10.260 40.222 9.560
44 0 1 41.058 10.241 40.176 9.541
45 0 1 41.012 10.241 40.129 9.541
46 0 1 40.984 10.241 40.101 9.541
47 0 1 40.937 10.222 40.055 9.523
48 0 1 40.909 10.203 40.027 9.504
49 0 1 40.863 10.203 39.981 9.504
50 0 1 40.835 10.203 39.953 9.504
51 0 1 40.789 10.185 39.906 9.485
52 0 1 40.761 10.166 39.878 9.466
53 0 1 40.714 10.166 39.832 9.466
54 0 1 40.668 10.166 39.785 9.466
55 0 1 40.621 10.166 39.739 9.466
56 0 1 40.584 10.166 39.702 9.466
57 0 1 40.547 10.166 39.665 9.466
58 0 1 40.501 10.166 39.618 9.466
59 0 1 40.454 10.165 39.572 9.466
60 0 1 40.426 10.165 39.544 9.466
61 0 1 40.380 10.165 39.497 9.466
62 0 1 40.352 10.165 39.469 9.466
63 0 1 40.305 10.165 39.423 9.465
64 0 1 40.296 10.165 39.413 9.465
65 0 1 40.250 10.165 39.367 9.465
66 0 1 40.222 10.165 39.339 9.465
67 0 1 40.194 10.165 39.311 9.465
68 0 1 40.166 10.165 39.283 9.465
69 0 1 40.101 10.146 39.218 9.446
70 0 1 40.073 10.128 39.190 9.428
71 0 1 39.999 10.127 39.116 9.428
72 0 1 39.961 10.127 39.079 9.427
73 0 1 39.915 10.109 39.032 9.409
74 0 1 39.878 10.090 38.995 9.390
75 0 1 39.840 10.109 38.958 9.409
76 0 1 39.813 10.090 38.930 9.390
77 0 1 39.738 10.090 38.855 9.390
78 0 1 39.720 10.090 38.837 9.390
79 0 1 39.673 10.090 38.790 9.390
80 0 1 39.645 10.090 38.762 9.390
81 0 1 39.599 10.089 38.716 9.389
82 0 1 39.589 10.089 38.706 9.389
83 0 1 39.534 10.089 38.650 9.389
84 0 1 39.515 10.108 38.632 9.408
85 0 1 39.459 10.089 38.576 9.389
86 0 1 39.440 10.108 38.557 9.408
87 0 1 39.394 10.089 38.511 9.389
88 0 1 39.347 10.108 38.464 9.407
89 0 1 39.292 10.108 38.408 9.407
90 0 1 39.273 10.107 38.390 9.407
91 0 1 39.217 10.107 38.334 9.407
92 0 1 39.180 10.107 38.296 9.407
93 0 1 39.133 10.107 38.250 9.407
94 0 1 39.105 10.126 38.222 9.426
95 0 1 39.050 10.126 38.166 9.425
96 0 1 39.031 10.126 38.147 9.425
97 0 1 38.975 10.126 38.091 9.425
98 0 1 38.956 10.126 38.073 9.425
99 0 1 38.891 10.125 38.008 9.425
100 0 1 38.863 10.125 37.980 9.425
101 0 1 38.807 10.125 37.924 9.425
102 0 1 38.770 10.125 37.886 9.425
103 0 1 38.714 10.125 37.831 9.425
104 0 1 38.686 10.106 37.803 9.406
105 0 1 38.631 10.088 37.747 9.387
106 0 1 38.603 10.106 37.719 9.406
107 0 1 38.547 10.088 37.663 9.387
108 0 1 38.509 10.106 37.626 9.406
109 0 1 38.454 10.087 37.570 9.387
110 0 1 38.416 10.087 37.532 9.387
111 0 1 38.370 10.087 37.486 9.387
112 0 1 38.342 10.087 37.458 9.387
113 0 1 38.286 10.087 37.402 9.387
114 0 1 38.249 10.087 37.365 9.386
115 0 1 38.193 10.087 37.309 9.386
116 0 1 38.155 10.087 37.271 9.386
117 0 1 38.109 10.087 37.225 9.386
118 0 1 38.081 10.087 37.197 9.386
119 0 1 38.025 10.105 37.141 9.405
120 0 1 37.988 10.087 37.103 9.386
121 0 1 37.932 10.105 37.047 9.404
122 0 1 37.904 10.105 37.019 9.404
123 0 1 37.838 10.105 36.954 9.404
124 0 1 37.820 10.105 36.935 9.404
125 0 1 37.755 10.105 36.870 9.404
126 0 1 37.727 10.105 36.842 9.404
127 0 1 37.671 10.105 36.786 9.404
128 0 1 37.633 10.105 36.749 9.404
129 0 1 37.587 10.104 36.702 9.404
130 0 1 37.559 10.104 36.674 9.404
131 0 1 37.503 10.086 36.618 9.385
132 0 1 37.484 10.104 36.600 9.403
133 0 1 37.428 10.086 36.544 9.385
134 0 1 37.410 10.104 36.525 9.403
135 0 1 37.344 10.085 36.460 9.384
136 0 1 37.316 10.104 36.432 9.403
137 0 1 37.260 10.085 36.376 9.384
138 0 1 37.232 10.104 36.348 9.403
139 0 1 37.167 10.085 36.282 9.384
140 0 1 37.148 10.085 36.264 9.384
141 0 1 37.083 10.085 36.198 9.384
142 0 1 37.055 10.085 36.170 9.384
143 0 1 36.999 10.066 36.114 9.365
144 0 1 36.971 10.047 36.086 9.346
145 0 1 36.906 10.066 36.021 9.365
146 0 1 36.887 10.047 36.002 9.346
147 0 1 36.822 10.047 35.937 9.346
148 0 1 36.794 10.047 35.909 9.346
149 0 1 36.738 10.047 35.853 9.346
150 0 1 36.710 10.066 35.825 9.364
151 0 1 36.663 10.047 35.778 9.346
152 0 1 36.644 10.065 35.759 9.364
153 0 1 36.598 10.065 35.713 9.364
154 0 1 36.551 10.047 35.666 9.345
155 0 1 36.495 10.065 35.610 9.364
156 0 1 36.476 10.065 35.591 9.364
157 0 1 36.420 10.065 35.535 9.364
158 0 1 36.383 10.065 35.498 9.364
159 0 1 36.336 10.065 35.451 9.364
160 0 1 36.290 10.065 35.404 9.363
161 0 1 36.234 10.065 35.348 9.363
162 0 1 36.196 10.065 35.311 9.363
163 0 1 36.140 10.065 35.255 9.363
164 0 1 36.103 10.064 35.217 9.363
165 0 1 36.056 10.046 35.171 9.344
166 0 1 36.028 10.046 35.143 9.344
167 0 1 35.991 10.046 35.105 9.344
168 0 1 35.963 10.046 35.077 9.344
169 0 1 35.897 10.045 35.012 9.344
170 0 1 35.879 10.045 34.993 9.344
171 0 1 35.813 10.045 34.928 9.344
172 0 1 35.767 10.045 34.881 9.344
173 0 1 35.711 10.045 34.825 9.343
174 0 1 35.683 10.026 34.797 9.325
175 0 1 35.617 10.008 34.731 9.306
176 0 1 35.580 10.008 34.694 9.306
177 0 1 35.533 10.007 34.647 9.306
178 0 1 35.505 10.007 34.619 9.306
179 0 1 35.440 10.007 34.554 9.306
180 0 1 35.412 10.007 34.526 9.305
181 0 1 35.355 10.007 34.469 9.305
182 0 1 35.327 10.007 34.441 9.305
183 0 1 35.281 10.007 34.395 9.305
184 0 1 35.262 10.007 34.376 9.305
185 0 1 35.215 10.026 34.329 9.324
186 0 1 35.168 10.007 34.282 9.305
187 0 1 35.094 10.025 34.207 9.323
188 0 1 35.066 10.007 34.179 9.305
189 0 1 35.019 10.025 34.132 9.323
190 0 1 34.972 10.006 34.086 9.305
191 0 1 34.935 10.006 34.048 9.304
192 0 1 34.888 10.006 34.001 9.304
193 0 1 34.841 10.006 33.955 9.304
194 0 1 34.804 10.006 33.917 9.304
195 0 1 34.757 9.987 33.871 9.285
196 0 1 34.710 9.969 33.824 9.267
197 0 1 34.673 9.987 33.786 9.285
198 0 1 34.645 9.968 33.758 9.266
199 0 1 34.570 9.968 33.683 9.266
200 0 1 34.542 9.968 33.655 9.266
201 0 1 34.495 9.968 33.608 9.266
202 0 1 34.448 9.949 33.562 9.247
203 0 1 34.411 9.931 33.524 9.229
204 0 1 34.364 9.931 33.477 9.228
205 0 1 34.317 9.931 33.431 9.228
206 0 1 34.261 9.930 33.374 9.228
207 0 1 34.224 9.930 33.337 9.228
208 0 1 34.196 9.912 33.309 9.209
209 0 1 34.149 9.893 33.262 9.191
210 0 1 34.121 9.911 33.234 9.209
211 0 1 34.065 9.893 33.178 9.190
212 0 1 34.037 9.911 33.150 9.209
213 0 1 33.990 9.893 33.103 9.190
214 0 1 33.971 9.911 33.084 9.209
215 0 1 33.924 9.892 33.037 9.190
216 0 1 33.877 9.911 32.990 9.209
217 0 1 33.831 9.892 32.944 9.190
218 0 1 33.774 9.911 32.887 9.208
219 0 1 33.737 9.911 32.850 9.208
220 0 1 33.681 9.911 32.794 9.208
221 0 1 33.643 9.911 32.756 9.208
222 0 1 33.615 9.911 32.728 9.208
223 0 1 33.559 9.910 32.672 9.208
224 0 1 33.531 9.910 32.644 9.208
225 0 1 33.484 9.910 32.597 9.208
226 0 1 33.465 9.910 32.578 9.208
227 0 1 33.400 9.910 32.512 9.208
228 0 1 33.372 9.910 32.484 9.207
229 0 1 33.315 9.910 32.428 9.207
230 0 1 33.287 9.910 32.400 9.207
231 0 1 33.240 9.910 32.353 9.207
232 0 1 33.222 9.910 32.334 9.207
233 0 1 33.156 9.910 32.268 9.207
234 0 1 33.109 9.891 32.222 9.188
235 0 1 33.062 9.909 32.175 9.207
236 0 1 33.006 9.891 32.119 9.188
237 0 1 32.969 9.909 32.081 9.207
238 0 1 32.912 9.890 32.025 9.188
239 0 1 32.875 9.890 31.987 9.188
240 0 1 32.828 9.890 31.940 9.188
241 0 1 32.781 9.872 31.893 9.169
242 0 1 32.744 9.853 31.856 9.150
243 0 1 32.697 9.871 31.809 9.169
244 0 1 32.678 9.853 31.790 9.150
245 0 1 32.631 9.853 31.743 9.150
246 0 1 32.584 9.852 31.696 9.150
247 0 1 32.538 9.852 31.650 9.149
248 0 1 32.481 9.852 31.593 9.149
249 0 1 32.444 9.852 31.556 9.149
250 0 1 32.387 9.852 31.499 9.149
251 0 1 32.350 9.852 31.462 9.149
252 0 1 32.303 9.852 31.415 9.149
253 0 1 32.256 9.852 31.368 9.149
254 0 1 32.219 9.852 31.330 9.149
255 0 1 32.172 9.833 31.284 9.130
256 0 1 32.125 9.814 31.237 9.111
257 0 1 32.087 9.833 31.199 9.130
258 0 1 32.059 9.814 31.171 9.111
259 0 1 32.003 9.833 31.115 9.130
260 0 1 31.965 9.814 31.077 9.111
261 0 1 31.918 9.832 31.030 9.129
262 0 1 31.872 9.814 30.983 9.111
263 0 1 31.825 9.814 30.936 9.110
264 0 1 31.778 9.813 30.889 9.110
265 0 1 31.731 9.813 30.842 9.110
0 2 1 43.146 12.663 42.153 11.927
1 2 1 43.174 12.682 42.135 11.918
2 2 1 43.146 12.691 42.107 11.927
3 2 1 43.100 12.682 42.060 11.918
4 2 1 43.053 12.691 42.014 11.927
5 2 1 43.035 12.682 41.995 11.918
6 2 1 42.979 12.710 41.940 11.946
7 2 1 42.933 12.701 41.893 11.936
8 2 1 42.886 12.701 41.847 11.936
9 2 1 42.840 12.719 41.800 11.955
10 2 1 42.794 12.728 41.754 11.964
13 2 1 42.543 12.673 41.494 11.917
15 2 1 42.543 12.579 41.401 11.815
16 2 1 42.506 12.589 41.364 11.824
17 2 1 42.478 12.617 41.336 11.852
18 2 1 42.432 12.589 41.289 11.824
19 2 1 42.394 12.598 41.252 11.833
20 2 1 42.357 12.598 41.215 11.833
21 2 1 42.320 12.598 41.178 11.833
22 2 1 42.283 12.589 41.141 11.824
23 2 1 42.227 12.607 41.085 11.842
24 2 1 42.209 12.589 41.066 11.824
25 2 1 42.153 12.579 41.011 11.814
26 2 1 42.116 12.579 40.973 11.814
27 2 1 42.060 12.579 40.918 11.814
28 2 1 42.004 12.570 40.862 11.805
29 2 1 41.967 12.495 40.825 11.861
30 2 1 41.930 12.486 40.787 11.852
31 2 1 41.893 12.495 40.750 11.861
32 2 1 41.856 12.486 40.713 11.852
33 2 1 41.819 12.495 40.676 11.861
34 2 1 41.782 12.486 40.639 11.851
35 2 1 41.726 12.495 40.583 11.861
36 2 1 41.670 12.504 40.527 11.870
37 2 1 41.651 12.514 40.508 11.879
38 2 1 41.596 12.504 40.453 11.870
39 2 1 41.559 12.514 40.415 11.879
40 2 1 41.475 12.719 40.266 11.916
41 2 1 41.447 12.654 40.285 11.972
42 2 1 41.410 12.654 40.248 11.972
43 2 1 41.354 12.654 40.192 11.972
44 2 1 41.317 12.654 40.155 11.972
45 2 1 41.261 12.672 40.099 11.991
46 2 1 41.224 12.691 40.062 12.010
47 2 1 41.168 12.672 40.006 11.991
48 2 1 41.131 12.691 39.969 12.009
49 2 1 41.094 12.672 39.931 11.991
50 2 1 41.056 12.691 39.894 12.009
51 2 1 41.019 12.672 39.857 11.991
52 2 1 40.982 12.691 39.820 12.009
53 2 1 40.945 12.672 39.782 11.991
54 2 1 40.908 12.691 39.745 12.009
55 2 1 40.852 12.672 39.689 11.991
56 2 1 40.815 12.672 39.652 11.991
57 2 1 40.777 12.672 39.615 11.991
58 2 1 40.722 12.672 39.559 11.991
59 2 1 40.684 12.672 39.522 11.990
60 2 1 40.629 12.672 39.466 11.990
61 2 1 40.573 12.653 39.410 11.972
62 2 1 40.536 12.635 39.373 11.953
63 2 1 40.498 12.653 39.335 11.972
64 2 1 40.443 12.635 39.280 11.953
65 2 1 40.405 12.653 39.242 11.972
66 2 1 40.368 12.635 39.205 11.953
67 2 1 40.331 12.653 39.168 11.972
68 2 1 40.275 12.635 39.112 11.953
69 2 1 40.238 12.653 39.075 11.972
70 2 1 40.201 12.634 39.037 11.953
71 2 1 40.145 12.653 38.981 11.971
72 2 1 40.108 12.653 38.944 11.971
73 2 1 40.070 12.653 38.907 11.971
74 2 1 40.014 12.653 38.851 11.971
75 2 1 39.959 12.653 38.795 11.971
76 2 1 39.921 12.653 38.758 11.971
77 2 1 39.865 12.653 38.702 11.971
78 2 1 39.810 12.653 38.646 11.971
79 2 1 39.772 12.653 38.609 11.971
80 2 1 39.716 12.653 38.553 11.971
81 2 1 39.679 12.653 38.515 11.971
82 2 1 39.642 12.653 38.478 11.971
83 2 1 39.605 12.653 38.441 11.971
84 2 1 39.549 12.653 38.385 11.971
85 2 1 39.512 12.634 38.348 11.952
86 2 1 39.474 12.653 38.310 11.971
87 2 1 39.418 12.634 38.254 11.952
88 2 1 39.381 12.634 38.217 11.952
89 2 1 39.325 12.634 38.161 11.952
90 2 1 39.288 12.634 38.124 11.952
91 2 1 39.232 12.616 38.068 11.933
92 2 1 39.195 12.597 38.031 11.915
93 2 1 39.139 12.597 37.975 11.915
94 2 1 39.102 12.597 37.937 11.915
95 2 1 39.046 12.578 37.881 11.896
96 2 1 39.009 12.559 37.844 11.877
97 2 1 38.971 12.578 37.807 11.896
98 2 1 38.934 12.559 37.769 11.877
99 2 1 38.878 12.578 37.713 11.896
100 2 1 38.841 12.559 37.676 11.877
101 2 1 38.803 12.559 37.639 11.877
102 2 1 38.766 12.559 37.602 11.877
103 2 1 38.729 12.559 37.564 11.877
104 2 1 38.692 12.559 37.527 11.877
105 2 1 38.636 12.559 37.471 11.877
106 2 1 38.598 12.559 37.434 11.877
107 2 1 38.542 12.559 37.378 11.877
108 2 1 38.505 12.559 37.340 11.877
109 2 1 38.449 12.559 37.284 11.877
110 2 1 38.412 12.559 37.247 11.877
111 2 1 38.356 12.559 37.191 11.877
112 2 1 38.319 12.559 37.153 11.877
113 2 1 38.263 12.559 37.097 11.877
114 2 1 38.225 12.559 37.060 11.877
115 2 1 38.188 12.559 37.023 11.877
116 2 1 38.151 12.559 36.985 11.877
117 2 1 38.113 12.559 36.948 11.877
118 2 1 38.076 12.559 36.911 11.877
119 2 1 38.020 12.559 36.855 11.877
120 2 1 37.983 12.540 36.817 11.858
121 2 1 37.945 12.522 36.780 11.839
122 2 1 37.889 12.540 36.724 11.858
123 2 1 37.852 12.522 36.687 11.839
124 2 1 37.815 12.522 36.649 11.839
125 2 1 37.759 12.522 36.593 11.839
126 2 1 37.722 12.503 36.556 11.820
127 2 1 37.666 12.484 36.500 11.802
128 2 1 37.628 12.484 36.462 11.801
129 2 1 37.572 12.484 36.406 11.801
130 2 1 37.535 12.484 36.369 11.801
131 2 1 37.498 12.465 36.332 11.783
132 2 1 37.460 12.447 36.294 11.764
133 2 1 37.423 12.465 36.257 11.783
134 2 1 37.386 12.447 36.220 11.764
135 2 1 37.348 12.465 36.182 11.783
136 2 1 37.311 12.447 36.145 11.764
137 2 1 37.255 12.465 36.089 11.782
138 2 1 37.217 12.447 36.051 11.764
139 2 1 37.180 12.465 36.014 11.782
140 2 1 37.124 12.447 35.958 11.764
141 2 1 37.087 12.465 35.920 11.782
142 2 1 37.049 12.447 35.883 11.764
143 2 1 36.993 12.465 35.827 11.782
144 2 1 36.956 12.447 35.789 11.764
145 2 1 36.900 12.465 35.733 11.782
146 2 1 36.862 12.446 35.696 11.763
147 2 1 36.825 12.446 35.659 11.763
148 2 1 36.769 12.446 35.602 11.763
149 2 1 36.732 12.446 35.565 11.763
150 2 1 36.694 12.446 35.528 11.763
151 2 1 36.657 12.446 35.490 11.763
152 2 1 36.620 12.428 35.453 11.745
153 2 1 36.582 12.409 35.415 11.726
154 2 1 36.545 12.409 35.378 11.726
155 2 1 36.507 12.409 35.341 11.726
156 2 1 36.451 12.409 35.284 11.726
157 2 1 36.414 12.390 35.247 11.707
158 2 1 36.377 12.371 35.210 11.688
159 2 1 36.339 12.371 35.172 11.688
160 2 1 36.302 12.371 35.135 11.688
161 2 1 36.246 12.353 35.079 11.669
162 2 1 36.209 12.334 35.041 11.651
163 2 1 36.171 12.334 35.004 11.651
164 2 1 36.134 12.334 34.966 11.651
165 2 1 36.096 12.334 34.929 11.651
166 2 1 36.059 12.334 34.892 11.651
167 2 1 36.022 12.334 34.854 11.651
168 2 1 35.984 12.315 34.817 11.632
169 2 1 35.947 12.315 34.779 11.632
170 2 1 35.909 12.315 34.742 11.632
171 2 1 35.872 12.315 34.704 11.632
172 2 1 35.835 12.296 34.667 11.613
173 2 1 35.797 12.315 34.630 11.632
174 2 1 35.760 12.296 34.592 11.613
175 2 1 35.722 12.315 34.555 11.632
176 2 1 35.685 12.296 34.517 11.613
177 2 1 35.647 12.315 34.480 11.632
178 2 1 35.610 12.296 34.442 11.613
179 2 1 35.554 12.315 34.386 11.631
180 2 1 35.517 12.296 34.349 11.613
181 2 1 35.479 12.315 34.311 11.631
182 2 1 35.442 12.296 34.274 11.613
183 2 1 35.404 12.315 34.236 11.631
184 2 1 35.367 12.296 34.199 11.613
185 2 1 35.329 12.315 34.161 11.631
186 2 1 35.292 12.296 34.124 11.612
187 2 1 35.254 12.315 34.086 11.631
188 2 1 35.217 12.296 34.049 11.612
189 2 1 35.180 12.296 34.011 11.612
190 2 1 35.142 12.296 33.974 11.612
191 2 1 35.105 12.296 33.936 11.612
192 2 1 35.067 12.277 33.899 11.594
193 2 1 35.030 12.259 33.862 11.575
194 2 1 34.974 12.277 33.805 11.593
195 2 1 34.936 12.259 33.768 11.575
196 2 1 34.899 12.258 33.730 11.575
197 2 1 34.861 12.258 33.693 11.575
198 2 1 34.824 12.240 33.655 11.556
199 2 1 34.787 12.221 33.618 11.537
200 2 1 34.749 12.240 33.580 11.556
201 2 1 34.712 12.221 33.543 11.537
202 2 1 34.674 12.240 33.505 11.556
203 2 1 34.637 12.221 33.468 11.537
204 2 1 34.599 12.240 33.430 11.556
205 2 1 34.581 12.221 33.412 11.537
206 2 1 34.543 12.240 33.374 11.556
207 2 1 34.506 12.221 33.337 11.537
208 2 1 34.449 12.240 33.280 11.556
209 2 1 34.412 12.221 33.243 11.537
210 2 1 34.374 12.239 33.205 11.556
211 2 1 34.337 12.239 33.168 11.555
212 2 1 34.300 12.239 33.130 11.555
213 2 1 34.243 12.239 33.074 11.555
214 2 1 34.206 12.239 33.037 11.555
215 2 1 34.150 12.258 32.980 11.574
216 2 1 34.112 12.277 32.943 11.593
217 2 1 34.075 12.258 32.905 11.574
218 2 1 34.037 12.277 32.868 11.593
219 2 1 33.981 12.258 32.811 11.574
220 2 1 33.943 12.277 32.774 11.593
221 2 1 33.906 12.258 32.736 11.574
222 2 1 33.868 12.277 32.699 11.592
223 2 1 33.831 12.258 32.661 11.574
224 2 1 33.793 12.277 32.624 11.592
225 2 1 33.737 12.258 32.567 11.574
226 2 1 33.699 12.277 32.530 11.592
227 2 1 33.662 12.258 32.492 11.574
228 2 1 33.606 12.258 32.436 11.573
229 2 1 33.568 12.258 32.398 11.573
230 2 1 33.512 12.258 32.342 11.573
231 2 1 33.474 12.258 32.304 11.573
232 2 1 33.437 12.239 32.267 11.555
233 2 1 33.400 12.220 32.230 11.536
234 2 1 33.362 12.239 32.192 11.555
235 2 1 33.306 12.220 32.136 11.536
236 2 1 33.268 12.239 32.098 11.554
237 2 1 33.231 12.220 32.061 11.536
238 2 1 33.193 12.239 32.023 11.554
239 2 1 33.156 12.220 31.985 11.536
240 2 1 33.118 12.239 31.948 11.554
241 2 1 33.081 12.220 31.910 11.536
242 2 1 33.043 12.239 31.873 11.554
243 2 1 32.987 12.220 31.816 11.535
244 2 1 32.949 12.239 31.779 11.554
245 2 1 32.912 12.239 31.741 11.554
246 2 1 32.855 12.239 31.685 11.554
247 2 1 32.799 12.239 31.628 11.554
248 2 1 32.761 12.239 31.591 11.554
249 2 1 32.705 12.239 31.534 11.554
250 2 1 32.668 12.239 31.497 11.554
251 2 1 32.611 12.239 31.440 11.554
252 2 1 32.574 12.238 31.403 11.554
253 2 1 32.536 12.238 31.365 11.554
254 2 1 32.480 12.238 31.309 11.554
255 2 1 32.442 12.238 31.271 11.554
256 2 1 32.405 12.238 31.234 11.554
257 2 1 32.367 12.238 31.196 11.554
258 2 1 32.330 12.220 31.159 11.535
259 2 1 32.292 12.238 31.121 11.554
260 2 1 32.236 12.220 31.065 11.535
261 2 1 32.198 12.220 31.027 11.535
262 2 1 32.142 12.220 30.970 11.535
263 2 1 32.085 12.219 30.914 11.535
264 2 1 32.048 12.219 30.876 11.535
265 2 1 32.010 12.201 30.839 11.516
0 3 1 41.605 12.710 40.620 12.112
1 3 1 41.633 12.728 40.601 12.103
2 3 1 41.586 12.728 40.555 12.103
3 3 1 41.540 12.728 40.508 12.103
4 3 1 41.484 12.728 40.452 12.103
5 3 1 41.447 12.728 40.415 12.103
6 3 1 41.410 12.728 40.378 12.103
7 3 1 41.354 12.728 40.322 12.103
8 3 1 41.289 12.728 40.257 12.103
9 3 1 41.261 12.728 40.229 12.103
10 3 1 41.224 12.728 40.192 12.103
11 3 1 41.056 12.635 40.024 12.009
12 3 1 41.112 12.709 40.080 12.084
13 3 1 41.094 12.691 40.062 12.065
14 3 1 41.103 12.728 40.071 12.103
15 3 1 41.001 12.672 39.969 12.047
16 3 1 40.963 12.653 39.931 12.028
17 3 1 40.917 12.635 39.885 12.009
18 3 1 40.889 12.635 39.857 12.009
19 3 1 40.852 12.635 39.820 12.009
20 3 1 40.805 12.616 39.773 11.991
21 3 1 40.740 12.616 39.708 11.991
22 3 1 40.703 12.616 39.671 11.991
23 3 1 40.666 12.597 39.633 11.972
24 3 1 40.629 12.597 39.596 11.972
25 3 1 40.573 12.597 39.540 11.972
26 3 1 40.517 12.597 39.485 11.972
27 3 1 40.480 12.579 39.447 11.953
28 3 1 40.443 12.579 39.410 11.953
29 3 1 40.405 12.579 39.373 11.953
30 3 1 40.368 12.579 39.336 11.953
31 3 1 40.312 12.579 39.280 11.953
32 3 1 40.257 12.579 39.224 11.953
33 3 1 40.219 12.597 39.186 11.972
34 3 1 40.182 12.597 39.149 11.972
35 3 1 40.145 12.597 39.112 11.972
36 3 1 40.108 12.616 39.075 11.990
37 3 1 40.070 12.616 39.037 11.990
38 3 1 40.033 12.616 39.000 11.990
39 3 1 39.977 12.616 38.944 11.990
40 3 1 39.921 12.616 38.888 11.990
41 3 1 39.884 12.634 38.851 12.009
42 3 1 39.828 12.634 38.795 12.009
43 3 1 39.689 12.560 38.590 11.897
44 3 1 39.670 12.550 38.609 11.915
45 3 1 39.623 12.560 38.562 11.924
46 3 1 39.595 12.569 38.534 11.934
47 3 1 39.549 12.560 38.488 11.924
48 3 1 39.521 12.569 38.460 11.934
49 3 1 39.474 12.541 38.413 11.906
50 3 1 39.446 12.550 38.385 11.915
51 3 1 39.400 12.522 38.338 11.887
52 3 1 39.372 12.532 38.310 11.896
53 3 1 39.325 12.504 38.264 11.868
54 3 1 39.297 12.513 38.236 11.878
55 3 1 39.251 12.504 38.189 11.868
56 3 1 39.204 12.513 38.143 11.878
57 3 1 39.158 12.503 38.096 11.868
58 3 1 39.111 12.513 38.049 11.877
59 3 1 39.065 12.522 38.003 11.887
60 3 1 39.037 12.531 37.975 11.896
61 3 1 38.971 12.541 37.909 11.905
62 3 1 38.943 12.550 37.881 11.915
63 3 1 38.878 12.541 37.816 11.905
64 3 1 38.850 12.550 37.788 11.915
65 3 1 38.803 12.541 37.741 11.905
66 3 1 38.776 12.550 37.713 11.915
67 3 1 38.729 12.541 37.667 11.905
68 3 1 38.682 12.550 37.620 11.914
69 3 1 38.719 12.615 37.685 11.952
70 3 1 38.720 12.559 37.667 12.008
71 3 1 38.682 12.559 37.629 12.008
72 3 1 38.626 12.578 37.573 12.026
73 3 1 38.608 12.578 37.555 12.026
74 3 1 38.533 12.578 37.480 12.026
75 3 1 38.496 12.578 37.443 12.026
76 3 1 38.440 12.578 37.387 12.026
77 3 1 38.235 12.540 37.135 11.951
78 3 1 38.216 12.522 37.153 11.970
79 3 1 38.169 12.522 37.107 11.970
80 3 1 38.141 12.522 37.079 11.970
81 3 1 38.095 12.522 37.032 11.970
82 3 1 38.048 12.522 36.985 11.970
83 3 1 38.001 12.522 36.938 11.970
84 3 1 37.992 12.522 36.929 11.970
85 3 1 37.945 12.522 36.882 11.970
86 3 1 37.917 12.503 36.854 11.951
87 3 1 37.890 12.484 36.826 11.933
88 3 1 37.862 12.466 36.798 11.914
89 3 1 37.815 12.447 36.752 11.895
90 3 1 37.787 12.428 36.724 11.876
91 3 1 37.740 12.428 36.677 11.876
92 3 1 37.694 12.409 36.630 11.858
93 3 1 37.647 12.409 36.584 11.858
94 3 1 37.600 12.391 36.537 11.839
95 3 1 37.554 12.391 36.490 11.839
96 3 1 37.526 12.391 36.462 11.839
97 3 1 37.479 12.391 36.416 11.839
98 3 1 37.413 12.512 36.341 11.895
99 3 1 37.404 12.475 36.341 11.913
100 3 1 37.357 12.465 36.294 11.904
101 3 1 37.311 12.475 36.247 11.913
102 3 1 37.283 12.465 36.219 11.904
103 3 1 37.236 12.456 36.172 11.895
104 3 1 37.189 12.447 36.126 11.885
105 3 1 37.143 12.456 36.079 11.895
106 3 1 37.133 12.465 36.070 11.904
107 3 1 37.087 12.475 36.023 11.913
108 3 1 37.059 12.484 35.995 11.923
109 3 1 37.012 12.512 35.948 11.951
110 3 1 36.984 12.521 35.920 11.960
111 3 1 36.937 12.512 35.873 11.951
112 3 1 36.890 12.503 35.826 11.941
113 3 1 36.844 12.512 35.780 11.950
114 3 1 36.816 12.503 35.752 11.941
115 3 1 36.750 12.493 35.686 11.932
116 3 1 36.722 12.484 35.658 11.922
117 3 1 36.675 12.493 35.611 11.932
118 3 1 36.629 12.484 35.564 11.922
119 3 1 36.582 12.493 35.518 11.932
120 3 1 36.535 12.484 35.471 11.922
121 3 1 36.489 12.474 35.424 11.913
122 3 1 36.461 12.465 35.396 11.903
123 3 1 36.414 12.456 35.349 11.894
124 3 1 36.386 12.428 35.321 11.866
125 3 1 36.358 12.418 35.293 11.857
126 3 1 36.330 12.409 35.265 11.847
127 3 1 36.283 12.399 35.219 11.838
128 3 1 36.255 12.371 35.191 11.810
129 3 1 36.190 12.362 35.125 11.800
130 3 1 36.162 12.353 35.097 11.791
131 3 1 36.115 12.343 35.050 11.782
132 3 1 36.087 12.334 35.022 11.772
133 3 1 36.040 12.325 34.975 11.763
134 3 1 35.994 12.315 34.929 11.753
135 3 1 35.947 12.325 34.882 11.763
136 3 1 35.919 12.315 34.854 11.753
137 3 1 35.872 12.306 34.807 11.744
138 3 1 35.825 12.296 34.760 11.735
139 3 1 35.778 12.306 34.713 11.744
140 3 1 35.750 12.296 34.685 11.735
141 3 1 35.704 12.287 34.639 11.725
142 3 1 35.676 12.296 34.610 11.735
143 3 1 35.629 12.306 34.564 11.744
144 3 1 35.619 12.315 34.554 11.753
145 3 1 35.573 12.343 34.507 11.781
146 3 1 35.563 12.352 34.498 11.791
147 3 1 35.498 12.362 34.432 11.800
148 3 1 35.470 12.371 34.404 11.809
149 3 1 35.441 12.380 34.376 11.818
150 3 1 35.413 12.371 34.348 11.809
151 3 1 35.367 12.380 34.301 11.818
152 3 1 35.339 12.371 34.273 11.809
153 3 1 35.292 12.380 34.226 11.818
154 3 1 35.264 12.371 34.198 11.809
155 3 1 35.217 12.380 34.151 11.818
156 3 1 35.189 12.371 34.123 11.809
157 3 1 35.161 12.287 34.124 11.687
158 3 1 35.170 12.268 34.114 11.706
159 3 1 35.133 12.259 34.077 11.697
160 3 1 35.095 12.268 34.039 11.706
161 3 1 35.058 12.259 34.002 11.697
162 3 1 35.021 12.268 33.964 11.706
163 3 1 34.983 12.259 33.927 11.697
164 3 1 34.983 12.249 33.927 11.687
165 3 1 34.946 12.221 33.889 11.659
166 3 1 34.908 12.212 33.852 11.650
168 3 1 34.899 12.202 33.843 11.640
169 3 1 34.627 12.286 33.599 11.612
170 3 1 34.637 12.230 33.589 11.659
171 3 1 34.609 12.230 33.561 11.659
172 3 1 34.581 12.230 33.533 11.659
173 3 1 34.553 12.212 33.505 11.640
174 3 1 34.524 12.212 33.477 11.640
175 3 1 34.478 12.211 33.430 11.640
176 3 1 34.450 12.211 33.402 11.640
177 3 1 34.403 12.193 33.355 11.621
178 3 1 34.375 12.193 33.327 11.621
179 3 1 34.328 12.193 33.280 11.621
180 3 1 34.281 12.174 33.233 11.602
181 3 1 34.234 12.174 33.186 11.602
182 3 1 34.206 12.174 33.158 11.602
183 3 1 34.159 12.174 33.111 11.602
184 3 1 34.150 12.211 33.102 11.640
185 3 1 34.103 12.230 33.055 11.658
186 3 1 34.075 12.230 33.027 11.658
187 3 1 34.009 12.249 32.961 11.677
188 3 1 33.981 12.267 32.933 11.696
189 3 1 33.934 12.267 32.886 11.696
190 3 1 33.906 12.267 32.858 11.696
191 3 1 33.859 12.267 32.811 11.696
192 3 1 33.812 12.202 32.774 11.564
193 3 1 33.812 12.174 32.774 11.602
194 3 1 33.775 12.174 32.736 11.602
195 3 1 33.719 12.174 32.680 11.602
196 3 1 33.662 12.174 32.624 11.602
197 3 1 33.625 12.174 32.586 11.602
198 3 1 33.587 12.174 32.548 11.602
199 3 1 33.531 12.173 32.492 11.602
200 3 1 33.475 12.173 32.436 11.602
201 3 1 33.456 12.173 32.417 11.602
202 3 1 33.381 12.173 32.342 11.601
203 3 1 33.362 12.155 32.323 11.583
204 3 1 33.344 12.155 32.304 11.583
205 3 1 33.287 12.136 32.248 11.564
206 3 1 33.250 12.136 32.211 11.564
207 3 1 33.231 12.136 32.192 11.564
208 3 1 33.175 12.155 32.135 11.583
209 3 1 33.156 12.155 32.117 11.583
210 3 1 33.100 12.155 32.060 11.583
211 3 1 33.062 12.154 32.023 11.582
212 3 1 33.025 12.154 31.985 11.582
213 3 1 32.968 12.154 31.929 11.582
214 3 1 32.912 12.154 31.872 11.582
215 3 1 32.874 12.154 31.835 11.582
216 3 1 32.818 12.154 31.779 11.582
217 3 1 32.762 12.154 31.722 11.582
218 3 1 32.743 12.154 31.703 11.582
219 3 1 32.687 12.154 31.647 11.582
220 3 1 32.649 12.173 31.609 11.601
221 3 1 32.612 12.192 31.572 11.620
222 3 1 32.574 12.192 31.534 11.619
223 3 1 32.536 12.210 31.496 11.638
224 3 1 32.499 12.210 31.459 11.638
225 3 1 32.461 12.210 31.421 11.638
226 3 1 32.424 12.210 31.384 11.638
227 3 1 32.367 12.229 31.327 11.657
228 3 1 32.311 12.229 31.271 11.657
229 3 1 32.292 12.229 31.252 11.657
230 3 1 32.217 12.229 31.177 11.657
231 3 1 32.179 12.248 31.139 11.675
232 3 1 32.123 12.248 31.083 11.675
233 3 1 32.104 12.248 31.064 11.675
234 3 1 32.029 12.248 30.989 11.675
235 3 1 31.973 12.248 30.932 11.675
236 3 1 31.954 12.266 30.913 11.694
237 3 1 31.879 12.266 30.838 11.694
238 3 1 31.841 12.266 30.800 11.694
239 3 1 31.785 12.285 30.744 11.712
240 3 1 31.766 12.304 30.725 11.731
241 3 1 31.709 12.304 30.668 11.731
242 3 1 31.690 12.304 30.650 11.731
243 3 1 31.634 12.304 30.593 11.731
244 3 1 31.615 12.304 30.574 11.731
245 3 1 31.559 12.304 30.518 11.731
246 3 1 31.521 12.304 30.480 11.731
247 3 1 31.484 12.304 30.443 11.731
248 3 1 31.446 12.303 30.405 11.731
249 3 1 31.390 12.322 30.348 11.750
250 3 1 31.333 12.322 30.292 11.750
251 3 1 31.296 12.322 30.254 11.750
252 3 1 31.258 12.322 30.217 11.750
253 3 1 31.201 12.341 30.160 11.768
254 3 1 31.145 12.341 30.104 11.768
255 3 1 31.126 12.360 30.085 11.787
256 3 1 31.070 12.360 30.028 11.787
257 3 1 31.004 12.303 30.010 11.656
259 3 1 31.023 12.266 29.991 11.693
260 3 1 30.995 12.266 29.963 11.693
261 3 1 30.967 12.266 29.935 11.693
262 3 1 30.920 12.266 29.888 11.693
263 3 1 30.910 12.284 29.878 11.712
264 3 1 30.863 12.284 29.831 11.712
265 3 1 30.835 12.284 29.803 11.712
0 4 1 43.469 9.827 42.469 9.035
1 4 1 43.497 9.855 42.450 9.026
2 4 1 43.451 9.836 42.404 9.007
3 4 1 43.423 9.836 42.376 9.007
4 4 1 43.367 9.845 42.320 9.017
5 4 1 43.349 9.827 42.302 8.998
6 4 1 43.293 9.827 42.246 8.998
7 4 1 43.275 9.817 42.228 8.988
8 4 1 43.219 9.827 42.172 8.998
9 4 1 43.182 9.817 42.135 8.988
10 4 1 43.145 9.826 42.098 8.997
11 4 1 43.210 9.808 42.163 8.979
12 4 1 43.071 9.808 42.024 8.979
13 4 1 43.071 9.780 42.024 8.951
14 4 1 43.015 9.780 41.968 8.951
15 4 1 42.997 9.780 41.949 8.951
16 4 1 42.960 9.789 41.912 8.960
17 4 1 42.932 9.780 41.885 8.950
18 4 1 42.886 9.789 41.838 8.960
19 4 1 42.830 9.779 41.782 8.950
20 4 1 42.774 9.789 41.727 8.959
21 4 1 42.737 9.779 41.690 8.950
22 4 1 42.700 9.788 41.653 8.959
23 4 1 42.663 9.779 41.616 8.950
24 4 1 42.626 9.788 41.578 8.959
25 4 1 42.589 9.779 41.541 8.950
26 4 1 42.533 9.788 41.486 8.959
27 4 1 42.478 9.779 41.430 8.949
28 4 1 42.459 9.788 41.411 8.959
29 4 1 42.404 9.778 41.356 8.949
30 4 1 42.385 9.788 41.337 8.958
31 4 1 42.348 9.778 41.300 8.949
32 4 1 42.311 9.788 41.263 8.958
33 4 1 42.292 9.778 41.244 8.949
34 4 1 42.255 9.787 41.207 8.958
35 4 1 42.218 9.778 41.170 8.949
36 4 1 42.181 9.787 41.133 8.958
37 4 1 42.144 9.769 41.096 8.939
38 4 1 42.107 9.778 41.059 8.948
39 4 1 42.051 9.778 41.003 8.948
40 4 1 41.996 9.768 40.947 8.939
41 4 1 41.977 9.759 40.929 8.929
42 4 1 41.921 9.768 40.873 8.939
43 4 1 41.884 9.750 40.836 8.920
44 4 1 41.847 9.759 40.799 8.929
45 4 1 41.792 9.759 40.743 8.929
46 4 1 41.736 9.768 40.687 8.938
47 4 1 41.717 9.759 40.669 8.929
48 4 1 41.662 9.749 40.613 8.919
49 4 1 41.643 9.740 40.595 8.910
50 4 1 41.606 9.740 40.557 8.910
51 4 1 41.569 9.740 40.520 8.910
52 4 1 41.532 9.749 40.483 8.919
53 4 1 41.495 9.739 40.446 8.910
54 4 1 41.457 9.749 40.409 8.919
55 4 1 41.402 9.730 40.353 8.900
56 4 1 41.383 9.739 40.334 8.909
57 4 1 41.309 9.739 40.260 8.909
58 4 1 41.272 9.748 40.223 8.918
59 4 1 41.235 9.739 40.186 8.909
60 4 1 41.198 9.748 40.149 8.918
61 4 1 41.142 9.729 40.093 8.900
62 4 1 41.123 9.739 40.074 8.909
63 4 1 41.068 9.739 40.018 8.909
64 4 1 41.030 9.748 39.981 8.918
65 4 1 41.012 9.739 39.963 8.909
66 4 1 40.956 9.748 39.907 8.918
67 4 1 40.938 9.729 39.888 8.899
68 4 1 40.900 9.738 39.851 8.908
69 4 1 40.863 9.738 39.814 8.908
70 4 1 40.826 9.747 39.777 8.917
71 4 1 40.789 9.738 39.740 8.908
72 4 1 40.752 9.747 39.702 8.917
73 4 1 40.585 9.700 39.600 8.973
74 4 1 40.612 9.738 39.582 8.926
75 4 1 40.575 9.738 39.544 8.926
76 4 1 40.538 9.738 39.507 8.926
77 4 1 40.501 9.738 39.470 8.926
78 4 1 40.464 9.737 39.433 8.926
79 4 1 40.427 9.691 39.507 8.954
80 4 1 40.464 9.719 39.451 8.926
81 4 1 40.427 9.691 39.516 8.973
82 4 1 40.464 9.719 39.470 8.935
83 4 1 40.427 9.709 39.433 8.926
84 4 1 40.408 9.719 39.414 8.935
85 4 1 40.389 9.709 39.396 8.926
86 4 1 40.334 9.719 39.340 8.935
87 4 1 40.315 9.728 39.321 8.944
88 4 1 40.259 9.737 39.265 8.953
89 4 1 40.241 9.728 39.247 8.944
90 4 1 40.185 9.737 39.191 8.953
91 4 1 40.148 9.727 39.154 8.944
92 4 1 39.915 9.606 38.810 8.840
93 4 1 39.878 9.615 38.865 8.841
94 4 1 39.841 9.615 38.828 8.841
95 4 1 39.804 9.615 38.791 8.840
96 4 1 39.767 9.615 38.754 8.840
97 4 1 39.729 9.615 38.716 8.840
98 4 1 39.692 9.615 38.679 8.840
99 4 1 39.636 9.615 38.623 8.840
100 4 1 39.581 9.615 38.568 8.840
101 4 1 39.562 9.615 38.549 8.840
102 4 1 39.525 9.615 38.512 8.840
103 4 1 39.488 9.614 38.474 8.840
104 4 1 39.469 9.614 38.456 8.840
105 4 1 39.450 9.596 38.437 8.821
106 4 1 39.395 9.596 38.381 8.821
107 4 1 39.357 9.596 38.344 8.821
108 4 1 39.320 9.596 38.307 8.821
109 4 1 39.264 9.595 38.251 8.820
110 4 1 39.209 9.595 38.195 8.820
111 4 1 39.190 9.595 38.177 8.820
112 4 1 39.134 9.595 38.121 8.820
113 4 1 39.097 9.595 38.083 8.820
114 4 1 39.060 9.595 38.046 8.820
115 4 1 39.022 9.595 38.009 8.820
116 4 1 38.985 9.595 37.972 8.820
117 4 1 38.948 9.595 37.934 8.820
118 4 1 38.911 9.613 37.897 8.838
119 4 1 38.873 9.613 37.860 8.838
120 4 1 38.836 9.613 37.822 8.838
121 4 1 38.799 9.613 37.785 8.838
122 4 1 38.762 9.632 37.748 8.856
123 4 1 38.724 9.632 37.711 8.856
124 4 1 38.687 9.631 37.673 8.856
125 4 1 38.631 9.650 37.617 8.875
126 4 1 38.575 9.650 37.561 8.875
127 4 1 38.538 9.650 37.524 8.875
128 4 1 38.482 9.650 37.468 8.874
129 4 1 38.426 9.650 37.412 8.874
130 4 1 38.408 9.649 37.394 8.874
131 4 1 38.352 9.649 37.338 8.874
132 4 1 38.333 9.649 37.319 8.874
133 4 1 38.277 9.649 37.263 8.874
134 4 1 38.259 9.649 37.245 8.874
135 4 1 38.203 9.649 37.189 8.874
136 4 1 38.184 9.649 37.170 8.874
137 4 1 38.128 9.649 37.114 8.873
138 4 1 37.989 9.667 37.198 8.948
139 4 1 38.091 9.686 37.095 8.920
140 4 1 38.054 9.695 37.058 8.929
141 4 1 37.905 9.695 37.002 8.957
142 4 1 37.951 9.704 36.965 8.948
143 4 1 37.905 9.704 36.918 8.948
144 4 1 37.858 9.704 36.871 8.947
145 4 1 37.830 9.686 36.843 8.929
146 4 1 37.783 9.704 36.797 8.947
147 4 1 37.737 9.704 36.750 8.947
148 4 1 37.690 9.704 36.703 8.947
149 4 1 37.662 9.685 36.675 8.928
150 4 1 37.616 9.704 36.629 8.947
151 4 1 37.672 9.648 36.629 8.947
152 4 1 37.634 9.667 36.647 8.919
153 4 1 37.606 9.676 36.619 8.928
154 4 1 37.560 9.666 36.573 8.919
155 4 1 37.532 9.676 36.545 8.928
156 4 1 37.466 9.685 36.479 8.937
157 4 1 37.438 9.694 36.451 8.946
158 4 1 37.392 9.685 36.405 8.937
159 4 1 37.364 9.694 36.377 8.946
160 4 1 37.317 9.685 36.330 8.937
161 4 1 37.271 9.675 36.284 8.927
162 4 1 37.224 9.666 36.237 8.918
163 4 1 37.196 9.675 36.209 8.927
164 4 1 37.149 9.666 36.162 8.918
165 4 1 37.121 9.656 36.134 8.908
166 4 1 37.075 9.647 36.088 8.899
167 4 1 37.028 9.656 36.041 8.908
168 4 1 36.982 9.647 35.994 8.899
169 4 1 36.954 9.656 35.966 8.908
170 4 1 36.907 9.646 35.919 8.898
171 4 1 36.860 9.656 35.873 8.908
172 4 1 36.832 9.646 35.845 8.898
173 4 1 36.786 9.637 35.798 8.889
174 4 1 36.739 9.627 35.751 8.879
175 4 1 36.711 9.618 35.723 8.870
176 4 1 36.422 9.664 35.667 8.888
177 4 1 36.422 9.664 35.621 8.888
178 4 1 36.496 9.646 35.537 8.897
179 4 1 36.459 9.636 35.499 8.888
180 4 1 36.422 9.627 35.462 8.879
181 4 1 36.384 9.636 35.424 8.888
182 4 1 36.347 9.645 35.387 8.897
183 4 1 36.309 9.654 35.350 8.906
184 4 1 36.272 9.645 35.312 8.897
185 4 1 36.216 9.654 35.256 8.906
186 4 1 36.197 9.645 35.238 8.897
187 4 1 36.141 9.654 35.181 8.906
188 4 1 36.104 9.645 35.144 8.897
189 4 1 36.067 9.635 35.107 8.887
190 4 1 36.029 9.626 35.069 8.878
191 4 1 35.973 9.635 35.013 8.887
192 4 1 35.917 9.644 34.957 8.896
193 4 1 35.880 9.654 34.920 8.905
194 4 1 35.843 9.644 34.882 8.896
195 4 1 35.805 9.653 34.845 8.905
196 4 1 35.768 9.644 34.808 8.896
197 4 1 35.712 9.653 34.751 8.905
198 4 1 35.656 9.644 34.695 8.895
199 4 1 35.637 9.653 34.677 8.905
200 4 1 35.581 9.644 34.621 8.895
201 4 1 35.544 9.653 34.583 8.904
202 4 1 35.506 9.644 34.546 8.895
203 4 1 35.469 9.653 34.508 8.904
204 4 1 35.431 9.643 34.471 8.895
205 4 1 35.394 9.653 34.433 8.904
206 4 1 35.357 9.643 34.396 8.895
207 4 1 35.319 9.652 34.359 8.904
208 4 1 35.282 9.643 34.321 8.894
209 4 1 35.244 9.634 34.284 8.885
210 4 1 35.207 9.624 34.246 8.876
211 4 1 35.170 9.633 34.209 8.885
212 4 1 35.132 9.624 34.172 8.875
213 4 1 35.095 9.615 34.134 8.866
214 4 1 35.058 9.605 34.097 8.857
215 4 1 35.001 9.614 34.041 8.866
216 4 1 34.964 9.624 34.003 8.875
217 4 1 34.927 9.614 33.966 8.866
218 4 1 34.889 9.605 33.928 8.856
219 4 1 34.833 9.614 33.872 8.865
220 4 1 34.814 9.605 33.853 8.856
221 4 1 34.758 9.614 33.797 8.865
222 4 1 34.721 9.605 33.760 8.856
223 4 1 34.683 9.614 33.722 8.865
224 4 1 34.646 9.604 33.685 8.856
225 4 1 34.609 9.614 33.647 8.865
226 4 1 34.571 9.604 33.610 8.855
227 4 1 34.534 9.632 33.572 8.883
228 4 1 34.478 9.623 33.516 8.874
229 4 1 34.421 9.632 33.460 8.883
230 4 1 34.384 9.623 33.423 8.874
231 4 1 34.338 9.473 33.377 8.696
232 4 1 34.338 9.464 33.377 8.715
233 4 1 34.300 9.454 33.339 8.705
234 4 1 34.263 9.464 33.302 8.715
235 4 1 34.226 9.454 33.264 8.705
236 4 1 34.188 9.463 33.227 8.714
237 4 1 34.132 9.454 33.171 8.705
238 4 1 34.094 9.463 33.133 8.714
239 4 1 34.057 9.454 33.096 8.705
240 4 1 34.020 9.463 33.058 8.714
241 4 1 33.982 9.454 33.021 8.705
242 4 1 33.926 9.463 32.964 8.714
243 4 1 33.889 9.472 32.927 8.723
244 4 1 33.851 9.481 32.889 8.732
245 4 1 33.814 9.472 32.852 8.723
246 4 1 33.776 9.481 32.814 8.732
247 4 1 33.720 9.472 32.758 8.723
248 4 1 33.682 9.481 32.721 8.732
249 4 1 33.645 9.472 32.683 8.722
250 4 1 33.608 9.481 32.646 8.732
251 4 1 33.570 9.471 32.608 8.722
252 4 1 33.533 9.481 32.571 8.731
253 4 1 33.495 9.471 32.533 8.722
254 4 1 33.439 9.462 32.477 8.712
255 4 1 33.402 9.452 32.440 8.703
256 4 1 33.364 9.462 32.402 8.712
257 4 1 33.327 9.452 32.365 8.703
258 4 1 33.289 9.443 32.327 8.693
259 4 1 33.252 9.433 32.290 8.684
260 4 1 33.196 9.443 32.233 8.693
261 4 1 33.158 9.433 32.196 8.684
262 4 1 33.121 9.442 32.158 8.693
263 4 1 33.064 9.433 32.102 8.683
264 4 1 33.027 9.424 32.065 8.674
265 4 1 32.989 9.414 32.027 8.665
0 5 1 40.898 13.381 39.865 12.690
1 5 1 40.926 13.400 39.847 12.681
2 5 1 40.898 13.400 39.819 12.681
3 5 1 40.870 13.400 39.791 12.681
4 5 1 40.823 13.381 39.744 12.662
5 5 1 40.823 13.362 39.744 12.644
6 5 1 40.768 13.362 39.689 12.644
7 5 1 40.740 13.362 39.661 12.644
8 5 1 40.693 13.334 39.614 12.616
9 5 1 40.665 13.325 39.586 12.606
10 5 1 40.619 13.325 39.540 12.606
11 5 1 40.591 13.362 39.512 12.644
12 5 1 40.563 13.306 39.484 12.588
13 5 1 40.535 13.306 39.456 12.588
14 5 1 40.498 13.278 39.419 12.560
15 5 1 40.461 13.306 39.381 12.588
16 5 1 40.433 13.306 39.353 12.588
17 5 1 40.405 13.316 39.325 12.597
18 5 1 40.340 13.306 39.260 12.588
19 5 1 40.312 13.306 39.232 12.588
20 5 1 40.246 13.306 39.167 12.587
21 5 1 40.219 13.306 39.139 12.587
22 5 1 40.172 13.306 39.092 12.587
23 5 1 40.144 13.306 39.064 12.587
24 5 1 40.098 13.306 39.018 12.587
25 5 1 40.051 13.306 38.971 12.587
26 5 1 40.004 13.306 38.925 12.587
27 5 1 39.976 13.306 38.897 12.587
28 5 1 39.949 13.306 38.869 12.587
29 5 1 39.939 13.306 38.859 12.587
30 5 1 39.911 13.306 38.831 12.587
31 5 1 39.902 13.306 38.822 12.587
32 5 1 39.855 13.306 38.775 12.587
33 5 1 39.827 13.306 38.747 12.587
34 5 1 39.800 13.288 38.720 12.569
35 5 1 39.753 13.306 38.673 12.587
36 5 1 39.706 13.288 38.626 12.569
37 5 1 39.660 13.306 38.580 12.587
38 5 1 39.595 13.288 38.514 12.569
39 5 1 39.567 13.288 38.486 12.569
40 5 1 39.520 13.288 38.440 12.569
41 5 1 39.492 13.269 38.412 12.550
42 5 1 39.446 13.250 38.365 12.531
43 5 1 39.418 13.250 38.337 12.531
44 5 1 39.371 13.232 38.291 12.512
45 5 1 39.324 13.194 38.244 12.475
46 5 1 39.278 13.194 38.197 12.475
47 5 1 39.250 13.176 38.169 12.456
48 5 1 39.222 13.176 38.142 12.456
49 5 1 39.213 13.176 38.132 12.456
50 5 1 39.166 13.176 38.086 12.456
52 5 1 39.157 13.166 38.076 12.447
53 5 1 39.119 13.166 38.039 12.447
54 5 1 39.082 13.166 38.002 12.447
55 5 1 38.812 13.269 37.749 12.540
56 5 1 38.821 13.260 37.749 12.540
57 5 1 38.784 13.260 37.712 12.540
58 5 1 38.746 13.260 37.675 12.540
59 5 1 38.728 13.260 37.656 12.540
60 5 1 38.709 13.260 37.637 12.540
61 5 1 38.653 13.260 37.581 12.540
62 5 1 38.634 13.260 37.563 12.540
63 5 1 38.579 13.241 37.507 12.521
65 5 1 38.569 13.232 37.497 12.512
66 5 1 38.551 13.232 37.479 12.512
67 5 1 38.522 13.297 37.601 12.083
68 5 1 38.579 13.092 37.526 12.316
69 5 1 38.439 13.232 37.413 12.540
70 5 1 38.448 13.204 37.404 12.540
71 5 1 38.401 13.204 37.357 12.540
72 5 1 38.355 13.204 37.311 12.540
73 5 1 38.308 13.185 37.264 12.521
74 5 1 38.280 13.166 37.236 12.503
75 5 1 38.233 13.185 37.189 12.521
76 5 1 38.205 13.166 37.161 12.503
77 5 1 38.159 13.166 37.115 12.503
78 5 1 38.131 13.166 37.087 12.503
79 5 1 38.084 13.148 37.040 12.484
80 5 1 38.056 13.129 37.012 12.465
81 5 1 38.028 13.129 36.984 12.465
82 5 1 38.000 13.129 36.956 12.465
83 5 1 37.972 13.129 36.928 12.465
84 5 1 37.944 13.129 36.900 12.465
85 5 1 37.916 13.129 36.872 12.465
86 5 1 37.870 13.129 36.825 12.465
87 5 1 37.804 13.129 36.760 12.465
88 5 1 37.776 13.129 36.732 12.465
89 5 1 37.729 13.129 36.685 12.465
90 5 1 37.683 13.129 36.638 12.465
91 5 1 37.636 13.129 36.591 12.465
92 5 1 37.608 13.148 36.563 12.484
93 5 1 37.561 13.148 36.517 12.484
94 5 1 37.515 13.148 36.470 12.484
95 5 1 37.468 13.166 36.423 12.502
96 5 1 37.440 13.185 36.395 12.521
97 5 1 37.393 13.185 36.348 12.521
98 5 1 37.365 13.185 36.320 12.521
99 5 1 37.318 13.185 36.273 12.521
100 5 1 37.290 13.204 36.245 12.540
101 5 1 37.262 13.222 36.217 12.558
102 5 1 37.253 13.204 36.208 12.540
103 5 1 37.225 13.204 36.180 12.540
104 5 1 37.197 13.222 36.152 12.558
105 5 1 37.150 13.204 36.105 12.540
106 5 1 37.104 13.204 36.058 12.540
107 5 1 37.057 13.222 36.012 12.558
108 5 1 37.029 13.204 35.984 12.540
109 5 1 36.982 13.222 35.937 12.558
110 5 1 36.954 13.204 35.909 12.540
111 5 1 36.926 13.222 35.881 12.558
112 5 1 36.898 13.204 35.853 12.540
113 5 1 36.851 13.222 35.806 12.558
114 5 1 36.823 13.204 35.778 12.540
115 5 1 36.776 13.204 35.731 12.539
116 5 1 36.748 13.204 35.703 12.539
117 5 1 36.702 13.185 35.656 12.521
118 5 1 36.674 13.166 35.628 12.502
119 5 1 36.627 13.166 35.581 12.502
120 5 1 36.618 13.166 35.572 12.502
121 5 1 36.571 13.185 35.525 12.521
122 5 1 36.543 13.166 35.497 12.502
123 5 1 36.496 13.185 35.450 12.521
124 5 1 36.468 13.166 35.422 12.502
125 5 1 36.421 13.185 35.375 12.521
126 5 1 36.393 13.166 35.347 12.502
127 5 1 36.346 13.185 35.301 12.521
128 5 1 36.318 13.166 35.273 12.502
129 5 1 36.290 13.185 35.244 12.521
130 5 1 36.262 13.185 35.216 12.521
131 5 1 36.216 13.185 35.170 12.521
132 5 1 36.187 13.204 35.141 12.539
133 5 1 36.141 13.222 35.095 12.558
134 5 1 36.113 13.204 35.066 12.539
135 5 1 36.066 13.222 35.020 12.558
136 5 1 36.038 13.204 34.992 12.539
137 5 1 35.991 13.222 34.945 12.558
138 5 1 35.963 13.204 34.917 12.539
139 5 1 35.935 13.204 34.889 12.539
140 5 1 35.925 13.204 34.879 12.539
141 5 1 35.897 13.204 34.851 12.539
142 5 1 35.869 13.204 34.823 12.539
143 5 1 35.841 13.204 34.795 12.539
144 5 1 35.813 13.204 34.767 12.539
145 5 1 35.766 13.204 34.720 12.539
146 5 1 35.757 13.185 34.711 12.520
147 5 1 35.710 13.166 34.664 12.502
148 5 1 35.701 13.185 34.654 12.520
149 5 1 35.673 13.166 34.626 12.502
150 5 1 35.645 13.166 34.598 12.502
151 5 1 35.617 13.166 34.570 12.502
152 5 1 35.589 13.148 34.542 12.483
153 5 1 35.542 13.129 34.495 12.464
154 5 1 35.514 13.129 34.467 12.464
155 5 1 35.486 13.110 34.439 12.445
156 5 1 35.458 13.091 34.411 12.427
157 5 1 35.411 13.091 34.364 12.427
158 5 1 35.383 13.073 34.336 12.408
159 5 1 35.336 13.054 34.290 12.389
160 5 1 35.308 13.054 34.261 12.389
161 5 1 35.280 13.054 34.233 12.389
162 5 1 35.233 13.054 34.186 12.389
163 5 1 35.205 13.054 34.158 12.389
164 5 1 35.158 13.035 34.112 12.370
165 5 1 35.130 13.017 34.084 12.352
166 5 1 35.102 13.035 34.055 12.370
167 5 1 35.055 13.035 34.008 12.370
168 5 1 35.009 13.035 33.962 12.370
169 5 1 34.962 13.035 33.915 12.370
170 5 1 34.915 13.035 33.868 12.370
171 5 1 34.868 13.035 33.821 12.370
172 5 1 34.840 13.035 33.793 12.370
173 5 1 34.774 13.035 33.727 12.370
174 5 1 34.728 13.035 33.680 12.370
175 5 1 34.681 13.035 33.633 12.370
176 5 1 34.634 13.035 33.587 12.370
177 5 1 34.587 13.035 33.540 12.370
178 5 1 34.540 13.035 33.493 12.370
179 5 1 34.493 13.054 33.446 12.389
180 5 1 34.465 13.073 33.418 12.408
181 5 1 34.418 13.054 33.371 12.389
182 5 1 34.390 13.073 33.343 12.407
183 5 1 34.343 13.054 33.296 12.389
184 5 1 34.315 13.054 33.268 12.389
185 5 1 34.268 13.054 33.221 12.389
186 5 1 34.240 13.054 33.193 12.389
187 5 1 34.175 13.054 33.127 12.389
188 5 1 34.147 13.054 33.099 12.389
189 5 1 34.081 13.054 33.033 12.389
190 5 1 34.034 13.054 32.986 12.389
191 5 1 33.987 13.035 32.939 12.370
192 5 1 33.959 13.016 32.911 12.351
193 5 1 33.912 13.016 32.864 12.351
194 5 1 33.865 13.016 32.817 12.351
195 5 1 33.819 12.998 32.770 12.332
196 5 1 33.772 12.979 32.724 12.314
197 5 1 33.725 12.979 32.677 12.313
198 5 1 33.697 12.998 32.648 12.332
199 5 1 33.650 12.979 32.602 12.313
200 5 1 33.603 12.998 32.555 12.332
201 5 1 33.556 12.998 32.508 12.332
202 5 1 33.528 13.016 32.479 12.351
203 5 1 33.481 13.035 32.432 12.370
204 5 1 33.453 13.035 32.404 12.370
205 5 1 33.406 13.035 32.357 12.370
206 5 1 33.359 13.035 32.310 12.370
207 5 1 33.312 13.054 32.263 12.388
208 5 1 33.265 13.073 32.216 12.407
209 5 1 33.218 13.073 32.169 12.407
210 5 1 33.171 13.073 32.122 12.407
211 5 1 33.124 13.073 32.075 12.407
212 5 1 33.077 13.073 32.028 12.407
213 5 1 33.030 13.091 31.981 12.426
214 5 1 32.983 13.129 31.934 12.463
215 5 1 32.936 13.148 31.887 12.482
216 5 1 32.908 13.148 31.859 12.482
217 5 1 32.880 13.129 31.831 12.463
218 5 1 32.851 13.148 31.802 12.482
219 5 1 32.805 13.129 31.755 12.463
220 5 1 32.757 13.148 31.708 12.482
221 5 1 32.711 13.129 31.661 12.463
222 5 1 32.664 13.147 31.614 12.482
223 5 1 32.617 13.129 31.567 12.463
224 5 1 32.588 13.147 31.539 12.482
225 5 1 32.542 13.129 31.492 12.463
226 5 1 32.513 13.147 31.464 12.482
227 5 1 32.448 13.129 31.398 12.463
228 5 1 32.419 13.147 31.370 12.482
229 5 1 32.372 13.129 31.323 12.463
230 5 1 32.344 13.129 31.295 12.463
231 5 1 32.297 13.129 31.248 12.463
232 5 1 32.250 13.129 31.201 12.463
233 5 1 32.185 13.129 31.135 12.463
234 5 1 32.156 13.129 31.107 12.463
235 5 1 32.109 13.147 31.060 12.481
236 5 1 32.081 13.147 31.031 12.481
237 5 1 32.034 13.147 30.984 12.481
238 5 1 32.006 13.147 30.956 12.481
239 5 1 31.940 13.147 30.890 12.481
240 5 1 31.912 13.166 30.862 12.500
241 5 1 31.865 13.185 30.815 12.519
242 5 1 31.818 13.185 30.768 12.519
243 5 1 31.771 13.185 30.721 12.519
244 5 1 31.724 13.204 30.674 12.538
245 5 1 31.658 13.223 30.608 12.556
246 5 1 31.630 13.204 30.579 12.538
247 5 1 31.564 13.223 30.514 12.556
248 5 1 31.536 13.223 30.485 12.556
249 5 1 31.489 13.223 30.438 12.556
250 5 1 31.441 13.241 30.391 12.575
251 5 1 31.394 13.279 30.344 12.612
252 5 1 31.366 13.298 30.315 12.631
253 5 1 31.338 13.279 30.287 12.612
254 5 1 31.309 13.298 30.259 12.631
255 5 1 31.262 13.279 30.212 12.612
256 5 1 31.215 13.298 30.165 12.631
257 5 1 31.168 13.298 30.118 12.631
258 5 1 31.140 13.298 30.089 12.631
259 5 1 31.074 13.298 30.024 12.631
260 5 1 31.046 13.298 29.995 12.631
261 5 1 30.980 13.298 29.929 12.631
262 5 1 30.952 13.298 29.901 12.631
263 5 1 30.905 13.298 29.854 12.631
264 5 1 30.858 13.298 29.807 12.631
265 5 1 30.811 13.298 29.760 12.631
0 6 1 41.652 9.433 40.752 8.799
1 6 1 41.680 9.452 40.743 8.790
2 6 1 41.643 9.452 40.706 8.790
3 6 1 41.625 9.452 40.687 8.789
4 6 1 41.560 9.451 40.622 8.789
5 6 1 41.504 9.451 40.567 8.789
6 6 1 41.448 9.451 40.511 8.789
7 6 1 41.402 9.451 40.465 8.789
8 6 1 41.356 9.451 40.418 8.789
9 6 1 41.309 9.451 40.372 8.789
10 6 1 41.263 9.451 40.325 8.789
11 6 1 41.207 9.451 40.270 8.788
12 6 1 41.170 9.451 40.232 8.788
13 6 1 41.123 9.451 40.186 8.788
14 6 1 41.077 9.450 40.139 8.788
15 6 1 41.049 9.469 40.112 8.807
16 6 1 41.003 9.469 40.065 8.806
17 6 1 40.975 9.478 40.037 8.816
18 6 1 40.928 9.469 39.991 8.806
19 6 1 40.882 9.487 39.944 8.825
20 6 1 40.836 9.496 39.898 8.834
21 6 1 40.789 9.524 39.851 8.862
22 6 1 40.743 9.524 39.805 8.862
23 6 1 40.696 9.524 39.758 8.861
24 6 1 40.650 9.524 39.712 8.861
25 6 1 40.603 9.524 39.665 8.861
26 6 1 40.557 9.524 39.619 8.861
27 6 1 40.510 9.524 39.572 8.861
28 6 1 40.343 9.440 39.321 8.730
29 6 1 40.325 9.430 39.340 8.749
30 6 1 40.297 9.430 39.312 8.749
31 6 1 40.269 9.430 39.284 8.749
32 6 1 40.222 9.430 39.238 8.749
33 6 1 40.195 9.411 39.210 8.730
34 6 1 40.148 9.355 39.163 8.674
35 6 1 40.102 9.337 39.117 8.655
36 6 1 40.037 9.299 39.052 8.618
37 6 1 39.990 9.281 39.005 8.599
38 6 1 39.944 9.299 38.959 8.618
39 6 1 39.916 9.299 38.931 8.618
40 6 1 39.851 9.299 38.866 8.617
41 6 1 39.804 9.299 38.819 8.617
42 6 1 39.637 9.373 38.670 8.691
43 6 1 39.637 9.364 38.661 8.682
44 6 1 39.600 9.363 38.624 8.682
45 6 1 39.544 9.382 38.568 8.700
46 6 1 39.488 9.382 38.512 8.700
47 6 1 39.469 9.382 38.493 8.700
48 6 1 39.414 9.382 38.437 8.700
49 6 1 39.376 9.400 38.400 8.718
50 6 1 39.358 9.419 38.382 8.737
51 6 1 39.302 9.456 38.326 8.774
52 6 1 39.265 9.493 38.288 8.811
53 6 1 39.209 9.511 38.232 8.830
54 6 1 39.134 9.511 38.158 8.830
55 6 1 39.097 9.511 38.121 8.829
56 6 1 39.060 9.511 38.083 8.829
57 6 1 39.004 9.511 38.027 8.829
58 6 1 38.967 9.511 37.990 8.829
59 6 1 38.911 9.511 37.934 8.829
60 6 1 38.855 9.511 37.878 8.829
61 6 1 38.818 9.511 37.841 8.829
62 6 1 38.781 9.511 37.804 8.829
63 6 1 38.743 9.510 37.767 8.829
64 6 1 38.706 9.510 37.729 8.828
65 6 1 38.669 9.510 37.692 8.828
66 6 1 38.632 9.492 37.655 8.810
67 6 1 38.594 9.454 37.618 8.772
68 6 1 38.539 9.398 37.562 8.716
69 6 1 38.483 9.380 37.506 8.698
70 6 1 38.446 9.379 37.469 8.697
71 6 1 38.390 9.379 37.413 8.697
72 6 1 38.334 9.398 37.357 8.716
73 6 1 38.371 9.491 37.394 8.837
74 6 1 38.362 9.491 37.385 8.818
75 6 1 38.306 9.500 37.329 8.827
76 6 1 38.268 9.509 37.291 8.837
77 6 1 38.231 9.519 37.254 8.846
78 6 1 38.212 9.528 37.067 8.920
79 6 1 38.184 9.519 37.067 8.883
80 6 1 38.119 9.528 37.123 8.873
81 6 1 38.091 9.518 37.002 8.929
82 6 1 38.036 9.453 37.030 8.883
83 6 1 38.026 9.490 37.030 8.855
84 6 1 37.989 9.500 36.993 8.864
85 6 1 37.952 9.527 36.955 8.892
86 6 1 37.896 9.537 36.899 8.901
87 6 1 37.821 9.546 36.825 8.910
88 6 1 37.784 9.536 36.787 8.901
89 6 1 37.746 9.546 36.750 8.910
90 6 1 37.690 9.555 36.694 8.919
91 6 1 37.653 9.564 36.657 8.928
92 6 1 37.616 9.555 36.620 8.919
93 6 1 37.579 9.564 36.582 8.928
94 6 1 37.523 9.554 36.526 8.919
95 6 1 37.467 9.564 36.470 8.928
96 6 1 37.448 9.554 36.452 8.918
97 6 1 37.392 9.564 36.396 8.928
98 6 1 37.373 9.573 36.377 8.937
99 6 1 37.317 9.582 36.321 8.946
100 6 1 37.299 9.554 36.302 8.918
101 6 1 37.243 9.545 36.246 8.909
102 6 1 37.206 9.479 36.209 8.843
103 6 1 37.150 9.451 36.153 8.815
104 6 1 37.094 9.442 36.097 8.806
105 6 1 37.057 9.451 36.060 8.815
106 6 1 37.019 9.460 36.022 8.824
107 6 1 36.982 9.469 35.985 8.833
108 6 1 36.926 9.460 35.929 8.824
109 6 1 36.870 9.469 35.873 8.833
110 6 1 36.833 9.478 35.836 8.842
111 6 1 36.795 9.488 35.798 8.852
112 6 1 36.739 9.497 35.742 8.861
113 6 1 36.683 9.506 35.686 8.870
114 6 1 36.665 9.497 35.667 8.861
115 6 1 36.609 9.506 35.611 8.870
116 6 1 36.590 9.515 35.593 8.879
117 6 1 36.553 9.543 35.555 8.907
118 6 1 36.515 9.571 35.518 8.935
119 6 1 36.459 9.599 35.462 8.963
120 6 1 36.422 9.608 35.424 8.972
121 6 1 36.366 9.617 35.368 8.981
122 6 1 36.310 9.608 35.312 8.972
123 6 1 36.291 9.617 35.293 8.981
124 6 1 36.235 9.608 35.237 8.971
125 6 1 36.198 9.617 35.200 8.981
126 6 1 36.160 9.626 35.162 8.990
127 6 1 36.104 9.617 35.106 8.980
128 6 1 36.048 9.607 35.050 8.971
129 6 1 36.011 9.617 35.013 8.980
130 6 1 35.973 9.607 34.976 8.971
131 6 1 35.936 9.616 34.938 8.980
132 6 1 35.899 9.626 34.901 8.989
133 6 1 35.861 9.635 34.863 8.998
134 6 1 35.684 9.532 34.752 8.849
136 6 1 35.712 9.513 34.723 8.877
137 6 1 35.665 9.523 34.677 8.886
138 6 1 35.619 9.513 34.630 8.877
139 6 1 35.572 9.522 34.583 8.886
140 6 1 35.525 9.513 34.536 8.876
141 6 1 35.497 9.522 34.508 8.886
142 6 1 35.432 9.513 34.443 8.876
143 6 1 35.385 9.522 34.396 8.885
144 6 1 35.338 9.513 34.349 8.876
145 6 1 35.292 9.522 34.303 8.885
146 6 1 35.245 9.531 34.256 8.894
147 6 1 35.198 9.540 34.209 8.904
148 6 1 35.151 9.512 34.162 8.875
149 6 1 35.123 9.521 34.134 8.885
150 6 1 35.077 9.512 34.087 8.875
151 6 1 35.049 9.503 34.059 8.866
152 6 1 34.983 9.456 33.994 8.819
153 6 1 34.937 9.446 33.947 8.810
154 6 1 34.852 9.558 34.097 8.801
155 6 1 34.955 9.493 33.984 8.856
156 6 1 34.908 9.502 33.938 8.866
157 6 1 34.739 9.698 33.966 8.819
158 6 1 34.655 9.651 33.826 8.781
159 6 1 34.609 9.642 33.666 8.809
160 6 1 34.590 9.614 33.535 8.846
161 6 1 34.553 9.595 33.442 8.855
162 6 1 34.543 9.586 33.395 8.883
163 6 1 34.506 9.576 33.329 8.892
164 6 1 34.487 9.595 33.329 8.873
165 6 1 34.412 9.632 33.329 8.873
166 6 1 34.337 9.576 33.394 8.930
167 6 1 34.300 9.594 33.357 8.948
168 6 1 34.244 9.613 33.301 8.967
169 6 1 34.244 9.660 33.329 8.873
170 6 1 34.253 9.585 33.319 8.939
171 6 1 34.206 9.585 33.273 8.939
172 6 1 34.178 9.585 33.244 8.938
173 6 1 34.131 9.585 33.198 8.938
174 6 1 34.085 9.585 33.151 8.938
175 6 1 33.935 9.668 33.085 8.929
176 6 1 33.897 9.659 32.982 8.938
177 6 1 33.888 9.631 32.879 8.994
178 6 1 33.776 9.612 32.645 8.993
179 6 1 33.757 9.593 32.710 8.993
180 6 1 33.691 9.602 32.776 8.984
181 6 1 33.644 9.612 32.729 8.993
182 6 1 33.654 9.677 32.589 8.881
183 6 1 33.616 9.686 32.589 8.825
184 6 1 33.560 9.565 32.645 8.946
185 6 1 33.560 9.677 32.617 8.816
186 6 1 33.457 9.742 32.608 8.750
187 6 1 33.429 9.667 32.608 8.675
188 6 1 33.344 9.751 32.552 8.722
189 6 1 33.392 9.536 32.504 8.918
190 6 1 33.213 9.704 32.523 8.955
191 6 1 33.307 9.630 32.429 9.011
192 6 1 33.270 9.639 32.391 9.020
193 6 1 33.138 9.713 32.149 8.786
194 6 1 33.092 9.564 32.213 8.945
195 6 1 33.054 9.554 32.176 8.936
196 6 1 33.008 9.564 32.129 8.945
197 6 1 32.942 9.554 32.063 8.936
198 6 1 32.838 9.713 31.904 8.823
199 6 1 32.811 9.573 31.932 8.954
200 6 1 32.773 9.582 31.894 8.963
201 6 1 32.726 9.582 31.848 8.963
202 6 1 32.661 9.582 31.782 8.963
203 6 1 32.614 9.581 31.735 8.963
204 6 1 32.772 9.769 31.867 8.730
205 6 1 32.745 9.563 31.866 8.944
206 6 1 32.708 9.563 31.829 8.944
207 6 1 32.661 9.554 31.782 8.935
208 6 1 32.623 9.563 31.744 8.944
209 6 1 32.360 9.684 31.586 8.691
210 6 1 32.285 9.693 31.370 8.644
211 6 1 32.267 9.478 31.398 8.859
212 6 1 32.220 9.469 31.351 8.850
213 6 1 32.174 9.459 31.304 8.840
214 6 1 32.136 9.459 31.266 8.840
215 6 1 32.089 9.459 31.219 8.840
217 6 1 32.080 9.450 31.210 8.831
218 6 1 32.033 9.440 31.163 8.821
219 6 1 31.986 9.449 31.116 8.830
220 6 1 31.939 9.440 31.069 8.821
221 6 1 31.891 9.645 31.107 8.718
222 6 1 31.788 9.645 31.051 8.681
223 6 1 31.723 9.580 30.976 8.596
224 6 1 31.770 9.402 30.928 8.783
225 6 1 31.610 9.617 30.826 8.671
226 6 1 31.610 9.617 30.769 8.745
227 6 1 31.535 9.626 30.703 8.801
228 6 1 31.535 9.514 30.702 8.895
229 6 1 31.478 9.579 30.543 8.773
230 6 1 31.432 9.486 30.599 8.867
231 6 1 31.394 9.485 30.562 8.866
232 6 1 31.347 9.485 30.515 8.866
233 6 1 31.310 9.495 30.486 8.876
235 6 1 31.301 9.485 30.477 8.866
236 6 1 31.254 9.485 30.430 8.866
237 6 1 31.197 9.494 30.374 8.875
238 6 1 31.141 9.504 30.317 8.885
239 6 1 31.094 9.504 30.280 8.884
241 6 1 31.084 9.494 30.270 8.875
242 6 1 31.056 9.494 30.242 8.875
243 6 1 31.009 9.485 30.195 8.866
244 6 1 30.953 9.484 30.139 8.865
245 6 1 30.906 9.475 30.092 8.856
246 6 1 30.859 9.484 30.045 8.865
247 6 1 30.812 9.465 29.998 8.846
248 6 1 30.765 9.456 29.951 8.837
249 6 1 30.718 9.465 29.904 8.846
250 6 1 30.662 9.456 29.847 8.837
251 6 1 30.615 9.456 29.800 8.836
252 6 1 30.568 9.456 29.753 8.836
253 6 1 30.521 9.456 29.706 8.836
254 6 1 30.483 9.455 29.669 8.836
255 6 1 30.436 9.446 29.622 8.827
256 6 1 30.408 9.437 29.594 8.817
257 6 1 30.361 9.446 29.547 8.826
258 6 1 30.324 9.436 29.509 8.817
259 6 1 30.135 9.464 29.321 8.835
260 6 1 30.135 9.455 29.321 8.835
261 6 1 30.098 9.455 29.283 8.835
262 6 1 30.051 9.454 29.236 8.835
263 6 1 30.004 9.454 29.189 8.835
264 6 1 29.957 9.445 29.142 8.825
265 6 1 29.910 9.445 29.095 8.825
0 9 1 43.090 11.081 42.172 10.447
1 9 1 43.118 11.100 42.163 10.438
2 9 1 43.081 11.100 42.125 10.438
3 9 1 43.062 11.100 42.107 10.438
4 9 1 43.016 11.081 42.060 10.419
5 9 1 42.960 11.109 42.005 10.447
6 9 1 42.923 11.081 41.968 10.419
7 9 1 42.877 11.081 41.921 10.419
8 9 1 42.821 11.090 41.866 10.428
9 9 1 42.803 11.081 41.847 10.419
10 9 1 42.738 11.062 41.782 10.400
11 9 1 42.571 11.006 41.615 10.344
12 9 1 42.645 11.043 41.689 10.382
13 9 1 42.617 11.025 41.661 10.363
14 9 1 42.636 11.034 41.680 10.372
15 9 1 42.524 11.006 41.569 10.344
16 9 1 42.496 11.006 41.541 10.344
17 9 1 42.450 10.997 41.494 10.335
18 9 1 42.422 11.006 41.466 10.344
19 9 1 42.394 11.006 41.439 10.344
20 9 1 42.348 11.006 41.392 10.344
21 9 1 42.320 11.006 41.364 10.344
22 9 1 42.274 11.006 41.318 10.344
23 9 1 42.246 10.987 41.290 10.325
24 9 1 42.181 10.968 41.225 10.306
25 9 1 42.153 10.987 41.197 10.325
26 9 1 42.098 10.968 41.142 10.306
27 9 1 41.921 10.866 40.816 10.231
28 9 1 41.893 10.866 40.854 10.222
29 9 1 41.847 10.856 40.807 10.213
30 9 1 41.819 10.866 40.779 10.222
31 9 1 41.773 10.865 40.733 10.222
32 9 1 41.745 10.865 40.705 10.222
33 9 1 41.698 10.847 40.659 10.203
34 9 1 41.671 10.828 40.631 10.184
35 9 1 41.624 10.847 40.584 10.203
36 9 1 41.596 10.809 40.556 10.166
37 9 1 41.550 10.809 40.510 10.166
38 9 1 41.503 10.809 40.463 10.165
39 9 1 41.457 10.791 40.417 10.147
40 9 1 41.429 10.809 40.389 10.165
41 9 1 41.383 10.790 40.343 10.147
42 9 1 41.336 10.790 40.296 10.147
43 9 1 41.290 10.790 40.250 10.146
44 9 1 41.243 10.790 40.203 10.146
45 9 1 41.178 10.790 40.138 10.146
46 9 1 41.151 10.790 40.110 10.146
47 9 1 41.104 10.790 40.064 10.146
48 9 1 41.076 10.790 40.036 10.146
49 9 1 41.030 10.790 39.989 10.146
50 9 1 41.002 10.790 39.961 10.146
51 9 1 40.955 10.790 39.915 10.146
52 9 1 40.928 10.790 39.887 10.146
53 9 1 40.881 10.790 39.840 10.146
54 9 1 40.853 10.790 39.813 10.146
55 9 1 40.807 10.808 39.766 10.164
56 9 1 40.760 10.790 39.720 10.146
57 9 1 40.714 10.808 39.673 10.164
58 9 1 40.686 10.808 39.645 10.164
59 9 1 40.621 10.808 39.580 10.164
60 9 1 40.593 10.808 39.552 10.164
61 9 1 40.528 10.808 39.487 10.164
62 9 1 40.500 10.808 39.459 10.164
63 9 1 40.435 10.808 39.394 10.164
64 9 1 40.407 10.826 39.366 10.182
65 9 1 40.361 10.826 39.319 10.182
66 9 1 40.333 10.826 39.291 10.182
67 9 1 40.286 10.826 39.245 10.182
68 9 1 40.258 10.826 39.217 10.182
69 9 1 40.212 10.826 39.170 10.182
70 9 1 40.165 10.826 39.124 10.182
71 9 1 40.119 10.826 39.077 10.182
72 9 1 40.091 10.826 39.049 10.182
73 9 1 40.026 10.826 38.984 10.181
74 9 1 39.998 10.826 38.956 10.181
75 9 1 39.933 10.826 38.891 10.181
76 9 1 39.905 10.826 38.863 10.181
77 9 1 39.858 10.807 38.817 10.163
78 9 1 39.812 10.788 38.770 10.144
79 9 1 39.765 10.807 38.724 10.162
80 9 1 39.737 10.788 38.696 10.144
81 9 1 39.691 10.807 38.649 10.162
82 9 1 39.663 10.788 38.621 10.144
83 9 1 39.616 10.807 38.575 10.162
84 9 1 39.588 10.788 38.547 10.143
85 9 1 39.542 10.807 38.500 10.162
86 9 1 39.514 10.788 38.472 10.143
87 9 1 39.467 10.806 38.426 10.162
88 9 1 39.440 10.806 38.398 10.162
89 9 1 39.374 10.806 38.332 10.162
90 9 1 39.346 10.806 38.304 10.162
91 9 1 39.300 10.806 38.258 10.162
92 9 1 39.253 10.806 38.211 10.162
93 9 1 39.207 10.806 38.165 10.161
94 9 1 39.160 10.806 38.118 10.161
95 9 1 39.114 10.806 38.071 10.161
96 9 1 39.067 10.806 38.025 10.161
97 9 1 39.021 10.806 37.978 10.161
98 9 1 39.011 10.806 37.969 10.161
99 9 1 38.965 10.806 37.922 10.161
100 9 1 38.937 10.806 37.894 10.161
101 9 1 38.872 10.806 37.829 10.161
102 9 1 38.844 10.787 37.801 10.142
103 9 1 38.797 10.806 37.754 10.161
104 9 1 38.769 10.787 37.727 10.142
105 9 1 38.704 10.805 37.661 10.161
106 9 1 38.676 10.787 37.633 10.142
107 9 1 38.611 10.787 37.568 10.142
108 9 1 38.583 10.787 37.540 10.142
109 9 1 38.518 10.786 37.475 10.142
110 9 1 38.471 10.786 37.428 10.141
111 9 1 38.424 10.768 37.382 10.123
112 9 1 38.396 10.749 37.354 10.104
113 9 1 38.350 10.768 37.307 10.123
114 9 1 38.322 10.749 37.279 10.104
115 9 1 38.275 10.767 37.232 10.122
116 9 1 38.247 10.749 37.204 10.104
117 9 1 38.182 10.749 37.139 10.104
118 9 1 38.154 10.749 37.111 10.104
119 9 1 38.108 10.749 37.064 10.104
120 9 1 38.080 10.749 37.036 10.103
121 9 1 38.014 10.748 36.971 10.103
122 9 1 37.968 10.748 36.924 10.103
123 9 1 37.921 10.748 36.878 10.103
124 9 1 37.874 10.748 36.831 10.103
125 9 1 37.828 10.748 36.784 10.103
126 9 1 37.781 10.748 36.738 10.103
127 9 1 37.735 10.748 36.691 10.103
128 9 1 37.688 10.748 36.644 10.103
129 9 1 37.641 10.748 36.598 10.103
130 9 1 37.613 10.748 36.570 10.103
131 9 1 37.567 10.748 36.523 10.103
132 9 1 37.539 10.748 36.495 10.103
133 9 1 37.492 10.748 36.448 10.102
134 9 1 37.445 10.729 36.402 10.084
135 9 1 37.399 10.710 36.355 10.065
136 9 1 37.352 10.710 36.308 10.065
137 9 1 37.306 10.710 36.262 10.065
138 9 1 37.259 10.710 36.215 10.065
139 9 1 37.212 10.691 36.168 10.046
140 9 1 37.166 10.673 36.122 10.027
141 9 1 37.119 10.673 36.075 10.027
142 9 1 37.072 10.673 36.028 10.027
143 9 1 37.026 10.672 35.982 10.027
144 9 1 36.998 10.654 35.954 10.008
145 9 1 36.951 10.635 35.907 9.989
146 9 1 36.904 10.654 35.860 10.008
147 9 1 36.876 10.635 35.832 9.989
148 9 1 36.848 10.654 35.804 10.008
149 9 1 36.783 10.635 35.739 9.989
150 9 1 36.755 10.653 35.711 10.008
151 9 1 36.708 10.635 35.664 9.989
152 9 1 36.680 10.653 35.636 10.008
153 9 1 36.615 10.635 35.571 9.989
154 9 1 36.587 10.653 35.542 10.007
155 9 1 36.522 10.634 35.477 9.989
156 9 1 36.475 10.653 35.430 10.007
157 9 1 36.428 10.634 35.384 9.989
158 9 1 36.400 10.653 35.355 10.007
159 9 1 36.353 10.653 35.309 10.007
160 9 1 36.307 10.653 35.262 10.007
161 9 1 36.260 10.653 35.215 10.007
162 9 1 36.213 10.653 35.168 10.007
163 9 1 36.185 10.653 35.140 10.007
164 9 1 36.139 10.652 35.094 10.007
165 9 1 36.092 10.652 35.047 10.007
166 9 1 36.064 10.652 35.019 10.007
167 9 1 36.017 10.652 34.972 10.006
168 9 1 35.989 10.652 34.944 10.006
169 9 1 35.924 10.652 34.879 10.006
170 9 1 35.896 10.652 34.850 10.006
171 9 1 35.849 10.652 34.804 10.006
172 9 1 35.802 10.652 34.757 10.006
173 9 1 35.755 10.633 34.710 9.987
174 9 1 35.727 10.652 34.682 10.006
175 9 1 35.662 10.633 34.617 9.987
176 9 1 35.634 10.633 34.589 9.987
177 9 1 35.587 10.633 34.542 9.987
178 9 1 35.540 10.633 34.495 9.987
179 9 1 35.494 10.633 34.448 9.987
180 9 1 35.466 10.633 34.420 9.987
181 9 1 35.419 10.633 34.373 9.987
182 9 1 35.391 10.633 34.345 9.987
183 9 1 35.344 10.633 34.298 9.987
184 9 1 35.316 10.633 34.270 9.986
185 9 1 35.269 10.633 34.224 9.986
186 9 1 35.223 10.632 34.177 9.986
187 9 1 35.176 10.632 34.130 9.986
188 9 1 35.129 10.632 34.083 9.986
189 9 1 35.082 10.632 34.036 9.986
190 9 1 35.054 10.632 34.008 9.986
191 9 1 34.989 10.632 33.943 9.986
192 9 1 34.961 10.632 33.915 9.986
193 9 1 34.895 10.632 33.849 9.986
194 9 1 34.867 10.632 33.821 9.986
195 9 1 34.820 10.632 33.774 9.986
196 9 1 34.792 10.632 33.746 9.985
197 9 1 34.745 10.613 33.699 9.967
198 9 1 34.717 10.594 33.671 9.948
199 9 1 34.652 10.613 33.606 9.967
200 9 1 34.624 10.594 33.578 9.948
201 9 1 34.577 10.613 33.531 9.966
202 9 1 34.549 10.594 33.503 9.948
203 9 1 34.483 10.594 33.437 9.948
204 9 1 34.455 10.594 33.409 9.947
205 9 1 34.409 10.594 33.362 9.947
206 9 1 34.381 10.575 33.334 9.929
207 9 1 34.315 10.556 33.269 9.910
208 9 1 34.287 10.556 33.240 9.910
209 9 1 34.240 10.556 33.194 9.910
210 9 1 34.193 10.556 33.147 9.910
211 9 1 34.147 10.556 33.100 9.910
212 9 1 34.119 10.537 33.072 9.891
213 9 1 34.072 10.519 33.025 9.872
214 9 1 34.044 10.537 32.997 9.891
215 9 1 33.997 10.537 32.950 9.891
216 9 1 33.969 10.537 32.922 9.890
217 9 1 33.922 10.537 32.875 9.890
218 9 1 33.875 10.537 32.828 9.890
219 9 1 33.828 10.537 32.781 9.890
220 9 1 33.781 10.537 32.734 9.890
221 9 1 33.734 10.537 32.687 9.890
222 9 1 33.706 10.537 32.659 9.890
223 9 1 33.641 10.555 32.594 9.909
224 9 1 33.613 10.574 32.565 9.927
225 9 1 33.547 10.555 32.500 9.908
226 9 1 33.519 10.574 32.472 9.927
227 9 1 33.622 10.583 32.594 9.899
228 9 1 33.622 10.565 32.584 9.918
229 9 1 33.584 10.565 32.547 9.918
230 9 1 33.547 10.565 32.509 9.918
231 9 1 33.509 10.564 32.472 9.918
232 9 1 33.453 10.564 32.415 9.918
233 9 1 33.416 10.564 32.378 9.917
234 9 1 33.378 10.564 32.340 9.917
235 9 1 33.341 10.564 32.303 9.917
236 9 1 33.303 10.564 32.265 9.917
237 9 1 33.266 10.564 32.228 9.917
238 9 1 33.210 10.564 32.171 9.917
239 9 1 33.153 10.564 32.115 9.917
240 9 1 33.116 10.564 32.078 9.917
241 9 1 33.060 10.564 32.021 9.917
242 9 1 33.022 10.564 31.984 9.917
243 9 1 32.985 10.564 31.946 9.917
244 9 1 32.947 10.564 31.909 9.917
245 9 1 32.891 10.545 31.852 9.898
246 9 1 32.853 10.545 31.815 9.898
247 9 1 32.816 10.545 31.777 9.898
248 9 1 32.778 10.563 31.740 9.916
249 9 1 32.741 10.563 31.702 9.916
250 9 1 32.703 10.563 31.665 9.916
251 9 1 32.666 10.563 31.627 9.916
252 9 1 32.628 10.563 31.589 9.916
253 9 1 32.572 10.563 31.533 9.916
254 9 1 32.534 10.582 31.495 9.935
255 9 1 32.478 10.582 31.439 9.934
256 9 1 32.440 10.582 31.402 9.934
257 9 1 32.384 10.600 31.345 9.953
258 9 1 32.347 10.600 31.308 9.953
259 9 1 32.290 10.600 31.251 9.953
260 9 1 32.253 10.600 31.214 9.953
261 9 1 32.196 10.600 31.157 9.953
262 9 1 32.159 10.600 31.120 9.953
263 9 1 32.121 10.600 31.082 9.952
264 9 1 32.084 10.600 31.045 9.952
265 9 1 32.046 10.600 31.007 9.952
0 10 2 32.508 3.951 31.759 2.144
1 10 2 32.536 3.998 31.750 2.107
2 10 2 32.545 4.035 31.759 2.144
3 10 2 32.535 4.072 31.749 2.181
4 10 2 32.563 4.110 31.777 2.219
5 10 2 32.554 4.147 31.768 2.256
6 10 2 32.582 4.184 31.795 2.293
7 10 2 32.572 4.221 31.786 2.330
8 10 2 32.600 4.277 31.814 2.386
9 10 2 32.590 4.333 31.804 2.442
10 10 2 32.618 4.352 31.832 2.461
11 10 2 32.609 4.426 31.822 2.535
12 10 2 32.637 4.463 31.850 2.572
13 10 2 32.627 4.501 31.841 2.609
14 10 2 32.655 4.557 31.868 2.665
15 10 2 32.645 4.575 31.859 2.684
16 10 2 32.673 4.650 31.887 2.758
17 10 2 32.682 4.687 31.896 2.795
18 10 2 32.692 4.743 31.905 2.851
19 10 2 32.701 4.780 31.914 2.888
20 10 2 32.701 4.817 31.914 2.926
21 10 2 32.719 4.873 31.932 2.981
22 10 2 32.728 4.929 31.942 3.037
23 10 2 32.728 4.966 31.941 3.074
24 10 2 32.765 5.022 31.979 3.130
25 10 2 32.746 5.097 31.959 3.205
26 10 2 32.783 5.134 31.997 3.242
27 10 2 32.774 5.190 31.987 3.298
28 10 2 32.802 5.227 32.015 3.335
29 10 2 32.811 5.283 32.024 3.391
30 10 2 32.820 5.358 32.033 3.465
31 10 2 32.829 5.413 32.042 3.521
32 10 2 32.829 5.451 32.042 3.558
33 10 2 32.847 5.507 32.060 3.614
34 10 2 32.856 5.562 32.070 3.670
35 10 2 32.856 5.618 32.069 3.726
36 10 2 32.874 5.693 32.088 3.800
37 10 2 32.884 5.749 32.097 3.856
38 10 2 32.911 5.786 32.125 3.893
39 10 2 32.902 5.842 32.115 3.949
40 10 2 32.930 5.917 32.143 4.024
41 10 2 32.911 5.972 32.124 4.079
42 10 2 32.948 6.010 32.161 4.117
43 10 2 32.948 6.084 32.161 4.191
44 10 2 32.957 6.140 32.170 4.247
45 10 2 32.975 6.215 32.188 4.322
46 10 2 32.984 6.271 32.197 4.377
47 10 2 32.984 6.327 32.197 4.433
48 10 2 33.002 6.401 32.215 4.508
49 10 2 33.012 6.457 32.224 4.564
50 10 2 33.011 6.494 32.224 4.601
51 10 2 33.030 6.550 32.243 4.657
52 10 2 33.039 6.625 32.252 4.731
53 10 2 33.039 6.699 32.251 4.806
54 10 2 33.057 6.755 32.270 4.862
55 10 2 33.066 6.793 32.279 4.899
56 10 2 33.066 6.867 32.279 4.973
57 10 2 33.084 6.923 32.297 5.029
58 10 2 33.084 6.998 32.297 5.104
59 10 2 33.102 7.082 32.315 5.188
60 10 2 33.112 7.128 32.324 5.234
61 10 2 33.121 7.184 32.333 5.290
62 10 2 33.120 7.455 32.332 5.560
63 10 2 33.139 7.315 32.352 5.421
64 10 2 33.139 7.371 32.351 5.476
65 10 2 33.148 7.371 32.370 5.477
66 10 2 33.157 7.501 32.379 5.607
67 10 2 33.147 7.557 32.369 5.663
68 10 2 33.166 7.632 32.397 5.737
69 10 2 33.165 7.707 32.397 5.812
70 10 2 33.174 7.763 32.406 5.868
71 10 2 33.174 7.819 32.405 5.933
72 10 2 33.193 7.893 32.424 6.008
73 10 2 33.202 7.949 32.433 6.064
74 10 2 33.211 8.005 32.442 6.119
75 10 2 33.201 8.098 32.432 6.213
76 10 2 33.229 8.136 32.460 6.250
77 10 2 33.219 8.210 32.450 6.324
78 10 2 33.229 8.266 32.460 6.380
79 10 2 33.238 8.341 32.469 6.455
80 10 2 33.247 8.406 32.478 6.520
81 10 2 33.237 8.472 32.468 6.585
82 10 2 33.246 8.528 32.477 6.641
83 10 2 33.237 8.593 32.467 6.707
84 10 2 33.264 8.677 32.495 6.791
85 10 2 33.255 8.733 32.486 6.846
86 10 2 33.264 8.789 32.495 6.902
87 10 2 33.273 8.883 32.504 6.996
88 10 2 33.282 8.939 32.513 7.052
89 10 2 33.272 9.013 32.503 7.126
90 10 2 33.281 9.069 32.512 7.182
91 10 2 33.272 9.125 32.502 7.238
92 10 2 33.281 9.209 32.511 7.322
93 10 2 33.271 9.275 32.502 7.387
94 10 2 33.280 9.349 32.511 7.462
95 10 2 33.271 9.415 32.501 7.527
96 10 2 33.280 9.499 32.510 7.611
97 10 2 33.504 9.518 32.567 7.472
98 10 2 33.448 9.565 32.576 7.509
99 10 2 33.420 9.564 32.595 7.584
100 10 2 33.382 9.639 32.585 7.630
101 10 2 33.429 9.742 32.594 7.705
102 10 2 33.419 9.826 32.565 7.807
103 10 2 33.400 9.910 32.537 7.882
104 10 2 33.334 9.863 32.565 8.003
105 10 2 33.278 9.947 32.583 8.059
106 10 2 33.315 9.957 32.536 8.041
107 10 2 33.306 10.013 32.527 8.096
108 10 2 33.315 10.069 32.536 8.152
109 10 2 33.305 10.144 32.526 8.227
110 10 2 33.314 10.218 32.535 8.302
111 10 2 33.305 10.274 32.526 8.358
112 10 2 33.314 10.330 32.535 8.414
113 10 2 33.304 10.424 32.525 8.507
114 10 2 33.303 10.620 32.590 8.675
115 10 2 33.303 10.583 32.608 8.872
116 10 2 33.331 10.667 32.571 8.769
117 10 2 33.303 10.751 32.626 8.844
118 10 2 33.340 10.742 32.589 8.843
119 10 2 33.321 10.891 32.664 8.890
120 10 2 33.349 10.957 32.645 8.993
121 10 2 33.320 11.022 32.625 9.058
122 10 2 33.282 11.088 32.616 9.114
123 10 2 33.254 11.135 32.597 9.161
124 10 2 33.263 11.209 32.606 9.217
125 10 2 33.254 11.256 32.577 9.310
126 10 2 33.263 11.228 32.577 9.329
127 10 2 33.253 11.284 32.568 9.385
128 10 2 33.262 11.359 32.577 9.460
129 10 2 33.253 11.415 32.567 9.516
130 10 2 33.279 11.808 32.594 9.731
131 10 2 33.279 11.855 32.594 9.750
132 10 2 33.270 11.752 32.584 9.852
133 10 2 33.278 12.155 32.585 9.796
134 10 2 33.287 12.183 32.547 9.852
135 10 2 33.148 11.920 32.443 10.058
136 10 2 33.129 11.949 32.424 10.039
137 10 2 33.147 12.005 32.461 10.189
138 10 2 33.287 12.211 32.526 10.226
139 10 2 33.249 12.323 32.536 10.273
140 10 2 33.211 12.398 32.535 10.357
141 10 2 33.192 12.445 32.469 10.432
142 10 2 33.173 12.501 32.488 10.460
143 10 2 33.192 12.520 32.469 10.563
144 10 2 33.201 12.576 32.487 10.600
145 10 2 33.210 12.585 32.459 10.666
146 10 2 33.182 12.679 32.459 10.722
147 10 2 33.191 12.707 32.430 10.750
148 10 2 33.153 12.754 32.374 10.825
149 10 2 33.191 12.857 32.430 10.909
150 10 2 33.181 12.895 32.382 11.002
151 10 2 33.143 12.895 32.344 11.049
152 10 2 33.143 12.904 32.363 11.059
153 10 2 33.181 12.904 32.354 11.115
154 10 2 33.096 12.941 32.419 11.068
155 10 2 33.096 13.007 32.419 11.134
156 10 2 33.096 13.073 32.419 11.199
157 10 2 33.077 13.119 32.400 11.246
158 10 2 33.077 13.185 32.400 11.311
159 10 2 33.076 13.232 32.399 11.358
160 10 2 33.076 13.297 32.399 11.424
161 10 2 33.161 13.307 32.285 11.676
162 10 2 33.057 13.419 32.380 11.555
163 10 2 33.057 13.476 32.379 11.611
164 10 2 33.056 13.532 32.379 11.667
165 10 2 33.037 13.607 32.360 11.742
166 10 2 33.037 13.663 32.360 11.798
167 10 2 33.037 13.738 32.359 11.873
168 10 2 33.036 13.794 32.359 11.929
169 10 2 33.036 13.851 32.359 11.985
170 10 2 33.017 13.907 32.340 12.042
171 10 2 33.017 13.963 32.340 12.098
172 10 2 33.017 14.038 32.339 12.173
173 10 2 33.016 14.095 32.339 12.229
174 10 2 33.016 14.151 32.339 12.285
175 10 2 32.997 14.226 32.320 12.360
176 10 2 32.997 14.282 32.319 12.416
177 10 2 32.997 14.338 32.319 12.473
178 10 2 32.977 14.414 32.300 12.548
179 10 2 32.977 14.470 32.300 12.604
180 10 2 32.977 14.526 32.299 12.660
181 10 2 32.958 14.601 32.280 12.735
182 10 2 32.958 14.658 32.280 12.791
183 10 2 32.939 14.714 32.261 12.847
184 10 2 32.938 14.789 32.261 12.922
185 10 2 32.919 14.845 32.242 12.979
186 10 2 32.919 14.920 32.241 13.054
187 10 2 32.900 14.996 32.222 13.129
188 10 2 32.899 15.052 32.222 13.185
189 10 2 32.880 15.127 32.203 13.260
190 10 2 32.880 15.183 32.203 13.316
191 10 2 32.861 15.240 32.183 13.373
192 10 2 32.842 15.315 32.164 13.448
193 10 2 32.842 15.371 32.164 13.504
194 10 2 32.823 15.446 32.145 13.579
195 10 2 32.804 15.503 32.126 13.635
196 10 2 32.784 15.578 32.107 13.710
197 10 2 32.765 15.634 32.088 13.767
198 10 2 32.746 15.710 32.068 13.842
199 10 2 32.746 15.785 32.068 13.917
200 10 2 32.727 15.841 32.049 13.973
201 10 2 32.708 15.916 32.030 14.048
202 10 2 32.689 15.973 32.011 14.104
203 10 2 32.670 16.048 31.992 14.180
204 10 2 32.650 16.104 31.973 14.236
205 10 2 32.631 16.180 31.953 14.311
206 10 2 32.612 16.255 31.934 14.386
207 10 2 32.593 16.311 31.915 14.442
208 10 2 32.574 16.387 31.896 14.518
209 10 2 32.536 16.443 31.858 14.574
210 10 2 32.517 16.518 31.839 14.649
211 10 2 32.498 16.575 31.820 14.705
212 10 2 32.479 16.650 31.801 14.781
213 10 2 32.441 16.725 31.763 14.856
214 10 2 32.422 16.782 31.744 14.912
215 10 2 32.403 16.857 31.724 14.987
216 10 2 32.365 16.914 31.686 15.044
217 10 2 32.345 16.989 31.667 15.119
218 10 2 32.326 17.046 31.648 15.175
219 10 2 32.288 17.121 31.610 15.251
220 10 2 32.269 17.177 31.591 15.307
221 10 2 32.231 17.253 31.553 15.382
222 10 2 32.212 17.309 31.534 15.439
223 10 2 32.174 17.385 31.496 15.514
224 10 2 32.155 17.441 31.477 15.570
225 10 2 32.117 17.517 31.439 15.646
226 10 2 32.098 17.573 31.420 15.702
227 10 2 32.060 17.649 31.382 15.777
228 10 2 32.022 17.705 31.344 15.834
229 10 2 32.003 17.781 31.324 15.909
230 10 2 31.965 17.837 31.287 15.966
231 10 2 31.927 17.913 31.248 16.041
232 10 2 31.908 17.969 31.229 16.097
233 10 2 31.870 18.045 31.191 16.173
234 10 2 31.851 18.101 31.172 16.229
235 10 2 31.813 18.177 31.134 16.305
236 10 2 31.774 18.252 31.096 16.380
237 10 2 31.755 18.309 31.077 16.436
238 10 2 31.717 18.384 31.039 16.512
239 10 2 31.679 18.441 31.001 16.568
240 10 2 31.660 18.516 30.982 16.644
241 10 2 31.622 18.573 30.944 16.700
242 10 2 31.584 18.649 30.905 16.776
243 10 2 31.565 18.705 30.886 16.832
244 10 2 31.527 18.781 30.848 16.908
245 10 2 31.489 18.837 30.810 16.964
246 10 2 31.470 18.913 30.791 17.040
247 10 2 31.432 18.970 30.753 17.096
248 10 2 31.394 19.045 30.715 17.172
249 10 2 31.374 19.102 30.696 17.228
250 10 2 31.336 19.178 30.658 17.304
251 10 2 31.298 19.253 30.619 17.379
252 10 2 31.279 19.310 30.600 17.436
253 10 2 31.241 19.385 30.562 17.511
254 10 2 31.203 19.461 30.524 17.587
255 10 2 31.184 19.518 30.505 17.643
256 10 2 31.146 19.593 30.467 17.719
257 10 2 31.126 19.650 30.447 17.775
258 10 2 31.088 19.726 30.409 17.851
259 10 2 31.069 19.801 30.390 17.926
260 10 2 31.031 19.858 30.352 17.983
261 10 2 30.993 19.934 30.314 18.058
262 10 2 30.974 19.990 30.295 18.115
263 10 2 30.935 20.066 30.256 18.191
264 10 2 30.916 20.142 30.237 18.266
265 10 2 30.878 20.199 30.199 18.323
0 12 1 43.146 12.002 41.810 11.229
12 12 1 42.793 12.114 41.392 11.303
14 12 1 42.589 11.974 41.271 11.312
16 12 1 42.571 12.030 41.234 11.219
17 12 1 42.534 12.039 41.197 11.228
18 12 1 42.478 12.048 41.141 11.237
19 12 1 42.404 12.039 41.067 11.228
20 12 1 42.367 12.048 41.029 11.237
21 12 1 42.311 12.058 40.974 11.246
22 12 1 42.292 12.067 40.955 11.255
23 12 1 42.237 12.048 40.899 11.237
24 12 1 42.218 12.067 40.881 11.255
25 12 1 42.162 12.058 40.825 11.246
26 12 1 42.144 12.058 40.806 11.246
27 12 1 42.088 12.057 40.751 11.246
28 12 1 42.070 12.067 40.732 11.255
29 12 1 42.014 11.992 40.676 11.302
30 12 1 41.977 11.983 40.639 11.292
31 12 1 41.940 11.974 40.602 11.283
32 12 1 41.884 11.964 40.546 11.274
33 12 1 41.828 11.955 40.490 11.264
34 12 1 41.791 11.964 40.453 11.274
35 12 1 41.735 11.955 40.397 11.264
36 12 1 41.679 11.964 40.341 11.273
37 12 1 41.642 11.955 40.304 11.264
38 12 1 41.605 11.964 40.267 11.273
39 12 1 41.549 11.955 40.211 11.264
40 12 1 41.494 11.964 40.155 11.273
41 12 1 41.475 11.973 40.137 11.283
42 12 1 41.419 11.982 40.081 11.292
43 12 1 41.401 11.973 40.062 11.282
44 12 1 41.345 11.982 40.007 11.292
45 12 1 41.326 11.973 39.988 11.282
46 12 1 41.289 11.982 39.951 11.292
47 12 1 41.233 11.973 39.895 11.282
48 12 1 41.215 11.982 39.876 11.292
49 12 1 41.141 11.973 39.802 11.282
50 12 1 41.085 11.982 39.746 11.291
51 12 1 41.048 11.973 39.709 11.282
52 12 1 41.010 11.982 39.672 11.291
53 12 1 40.955 11.973 39.616 11.282
54 12 1 40.899 11.982 39.560 11.291
55 12 1 40.862 11.973 39.523 11.282
56 12 1 40.824 11.982 39.485 11.291
57 12 1 40.787 11.991 39.448 11.300
58 12 1 40.722 11.982 39.383 11.291
59 12 1 40.676 11.973 39.336 11.282
60 12 1 40.657 11.982 39.318 11.291
61 12 1 40.601 11.973 39.262 11.282
62 12 1 40.583 11.982 39.243 11.291
63 12 1 40.527 11.973 39.187 11.281
64 12 1 40.508 11.982 39.169 11.291
65 12 1 40.452 11.972 39.113 11.281
66 12 1 40.415 11.963 39.076 11.272
67 12 1 40.359 11.954 39.020 11.263
68 12 1 40.304 11.963 38.964 11.272
69 12 1 40.266 11.954 38.927 11.263
70 12 1 40.211 11.963 38.871 11.272
71 12 1 40.155 11.954 38.815 11.262
72 12 1 40.118 11.944 38.778 11.253
73 12 1 40.080 11.954 38.740 11.262
74 12 1 40.043 11.963 38.703 11.272
75 12 1 39.987 11.954 38.647 11.262
76 12 1 39.922 11.963 38.582 11.271
77 12 1 39.913 11.953 38.573 11.262
78 12 1 39.876 11.963 38.535 11.271
79 12 1 39.838 11.972 38.498 11.281
80 12 1 39.801 11.981 38.461 11.290
81 12 1 39.745 11.972 38.405 11.281
82 12 1 39.708 11.963 38.368 11.271
83 12 1 39.652 11.953 38.312 11.262
84 12 1 39.578 11.963 38.237 11.271
85 12 1 39.540 11.953 38.200 11.262
86 12 1 39.485 11.962 38.144 11.271
87 12 1 39.466 11.953 38.125 11.262
88 12 1 39.382 11.962 38.041 11.271
89 12 1 39.354 11.972 38.013 11.280
90 12 1 39.298 11.981 37.957 11.289
91 12 1 39.261 11.972 37.920 11.280
92 12 1 39.224 11.981 37.883 11.289
93 12 1 39.186 11.972 37.845 11.280
94 12 1 39.149 11.962 37.808 11.271
95 12 1 39.112 11.953 37.771 11.261
96 12 1 39.075 11.962 37.733 11.270
97 12 1 39.037 11.953 37.696 11.261
98 12 1 38.982 11.943 37.640 11.252
99 12 1 38.926 11.934 37.584 11.242
100 12 1 38.888 11.925 37.547 11.233
101 12 1 38.851 11.915 37.510 11.224
102 12 1 38.795 11.925 37.454 11.233
103 12 1 38.730 11.915 37.388 11.223
104 12 1 38.702 11.906 37.360 11.214
105 12 1 38.665 11.897 37.323 11.205
106 12 1 38.599 11.906 37.258 11.214
107 12 1 38.553 11.896 37.211 11.205
108 12 1 38.516 11.906 37.174 11.214
109 12 1 38.478 11.896 37.136 11.204
110 12 1 38.450 11.906 37.108 11.214
111 12 1 38.394 11.896 37.052 11.204
112 12 1 38.385 11.906 37.043 11.214
113 12 1 38.348 11.896 37.006 11.204
114 12 1 38.310 11.906 36.968 11.214
115 12 1 38.273 11.896 36.931 11.204
116 12 1 38.217 11.887 36.875 11.195
117 12 1 38.180 11.859 36.838 11.167
118 12 1 38.143 11.868 36.800 11.176
119 12 1 38.105 11.859 36.763 11.167
120 12 1 38.049 11.849 36.707 11.157
121 12 1 37.984 11.840 36.642 11.148
122 12 1 37.975 11.849 36.632 11.157
123 12 1 37.910 11.840 36.567 11.148
124 12 1 37.882 11.849 36.539 11.157
125 12 1 37.844 11.840 36.502 11.148
126 12 1 37.807 11.831 36.464 11.138
127 12 1 37.770 11.821 36.427 11.129
128 12 1 37.732 11.812 36.390 11.120
129 12 1 37.695 11.802 36.352 11.110
130 12 1 37.676 11.812 36.333 11.120
131 12 1 37.620 11.802 36.277 11.110
132 12 1 37.602 11.793 36.259 11.101
133 12 1 37.536 11.784 36.193 11.091
134 12 1 37.508 11.793 36.165 11.101
135 12 1 37.471 11.784 36.128 11.091
136 12 1 37.434 11.774 36.091 11.082
137 12 1 37.378 11.765 36.035 11.072
138 12 1 37.322 11.774 35.978 11.082
139 12 1 37.303 11.765 35.960 11.072
140 12 1 37.247 11.774 35.904 11.082
141 12 1 37.210 11.765 35.866 11.072
142 12 1 37.172 11.774 35.829 11.082
143 12 1 37.116 11.765 35.773 11.072
144 12 1 37.060 11.774 35.717 11.081
145 12 1 37.042 11.783 35.698 11.091
146 12 1 36.995 11.793 35.651 11.100
147 12 1 36.967 11.783 35.623 11.091
148 12 1 36.920 11.793 35.576 11.100
149 12 1 36.892 11.802 35.548 11.109
150 12 1 36.855 11.792 35.511 11.100
151 12 1 36.789 11.783 35.446 11.090
152 12 1 36.780 11.792 35.436 11.100
153 12 1 36.715 11.783 35.371 11.090
154 12 1 36.687 11.792 35.343 11.100
155 12 1 36.649 11.783 35.305 11.090
156 12 1 36.612 11.792 35.268 11.100
157 12 1 36.575 11.802 35.230 11.109
158 12 1 36.528 11.811 35.184 11.118
159 12 1 36.500 11.802 35.155 11.109
160 12 1 36.434 11.811 35.090 11.118
161 12 1 36.388 11.801 35.043 11.109
162 12 1 36.350 11.792 35.006 11.099
163 12 1 36.313 11.783 34.968 11.090
164 12 1 36.266 11.773 34.922 11.080
165 12 1 36.238 11.764 34.894 11.071
166 12 1 36.191 11.773 34.847 11.080
167 12 1 36.163 11.764 34.819 11.071
168 12 1 36.126 11.754 34.781 11.062
169 12 1 36.089 11.745 34.744 11.052
170 12 1 36.051 11.754 34.706 11.061
171 12 1 36.014 11.745 34.669 11.052
172 12 1 35.948 11.736 34.604 11.043
173 12 1 35.902 11.726 34.557 11.033
174 12 1 35.883 11.736 34.538 11.043
175 12 1 35.818 11.726 34.473 11.033
176 12 1 35.790 11.736 34.444 11.042
177 12 1 35.752 11.726 34.407 11.033
178 12 1 35.705 11.735 34.360 11.042
179 12 1 35.677 11.726 34.332 11.033
180 12 1 35.640 11.735 34.295 11.042
181 12 1 35.602 11.745 34.257 11.052
182 12 1 35.565 11.754 34.220 11.061
183 12 1 35.528 11.745 34.182 11.051
184 12 1 35.490 11.754 34.145 11.061
185 12 1 35.453 11.745 34.107 11.051
186 12 1 35.415 11.735 34.070 11.042
187 12 1 35.378 11.726 34.032 11.033
188 12 1 35.341 11.735 33.995 11.042
189 12 1 35.303 11.726 33.957 11.033
190 12 1 35.238 11.735 33.892 11.042
191 12 1 35.191 11.726 33.845 11.032
192 12 1 35.172 11.735 33.826 11.042
193 12 1 35.107 11.726 33.761 11.032
194 12 1 35.079 11.735 33.732 11.042
195 12 1 35.041 11.726 33.695 11.032
196 12 1 34.976 11.735 33.629 11.041
197 12 1 34.929 11.707 33.583 11.013
198 12 1 34.891 11.716 33.545 11.023
199 12 1 34.854 11.707 33.508 11.013
200 12 1 34.807 11.697 33.461 11.004
201 12 1 34.779 11.688 33.433 10.994
202 12 1 34.732 11.697 33.386 11.004
203 12 1 34.704 11.688 33.358 10.994
204 12 1 34.648 11.697 33.301 11.004
205 12 1 34.611 11.688 33.264 10.994
206 12 1 34.554 11.678 33.208 10.985
207 12 1 34.536 11.669 33.189 10.975
208 12 1 34.470 11.678 33.123 10.985
209 12 1 34.442 11.669 33.095 10.975
210 12 1 34.405 11.678 33.058 10.985
211 12 1 34.339 11.669 32.992 10.975
212 12 1 34.292 11.678 32.945 10.984
213 12 1 34.255 11.669 32.908 10.975
214 12 1 34.217 11.678 32.870 10.984
215 12 1 34.161 11.669 32.814 10.975
216 12 1 34.105 11.678 32.758 10.984
217 12 1 34.086 11.669 32.739 10.975
218 12 1 34.030 11.678 32.683 10.984
219 12 1 34.011 11.669 32.664 10.975
220 12 1 33.946 11.678 32.598 10.984
221 12 1 33.917 11.668 32.570 10.975
222 12 1 33.852 11.659 32.504 10.965
223 12 1 33.805 11.650 32.458 10.956
224 12 1 33.749 11.659 32.401 10.965
225 12 1 33.693 11.650 32.345 10.956
226 12 1 33.655 11.659 32.307 10.965
227 12 1 33.608 11.649 32.260 10.956
228 12 1 33.552 11.659 32.204 10.965
229 12 1 33.496 11.668 32.148 10.974
230 12 1 33.467 11.677 32.119 10.983
231 12 1 33.411 11.668 32.063 10.974
232 12 1 33.346 11.677 31.997 10.983
233 12 1 33.317 11.668 31.969 10.974
234 12 1 33.280 11.677 31.932 10.983
235 12 1 33.233 11.687 31.885 10.992
236 12 1 33.205 11.696 31.856 11.002
237 12 1 33.139 11.686 31.791 10.992
238 12 1 33.064 11.677 31.716 10.983
239 12 1 33.036 11.668 31.688 10.974
240 12 1 32.999 11.677 31.650 10.983
241 12 1 32.961 11.668 31.612 10.973
242 12 1 32.923 11.677 31.575 10.983
243 12 1 32.905 11.668 31.556 10.973
244 12 1 32.886 11.677 31.537 10.983
245 12 1 32.830 11.667 31.481 10.973
246 12 1 32.811 11.677 31.462 10.983
247 12 1 32.745 11.667 31.396 10.973
248 12 1 32.717 11.677 31.368 10.982
249 12 1 32.679 11.686 31.330 10.992
251 12 1 32.670 11.611 31.321 10.917
252 12 1 32.642 11.620 31.293 10.926
253 12 1 32.633 11.630 31.284 10.936
254 12 1 32.623 11.639 31.274 10.945
255 12 1 32.595 11.630 31.246 10.935
256 12 1 32.567 11.639 31.218 10.945
257 12 1 32.539 11.630 31.190 10.935
258 12 1 32.305 11.508 30.955 10.888
259 12 1 32.305 11.536 30.955 10.860
260 12 1 32.276 11.545 30.927 10.870
261 12 1 32.248 11.555 30.899 10.879
262 12 1 32.220 11.564 30.870 10.888
263 12 1 32.173 11.573 30.823 10.897
264 12 1 32.126 11.601 30.776 10.926
265 12 1 32.098 11.629 30.748 10.954
