0 0 1 28.966 11.035 28.001 10.343
1 0 1 28.983 11.010 27.943 10.343
2 0 1 28.999 11.018 27.976 10.359
3 0 1 28.941 10.977 28.109 10.409
4 0 1 28.916 10.993 28.176 10.393
5 0 1 29.007 11.044 28.185 10.343
6 0 1 29.024 11.052 28.210 10.334
7 0 1 28.941 11.035 28.327 10.385
8 0 1 29.090 11.110 28.294 10.326
9 0 1 29.116 11.077 28.361 10.335
10 0 1 29.183 11.060 28.352 10.343
11 0 1 29.299 11.094 28.469 10.343
12 0 1 29.475 11.077 28.527 10.376
13 0 1 29.491 11.102 28.611 10.360
14 0 1 29.558 11.127 28.611 10.385
15 0 1 29.583 11.119 28.619 10.460
16 0 1 29.583 11.144 28.619 10.485
17 0 1 29.616 11.111 28.618 10.518
18 0 1 29.616 11.152 28.660 10.493
19 0 1 29.625 11.127 28.668 10.510
20 0 1 29.650 11.144 28.727 10.477
21 0 1 29.608 11.186 28.752 10.518
22 0 1 29.599 11.169 28.752 10.527
23 0 1 29.641 11.194 28.936 10.418
24 0 1 29.633 11.169 29.078 10.485
25 0 1 29.682 11.236 29.086 10.527
26 0 1 29.783 11.194 28.969 10.552
27 0 1 29.824 11.194 29.010 10.552
28 0 1 29.866 11.194 29.052 10.552
29 0 1 29.908 11.211 29.094 10.569
30 0 1 29.949 11.211 29.136 10.569
31 0 1 30.224 11.361 29.278 10.510
32 0 1 30.141 11.252 29.327 10.610
33 0 1 30.241 11.294 29.302 10.610
34 0 1 30.258 11.311 29.277 10.644
35 0 1 30.274 11.328 29.344 10.619
36 0 1 30.266 11.344 29.361 10.610
37 0 1 30.282 11.328 29.369 10.619
38 0 1 30.266 11.286 29.352 10.610
39 0 1 30.216 11.269 29.402 10.627
40 0 1 30.350 11.244 29.595 10.552
41 0 1 30.283 11.178 29.745 10.544
42 0 1 30.458 11.228 29.728 10.502
43 0 1 30.491 11.236 29.762 10.528
44 0 1 30.541 11.278 29.803 10.553
45 0 1 30.558 11.269 29.812 10.536
46 0 1 30.608 11.303 29.837 10.519
47 0 1 30.641 11.286 29.845 10.569
48 0 1 30.625 11.244 29.853 10.603
49 0 1 30.658 11.244 29.886 10.603
50 0 1 30.691 11.244 29.920 10.603
51 0 1 30.725 11.244 29.953 10.603
52 0 1 30.775 11.244 30.003 10.603
53 0 1 30.808 11.244 30.036 10.603
54 0 1 30.858 11.245 30.086 10.603
55 0 1 30.891 11.245 30.120 10.603
56 0 1 30.942 11.228 30.170 10.586
57 0 1 30.992 11.228 30.220 10.586
58 0 1 31.025 11.228 30.253 10.586
59 0 1 31.058 11.228 30.286 10.586
60 0 1 31.092 11.228 30.320 10.586
61 0 1 31.141 11.228 30.370 10.586
62 0 1 31.175 11.228 30.403 10.586
63 0 1 31.208 11.228 30.436 10.586
64 0 1 31.241 11.228 30.470 10.586
65 0 1 31.275 11.228 30.503 10.586
66 0 1 31.308 11.228 30.536 10.586
67 0 1 31.358 11.245 30.586 10.603
68 0 1 31.391 11.245 30.620 10.603
69 0 1 31.441 11.261 30.670 10.620
70 0 1 31.474 11.261 30.703 10.620
71 0 1 31.474 11.378 30.695 10.470
72 0 1 31.557 11.320 30.786 10.603
73 0 1 31.632 11.311 30.878 10.578
74 0 1 31.641 11.311 30.895 10.553
75 0 1 31.691 11.312 30.895 10.603
76 0 1 31.716 11.303 30.936 10.578
77 0 1 31.724 11.328 30.986 10.570
78 0 1 31.791 11.287 31.061 10.562
79 0 1 31.857 11.287 31.095 10.554
80 0 1 31.932 11.303 31.111 10.554
81 0 1 31.882 11.245 31.144 10.604
82 0 1 31.916 11.245 31.178 10.604
83 0 1 31.949 11.245 31.211 10.604
84 0 1 32.041 11.212 31.170 10.504
85 0 1 31.974 11.178 31.236 10.537
86 0 1 32.008 11.178 31.270 10.537
87 0 1 32.066 11.253 31.253 10.529
88 0 1 32.024 11.203 31.286 10.562
89 0 1 32.057 11.187 31.320 10.546
90 0 1 32.107 11.170 31.370 10.529
91 0 1 32.141 11.170 31.403 10.529
92 0 1 32.191 11.170 31.453 10.529
93 0 1 32.357 11.187 31.578 10.413
94 0 1 32.324 11.120 31.586 10.479
95 0 1 32.357 11.120 31.619 10.479
96 0 1 32.374 11.120 31.636 10.479
97 0 1 32.598 11.104 31.761 10.405
98 0 1 32.540 11.071 31.803 10.430
99 0 1 32.574 11.071 31.836 10.430
100 0 1 32.607 11.071 31.869 10.430
101 0 1 32.657 11.071 31.919 10.430
102 0 1 32.690 11.071 31.952 10.430
103 0 1 32.740 11.071 32.002 10.430
104 0 1 32.773 11.071 32.036 10.430
105 0 1 32.806 11.071 32.069 10.430
106 0 1 32.840 11.071 32.102 10.430
107 0 1 32.873 11.071 32.135 10.430
108 0 1 32.923 11.071 32.185 10.430
109 0 1 32.956 11.071 32.219 10.430
110 0 1 32.989 11.071 32.252 10.430
111 0 1 33.039 11.196 32.285 10.438
112 0 1 33.114 11.171 32.310 10.438
113 0 1 33.247 11.154 32.335 10.430
114 0 1 33.064 11.112 32.326 10.472
115 0 1 33.097 11.112 32.360 10.472
116 0 1 33.130 11.112 32.393 10.472
117 0 1 33.363 11.129 32.343 10.438
118 0 1 33.155 11.104 32.418 10.463
119 0 1 33.338 11.104 32.402 10.347
120 0 1 33.347 11.104 32.444 10.297
121 0 1 33.388 11.104 32.435 10.422
122 0 1 33.446 11.196 32.476 10.505
123 0 1 33.156 11.071 32.418 10.430
124 0 1 33.529 11.121 32.767 10.455
125 0 1 33.504 11.104 32.767 10.464
126 0 1 33.621 11.138 32.867 10.422
127 0 1 33.604 11.096 32.867 10.456
128 0 1 33.637 11.096 32.900 10.456
129 0 1 33.670 11.096 32.933 10.456
130 0 1 33.704 11.096 32.966 10.456
131 0 1 33.936 11.188 32.999 10.522
132 0 1 33.729 11.088 32.991 10.447
133 0 1 33.762 11.088 33.025 10.447
134 0 1 33.978 11.138 33.008 10.539
135 0 1 34.052 11.146 32.983 10.564
136 0 1 34.044 11.163 33.008 10.572
137 0 1 34.061 11.155 33.074 10.539
138 0 1 33.762 11.055 33.025 10.414
139 0 1 33.828 11.055 33.091 10.414
140 0 1 33.895 11.055 33.158 10.414
141 0 1 34.359 11.163 33.647 10.456
143 0 1 34.260 11.121 33.697 10.573
144 0 1 34.334 11.180 33.672 10.514
145 0 1 34.384 11.171 33.639 10.506
146 0 1 34.475 11.221 33.606 10.581
147 0 1 34.392 11.213 33.672 10.573
148 0 1 34.600 11.205 33.738 10.531
149 0 1 34.608 11.213 33.630 10.564
150 0 1 34.616 11.171 33.597 10.581
151 0 1 34.625 11.180 33.622 10.597
152 0 1 34.666 11.163 33.630 10.614
153 0 1 34.666 11.196 33.655 10.581
154 0 1 34.708 11.172 33.738 10.548
155 0 1 34.467 11.138 33.747 10.498
156 0 1 34.534 11.138 33.813 10.498
157 0 1 34.600 11.122 33.880 10.481
158 0 1 34.865 11.188 34.112 10.457
159 0 1 34.981 11.163 34.203 10.457
160 0 1 34.940 11.130 34.220 10.490
161 0 1 34.973 11.130 34.253 10.490
162 0 1 35.164 11.188 34.295 10.457
163 0 1 35.189 11.130 34.294 10.507
164 0 1 35.255 11.180 34.269 10.540
165 0 1 35.288 11.180 34.560 10.499
166 0 1 35.313 11.305 34.278 10.581
167 0 1 35.263 11.147 34.543 10.507
168 0 1 35.296 11.147 34.576 10.507
169 0 1 35.346 11.147 34.626 10.507
170 0 1 35.379 11.147 34.659 10.507
171 0 1 35.429 11.147 34.709 10.507
172 0 1 35.512 11.172 34.635 10.474
173 0 1 35.562 11.155 34.726 10.482
174 0 1 35.620 11.139 34.817 10.466
175 0 1 35.570 11.122 34.850 10.482
176 0 1 35.620 11.122 34.900 10.482
177 0 1 35.653 11.139 34.933 10.499
178 0 1 35.761 11.164 34.958 10.441
179 0 1 35.711 11.122 34.991 10.482
180 0 1 35.893 11.064 34.875 10.441
181 0 1 35.910 11.081 34.875 10.449
182 0 1 35.951 11.106 34.892 10.449
183 0 1 35.984 11.106 34.883 10.532
184 0 1 35.993 11.073 34.908 10.532
185 0 1 36.026 11.106 34.908 10.590
186 0 1 35.694 11.072 34.974 10.433
187 0 1 35.761 11.072 35.041 10.433
188 0 1 35.843 11.072 35.124 10.433
189 0 1 35.910 11.073 35.190 10.433
0 2 1 30.457 11.403 29.559 10.869
1 2 1 30.457 11.394 29.576 10.869
2 2 1 30.524 11.394 29.643 10.861
3 2 1 30.566 11.419 29.659 10.952
4 2 1 30.566 11.411 29.726 10.919
5 2 1 30.574 11.461 29.759 11.002
6 2 1 30.615 11.436 29.809 10.969
7 2 1 30.615 11.428 29.776 10.944
8 2 1 30.624 11.444 29.893 10.936
9 2 1 30.599 11.469 29.951 10.927
10 2 1 30.657 11.511 30.060 10.927
11 2 1 30.740 11.461 29.968 10.969
12 2 1 30.782 11.469 30.009 10.977
13 2 1 30.824 11.469 30.051 10.977
14 2 1 30.865 11.469 30.093 10.978
15 2 1 30.907 11.469 30.134 10.978
16 2 1 30.949 11.469 30.176 10.978
17 2 1 30.982 11.469 30.209 10.978
18 2 1 31.032 11.478 30.259 10.986
19 2 1 31.074 11.478 30.301 10.986
20 2 1 31.115 11.478 30.343 10.986
21 2 1 31.157 11.478 30.384 10.986
22 2 1 31.199 11.478 30.426 10.986
23 2 1 31.249 11.478 30.476 10.986
25 2 1 31.240 11.470 30.468 10.978
26 2 1 31.282 11.470 30.509 10.978
27 2 1 31.324 11.478 30.551 10.986
29 2 1 31.315 11.470 30.543 10.978
30 2 1 31.715 11.478 30.909 10.978
31 2 1 31.690 11.470 30.918 10.978
32 2 1 31.723 11.470 30.951 10.978
33 2 1 31.765 11.478 30.993 10.986
34 2 1 31.807 11.478 31.034 10.986
35 2 1 31.857 11.486 31.084 10.995
36 2 1 31.890 11.486 31.118 10.995
37 2 1 31.931 11.486 31.159 10.995
38 2 1 31.981 11.495 31.209 11.003
39 2 1 32.023 11.495 31.251 11.003
40 2 1 32.073 11.503 31.301 11.012
41 2 1 32.123 11.503 31.351 11.012
42 2 1 32.173 11.512 31.401 11.020
43 2 1 32.214 11.512 31.442 11.020
44 2 1 32.264 11.520 31.492 11.028
45 2 1 32.314 11.520 31.542 11.028
46 2 1 32.356 11.520 31.584 11.028
47 2 1 32.397 11.520 31.625 11.028
48 2 1 32.447 11.520 31.675 11.028
49 2 1 32.489 11.520 31.717 11.028
50 2 1 32.522 11.512 31.750 11.020
51 2 1 32.572 11.512 31.800 11.020
53 2 1 32.564 11.503 31.792 11.012
54 2 1 32.597 11.503 31.825 11.012
55 2 1 32.647 11.495 31.875 11.004
56 2 1 32.689 11.495 31.917 11.004
57 2 1 32.730 11.487 31.958 10.995
58 2 1 32.780 11.478 32.008 10.987
59 2 1 32.822 11.470 32.050 10.979
60 2 1 32.863 11.470 32.092 10.979
61 2 1 32.905 11.462 32.133 10.970
62 2 1 32.955 11.454 32.183 10.962
63 2 1 32.996 11.454 32.225 10.962
64 2 1 33.038 11.454 32.266 10.962
65 2 1 33.088 11.454 32.316 10.962
67 2 1 33.080 11.445 32.308 10.954
68 2 1 33.113 11.445 32.341 10.954
69 2 1 33.146 11.445 32.375 10.954
70 2 1 33.179 11.445 32.408 10.954
71 2 1 33.213 11.437 32.441 10.946
72 2 1 33.254 11.437 32.483 10.946
73 2 1 33.595 11.487 32.832 10.979
75 2 1 33.586 11.470 32.823 10.979
76 2 1 33.628 11.470 32.865 10.979
77 2 1 33.678 11.470 32.915 10.979
78 2 1 33.719 11.470 32.956 10.979
79 2 1 33.702 11.529 32.732 10.929
80 2 1 33.611 11.470 32.840 10.979
81 2 1 33.661 11.470 32.890 10.979
82 2 1 33.694 11.470 32.923 10.979
83 2 1 33.727 11.504 33.181 10.979
84 2 1 33.761 11.512 33.272 10.980
85 2 1 33.877 11.487 33.139 10.996
86 2 1 33.835 11.504 33.397 10.980
87 2 1 33.877 11.487 33.405 10.971
88 2 1 33.919 11.504 33.422 10.955
89 2 1 34.002 11.504 33.438 10.980
90 2 1 34.060 11.479 33.372 10.988
91 2 1 34.093 11.479 33.405 10.988
92 2 1 34.134 11.471 33.447 10.980
93 2 1 34.193 11.471 33.521 10.988
94 2 1 34.193 11.471 33.513 10.988
95 2 1 34.234 11.462 33.555 10.980
96 2 1 34.284 11.471 33.604 10.988
97 2 1 34.325 11.462 33.646 10.980
98 2 1 34.359 11.462 33.679 10.980
99 2 1 34.392 11.454 33.712 10.971
100 2 1 34.433 11.437 33.754 10.955
101 2 1 34.458 11.437 33.920 10.905
102 2 1 34.516 11.413 33.845 10.930
103 2 1 34.525 11.413 34.053 10.947
104 2 1 34.616 11.413 33.953 10.938
105 2 1 34.591 11.413 34.103 10.872
106 2 1 34.657 11.462 34.070 10.806
107 2 1 34.724 11.462 34.078 10.789
108 2 1 34.716 11.363 34.070 10.889
109 2 1 34.923 11.454 34.037 10.797
110 2 1 34.741 11.354 34.094 10.880
111 2 1 34.774 11.354 34.128 10.880
112 2 1 34.807 11.363 34.161 10.889
113 2 1 34.840 11.363 34.194 10.889
114 2 1 34.882 11.363 34.235 10.889
115 2 1 34.923 11.363 34.277 10.889
116 2 1 34.964 11.363 34.318 10.889
117 2 1 35.006 11.379 34.360 10.905
119 2 1 35.064 11.454 34.559 10.972
120 2 1 35.122 11.438 34.484 10.964
121 2 1 35.155 11.446 34.517 10.972
122 2 1 35.188 11.446 34.551 10.972
123 2 1 35.321 11.479 34.683 10.955
124 2 1 35.313 11.454 34.675 10.980
125 2 1 35.478 11.546 34.650 10.906
126 2 1 35.569 11.521 34.667 10.914
127 2 1 35.619 11.554 34.675 10.955
128 2 1 35.685 11.579 34.658 10.939
129 2 1 35.619 11.471 34.683 10.989
130 2 1 35.669 11.454 34.940 10.939
131 2 1 35.611 11.430 34.974 10.956
132 2 1 35.661 11.430 35.023 10.956
133 2 1 35.702 11.430 35.065 10.956
134 2 1 35.752 11.430 35.114 10.956
135 2 1 35.793 11.421 35.156 10.947
136 2 1 35.835 11.421 35.197 10.948
137 2 1 35.802 11.463 35.247 10.981
138 2 1 35.860 11.455 35.313 10.948
139 2 1 35.901 11.479 35.405 10.939
140 2 1 36.017 11.513 35.338 10.906
141 2 1 36.034 11.488 35.347 10.906
143 2 1 36.067 11.438 35.454 10.964
144 2 1 36.265 11.455 35.396 10.973
145 2 1 36.232 11.455 35.545 10.973
146 2 1 36.423 11.471 35.405 10.948
147 2 1 36.282 11.438 35.570 10.973
148 2 1 36.340 11.463 35.678 10.964
149 2 1 36.357 11.446 35.694 10.981
150 2 1 36.398 11.438 35.810 10.973
151 2 1 36.390 11.438 35.769 10.965
152 2 1 36.456 11.455 35.893 10.965
153 2 1 36.497 11.446 35.844 10.956
154 2 1 36.530 11.463 35.918 10.940
155 2 1 36.605 11.463 35.993 10.965
156 2 1 36.663 11.463 36.018 10.857
157 2 1 36.688 11.447 36.067 10.824
158 2 1 36.696 11.455 36.133 10.907
159 2 1 36.861 11.463 36.134 10.815
160 2 1 36.936 11.438 36.134 10.799
161 2 1 37.052 11.380 36.109 10.799
162 2 1 37.010 11.397 36.084 10.749
163 2 1 36.671 11.372 36.084 10.907
164 2 1 37.060 11.372 36.382 10.907
165 2 1 37.002 11.364 36.415 10.899
166 2 1 37.044 11.355 36.456 10.890
167 2 1 37.093 11.355 36.506 10.890
168 2 1 37.143 11.355 36.556 10.890
169 2 1 37.192 11.347 36.605 10.882
170 2 1 37.242 11.331 36.655 10.866
171 2 1 37.292 11.322 36.705 10.857
172 2 1 37.333 11.322 36.746 10.857
173 2 1 37.366 11.314 36.779 10.849
174 2 1 37.565 11.364 36.738 10.749
175 2 1 37.490 11.356 36.895 10.832
176 2 1 37.523 11.339 36.903 10.891
177 2 1 37.498 11.339 36.911 10.882
178 2 1 37.622 11.372 36.953 10.882
179 2 1 37.573 11.347 36.986 10.891
180 2 1 37.606 11.347 37.019 10.891
181 2 1 37.895 11.289 36.812 10.741
182 2 1 37.945 11.281 36.870 10.766
183 2 1 37.870 11.289 36.845 10.791
184 2 1 37.928 11.289 36.903 10.741
185 2 1 37.614 11.314 37.027 10.857
186 2 1 37.903 11.339 37.151 10.899
187 2 1 37.961 11.347 37.259 10.841
188 2 1 37.895 11.314 37.308 10.866
189 2 1 37.936 11.314 37.350 10.866
142 2 1 36.075 11.471 35.463 10.948
0 3 1 29.642 12.412 28.945 11.694
1 3 1 29.667 12.437 28.936 11.686
2 3 1 29.817 12.504 28.979 11.619
3 3 1 29.900 12.512 28.912 11.627
4 3 1 29.850 12.504 28.953 11.636
5 3 1 29.892 12.495 28.995 11.627
6 3 1 29.951 12.487 29.054 11.619
7 3 1 30.017 12.520 29.054 11.611
8 3 1 29.992 12.504 29.079 11.627
9 3 1 30.034 12.504 29.121 11.627
10 3 1 30.227 12.378 28.886 11.761
11 3 1 30.159 12.587 29.262 11.694
12 3 1 30.192 12.545 29.212 11.728
13 3 1 30.234 12.537 29.254 11.719
14 3 1 30.293 12.529 29.312 11.711
15 3 1 30.318 12.537 29.337 11.719
16 3 1 30.376 12.529 29.396 11.711
17 3 1 30.401 12.520 29.421 11.703
18 3 1 30.443 12.512 29.463 11.694
19 3 1 30.485 12.520 29.504 11.703
20 3 1 30.526 12.512 29.546 11.694
21 3 1 30.794 12.470 29.813 11.661
22 3 1 30.785 12.470 29.805 11.661
23 3 1 30.827 12.470 29.847 11.661
24 3 1 30.852 12.453 29.872 11.644
25 3 1 30.910 12.470 29.930 11.661
26 3 1 30.952 12.453 29.972 11.644
27 3 1 30.994 12.453 30.014 11.644
28 3 1 31.036 12.453 30.056 11.644
29 3 1 31.077 12.453 30.097 11.644
30 3 1 31.119 12.453 30.139 11.644
31 3 1 31.177 12.437 30.197 11.628
32 3 1 31.202 12.437 30.222 11.628
33 3 1 31.261 12.437 30.281 11.628
34 3 1 31.286 12.437 30.306 11.628
35 3 1 31.328 12.437 30.348 11.628
36 3 1 31.353 12.437 30.373 11.628
37 3 1 31.394 12.437 30.414 11.628
38 3 1 31.619 12.378 30.231 11.611
39 3 1 31.428 12.395 30.414 11.594
40 3 1 31.469 12.403 30.456 11.603
41 3 1 31.711 12.437 30.248 11.611
42 3 1 31.503 12.420 30.456 11.619
43 3 1 31.544 12.428 30.498 11.628
44 3 1 31.586 12.420 30.539 11.619
45 3 1 31.644 12.428 30.598 11.628
46 3 1 31.669 12.420 30.623 11.619
47 3 1 31.728 12.428 30.681 11.628
48 3 1 31.753 12.420 30.706 11.619
49 3 1 31.794 12.428 30.748 11.628
50 3 1 31.836 12.420 30.790 11.619
51 3 1 31.878 12.428 30.831 11.628
52 3 1 31.903 12.420 30.856 11.619
53 3 1 31.944 12.428 30.898 11.628
54 3 1 31.969 12.437 30.923 11.636
55 3 1 32.011 12.445 30.965 11.644
56 3 1 32.052 12.437 31.006 11.636
57 3 1 32.094 12.445 31.048 11.645
58 3 1 32.136 12.436 31.090 11.636
59 3 1 32.177 12.445 31.131 11.645
60 3 1 32.219 12.436 31.173 11.636
61 3 1 32.277 12.428 31.231 11.628
62 3 1 32.319 12.420 31.273 11.620
63 3 1 32.361 12.411 31.315 11.611
64 3 1 32.386 12.403 31.340 11.603
65 3 1 32.444 12.395 31.398 11.595
66 3 1 32.469 12.386 31.423 11.586
67 3 1 32.511 12.395 31.465 11.595
68 3 1 32.536 12.386 31.490 11.586
69 3 1 32.594 12.395 31.548 11.595
70 3 1 32.619 12.386 31.573 11.586
71 3 1 32.660 12.395 31.615 11.595
72 3 1 32.685 12.386 31.640 11.586
73 3 1 32.744 12.395 31.698 11.595
74 3 1 32.785 12.403 31.739 11.603
75 3 1 32.827 12.411 31.781 11.611
76 3 1 32.868 12.403 31.823 11.603
77 3 1 32.910 12.411 31.864 11.611
78 3 1 32.952 12.420 31.906 11.620
79 3 1 32.993 12.428 31.947 11.628
80 3 1 33.035 12.420 31.989 11.620
81 3 1 33.076 12.428 32.031 11.628
82 3 1 33.101 12.420 32.056 11.620
83 3 1 33.143 12.428 32.097 11.628
84 3 1 33.184 12.420 32.139 11.620
85 3 1 33.084 12.503 32.480 11.695
86 3 1 33.159 12.503 32.555 11.736
87 3 1 33.209 12.411 32.164 11.611
88 3 1 33.234 12.420 32.189 11.620
89 3 1 33.276 12.428 32.230 11.628
90 3 1 33.318 12.420 32.272 11.620
91 3 1 33.359 12.428 32.314 11.628
92 3 1 33.384 12.420 32.339 11.620
93 3 1 33.442 12.428 32.397 11.628
94 3 1 33.484 12.403 32.439 11.603
95 3 1 33.542 12.411 32.497 11.612
96 3 1 33.875 12.403 32.846 11.670
97 3 1 33.634 12.411 32.962 11.662
98 3 1 33.850 12.419 32.813 11.637
99 3 1 33.891 12.411 32.854 11.628
100 3 1 33.924 12.419 32.888 11.637
101 3 1 33.958 12.428 32.921 11.645
102 3 1 34.007 12.436 32.971 11.653
103 3 1 33.949 12.386 33.020 11.778
104 3 1 33.999 12.461 32.971 11.695
105 3 1 34.041 12.469 33.012 11.703
106 3 1 34.107 12.386 33.103 11.745
107 3 1 34.190 12.403 33.137 11.737
108 3 1 34.207 12.419 33.195 11.745
109 3 1 34.265 12.436 33.195 11.745
110 3 1 34.282 12.453 33.295 11.737
111 3 1 34.365 12.469 33.369 11.745
112 3 1 34.381 12.478 33.419 11.770
113 3 1 34.356 12.511 33.461 11.778
114 3 1 34.323 12.561 33.743 11.778
115 3 1 34.340 12.544 33.710 11.728
116 3 1 34.406 12.553 33.777 11.737
117 3 1 34.373 12.469 33.394 11.753
118 3 1 34.414 12.478 33.436 11.762
119 3 1 34.456 12.486 33.477 11.770
120 3 1 34.481 12.478 33.502 11.762
121 3 1 34.522 12.486 33.544 11.770
122 3 1 34.547 12.494 33.569 11.778
123 3 1 34.904 12.486 34.042 11.787
124 3 1 34.946 12.486 33.984 11.778
125 3 1 35.054 12.519 33.918 11.820
126 3 1 35.004 12.486 34.051 11.820
127 3 1 35.012 12.494 34.059 11.828
128 3 1 35.087 12.519 34.100 11.787
129 3 1 35.120 12.502 34.159 11.812
130 3 1 35.145 12.494 34.183 11.837
131 3 1 35.162 12.519 34.250 11.787
132 3 1 35.170 12.477 34.291 11.803
133 3 1 35.203 12.502 34.358 11.803
134 3 1 35.278 12.494 34.424 11.803
135 3 1 35.303 12.486 34.524 11.812
136 3 1 35.327 12.544 34.706 11.795
137 3 1 35.386 12.502 34.582 11.803
138 3 1 35.460 12.527 34.549 11.812
139 3 1 35.477 12.511 34.657 11.820
140 3 1 35.527 12.519 34.623 11.837
141 3 1 35.601 12.519 34.632 11.828
143 3 1 35.726 12.511 34.715 11.845
144 3 1 35.734 12.535 34.665 11.853
145 3 1 35.792 12.511 34.690 11.853
146 3 1 35.751 12.519 34.814 11.837
147 3 1 35.775 12.569 35.055 11.779
148 3 1 35.800 12.594 35.030 11.795
149 3 1 35.800 12.594 35.063 11.795
150 3 1 35.850 12.594 35.154 11.779
151 3 1 35.867 12.585 35.204 11.795
152 3 1 35.825 12.494 34.939 11.837
153 3 1 35.858 12.494 34.972 11.837
154 3 1 35.892 12.494 35.005 11.837
155 3 1 35.925 12.494 35.038 11.837
156 3 1 36.289 12.510 35.436 11.845
157 3 1 36.231 12.544 35.295 11.862
158 3 1 36.173 12.602 35.594 11.787
159 3 1 36.372 12.535 35.403 11.828
160 3 1 36.455 12.535 35.428 11.820
161 3 1 36.397 12.519 35.411 11.828
162 3 1 36.397 12.685 35.619 11.729
163 3 1 36.331 12.494 35.453 11.837
164 3 1 36.372 12.494 35.494 11.837
165 3 1 36.472 12.544 35.760 11.737
166 3 1 36.762 12.485 35.942 11.820
167 3 1 36.596 12.444 35.768 11.704
168 3 1 36.621 12.494 35.868 11.704
169 3 1 36.629 12.477 35.926 11.704
170 3 1 36.704 12.444 36.025 11.729
171 3 1 36.878 12.419 36.141 11.804
172 3 1 36.753 12.477 36.091 11.696
173 3 1 36.778 12.502 36.066 11.704
174 3 1 36.869 12.460 36.108 11.687
175 3 1 36.911 12.485 36.124 11.696
176 3 1 36.994 12.435 36.149 11.687
177 3 1 37.018 12.460 36.174 11.712
178 3 1 37.002 12.402 36.174 11.754
179 3 1 37.043 12.410 36.215 11.762
180 3 1 37.217 12.485 36.099 11.770
181 3 1 37.242 12.394 36.116 11.770
182 3 1 37.076 12.402 36.249 11.754
183 3 1 37.242 12.493 36.381 11.696
184 3 1 37.292 12.502 36.530 11.679
185 3 1 37.507 12.435 36.315 11.804
186 3 1 37.432 12.402 36.613 11.779
187 3 1 37.366 12.510 36.638 11.696
188 3 1 37.457 12.502 36.688 11.696
189 3 1 37.498 12.535 36.754 11.746
142 3 1 35.668 12.544 34.640 11.820
0 5 1 28.440 13.416 27.423 12.764
1 5 1 28.473 13.433 27.406 12.755
2 5 1 28.490 13.433 27.423 12.755
3 5 1 28.524 13.416 27.457 12.739
4 5 1 28.540 13.416 27.474 12.739
5 5 1 28.549 13.416 27.482 12.739
6 5 1 28.591 13.416 27.524 12.739
7 5 1 28.624 13.416 27.557 12.739
8 5 1 28.674 13.416 27.608 12.739
9 5 1 28.691 13.416 27.624 12.739
10 5 1 28.725 13.416 27.658 12.739
11 5 1 28.758 13.416 27.691 12.739
12 5 1 28.808 13.416 27.742 12.739
13 5 1 28.825 13.399 27.758 12.722
14 5 1 28.867 13.399 27.800 12.722
15 5 1 28.909 13.399 27.842 12.722
16 5 1 28.926 13.382 27.859 12.705
17 5 1 28.959 13.382 27.892 12.705
18 5 1 29.009 13.382 27.943 12.705
19 5 1 29.043 13.382 27.976 12.705
20 5 1 29.068 13.382 28.001 12.705
21 5 1 29.126 13.365 28.060 12.688
22 5 1 29.160 13.365 28.093 12.688
23 5 1 29.202 13.348 28.135 12.672
24 5 1 29.244 13.348 28.177 12.671
25 5 1 29.294 13.348 28.228 12.671
26 5 1 29.344 13.348 28.278 12.671
27 5 1 29.377 13.348 28.311 12.671
28 5 1 29.411 13.348 28.345 12.671
29 5 1 29.461 13.348 28.395 12.671
30 5 1 29.495 13.348 28.428 12.671
31 5 1 29.528 13.348 28.462 12.671
32 5 1 29.553 13.331 28.487 12.655
33 5 1 29.595 13.331 28.529 12.655
34 5 1 29.628 13.331 28.562 12.655
35 5 1 29.678 13.348 28.612 12.671
36 5 1 29.712 13.348 28.646 12.671
37 5 1 29.745 13.348 28.679 12.671
38 5 1 29.795 13.348 28.729 12.671
39 5 1 29.829 13.348 28.763 12.671
40 5 1 29.862 13.348 28.796 12.671
41 5 1 29.912 13.348 28.847 12.671
42 5 1 29.946 13.348 28.880 12.671
43 5 1 29.963 13.348 28.897 12.671
44 5 1 29.988 13.348 28.922 12.671
45 5 1 30.046 13.348 28.980 12.671
46 5 1 30.096 13.364 29.030 12.688
47 5 1 30.121 13.364 29.055 12.688
48 5 1 30.146 13.364 29.081 12.688
49 5 1 30.196 13.364 29.131 12.688
50 5 1 30.205 13.364 29.139 12.688
51 5 1 30.246 13.364 29.181 12.688
52 5 1 30.263 13.364 29.198 12.688
53 5 1 30.288 13.364 29.223 12.688
54 5 1 30.330 13.364 29.264 12.688
55 5 1 30.363 13.364 29.298 12.688
56 5 1 30.414 13.364 29.348 12.688
57 5 1 30.447 13.364 29.381 12.688
58 5 1 30.480 13.364 29.415 12.688
59 5 1 30.505 13.364 29.440 12.688
60 5 1 30.564 13.347 29.499 12.671
61 5 1 30.597 13.347 29.532 12.671
62 5 1 30.639 13.347 29.574 12.671
63 5 1 30.697 13.347 29.632 12.671
64 5 1 30.748 13.347 29.682 12.671
65 5 1 30.789 13.347 29.724 12.671
66 5 1 30.831 13.347 29.766 12.671
67 5 1 30.864 13.347 29.799 12.671
68 5 1 30.915 13.347 29.849 12.671
69 5 1 30.948 13.347 29.883 12.671
70 5 1 30.981 13.347 29.916 12.671
71 5 1 31.006 13.347 29.941 12.671
72 5 1 31.048 13.364 29.983 12.688
73 5 1 31.081 13.364 30.016 12.688
74 5 1 31.131 13.364 30.066 12.687
75 5 1 31.165 13.380 30.100 12.704
76 5 1 31.215 13.380 30.150 12.704
77 5 1 31.240 13.380 30.175 12.704
78 5 1 31.298 13.380 30.233 12.704
79 5 1 31.332 13.380 30.267 12.704
80 5 1 31.357 13.380 30.292 12.704
81 5 1 31.415 13.380 30.350 12.704
82 5 1 31.465 13.380 30.400 12.704
83 5 1 31.507 13.397 30.442 12.721
84 5 1 31.565 13.397 30.500 12.721
85 5 1 31.557 13.397 30.492 12.721
86 5 1 31.573 13.413 30.509 12.737
87 5 1 31.615 13.413 30.550 12.737
88 5 1 31.632 13.413 30.567 12.737
89 5 1 31.657 13.413 30.592 12.737
90 5 1 31.698 13.413 30.634 12.737
91 5 1 31.732 13.413 30.667 12.737
92 5 1 31.757 13.430 30.692 12.754
93 5 1 31.798 13.430 30.734 12.754
94 5 1 31.848 13.430 30.784 12.754
95 5 1 31.873 13.430 30.809 12.754
96 5 1 31.932 13.413 30.867 12.737
97 5 1 31.957 13.413 30.892 12.737
98 5 1 31.990 13.413 30.926 12.737
99 5 1 32.049 13.413 30.984 12.737
100 5 1 32.099 13.396 31.034 12.721
101 5 1 32.140 13.396 31.076 12.720
102 5 1 32.199 13.396 31.134 12.720
103 5 1 32.224 13.396 31.159 12.720
104 5 1 32.282 13.396 31.218 12.720
105 5 1 32.315 13.396 31.251 12.720
106 5 1 32.349 13.396 31.285 12.720
107 5 1 32.374 13.413 31.309 12.737
108 5 1 32.415 13.413 31.351 12.737
109 5 1 32.465 13.413 31.401 12.737
110 5 1 32.490 13.413 31.426 12.737
111 5 1 32.532 13.429 31.468 12.754
112 5 1 32.582 13.429 31.518 12.754
113 5 1 32.607 13.429 31.543 12.754
114 5 1 32.648 13.429 31.585 12.754
115 5 1 32.698 13.429 31.635 12.754
116 5 1 32.723 13.429 31.660 12.754
117 5 1 32.782 13.429 31.718 12.754
118 5 1 32.832 13.429 31.768 12.754
119 5 1 32.873 13.446 31.809 12.770
120 5 1 32.931 13.446 31.868 12.770
121 5 1 32.956 13.446 31.893 12.770
122 5 1 32.956 13.446 31.893 12.770
123 5 1 32.998 13.446 31.934 12.770
124 5 1 33.031 13.445 31.968 12.770
125 5 1 33.081 13.429 32.018 12.753
126 5 1 33.115 13.429 32.051 12.753
127 5 1 33.148 13.429 32.084 12.753
128 5 1 33.173 13.429 32.109 12.753
129 5 1 33.215 13.412 32.151 12.737
130 5 1 33.248 13.412 32.185 12.737
131 5 1 33.298 13.412 32.235 12.737
132 5 1 33.331 13.412 32.268 12.737
133 5 1 33.381 13.412 32.318 12.737
134 5 1 33.406 13.412 32.343 12.737
135 5 1 33.464 13.412 32.401 12.737
136 5 1 33.514 13.395 32.451 12.720
137 5 1 33.556 13.395 32.493 12.720
138 5 1 33.614 13.378 32.551 12.703
139 5 1 33.664 13.378 32.601 12.703
140 5 1 33.664 13.403 32.601 12.728
141 5 1 33.731 13.395 32.668 12.720
143 5 1 33.780 13.395 32.718 12.720
144 5 1 33.830 13.395 32.767 12.720
145 5 1 33.880 13.395 32.817 12.720
146 5 1 33.880 13.395 32.817 12.720
147 5 1 33.963 13.395 32.901 12.720
148 5 1 34.005 13.395 32.942 12.720
149 5 1 34.080 13.395 33.017 12.720
150 5 1 34.088 13.395 33.034 12.720
151 5 1 34.121 13.395 33.067 12.720
152 5 1 34.163 13.394 33.109 12.720
153 5 1 34.221 13.394 33.167 12.720
154 5 1 34.254 13.394 33.200 12.720
155 5 1 34.304 13.411 33.250 12.745
156 5 1 34.338 13.411 33.283 12.745
157 5 1 34.371 13.428 33.316 12.761
158 5 1 34.404 13.436 33.350 12.770
159 5 1 34.437 13.444 33.383 12.778
160 5 1 34.470 13.444 33.416 12.778
161 5 1 34.504 13.444 33.450 12.778
162 5 1 34.554 13.461 33.499 12.795
163 5 1 34.587 13.461 33.533 12.795
164 5 1 34.620 13.461 33.574 12.803
165 5 1 34.670 13.452 33.624 12.794
166 5 1 34.703 13.452 33.657 12.794
167 5 1 34.736 13.452 33.691 12.794
168 5 1 34.786 13.452 33.741 12.794
169 5 1 34.819 13.452 33.774 12.794
170 5 1 34.861 13.469 33.815 12.811
171 5 1 34.919 13.469 33.874 12.811
172 5 1 34.952 13.469 33.907 12.811
173 5 1 35.002 13.469 33.957 12.811
174 5 1 35.035 13.452 33.990 12.794
175 5 1 35.085 13.435 34.040 12.778
176 5 1 35.127 13.435 34.081 12.778
177 5 1 35.168 13.452 34.123 12.794
178 5 1 35.202 13.452 34.156 12.794
179 5 1 35.235 13.452 34.189 12.794
180 5 1 35.268 13.452 34.223 12.794
181 5 1 35.318 13.452 34.272 12.794
182 5 1 35.343 13.469 34.297 12.811
183 5 1 35.401 13.469 34.356 12.811
184 5 1 35.434 13.468 34.389 12.811
185 5 1 35.484 13.485 34.439 12.827
186 5 1 35.517 13.485 34.472 12.827
187 5 1 35.567 13.485 34.522 12.827
188 5 1 35.592 13.485 34.547 12.827
189 5 1 35.633 13.485 34.588 12.827
142 5 1 33.756 13.395 32.693 12.720
0 6 1 28.186 12.613 27.178 11.986
1 6 1 28.219 12.630 27.161 11.978
2 6 1 28.261 12.621 27.203 11.969
3 6 1 28.286 12.613 27.228 11.961
4 6 1 28.345 12.621 27.287 11.969
5 6 1 28.362 12.613 27.304 11.961
6 6 1 28.471 12.605 27.345 12.053
7 6 1 28.454 12.579 27.370 12.036
8 6 1 28.454 12.588 27.362 12.028
9 6 1 28.337 12.546 27.579 12.036
10 6 1 28.454 12.563 27.462 12.020
11 6 1 28.488 12.563 27.496 12.020
12 6 1 28.463 12.513 27.772 11.986
13 6 1 28.413 12.529 27.797 11.986
14 6 1 28.530 12.521 27.672 11.986
15 6 1 28.563 12.513 27.705 11.978
16 6 1 28.597 12.504 27.739 11.969
17 6 1 28.630 12.513 27.772 11.978
18 6 1 28.680 12.504 27.822 11.969
19 6 1 28.697 12.496 27.839 11.961
20 6 1 28.747 12.487 27.889 11.953
21 6 1 28.781 12.496 27.923 11.961
22 6 1 29.032 12.479 28.023 12.028
23 6 1 28.956 12.512 28.082 11.995
24 6 1 28.990 12.504 28.115 11.986
25 6 1 29.040 12.496 28.165 11.978
26 6 1 29.073 12.504 28.199 11.986
27 6 1 29.107 12.496 28.232 11.978
28 6 1 29.032 12.479 28.116 11.878
29 6 1 29.048 12.471 28.199 11.886
30 6 1 29.048 12.479 28.291 11.911
31 6 1 29.157 12.454 28.509 11.928
32 6 1 29.174 12.454 28.601 11.894
33 6 1 29.199 12.454 28.601 11.878
34 6 1 29.291 12.429 28.500 11.903
35 6 1 29.325 12.429 28.534 11.903
36 6 1 29.366 12.437 28.576 11.911
37 6 1 29.400 12.437 28.609 11.911
38 6 1 29.600 12.454 28.717 11.995
39 6 1 29.541 12.479 28.751 11.961
40 6 1 29.583 12.479 28.793 11.961
41 6 1 29.625 12.479 28.834 11.961
42 6 1 29.667 12.487 28.876 11.970
43 6 1 29.717 12.479 28.926 11.961
44 6 1 29.759 12.495 28.968 11.978
45 6 1 29.809 12.495 29.018 11.978
46 6 1 29.850 12.504 29.060 11.986
47 6 1 29.892 12.495 29.102 11.978
48 6 1 29.934 12.504 29.143 11.986
49 6 1 29.967 12.504 29.177 11.986
50 6 1 30.001 12.504 29.210 11.986
51 6 1 30.026 12.504 29.235 11.986
53 6 1 30.017 12.495 29.227 11.978
54 6 1 30.051 12.504 29.260 11.986
55 6 1 30.084 12.495 29.294 11.978
56 6 1 30.126 12.504 29.336 11.986
57 6 1 30.159 12.504 29.369 11.986
58 6 1 30.201 12.504 29.411 11.986
59 6 1 30.234 12.504 29.444 11.986
60 6 1 30.276 12.504 29.486 11.986
61 6 1 30.318 12.504 29.528 11.986
62 6 1 30.360 12.504 29.569 11.986
63 6 1 30.410 12.504 29.620 11.986
64 6 1 30.451 12.504 29.661 11.986
65 6 1 30.493 12.504 29.703 11.986
66 6 1 30.535 12.504 29.745 11.986
67 6 1 30.577 12.504 29.787 11.986
68 6 1 30.610 12.504 29.820 11.986
69 6 1 30.643 12.504 29.853 11.986
70 6 1 30.685 12.504 29.895 11.986
71 6 1 30.718 12.504 29.928 11.986
72 6 1 30.752 12.504 29.962 11.986
73 6 1 30.785 12.512 29.995 11.995
74 6 1 30.818 12.520 30.028 12.003
75 6 1 30.860 12.512 30.070 11.995
76 6 1 30.894 12.520 30.104 12.003
77 6 1 30.927 12.512 30.137 11.995
78 6 1 30.969 12.520 30.179 12.003
79 6 1 31.010 12.520 30.220 12.003
80 6 1 31.052 12.520 30.262 12.003
81 6 1 31.094 12.529 30.304 12.011
82 6 1 31.135 12.537 30.346 12.020
83 6 1 31.177 12.537 30.387 12.020
84 6 1 31.219 12.537 30.429 12.020
85 6 1 31.260 12.537 30.471 12.020
86 6 1 31.294 12.537 30.504 12.020
87 6 1 31.335 12.537 30.546 12.020
88 6 1 31.302 12.604 30.679 12.103
89 6 1 31.377 12.604 30.595 12.095
90 6 1 31.410 12.604 30.629 12.095
91 6 1 31.443 12.604 30.662 12.095
92 6 1 31.477 12.603 30.695 12.095
93 6 1 31.510 12.603 30.729 12.095
94 6 1 31.552 12.612 30.770 12.103
95 6 1 31.593 12.612 30.812 12.103
96 6 1 31.627 12.612 30.846 12.103
97 6 1 31.660 12.612 30.879 12.103
98 6 1 31.693 12.612 30.912 12.103
99 6 1 31.727 12.612 30.946 12.103
100 6 1 31.777 12.603 30.996 12.095
102 6 1 31.769 12.595 30.987 12.086
103 6 1 31.810 12.595 31.029 12.086
104 6 1 31.860 12.587 31.079 12.078
105 6 1 31.902 12.587 31.121 12.078
106 6 1 31.952 12.578 31.171 12.070
107 6 1 32.002 12.562 31.221 12.053
108 6 1 32.044 12.553 31.263 12.045
110 6 1 32.035 12.545 31.254 12.036
111 6 1 32.377 12.495 31.580 11.995
112 6 1 32.360 12.495 31.580 11.995
113 6 1 32.402 12.495 31.621 11.995
114 6 1 32.444 12.486 31.663 11.986
115 6 1 32.477 12.495 31.696 11.995
116 6 1 32.510 12.486 31.729 11.986
117 6 1 32.560 12.486 31.779 11.986
118 6 1 32.602 12.486 31.821 11.986
119 6 1 32.652 12.486 31.871 11.986
120 6 1 32.693 12.486 31.913 11.986
121 6 1 32.735 12.486 31.954 11.986
122 6 1 32.785 12.486 32.004 11.986
123 6 1 32.827 12.486 32.046 11.986
124 6 1 32.860 12.486 32.079 11.986
125 6 1 32.901 12.495 32.121 11.995
126 6 1 32.951 12.486 32.171 11.986
127 6 1 32.968 12.511 32.187 12.011
129 6 1 32.960 12.503 32.179 12.003
130 6 1 32.993 12.503 32.212 12.003
131 6 1 33.034 12.503 32.254 12.003
132 6 1 33.076 12.503 32.296 12.003
133 6 1 33.109 12.503 32.329 12.003
134 6 1 33.151 12.495 32.371 11.995
135 6 1 33.201 12.486 32.421 11.986
136 6 1 33.242 12.486 32.462 11.986
137 6 1 33.276 12.478 32.495 11.978
138 6 1 33.317 12.470 32.537 11.970
139 6 1 33.376 12.470 32.595 11.970
140 6 1 33.417 12.461 32.637 11.961
141 6 1 33.417 12.453 32.404 11.978
143 6 1 33.467 12.411 32.579 11.886
144 6 1 33.442 12.445 32.646 11.895
145 6 1 33.434 12.411 32.645 11.920
146 6 1 33.476 12.403 32.687 11.911
147 6 1 33.501 12.395 32.712 11.903
149 6 1 33.841 12.403 32.995 11.895
150 6 1 33.800 12.394 33.011 11.903
151 6 1 33.833 12.394 33.045 11.903
152 6 1 33.866 12.394 33.078 11.903
153 6 1 33.908 12.394 33.120 11.903
154 6 1 33.941 12.394 33.153 11.903
155 6 1 33.983 12.394 33.194 11.903
156 6 1 34.024 12.403 33.236 11.911
157 6 1 34.140 12.486 33.053 11.961
158 6 1 34.057 12.394 33.269 11.903
159 6 1 34.182 12.453 33.119 11.986
160 6 1 34.091 12.386 33.303 11.895
161 6 1 34.132 12.386 33.344 11.895
162 6 1 34.174 12.394 33.386 11.903
163 6 1 34.215 12.394 33.427 11.903
164 6 1 34.249 12.394 33.460 11.903
165 6 1 34.282 12.394 33.494 11.903
166 6 1 34.315 12.403 33.527 11.911
167 6 1 34.340 12.403 33.552 11.911
168 6 1 34.373 12.419 33.585 11.928
170 6 1 34.365 12.411 33.577 11.920
171 6 1 34.697 12.519 33.859 11.961
172 6 1 34.664 12.486 33.876 11.995
173 6 1 34.829 12.594 33.693 11.986
174 6 1 34.688 12.478 33.901 11.986
175 6 1 34.722 12.478 33.934 11.986
176 6 1 34.763 12.486 33.975 11.995
177 6 1 34.805 12.486 34.017 11.995
178 6 1 34.846 12.486 34.058 11.995
179 6 1 34.888 12.494 34.100 12.003
180 6 1 34.929 12.494 34.141 12.003
181 6 1 34.971 12.502 34.183 12.011
182 6 1 35.020 12.511 34.233 12.020
183 6 1 35.062 12.511 34.274 12.020
184 6 1 35.070 12.702 34.250 11.920
185 6 1 35.087 12.494 34.299 12.003
186 6 1 35.120 12.494 34.332 12.003
187 6 1 35.153 12.494 34.366 12.003
188 6 1 35.186 12.494 34.399 12.003
189 6 1 35.220 12.494 34.432 12.003
142 6 1 33.409 12.445 32.454 11.953
0 9 1 27.601 10.159 27.030 9.408
1 9 1 27.618 10.184 27.022 9.400
2 9 1 27.660 10.184 27.064 9.400
3 9 1 27.776 10.301 26.972 9.358
4 9 1 27.927 10.276 26.997 9.408
5 9 1 27.918 10.251 27.014 9.400
6 9 1 27.935 10.234 27.030 9.417
7 9 1 27.986 10.209 27.080 9.450
8 9 1 28.069 10.209 27.189 9.425
9 9 1 28.111 10.209 27.264 9.425
10 9 1 27.994 10.159 27.347 9.500
11 9 1 28.078 10.159 27.481 9.459
12 9 1 27.986 10.184 27.515 9.467
13 9 1 28.170 10.143 27.615 9.468
14 9 1 28.212 10.151 27.614 9.534
15 9 1 28.237 10.151 27.623 9.509
16 9 1 28.286 10.193 27.573 9.459
17 9 1 28.454 10.143 27.740 9.534
18 9 1 28.637 10.177 27.631 9.518
19 9 1 28.696 10.168 27.631 9.534
20 9 1 28.712 10.185 27.664 9.559
21 9 1 28.754 10.193 27.706 9.568
22 9 1 28.804 10.243 27.798 9.543
23 9 1 28.812 10.235 27.823 9.576
24 9 1 28.721 10.202 27.973 9.593
25 9 1 28.746 10.185 28.032 9.551
26 9 1 28.862 10.260 28.124 9.560
27 9 1 28.895 10.277 28.149 9.585
28 9 1 28.804 10.260 28.266 9.560
29 9 1 28.970 10.335 28.232 9.543
30 9 1 28.978 10.385 28.249 9.510
31 9 1 28.978 10.344 28.282 9.552
32 9 1 29.053 10.360 28.291 9.535
33 9 1 29.220 10.335 28.308 9.552
34 9 1 29.271 10.327 28.349 9.544
35 9 1 29.345 10.361 28.399 9.552
36 9 1 29.404 10.344 28.416 9.552
37 9 1 29.362 10.336 28.408 9.544
38 9 1 29.396 10.319 28.466 9.552
39 9 1 29.379 10.311 28.516 9.560
40 9 1 29.387 10.377 28.600 9.544
41 9 1 29.437 10.361 28.658 9.544
42 9 1 29.379 10.252 28.808 9.611
43 9 1 29.438 10.219 28.883 9.594
44 9 1 29.505 10.236 28.800 9.586
45 9 1 29.555 10.203 29.042 9.595
46 9 1 29.638 10.219 28.942 9.578
47 9 1 29.680 10.219 28.983 9.578
48 9 1 29.705 10.219 29.008 9.578
49 9 1 29.747 10.219 29.050 9.578
50 9 1 30.122 10.245 29.075 9.653
51 9 1 29.780 10.228 29.083 9.586
52 9 1 29.822 10.228 29.125 9.586
53 9 1 30.188 10.278 29.183 9.620
54 9 1 29.872 10.220 29.175 9.578
55 9 1 29.913 10.220 29.217 9.578
56 9 1 30.171 10.386 29.400 9.562
57 9 1 30.213 10.386 29.442 9.587
58 9 1 30.229 10.403 29.467 9.554
59 9 1 30.212 10.395 29.517 9.562
60 9 1 30.246 10.436 29.567 9.579
61 9 1 30.287 10.420 29.592 9.587
62 9 1 30.346 10.420 29.634 9.595
63 9 1 30.446 10.420 29.692 9.587
64 9 1 30.587 10.403 29.734 9.587
65 9 1 30.671 10.387 29.742 9.562
66 9 1 30.588 10.287 29.892 9.662
67 9 1 30.729 10.345 29.759 9.587
68 9 1 30.729 10.354 29.759 9.587
69 9 1 30.779 10.337 29.775 9.604
70 9 1 30.746 10.395 29.884 9.571
71 9 1 30.787 10.370 29.967 9.554
72 9 1 30.530 10.245 29.842 9.612
73 9 1 30.597 10.237 29.909 9.604
74 9 1 30.988 10.304 30.258 9.646
76 9 1 31.029 10.329 30.325 9.580
77 9 1 31.005 10.254 30.491 9.647
78 9 1 31.079 10.263 30.400 9.638
79 9 1 31.121 10.263 30.441 9.638
80 9 1 31.154 10.263 30.475 9.638
81 9 1 31.496 10.230 30.508 9.630
82 9 1 31.188 10.254 30.508 9.630
83 9 1 31.229 10.254 30.550 9.630
84 9 1 31.288 10.263 30.608 9.638
85 9 1 31.329 10.263 30.650 9.638
86 9 1 31.379 10.271 30.700 9.647
87 9 1 31.429 10.271 30.749 9.647
88 9 1 31.471 10.271 30.791 9.647
89 9 1 31.504 10.271 30.824 9.647
91 9 1 31.496 10.263 30.816 9.639
92 9 1 31.362 10.254 30.691 9.630
93 9 1 31.562 10.255 30.891 9.630
94 9 1 31.612 10.255 30.941 9.631
96 9 1 31.953 10.272 31.216 9.606
97 9 1 31.903 10.247 31.249 9.623
98 9 1 31.945 10.247 31.290 9.623
99 9 1 31.986 10.239 31.340 9.614
100 9 1 32.045 10.230 31.399 9.606
101 9 1 32.095 10.222 31.449 9.598
102 9 1 32.136 10.222 31.499 9.598
103 9 1 32.170 10.214 31.532 9.590
104 9 1 32.203 10.214 31.565 9.590
105 9 1 32.244 10.214 31.615 9.598
107 9 1 32.236 10.206 31.607 9.590
108 9 1 32.269 10.206 31.640 9.590
109 9 1 32.311 10.206 31.682 9.590
110 9 1 32.352 10.206 31.723 9.590
111 9 1 32.411 10.206 31.790 9.590
112 9 1 32.452 10.206 31.831 9.590
113 9 1 32.502 10.214 31.881 9.599
114 9 1 32.544 10.223 31.923 9.607
115 9 1 32.602 10.223 31.981 9.607
116 9 1 32.660 10.223 32.039 9.607
117 9 1 32.693 10.223 32.072 9.607
118 9 1 32.743 10.223 32.122 9.607
119 9 1 32.793 10.223 32.172 9.607
120 9 1 32.834 10.223 32.222 9.607
121 9 1 32.884 10.223 32.272 9.608
122 9 1 32.934 10.223 32.321 9.608
124 9 1 33.166 10.240 32.454 9.608
125 9 1 33.108 10.223 32.496 9.608
126 9 1 33.150 10.223 32.537 9.608
127 9 1 33.191 10.223 32.579 9.608
128 9 1 33.241 10.215 32.629 9.600
129 9 1 33.291 10.215 32.679 9.600
130 9 1 33.341 10.207 32.729 9.592
131 9 1 33.391 10.199 32.778 9.583
132 9 1 33.441 10.199 32.828 9.583
133 9 1 33.474 10.190 32.870 9.575
135 9 1 33.466 10.182 32.861 9.567
136 9 1 33.507 10.182 32.911 9.567
137 9 1 33.549 10.174 32.953 9.559
139 9 1 33.540 10.165 32.945 9.550
140 9 1 33.847 10.158 33.136 9.518
141 9 1 33.781 10.141 33.185 9.526
143 9 1 33.856 10.141 33.260 9.526
144 9 1 33.897 10.149 33.302 9.534
145 9 1 33.947 10.158 33.351 9.543
146 9 1 33.997 10.158 33.401 9.543
147 9 1 34.046 10.158 33.451 9.543
148 9 1 34.088 10.158 33.492 9.543
149 9 1 34.287 10.233 33.443 9.468
150 9 1 34.245 10.249 33.468 9.477
151 9 1 34.262 10.249 33.509 9.477
152 9 1 34.254 10.216 33.617 9.452
153 9 1 34.262 10.183 33.716 9.543
154 9 1 34.370 10.216 33.733 9.477
155 9 1 34.362 10.175 33.799 9.535
156 9 1 34.436 10.225 33.766 9.460
157 9 1 34.544 10.266 33.725 9.518
158 9 1 34.494 10.216 33.758 9.477
159 9 1 34.602 10.241 33.683 9.552
160 9 1 34.594 10.233 33.700 9.518
161 9 1 34.668 10.200 33.700 9.527
162 9 1 34.710 10.175 33.708 9.510
163 9 1 34.337 10.100 33.758 9.485
164 9 1 34.818 10.142 33.791 9.502
165 9 1 34.892 10.067 34.181 9.461
166 9 1 34.917 10.101 34.081 9.461
167 9 1 35.017 10.084 34.189 9.386
168 9 1 35.033 10.092 34.256 9.387
169 9 1 34.785 10.042 34.206 9.436
170 9 1 35.108 10.076 34.339 9.370
171 9 1 35.099 10.093 34.355 9.312
172 9 1 34.818 10.018 34.239 9.411
173 9 1 34.834 10.018 34.256 9.411
174 9 1 34.843 10.009 34.264 9.403
175 9 1 34.834 10.009 34.256 9.403
176 9 1 34.843 10.009 34.264 9.403
177 9 1 34.843 10.009 34.264 9.403
178 9 1 34.851 10.001 34.272 9.395
179 9 1 34.892 9.984 34.314 9.378
180 9 1 35.596 10.151 34.852 9.412
181 9 1 35.662 10.085 34.629 9.354
182 9 1 35.638 10.077 34.745 9.338
183 9 1 35.654 10.035 34.753 9.346
184 9 1 35.712 10.027 34.877 9.330
185 9 1 35.737 10.068 34.943 9.313
186 9 1 35.729 10.118 34.985 9.305
187 9 1 35.762 10.052 34.985 9.297
188 9 1 35.778 10.035 34.960 9.313
189 9 1 35.820 10.110 35.018 9.297
142 9 1 33.814 10.141 33.219 9.526
0 10 1 26.558 10.875 25.885 10.315
1 10 1 26.559 10.833 25.910 10.282
2 10 1 26.567 10.842 25.935 10.299
3 10 1 26.600 10.900 25.885 10.290
4 10 1 26.718 10.884 25.961 10.265
5 10 1 26.793 10.850 25.994 10.274
6 10 1 26.860 10.850 26.137 10.257
7 10 1 27.120 10.817 26.162 10.266
8 10 1 27.111 10.817 26.153 10.249
9 10 1 27.136 10.834 26.170 10.266
10 10 1 27.178 10.817 26.187 10.282
11 10 1 27.220 10.809 26.170 10.291
12 10 1 27.153 10.809 26.220 10.316
13 10 1 27.204 10.775 26.262 10.257
14 10 1 27.187 10.767 26.305 10.174
15 10 1 27.179 10.792 26.279 10.191
16 10 1 27.154 10.784 26.354 10.241
17 10 1 27.220 10.784 26.438 10.216
18 10 1 27.262 10.792 26.514 10.183
19 10 1 27.279 10.801 26.605 10.249
20 10 1 27.329 10.876 26.706 10.233
21 10 1 27.396 10.842 26.798 10.216
22 10 1 27.496 10.834 26.807 10.225
23 10 1 27.672 10.851 26.807 10.216
24 10 1 27.814 10.834 26.857 10.175
25 10 1 27.806 10.826 26.848 10.208
26 10 1 27.872 10.826 26.832 10.208
27 10 1 27.881 10.859 26.848 10.208
28 10 1 27.881 10.851 26.881 10.266
29 10 1 27.897 10.884 26.898 10.291
30 10 1 27.906 10.884 26.931 10.308
31 10 1 27.930 10.909 27.007 10.325
32 10 1 27.972 10.909 27.115 10.325
33 10 1 28.006 10.909 27.182 10.317
34 10 1 28.031 10.934 27.233 10.300
35 10 1 28.072 10.926 27.283 10.300
36 10 1 28.047 10.918 27.425 10.342
37 10 1 28.181 10.943 27.383 10.284
38 10 1 28.156 10.893 27.441 10.359
39 10 1 28.181 10.935 27.533 10.350
40 10 1 28.315 10.951 27.583 10.384
41 10 1 28.432 10.901 27.500 10.267
42 10 1 28.524 10.910 27.517 10.267
43 10 1 28.607 10.935 27.525 10.317
44 10 1 28.649 10.935 27.542 10.342
45 10 1 28.541 10.885 27.725 10.384
46 10 1 28.758 10.918 27.600 10.367
47 10 1 28.783 10.918 27.709 10.351
48 10 1 28.799 10.927 27.734 10.342
49 10 1 28.457 10.860 27.726 10.342
50 10 1 28.724 10.902 27.909 10.351
51 10 1 28.699 10.868 27.968 10.326
52 10 1 28.908 10.918 28.026 10.343
53 10 1 28.825 10.885 28.093 10.368
54 10 1 28.866 10.885 28.135 10.368
55 10 1 28.799 10.902 28.227 10.326
56 10 1 28.875 10.868 28.152 10.351
57 10 1 28.917 10.868 28.193 10.351
58 10 1 28.958 10.877 28.235 10.359
59 10 1 29.000 10.885 28.277 10.368
60 10 1 29.050 10.885 28.327 10.368
61 10 1 29.234 10.919 28.244 10.326
62 10 1 29.183 10.919 28.202 10.343
63 10 1 29.384 10.952 28.244 10.334
64 10 1 29.350 10.985 28.327 10.318
65 10 1 29.067 10.860 28.344 10.343
66 10 1 29.451 10.910 28.536 10.351
67 10 1 29.433 11.144 28.653 10.277
68 10 1 29.516 11.135 28.754 10.243
69 10 1 29.334 10.869 28.603 10.352
70 10 1 29.591 11.094 28.787 10.235
71 10 1 29.367 10.860 28.636 10.343
72 10 1 29.409 10.852 28.678 10.335
73 10 1 29.443 10.844 28.711 10.327
74 10 1 29.484 10.844 28.753 10.327
75 10 1 29.534 10.844 28.803 10.327
76 10 1 29.884 10.936 29.070 10.327
77 10 1 30.026 10.969 29.028 10.344
78 10 1 30.176 10.911 29.012 10.385
79 10 1 30.118 10.853 29.070 10.402
80 10 1 30.118 10.836 29.078 10.402
81 10 1 29.801 10.852 29.070 10.335
82 10 1 29.851 10.852 29.120 10.335
83 10 1 29.893 10.844 29.162 10.327
84 10 1 30.185 10.878 29.404 10.352
85 10 1 30.285 10.928 29.371 10.311
86 10 1 30.235 10.844 29.596 10.328
87 10 1 30.268 10.844 29.546 10.327
88 10 1 30.310 10.844 29.588 10.328
89 10 1 30.318 10.994 29.638 10.286
90 10 1 30.418 10.969 29.688 10.278
91 10 1 30.568 10.961 29.738 10.269
92 10 1 30.643 10.936 29.796 10.261
93 10 1 30.385 10.861 29.671 10.344
94 10 1 30.427 10.853 29.713 10.336
95 10 1 30.477 10.845 29.763 10.328
96 10 1 30.527 10.845 29.813 10.328
97 10 1 30.568 10.845 29.854 10.328
98 10 1 30.843 10.903 29.997 10.261
99 10 1 30.851 10.928 30.055 10.261
100 10 1 30.868 10.903 30.055 10.211
101 10 1 30.852 10.853 30.039 10.187
102 10 1 30.927 10.845 30.105 10.187
103 10 1 30.985 10.820 30.363 10.328
104 10 1 31.010 10.812 30.438 10.303
105 10 1 31.060 10.845 30.488 10.312
106 10 1 31.127 10.828 30.496 10.337
107 10 1 31.127 10.828 30.513 10.304
108 10 1 31.302 10.803 30.505 10.162
109 10 1 31.143 10.803 30.471 10.303
110 10 1 31.518 10.804 30.538 10.195
111 10 1 31.177 10.795 30.505 10.295
112 10 1 31.218 10.795 30.546 10.295
113 10 1 31.577 10.754 30.539 10.096
114 10 1 31.551 10.820 30.622 10.104
115 10 1 31.252 10.770 30.580 10.270
116 10 1 31.626 10.779 30.555 10.179
117 10 1 31.676 10.804 30.605 10.179
118 10 1 31.277 10.754 30.605 10.254
119 10 1 31.327 10.745 30.655 10.245
121 10 1 31.801 10.754 31.055 10.221
123 10 1 31.926 10.796 31.088 10.129
124 10 1 31.951 10.737 30.988 10.163
125 10 1 31.910 10.721 31.205 10.196
126 10 1 32.109 10.762 31.089 9.996
127 10 1 32.184 10.704 31.072 9.980
128 10 1 31.868 10.687 31.196 10.188
129 10 1 31.901 10.679 31.230 10.180
130 10 1 32.159 10.721 31.454 10.213
131 10 1 32.134 10.713 31.463 10.213
132 10 1 32.176 10.713 31.504 10.213
133 10 1 32.226 10.721 31.554 10.221
134 10 1 32.267 10.729 31.596 10.230
135 10 1 32.516 10.904 31.637 10.222
136 10 1 32.566 10.863 31.671 10.197
137 10 1 32.301 10.704 31.629 10.205
138 10 1 32.351 10.704 31.679 10.205
139 10 1 32.384 10.704 31.712 10.205
140 10 1 32.425 10.696 31.754 10.197
141 10 1 32.608 10.813 31.920 10.197
143 10 1 32.757 10.854 31.887 10.197
144 10 1 32.757 10.871 31.920 10.222
145 10 1 32.567 10.721 31.895 10.222
146 10 1 32.957 10.838 31.928 10.205
147 10 1 32.998 10.846 31.937 10.164
148 10 1 32.592 10.705 31.920 10.205
149 10 1 33.007 10.747 32.236 10.239
150 10 1 33.173 10.830 32.078 10.122
151 10 1 33.148 10.821 32.153 10.114
152 10 1 33.223 10.822 32.145 10.106
153 10 1 33.231 10.755 32.219 10.222
154 10 1 32.916 10.705 32.244 10.206
155 10 1 33.364 10.755 32.660 10.248
157 10 1 33.273 10.705 32.593 10.214
158 10 1 33.397 10.755 32.452 10.131
159 10 1 33.505 10.747 32.477 10.114
160 10 1 33.539 10.764 32.477 10.139
161 10 1 33.539 10.739 32.511 10.139
162 10 1 33.605 10.722 32.519 10.173
163 10 1 33.223 10.664 32.552 10.173
164 10 1 33.705 10.722 32.909 10.240
165 10 1 33.688 10.739 32.660 10.173
166 10 1 33.713 10.739 32.752 10.140
167 10 1 33.647 10.747 32.992 10.240
168 10 1 33.796 10.755 32.884 10.140
169 10 1 33.846 10.789 32.992 10.190
170 10 1 33.904 10.797 33.067 10.173
171 10 1 33.954 10.789 33.258 10.273
172 10 1 33.870 10.847 33.175 10.256
173 10 1 33.887 10.880 33.216 10.256
174 10 1 33.978 10.872 33.266 10.265
175 10 1 34.020 10.864 33.274 10.232
176 10 1 34.078 10.889 33.333 10.190
177 10 1 34.177 10.847 33.333 10.240
178 10 1 33.920 10.780 33.258 10.298
179 10 1 34.352 10.814 33.565 10.273
180 10 1 34.310 10.856 33.374 10.265
181 10 1 34.327 10.839 33.374 10.248
182 10 1 34.418 10.847 33.457 10.224
183 10 1 34.493 10.831 33.482 10.248
184 10 1 34.518 10.831 33.524 10.224
185 10 1 34.592 10.814 33.590 10.215
186 10 1 34.543 10.773 33.806 10.249
187 10 1 34.534 10.756 33.739 10.249
188 10 1 34.551 10.789 33.698 10.232
189 10 1 34.460 10.731 33.797 10.249
142 10 1 32.716 10.863 31.904 10.180
0 15 2 20.632 10.369 19.014 9.630
1 15 2 20.725 10.344 18.998 9.572
2 15 2 20.827 10.319 19.159 9.530
3 15 2 20.827 10.310 19.133 9.530
4 15 2 20.920 10.243 19.378 9.555
5 15 2 20.929 10.243 19.463 9.530
6 15 2 20.996 10.218 19.590 9.489
7 15 2 21.131 10.202 19.827 9.422
8 15 2 21.326 10.127 19.734 9.447
9 15 2 21.268 10.093 19.929 9.339
10 15 2 21.419 10.077 19.988 9.356
11 15 2 21.554 10.043 20.165 9.339
12 15 2 21.546 10.018 20.181 9.364
13 15 2 21.790 10.019 20.333 9.348
14 15 2 21.984 10.035 20.342 9.314
15 15 2 21.984 9.994 20.485 9.340
16 15 2 22.102 9.985 20.561 9.323
17 15 2 22.279 9.994 20.637 9.340
18 15 2 22.321 9.936 20.763 9.315
19 15 2 22.565 9.978 20.721 9.340
20 15 2 22.262 9.952 20.789 9.290
21 15 2 22.641 9.953 21.024 9.332
22 15 2 22.775 9.961 21.134 9.341
23 15 2 22.826 9.961 21.235 9.332
24 15 2 22.968 9.978 21.412 9.316
25 15 2 23.085 10.020 21.554 9.366
26 15 2 23.295 10.096 21.537 9.400
27 15 2 23.320 10.087 21.696 9.425
28 15 2 23.420 10.121 21.814 9.442
29 15 2 23.571 10.154 21.931 9.467
30 15 2 23.672 10.196 22.082 9.526
31 15 2 23.730 10.238 22.242 9.518
32 15 2 23.813 10.288 22.309 9.576
33 15 2 23.797 10.246 22.308 9.610
34 15 2 24.107 10.347 22.602 9.635
35 15 2 24.266 10.406 22.535 9.618
36 15 2 24.074 10.297 22.585 9.660
37 15 2 24.166 10.339 22.677 9.702
38 15 2 24.515 10.648 22.862 9.711
39 15 2 24.266 10.372 22.778 9.736
40 15 2 24.375 10.414 22.886 9.778
41 15 2 24.483 10.473 22.995 9.836
42 15 2 24.592 10.498 23.104 9.861
43 15 2 24.701 10.556 23.213 9.920
44 15 2 24.809 10.598 23.321 9.962
45 15 2 24.918 10.640 23.430 10.004
46 15 2 25.010 10.682 23.522 10.046
47 15 2 25.118 10.740 23.631 10.104
48 15 2 25.210 10.782 23.723 10.146
49 15 2 25.416 11.242 23.924 10.155
50 15 2 25.310 10.832 23.823 10.196
51 15 2 25.402 10.874 23.915 10.238
52 15 2 25.769 11.133 24.383 10.447
53 15 2 25.803 11.100 24.324 10.464
54 15 2 25.903 11.142 24.424 10.506
55 15 2 25.986 11.184 24.508 10.548
56 15 2 26.103 11.242 24.625 10.606
57 15 2 26.186 11.284 24.708 10.648
58 15 2 26.303 11.343 24.825 10.707
59 15 2 26.387 11.384 24.908 10.749
60 15 2 26.543 11.727 25.159 10.882
61 15 2 26.660 11.744 25.342 11.050
62 15 2 26.752 11.786 25.459 11.092
63 15 2 26.852 11.861 25.551 11.117
64 15 2 26.734 11.936 25.560 11.067
65 15 2 26.926 12.061 25.485 11.016
66 15 2 26.895 11.786 25.450 11.150
67 15 2 26.995 11.827 25.550 11.192
68 15 2 27.095 11.869 25.650 11.234
69 15 2 27.195 11.911 25.751 11.275
70 15 2 27.295 11.953 25.851 11.317
71 15 2 27.351 12.279 26.177 11.443
72 15 2 27.387 11.986 25.943 11.351
73 15 2 27.487 12.028 26.043 11.393
74 15 2 27.587 12.070 26.143 11.434
75 15 2 27.687 12.112 26.244 11.476
76 15 2 28.104 12.354 26.643 11.777
77 15 2 28.079 12.429 26.736 11.727
78 15 2 28.153 12.488 26.819 11.744
79 15 2 28.220 12.496 26.911 11.777
80 15 2 28.420 12.613 27.012 11.819
81 15 2 28.413 12.521 27.003 11.894
82 15 2 28.513 12.554 27.103 11.928
83 15 2 28.613 12.604 27.203 11.978
84 15 2 28.713 12.655 27.303 12.028
85 15 2 28.813 12.705 27.403 12.078
86 15 2 28.930 12.738 27.520 12.112
87 15 2 29.030 12.788 27.620 12.162
88 15 2 29.130 12.838 27.720 12.212
89 15 2 29.230 12.888 27.820 12.262
90 15 2 29.346 12.938 27.937 12.312
91 15 2 29.446 12.989 28.037 12.362
92 15 2 29.563 13.022 28.154 12.396
93 15 2 29.663 13.072 28.254 12.446
94 15 2 29.780 13.122 28.371 12.496
95 15 2 29.880 13.172 28.471 12.546
96 15 2 29.980 13.222 28.571 12.596
97 15 2 30.097 13.272 28.688 12.646
98 15 2 30.197 13.322 28.788 12.696
99 15 2 30.313 13.373 28.905 12.746
100 15 2 30.487 13.598 29.213 12.872
101 15 2 30.538 13.531 29.138 12.905
102 15 2 30.646 13.565 29.246 12.939
103 15 2 30.738 13.615 29.338 12.989
104 15 2 30.863 13.665 29.463 13.039
105 15 2 30.955 13.698 29.555 13.072
106 15 2 31.080 13.748 29.680 13.122
107 15 2 31.171 13.815 29.771 13.189
108 15 2 31.296 13.848 29.896 13.222
109 15 2 31.404 13.898 30.005 13.272
110 15 2 31.529 13.931 30.130 13.306
111 15 2 31.638 13.965 30.238 13.339
112 15 2 31.763 13.998 30.363 13.372
113 15 2 31.871 14.048 30.472 13.423
114 15 2 31.996 14.098 30.597 13.473
115 15 2 32.104 14.115 30.705 13.489
116 15 2 32.229 14.165 30.830 13.539
117 15 2 32.337 14.181 30.939 13.556
118 15 2 32.479 14.215 31.080 13.589
119 15 2 32.587 14.248 31.189 13.623
120 15 2 32.712 14.264 31.314 13.639
121 15 2 32.837 14.281 31.439 13.656
122 15 2 32.962 14.314 31.564 13.689
123 15 2 33.087 14.331 31.689 13.706
124 15 2 33.212 14.347 31.814 13.722
125 15 2 33.336 14.381 31.939 13.756
126 15 2 33.461 14.397 32.064 13.772
127 15 2 33.570 14.397 32.172 13.772
128 15 2 33.711 14.413 32.314 13.789
129 15 2 33.836 14.430 32.439 13.805
130 15 2 33.961 14.430 32.564 13.805
131 15 2 34.086 14.446 32.689 13.822
132 15 2 34.227 14.463 32.830 13.838
133 15 2 34.352 14.463 32.955 13.838
134 15 2 34.493 14.462 33.097 13.838
135 15 2 34.601 14.462 33.205 13.838
136 15 2 34.743 14.462 33.346 13.838
137 15 2 34.851 14.462 33.455 13.837
138 15 2 34.992 14.462 33.596 13.837
139 15 2 35.117 14.462 33.721 13.837
140 15 2 35.241 14.461 33.846 13.837
141 15 2 35.366 14.461 33.971 13.837
143 15 2 35.765 14.402 34.054 13.828
144 15 2 35.624 14.453 34.228 13.828
145 15 2 35.972 14.394 34.353 13.795
146 15 2 35.740 14.444 34.345 13.820
147 15 2 35.864 14.444 34.470 13.820
148 15 2 36.006 14.444 34.611 13.820
149 15 2 36.130 14.427 34.736 13.803
150 15 2 36.255 14.410 34.860 13.786
151 15 2 36.379 14.426 34.985 13.802
152 15 2 36.678 14.434 35.218 13.761
153 15 2 36.628 14.409 35.234 13.786
154 15 2 36.752 14.409 35.359 13.785
155 15 2 36.877 14.409 35.483 13.785
156 15 2 37.001 14.392 35.608 13.768
157 15 2 37.308 14.358 35.865 13.785
158 15 2 37.267 14.375 35.874 13.760
159 15 2 37.391 14.367 35.998 13.751
160 15 2 37.532 14.341 36.139 13.726
161 15 2 37.639 14.350 36.247 13.734
162 15 2 37.780 14.324 36.388 13.709
163 15 2 37.888 14.316 36.496 13.701
164 15 2 38.029 14.307 36.637 13.692
165 15 2 38.136 14.299 36.745 13.684
166 15 2 38.261 14.290 36.869 13.675
167 15 2 38.385 14.282 36.993 13.667
168 15 2 38.509 14.257 37.117 13.642
169 15 2 38.617 14.265 37.225 13.650
170 15 2 38.757 14.240 37.366 13.625
171 15 2 38.865 14.231 37.474 13.617
172 15 2 38.989 14.206 37.598 13.592
173 15 2 39.096 14.198 37.706 13.583
174 15 2 39.220 14.173 37.830 13.558
175 15 2 39.344 14.164 37.954 13.550
176 15 2 39.468 14.139 38.078 13.524
177 15 2 39.576 14.130 38.186 13.516
178 15 2 39.989 14.163 38.244 13.449
179 15 2 39.691 14.097 38.301 13.483
180 15 2 39.799 14.089 38.409 13.474
181 15 2 39.906 14.080 38.517 13.466
182 15 2 40.030 14.055 38.641 13.441
183 15 2 40.137 14.047 38.748 13.432
184 15 2 40.261 14.021 38.872 13.407
185 15 2 40.368 14.013 38.980 13.399
186 15 2 40.492 13.988 39.103 13.374
187 15 2 40.600 13.979 39.211 13.365
188 15 2 40.707 13.954 39.318 13.340
189 15 2 40.814 13.929 39.426 13.315
142 15 2 35.507 14.461 34.112 13.837
0 16 1 29.434 9.545 28.538 8.812
1 16 1 29.459 9.570 28.521 8.804
2 16 1 29.460 9.412 28.604 8.862
3 16 1 29.543 9.421 28.629 8.870
4 16 1 29.551 9.396 28.612 8.887
5 16 1 29.651 9.496 28.529 8.879
6 16 1 29.635 9.388 28.646 8.879
7 16 1 29.610 9.371 28.654 8.862
8 16 1 29.659 9.454 28.629 8.846
9 16 1 29.668 9.462 28.713 8.821
10 16 1 29.701 9.438 28.755 8.779
11 16 1 29.634 9.496 28.771 8.796
12 16 1 29.752 9.371 28.972 8.763
13 16 1 29.717 9.645 28.922 8.763
14 16 1 29.776 9.488 28.863 8.904
15 16 1 29.818 9.479 28.904 8.896
16 16 1 29.859 9.488 28.946 8.904
17 16 1 29.901 9.479 28.988 8.896
18 16 1 29.943 9.488 29.029 8.904
19 16 1 30.077 9.355 29.313 8.789
20 16 1 30.135 9.363 29.238 8.789
21 16 1 30.301 9.438 29.272 8.805
22 16 1 30.351 9.405 29.280 8.822
23 16 1 30.368 9.364 29.297 8.797
24 16 1 30.384 9.405 29.288 8.838
25 16 1 30.376 9.397 29.313 8.814
26 16 1 30.351 9.339 29.446 8.830
27 16 1 30.443 9.331 29.479 8.880
28 16 1 30.443 9.356 29.563 8.847
29 16 1 30.443 9.347 29.580 8.831
30 16 1 30.476 9.322 29.713 8.781
31 16 1 30.543 9.397 29.689 8.740
32 16 1 30.526 9.347 29.913 8.757
33 16 1 30.651 9.314 29.780 8.781
34 16 1 30.685 9.306 29.813 8.773
35 16 1 30.735 9.315 29.863 8.781
36 16 1 30.768 9.306 29.897 8.773
37 16 1 30.851 9.381 30.179 8.832
38 16 1 31.001 9.340 30.154 8.823
39 16 1 31.083 9.473 29.971 8.815
40 16 1 31.108 9.465 29.988 8.790
41 16 1 31.266 9.465 30.021 8.832
42 16 1 31.241 9.465 30.029 8.832
43 16 1 30.967 9.315 30.113 8.790
44 16 1 31.433 9.365 30.096 8.865
45 16 1 31.325 9.432 30.121 8.807
46 16 1 31.001 9.298 30.146 8.774
47 16 1 31.051 9.298 30.196 8.774
48 16 1 31.117 9.299 30.263 8.774
49 16 1 31.151 9.299 30.296 8.774
50 16 1 31.184 9.299 30.329 8.774
51 16 1 31.234 9.282 30.380 8.758
52 16 1 31.267 9.266 30.413 8.741
53 16 1 31.300 9.282 30.446 8.758
54 16 1 31.334 9.266 30.479 8.741
55 16 1 31.524 9.474 30.771 8.700
56 16 1 31.557 9.440 30.771 8.758
57 16 1 31.674 9.424 30.837 8.750
58 16 1 31.749 9.399 30.870 8.808
59 16 1 31.724 9.358 30.887 8.833
60 16 1 32.082 9.317 30.878 8.866
61 16 1 32.098 9.350 30.878 8.841
62 16 1 32.106 9.350 30.879 8.792
63 16 1 32.106 9.350 30.920 8.792
64 16 1 31.724 9.324 30.887 8.800
65 16 1 31.774 9.325 30.937 8.800
66 16 1 32.206 9.334 31.269 8.817
67 16 1 32.106 9.367 31.245 8.751
68 16 1 32.156 9.383 31.303 8.759
69 16 1 32.114 9.416 31.478 8.726
70 16 1 32.214 9.425 31.411 8.710
71 16 1 32.189 9.416 31.627 8.694
72 16 1 32.198 9.367 31.677 8.752
73 16 1 32.272 9.500 31.603 8.478
74 16 1 32.198 9.300 31.369 8.784
75 16 1 32.231 9.300 31.402 8.784
76 16 1 32.605 9.309 31.777 8.760
77 16 1 32.804 9.285 31.710 8.768
78 16 1 32.879 9.318 31.669 8.735
79 16 1 32.871 9.268 31.735 8.818
80 16 1 32.887 9.318 31.727 8.710
81 16 1 32.879 9.318 31.744 8.694
82 16 1 32.547 9.251 31.718 8.735
83 16 1 32.921 9.293 31.785 8.694
84 16 1 32.589 9.243 31.760 8.727
85 16 1 32.638 9.243 31.810 8.727
86 16 1 32.937 9.285 31.951 8.678
87 16 1 32.995 9.310 32.010 8.661
88 16 1 32.912 9.243 32.084 8.728
89 16 1 32.954 9.243 32.126 8.728
90 16 1 32.995 9.244 32.167 8.728
91 16 1 33.087 9.285 32.499 8.745
92 16 1 33.020 9.235 32.192 8.720
93 16 1 33.054 9.235 32.225 8.720
94 16 1 33.095 9.235 32.267 8.720
95 16 1 33.128 9.235 32.300 8.720
96 16 1 33.501 9.253 32.541 8.753
97 16 1 33.427 9.253 32.599 8.745
98 16 1 33.468 9.253 32.640 8.745
99 16 1 33.526 9.253 32.698 8.745
100 16 1 33.568 9.261 32.740 8.754
101 16 1 33.626 9.261 32.798 8.754
102 16 1 33.667 9.270 32.839 8.762
103 16 1 33.725 9.278 32.897 8.771
104 16 1 33.767 9.278 32.939 8.771
105 16 1 33.825 9.286 32.997 8.779
106 16 1 33.858 9.286 33.030 8.779
107 16 1 33.908 9.287 33.080 8.779
108 16 1 33.949 9.287 33.121 8.779
109 16 1 33.999 9.287 33.171 8.780
110 16 1 34.040 9.287 33.213 8.780
111 16 1 34.074 9.287 33.246 8.780
112 16 1 34.115 9.279 33.287 8.771
113 16 1 34.165 9.279 33.337 8.772
114 16 1 34.206 9.270 33.379 8.763
115 16 1 34.248 9.270 33.420 8.763
116 16 1 34.297 9.262 33.470 8.755
117 16 1 34.347 9.254 33.520 8.747
118 16 1 34.397 9.254 33.569 8.747
119 16 1 34.447 9.246 33.619 8.739
120 16 1 34.496 9.238 33.669 8.731
121 16 1 34.546 9.238 33.719 8.731
122 16 1 34.596 9.230 33.768 8.723
123 16 1 34.637 9.230 33.810 8.723
124 16 1 34.679 9.230 33.851 8.723
125 16 1 34.728 9.230 33.901 8.723
126 16 1 34.703 9.255 33.967 8.723
127 16 1 34.745 9.238 33.926 8.731
128 16 1 34.753 9.255 34.133 8.748
129 16 1 34.844 9.247 34.033 8.740
130 16 1 34.886 9.247 34.075 8.740
131 16 1 34.927 9.247 34.116 8.740
132 16 1 34.960 9.255 34.149 8.748
133 16 1 35.001 9.255 34.191 8.748
134 16 1 35.051 9.255 34.241 8.749
135 16 1 35.101 9.264 34.290 8.757
136 16 1 35.142 9.272 34.332 8.765
137 16 1 35.192 9.280 34.381 8.774
138 16 1 35.241 9.289 34.431 8.782
139 16 1 35.299 9.297 34.489 8.790
140 16 1 35.349 9.305 34.539 8.799
141 16 1 35.399 9.306 34.588 8.799
143 16 1 35.498 9.306 34.688 8.799
144 16 1 35.539 9.314 34.729 8.807
145 16 1 35.572 9.314 34.762 8.807
146 16 1 35.614 9.314 34.804 8.808
147 16 1 35.664 9.306 34.853 8.799
148 16 1 35.705 9.306 34.895 8.799
149 16 1 35.738 9.298 34.928 8.791
150 16 1 35.920 9.364 34.837 8.791
151 16 1 35.771 9.290 34.961 8.783
152 16 1 35.812 9.290 35.002 8.783
153 16 1 35.862 9.281 35.052 8.775
154 16 1 35.912 9.282 35.102 8.775
155 16 1 35.961 9.273 35.151 8.767
156 16 1 36.019 9.381 34.887 8.717
157 16 1 36.003 9.257 35.193 8.750
158 16 1 36.052 9.257 35.242 8.750
159 16 1 36.102 9.249 35.292 8.742
160 16 1 36.152 9.249 35.342 8.742
161 16 1 36.358 9.340 35.309 8.717
162 16 1 36.408 9.324 35.416 8.701
163 16 1 36.433 9.315 35.424 8.743
164 16 1 36.168 9.224 35.358 8.718
165 16 1 36.209 9.216 35.400 8.709
166 16 1 36.565 9.216 35.797 8.710
167 16 1 36.573 9.208 35.772 8.702
168 16 1 36.606 9.208 35.805 8.702
169 16 1 36.705 9.291 35.648 8.702
170 16 1 36.639 9.200 35.838 8.694
171 16 1 36.681 9.200 35.879 8.694
172 16 1 36.722 9.200 35.921 8.694
173 16 1 36.912 9.308 35.631 8.726
174 16 1 36.763 9.192 35.962 8.686
175 16 1 36.813 9.192 36.012 8.686
176 16 1 36.986 9.391 35.855 8.677
177 16 1 37.069 9.350 35.912 8.653
178 16 1 37.118 9.358 35.937 8.727
179 16 1 36.838 9.167 36.036 8.661
180 16 1 37.193 9.366 36.069 8.736
181 16 1 36.871 9.159 36.069 8.653
182 16 1 36.912 9.159 36.111 8.653
183 16 1 36.953 9.167 36.152 8.661
184 16 1 36.986 9.184 36.185 8.678
186 16 1 37.424 9.201 36.450 8.720
187 16 1 37.449 9.359 36.408 8.736
188 16 1 37.539 9.367 36.342 8.744
189 16 1 37.581 9.334 36.458 8.753
142 16 1 35.448 9.306 34.638 8.799
