0 0 1 34.963 14.955 34.192 13.911
1 0 1 34.982 14.983 34.182 13.892
2 0 1 34.982 14.964 34.182 13.873
3 0 1 34.963 14.926 34.163 13.835
4 0 1 34.963 14.888 34.162 13.797
5 0 1 34.972 14.878 34.172 13.787
6 0 1 34.943 14.831 34.143 13.740
7 0 1 34.943 14.793 34.143 13.702
8 0 1 34.952 14.754 34.152 13.663
9 0 1 34.943 14.716 34.142 13.625
10 0 1 34.942 14.678 34.142 13.587
11 0 1 34.980 14.639 34.180 13.548
12 0 1 34.942 14.602 34.141 13.510
13 0 1 34.942 14.563 34.141 13.472
14 0 1 34.922 14.525 34.122 13.434
15 0 1 34.941 14.487 34.141 13.396
16 0 1 34.941 14.449 34.140 13.358
17 0 1 34.960 14.410 34.159 13.319
18 0 1 34.959 14.372 34.159 13.281
19 0 1 34.959 14.334 34.159 13.243
20 0 1 34.959 14.315 34.159 13.224
21 0 1 34.959 14.277 34.158 13.185
22 0 1 34.959 14.238 34.158 13.147
23 0 1 34.958 14.219 34.158 13.128
24 0 1 34.958 14.181 34.158 13.090
25 0 1 34.958 14.124 34.157 13.032
26 0 1 34.958 14.085 34.157 12.994
27 0 1 34.957 14.047 34.157 12.956
28 0 1 34.957 14.028 34.157 12.937
29 0 1 34.957 14.009 34.157 12.918
30 0 1 34.957 13.990 34.157 12.899
31 0 1 34.957 13.952 34.156 12.860
32 0 1 34.957 13.933 34.156 12.841
33 0 1 34.956 13.894 34.156 12.803
34 0 1 34.956 13.875 34.156 12.784
35 0 1 34.937 13.837 34.137 12.746
36 0 1 34.937 13.818 34.136 12.727
37 0 1 34.937 13.780 34.136 12.689
38 0 1 34.936 13.742 34.136 12.650
39 0 1 34.936 13.723 34.136 12.631
40 0 1 34.936 13.684 34.136 12.593
41 0 1 34.936 13.646 34.135 12.555
42 0 1 34.935 13.608 34.135 12.517
43 0 1 34.935 13.570 34.135 12.478
44 0 1 34.916 13.532 34.115 12.440
45 0 1 34.916 13.494 34.115 12.402
46 0 1 34.915 13.455 34.115 12.364
47 0 1 34.896 13.436 34.096 12.345
48 0 1 34.896 13.417 34.096 12.326
49 0 1 34.896 13.379 34.095 12.288
50 0 1 34.896 13.360 34.095 12.269
51 0 1 34.895 13.322 34.095 12.230
52 0 1 34.895 13.303 34.095 12.211
53 0 1 34.895 13.264 34.095 12.173
54 0 1 34.895 13.226 34.094 12.135
55 0 1 34.895 13.188 34.094 12.097
56 0 1 34.894 13.169 34.094 12.078
57 0 1 34.894 13.131 34.094 12.039
58 0 1 34.913 13.092 34.113 12.001
59 0 1 34.913 13.054 34.112 11.963
60 0 1 34.913 13.016 34.112 11.925
61 0 1 34.931 12.977 34.131 11.886
62 0 1 34.931 12.939 34.131 11.848
63 0 1 34.931 12.901 34.131 11.810
64 0 1 34.950 12.863 34.149 11.771
65 0 1 34.950 12.824 34.149 11.733
66 0 1 34.968 12.786 34.168 11.695
67 0 1 34.968 12.748 34.168 11.656
68 0 1 34.987 12.710 34.187 11.618
69 0 1 34.987 12.690 34.187 11.599
70 0 1 34.987 12.652 34.186 11.561
71 0 1 35.006 12.614 34.205 11.522
72 0 1 35.005 12.576 34.205 11.484
73 0 1 35.005 12.537 34.205 11.446
74 0 1 35.005 12.499 34.205 11.408
75 0 1 35.005 12.461 34.204 11.370
76 0 1 35.023 12.423 34.223 11.331
77 0 1 35.023 12.365 34.223 11.274
78 0 1 35.023 12.327 34.223 11.236
79 0 1 35.023 12.289 34.222 11.197
80 0 1 35.022 12.232 34.222 11.140
81 0 1 35.022 12.193 34.222 11.102
82 0 1 35.022 12.155 34.221 11.064
83 0 1 35.021 12.117 34.221 11.025
84 0 1 35.021 12.060 34.221 10.968
85 0 1 35.002 12.022 34.201 10.930
86 0 1 35.001 11.983 34.201 10.892
87 0 1 35.001 11.945 34.201 10.854
88 0 1 35.001 11.907 34.201 10.816
89 0 1 35.001 11.869 34.201 10.777
90 0 1 35.001 11.831 34.200 10.739
91 0 1 35.000 11.792 34.200 10.701
92 0 1 35.000 11.754 34.200 10.663
93 0 1 35.000 11.735 34.200 10.644
94 0 1 35.000 11.716 34.200 10.624
95 0 1 35.000 11.678 34.199 10.586
96 0 1 34.999 11.659 34.199 10.567
97 0 1 34.999 11.640 34.199 10.548
98 0 1 35.018 11.620 34.218 10.529
99 0 1 35.018 11.620 34.218 10.529
100 0 1 35.018 11.601 34.218 10.510
101 0 1 35.018 11.601 34.218 10.510
102 0 1 35.018 11.601 34.218 10.510
103 0 1 35.018 11.601 34.218 10.510
104 0 1 35.018 11.601 34.218 10.510
105 0 1 35.018 11.601 34.218 10.510
106 0 1 35.018 11.601 34.218 10.510
107 0 1 35.018 11.601 34.218 10.510
108 0 1 35.018 11.601 34.218 10.510
109 0 1 35.018 11.601 34.218 10.510
110 0 1 35.018 11.601 34.218 10.510
111 0 1 35.018 11.620 34.218 10.529
112 0 1 35.018 11.620 34.218 10.529
113 0 1 35.018 11.620 34.218 10.529
114 0 1 35.018 11.620 34.218 10.529
115 0 1 35.018 11.620 34.218 10.529
116 0 1 35.018 11.639 34.218 10.548
117 0 1 35.018 11.639 34.218 10.548
118 0 1 35.018 11.639 34.218 10.548
119 0 1 35.018 11.639 34.218 10.548
120 0 1 35.019 11.659 34.218 10.567
121 0 1 35.019 11.659 34.218 10.567
122 0 1 35.019 11.659 34.218 10.567
123 0 1 34.999 11.659 34.199 10.567
124 0 1 34.999 11.659 34.199 10.567
125 0 1 34.999 11.659 34.199 10.567
126 0 1 34.999 11.659 34.199 10.567
127 0 1 34.999 11.659 34.199 10.567
128 0 1 34.999 11.659 34.199 10.567
129 0 1 34.999 11.659 34.199 10.567
130 0 1 34.999 11.659 34.199 10.567
131 0 1 34.999 11.659 34.199 10.567
132 0 1 34.999 11.659 34.199 10.567
133 0 1 34.999 11.659 34.199 10.567
134 0 1 34.999 11.659 34.199 10.567
135 0 1 35.019 11.659 34.218 10.567
136 0 1 35.019 11.659 34.218 10.567
137 0 1 35.019 11.659 34.218 10.567
138 0 1 35.019 11.659 34.218 10.567
139 0 1 35.019 11.659 34.218 10.567
140 0 1 35.019 11.659 34.218 10.567
141 0 1 35.038 11.658 34.237 10.567
142 0 1 35.038 11.658 34.237 10.567
143 0 1 35.038 11.658 34.237 10.567
144 0 1 35.038 11.658 34.237 10.567
145 0 1 35.057 11.658 34.257 10.567
146 0 1 35.057 11.658 34.257 10.567
147 0 1 35.057 11.658 34.257 10.567
148 0 1 35.057 11.658 34.257 10.567
149 0 1 35.076 11.677 34.276 10.586
150 0 1 35.076 11.677 34.276 10.586
151 0 1 35.076 11.677 34.276 10.586
152 0 1 35.076 11.677 34.276 10.586
153 0 1 35.076 11.677 34.276 10.586
154 0 1 35.076 11.677 34.276 10.586
155 0 1 35.076 11.677 34.276 10.586
156 0 1 35.076 11.677 34.276 10.586
157 0 1 35.076 11.677 34.276 10.586
158 0 1 35.076 11.677 34.276 10.586
159 0 1 35.076 11.677 34.276 10.586
160 0 1 35.076 11.677 34.276 10.586
161 0 1 35.076 11.677 34.276 10.586
162 0 1 35.095 11.677 34.295 10.585
163 0 1 35.095 11.677 34.295 10.585
164 0 1 35.095 11.677 34.295 10.585
165 0 1 35.095 11.677 34.295 10.585
166 0 1 35.095 11.658 34.295 10.566
167 0 1 35.095 11.658 34.295 10.566
168 0 1 35.095 11.658 34.295 10.566
169 0 1 35.095 11.658 34.295 10.566
170 0 1 35.095 11.658 34.295 10.566
171 0 1 35.095 11.658 34.295 10.566
172 0 1 35.114 11.658 34.314 10.566
173 0 1 35.114 11.658 34.314 10.566
174 0 1 35.114 11.658 34.314 10.566
175 0 1 35.114 11.658 34.314 10.566
176 0 1 35.114 11.658 34.314 10.566
177 0 1 35.133 11.658 34.333 10.566
178 0 1 35.133 11.658 34.333 10.566
179 0 1 35.133 11.658 34.333 10.566
180 0 1 35.133 11.658 34.333 10.566
181 0 1 35.133 11.658 34.333 10.566
182 0 1 35.133 11.658 34.333 10.566
183 0 1 35.133 11.658 34.333 10.566
184 0 1 35.133 11.658 34.333 10.566
185 0 1 35.133 11.658 34.333 10.566
186 0 1 35.133 11.658 34.333 10.566
187 0 1 35.133 11.658 34.333 10.566
188 0 1 35.133 11.658 34.333 10.566
189 0 1 35.133 11.658 34.333 10.566
190 0 1 35.152 11.657 34.352 10.566
191 0 1 35.152 11.676 34.352 10.585
192 0 1 35.152 11.676 34.352 10.585
193 0 1 35.152 11.676 34.352 10.585
194 0 1 35.152 11.676 34.352 10.585
195 0 1 35.171 11.676 34.371 10.585
196 0 1 35.171 11.676 34.371 10.585
197 0 1 35.171 11.676 34.371 10.585
198 0 1 35.171 11.676 34.371 10.585
199 0 1 35.171 11.676 34.371 10.585
200 0 1 35.171 11.676 34.371 10.585
201 0 1 35.191 11.676 34.390 10.585
202 0 1 35.191 11.676 34.390 10.585
203 0 1 35.191 11.676 34.390 10.585
204 0 1 35.191 11.676 34.390 10.585
205 0 1 35.191 11.676 34.390 10.585
206 0 1 35.210 11.676 34.410 10.584
207 0 1 35.210 11.676 34.410 10.584
208 0 1 35.210 11.676 34.410 10.584
209 0 1 35.210 11.676 34.410 10.584
210 0 1 35.210 11.676 34.410 10.584
211 0 1 35.210 11.676 34.410 10.584
212 0 1 35.229 11.676 34.429 10.584
213 0 1 35.229 11.676 34.429 10.584
214 0 1 35.229 11.676 34.429 10.584
215 0 1 35.229 11.676 34.429 10.584
216 0 1 35.229 11.676 34.429 10.584
217 0 1 35.229 11.676 34.429 10.584
218 0 1 35.248 11.657 34.448 10.565
219 0 1 35.248 11.657 34.448 10.565
220 0 1 35.248 11.657 34.448 10.565
221 0 1 35.248 11.637 34.448 10.546
222 0 1 35.248 11.637 34.448 10.546
223 0 1 35.267 11.637 34.467 10.546
224 0 1 35.267 11.618 34.467 10.527
225 0 1 35.267 11.618 34.467 10.527
226 0 1 35.267 11.618 34.467 10.527
227 0 1 35.267 11.618 34.467 10.527
228 0 1 35.267 11.618 34.467 10.527
229 0 1 35.267 11.618 34.467 10.527
230 0 1 35.267 11.618 34.467 10.527
231 0 1 35.267 11.599 34.466 10.508
232 0 1 35.267 11.599 34.466 10.508
233 0 1 35.266 11.580 34.466 10.488
234 0 1 35.266 11.580 34.466 10.488
235 0 1 35.266 11.561 34.466 10.469
236 0 1 35.285 11.542 34.485 10.450
237 0 1 35.285 11.522 34.485 10.431
238 0 1 35.285 11.503 34.485 10.412
239 0 1 35.285 11.484 34.485 10.393
240 0 1 35.285 11.465 34.485 10.374
241 0 1 35.285 11.446 34.485 10.355
242 0 1 35.285 11.427 34.484 10.336
243 0 1 35.284 11.408 34.484 10.316
244 0 1 35.284 11.370 34.484 10.278
245 0 1 35.284 11.351 34.484 10.259
246 0 1 35.284 11.332 34.484 10.240
247 0 1 35.284 11.293 34.484 10.202
248 0 1 35.303 11.274 34.503 10.183
249 0 1 35.302 11.236 34.502 10.144
250 0 1 35.321 11.217 34.521 10.125
251 0 1 35.321 11.178 34.521 10.087
252 0 1 35.321 11.159 34.521 10.068
253 0 1 35.321 11.121 34.521 10.030
254 0 1 35.321 11.102 34.521 10.010
255 0 1 35.301 11.064 34.501 9.972
256 0 1 35.301 11.026 34.501 9.934
257 0 1 35.283 11.169 34.598 10.144
258 0 1 35.331 11.188 34.540 10.106
259 0 1 35.321 11.159 34.531 10.077
260 0 1 35.311 11.112 34.521 10.030
261 0 1 35.301 11.064 34.511 9.982
262 0 1 35.263 11.045 34.501 9.963
263 0 1 35.272 10.969 34.519 9.714
264 0 1 35.291 10.892 34.490 9.638
265 0 1 35.271 10.797 34.396 9.897
266 0 1 35.232 10.740 34.386 9.849
267 0 1 35.223 10.759 34.443 9.791
268 0 1 35.203 10.692 34.433 9.696
269 0 1 35.184 10.645 34.375 9.658
270 0 1 35.183 10.482 34.413 9.629
271 0 1 35.182 10.358 34.451 9.514
272 0 1 35.066 10.168 34.354 9.429
273 0 1 35.076 10.187 34.345 9.382
274 0 1 35.095 10.216 34.315 9.267
275 0 1 35.105 10.264 34.419 9.123
276 0 1 35.114 10.225 34.352 9.095
277 0 1 35.133 10.187 34.380 8.980
278 0 1 35.114 10.149 34.360 8.866
279 0 1 35.085 10.168 34.398 8.837
280 0 1 35.104 10.111 34.360 8.780
281 0 1 35.075 10.082 34.379 8.761
282 0 1 35.084 9.920 34.370 8.933
283 0 1 35.074 9.853 34.360 8.866
284 0 1 35.083 9.786 34.370 8.799
285 0 1 35.092 9.738 34.379 8.751
286 0 1 35.082 9.691 34.369 8.703
287 0 1 35.053 9.662 34.340 8.675
288 0 1 35.044 9.615 34.330 8.627
289 0 1 35.034 9.567 34.320 8.580
290 0 1 35.043 9.519 34.330 8.532
291 0 1 35.033 9.472 34.320 8.484
292 0 1 35.042 9.405 34.329 8.417
293 0 1 35.052 9.357 34.338 8.369
294 0 1 35.061 9.309 34.347 8.322
295 0 1 35.051 9.261 34.338 8.274
296 0 1 35.041 9.214 34.328 8.226
297 0 1 35.031 9.166 34.318 8.179
298 0 1 35.021 9.099 34.308 8.112
299 0 1 34.992 9.052 34.279 8.064
300 0 1 34.982 8.985 34.269 7.997
301 0 1 34.953 8.938 34.240 7.950
302 0 1 34.943 8.890 34.230 7.902
303 0 1 34.915 8.861 34.201 7.874
304 0 1 34.905 8.814 34.191 7.826
305 0 1 34.876 8.785 34.162 7.798
306 0 1 34.866 8.738 34.153 7.750
307 0 1 34.856 8.709 34.143 7.721
308 0 1 34.846 8.661 34.133 7.674
309 0 1 34.818 8.633 34.104 7.645
310 0 1 34.808 8.585 34.094 7.598
311 0 1 34.779 8.557 34.065 7.569
313 0 1 34.769 8.547 34.056 7.560
314 0 1 34.760 8.519 34.046 7.531
315 0 1 34.750 8.471 34.036 7.484
316 0 1 34.740 8.424 34.026 7.436
317 0 1 34.730 8.376 34.016 7.388
318 0 1 34.720 8.328 34.007 7.341
320 0 1 34.711 8.319 33.997 7.331
321 0 1 34.701 8.290 33.987 7.302
322 0 1 34.710 8.281 33.997 7.293
323 0 1 34.774 7.745 33.925 6.587
324 0 1 34.754 7.641 33.906 6.596
325 0 1 34.754 7.631 33.906 6.549
326 0 1 34.735 7.593 33.887 6.492
327 0 1 34.734 7.574 33.886 6.463
328 0 1 34.715 7.526 33.867 6.415
329 0 1 34.715 7.479 33.867 6.368
330 0 1 34.695 7.431 33.847 6.320
331 0 1 34.695 7.364 33.847 6.253
332 0 1 34.675 7.298 33.827 6.186
333 0 1 34.675 7.250 33.827 6.139
334 0 1 34.675 7.183 33.826 6.072
335 0 1 34.646 7.155 33.798 6.043
336 0 1 34.655 7.088 33.807 5.976
337 0 1 34.655 7.040 33.806 5.929
338 0 1 34.654 6.992 33.806 5.881
339 0 1 34.654 6.964 33.806 5.852
340 0 1 34.654 6.897 33.806 5.786
341 0 1 34.644 6.868 33.796 5.757
342 0 1 34.653 6.820 33.805 5.709
343 0 1 34.653 6.773 33.805 5.661
344 0 1 34.672 6.725 33.824 5.614
345 0 1 34.662 6.677 33.814 5.566
346 0 1 34.671 6.629 33.823 5.518
347 0 1 34.690 6.581 33.842 5.470
348 0 1 34.709 6.515 33.861 5.403
349 0 1 34.727 6.467 33.879 5.355
350 0 1 34.717 6.419 33.869 5.308
351 0 1 34.746 6.371 33.898 5.260
352 0 1 34.746 6.323 33.898 5.212
353 0 1 34.764 6.295 33.916 5.183
354 0 1 34.764 6.247 33.916 5.136
355 0 1 34.764 6.218 33.916 5.107
356 0 1 34.783 6.170 33.935 5.059
357 0 1 34.792 6.142 33.944 5.030
358 0 1 34.820 6.094 33.973 4.982
359 0 1 34.811 6.065 33.963 4.954
360 0 1 34.839 6.017 33.991 4.906
361 0 1 34.839 5.989 33.991 4.877
362 0 1 34.858 5.941 34.010 4.830
363 0 1 34.848 5.912 34.000 4.801
364 0 1 34.848 5.865 34.000 4.753
365 0 1 34.876 5.817 34.028 4.705
366 0 1 34.876 5.769 34.028 4.658
367 0 1 34.875 5.721 34.028 4.610
368 0 1 34.875 5.673 34.027 4.562
369 0 1 34.865 5.645 34.017 4.534
370 0 1 34.874 5.578 34.027 4.467
371 0 1 34.865 5.549 34.017 4.438
372 0 1 34.874 5.502 34.026 4.390
373 0 1 34.874 5.473 34.026 4.362
374 0 1 34.873 5.406 34.026 4.295
375 0 1 34.864 5.378 34.016 4.266
376 0 1 34.873 5.330 34.025 4.219
377 0 1 34.863 5.301 34.015 4.190
378 0 1 34.873 5.273 34.025 4.161
379 0 1 34.872 5.225 34.024 4.114
380 0 1 34.872 5.177 34.024 4.066
381 0 1 34.881 5.149 34.033 4.037
382 0 1 34.881 5.101 34.033 3.989
383 0 1 34.909 5.072 34.062 3.961
384 0 1 34.909 5.024 34.061 3.913
385 0 1 34.928 4.996 34.080 3.884
386 0 1 34.928 4.929 34.080 3.817
387 0 1 34.937 4.900 34.089 3.789
388 0 1 34.965 4.852 34.118 3.741
389 0 1 34.956 4.824 34.108 3.712
0 1 1 34.243 15.966 33.530 15.103
1 1 1 34.262 15.994 33.520 15.094
2 1 1 34.262 15.956 33.520 15.055
3 1 1 34.262 15.937 33.520 15.036
4 1 1 34.262 15.889 33.519 14.989
5 1 1 34.261 15.851 33.519 14.950
6 1 1 34.261 15.813 33.519 14.912
7 1 1 34.261 15.765 33.519 14.864
8 1 1 34.289 15.707 33.547 14.807
9 1 1 34.299 15.688 33.556 14.787
10 1 1 34.279 15.621 33.537 14.721
11 1 1 34.336 15.554 33.594 14.653
12 1 1 34.279 15.545 33.536 14.644
13 1 1 34.278 15.516 33.536 14.616
14 1 1 34.250 15.488 33.507 14.587
15 1 1 34.278 15.440 33.536 14.539
16 1 1 34.278 15.392 33.535 14.491
17 1 1 34.268 15.354 33.526 14.453
18 1 1 34.239 15.316 33.497 14.415
19 1 1 34.239 15.306 33.497 14.406
20 1 1 34.248 15.258 33.506 14.358
21 1 1 34.238 15.230 33.496 14.329
22 1 1 34.238 15.182 33.496 14.281
23 1 1 34.219 15.154 33.477 14.253
24 1 1 34.199 15.106 33.457 14.205
25 1 1 34.199 15.077 33.457 14.177
26 1 1 34.199 15.029 33.457 14.129
27 1 1 34.199 14.982 33.456 14.081
28 1 1 34.198 14.934 33.456 14.033
29 1 1 34.198 14.896 33.456 13.995
30 1 1 34.198 14.877 33.456 13.976
31 1 1 34.198 14.848 33.455 13.947
32 1 1 34.197 14.800 33.455 13.899
33 1 1 34.197 14.771 33.455 13.871
34 1 1 34.197 14.724 33.455 13.823
35 1 1 34.197 14.695 33.454 13.794
36 1 1 34.197 14.666 33.454 13.766
37 1 1 34.196 14.638 33.454 13.737
38 1 1 34.196 14.571 33.454 13.670
39 1 1 34.196 14.542 33.454 13.641
40 1 1 34.215 14.494 33.472 13.593
41 1 1 34.195 14.447 33.453 13.546
42 1 1 34.214 14.399 33.472 13.498
43 1 1 34.214 14.370 33.472 13.469
44 1 1 34.213 14.313 33.471 13.412
45 1 1 34.213 14.293 33.471 13.393
46 1 1 34.213 14.246 33.471 13.345
47 1 1 34.194 14.217 33.451 13.316
48 1 1 34.213 14.188 33.470 13.287
49 1 1 34.193 14.160 33.451 13.259
50 1 1 34.193 14.112 33.451 13.211
51 1 1 34.193 14.083 33.451 13.182
52 1 1 34.193 14.036 33.450 13.135
53 1 1 34.192 14.007 33.450 13.106
54 1 1 34.192 13.959 33.450 13.058
55 1 1 34.192 13.911 33.450 13.010
56 1 1 34.191 13.864 33.449 12.963
57 1 1 34.191 13.835 33.449 12.934
58 1 1 34.172 13.787 33.430 12.886
59 1 1 34.152 13.740 33.410 12.839
60 1 1 34.171 13.692 33.429 12.791
61 1 1 34.171 13.663 33.429 12.762
62 1 1 34.171 13.606 33.428 12.705
63 1 1 34.171 13.587 33.428 12.686
64 1 1 34.189 13.529 33.447 12.628
65 1 1 34.208 13.510 33.466 12.609
66 1 1 34.189 13.462 33.447 12.561
67 1 1 34.208 13.433 33.466 12.532
68 1 1 34.207 13.376 33.465 12.475
69 1 1 34.207 13.357 33.465 12.456
70 1 1 34.207 13.280 33.465 12.379
71 1 1 34.226 13.261 33.484 12.360
72 1 1 34.245 13.213 33.503 12.312
73 1 1 34.244 13.165 33.502 12.264
74 1 1 34.244 13.118 33.502 12.217
75 1 1 34.263 13.089 33.521 12.188
76 1 1 34.282 13.031 33.540 12.130
77 1 1 34.262 13.003 33.520 12.102
78 1 1 34.281 12.964 33.539 12.063
79 1 1 34.281 12.936 33.539 12.035
80 1 1 34.281 12.888 33.539 11.987
81 1 1 34.281 12.859 33.539 11.958
82 1 1 34.280 12.812 33.538 11.911
83 1 1 34.280 12.783 33.538 11.882
84 1 1 34.280 12.735 33.538 11.834
85 1 1 34.280 12.706 33.538 11.805
86 1 1 34.279 12.659 33.537 11.758
87 1 1 34.279 12.630 33.537 11.729
88 1 1 34.260 12.573 33.518 11.672
89 1 1 34.260 12.544 33.517 11.643
90 1 1 34.259 12.487 33.517 11.586
91 1 1 34.259 12.458 33.517 11.557
92 1 1 34.259 12.410 33.517 11.509
93 1 1 34.259 12.401 33.517 11.500
94 1 1 34.258 12.344 33.516 11.442
95 1 1 34.258 12.334 33.516 11.433
96 1 1 34.258 12.296 33.516 11.395
97 1 1 34.258 12.286 33.516 11.385
98 1 1 34.258 12.258 33.516 11.356
99 1 1 34.277 12.229 33.535 11.328
100 1 1 34.257 12.200 33.515 11.299
101 1 1 34.295 12.181 33.553 11.280
102 1 1 34.295 12.162 33.553 11.261
103 1 1 34.314 12.123 33.572 11.222
104 1 1 34.314 12.104 33.572 11.203
105 1 1 34.314 12.095 33.572 11.194
106 1 1 34.333 12.056 33.591 11.155
107 1 1 34.352 12.037 33.610 11.136
108 1 1 34.352 12.008 33.610 11.107
109 1 1 34.371 11.999 33.629 11.097
110 1 1 34.390 11.960 33.648 11.059
111 1 1 34.371 11.960 33.629 11.059
112 1 1 34.409 11.941 33.667 11.040
113 1 1 34.409 11.941 33.667 11.040
114 1 1 34.408 11.912 33.667 11.011
115 1 1 34.428 11.903 33.686 11.001
116 1 1 34.408 11.884 33.666 10.982
117 1 1 34.427 11.883 33.685 10.982
118 1 1 34.408 11.845 33.666 10.944
119 1 1 34.427 11.845 33.685 10.944
120 1 1 34.408 11.817 33.666 10.916
121 1 1 34.427 11.807 33.685 10.906
122 1 1 34.408 11.769 33.666 10.868
123 1 1 34.427 11.769 33.685 10.868
124 1 1 34.407 11.731 33.665 10.830
125 1 1 34.426 11.731 33.684 10.829
126 1 1 34.407 11.702 33.665 10.801
127 1 1 34.426 11.692 33.684 10.791
128 1 1 34.407 11.654 33.665 10.753
129 1 1 34.426 11.635 33.684 10.734
130 1 1 34.406 11.597 33.665 10.696
131 1 1 34.425 11.578 33.684 10.677
132 1 1 34.406 11.549 33.664 10.648
133 1 1 34.425 11.540 33.683 10.638
134 1 1 34.406 11.502 33.664 10.600
135 1 1 34.425 11.482 33.683 10.581
136 1 1 34.425 11.444 33.683 10.543
137 1 1 34.425 11.435 33.683 10.533
138 1 1 34.424 11.406 33.682 10.505
139 1 1 34.443 11.377 33.701 10.476
140 1 1 34.462 11.358 33.720 10.457
141 1 1 34.462 11.348 33.720 10.447
142 1 1 34.481 11.310 33.739 10.409
143 1 1 34.500 11.291 33.758 10.389
144 1 1 34.500 11.262 33.758 10.361
145 1 1 34.519 11.252 33.777 10.351
146 1 1 34.557 11.214 33.815 10.312
147 1 1 34.576 11.194 33.834 10.293
148 1 1 34.576 11.156 33.834 10.255
149 1 1 34.595 11.146 33.853 10.245
150 1 1 34.633 11.098 33.891 10.197
151 1 1 34.633 11.098 33.891 10.197
152 1 1 34.652 11.070 33.910 10.168
153 1 1 34.651 11.041 33.910 10.140
154 1 1 34.651 11.012 33.909 10.111
155 1 1 34.651 10.993 33.909 10.092
156 1 1 34.651 10.974 33.909 10.073
157 1 1 34.651 10.945 33.909 10.044
158 1 1 34.651 10.907 33.909 10.006
159 1 1 34.650 10.888 33.909 9.987
160 1 1 34.650 10.859 33.908 9.958
161 1 1 34.650 10.821 33.908 9.920
162 1 1 34.650 10.793 33.908 9.891
163 1 1 34.612 10.802 33.888 9.806
164 1 1 34.621 10.755 33.889 9.853
165 1 1 34.611 10.717 33.879 9.815
166 1 1 34.621 10.697 33.888 9.796
167 1 1 34.611 10.640 33.878 9.739
168 1 1 34.620 10.621 33.888 9.720
169 1 1 34.610 10.564 33.878 9.662
170 1 1 34.601 10.564 33.868 9.662
171 1 1 34.591 10.526 33.859 9.624
172 1 1 34.600 10.506 33.868 9.605
173 1 1 34.571 10.469 33.839 9.567
174 1 1 34.581 10.430 33.848 9.529
175 1 1 34.571 10.411 33.839 9.510
176 1 1 34.581 10.411 33.848 9.510
177 1 1 34.571 10.373 33.838 9.472
178 1 1 34.580 10.354 33.848 9.452
179 1 1 34.570 10.297 33.838 9.395
180 1 1 34.599 10.296 33.867 9.395
181 1 1 34.589 10.277 33.857 9.376
182 1 1 34.598 10.220 33.866 9.319
183 1 1 34.608 10.201 33.876 9.299
184 1 1 34.617 10.163 33.885 9.261
185 1 1 34.607 10.124 33.875 9.223
186 1 1 34.636 10.086 33.904 9.185
187 1 1 34.626 10.048 33.894 9.146
188 1 1 34.635 10.029 33.903 9.127
189 1 1 34.626 10.010 33.894 9.108
190 1 1 34.635 9.971 33.903 9.070
191 1 1 34.692 9.980 33.960 9.031
192 1 1 34.663 9.866 33.950 8.964
193 1 1 34.663 9.866 33.940 8.965
194 1 1 34.663 9.828 33.940 8.926
195 1 1 34.663 9.809 33.940 8.907
196 1 1 34.662 9.771 33.940 8.869
197 1 1 34.662 9.751 33.940 8.850
198 1 1 34.643 9.713 33.920 8.812
199 1 1 34.643 9.694 33.920 8.793
200 1 1 34.643 9.656 33.920 8.755
201 1 1 34.642 9.618 33.920 8.716
202 1 1 34.623 9.599 33.900 8.697
203 1 1 34.623 9.561 33.900 8.659
204 1 1 34.604 9.523 33.881 8.621
205 1 1 34.603 9.485 33.881 8.583
206 1 1 34.603 9.446 33.880 8.545
207 1 1 34.584 9.408 33.861 8.507
208 1 1 34.584 9.389 33.861 8.488
209 1 1 34.583 9.351 33.861 8.449
210 1 1 34.583 9.332 33.861 8.430
211 1 1 34.564 9.294 33.841 8.392
212 1 1 34.564 9.256 33.841 8.354
213 1 1 34.563 9.237 33.841 8.335
214 1 1 34.563 9.198 33.841 8.297
215 1 1 34.544 9.160 33.821 8.259
216 1 1 34.544 9.141 33.821 8.240
217 1 1 34.563 9.103 33.840 8.201
218 1 1 34.562 9.065 33.840 8.163
219 1 1 34.562 9.027 33.839 8.125
220 1 1 34.562 8.988 33.839 8.087
221 1 1 34.581 8.931 33.858 8.029
222 1 1 34.580 8.893 33.858 7.991
223 1 1 34.580 8.855 33.858 7.953
224 1 1 34.580 8.816 33.857 7.915
225 1 1 34.580 8.797 33.857 7.895
226 1 1 34.580 8.759 33.857 7.857
227 1 1 34.579 8.740 33.857 7.838
228 1 1 34.579 8.702 33.857 7.800
229 1 1 34.579 8.664 33.856 7.762
230 1 1 34.579 8.644 33.856 7.743
231 1 1 34.579 8.606 33.856 7.704
232 1 1 34.559 8.587 33.837 7.686
233 1 1 34.559 8.549 33.836 7.647
234 1 1 34.559 8.530 33.836 7.628
235 1 1 34.540 8.492 33.817 7.590
236 1 1 34.539 8.454 33.817 7.552
237 1 1 34.520 8.416 33.797 7.514
238 1 1 34.501 8.378 33.778 7.476
239 1 1 34.500 8.339 33.778 7.438
240 1 1 34.481 8.301 33.758 7.400
241 1 1 34.462 8.263 33.739 7.362
242 1 1 34.442 8.244 33.720 7.343
243 1 1 34.442 8.206 33.720 7.304
244 1 1 34.423 8.168 33.700 7.266
245 1 1 34.423 8.149 33.700 7.247
246 1 1 34.423 8.111 33.700 7.209
247 1 1 34.403 8.092 33.681 7.190
248 1 1 34.403 8.054 33.680 7.152
249 1 1 34.384 8.016 33.661 7.114
250 1 1 34.384 7.997 33.661 7.095
251 1 1 34.383 7.978 33.661 7.076
252 1 1 34.383 7.939 33.661 7.037
253 1 1 34.383 7.901 33.660 6.999
254 1 1 34.383 7.863 33.660 6.961
255 1 1 34.382 7.825 33.660 6.923
256 1 1 34.382 7.787 33.660 6.885
257 1 1 34.382 7.729 33.659 6.827
258 1 1 34.382 7.691 33.659 6.789
259 1 1 34.381 7.653 33.659 6.751
260 1 1 34.381 7.615 33.658 6.713
261 1 1 34.381 7.577 33.658 6.675
262 1 1 34.381 7.538 33.658 6.636
263 1 1 34.381 7.519 33.658 6.617
264 1 1 34.380 7.481 33.658 6.579
265 1 1 34.380 7.443 33.657 6.541
266 1 1 34.380 7.424 33.657 6.522
267 1 1 34.380 7.386 33.657 6.484
268 1 1 34.380 7.366 33.657 6.464
269 1 1 34.360 7.328 33.638 6.426
270 1 1 34.360 7.309 33.637 6.407
271 1 1 34.360 7.271 33.637 6.369
272 1 1 34.340 7.233 33.618 6.331
273 1 1 34.340 7.195 33.618 6.293
274 1 1 34.321 7.157 33.598 6.255
275 1 1 34.321 7.119 33.598 6.217
276 1 1 34.301 7.081 33.579 6.179
277 1 1 34.301 7.042 33.578 6.140
278 1 1 34.282 7.004 33.559 6.102
279 1 1 34.281 6.966 33.559 6.064
280 1 1 34.281 6.928 33.559 6.026
281 1 1 34.281 6.909 33.558 6.007
282 1 1 34.281 6.871 33.558 5.969
283 1 1 34.281 6.833 33.558 5.930
284 1 1 34.261 6.794 33.539 5.892
285 1 1 34.261 6.756 33.538 5.854
286 1 1 34.261 6.737 33.538 5.835
287 1 1 34.261 6.699 33.538 5.797
288 1 1 34.260 6.661 33.538 5.759
289 1 1 34.260 6.623 33.537 5.720
290 1 1 34.260 6.584 33.537 5.682
291 1 1 34.279 6.546 33.556 5.644
292 1 1 34.278 6.489 33.556 5.587
293 1 1 34.278 6.451 33.555 5.548
294 1 1 34.278 6.412 33.555 5.510
295 1 1 34.297 6.374 33.574 5.472
296 1 1 34.297 6.336 33.574 5.434
297 1 1 34.296 6.298 33.574 5.396
298 1 1 34.296 6.260 33.573 5.357
299 1 1 34.296 6.240 33.573 5.338
300 1 1 34.296 6.202 33.573 5.300
301 1 1 34.276 6.164 33.554 5.262
302 1 1 34.276 6.145 33.554 5.243
303 1 1 34.276 6.107 33.553 5.205
304 1 1 34.276 6.088 33.553 5.186
305 1 1 34.256 6.050 33.534 5.148
306 1 1 34.256 6.012 33.534 5.109
307 1 1 34.237 5.974 33.514 5.071
308 1 1 34.218 5.936 33.495 5.033
309 1 1 34.217 5.897 33.495 4.995
310 1 1 34.198 5.859 33.475 4.957
311 1 1 34.179 5.821 33.456 4.919
312 1 1 34.159 5.783 33.437 4.881
313 1 1 34.140 5.745 33.417 4.843
314 1 1 34.140 5.707 33.417 4.805
315 1 1 34.120 5.669 33.398 4.766
316 1 1 34.120 5.650 33.397 4.747
317 1 1 34.101 5.612 33.378 4.709
318 1 1 34.101 5.574 33.378 4.671
319 1 1 34.100 5.535 33.378 4.633
320 1 1 34.081 5.516 33.358 4.614
321 1 1 34.081 5.478 33.358 4.576
322 1 1 34.081 5.440 33.358 4.538
323 1 1 34.080 5.402 33.358 4.499
324 1 1 34.080 5.383 33.358 4.480
325 1 1 34.080 5.345 33.357 4.442
326 1 1 34.080 5.306 33.357 4.404
327 1 1 34.098 5.249 33.376 4.347
328 1 1 34.098 5.211 33.376 4.308
329 1 1 34.098 5.173 33.375 4.270
330 1 1 34.117 5.134 33.394 4.232
331 1 1 34.117 5.096 33.394 4.194
332 1 1 34.117 5.077 33.394 4.175
333 1 1 34.116 5.039 33.394 4.136
334 1 1 34.116 5.020 33.393 4.117
335 1 1 34.116 4.982 33.393 4.079
336 1 1 34.116 4.962 33.393 4.060
337 1 1 34.116 4.924 33.393 4.022
338 1 1 34.115 4.905 33.393 4.003
339 1 1 34.115 4.867 33.393 3.965
340 1 1 34.115 4.848 33.392 3.945
341 1 1 34.096 4.829 33.373 3.926
342 1 1 34.096 4.791 33.373 3.888
343 1 1 34.076 4.753 33.354 3.850
344 1 1 34.076 4.734 33.353 3.831
345 1 1 34.076 4.695 33.353 3.793
346 1 1 34.056 4.657 33.334 3.755
347 1 1 34.056 4.619 33.334 3.717
348 1 1 34.037 4.581 33.314 3.679
349 1 1 34.018 4.543 33.295 3.641
350 1 1 34.017 4.505 33.295 3.602
351 1 1 34.017 4.486 33.294 3.583
352 1 1 33.998 4.448 33.275 3.545
353 1 1 33.998 4.429 33.275 3.526
354 1 1 33.997 4.390 33.275 3.488
355 1 1 33.997 4.371 33.275 3.469
356 1 1 33.997 4.352 33.275 3.450
357 1 1 33.997 4.314 33.274 3.412
358 1 1 33.997 4.276 33.274 3.373
359 1 1 33.997 4.257 33.274 3.354
360 1 1 33.996 4.219 33.274 3.316
361 1 1 33.996 4.181 33.273 3.278
362 1 1 34.015 4.142 33.292 3.240
363 1 1 34.015 4.104 33.292 3.201
364 1 1 34.015 4.066 33.292 3.163
365 1 1 34.014 4.028 33.292 3.125
366 1 1 34.014 3.990 33.291 3.087
367 1 1 34.033 3.970 33.310 3.068
368 1 1 34.033 3.932 33.310 3.029
369 1 1 34.033 3.913 33.310 3.010
370 1 1 34.033 3.894 33.310 2.991
371 1 1 34.032 3.856 33.310 2.953
372 1 1 34.032 3.837 33.310 2.934
373 1 1 34.032 3.818 33.309 2.915
374 1 1 34.013 3.799 33.290 2.896
375 1 1 34.013 3.760 33.290 2.858
376 1 1 34.012 3.741 33.290 2.839
377 1 1 33.993 3.722 33.271 2.820
378 1 1 33.993 3.684 33.270 2.781
379 1 1 33.974 3.665 33.251 2.762
380 1 1 33.973 3.627 33.251 2.724
381 1 1 33.954 3.608 33.232 2.705
382 1 1 33.954 3.570 33.231 2.667
383 1 1 33.935 3.551 33.212 2.648
384 1 1 33.935 3.513 33.212 2.610
385 1 1 33.915 3.494 33.193 2.591
386 1 1 33.915 3.475 33.193 2.572
387 1 1 33.915 3.436 33.192 2.534
388 1 1 33.915 3.417 33.192 2.515
389 1 1 33.915 3.398 33.192 2.496
0 2 1 38.296 15.122 37.555 14.098
1 2 1 38.286 15.093 37.544 13.955
2 2 1 38.286 15.074 37.534 13.936
3 2 1 38.333 15.045 37.554 13.946
4 2 1 38.343 15.035 37.563 13.936
5 2 1 38.381 15.064 37.553 13.850
6 2 1 38.399 14.958 37.553 13.888
7 2 1 38.370 14.873 37.525 13.994
8 2 1 38.379 14.815 37.534 13.869
9 2 1 38.388 14.749 37.544 13.860
10 2 1 38.388 14.739 37.572 13.812
11 2 1 38.283 14.711 37.562 13.707
12 2 1 38.321 14.625 37.562 13.716
13 2 1 38.283 14.616 37.571 13.659
14 2 1 38.330 14.549 37.571 13.697
15 2 1 38.302 14.625 37.522 13.526
16 2 1 38.320 14.530 37.523 13.669
17 2 1 38.292 14.578 37.542 13.602
18 2 1 38.282 14.540 37.532 13.564
19 2 1 38.272 14.502 37.522 13.526
20 2 1 38.263 14.483 37.513 13.507
21 2 1 38.205 14.416 37.539 13.249
22 2 1 38.186 14.388 37.530 13.230
23 2 1 38.224 14.311 37.492 13.326
24 2 1 38.166 14.274 37.483 13.297
25 2 1 38.204 14.178 37.493 13.354
26 2 1 38.222 14.130 37.492 13.326
27 2 1 38.204 14.206 37.492 13.249
28 2 1 38.194 14.187 37.482 13.230
29 2 1 38.231 14.054 37.463 13.183
30 2 1 38.174 13.997 37.462 13.040
31 2 1 38.135 13.921 37.443 13.021
32 2 1 38.145 13.949 37.443 13.011
33 2 1 38.135 13.873 37.471 12.954
34 2 1 38.144 13.883 37.452 12.954
35 2 1 38.106 13.864 37.432 12.878
36 2 1 38.116 13.835 37.432 12.906
37 2 1 38.077 13.855 37.422 12.849
38 2 1 38.029 13.798 37.395 12.964
39 2 1 38.029 13.788 37.404 12.935
40 2 1 38.077 13.769 37.394 12.869
41 2 1 38.039 13.731 37.375 12.897
42 2 1 38.086 13.721 37.413 12.830
43 2 1 38.076 13.616 37.422 12.859
44 2 1 38.048 13.693 37.394 12.811
45 2 1 38.114 13.539 37.422 12.830
46 2 1 38.085 13.616 37.431 12.744
47 2 1 38.038 13.607 37.384 12.735
48 2 1 38.084 13.368 37.412 12.678
49 2 1 38.084 13.339 37.392 12.506
50 2 1 38.074 13.301 37.373 12.516
51 2 1 38.141 13.348 37.410 12.429
52 2 1 38.122 13.310 37.447 12.305
53 2 1 38.064 13.244 37.410 12.401
54 2 1 38.102 13.196 37.448 12.353
55 2 1 38.101 13.158 37.448 12.315
56 2 1 38.168 13.100 37.514 12.257
57 2 1 38.102 13.177 37.409 12.210
58 2 1 38.130 13.148 37.361 12.230
59 2 1 38.148 13.014 37.334 12.392
60 2 1 38.176 12.900 37.371 12.277
61 2 1 38.100 13.005 37.447 12.181
62 2 1 38.110 12.948 37.456 12.124
63 2 1 38.110 12.938 37.456 12.114
64 2 1 38.100 12.910 37.446 12.086
65 2 1 38.109 12.881 37.455 12.057
66 2 1 38.109 12.843 37.455 12.019
67 2 1 38.109 12.814 37.455 11.990
68 2 1 38.089 12.652 37.455 11.942
69 2 1 38.012 12.653 37.416 11.857
70 2 1 38.031 12.557 37.388 11.924
71 2 1 38.059 12.567 37.406 11.866
72 2 1 38.078 12.528 37.397 11.867
73 2 1 38.059 12.481 37.406 11.876
74 2 1 38.049 12.481 37.416 11.819
75 2 1 38.125 12.452 37.425 11.771
76 2 1 38.088 12.490 37.453 11.742
77 2 1 38.097 12.461 37.463 11.713
78 2 1 38.087 12.442 37.453 11.694
79 2 1 38.087 12.423 37.453 11.675
80 2 1 38.173 12.413 37.490 11.589
81 2 1 38.106 12.375 37.451 11.465
82 2 1 38.211 12.365 37.423 11.475
83 2 1 38.125 12.318 37.413 11.427
84 2 1 38.134 12.270 37.385 11.447
85 2 1 38.067 12.338 37.393 11.313
86 2 1 38.010 12.300 37.355 11.323
87 2 1 38.020 12.309 37.327 11.333
88 2 1 38.010 12.243 37.355 11.352
89 2 1 38.000 12.262 37.336 11.295
90 2 1 37.981 12.272 37.336 11.352
91 2 1 37.981 12.262 37.365 11.352
92 2 1 37.972 12.262 37.326 11.266
93 2 1 37.943 12.272 37.355 11.266
94 2 1 37.971 12.234 37.355 11.285
95 2 1 37.961 12.129 37.346 11.380
96 2 1 37.913 12.043 37.269 11.324
97 2 1 37.894 12.053 37.279 11.314
98 2 1 37.827 11.949 37.165 11.353
99 2 1 37.808 12.016 37.193 11.286
100 2 1 37.835 11.853 37.154 11.258
101 2 1 37.873 11.796 37.182 11.105
102 2 1 37.873 11.805 37.192 11.095
103 2 1 37.911 11.747 37.201 11.076
104 2 1 37.882 11.748 37.153 11.105
105 2 1 37.901 11.738 37.162 11.019
106 2 1 37.892 11.767 37.201 11.019
107 2 1 37.892 11.738 37.229 10.971
108 2 1 37.873 11.738 37.229 11.000
109 2 1 37.873 11.729 37.200 11.000
110 2 1 37.882 11.729 37.200 10.981
111 2 1 37.873 11.729 37.210 10.971
112 2 1 37.844 11.710 37.181 10.971
113 2 1 37.854 11.729 37.133 10.857
114 2 1 37.806 11.701 37.152 10.838
115 2 1 37.805 11.634 37.161 10.857
116 2 1 37.815 11.615 37.170 10.790
117 2 1 37.805 11.567 37.190 10.828
118 2 1 37.824 11.510 37.209 10.838
119 2 1 37.842 11.462 37.199 10.771
120 2 1 37.823 11.395 37.199 10.723
121 2 1 37.813 11.357 37.160 10.666
122 2 1 37.832 11.347 37.122 10.628
123 2 1 37.823 11.367 37.112 10.609
124 2 1 37.823 11.367 37.141 10.676
125 2 1 37.852 11.405 37.093 10.591
126 2 1 37.832 11.395 37.083 10.572
127 2 1 37.852 11.405 37.102 10.514
128 2 1 37.833 11.414 37.064 10.543
129 2 1 37.804 11.434 37.150 10.533
130 2 1 37.814 11.529 37.168 10.447
131 2 1 37.794 11.319 37.179 10.647
132 2 1 37.784 11.300 37.169 10.628
133 2 1 37.794 11.271 37.179 10.599
134 2 1 37.756 11.415 37.168 10.370
135 2 1 37.765 11.224 37.159 10.552
136 2 1 37.746 11.320 37.149 10.428
137 2 1 37.745 11.205 37.150 10.533
138 2 1 37.745 11.177 37.150 10.504
139 2 1 37.745 11.157 37.149 10.485
140 2 1 37.745 11.129 37.149 10.456
141 2 1 37.725 10.995 37.081 10.247
142 2 1 37.696 10.958 37.100 10.285
143 2 1 37.696 10.929 37.100 10.257
144 2 1 37.705 10.910 37.110 10.237
145 2 1 37.696 10.881 37.100 10.209
146 2 1 37.705 10.852 37.109 10.180
147 2 1 37.820 10.918 37.118 10.123
148 2 1 37.829 10.947 37.137 10.027
149 2 1 37.839 10.956 37.165 9.951
150 2 1 37.858 10.947 37.174 9.836
151 2 1 37.858 10.899 37.164 9.817
152 2 1 37.867 10.908 37.193 9.912
153 2 1 37.896 10.870 37.174 9.941
154 2 1 37.857 10.842 37.193 9.855
155 2 1 37.857 10.794 37.155 9.865
156 2 1 37.828 10.756 37.155 9.836
157 2 1 37.837 10.670 37.154 9.808
158 2 1 37.856 10.632 37.145 9.760
159 2 1 37.808 10.594 37.106 9.665
160 2 1 37.750 10.461 37.154 9.789
161 2 1 37.769 10.432 37.125 9.703
162 2 1 37.740 10.404 37.144 9.731
163 2 1 37.740 10.375 37.144 9.703
164 2 1 37.740 10.347 37.144 9.674
165 2 1 37.816 10.346 37.142 9.350
166 2 1 37.825 10.327 37.123 9.369
167 2 1 37.816 10.308 37.152 9.378
168 2 1 37.797 10.308 37.189 9.311
169 2 1 37.806 10.289 37.161 9.273
170 2 1 37.816 10.298 37.151 9.235
171 2 1 37.816 10.270 37.170 9.226
172 2 1 37.835 10.317 37.140 9.092
173 2 1 37.854 10.269 37.188 9.140
174 2 1 37.843 10.174 37.170 9.254
175 2 1 37.833 10.079 37.170 9.273
176 2 1 37.824 10.060 37.169 9.111
177 2 1 37.832 9.926 37.140 9.035
178 2 1 37.813 9.850 37.102 9.112
179 2 1 37.831 9.783 37.102 9.016
180 2 1 37.831 9.773 37.073 8.969
181 2 1 37.822 9.735 37.101 8.988
182 2 1 37.755 9.698 37.159 9.025
183 2 1 37.754 9.669 37.159 8.997
184 2 1 37.802 9.717 37.111 8.930
185 2 1 37.840 9.697 37.130 8.940
186 2 1 37.840 9.697 37.129 8.882
187 2 1 37.793 9.688 37.120 8.911
188 2 1 37.821 9.678 37.129 8.892
189 2 1 37.802 9.669 37.110 8.883
190 2 1 37.783 9.669 37.129 8.873
191 2 1 37.792 9.640 37.100 8.787
192 2 1 37.802 9.593 37.119 8.739
193 2 1 37.791 9.459 37.137 8.644
194 2 1 37.791 9.392 37.118 8.606
195 2 1 37.790 9.345 37.089 8.549
196 2 1 37.828 9.316 37.175 8.510
197 2 1 37.799 9.249 37.194 8.500
198 2 1 37.856 9.125 37.212 8.348
199 2 1 37.855 9.068 37.173 8.338
200 2 1 37.855 9.048 37.174 8.357
201 2 1 37.874 9.039 37.164 8.338
202 2 1 37.826 9.011 37.097 8.320
203 2 1 37.807 9.001 37.049 8.282
204 2 1 37.798 9.011 37.058 8.244
205 2 1 37.817 9.001 37.106 8.253
206 2 1 37.797 8.963 37.125 8.177
207 2 1 37.750 9.002 37.096 8.148
208 2 1 37.721 8.906 37.125 8.234
209 2 1 37.711 8.878 37.115 8.205
210 2 1 37.701 8.840 37.106 8.167
211 2 1 37.711 8.811 37.115 8.138
212 2 1 37.691 8.792 37.096 8.120
213 2 1 37.691 8.764 37.096 8.091
214 2 1 37.681 8.735 37.086 8.062
215 2 1 37.681 8.716 37.086 8.043
216 2 1 37.681 8.706 37.086 8.034
218 2 1 37.672 8.697 37.076 8.024
219 2 1 37.672 8.678 37.076 8.005
220 2 1 37.662 8.659 37.066 7.986
221 2 1 37.662 8.649 37.066 7.977
222 2 1 37.662 8.630 37.066 7.958
223 2 1 37.662 8.611 37.066 7.939
224 2 1 37.652 8.592 37.056 7.920
225 2 1 37.642 8.573 37.047 7.901
226 2 1 37.652 8.545 37.056 7.872
227 2 1 37.642 8.526 37.046 7.853
228 2 1 37.642 8.497 37.046 7.824
229 2 1 37.642 8.468 37.046 7.796
230 2 1 37.641 8.440 37.046 7.767
231 2 1 37.632 8.411 37.036 7.738
232 2 1 37.622 8.373 37.026 7.700
233 2 1 37.631 8.344 37.036 7.672
234 2 1 37.612 8.316 37.016 7.643
235 2 1 37.612 8.278 37.016 7.605
236 2 1 37.611 8.230 37.016 7.557
238 2 1 37.602 8.221 37.006 7.548
239 2 1 37.592 8.192 36.996 7.519
240 2 1 37.582 8.164 36.987 7.491
241 2 1 37.582 8.135 36.987 7.462
242 2 1 37.582 8.106 36.986 7.434
243 2 1 37.572 8.078 36.977 7.405
244 2 1 37.563 8.049 36.967 7.376
245 2 1 37.581 8.011 36.986 7.338
246 2 1 37.591 7.982 36.995 7.309
247 2 1 37.571 7.954 36.976 7.281
248 2 1 37.571 7.916 36.976 7.243
249 2 1 37.561 7.878 36.966 7.205
250 2 1 37.571 7.839 36.975 7.167
251 2 1 37.561 7.811 36.965 7.138
252 2 1 37.561 7.763 36.965 7.090
253 2 1 37.560 7.725 36.965 7.052
254 2 1 37.560 7.687 36.965 7.014
255 2 1 37.550 7.649 36.955 6.976
256 2 1 37.541 7.611 36.945 6.938
257 2 1 37.550 7.573 36.954 6.900
258 2 1 37.540 7.534 36.944 6.862
259 2 1 37.540 7.496 36.944 6.823
260 2 1 37.540 7.468 36.944 6.795
261 2 1 37.539 7.430 36.944 6.757
262 2 1 37.539 7.401 36.944 6.728
263 2 1 37.539 7.363 36.943 6.690
264 2 1 37.539 7.334 36.943 6.661
265 2 1 37.539 7.296 36.943 6.623
266 2 1 37.548 7.258 36.952 6.585
267 2 1 37.548 7.220 36.952 6.547
268 2 1 37.557 7.181 36.961 6.509
269 2 1 37.576 7.134 36.980 6.461
270 2 1 37.585 7.095 36.989 6.423
271 2 1 37.594 7.048 36.999 6.375
272 2 1 37.613 7.000 37.017 6.327
273 2 1 37.622 6.962 37.027 6.289
274 2 1 37.622 6.914 37.026 6.241
275 2 1 37.631 6.876 37.036 6.203
276 2 1 37.650 6.838 37.054 6.165
277 2 1 37.659 6.799 37.064 6.126
278 2 1 37.659 6.761 37.063 6.088
279 2 1 37.668 6.723 37.073 6.050
280 2 1 37.687 6.685 37.092 6.012
281 2 1 37.687 6.647 37.091 5.974
282 2 1 37.696 6.608 37.101 5.935
283 2 1 37.696 6.561 37.100 5.888
284 2 1 37.695 6.523 37.100 5.850
285 2 1 37.695 6.475 37.100 5.802
286 2 1 37.695 6.437 37.099 5.764
287 2 1 37.704 6.389 37.109 5.716
288 2 1 37.713 6.341 37.118 5.668
289 2 1 37.704 6.294 37.108 5.621
290 2 1 37.733 6.494 37.135 5.334
291 2 1 37.703 6.246 37.108 5.573
292 2 1 37.712 6.198 37.117 5.525
293 2 1 37.703 6.170 37.107 5.497
294 2 1 37.712 6.132 37.116 5.459
295 2 1 37.702 6.093 37.107 5.420
296 2 1 37.711 6.055 37.116 5.382
297 2 1 37.702 6.017 37.106 5.344
298 2 1 37.711 5.979 37.115 5.306
299 2 1 37.739 5.912 37.086 5.125
300 2 1 37.701 5.855 37.105 5.182
301 2 1 37.700 5.817 37.105 5.144
302 2 1 37.710 5.779 37.114 5.106
303 2 1 37.709 5.731 37.114 5.058
304 2 1 37.709 5.683 37.114 5.010
305 2 1 37.718 5.636 37.123 4.963
306 2 1 37.728 5.598 37.132 4.924
307 2 1 37.727 5.550 37.132 4.877
308 2 1 37.727 5.512 37.132 4.839
309 2 1 37.727 5.474 37.131 4.801
310 2 1 37.736 5.435 37.141 4.762
311 2 1 37.745 5.397 37.150 4.724
312 2 1 37.745 5.359 37.150 4.686
313 2 1 37.754 5.321 37.159 4.648
314 2 1 37.773 5.283 37.178 4.610
315 2 1 37.839 5.168 37.215 4.409
316 2 1 37.839 5.139 37.195 4.419
317 2 1 37.829 5.149 37.185 4.333
318 2 1 37.829 5.130 37.214 4.304
319 2 1 37.791 5.130 37.175 4.276
320 2 1 37.781 5.035 37.186 4.362
321 2 1 37.781 4.987 37.185 4.314
322 2 1 37.780 4.939 37.185 4.266
323 2 1 37.790 4.892 37.194 4.219
324 2 1 37.799 4.854 37.203 4.180
325 2 1 37.789 4.806 37.194 4.133
326 2 1 37.903 4.786 37.249 3.837
327 2 1 37.874 4.710 37.249 3.846
328 2 1 37.854 4.615 37.259 3.942
329 2 1 37.854 4.577 37.259 3.904
330 2 1 37.864 4.539 37.268 3.865
331 2 1 37.931 4.605 37.201 3.751
332 2 1 37.863 4.510 37.268 3.837
333 2 1 37.873 4.481 37.277 3.808
334 2 1 37.882 4.443 37.287 3.770
335 2 1 37.901 4.405 37.305 3.732
336 2 1 37.910 4.357 37.315 3.684
337 2 1 37.919 4.319 37.324 3.646
338 2 1 37.948 4.281 37.352 3.608
339 2 1 37.957 4.243 37.362 3.569
340 2 1 37.968 4.471 37.341 3.360
341 2 1 37.976 4.195 37.380 3.522
342 2 1 37.985 4.157 37.390 3.483
343 2 1 37.994 4.128 37.399 3.455
344 2 1 38.013 4.090 37.418 3.417
345 2 1 38.022 4.061 37.427 3.388
346 2 1 38.032 4.032 37.436 3.359
347 2 1 38.060 4.004 37.465 3.330
348 2 1 38.060 3.966 37.465 3.292
349 2 1 38.069 3.927 37.474 3.254
350 2 1 38.088 3.889 37.493 3.216
351 2 1 38.097 3.861 37.502 3.187
352 2 1 38.107 3.822 37.511 3.149
353 2 1 38.116 3.784 37.521 3.111
354 2 1 38.326 3.850 37.509 2.816
355 2 1 38.326 3.821 37.528 2.777
356 2 1 38.106 3.727 37.511 3.054
357 2 1 38.115 3.689 37.520 3.016
358 2 1 38.115 3.651 37.520 2.978
359 2 1 38.124 3.613 37.529 2.939
360 2 1 38.133 3.574 37.538 2.901
361 2 1 38.133 3.546 37.538 2.873
362 2 1 38.133 3.517 37.538 2.844
364 2 1 38.124 3.508 37.528 2.835
365 2 1 38.123 3.479 37.528 2.806
366 2 1 38.133 3.451 37.537 2.777
367 2 1 38.132 3.412 37.537 2.739
368 2 1 38.132 3.384 37.537 2.711
369 2 1 38.142 3.355 37.546 2.682
370 2 1 38.160 3.317 37.565 2.644
371 2 1 38.170 3.279 37.574 2.606
372 2 1 38.169 3.241 37.574 2.567
373 2 1 38.179 3.212 37.584 2.539
374 2 1 38.198 3.174 37.602 2.501
375 2 1 38.207 3.136 37.612 2.462
376 2 1 38.207 3.107 37.611 2.434
377 2 1 38.216 3.078 37.621 2.405
378 2 1 38.225 3.040 37.630 2.367
379 2 1 38.225 3.012 37.630 2.338
380 2 1 38.234 2.993 37.639 2.319
382 2 1 38.225 2.983 37.630 2.310
383 2 1 38.234 2.954 37.639 2.281
384 2 1 38.244 2.935 37.648 2.262
386 2 1 38.234 2.926 37.639 2.253
387 2 1 38.234 2.916 37.639 2.243
388 2 1 38.243 2.897 37.648 2.224
389 2 1 38.243 2.869 37.648 2.195
0 3 1 37.194 14.445 36.407 13.651
1 3 1 37.223 14.474 36.397 13.642
2 3 1 37.213 14.426 36.387 13.594
3 3 1 37.203 14.312 36.377 13.470
4 3 1 37.203 14.312 36.377 13.480
5 3 1 37.212 14.273 36.386 13.441
6 3 1 37.202 14.216 36.376 13.384
7 3 1 37.193 14.169 36.366 13.336
8 3 1 37.231 14.187 36.519 13.306
9 3 1 37.259 14.168 36.481 13.316
10 3 1 37.259 14.120 36.481 13.269
11 3 1 37.268 14.044 36.490 13.192
12 3 1 37.258 14.025 36.480 13.173
13 3 1 37.258 13.977 36.480 13.125
14 3 1 37.249 13.968 36.470 13.116
15 3 1 37.238 13.882 36.460 13.030
16 3 1 37.238 13.834 36.460 12.982
17 3 1 37.218 13.634 36.391 12.744
18 3 1 37.198 13.596 36.344 12.754
19 3 1 37.160 13.634 36.371 12.611
20 3 1 37.208 13.558 36.342 12.506
21 3 1 37.236 13.529 36.380 12.448
22 3 1 37.179 13.510 36.370 12.420
23 3 1 37.160 13.501 36.399 12.486
24 3 1 37.140 13.472 36.371 12.515
25 3 1 37.150 13.453 36.371 12.525
26 3 1 37.140 13.396 36.398 12.391
27 3 1 37.149 13.291 36.360 12.391
28 3 1 37.186 13.214 36.359 12.248
29 3 1 37.158 13.186 36.388 12.267
30 3 1 37.166 13.081 36.321 12.220
31 3 1 37.166 12.985 36.311 12.201
32 3 1 37.184 12.928 36.263 12.154
33 3 1 37.165 12.861 36.282 12.172
34 3 1 37.127 12.871 36.292 12.134
35 3 1 37.136 12.871 36.291 12.020
36 3 1 37.117 12.843 36.271 11.896
37 3 1 37.136 12.795 36.261 11.858
38 3 1 37.107 12.738 36.252 11.858
39 3 1 37.116 12.728 36.300 11.886
40 3 1 37.154 12.670 36.309 11.886
41 3 1 37.287 12.593 36.356 11.771
42 3 1 37.239 12.507 36.289 11.762
43 3 1 37.153 12.546 36.385 11.732
44 3 1 37.200 12.450 36.385 11.761
45 3 1 37.210 12.450 36.413 11.694
46 3 1 37.162 12.384 36.422 11.608
47 3 1 37.190 12.269 36.393 11.551
48 3 1 37.161 12.308 36.373 11.427
49 3 1 37.152 12.308 36.382 11.351
50 3 1 37.142 12.203 36.383 11.427
51 3 1 37.141 12.165 36.382 11.389
52 3 1 37.141 12.136 36.382 11.360
53 3 1 37.094 12.184 36.361 11.026
54 3 1 37.094 12.251 36.360 10.912
55 3 1 37.092 11.974 36.352 11.179
56 3 1 37.092 11.927 36.352 11.131
57 3 1 37.092 11.898 36.352 11.103
58 3 1 37.072 11.831 36.332 11.036
59 3 1 37.072 11.803 36.332 11.007
60 3 1 37.072 11.755 36.332 10.960
61 3 1 37.071 11.660 36.303 10.950
62 3 1 37.052 11.698 36.312 10.912
63 3 1 37.080 11.612 36.302 10.807
64 3 1 37.052 11.574 36.283 10.731
65 3 1 37.080 11.526 36.292 10.655
66 3 1 37.051 11.478 36.311 10.693
67 3 1 37.051 11.440 36.311 10.654
68 3 1 37.050 11.383 36.310 10.597
69 3 1 37.050 11.326 36.310 10.540
70 3 1 37.050 11.307 36.310 10.521
71 3 1 37.126 11.335 36.310 10.473
72 3 1 37.078 11.287 36.338 10.501
73 3 1 37.078 11.249 36.338 10.463
74 3 1 37.078 11.192 36.338 10.406
75 3 1 37.077 11.135 36.337 10.349
76 3 1 37.077 11.115 36.337 10.330
77 3 1 37.077 11.058 36.337 10.272
78 3 1 37.077 11.020 36.337 10.234
79 3 1 37.076 10.982 36.336 10.196
80 3 1 37.018 10.830 36.279 10.149
81 3 1 37.018 10.744 36.259 9.996
82 3 1 37.036 10.715 36.229 9.872
83 3 1 37.074 10.648 36.248 9.786
84 3 1 37.084 10.648 36.238 9.758
85 3 1 37.112 10.648 36.247 9.720
86 3 1 37.141 10.638 36.257 9.662
87 3 1 37.150 10.609 36.285 9.672
88 3 1 37.198 10.580 36.256 9.567
89 3 1 37.188 10.561 36.321 9.337
90 3 1 37.188 10.532 36.378 9.213
91 3 1 37.150 10.514 36.358 9.165
92 3 1 37.074 10.553 36.340 9.194
93 3 1 37.121 10.504 36.358 9.175
94 3 1 37.092 10.514 36.368 9.165
95 3 1 37.112 10.629 36.271 8.975
96 3 1 37.045 10.610 36.288 8.641
97 3 1 37.056 10.724 36.299 8.898
98 3 1 37.065 10.782 36.280 8.860
99 3 1 36.990 10.983 36.194 8.880
100 3 1 37.043 10.190 36.322 9.394
101 3 1 37.024 10.238 36.303 9.442
102 3 1 36.986 10.267 36.265 9.471
103 3 1 36.986 10.315 36.265 9.519
104 3 1 36.967 10.343 36.246 9.548
105 3 1 36.968 10.391 36.247 9.595
106 3 1 36.968 10.439 36.247 9.643
107 3 1 36.980 10.859 36.219 9.748
108 3 1 36.942 10.916 36.247 9.700
109 3 1 36.933 10.935 36.256 9.624
110 3 1 36.943 11.012 36.201 9.892
111 3 1 36.923 10.840 36.221 10.044
112 3 1 36.914 10.897 36.212 10.102
113 3 1 36.895 10.964 36.193 10.169
114 3 1 36.886 11.022 36.184 10.226
115 3 1 36.867 11.079 36.165 10.283
116 3 1 36.858 11.156 36.156 10.360
117 3 1 36.858 11.213 36.157 10.417
118 3 1 36.983 11.374 36.091 10.542
119 3 1 37.012 11.393 36.081 10.551
120 3 1 36.965 11.527 36.168 10.675
121 3 1 37.014 11.593 36.196 10.684
122 3 1 36.986 11.718 36.225 10.731
123 3 1 36.996 11.813 36.226 10.770
124 3 1 36.977 11.870 36.216 10.741
125 3 1 37.006 11.908 36.216 10.779
126 3 1 36.997 11.937 36.245 10.808
127 3 1 36.978 11.975 36.236 10.865
128 3 1 36.950 12.042 36.198 10.894
129 3 1 37.008 12.166 36.152 11.143
130 3 1 36.931 12.033 36.229 11.237
131 3 1 36.913 12.205 36.124 11.276
132 3 1 36.864 12.129 36.162 11.333
133 3 1 36.980 12.300 36.172 11.352
134 3 1 36.981 12.405 36.191 11.390
135 3 1 36.981 12.462 36.155 11.639
136 3 1 36.914 12.434 36.212 11.638
137 3 1 36.963 12.558 36.117 11.725
138 3 1 36.886 12.530 36.184 11.734
139 3 1 36.877 12.597 36.175 11.801
140 3 1 36.868 12.673 36.166 11.878
141 3 1 36.868 12.740 36.166 11.944
142 3 1 36.869 12.797 36.167 12.002
143 3 1 36.860 12.854 36.158 12.059
144 3 1 36.860 12.921 36.158 12.126
145 3 1 36.861 12.998 36.159 12.202
146 3 1 36.861 13.064 36.159 12.269
147 3 1 36.861 13.122 36.159 12.326
148 3 1 36.862 13.189 36.160 12.393
149 3 1 36.862 13.255 36.160 12.460
150 3 1 36.863 13.313 36.161 12.517
151 3 1 36.873 13.379 36.171 12.584
152 3 1 36.873 13.456 36.171 12.660
153 3 1 36.873 13.523 36.172 12.727
154 3 1 36.874 13.580 36.172 12.785
155 3 1 36.865 13.637 36.163 12.842
156 3 1 36.856 13.695 36.154 12.899
157 3 1 36.846 13.762 36.144 12.966
158 3 1 36.847 13.828 36.145 13.033
159 3 1 36.838 13.876 36.136 13.081
160 3 1 36.829 13.943 36.127 13.148
161 3 1 36.819 13.991 36.117 13.196
162 3 1 36.810 14.048 36.108 13.253
163 3 1 36.801 14.106 36.099 13.310
164 3 1 36.802 14.201 36.100 13.406
166 3 1 36.792 14.192 36.090 13.396
167 3 1 36.783 14.230 36.081 13.435
168 3 1 36.783 14.268 36.081 13.473
169 3 1 36.783 14.316 36.081 13.521
170 3 1 36.784 14.364 36.081 13.568
171 3 1 36.774 14.392 36.072 13.597
173 3 1 36.765 14.383 36.063 13.588
174 3 1 36.817 15.041 35.951 14.076
175 3 1 36.730 14.937 36.028 14.142
176 3 1 36.730 14.947 36.028 14.151
177 3 1 36.721 14.966 36.019 14.171
178 3 1 36.721 14.966 36.019 14.171
179 3 1 36.721 14.966 36.019 14.171
181 3 1 36.711 14.956 36.009 14.161
182 3 1 36.711 14.947 36.009 14.152
183 3 1 36.711 14.937 36.009 14.142
184 3 1 36.711 14.909 36.009 14.113
185 3 1 36.711 14.880 36.008 14.085
186 3 1 36.701 14.832 35.999 14.037
187 3 1 36.700 14.785 35.998 13.989
188 3 1 36.690 14.727 35.988 13.932
190 3 1 36.681 14.718 35.979 13.923
191 3 1 36.671 14.670 35.969 13.875
192 3 1 36.661 14.613 35.959 13.818
193 3 1 36.651 14.556 35.949 13.761
194 3 1 36.660 14.499 35.958 13.703
196 3 1 36.651 14.489 35.949 13.694
197 3 1 36.660 14.441 35.958 13.646
198 3 1 36.660 14.374 35.957 13.579
199 3 1 36.659 14.317 35.957 13.522
200 3 1 36.659 14.250 35.957 13.455
201 3 1 36.658 14.174 35.956 13.379
202 3 1 36.714 13.982 35.945 13.121
203 3 1 36.676 13.954 35.974 13.159
204 3 1 36.666 13.897 35.964 13.102
205 3 1 36.656 13.840 35.954 13.044
206 3 1 36.656 13.773 35.954 12.978
208 3 1 36.646 13.763 35.944 12.968
209 3 1 36.646 13.716 35.944 12.920
210 3 1 36.645 13.649 35.943 12.853
211 3 1 36.653 13.324 35.951 12.519
212 3 1 36.653 13.410 35.902 12.415
213 3 1 36.691 13.362 35.940 12.347
214 3 1 36.710 13.295 35.882 12.300
215 3 1 36.719 13.276 35.854 12.291
216 3 1 36.680 13.190 35.862 12.176
217 3 1 36.670 13.124 35.824 12.081
218 3 1 36.593 13.000 35.891 12.205
219 3 1 36.593 12.943 35.891 12.147
220 3 1 36.593 12.886 35.891 12.090
221 3 1 36.583 12.828 35.881 12.033
222 3 1 36.573 12.771 35.871 11.976
223 3 1 36.704 12.465 35.793 11.795
224 3 1 36.637 12.456 35.744 11.576
225 3 1 36.589 12.408 35.791 11.451
226 3 1 36.618 12.399 35.819 11.308
227 3 1 36.675 12.303 35.751 11.261
228 3 1 36.559 12.179 35.857 11.393
229 3 1 36.559 12.113 35.857 11.327
230 3 1 36.608 12.275 35.741 11.127
231 3 1 36.579 12.208 35.779 11.155
232 3 1 36.578 12.113 35.750 11.079
233 3 1 36.539 12.027 35.760 11.031
234 3 1 36.624 11.854 35.778 10.955
235 3 1 36.614 11.730 35.816 10.964
236 3 1 36.557 11.750 35.750 10.965
237 3 1 36.499 11.741 35.797 10.964
238 3 1 36.527 11.559 35.797 10.859
239 3 1 36.536 11.569 35.777 10.716
240 3 1 36.555 11.540 35.728 10.602
241 3 1 36.584 11.549 35.747 10.573
242 3 1 36.555 11.540 35.737 10.516
243 3 1 36.489 11.569 35.727 10.421
244 3 1 36.507 11.474 35.698 10.421
245 3 1 36.525 11.254 35.669 10.326
246 3 1 36.553 11.263 35.669 10.307
247 3 1 36.600 11.139 35.707 10.268
248 3 1 36.561 10.958 35.716 10.239
249 3 1 36.579 10.853 35.716 10.220
250 3 1 36.570 10.843 35.773 10.182
251 3 1 36.560 10.815 35.791 10.057
252 3 1 36.598 10.757 35.704 9.867
253 3 1 36.550 10.700 35.684 9.734
254 3 1 36.549 10.662 35.703 9.705
255 3 1 36.588 10.719 35.750 9.485
256 3 1 36.578 10.690 35.750 9.504
257 3 1 36.559 10.643 35.730 9.476
258 3 1 36.444 10.520 35.742 9.781
259 3 1 36.549 10.566 35.701 9.419
260 3 1 36.529 10.500 35.730 9.476
261 3 1 36.538 10.404 35.711 9.352
262 3 1 36.557 10.290 35.739 9.313
263 3 1 36.527 10.214 35.691 9.256
264 3 1 36.507 10.071 35.720 9.332
265 3 1 36.460 10.071 35.758 9.332
266 3 1 36.459 10.014 35.758 9.275
267 3 1 36.459 9.966 35.757 9.227
268 3 1 36.459 9.899 35.757 9.160
269 3 1 36.449 9.852 35.747 9.113
270 3 1 36.448 9.785 35.747 9.046
271 3 1 36.439 9.852 35.688 8.827
272 3 1 36.410 9.709 35.708 8.970
273 3 1 36.448 9.794 35.621 8.761
274 3 1 36.467 9.699 35.621 8.751
275 3 1 36.457 9.651 35.639 8.665
276 3 1 36.456 9.565 35.629 8.617
277 3 1 36.466 9.498 35.638 8.550
278 3 1 36.436 9.336 35.620 8.589
279 3 1 36.379 9.327 35.677 8.588
280 3 1 36.378 9.270 35.677 8.531
281 3 1 36.378 9.213 35.676 8.474
282 3 1 36.378 9.165 35.676 8.426
284 3 1 36.368 9.156 35.666 8.417
285 3 1 36.368 9.127 35.666 8.388
286 3 1 36.368 9.117 35.666 8.378
287 3 1 36.368 9.136 35.666 8.397
288 3 1 36.368 9.127 35.666 8.388
290 3 1 36.358 9.117 35.656 8.378
291 3 1 36.348 9.089 35.647 8.350
292 3 1 36.402 8.573 35.623 7.663
293 3 1 36.402 8.516 35.623 7.606
294 3 1 36.382 8.459 35.603 7.549
295 3 1 36.382 8.421 35.603 7.510
296 3 1 36.382 8.382 35.603 7.472
297 3 1 36.382 8.325 35.603 7.415
298 3 1 36.381 8.249 35.602 7.339
299 3 1 36.381 8.192 35.602 7.281
300 3 1 36.361 8.154 35.582 7.243
301 3 1 36.361 8.096 35.582 7.186
302 3 1 36.361 8.020 35.581 7.110
303 3 1 36.360 7.963 35.581 7.052
304 3 1 36.341 7.925 35.562 7.014
305 3 1 36.340 7.868 35.561 6.957
306 3 1 36.331 7.839 35.465 6.891
307 3 1 36.339 7.686 35.446 6.891
308 3 1 36.339 7.648 35.446 6.824
309 3 1 36.311 7.667 35.465 6.805
310 3 1 36.301 7.610 35.455 6.748
311 3 1 36.291 7.553 35.445 6.691
312 3 1 36.300 7.515 35.454 6.653
313 3 1 36.290 7.477 35.445 6.614
314 3 1 36.299 7.419 35.454 6.557
315 3 1 36.309 7.362 35.463 6.500
316 3 1 36.299 7.324 35.453 6.462
317 3 1 36.289 7.267 35.443 6.404
318 3 1 36.298 7.190 35.452 6.328
319 3 1 36.288 7.133 35.442 6.271
320 3 1 36.278 7.095 35.433 6.233
321 3 1 36.268 7.038 35.423 6.176
322 3 1 36.277 6.962 35.432 6.099
323 3 1 36.267 6.904 35.422 6.042
324 3 1 36.258 6.866 35.412 6.004
325 3 1 36.248 6.809 35.402 5.947
326 3 1 36.238 6.733 35.392 5.870
327 3 1 36.228 6.695 35.382 5.832
328 3 1 36.218 6.638 35.372 5.775
329 3 1 36.208 6.600 35.363 5.737
330 3 1 36.216 6.390 35.409 5.555
331 3 1 36.226 6.380 35.428 5.460
332 3 1 36.245 6.399 35.418 5.422
333 3 1 36.274 6.389 35.446 5.336
334 3 1 36.263 6.303 35.437 5.422
335 3 1 36.254 6.380 35.436 5.231
336 3 1 36.254 6.256 35.436 5.355
337 3 1 36.253 6.199 35.436 5.298
338 3 1 36.292 6.208 35.426 5.212
339 3 1 36.300 6.103 35.397 5.193
340 3 1 36.299 5.969 35.406 5.097
341 3 1 36.327 5.807 35.377 5.040
342 3 1 36.261 5.865 35.444 4.983
343 3 1 36.279 5.826 35.462 4.944
344 3 1 36.298 5.769 35.481 4.887
345 3 1 36.298 5.712 35.481 4.830
346 3 1 36.298 5.674 35.481 4.792
347 3 1 36.297 5.616 35.480 4.734
348 3 1 36.297 5.559 35.480 4.677
349 3 1 36.316 5.521 35.499 4.639
350 3 1 36.334 5.464 35.517 4.582
351 3 1 36.315 5.387 35.498 4.505
352 3 1 36.314 5.330 35.497 4.448
353 3 1 36.314 5.292 35.497 4.410
354 3 1 36.314 5.235 35.497 4.353
355 3 1 36.313 5.178 35.497 4.296
356 3 1 36.313 5.139 35.496 4.257
357 3 1 36.313 5.082 35.496 4.200
358 3 1 36.312 5.025 35.496 4.143
359 3 1 36.312 4.987 35.495 4.105
360 3 1 36.293 4.930 35.476 4.048
361 3 1 36.320 4.739 35.390 4.077
362 3 1 36.311 4.767 35.361 3.991
363 3 1 36.301 4.806 35.389 3.867
364 3 1 36.253 4.758 35.437 3.905
365 3 1 36.253 4.711 35.436 3.857
366 3 1 36.253 4.663 35.436 3.809
367 3 1 36.252 4.596 35.436 3.743
368 3 1 36.252 4.548 35.435 3.695
369 3 1 36.252 4.501 35.435 3.647
370 3 1 36.271 4.453 35.454 3.599
371 3 1 36.289 4.405 35.473 3.552
372 3 1 36.289 4.358 35.472 3.504
373 3 1 36.308 4.310 35.491 3.456
374 3 1 36.346 4.262 35.529 3.408
375 3 1 36.364 4.214 35.548 3.360
376 3 1 36.364 4.185 35.548 3.332
377 3 1 36.364 4.138 35.547 3.284
378 3 1 36.364 4.090 35.547 3.236
379 3 1 36.363 4.042 35.547 3.189
380 3 1 36.363 3.995 35.546 3.141
381 3 1 36.382 3.947 35.565 3.093
382 3 1 36.401 3.899 35.584 3.045
383 3 1 36.381 3.832 35.564 2.979
384 3 1 36.400 3.804 35.583 2.950
385 3 1 36.400 3.756 35.583 2.902
386 3 1 36.399 3.708 35.583 2.855
387 3 1 36.399 3.661 35.582 2.807
388 3 1 36.399 3.632 35.582 2.778
389 3 1 36.398 3.584 35.582 2.731
0 4 1 36.268 15.763 35.565 14.939
1 4 1 36.287 15.792 35.555 14.930
2 4 1 36.296 15.753 35.565 14.892
3 4 1 36.286 15.715 35.555 14.853
4 4 1 36.305 15.686 35.574 14.825
5 4 1 36.305 15.648 35.574 14.786
6 4 1 36.305 15.610 35.573 14.748
7 4 1 36.314 15.572 35.583 14.710
8 4 1 36.304 15.534 35.573 14.672
9 4 1 36.314 15.495 35.582 14.633
10 4 1 36.313 15.457 35.582 14.595
11 4 1 36.322 15.361 35.591 14.500
12 4 1 36.332 15.380 35.601 14.519
13 4 1 36.332 15.314 35.600 14.452
14 4 1 36.341 15.304 35.610 14.442
15 4 1 36.360 15.237 35.628 14.375
16 4 1 36.369 15.208 35.638 14.346
17 4 1 36.378 15.151 35.647 14.289
18 4 1 36.368 15.122 35.637 14.260
19 4 1 36.368 15.094 35.637 14.232
20 4 1 36.367 14.922 35.626 14.022
21 4 1 36.386 14.874 35.617 14.079
22 4 1 36.376 14.836 35.636 14.060
23 4 1 36.366 14.817 35.636 14.060
24 4 1 36.385 14.778 35.635 13.936
25 4 1 36.375 14.731 35.654 13.926
26 4 1 36.394 14.711 35.692 13.906
27 4 1 36.385 14.711 35.682 13.859
28 4 1 36.394 14.683 35.691 13.715
29 4 1 36.423 14.625 35.729 13.686
30 4 1 36.403 14.606 35.729 13.658
31 4 1 36.413 14.596 35.709 13.629
32 4 1 36.422 14.587 35.729 13.629
33 4 1 36.412 14.530 35.729 13.686
34 4 1 36.412 14.491 35.729 13.648
35 4 1 36.394 14.578 35.709 13.496
36 4 1 36.402 14.472 35.709 13.581
37 4 1 36.354 14.387 35.700 13.610
38 4 1 36.363 14.301 35.718 13.515
39 4 1 36.334 14.215 35.661 13.525
40 4 1 36.325 14.282 35.661 13.458
41 4 1 36.325 14.254 35.660 13.429
42 4 1 36.334 14.215 35.670 13.391
43 4 1 36.334 14.177 35.669 13.353
44 4 1 36.343 14.139 35.679 13.314
45 4 1 36.343 14.110 35.679 13.286
46 4 1 36.343 14.072 35.678 13.247
47 4 1 36.352 14.034 35.688 13.209
48 4 1 36.352 13.995 35.687 13.171
49 4 1 36.361 13.948 35.697 13.123
50 4 1 36.370 13.909 35.706 13.085
51 4 1 36.312 13.834 35.571 12.933
52 4 1 36.274 13.796 35.610 12.971
53 4 1 36.274 13.767 35.610 12.943
54 4 1 36.273 13.729 35.609 12.904
55 4 1 36.283 13.681 35.619 12.856
56 4 1 36.282 13.643 35.618 12.818
57 4 1 36.406 13.527 35.704 12.751
58 4 1 36.415 13.431 35.704 12.760
59 4 1 36.462 13.355 35.703 12.636
60 4 1 36.481 13.335 35.703 12.588
61 4 1 36.500 13.307 35.712 12.560
62 4 1 36.500 13.316 35.702 12.521
63 4 1 36.471 13.297 35.721 12.521
64 4 1 36.442 13.250 35.721 12.464
65 4 1 36.442 13.231 35.750 12.454
66 4 1 36.423 13.240 35.748 12.263
67 4 1 36.451 13.202 35.777 12.272
68 4 1 36.470 13.154 35.720 12.263
69 4 1 36.461 13.164 35.768 12.273
70 4 1 36.480 13.144 35.786 12.244
71 4 1 36.470 13.183 35.758 12.263
72 4 1 36.451 13.097 35.739 12.235
73 4 1 36.431 13.049 35.739 12.216
74 4 1 36.412 13.050 35.729 12.158
75 4 1 36.364 12.955 35.719 12.197
76 4 1 36.374 12.964 35.719 12.197
77 4 1 36.344 12.878 35.690 12.063
78 4 1 36.334 12.802 35.671 12.102
79 4 1 36.325 12.831 35.671 12.073
80 4 1 36.325 12.802 35.671 12.044
81 4 1 36.334 12.707 35.631 11.758
82 4 1 36.304 12.621 35.650 11.863
83 4 1 36.304 12.583 35.650 11.825
84 4 1 36.304 12.545 35.650 11.787
85 4 1 36.294 12.506 35.640 11.749
86 4 1 36.284 12.468 35.630 11.710
87 4 1 36.294 12.430 35.640 11.672
88 4 1 36.284 12.382 35.630 11.624
89 4 1 36.293 12.335 35.639 11.577
90 4 1 36.283 12.297 35.629 11.539
91 4 1 36.275 12.449 35.590 11.453
92 4 1 36.283 12.325 35.648 11.538
93 4 1 36.264 12.268 35.677 11.529
94 4 1 36.264 12.211 35.638 11.510
95 4 1 36.282 12.115 35.590 11.434
96 4 1 36.262 12.029 35.590 11.405
97 4 1 36.253 11.972 35.561 11.348
98 4 1 36.262 11.934 35.570 11.262
99 4 1 36.224 11.953 35.599 11.252
100 4 1 36.261 11.810 35.588 11.081
101 4 1 36.299 11.771 35.597 10.975
102 4 1 36.251 11.781 35.587 10.956
103 4 1 36.232 11.715 35.607 11.014
104 4 1 36.270 11.762 35.606 10.909
105 4 1 36.241 11.686 35.616 10.985
106 4 1 36.241 11.638 35.616 10.937
107 4 1 36.213 11.801 35.547 10.680
108 4 1 36.193 11.591 35.568 10.890
109 4 1 36.280 11.829 35.585 10.546
110 4 1 36.261 11.781 35.575 10.527
111 4 1 36.260 11.724 35.565 10.546
112 4 1 36.250 11.648 35.593 10.441
113 4 1 36.230 11.400 35.605 10.699
114 4 1 36.229 11.352 35.604 10.651
115 4 1 36.229 11.323 35.604 10.622
116 4 1 36.229 11.276 35.604 10.574
117 4 1 36.229 11.247 35.604 10.546
118 4 1 36.228 11.199 35.603 10.498
119 4 1 36.228 11.171 35.603 10.469
120 4 1 36.181 11.238 35.591 10.107
121 4 1 36.229 11.237 35.591 10.040
122 4 1 36.219 11.228 35.600 9.963
123 4 1 36.208 10.951 35.592 10.250
124 4 1 36.207 10.903 35.592 10.202
125 4 1 36.217 10.846 35.601 10.145
126 4 1 36.226 10.798 35.610 10.097
127 4 1 36.226 10.760 35.610 10.059
128 4 1 36.235 10.712 35.619 10.011
129 4 1 36.254 10.655 35.638 9.954
130 4 1 36.216 10.779 35.580 9.792
131 4 1 36.244 10.684 35.570 9.715
132 4 1 36.282 10.559 35.599 9.753
133 4 1 36.243 10.502 35.627 9.801
134 4 1 36.252 10.464 35.637 9.763
135 4 1 36.262 10.426 35.646 9.724
136 4 1 36.261 10.388 35.646 9.686
137 4 1 36.261 10.359 35.646 9.658
138 4 1 36.271 10.330 35.655 9.629
139 4 1 36.280 10.282 35.664 9.581
140 4 1 36.395 10.358 35.710 9.285
141 4 1 36.346 10.177 35.730 9.476
142 4 1 36.385 10.339 35.748 9.218
143 4 1 36.385 10.339 35.729 9.227
144 4 1 36.394 10.310 35.700 9.237
145 4 1 36.355 10.120 35.740 9.418
146 4 1 36.364 10.081 35.749 9.380
147 4 1 36.413 10.243 35.757 9.151
148 4 1 36.470 10.147 35.766 9.084
149 4 1 36.451 10.147 35.785 9.065
150 4 1 36.507 10.061 35.756 9.036
151 4 1 36.526 9.946 35.774 8.874
152 4 1 36.448 9.766 35.833 9.064
153 4 1 36.458 9.737 35.842 9.036
154 4 1 36.467 9.708 35.851 9.007
155 4 1 36.467 9.689 35.861 8.988
157 4 1 36.457 9.680 35.851 8.978
158 4 1 36.457 9.661 35.851 8.959
159 4 1 36.466 9.632 35.861 8.930
160 4 1 36.466 9.603 35.860 8.902
161 4 1 36.476 9.575 35.870 8.873
162 4 1 36.476 9.565 35.870 8.864
163 4 1 36.475 9.536 35.869 8.835
164 4 1 36.475 9.527 35.869 8.825
165 4 1 36.475 9.498 35.869 8.797
166 4 1 36.475 9.479 35.869 8.778
167 4 1 36.513 9.441 35.907 8.739
169 4 1 36.503 9.431 35.897 8.730
170 4 1 36.503 9.422 35.897 8.720
171 4 1 36.503 9.412 35.897 8.711
172 4 1 36.503 9.383 35.897 8.682
173 4 1 36.503 9.383 35.897 8.682
174 4 1 36.512 9.374 35.907 8.672
175 4 1 36.512 9.364 35.907 8.663
176 4 1 36.522 9.355 35.916 8.653
177 4 1 36.531 9.336 35.925 8.634
178 4 1 36.531 9.326 35.925 8.625
179 4 1 36.541 9.326 35.935 8.624
180 4 1 36.541 9.326 35.935 8.624
181 4 1 36.541 9.326 35.935 8.624
182 4 1 36.550 9.326 35.944 8.624
183 4 1 36.550 9.326 35.944 8.624
184 4 1 36.560 9.326 35.954 8.624
185 4 1 36.560 9.326 35.954 8.624
186 4 1 36.569 9.326 35.964 8.624
187 4 1 36.569 9.335 35.964 8.634
188 4 1 36.579 9.326 35.973 8.624
189 4 1 36.579 9.335 35.973 8.634
190 4 1 36.588 9.326 35.983 8.624
191 4 1 36.598 9.335 35.992 8.634
192 4 1 36.608 9.335 36.002 8.634
193 4 1 36.617 9.335 36.011 8.633
194 4 1 36.617 9.335 36.011 8.633
195 4 1 36.636 9.335 36.030 8.633
196 4 1 36.664 9.163 36.086 8.375
197 4 1 36.673 9.125 36.077 8.423
198 4 1 36.683 9.124 36.086 8.423
199 4 1 36.683 9.115 36.086 8.413
200 4 1 36.797 9.152 36.114 8.289
201 4 1 36.873 9.132 36.133 8.327
202 4 1 36.864 9.133 36.152 8.279
203 4 1 36.902 9.161 36.180 8.184
204 4 1 36.845 9.142 36.171 8.212
205 4 1 36.864 9.152 36.181 8.222
206 4 1 36.902 9.161 36.199 8.136
207 4 1 36.874 9.171 36.199 8.107
208 4 1 36.883 9.142 36.189 8.079
209 4 1 36.893 9.142 36.199 8.117
210 4 1 36.834 8.980 36.238 8.279
211 4 1 36.844 8.961 36.248 8.259
212 4 1 36.863 8.942 36.267 8.240
213 4 1 36.872 8.932 36.276 8.231
214 4 1 36.872 8.913 36.276 8.212
215 4 1 36.872 8.903 36.276 8.202
216 4 1 36.881 8.894 36.285 8.192
218 4 1 36.872 8.884 36.276 8.183
219 4 1 36.881 8.875 36.285 8.173
220 4 1 36.900 8.846 36.304 8.145
221 4 1 36.910 8.846 36.314 8.144
222 4 1 36.910 8.827 36.313 8.125
223 4 1 36.919 8.808 36.323 8.106
225 4 1 36.909 8.798 36.313 8.097
226 4 1 36.919 8.779 36.323 8.078
227 4 1 36.938 8.760 36.342 8.058
228 4 1 36.947 8.731 36.351 8.030
229 4 1 36.957 8.712 36.360 8.011
230 4 1 36.956 8.664 36.360 7.963
232 4 1 36.947 8.655 36.351 7.953
233 4 1 36.956 8.636 36.360 7.934
234 4 1 36.965 8.617 36.369 7.915
235 4 1 36.965 8.588 36.369 7.886
236 4 1 36.965 8.559 36.369 7.858
237 4 1 36.974 8.521 36.378 7.820
239 4 1 36.965 8.512 36.369 7.810
240 4 1 36.965 8.493 36.369 7.791
241 4 1 36.964 8.464 36.368 7.762
242 4 1 36.964 8.445 36.368 7.743
243 4 1 36.964 8.407 36.368 7.705
244 4 1 36.954 8.378 36.358 7.677
245 4 1 36.954 8.340 36.358 7.638
246 4 1 36.944 8.302 36.348 7.600
247 4 1 36.925 8.273 36.329 7.572
248 4 1 36.915 8.245 36.319 7.543
249 4 1 36.906 8.197 36.309 7.496
250 4 1 36.886 8.169 36.290 7.467
252 4 1 36.877 8.159 36.281 7.458
253 4 1 36.867 8.121 36.271 7.420
254 4 1 36.857 8.083 36.261 7.382
255 4 1 36.847 8.055 36.251 7.353
256 4 1 36.828 8.007 36.232 7.305
257 4 1 36.818 7.988 36.222 7.286
259 4 1 36.809 7.979 36.213 7.277
260 4 1 36.799 7.950 36.203 7.248
261 4 1 36.799 7.931 36.203 7.229
262 4 1 36.789 7.893 36.193 7.191
263 4 1 36.779 7.864 36.183 7.163
264 4 1 36.779 7.817 36.183 7.115
265 4 1 36.779 7.788 36.183 7.086
266 4 1 36.769 7.750 36.173 7.048
267 4 1 36.759 7.712 36.163 7.010
269 4 1 36.750 7.702 36.153 7.001
270 4 1 36.776 7.397 36.113 6.638
271 4 1 36.738 7.369 36.142 6.667
272 4 1 36.728 7.321 36.132 6.619
273 4 1 36.709 7.283 36.113 6.581
274 4 1 36.699 7.235 36.103 6.534
275 4 1 36.699 7.188 36.102 6.486
276 4 1 36.689 7.150 36.093 6.448
277 4 1 36.679 7.102 36.083 6.400
278 4 1 36.688 7.054 36.092 6.352
279 4 1 36.678 7.016 36.082 6.314
281 4 1 36.669 7.007 36.073 6.305
282 4 1 36.811 6.882 36.166 6.008
283 4 1 36.792 6.844 36.146 5.894
284 4 1 36.773 6.834 36.118 5.885
285 4 1 36.782 6.853 36.145 5.722
286 4 1 36.773 6.834 36.126 5.713
287 4 1 36.773 6.834 36.117 5.751
288 4 1 36.753 6.796 36.107 5.694
289 4 1 36.782 6.805 36.077 5.513
290 4 1 36.772 6.720 36.068 5.561
291 4 1 36.781 6.691 36.087 5.551
292 4 1 36.742 6.596 36.114 5.370
293 4 1 36.694 6.558 36.095 5.322
294 4 1 36.703 6.463 36.076 5.360
295 4 1 36.683 6.272 36.087 5.570
296 4 1 36.683 6.272 36.028 5.322
297 4 1 36.721 6.195 36.037 5.275
298 4 1 36.672 6.081 36.076 5.379
299 4 1 36.672 6.043 36.076 5.341
300 4 1 36.672 6.005 36.076 5.303
301 4 1 36.672 5.967 36.075 5.265
302 4 1 36.681 5.919 36.085 5.217
303 4 1 36.671 5.872 36.075 5.170
304 4 1 36.683 6.224 36.101 4.836
305 4 1 36.680 5.824 36.084 5.122
306 4 1 36.689 5.776 36.093 5.074
307 4 1 36.699 5.728 36.103 5.026
308 4 1 36.698 5.671 36.102 4.969
309 4 1 36.698 5.623 36.102 4.921
310 4 1 36.707 5.595 36.111 4.893
311 4 1 36.737 5.738 36.138 4.625
312 4 1 36.726 5.528 36.130 4.826
313 4 1 36.726 5.490 36.130 4.788
314 4 1 36.725 5.452 36.129 4.750
315 4 1 36.725 5.404 36.129 4.702
316 4 1 36.725 5.356 36.129 4.654
317 4 1 36.792 5.432 36.079 4.349
318 4 1 36.801 5.375 36.079 4.378
319 4 1 36.820 5.346 36.070 4.407
320 4 1 36.801 5.346 36.107 4.292
321 4 1 36.820 5.327 36.116 4.225
322 4 1 36.820 5.298 36.088 4.225
323 4 1 36.801 5.279 36.097 4.197
324 4 1 36.742 5.089 36.146 4.387
325 4 1 36.742 5.041 36.146 4.339
326 4 1 36.848 5.165 36.067 3.987
327 4 1 36.741 4.975 36.145 4.273
328 4 1 36.751 4.927 36.155 4.225
329 4 1 36.741 4.879 36.145 4.177
330 4 1 36.750 4.851 36.154 4.149
331 4 1 36.750 4.812 36.154 4.110
333 4 1 36.740 4.803 36.144 4.101
334 4 1 36.740 4.774 36.144 4.072
335 4 1 36.749 4.736 36.153 4.034
336 4 1 36.843 4.507 36.227 3.643
337 4 1 36.824 4.431 36.228 3.728
338 4 1 36.833 4.392 36.237 3.690
339 4 1 36.852 4.354 36.256 3.652
340 4 1 36.871 4.316 36.275 3.614
341 4 1 36.880 4.268 36.284 3.566
342 4 1 36.889 4.230 36.293 3.528
343 4 1 36.917 4.182 36.321 3.480
344 4 1 36.927 4.125 36.331 3.423
345 4 1 36.955 4.087 36.359 3.384
346 4 1 36.964 4.039 36.368 3.337
347 4 1 36.983 4.010 36.387 3.308
348 4 1 36.992 3.972 36.396 3.270
349 4 1 37.002 3.981 36.406 3.279
351 4 1 36.992 3.972 36.396 3.270
352 4 1 37.002 3.943 36.406 3.241
353 4 1 37.191 3.790 36.385 3.041
354 4 1 37.172 3.818 36.309 2.965
355 4 1 37.153 3.818 36.289 2.946
356 4 1 37.115 3.828 36.308 2.870
357 4 1 37.115 3.828 36.346 2.851
358 4 1 37.135 3.857 36.383 2.736
359 4 1 37.144 3.847 36.402 2.726
360 4 1 37.125 3.838 36.402 2.650
361 4 1 37.153 3.752 36.459 2.631
362 4 1 37.172 3.713 36.468 2.583
363 4 1 37.085 3.533 36.489 2.831
364 4 1 37.104 3.485 36.508 2.783
365 4 1 37.103 3.456 36.508 2.754
367 4 1 37.094 3.447 36.498 2.745
368 4 1 37.113 3.409 36.517 2.707
370 4 1 37.103 3.399 36.507 2.697
371 4 1 37.103 3.380 36.507 2.678
372 4 1 37.112 3.371 36.517 2.668
373 4 1 37.122 3.371 36.526 2.668
375 4 1 37.112 3.361 36.516 2.659
376 4 1 37.112 3.352 36.516 2.649
377 4 1 37.122 3.342 36.526 2.640
378 4 1 37.122 3.332 36.526 2.630
379 4 1 37.122 3.332 36.526 2.630
381 4 1 37.112 3.323 36.516 2.621
382 4 1 37.131 3.285 36.535 2.583
383 4 1 37.159 3.189 36.563 2.487
384 4 1 37.187 3.132 36.591 2.430
385 4 1 37.225 3.055 36.629 2.353
387 4 1 37.215 3.046 36.619 2.344
388 4 1 37.234 3.027 36.638 2.325
0 5 1 39.435 15.969 38.685 14.870
1 5 1 39.455 15.997 38.675 14.851
2 5 1 39.454 15.949 38.675 14.803
3 5 1 39.425 15.873 38.675 14.803
4 5 1 39.425 15.873 38.675 14.793
5 5 1 39.454 15.873 38.645 14.632
6 5 1 39.443 15.740 38.656 14.822
7 5 1 39.500 15.653 38.683 14.593
8 5 1 39.452 15.577 38.711 14.583
9 5 1 39.461 15.606 38.692 14.555
10 5 1 39.479 15.424 38.739 14.497
11 5 1 39.441 15.349 38.674 14.612
12 5 1 39.422 15.339 38.682 14.488
13 5 1 39.412 15.282 38.673 14.469
14 5 1 39.411 15.263 38.711 14.488
15 5 1 39.459 15.243 38.759 14.516
16 5 1 39.469 15.329 38.748 14.421
17 5 1 39.478 15.243 38.747 14.182
18 5 1 39.487 15.167 38.823 14.153
19 5 1 39.506 15.148 38.823 14.210
20 5 1 39.449 15.148 38.747 14.192
21 5 1 39.487 15.205 38.738 14.316
22 5 1 39.487 15.215 38.804 14.239
23 5 1 39.439 15.043 38.785 14.220
24 5 1 39.448 15.081 38.766 14.182
25 5 1 39.448 15.043 38.766 14.144
26 5 1 39.438 14.929 38.833 14.181
27 5 1 39.467 14.995 38.794 14.105
28 5 1 39.476 14.967 38.803 14.077
29 5 1 39.476 14.948 38.803 14.057
30 5 1 39.475 14.747 38.763 13.753
31 5 1 39.455 14.700 38.783 13.810
32 5 1 39.455 14.652 38.782 13.762
33 5 1 39.455 14.623 38.782 13.733
34 5 1 39.464 14.595 38.791 13.705
35 5 1 39.454 14.547 38.782 13.657
36 5 1 39.464 14.518 38.791 13.628
37 5 1 39.454 14.471 38.781 13.581
38 5 1 39.492 14.556 38.818 13.437
39 5 1 39.492 14.528 38.799 13.457
40 5 1 39.568 14.451 38.818 13.466
41 5 1 39.549 14.451 38.762 13.562
42 5 1 39.501 14.423 38.733 13.543
43 5 1 39.454 14.423 38.781 13.543
44 5 1 39.453 14.385 38.781 13.504
45 5 1 39.453 14.347 38.780 13.466
46 5 1 39.443 14.328 38.771 13.447
47 5 1 39.613 13.992 38.809 13.514
48 5 1 39.538 14.184 38.865 13.322
49 5 1 39.547 14.146 38.874 13.284
50 5 1 39.556 14.126 38.884 13.265
51 5 1 39.547 14.107 38.874 13.246
52 5 1 39.556 14.050 38.883 13.189
53 5 1 39.546 14.031 38.874 13.170
54 5 1 39.555 13.974 38.883 13.112
55 5 1 39.546 13.955 38.873 13.093
56 5 1 39.555 13.898 38.882 13.036
57 5 1 39.545 13.879 38.873 13.017
58 5 1 39.535 13.821 38.863 12.960
59 5 1 39.526 13.802 38.853 12.941
60 5 1 39.535 13.764 38.862 12.903
61 5 1 39.525 13.726 38.852 12.865
62 5 1 39.515 13.688 38.843 12.827
63 5 1 39.505 13.650 38.833 12.788
64 5 1 39.515 13.612 38.842 12.750
65 5 1 39.505 13.574 38.832 12.712
66 5 1 39.494 13.345 38.651 12.666
67 5 1 39.503 13.278 38.641 12.561
68 5 1 39.522 13.230 38.641 12.552
69 5 1 39.474 13.259 38.545 12.543
70 5 1 39.351 13.308 38.678 12.485
71 5 1 39.474 13.212 38.621 12.476
72 5 1 39.445 13.202 38.574 12.524
73 5 1 39.455 13.193 38.620 12.352
74 5 1 39.369 13.175 38.697 12.370
75 5 1 39.464 13.164 38.621 12.399
76 5 1 39.378 13.174 38.706 12.379
77 5 1 39.445 13.155 38.676 12.179
78 5 1 39.521 13.097 38.762 12.169
79 5 1 39.463 13.031 38.791 12.236
80 5 1 39.463 12.992 38.791 12.197
81 5 1 39.463 12.964 38.791 12.169
82 5 1 39.538 12.868 38.819 12.159
83 5 1 39.510 12.906 38.838 12.121
84 5 1 39.510 12.868 38.838 12.083
85 5 1 39.510 12.849 38.838 12.064
86 5 1 39.509 12.820 38.837 12.035
87 5 1 39.509 12.782 38.837 11.997
88 5 1 39.509 12.754 38.837 11.968
89 5 1 39.650 12.514 38.864 11.796
90 5 1 39.584 12.553 38.912 11.777
91 5 1 39.584 12.524 38.912 11.748
92 5 1 39.574 12.496 38.902 11.720
93 5 1 39.583 12.457 38.911 11.681
94 5 1 39.564 12.419 38.892 11.643
95 5 1 39.554 12.381 38.882 11.605
96 5 1 39.554 12.353 38.882 11.577
97 5 1 39.544 12.324 38.872 11.548
98 5 1 39.430 12.354 38.834 11.463
99 5 1 39.468 12.296 38.805 11.520
100 5 1 39.458 12.268 38.796 11.492
101 5 1 39.458 12.230 38.795 11.454
102 5 1 39.448 12.192 38.786 11.415
103 5 1 39.448 12.163 38.785 11.387
104 5 1 39.448 12.134 38.785 11.358
105 5 1 39.399 12.030 38.757 11.358
106 5 1 39.409 12.020 38.784 11.206
107 5 1 39.418 12.001 38.775 11.234
108 5 1 39.418 11.982 38.765 11.234
109 5 1 39.409 11.982 38.765 11.225
110 5 1 39.408 11.954 38.765 11.196
111 5 1 39.390 12.020 38.792 10.920
112 5 1 39.390 11.982 38.764 10.986
113 5 1 39.418 11.934 38.811 10.967
114 5 1 39.417 11.829 38.802 11.072
115 5 1 39.370 11.973 38.773 10.882
116 5 1 39.371 11.982 38.782 10.834
117 5 1 39.427 11.944 38.763 10.929
118 5 1 39.427 11.896 38.782 10.891
119 5 1 39.428 11.972 38.763 10.872
120 5 1 39.466 12.001 38.820 10.805
121 5 1 39.436 11.782 38.840 11.024
122 5 1 39.445 11.734 38.849 10.976
123 5 1 39.435 11.724 38.840 10.967
124 5 1 39.445 11.677 38.849 10.919
125 5 1 39.444 11.648 38.849 10.890
126 5 1 39.452 11.410 38.761 10.643
127 5 1 39.405 11.410 38.809 10.652
128 5 1 39.557 11.409 38.779 10.452
129 5 1 39.461 11.314 38.866 10.557
130 5 1 39.500 11.352 38.817 10.433
131 5 1 39.451 11.267 38.856 10.509
132 5 1 39.451 11.228 38.856 10.471
133 5 1 39.490 11.400 38.863 10.137
134 5 1 39.461 11.333 38.843 10.070
135 5 1 39.450 11.085 38.855 10.328
136 5 1 39.450 11.047 38.854 10.290
137 5 1 39.450 11.009 38.854 10.251
138 5 1 39.449 10.971 38.854 10.213
139 5 1 39.449 10.933 38.854 10.175
140 5 1 39.488 11.057 38.787 10.119
141 5 1 39.430 10.962 38.835 10.204
142 5 1 39.430 10.924 38.835 10.166
143 5 1 39.439 10.895 38.844 10.137
144 5 1 39.439 10.866 38.844 10.109
145 5 1 39.448 10.819 38.853 10.061
146 5 1 39.580 10.560 38.746 9.804
147 5 1 39.580 10.570 38.784 9.756
148 5 1 39.475 10.542 38.880 9.784
149 5 1 39.647 10.540 38.774 9.728
150 5 1 39.590 10.579 38.717 9.680
151 5 1 39.456 10.504 38.860 9.746
152 5 1 39.456 10.466 38.860 9.708
153 5 1 39.465 10.418 38.869 9.660
154 5 1 39.474 10.380 38.879 9.622
155 5 1 39.495 10.608 38.783 9.594
156 5 1 39.514 10.608 38.868 9.431
157 5 1 39.532 10.513 38.849 9.517
158 5 1 39.540 10.341 38.811 9.537
159 5 1 39.540 10.313 38.782 9.394
160 5 1 39.454 10.237 38.859 9.479
161 5 1 39.463 10.189 38.868 9.431
162 5 1 39.463 10.180 38.868 9.422
163 5 1 39.472 10.122 38.877 9.365
164 5 1 39.463 10.084 38.867 9.327
165 5 1 39.472 10.037 38.876 9.279
166 5 1 39.462 10.008 38.867 9.250
167 5 1 39.471 9.960 38.876 9.203
168 5 1 39.461 9.922 38.866 9.164
169 5 1 39.471 9.875 38.875 9.117
170 5 1 39.461 9.827 38.865 9.069
171 5 1 39.470 9.789 38.875 9.031
172 5 1 39.460 9.741 38.865 8.983
173 5 1 39.469 9.693 38.874 8.936
174 5 1 39.460 9.655 38.864 8.898
175 5 1 39.469 9.617 38.873 8.859
176 5 1 39.459 9.579 38.864 8.821
177 5 1 39.468 9.541 38.873 8.783
178 5 1 39.459 9.503 38.863 8.745
179 5 1 39.477 9.465 38.882 8.707
180 5 1 39.477 9.427 38.882 8.669
181 5 1 39.486 9.388 38.891 8.630
182 5 1 39.486 9.350 38.891 8.592
183 5 1 39.486 9.312 38.890 8.554
184 5 1 39.486 9.274 38.890 8.516
185 5 1 39.485 9.236 38.890 8.478
186 5 1 39.495 9.188 38.899 8.430
187 5 1 39.513 9.140 38.918 8.382
188 5 1 39.513 9.102 38.918 8.344
189 5 1 39.522 9.054 38.927 8.296
190 5 1 39.522 8.997 38.926 8.239
191 5 1 39.531 8.959 38.936 8.201
192 5 1 39.540 8.921 38.945 8.163
193 5 1 39.540 8.873 38.945 8.115
194 5 1 39.549 8.845 38.954 8.087
195 5 1 39.568 8.797 38.973 8.039
196 5 1 39.568 8.768 38.973 8.010
197 5 1 39.577 8.711 38.982 7.953
198 5 1 39.577 8.673 38.981 7.915
199 5 1 39.577 8.644 38.981 7.886
200 5 1 39.576 8.616 38.981 7.858
202 5 1 39.567 8.606 38.971 7.848
203 5 1 39.567 8.578 38.971 7.820
204 5 1 39.566 8.539 38.971 7.781
205 5 1 39.576 8.482 38.980 7.724
206 5 1 39.566 8.435 38.970 7.677
207 5 1 39.566 8.396 38.970 7.638
208 5 1 39.556 8.358 38.960 7.600
209 5 1 39.546 8.311 38.950 7.553
210 5 1 39.555 8.263 38.960 7.505
211 5 1 39.545 8.225 38.950 7.467
212 5 1 39.555 8.187 38.959 7.429
214 5 1 39.545 8.177 38.950 7.419
215 5 1 39.545 8.130 38.949 7.372
216 5 1 39.695 7.862 38.957 7.105
217 5 1 39.619 7.862 39.024 7.104
218 5 1 39.628 7.824 39.033 7.066
219 5 1 39.628 7.786 39.033 7.028
220 5 1 39.618 7.748 39.023 6.990
221 5 1 39.628 7.710 39.032 6.952
222 5 1 39.627 7.672 39.032 6.914
223 5 1 39.636 7.624 39.041 6.866
224 5 1 39.646 7.576 39.050 6.818
225 5 1 39.645 7.538 39.050 6.780
226 5 1 39.655 7.500 39.059 6.742
227 5 1 39.664 7.452 39.069 6.694
228 5 1 39.664 7.405 39.068 6.647
229 5 1 39.673 7.366 39.077 6.608
230 5 1 39.682 7.328 39.087 6.570
231 5 1 39.682 7.290 39.087 6.532
232 5 1 39.682 7.252 39.086 6.494
233 5 1 39.691 7.214 39.096 6.456
234 5 1 39.700 7.176 39.105 6.418
235 5 1 39.700 7.147 39.105 6.389
236 5 1 39.709 7.099 39.114 6.341
237 5 1 39.718 7.071 39.123 6.313
238 5 1 39.718 7.023 39.123 6.265
239 5 1 39.718 6.995 39.123 6.236
240 5 1 39.718 6.947 39.122 6.189
241 5 1 39.727 6.909 39.132 6.151
242 5 1 39.736 6.871 39.141 6.112
243 5 1 39.726 6.833 39.131 6.074
244 5 1 39.736 6.785 39.140 6.027
245 5 1 39.726 6.737 39.130 5.979
246 5 1 39.725 6.699 39.130 5.941
247 5 1 39.725 6.661 39.130 5.903
248 5 1 39.725 6.623 39.130 5.865
249 5 1 39.727 6.861 39.033 5.646
250 5 1 39.677 6.623 39.082 5.865
251 5 1 39.677 6.585 39.082 5.827
252 5 1 39.677 6.557 39.082 5.798
253 5 1 39.677 6.509 39.081 5.751
254 5 1 39.676 6.490 39.081 5.732
255 5 1 39.686 6.452 39.090 5.693
256 5 1 39.695 6.414 39.100 5.655
257 5 1 39.695 6.385 39.100 5.627
258 5 1 39.704 6.337 39.109 5.579
259 5 1 39.713 6.309 39.118 5.550
260 5 1 39.713 6.271 39.118 5.512
261 5 1 39.713 6.232 39.118 5.474
262 5 1 39.722 6.194 39.127 5.436
263 5 1 39.741 6.156 39.146 5.398
264 5 1 39.750 6.108 39.155 5.350
265 5 1 39.750 6.080 39.155 5.321
266 5 1 39.750 6.032 39.154 5.274
267 5 1 39.759 5.994 39.164 5.236
268 5 1 39.768 5.965 39.173 5.207
269 5 1 39.768 5.918 39.173 5.159
270 5 1 39.777 5.889 39.182 5.131
271 5 1 39.786 5.851 39.191 5.093
272 5 1 39.786 5.822 39.191 5.064
273 5 1 39.796 5.794 39.200 5.035
275 5 1 39.786 5.784 39.191 5.026
276 5 1 39.795 5.746 39.200 4.988
277 5 1 39.814 5.708 39.219 4.949
278 5 1 39.823 5.670 39.228 4.911
279 5 1 40.012 5.383 39.321 4.530
280 5 1 39.954 5.335 39.359 4.577
281 5 1 39.954 5.297 39.359 4.539
282 5 1 39.954 5.259 39.359 4.501
283 5 1 39.953 5.221 39.358 4.463
284 5 1 39.953 5.183 39.358 4.425
285 5 1 39.953 5.145 39.358 4.387
286 5 1 39.953 5.107 39.358 4.348
287 5 1 39.952 5.069 39.357 4.310
288 5 1 39.952 5.031 39.357 4.272
289 5 1 39.952 4.992 39.357 4.234
290 5 1 39.952 4.964 39.357 4.206
291 5 1 39.951 4.935 39.356 4.177
292 5 1 39.951 4.888 39.356 4.129
293 5 1 39.951 4.859 39.356 4.101
294 5 1 39.960 4.821 39.365 4.063
295 5 1 39.970 4.783 39.374 4.024
296 5 1 39.960 4.745 39.365 3.986
297 5 1 39.979 4.716 39.383 3.958
298 5 1 39.978 4.688 39.383 3.929
299 5 1 39.988 4.640 39.392 3.881
300 5 1 39.987 4.611 39.392 3.853
301 5 1 39.987 4.564 39.392 3.805
302 5 1 39.996 4.535 39.401 3.777
303 5 1 40.006 4.487 39.410 3.729
304 5 1 40.005 4.449 39.410 3.691
305 5 1 40.015 4.411 39.420 3.653
306 5 1 40.033 4.373 39.438 3.615
307 5 1 40.043 4.325 39.447 3.567
308 5 1 40.042 4.278 39.447 3.519
309 5 1 40.042 4.249 39.447 3.491
310 5 1 40.042 4.211 39.447 3.453
311 5 1 40.051 4.182 39.456 3.424
312 5 1 40.060 4.154 39.465 3.395
313 5 1 40.051 4.106 39.456 3.348
314 5 1 40.060 4.078 39.465 3.319
315 5 1 40.060 4.039 39.465 3.281
316 5 1 40.059 4.001 39.464 3.243
317 5 1 40.059 3.963 39.464 3.205
318 5 1 40.059 3.925 39.464 3.167
319 5 1 40.059 3.887 39.464 3.129
320 5 1 40.058 3.849 39.463 3.091
321 5 1 40.058 3.811 39.463 3.052
322 5 1 40.058 3.773 39.463 3.014
323 5 1 40.058 3.725 39.462 2.967
324 5 1 40.048 3.697 39.453 2.938
325 5 1 40.057 3.640 39.462 2.881
326 5 1 40.047 3.592 39.452 2.833
327 5 1 40.047 3.563 39.452 2.805
328 5 1 40.047 3.516 39.452 2.757
329 5 1 40.046 3.487 39.451 2.729
330 5 1 40.048 3.744 39.365 2.558
331 5 1 40.066 3.639 39.393 2.596
332 5 1 40.018 3.564 39.345 2.529
333 5 1 39.979 3.430 39.384 2.672
334 5 1 39.979 3.402 39.384 2.643
335 5 1 39.989 3.373 39.394 2.615
336 5 1 40.007 3.335 39.412 2.577
337 5 1 40.017 3.297 39.422 2.538
338 5 1 40.026 3.268 39.431 2.510
339 5 1 40.132 3.487 39.457 2.186
340 5 1 40.170 3.477 39.458 2.224
341 5 1 40.102 3.230 39.507 2.471
342 5 1 40.111 3.192 39.516 2.433
343 5 1 40.120 3.154 39.525 2.395
344 5 1 40.149 3.115 39.554 2.357
345 5 1 40.158 3.077 39.563 2.319
346 5 1 40.177 3.048 39.582 2.290
347 5 1 40.176 3.010 39.581 2.252
348 5 1 40.186 2.982 39.591 2.223
349 5 1 40.195 2.934 39.600 2.176
351 5 1 40.185 2.925 39.590 2.166
352 5 1 40.195 2.896 39.600 2.138
353 5 1 40.204 2.867 39.609 2.109
354 5 1 40.375 2.866 39.569 1.757
355 5 1 40.260 2.696 39.665 1.937
356 5 1 40.260 2.667 39.665 1.909
357 5 1 40.269 2.629 39.674 1.871
358 5 1 40.278 2.600 39.683 1.842
359 5 1 40.269 2.572 39.674 1.813
360 5 1 40.278 2.534 39.683 1.775
361 5 1 40.268 2.496 39.673 1.737
362 5 1 40.277 2.467 39.682 1.709
363 5 1 40.258 2.439 39.663 1.680
364 5 1 40.258 2.391 39.663 1.633
365 5 1 40.248 2.363 39.653 1.604
366 5 1 40.248 2.325 39.653 1.566
367 5 1 40.248 2.296 39.653 1.537
368 5 1 40.238 2.277 39.643 1.518
369 5 1 40.238 2.248 39.643 1.490
370 5 1 40.238 2.210 39.643 1.452
371 5 1 40.228 2.172 39.633 1.414
372 5 1 40.237 2.144 39.642 1.385
373 5 1 40.227 2.125 39.633 1.366
374 5 1 40.227 2.096 39.632 1.338
375 5 1 40.227 2.049 39.632 1.290
376 5 1 40.227 2.030 39.632 1.271
377 5 1 40.227 2.001 39.632 1.242
378 5 1 40.217 1.963 39.622 1.204
379 5 1 40.207 1.925 39.612 1.166
380 5 1 40.216 1.896 39.622 1.138
381 5 1 40.207 1.868 39.612 1.109
382 5 1 40.216 1.820 39.621 1.061
383 5 1 40.216 1.792 39.621 1.033
384 5 1 40.215 1.754 39.621 0.995
385 5 1 40.215 1.715 39.620 0.957
386 5 1 40.215 1.677 39.620 0.919
387 5 1 40.215 1.649 39.620 0.890
388 5 1 40.215 1.639 39.620 0.881
389 5 1 40.214 1.611 39.620 0.852
0 6 2 22.626 11.720 20.981 10.976
1 6 2 22.847 11.689 21.001 11.062
2 6 2 22.905 11.689 21.155 11.032
3 6 2 22.915 11.679 21.203 10.984
4 6 2 23.050 11.687 21.319 10.983
5 6 2 23.233 11.676 21.396 11.001
6 6 2 23.300 11.666 21.483 10.952
7 6 2 23.397 11.656 21.541 10.990
8 6 2 23.464 11.665 21.618 10.980
9 6 2 23.503 11.664 21.734 10.989
10 6 2 23.686 11.653 21.936 10.977
11 6 2 23.676 11.663 22.052 10.909
12 6 2 23.763 11.662 22.148 10.899
13 6 2 23.955 11.632 22.274 10.917
14 6 2 23.965 11.622 22.331 10.849
15 6 2 23.927 11.641 22.408 10.820
16 6 2 23.994 11.622 22.447 10.772
17 6 2 24.119 11.611 22.572 10.847
18 6 2 24.177 11.562 22.649 10.808
19 6 2 24.311 11.561 22.746 10.769
20 6 2 24.542 11.530 22.910 10.787
21 6 2 24.543 11.550 23.160 10.746
22 6 2 24.562 11.559 23.122 10.756
23 6 2 24.639 11.558 23.131 10.795
24 6 2 24.629 11.597 23.257 10.755
25 6 2 24.812 11.509 23.401 10.725
26 6 2 25.033 11.440 23.488 10.724
27 6 2 25.033 11.421 23.459 10.744
28 6 2 25.129 11.410 23.555 10.733
29 6 2 25.245 11.400 23.671 10.723
30 6 2 25.341 11.389 23.767 10.712
31 6 2 25.418 11.379 23.844 10.702
32 6 2 25.629 11.387 24.056 10.729
33 6 2 25.620 11.387 24.047 10.720
34 6 2 25.716 11.386 24.143 10.719
35 6 2 25.812 11.366 24.239 10.699
36 6 2 25.908 11.384 24.336 10.717
37 6 2 26.005 11.364 24.432 10.697
38 6 2 26.101 11.364 24.528 10.696
39 6 2 26.197 11.363 24.624 10.696
40 6 2 26.293 11.343 24.720 10.676
41 6 2 26.408 11.323 24.836 10.656
42 6 2 26.504 11.322 24.932 10.655
43 6 2 26.600 11.302 25.028 10.635
44 6 2 26.697 11.282 25.125 10.615
45 6 2 26.793 11.281 25.221 10.614
46 6 2 26.889 11.280 25.317 10.613
47 6 2 26.899 11.385 25.510 10.650
48 6 2 26.985 11.346 25.423 10.679
49 6 2 27.072 11.346 25.510 10.679
50 6 2 27.177 11.325 25.616 10.659
51 6 2 27.264 11.325 25.702 10.658
52 6 2 27.370 11.305 25.808 10.638
53 6 2 27.456 11.304 25.894 10.637
54 6 2 27.562 11.303 26.000 10.636
55 6 2 27.648 11.283 26.087 10.616
56 6 2 27.735 11.282 26.173 10.616
57 6 2 27.821 11.282 26.260 10.615
58 6 2 27.927 11.261 26.366 10.595
59 6 2 28.013 11.261 26.452 10.594
60 6 2 28.119 11.260 26.558 10.593
61 6 2 28.205 11.259 26.644 10.592
62 6 2 28.291 11.239 26.731 10.572
63 6 2 28.378 11.238 26.817 10.572
64 6 2 28.483 11.238 26.923 10.571
65 6 2 28.570 11.237 27.010 10.570
66 6 2 28.656 11.236 27.096 10.569
67 6 2 28.743 11.235 27.183 10.569
68 6 2 28.848 11.234 27.288 10.568
69 6 2 28.915 11.234 27.356 10.567
70 6 2 29.021 11.233 27.461 10.566
71 6 2 29.088 11.232 27.529 10.566
72 6 2 29.194 11.231 27.634 10.565
73 6 2 29.261 11.231 27.701 10.564
74 6 2 29.366 11.230 27.807 10.563
75 6 2 29.434 11.229 27.874 10.563
76 6 2 29.539 11.228 27.980 10.562
77 6 2 29.606 11.228 28.047 10.561
78 6 2 29.712 11.227 28.153 10.561
79 6 2 29.779 11.226 28.220 10.560
80 6 2 29.865 11.226 28.307 10.559
81 6 2 29.932 11.206 28.374 10.540
82 6 2 30.019 11.205 28.460 10.539
83 6 2 30.086 11.205 28.527 10.538
84 6 2 30.172 11.204 28.614 10.538
85 6 2 30.239 11.203 28.681 10.537
86 6 2 30.306 11.203 28.748 10.536
87 6 2 30.373 11.202 28.815 10.536
88 6 2 30.441 11.201 28.882 10.535
89 6 2 30.469 11.201 28.911 10.535
90 6 2 30.556 11.200 28.998 10.534
91 6 2 30.604 11.200 29.046 10.534
92 6 2 30.680 11.199 29.122 10.533
93 6 2 30.699 11.199 29.142 10.533
94 6 2 30.767 11.199 29.209 10.533
95 6 2 30.795 11.198 29.238 10.532
96 6 2 30.862 11.198 29.305 10.532
97 6 2 30.891 11.198 29.333 10.532
98 6 2 30.939 11.197 29.381 10.531
99 6 2 30.968 11.197 29.410 10.531
100 6 2 31.016 11.196 29.458 10.530
101 6 2 31.044 11.196 29.487 10.530
102 6 2 31.092 11.196 29.535 10.530
103 6 2 31.121 11.196 29.564 10.530
104 6 2 31.169 11.214 29.612 10.548
105 6 2 31.198 11.214 29.641 10.548
106 6 2 31.246 11.214 29.689 10.548
107 6 2 31.275 11.233 29.717 10.567
108 6 2 31.323 11.232 29.765 10.566
109 6 2 31.351 11.251 29.794 10.585
110 6 2 31.399 11.270 29.842 10.604
111 6 2 31.428 11.269 29.871 10.604
112 6 2 31.476 11.288 29.919 10.622
113 6 2 31.505 11.307 29.948 10.641
114 6 2 31.553 11.326 29.996 10.660
115 6 2 31.582 11.325 30.025 10.660
116 6 2 31.611 11.344 30.054 10.679
117 6 2 31.640 11.363 30.083 10.697
118 6 2 31.668 11.382 30.112 10.716
119 6 2 31.697 11.401 30.140 10.735
120 6 2 31.726 11.420 30.169 10.754
121 6 2 31.755 11.439 30.198 10.773
122 6 2 31.803 11.457 30.246 10.792
123 6 2 31.813 11.476 30.256 10.811
124 6 2 31.861 11.495 30.304 10.830
125 6 2 31.870 11.533 30.314 10.868
126 6 2 31.918 11.552 30.362 10.886
127 6 2 31.928 11.571 30.372 10.905
128 6 2 31.976 11.609 30.420 10.943
129 6 2 31.986 11.628 30.430 10.962
130 6 2 32.034 11.666 30.478 11.000
131 6 2 32.044 11.685 30.487 11.019
132 6 2 32.073 11.704 30.516 11.038
133 6 2 32.101 11.723 30.545 11.057
134 6 2 32.130 11.761 30.574 11.095
135 6 2 32.140 11.780 30.584 11.114
136 6 2 32.169 11.798 30.613 11.133
137 6 2 32.198 11.836 30.642 11.171
138 6 2 32.227 11.855 30.671 11.190
139 6 2 32.237 11.893 30.680 11.228
140 6 2 32.285 11.912 30.728 11.247
141 6 2 32.294 11.950 30.738 11.285
142 6 2 32.342 11.969 30.786 11.304
143 6 2 32.352 12.007 30.796 11.342
144 6 2 32.400 12.045 30.844 11.380
145 6 2 32.410 12.064 30.854 11.399
146 6 2 32.458 12.102 30.902 11.437
147 6 2 32.468 12.140 30.912 11.475
148 6 2 32.516 12.178 30.960 11.513
149 6 2 32.526 12.216 30.970 11.551
150 6 2 32.574 12.235 31.018 11.570
151 6 2 32.584 12.273 31.028 11.608
152 6 2 32.339 12.887 31.361 11.280
153 6 2 32.415 12.905 31.342 11.299
154 6 2 32.540 12.895 31.429 11.327
155 6 2 32.603 12.282 31.047 11.617
156 6 2 32.632 12.301 31.076 11.636
157 6 2 32.661 12.358 31.105 11.693
158 6 2 32.690 12.377 31.134 11.712
159 6 2 32.719 12.415 31.163 11.750
160 6 2 32.767 12.453 31.211 11.788
161 6 2 32.796 12.491 31.240 11.826
162 6 2 32.844 12.529 31.288 11.864
163 6 2 32.873 12.566 31.317 11.902
164 6 2 32.921 12.604 31.365 11.939
165 6 2 32.969 12.642 31.413 11.977
166 6 2 33.017 12.661 31.461 11.996
167 6 2 33.065 12.679 31.509 12.015
168 6 2 33.113 12.736 31.558 12.072
169 6 2 33.161 12.755 31.606 12.090
170 6 2 33.209 12.793 31.654 12.128
171 6 2 33.257 12.831 31.702 12.166
172 6 2 33.305 12.849 31.750 12.185
173 6 2 33.353 12.868 31.798 12.203
174 6 2 33.401 12.906 31.846 12.241
175 6 2 33.449 12.924 31.894 12.260
176 6 2 33.497 12.924 31.942 12.259
177 6 2 33.545 12.943 31.990 12.278
178 6 2 33.593 12.980 32.038 12.316
179 6 2 33.641 12.999 32.086 12.335
180 6 2 33.689 12.999 32.134 12.334
181 6 2 33.737 13.017 32.182 12.353
182 6 2 33.785 13.055 32.230 12.391
183 6 2 33.833 13.074 32.278 12.409
184 6 2 33.880 13.073 32.326 12.409
185 6 2 33.909 13.092 32.355 12.428
186 6 2 33.976 13.111 32.422 12.446
187 6 2 34.005 13.129 32.451 12.465
188 6 2 34.072 13.148 32.518 12.484
189 6 2 34.101 13.148 32.547 12.483
190 6 2 34.149 13.166 32.595 12.502
191 6 2 34.197 13.204 32.643 12.540
192 6 2 34.245 13.223 32.691 12.559
193 6 2 34.293 13.222 32.739 12.558
194 6 2 34.340 13.241 32.787 12.577
195 6 2 34.388 13.279 32.835 12.615
196 6 2 34.436 13.297 32.883 12.633
197 6 2 34.484 13.297 32.930 12.633
198 6 2 34.532 13.316 32.978 12.652
199 6 2 34.561 13.354 33.007 12.690
200 6 2 34.628 13.372 33.074 12.708
201 6 2 34.657 13.372 33.103 12.708
202 6 2 34.705 13.390 33.151 12.726
203 6 2 34.753 13.428 33.199 12.764
204 6 2 34.801 13.447 33.247 12.783
205 6 2 34.849 13.465 33.295 12.802
206 6 2 34.916 13.503 33.362 12.839
207 6 2 34.944 13.522 33.391 12.858
208 6 2 35.011 13.540 33.458 12.877
209 6 2 35.059 13.578 33.506 12.914
210 6 2 35.126 13.597 33.573 12.933
211 6 2 35.174 13.615 33.621 12.951
212 6 2 35.222 13.634 33.669 12.970
213 6 2 35.270 13.633 33.717 12.970
214 6 2 35.318 13.652 33.765 12.988
215 6 2 35.366 13.690 33.813 13.026
216 6 2 35.433 13.708 33.880 13.045
217 6 2 35.481 13.708 33.928 13.044
218 6 2 35.528 13.707 33.976 13.044
219 6 2 35.576 13.707 34.024 13.043
220 6 2 35.643 13.725 34.091 13.062
221 6 2 35.691 13.744 34.139 13.080
222 6 2 35.758 13.743 34.206 13.080
223 6 2 35.825 13.743 34.272 13.079
224 6 2 35.892 13.742 34.339 13.079
225 6 2 35.939 13.742 34.387 13.078
226 6 2 36.025 13.741 34.473 13.077
227 6 2 36.073 13.740 34.521 13.077
228 6 2 36.159 13.740 34.607 13.076
229 6 2 36.207 13.739 34.655 13.076
230 6 2 36.293 13.719 34.741 13.056
231 6 2 36.340 13.738 34.789 13.074
232 6 2 36.426 13.718 34.875 13.054
233 6 2 36.474 13.717 34.922 13.054
234 6 2 36.560 13.697 35.008 13.034
235 6 2 36.626 13.678 35.075 13.014
236 6 2 36.693 13.677 35.142 13.014
237 6 2 36.760 13.657 35.209 12.994
238 6 2 36.827 13.638 35.275 12.974
239 6 2 36.893 13.637 35.342 12.974
240 6 2 36.960 13.617 35.409 12.954
241 6 2 37.027 13.578 35.476 12.915
242 6 2 37.093 13.559 35.542 12.895
243 6 2 37.160 13.539 35.609 12.876
244 6 2 37.226 13.519 35.676 12.856
245 6 2 37.293 13.500 35.743 12.836
246 6 2 37.379 13.461 35.828 12.797
247 6 2 37.445 13.441 35.895 12.778
248 6 2 37.531 13.421 35.981 12.758
249 6 2 37.598 13.382 36.047 12.719
250 6 2 37.683 13.343 36.133 12.680
251 6 2 37.750 13.323 36.200 12.660
252 6 2 37.835 13.303 36.286 12.640
253 6 2 37.921 13.264 36.371 12.601
254 6 2 38.007 13.226 36.457 12.562
255 6 2 38.083 13.292 36.810 12.511
256 6 2 38.217 13.290 36.933 12.443
257 6 2 38.331 13.194 36.800 12.530
258 6 2 38.416 13.155 36.886 12.492
259 6 2 38.502 13.135 36.972 12.472
260 6 2 38.768 13.113 37.247 12.288
261 6 2 38.835 13.056 37.266 12.240
262 6 2 38.825 13.046 37.276 12.278
263 6 2 38.806 12.989 37.285 12.326
264 6 2 38.901 12.969 37.381 12.306
265 6 2 39.100 12.891 37.571 12.170
266 6 2 39.225 12.947 37.713 12.035
267 6 2 39.319 12.898 37.875 12.120
268 6 2 39.434 12.897 37.932 12.100
269 6 2 39.586 12.848 37.932 12.053
270 6 2 39.500 12.811 37.979 11.995
271 6 2 39.595 12.800 38.113 12.032
272 6 2 39.775 12.694 38.217 11.916
273 6 2 39.927 12.664 38.379 11.886
274 6 2 40.070 12.682 38.493 11.866
275 6 2 40.184 12.681 38.598 11.856
276 6 2 40.127 12.595 38.637 11.932
277 6 2 40.231 12.575 38.741 11.912
278 6 2 40.355 12.555 38.865 11.892
279 6 2 40.659 12.476 39.045 11.756
280 6 2 40.811 12.456 39.150 11.765
281 6 2 40.887 12.483 39.359 11.716
282 6 2 40.858 12.427 39.369 11.763
283 6 2 41.001 12.444 39.369 11.725
284 6 2 41.220 12.442 39.550 11.723
285 6 2 41.295 12.365 39.483 11.734
286 6 2 41.390 12.355 39.730 11.684
287 6 2 41.295 12.346 39.807 11.693
288 6 2 41.600 12.382 39.987 11.634
289 6 2 41.647 12.334 40.025 11.633
290 6 2 41.733 12.361 40.158 11.623
291 6 2 41.675 12.314 40.187 11.661
292 6 2 41.780 12.304 40.292 11.650
293 6 2 41.903 12.274 40.415 11.620
294 6 2 42.293 12.252 40.691 11.551
295 6 2 42.359 12.213 40.729 11.551
296 6 2 42.587 12.220 40.881 11.511
297 6 2 42.692 12.210 41.023 11.491
298 6 2 42.787 12.238 41.223 11.508
299 6 2 42.910 12.198 41.337 11.488
300 6 2 42.958 12.207 41.470 11.411
301 6 2 42.948 12.131 41.461 11.478
302 6 2 43.052 12.121 41.565 11.467
303 6 2 43.175 12.110 41.689 11.457
304 6 2 43.299 12.119 41.812 11.465
305 6 2 43.403 12.108 41.917 11.455
306 6 2 43.527 12.098 42.040 11.444
307 6 2 43.650 12.087 42.164 11.434
308 6 2 43.773 12.095 42.287 11.442
309 6 2 44.087 12.092 42.382 11.384
310 6 2 44.257 12.100 42.619 11.363
311 6 2 44.371 12.080 42.724 11.371
312 6 2 44.428 12.061 42.790 11.361
313 6 2 44.342 12.033 42.857 11.380
314 6 2 44.466 12.022 42.980 11.369
315 6 2 44.769 12.077 43.142 11.349
316 6 2 44.684 12.030 43.199 11.377
317 6 2 44.807 12.019 43.322 11.366
318 6 2 44.930 12.028 43.446 11.375
319 6 2 45.035 12.017 43.550 11.364
320 6 2 45.405 12.043 43.749 11.305
321 6 2 45.547 12.032 43.825 11.324
322 6 2 45.575 12.079 43.996 11.303
323 6 2 45.518 12.013 44.034 11.360
324 6 2 45.850 12.058 44.147 11.264
325 6 2 45.917 12.066 44.252 11.292
326 6 2 46.135 12.074 44.403 11.271
327 6 2 46.210 12.073 44.470 11.318
328 6 2 46.077 12.017 44.594 11.365
329 6 2 46.182 12.026 44.698 11.373
330 6 2 46.286 12.035 44.803 11.382
331 6 2 46.409 12.024 44.926 11.371
332 6 2 46.731 12.069 44.982 11.295
333 6 2 46.589 12.003 45.106 11.351
334 6 2 46.712 12.012 45.229 11.359
335 6 2 46.816 12.001 45.333 11.349
336 6 2 46.939 12.010 45.457 11.357
337 6 2 47.043 11.999 45.561 11.347
338 6 2 47.166 12.008 45.684 11.355
339 6 2 47.290 12.016 45.807 11.364
340 6 2 47.413 12.024 45.931 11.372
341 6 2 47.517 12.033 46.035 11.381
342 6 2 47.640 12.041 46.158 11.389
343 6 2 47.744 12.031 46.262 11.379
344 6 2 48.114 12.142 46.338 11.349
345 6 2 47.962 12.067 46.480 11.415
346 6 2 48.066 12.076 46.585 11.423
347 6 2 48.189 12.065 46.708 11.413
348 6 2 48.293 12.093 46.812 11.440
349 6 2 48.416 12.101 46.935 11.449
350 6 2 48.520 12.109 47.039 11.457
351 6 2 48.643 12.118 47.162 11.466
352 6 2 48.747 12.126 47.267 11.474
353 6 2 48.870 12.135 47.390 11.483
354 6 2 48.975 12.162 47.494 11.510
355 6 2 49.097 12.152 47.617 11.500
356 6 2 49.202 12.179 47.721 11.527
357 6 2 49.324 12.169 47.844 11.517
358 6 2 49.429 12.196 47.949 11.544
359 6 2 49.551 12.186 48.071 11.534
360 6 2 49.655 12.194 48.176 11.542
361 6 2 49.778 12.203 48.299 11.551
362 6 2 49.863 12.211 48.384 11.560
363 6 2 49.986 12.201 48.507 11.549
364 6 2 50.393 12.349 48.706 11.585
365 6 2 50.270 12.284 48.791 11.632
366 6 2 50.374 12.292 48.895 11.641
367 6 2 50.497 12.300 49.018 11.649
368 6 2 50.582 12.290 49.103 11.639
369 6 2 50.705 12.299 49.226 11.647
370 6 2 50.808 12.288 49.330 11.637
371 6 2 50.912 12.297 49.434 11.645
372 6 2 51.016 12.286 49.538 11.635
373 6 2 51.139 12.295 49.661 11.643
374 6 2 51.224 12.284 49.746 11.633
375 6 2 51.346 12.293 49.869 11.641
376 6 2 51.648 12.271 49.831 11.661
377 6 2 51.469 12.282 49.991 11.640
378 6 2 51.573 12.281 50.095 11.639
379 6 2 51.658 12.280 50.180 11.639
380 6 2 52.129 12.267 50.397 11.551
381 6 2 51.988 12.230 50.510 11.588
382 6 2 52.412 12.226 50.501 11.550
383 6 2 52.185 12.209 50.709 11.567
384 6 2 52.289 12.208 50.812 11.567
385 6 2 52.393 12.207 50.916 11.566
386 6 2 52.497 12.206 51.020 11.565
387 6 2 52.600 12.205 51.124 11.564
388 6 2 52.723 12.204 51.247 11.563
389 6 2 52.808 12.222 51.332 11.581
