0 0 1 44.624 9.988 43.776 9.356
1 0 1 44.747 10.042 43.607 9.418
2 0 1 44.686 10.065 43.593 9.487
3 0 1 44.601 10.057 43.639 9.495
4 0 1 44.578 10.057 43.600 9.495
5 0 1 44.563 10.073 43.546 9.471
6 0 1 44.532 10.073 43.508 9.487
7 0 1 44.417 10.065 43.385 9.517
8 0 1 44.425 10.057 43.324 9.533
9 0 1 44.340 10.065 43.347 9.525
10 0 1 44.356 10.073 43.332 9.517
11 0 1 44.310 10.080 43.286 9.525
12 0 1 44.425 10.080 43.132 9.494
13 0 1 44.341 10.096 43.140 9.517
14 0 1 44.279 10.126 43.094 9.517
15 0 1 44.134 10.142 43.079 9.548
16 0 1 44.118 10.157 43.040 9.556
17 0 1 44.050 10.173 43.025 9.617
18 0 1 44.011 10.180 43.010 9.633
19 0 1 43.988 10.157 43.079 9.625
20 0 1 43.950 10.173 42.995 9.656
21 0 1 43.873 10.172 42.972 9.648
22 0 1 43.881 10.180 42.987 9.648
23 0 1 43.835 10.196 42.902 9.640
24 0 1 43.858 10.211 42.856 9.648
25 0 1 43.835 10.242 42.787 9.663
26 0 1 43.812 10.211 42.810 9.686
27 0 1 43.773 10.219 42.772 9.694
28 0 1 43.720 10.226 42.718 9.702
29 0 1 43.567 10.280 42.695 9.625
30 0 1 43.628 10.211 42.634 9.686
31 0 1 43.582 10.219 42.588 9.694
32 0 1 43.528 10.234 42.534 9.709
33 0 1 43.489 10.234 42.496 9.709
34 0 1 43.443 10.242 42.449 9.717
35 0 1 43.397 10.249 42.403 9.725
36 0 1 43.367 10.242 42.373 9.717
37 0 1 43.321 10.265 42.327 9.740
38 0 1 43.160 10.303 42.204 9.748
39 0 1 43.113 10.303 42.188 9.755
40 0 1 43.052 10.326 42.173 9.779
41 0 1 53.193 7.378 52.232 6.857
42 0 1 42.975 10.357 42.058 9.794
43 0 1 42.914 10.342 41.927 9.801
44 0 1 42.502 10.920 41.553 10.403
45 0 1 42.768 10.326 41.681 9.817
46 0 1 42.706 10.326 41.758 9.817
47 0 1 42.652 10.288 41.712 9.786
48 0 1 42.614 10.326 41.673 9.824
49 0 1 42.583 10.326 41.643 9.824
50 0 1 42.537 10.334 41.596 9.840
51 0 1 42.583 10.334 41.604 9.786
52 0 1 42.529 10.318 41.650 9.770
53 0 1 42.560 10.280 41.627 9.794
54 0 1 42.476 10.357 41.619 9.778
55 0 1 42.437 10.342 41.619 9.716
56 0 1 42.376 10.342 41.588 9.678
57 0 1 42.314 10.341 41.588 9.639
58 0 1 42.291 10.318 41.534 9.616
59 0 1 42.237 10.295 41.503 9.624
60 0 1 42.152 10.295 41.318 9.585
61 0 1 42.137 10.311 41.373 9.655
62 0 1 42.145 10.280 41.434 9.570
63 0 1 42.106 10.295 41.365 9.601
64 0 1 42.167 10.187 41.311 9.701
65 0 1 42.121 10.187 41.265 9.701
66 0 1 42.060 10.187 41.203 9.701
67 0 1 42.029 10.187 41.173 9.701
68 0 1 41.983 10.187 41.126 9.701
69 0 1 41.952 10.187 41.096 9.701
70 0 1 41.868 10.395 40.973 9.716
71 0 1 41.791 10.388 40.980 9.739
72 0 1 41.737 10.395 40.911 9.755
73 0 1 41.668 10.395 40.826 9.754
74 0 1 41.668 10.395 40.811 9.785
75 0 1 41.660 10.334 40.819 9.847
76 0 1 41.629 10.334 40.788 9.847
77 0 1 41.591 10.334 40.750 9.847
78 0 1 41.537 10.334 40.696 9.847
79 0 1 41.507 10.395 40.434 9.785
80 0 1 41.391 10.333 40.549 9.847
81 0 1 41.352 10.333 40.511 9.847
82 0 1 41.306 10.333 40.465 9.847
83 0 1 41.260 10.333 40.418 9.847
84 0 1 41.229 10.333 40.388 9.847
85 0 1 41.183 10.395 40.341 9.754
86 0 1 41.152 10.387 40.341 9.731
87 0 1 41.091 10.380 40.349 9.746
88 0 1 41.068 10.387 40.256 9.716
89 0 1 41.075 10.295 40.257 9.808
90 0 1 41.036 10.295 40.218 9.808
91 0 1 40.975 10.380 40.094 9.692
92 0 1 40.944 10.279 40.125 9.793
93 0 1 40.905 10.279 40.087 9.793
94 0 1 40.867 10.279 40.048 9.793
95 0 1 40.813 10.279 39.994 9.793
96 0 1 40.774 10.279 39.956 9.792
97 0 1 40.721 10.279 39.902 9.792
98 0 1 40.682 10.279 39.863 9.792
99 0 1 40.628 10.356 39.686 9.661
100 0 1 40.551 10.341 39.755 9.677
101 0 1 40.559 10.248 39.748 9.761
102 0 1 40.512 10.248 39.701 9.761
103 0 1 40.420 10.395 39.539 9.700
104 0 1 40.374 10.395 39.470 9.746
105 0 1 40.328 10.310 39.516 9.823
106 0 1 40.328 10.372 39.331 9.800
107 0 1 40.328 10.364 39.316 9.777
108 0 1 40.251 10.356 39.293 9.800
109 0 1 40.235 10.364 39.192 9.784
110 0 1 40.212 10.387 39.208 9.769
111 0 1 40.112 10.318 39.301 9.831
112 0 1 40.065 10.318 39.254 9.831
113 0 1 40.035 10.318 39.223 9.831
114 0 1 39.935 10.364 38.984 9.784
115 0 1 39.873 10.364 38.907 9.730
116 0 1 39.795 10.287 38.984 9.800
117 0 1 39.842 10.348 38.806 9.730
118 0 1 39.803 10.333 38.806 9.715
119 0 1 39.803 10.325 38.768 9.738
120 0 1 39.687 10.271 38.876 9.784
121 0 1 39.749 10.333 38.799 9.684
122 0 1 39.672 10.248 38.861 9.761
123 0 1 39.641 10.248 38.830 9.761
124 0 1 39.595 10.248 38.783 9.761
125 0 1 39.548 10.248 38.737 9.761
126 0 1 39.549 10.325 38.497 9.629
127 0 1 39.526 10.333 38.428 9.668
128 0 1 39.386 10.240 38.575 9.753
129 0 1 39.340 10.240 38.529 9.753
130 0 1 39.278 10.240 38.467 9.753
131 0 1 39.232 10.240 38.420 9.753
132 0 1 39.464 10.279 38.034 9.722
133 0 1 39.394 10.279 38.050 9.722
134 0 1 39.371 10.286 38.034 9.706
135 0 1 39.178 10.217 38.366 9.730
136 0 1 39.147 10.286 38.150 9.668
137 0 1 39.132 10.286 38.166 9.706
138 0 1 39.016 10.279 38.127 9.645
139 0 1 38.900 10.263 38.104 9.668
140 0 1 38.846 10.271 38.096 9.668
141 0 1 38.831 10.271 38.050 9.691
142 0 1 38.831 10.286 37.972 9.675
143 0 1 38.839 10.294 37.949 9.629
144 0 1 38.854 10.286 37.826 9.652
145 0 1 38.738 10.209 37.949 9.722
146 0 1 38.622 10.263 37.771 9.698
147 0 1 38.584 10.255 37.694 9.721
148 0 1 38.622 10.240 37.617 9.698
149 0 1 38.599 10.240 37.617 9.629
150 0 1 38.529 10.232 37.555 9.605
151 0 1 38.560 10.240 37.563 9.551
152 0 1 38.529 10.209 37.516 9.459
153 0 1 38.398 10.193 37.509 9.505
154 0 1 38.367 10.170 37.462 9.466
155 0 1 38.282 10.178 37.431 9.551
156 0 1 38.213 10.170 37.362 9.513
157 0 1 38.174 10.193 37.253 9.536
158 0 1 38.120 10.185 37.238 9.497
159 0 1 38.027 10.178 37.215 9.497
160 0 1 38.019 10.209 37.130 9.489
161 0 1 38.058 10.154 37.045 9.481
162 0 1 37.958 10.154 37.122 9.474
163 0 1 38.004 10.147 37.029 9.458
164 0 1 37.896 10.147 36.960 9.528
165 0 1 37.927 10.162 37.014 9.435
166 0 1 37.911 10.162 36.998 9.489
167 0 1 37.818 10.162 36.967 9.497
168 0 1 37.818 10.139 36.944 9.497
169 0 1 37.733 10.116 36.874 9.481
170 0 1 37.702 10.147 36.828 9.474
171 0 1 37.633 10.123 36.758 9.450
172 0 1 37.571 10.116 36.720 9.466
173 0 1 37.478 10.154 36.619 9.497
174 0 1 37.463 10.177 36.573 9.496
175 0 1 37.478 10.170 36.534 9.504
176 0 1 37.455 10.154 36.557 9.466
177 0 1 37.424 10.162 36.550 9.512
178 0 1 37.393 10.177 36.495 9.481
179 0 1 37.362 10.123 36.426 9.535
180 0 1 37.254 10.131 36.403 9.512
181 0 1 37.192 10.115 36.333 9.527
182 0 1 37.223 10.092 36.248 9.512
183 0 1 37.184 10.092 36.217 9.481
184 0 1 37.161 10.084 36.186 9.481
185 0 1 37.153 10.069 36.155 9.473
186 0 1 37.130 10.069 36.139 9.465
187 0 1 37.037 10.115 36.077 9.434
188 0 1 36.983 10.131 36.047 9.372
189 0 1 36.937 10.108 36.000 9.434
190 0 1 36.890 10.108 36.000 9.357
191 0 1 36.867 10.100 36.000 9.426
192 0 1 36.867 10.092 35.969 9.365
193 0 1 36.844 10.053 35.961 9.380
194 0 1 36.743 10.077 35.923 9.341
195 0 1 36.666 10.061 35.853 9.349
196 0 1 36.581 10.038 35.659 9.372
197 0 1 36.534 10.030 35.590 9.403
198 0 1 36.565 10.030 35.504 9.411
199 0 1 36.503 10.022 35.528 9.418
200 0 1 36.488 10.015 35.442 9.457
0 1 1 43.645 8.034 42.606 7.387
1 1 1 43.676 8.057 42.591 7.379
2 1 1 43.645 8.049 42.560 7.372
3 1 1 43.630 8.057 42.545 7.379
4 1 1 43.622 8.057 42.537 7.379
5 1 1 43.592 8.049 42.507 7.371
6 1 1 43.576 8.057 42.491 7.379
7 1 1 43.553 8.057 42.468 7.379
8 1 1 43.500 8.049 42.415 7.371
9 1 1 43.461 8.057 42.376 7.379
10 1 1 43.423 8.056 42.338 7.379
11 1 1 43.300 8.026 42.215 7.348
12 1 1 43.331 8.072 42.246 7.394
13 1 1 43.277 8.049 42.192 7.371
14 1 1 43.277 8.079 42.192 7.401
15 1 1 43.185 8.071 42.100 7.394
16 1 1 43.147 8.071 42.062 7.394
17 1 1 43.093 8.079 42.008 7.401
18 1 1 43.055 8.102 41.970 7.424
19 1 1 43.001 8.094 41.916 7.416
20 1 1 42.963 8.102 41.878 7.424
21 1 1 42.940 8.102 41.855 7.424
22 1 1 42.917 8.117 41.832 7.439
23 1 1 42.879 8.125 41.793 7.447
24 1 1 42.856 8.117 41.770 7.439
25 1 1 42.833 8.132 41.747 7.454
26 1 1 42.794 8.125 41.709 7.447
27 1 1 42.756 8.132 41.670 7.454
28 1 1 42.702 8.132 41.617 7.454
29 1 1 42.649 8.132 41.563 7.454
30 1 1 42.610 8.132 41.525 7.454
31 1 1 42.557 8.132 41.471 7.454
32 1 1 42.518 8.124 41.432 7.446
33 1 1 42.464 8.132 41.379 7.454
34 1 1 42.426 8.132 41.340 7.454
35 1 1 42.372 8.132 41.286 7.453
36 1 1 42.334 8.132 41.248 7.453
37 1 1 42.280 8.131 41.194 7.453
38 1 1 42.242 8.124 41.156 7.445
39 1 1 42.203 8.116 41.117 7.438
40 1 1 42.180 8.131 41.094 7.453
41 1 1 42.142 8.116 41.056 7.438
42 1 1 42.119 8.116 41.033 7.438
43 1 1 42.081 8.116 40.994 7.437
44 1 1 42.042 8.108 40.956 7.430
45 1 1 41.988 8.116 40.902 7.437
46 1 1 41.950 8.131 40.864 7.453
47 1 1 41.896 8.115 40.810 7.437
48 1 1 41.858 8.131 40.772 7.452
49 1 1 41.804 8.123 40.718 7.445
50 1 1 41.766 8.131 40.679 7.452
51 1 1 41.727 8.131 40.641 7.452
52 1 1 41.673 8.130 40.587 7.452
53 1 1 41.635 8.123 40.549 7.444
54 1 1 41.597 8.130 40.510 7.452
55 1 1 41.543 8.146 40.456 7.467
56 1 1 41.505 8.153 40.418 7.475
57 1 1 41.466 8.161 40.380 7.482
58 1 1 41.443 8.153 40.357 7.475
59 1 1 41.405 8.161 40.318 7.482
60 1 1 41.382 8.161 40.295 7.482
61 1 1 41.343 8.161 40.257 7.482
62 1 1 41.305 8.153 40.218 7.474
63 1 1 41.251 8.161 40.164 7.482
64 1 1 41.213 8.153 40.126 7.474
65 1 1 41.159 8.145 40.072 7.466
66 1 1 41.120 8.160 40.034 7.482
67 1 1 41.066 8.137 39.980 7.458
68 1 1 41.028 8.145 39.941 7.466
69 1 1 40.974 8.145 39.887 7.466
70 1 1 40.936 8.145 39.849 7.466
71 1 1 40.882 8.129 39.795 7.450
72 1 1 40.859 8.114 39.772 7.435
73 1 1 40.797 8.114 39.710 7.435
74 1 1 40.766 8.106 39.679 7.427
75 1 1 40.728 8.098 39.641 7.419
76 1 1 40.705 8.075 39.618 7.396
77 1 1 40.674 8.075 39.587 7.396
78 1 1 40.659 8.083 39.572 7.404
79 1 1 40.597 8.075 39.510 7.396
80 1 1 40.582 8.083 39.495 7.404
81 1 1 40.528 8.082 39.441 7.404
82 1 1 40.489 8.098 39.402 7.419
83 1 1 40.436 8.082 39.348 7.403
84 1 1 40.397 8.098 39.310 7.419
85 1 1 40.343 8.090 39.256 7.411
86 1 1 40.305 8.097 39.217 7.418
87 1 1 40.251 8.097 39.164 7.418
88 1 1 40.212 8.097 39.125 7.418
89 1 1 40.159 8.105 39.071 7.426
90 1 1 40.120 8.105 39.033 7.426
91 1 1 40.082 8.128 38.994 7.449
92 1 1 40.043 8.112 38.956 7.433
93 1 1 40.005 8.128 38.917 7.449
94 1 1 39.982 8.120 38.894 7.441
95 1 1 39.943 8.128 38.856 7.448
96 1 1 39.920 8.128 38.832 7.448
97 1 1 39.858 8.128 38.771 7.448
98 1 1 39.835 8.120 38.748 7.441
99 1 1 39.789 8.127 38.701 7.448
100 1 1 39.751 8.120 38.663 7.440
101 1 1 39.697 8.127 38.609 7.448
102 1 1 39.658 8.127 38.570 7.448
103 1 1 39.604 8.127 38.517 7.448
104 1 1 39.566 8.119 38.478 7.440
105 1 1 39.527 8.127 38.439 7.448
106 1 1 39.489 8.119 38.401 7.440
107 1 1 39.435 8.127 38.347 7.447
108 1 1 39.396 8.127 38.308 7.447
109 1 1 39.335 8.127 38.247 7.447
110 1 1 39.312 8.127 38.224 7.447
111 1 1 39.265 8.127 38.177 7.447
112 1 1 39.242 8.103 38.154 7.424
113 1 1 39.211 8.119 38.123 7.439
114 1 1 39.196 8.103 38.108 7.424
115 1 1 39.150 8.111 38.062 7.432
116 1 1 39.119 8.119 38.031 7.439
117 1 1 39.080 8.103 37.992 7.424
118 1 1 39.042 8.126 37.954 7.447
119 1 1 38.988 8.118 37.900 7.439
120 1 1 38.950 8.126 37.861 7.446
121 1 1 38.911 8.118 37.823 7.439
122 1 1 38.865 8.126 37.776 7.446
123 1 1 38.818 8.126 37.730 7.446
124 1 1 38.795 8.126 37.707 7.446
125 1 1 38.741 8.133 37.653 7.454
126 1 1 38.703 8.149 37.614 7.469
127 1 1 38.641 8.149 37.553 7.469
128 1 1 38.603 8.156 37.514 7.477
129 1 1 38.556 8.172 37.468 7.492
130 1 1 38.533 8.187 37.445 7.507
131 1 1 38.495 8.187 37.406 7.507
132 1 1 38.472 8.187 37.383 7.507
133 1 1 38.425 8.187 37.337 7.507
134 1 1 38.395 8.179 37.306 7.499
135 1 1 38.356 8.179 37.267 7.499
136 1 1 38.317 8.179 37.229 7.499
137 1 1 38.263 8.187 37.175 7.507
138 1 1 38.225 8.202 37.136 7.522
139 1 1 38.186 8.217 37.097 7.537
140 1 1 38.140 8.202 37.051 7.522
141 1 1 38.109 8.217 37.020 7.537
142 1 1 38.071 8.194 36.982 7.514
143 1 1 38.017 8.209 36.928 7.529
144 1 1 37.978 8.194 36.889 7.514
145 1 1 37.916 8.217 36.827 7.537
146 1 1 37.878 8.201 36.789 7.521
147 1 1 37.847 8.201 36.758 7.521
148 1 1 37.800 8.201 36.711 7.521
149 1 1 37.770 8.193 36.680 7.513
150 1 1 37.746 8.193 36.657 7.513
151 1 1 37.700 8.193 36.611 7.513
152 1 1 37.669 8.201 36.580 7.521
153 1 1 37.631 8.216 36.541 7.536
154 1 1 37.592 8.193 36.503 7.513
155 1 1 37.538 8.209 36.449 7.528
156 1 1 37.499 8.208 36.410 7.528
157 1 1 37.461 8.208 36.371 7.528
158 1 1 37.415 8.216 36.325 7.536
159 1 1 37.384 8.231 36.294 7.551
160 1 1 37.337 8.247 36.248 7.567
161 1 1 37.306 8.247 36.217 7.566
162 1 1 37.268 8.247 36.178 7.566
163 1 1 37.206 8.247 36.116 7.566
164 1 1 37.167 8.254 36.078 7.574
165 1 1 37.137 8.270 36.047 7.589
166 1 1 37.113 8.270 36.024 7.589
167 1 1 37.075 8.277 35.985 7.597
168 1 1 37.052 8.277 35.962 7.597
169 1 1 37.005 8.277 35.915 7.597
170 1 1 36.982 8.269 35.892 7.589
171 1 1 36.928 8.269 35.838 7.589
172 1 1 36.897 8.269 35.807 7.589
173 1 1 36.858 8.277 35.769 7.596
174 1 1 36.820 8.277 35.730 7.596
175 1 1 36.781 8.277 35.691 7.596
176 1 1 36.735 8.269 35.645 7.588
177 1 1 36.704 8.269 35.614 7.588
178 1 1 36.657 8.269 35.567 7.588
179 1 1 36.611 8.261 35.521 7.581
180 1 1 36.572 8.276 35.482 7.596
181 1 1 36.534 8.253 35.444 7.573
182 1 1 36.487 8.253 35.397 7.573
183 1 1 36.457 8.261 35.366 7.580
184 1 1 36.433 8.253 35.343 7.572
185 1 1 36.395 8.261 35.304 7.580
186 1 1 36.356 8.245 35.266 7.565
187 1 1 36.317 8.222 35.227 7.541
188 1 1 36.271 8.237 35.181 7.557
189 1 1 36.240 8.222 35.150 7.541
190 1 1 36.194 8.245 35.103 7.564
191 1 1 36.147 8.229 35.057 7.549
192 1 1 36.109 8.229 35.018 7.549
193 1 1 36.070 8.229 34.979 7.549
194 1 1 36.024 8.222 34.933 7.541
195 1 1 35.993 8.222 34.902 7.541
196 1 1 35.946 8.221 34.856 7.541
197 1 1 35.915 8.229 34.825 7.548
198 1 1 35.877 8.229 34.786 7.548
199 1 1 35.838 8.206 34.747 7.525
200 1 1 35.799 8.206 34.709 7.525
0 2 1 43.322 9.086 42.489 8.416
1 2 1 43.345 9.110 42.474 8.409
2 2 1 43.306 9.117 42.435 8.416
3 2 1 43.283 9.125 42.412 8.424
4 2 1 43.253 9.117 42.381 8.416
5 2 1 43.222 9.140 42.351 8.439
6 2 1 43.191 9.132 42.320 8.431
7 2 1 43.161 9.156 42.289 8.454
8 2 1 43.130 9.163 42.259 8.462
9 2 1 43.100 9.186 42.228 8.485
10 2 1 43.069 9.194 42.198 8.493
11 2 1 43.038 9.209 42.167 8.508
12 2 1 43.008 9.225 42.136 8.523
13 2 1 42.977 9.248 42.106 8.546
14 2 1 42.939 9.255 42.067 8.554
15 2 1 42.900 9.278 42.029 8.577
16 2 1 42.854 9.286 41.983 8.585
17 2 1 42.824 9.309 41.952 8.608
18 2 1 42.778 9.317 41.906 8.615
19 2 1 42.747 9.324 41.875 8.623
20 2 1 42.716 9.332 41.845 8.631
21 2 1 42.670 9.340 41.799 8.638
22 2 1 42.624 9.332 41.753 8.631
23 2 1 42.594 9.347 41.722 8.646
24 2 1 42.547 9.347 41.676 8.646
25 2 1 42.501 9.355 41.630 8.653
26 2 1 42.471 9.332 41.599 8.630
27 2 1 42.440 9.340 41.568 8.638
28 2 1 42.394 9.309 41.522 8.607
29 2 1 42.348 9.309 41.476 8.607
30 2 1 42.317 9.301 41.445 8.599
31 2 1 42.271 9.293 41.399 8.592
32 2 1 42.224 9.278 41.353 8.576
33 2 1 42.163 9.293 41.291 8.591
34 2 1 42.117 9.278 41.245 8.576
35 2 1 42.071 9.293 41.199 8.591
36 2 1 42.025 9.301 41.153 8.599
37 2 1 41.979 9.308 41.107 8.607
38 2 1 41.932 9.301 41.061 8.599
39 2 1 41.886 9.308 41.014 8.606
40 2 1 41.840 9.316 40.968 8.614
41 2 1 41.809 9.316 40.938 8.614
42 2 1 41.779 9.331 40.907 8.629
43 2 1 41.733 9.339 40.861 8.637
44 2 1 41.702 9.347 40.830 8.645
45 2 1 41.671 9.370 40.799 8.668
46 2 1 41.625 9.354 40.753 8.652
47 2 1 41.579 9.377 40.707 8.675
48 2 1 41.533 9.393 40.661 8.691
49 2 1 41.487 9.400 40.615 8.698
50 2 1 41.456 9.393 40.584 8.691
51 2 1 41.410 9.400 40.538 8.698
52 2 1 41.379 9.408 40.507 8.706
53 2 1 41.333 9.408 40.461 8.706
54 2 1 41.287 9.408 40.415 8.706
55 2 1 41.241 9.400 40.368 8.698
56 2 1 41.194 9.392 40.322 8.690
57 2 1 41.164 9.400 40.291 8.698
58 2 1 41.094 9.269 40.099 8.690
59 2 1 41.079 9.269 40.099 8.721
60 2 1 40.978 9.261 40.084 8.705
61 2 1 40.902 9.269 40.053 8.651
62 2 1 40.925 9.277 40.029 8.651
63 2 1 40.886 9.276 39.991 8.651
64 2 1 40.848 9.276 39.952 8.651
65 2 1 40.809 9.276 39.914 8.651
66 2 1 40.755 9.276 39.860 8.651
67 2 1 40.717 9.276 39.822 8.651
68 2 1 40.678 9.276 39.783 8.651
69 2 1 40.640 9.276 39.744 8.651
70 2 1 40.586 9.276 39.691 8.651
71 2 1 40.509 9.299 39.521 8.612
72 2 1 40.470 9.284 39.482 8.597
73 2 1 40.432 9.253 39.521 8.628
74 2 1 40.393 9.253 39.482 8.628
75 2 1 40.370 9.268 39.459 8.643
76 2 1 40.332 9.284 39.421 8.658
77 2 1 40.309 9.284 39.398 8.658
78 2 1 40.255 9.284 39.344 8.658
79 2 1 40.216 9.299 39.305 8.674
80 2 1 40.162 9.314 39.251 8.689
81 2 1 40.124 9.299 39.213 8.673
82 2 1 40.085 9.314 39.174 8.689
83 2 1 40.062 9.314 39.151 8.689
84 2 1 40.008 9.314 39.097 8.689
85 2 1 39.970 9.314 39.059 8.689
86 2 1 39.931 9.314 39.020 8.689
87 2 1 39.877 9.314 38.966 8.689
88 2 1 39.839 9.314 38.928 8.688
89 2 1 39.800 9.314 38.889 8.688
90 2 1 39.746 9.299 38.835 8.673
91 2 1 39.731 9.299 38.812 8.719
92 2 1 39.685 9.275 38.835 8.704
93 2 1 39.708 9.291 38.804 8.681
94 2 1 39.677 9.291 38.773 8.681
95 2 1 39.646 9.291 38.743 8.681
96 2 1 39.600 9.291 38.696 8.680
97 2 1 39.538 9.306 38.635 8.696
98 2 1 39.492 9.321 38.588 8.711
99 2 1 39.477 9.306 38.573 8.696
100 2 1 39.415 9.321 38.511 8.711
101 2 1 39.369 9.321 38.465 8.711
102 2 1 39.338 9.321 38.434 8.711
103 2 1 39.292 9.337 38.388 8.726
104 2 1 39.230 9.352 38.326 8.742
105 2 1 39.184 9.352 38.280 8.742
106 2 1 39.153 9.352 38.249 8.742
107 2 1 39.122 9.367 38.218 8.757
108 2 1 39.076 9.398 38.172 8.788
109 2 1 39.030 9.414 38.125 8.803
110 2 1 38.999 9.414 38.095 8.803
111 2 1 38.952 9.414 38.048 8.803
112 2 1 38.891 9.413 37.987 8.803
113 2 1 38.844 9.413 37.940 8.803
114 2 1 38.813 9.413 37.909 8.803
115 2 1 38.767 9.413 37.863 8.803
116 2 1 38.721 9.413 37.817 8.803
117 2 1 38.644 9.344 37.593 8.802
118 2 1 38.636 9.344 37.570 8.833
119 2 1 38.597 9.328 37.577 8.810
120 2 1 38.597 9.351 37.562 8.818
121 2 1 38.497 9.321 37.516 8.818
122 2 1 38.443 9.367 37.523 8.795
123 2 1 38.443 9.359 37.523 8.787
124 2 1 38.412 9.367 37.492 8.795
125 2 1 38.366 9.374 37.446 8.802
126 2 1 38.319 9.382 37.400 8.810
127 2 1 38.273 9.390 37.353 8.818
128 2 1 38.227 9.397 37.307 8.825
129 2 1 38.181 9.421 37.261 8.848
130 2 1 38.134 9.428 37.214 8.856
131 2 1 38.088 9.436 37.168 8.864
132 2 1 38.042 9.444 37.122 8.871
133 2 1 38.011 9.451 37.091 8.879
134 2 1 37.964 9.459 37.044 8.887
135 2 1 37.903 9.467 36.982 8.894
136 2 1 37.856 9.459 36.936 8.887
137 2 1 37.810 9.482 36.890 8.910
138 2 1 37.763 9.490 36.843 8.917
139 2 1 37.717 9.497 36.797 8.925
140 2 1 37.686 9.505 36.766 8.933
141 2 1 37.501 9.474 36.720 8.801
142 2 1 37.570 9.428 36.658 8.855
143 2 1 37.532 9.435 36.619 8.863
144 2 1 37.478 9.428 36.565 8.855
145 2 1 37.439 9.451 36.526 8.878
146 2 1 37.400 9.443 36.488 8.871
147 2 1 37.300 9.435 36.364 8.832
148 2 1 37.292 9.420 36.379 8.847
149 2 1 37.246 9.474 36.248 8.816
150 2 1 37.184 9.482 36.217 8.816
151 2 1 37.153 9.435 36.240 8.863
152 2 1 37.114 9.443 36.201 8.870
153 2 1 37.006 9.458 36.147 8.824
154 2 1 37.029 9.427 36.124 8.855
155 2 1 36.983 9.420 36.078 8.847
156 2 1 36.936 9.427 36.031 8.855
157 2 1 36.890 9.435 35.985 8.862
158 2 1 36.844 9.427 35.938 8.855
159 2 1 36.797 9.435 35.892 8.862
160 2 1 36.751 9.427 35.845 8.854
161 2 1 36.704 9.450 35.799 8.878
162 2 1 36.673 9.442 35.768 8.870
163 2 1 36.627 9.450 35.722 8.877
164 2 1 36.581 9.442 35.675 8.870
165 2 1 36.503 9.481 35.505 8.792
166 2 1 36.418 9.481 35.497 8.808
167 2 1 36.372 9.489 35.505 8.815
168 2 1 36.263 9.481 35.443 8.815
169 2 1 36.225 9.465 35.435 8.815
170 2 1 36.232 9.504 35.458 8.800
171 2 1 36.186 9.488 35.435 8.815
172 2 1 36.240 9.434 35.373 8.862
173 2 1 36.201 9.442 35.334 8.869
174 2 1 36.163 9.450 35.296 8.877
175 2 1 36.124 9.442 35.257 8.869
176 2 1 36.085 9.450 35.218 8.877
177 2 1 36.031 9.442 35.164 8.869
178 2 1 35.992 9.450 35.125 8.877
179 2 1 35.954 9.457 35.087 8.884
180 2 1 35.830 9.511 34.831 8.830
181 2 1 35.806 9.511 34.792 8.822
182 2 1 35.729 9.449 34.862 8.876
183 2 1 35.690 9.442 34.823 8.869
184 2 1 35.690 9.511 34.839 8.776
185 2 1 35.690 9.426 34.831 8.853
186 2 1 35.644 9.418 34.784 8.845
187 2 1 35.427 9.488 34.637 8.791
188 2 1 35.466 9.426 34.614 8.853
189 2 1 35.318 9.472 34.537 8.783
190 2 1 35.257 9.480 34.397 8.799
191 2 1 35.249 9.426 34.405 8.853
192 2 1 35.218 9.433 34.374 8.860
193 2 1 35.156 9.503 34.257 8.783
194 2 1 35.140 9.503 34.250 8.791
195 2 1 35.117 9.488 34.250 8.791
196 2 1 35.117 9.511 34.234 8.783
197 2 1 35.101 9.526 34.242 8.775
198 2 1 35.078 9.488 34.211 8.783
199 2 1 34.993 9.480 34.188 8.798
200 2 1 34.892 9.472 34.172 8.767
0 3 1 43.174 10.126 42.179 9.463
1 3 1 43.205 10.149 42.164 9.455
2 3 1 43.174 10.141 42.133 9.447
3 3 1 43.143 10.149 42.102 9.455
4 3 1 43.097 10.141 42.141 9.501
5 3 1 43.059 10.141 42.133 9.493
6 3 1 43.066 10.141 42.118 9.493
7 3 1 42.921 10.157 42.095 9.493
8 3 1 42.913 10.141 42.064 9.501
9 3 1 42.928 10.110 41.957 9.524
10 3 1 42.897 10.126 41.995 9.501
11 3 1 42.874 10.126 41.972 9.501
12 3 1 42.836 10.126 41.933 9.501
13 3 1 42.790 10.126 41.887 9.501
14 3 1 42.767 10.126 41.864 9.501
15 3 1 42.728 10.126 41.826 9.501
16 3 1 42.682 10.126 41.780 9.501
17 3 1 42.644 10.126 41.741 9.501
18 3 1 42.575 10.126 41.672 9.501
19 3 1 42.559 10.126 41.657 9.501
20 3 1 42.513 10.126 41.610 9.501
21 3 1 42.482 10.126 41.580 9.501
22 3 1 42.452 10.126 41.549 9.501
23 3 1 42.421 10.126 41.518 9.501
24 3 1 42.390 10.126 41.487 9.501
25 3 1 42.229 10.179 41.372 9.500
26 3 1 42.252 10.149 41.357 9.524
27 3 1 42.213 10.149 41.318 9.524
28 3 1 42.175 10.149 41.280 9.523
29 3 1 42.136 10.149 41.241 9.523
30 3 1 42.083 10.149 41.187 9.523
31 3 1 42.044 10.149 41.149 9.523
32 3 1 41.990 10.149 41.095 9.523
33 3 1 41.952 10.149 41.056 9.523
34 3 1 41.898 10.164 41.003 9.539
35 3 1 41.860 10.179 40.964 9.554
36 3 1 41.821 10.164 40.926 9.539
37 3 1 41.783 10.179 40.887 9.554
38 3 1 41.767 10.148 40.718 9.592
39 3 1 41.775 10.133 40.703 9.592
40 3 1 41.736 10.125 40.726 9.608
41 3 1 41.667 10.102 40.633 9.569
42 3 1 41.613 10.110 40.641 9.562
43 3 1 41.551 10.102 40.556 9.585
44 3 1 41.528 10.125 40.587 9.554
45 3 1 41.490 10.117 40.548 9.546
46 3 1 41.451 10.110 40.510 9.538
47 3 1 41.398 10.117 40.456 9.546
48 3 1 41.359 10.110 40.417 9.538
49 3 1 41.305 10.117 40.364 9.546
50 3 1 41.267 10.110 40.325 9.538
51 3 1 41.213 10.102 40.271 9.530
52 3 1 41.174 10.094 40.232 9.523
53 3 1 41.136 10.102 40.194 9.530
54 3 1 41.051 10.117 40.048 9.546
55 3 1 41.020 10.110 40.125 9.530
56 3 1 40.989 10.117 40.117 9.507
57 3 1 40.943 10.102 40.078 9.515
58 3 1 40.905 10.109 40.040 9.499
59 3 1 40.889 10.109 39.978 9.522
60 3 1 40.897 10.133 39.886 9.476
61 3 1 40.874 10.156 39.824 9.499
62 3 1 40.805 10.109 39.893 9.538
63 3 1 40.766 10.117 39.855 9.545
64 3 1 40.728 10.109 39.816 9.538
65 3 1 40.674 10.117 39.762 9.545
66 3 1 40.635 10.109 39.724 9.538
67 3 1 40.581 10.117 39.670 9.545
68 3 1 40.543 10.125 39.631 9.553
69 3 1 40.489 10.132 39.577 9.561
70 3 1 40.466 10.125 39.554 9.553
71 3 1 40.366 10.171 39.508 9.537
72 3 1 40.312 10.171 39.492 9.491
73 3 1 40.350 10.117 39.454 9.545
74 3 1 40.311 10.109 39.415 9.537
75 3 1 40.273 10.117 39.377 9.545
76 3 1 40.234 10.109 39.338 9.537
77 3 1 40.196 10.117 39.300 9.545
78 3 1 40.142 10.109 39.246 9.537
79 3 1 40.103 10.117 39.207 9.545
80 3 1 40.049 10.109 39.153 9.537
81 3 1 40.011 10.117 39.115 9.545
82 3 1 39.957 10.094 39.061 9.522
83 3 1 39.918 10.101 39.022 9.529
84 3 1 39.864 10.094 38.968 9.522
85 3 1 39.826 10.101 38.929 9.529
86 3 1 39.787 10.093 38.891 9.522
87 3 1 39.749 10.101 38.852 9.529
88 3 1 39.710 10.093 38.814 9.521
89 3 1 39.672 10.101 38.775 9.529
90 3 1 39.633 10.093 38.737 9.521
91 3 1 39.433 10.217 38.752 9.537
92 3 1 39.440 10.186 38.536 9.575
93 3 1 39.433 10.163 38.544 9.591
94 3 1 39.386 10.171 38.497 9.598
95 3 1 39.340 10.178 38.451 9.606
96 3 1 39.294 10.170 38.405 9.598
97 3 1 39.247 10.178 38.358 9.606
98 3 1 39.201 10.170 38.312 9.598
99 3 1 39.139 10.178 38.250 9.606
100 3 1 39.116 10.147 38.189 9.590
101 3 1 39.093 10.155 38.204 9.590
102 3 1 39.000 10.170 38.196 9.583
103 3 1 39.039 10.155 38.158 9.590
104 3 1 38.908 10.240 38.189 9.606
105 3 1 38.985 10.201 38.111 9.637
106 3 1 38.838 10.209 38.119 9.575
107 3 1 38.807 10.193 38.073 9.575
108 3 1 38.753 10.178 37.910 9.583
109 3 1 38.684 10.186 37.740 9.552
110 3 1 38.645 10.147 37.795 9.582
111 3 1 38.607 10.147 37.756 9.582
112 3 1 38.568 10.147 37.717 9.582
113 3 1 38.514 10.147 37.663 9.582
114 3 1 38.475 10.147 37.625 9.582
115 3 1 38.421 10.147 37.570 9.582
116 3 1 38.383 10.147 37.532 9.582
117 3 1 38.344 10.147 37.493 9.582
118 3 1 38.336 10.224 37.563 9.629
119 3 1 38.298 10.224 37.563 9.629
120 3 1 38.251 10.255 37.570 9.621
121 3 1 38.244 10.255 37.563 9.598
122 3 1 38.159 10.263 37.509 9.567
123 3 1 38.105 10.255 37.308 9.551
124 3 1 38.035 10.232 37.168 9.528
125 3 1 38.004 10.162 37.199 9.597
126 3 1 37.965 10.162 37.161 9.597
127 3 1 37.911 10.162 37.107 9.597
128 3 1 37.857 10.178 37.052 9.613
129 3 1 37.818 10.162 37.014 9.597
130 3 1 37.764 10.178 36.960 9.613
131 3 1 37.726 10.178 36.921 9.613
132 3 1 37.672 10.178 36.867 9.613
133 3 1 37.710 10.270 36.805 9.659
134 3 1 37.687 10.278 36.844 9.674
135 3 1 37.641 10.301 36.859 9.698
136 3 1 37.602 10.301 36.790 9.698
137 3 1 37.556 10.340 36.813 9.682
138 3 1 37.502 10.301 36.735 9.682
139 3 1 37.440 10.301 36.604 9.705
140 3 1 37.386 10.293 36.550 9.682
141 3 1 37.378 10.340 36.503 9.628
142 3 1 37.293 10.355 36.403 9.620
143 3 1 37.239 10.270 36.457 9.705
144 3 1 37.192 10.270 36.410 9.705
145 3 1 37.130 10.270 36.348 9.705
146 3 1 37.192 10.324 36.163 9.720
147 3 1 37.130 10.286 36.124 9.720
148 3 1 37.076 10.270 36.108 9.736
149 3 1 36.983 10.270 36.070 9.697
150 3 1 36.983 10.286 36.101 9.705
151 3 1 36.898 10.293 36.085 9.697
152 3 1 36.859 10.316 36.039 9.674
153 3 1 36.805 10.285 36.039 9.713
154 3 1 36.805 10.347 36.039 9.635
155 3 1 36.790 10.340 35.977 9.682
156 3 1 36.728 10.332 35.868 9.689
157 3 1 36.681 10.285 35.915 9.728
158 3 1 36.596 10.347 35.628 9.720
159 3 1 36.503 10.309 35.737 9.751
160 3 1 36.457 10.316 35.690 9.759
161 3 1 36.395 10.324 35.628 9.766
162 3 1 36.558 10.293 35.435 9.751
163 3 1 36.511 10.363 35.473 9.743
164 3 1 36.426 10.363 35.466 9.774
165 3 1 36.364 10.332 35.442 9.766
166 3 1 36.294 10.316 35.435 9.751
167 3 1 36.248 10.301 35.427 9.766
168 3 1 36.217 10.355 35.473 9.735
169 3 1 36.201 10.347 35.458 9.728
170 3 1 36.178 10.355 35.380 9.751
171 3 1 36.093 10.355 35.272 9.774
172 3 1 36.062 10.332 35.311 9.789
173 3 1 36.015 10.339 35.264 9.797
174 3 1 35.984 10.347 35.233 9.805
175 3 1 35.938 10.339 35.186 9.797
176 3 1 35.899 10.332 34.783 9.789
177 3 1 35.853 10.347 34.783 9.781
178 3 1 35.690 10.332 34.938 9.789
179 3 1 35.791 10.339 34.729 9.797
180 3 1 35.744 10.370 34.752 9.789
181 3 1 35.705 10.347 34.776 9.774
182 3 1 35.643 10.393 34.799 9.743
183 3 1 35.589 10.393 34.791 9.758
184 3 1 35.535 10.386 34.783 9.750
185 3 1 35.457 10.409 34.783 9.712
186 3 1 35.411 10.417 34.737 9.688
187 3 1 35.349 10.393 34.558 9.727
188 3 1 35.271 10.417 34.380 9.711
189 3 1 35.217 10.409 34.279 9.773
190 3 1 35.186 10.417 34.264 9.750
191 3 1 35.186 10.378 34.264 9.711
192 3 1 35.093 10.316 34.357 9.773
193 3 1 35.155 10.386 34.194 9.789
194 3 1 35.163 10.440 34.240 9.711
195 3 1 35.116 10.448 34.233 9.688
196 3 1 35.070 10.424 34.194 9.758
197 3 1 34.992 10.409 34.186 9.773
198 3 1 34.938 10.440 34.209 9.742
199 3 1 34.837 10.440 34.147 9.750
200 3 1 34.798 10.463 34.077 9.758
0 4 1 44.814 13.037 43.910 12.334
1 4 1 44.837 13.060 43.894 12.326
2 4 1 44.814 13.044 43.871 12.311
3 4 1 44.791 13.060 43.848 12.326
4 4 1 44.768 13.068 43.825 12.334
5 4 1 44.768 13.068 43.825 12.334
6 4 1 44.737 13.083 43.794 12.349
7 4 1 44.714 13.091 43.771 12.357
8 4 1 44.676 13.068 43.733 12.334
9 4 1 44.637 13.091 43.694 12.357
10 4 1 44.599 13.099 43.656 12.365
11 4 1 44.560 13.037 43.617 12.303
12 4 1 44.522 13.099 43.579 12.365
13 4 1 44.499 13.122 43.556 12.388
14 4 1 44.461 13.161 43.518 12.427
15 4 1 44.438 13.138 43.495 12.404
16 4 1 44.399 13.146 43.456 12.411
17 4 1 44.376 13.153 43.433 12.419
18 4 1 44.338 13.161 43.395 12.427
19 4 1 44.315 13.169 43.372 12.435
20 4 1 44.276 13.177 43.333 12.443
21 4 1 44.253 13.184 43.310 12.450
22 4 1 44.230 13.192 43.287 12.458
23 4 1 44.207 13.200 43.264 12.466
24 4 1 44.169 13.192 43.226 12.458
25 4 1 44.130 13.200 43.187 12.466
26 4 1 44.092 13.192 43.149 12.458
27 4 1 44.053 13.200 43.110 12.466
28 4 1 43.984 13.193 43.041 12.458
29 4 1 43.946 13.200 43.002 12.466
30 4 1 43.892 13.193 42.949 12.458
31 4 1 43.869 13.200 42.926 12.466
32 4 1 43.815 13.193 42.872 12.458
33 4 1 43.776 13.201 42.833 12.466
34 4 1 43.738 13.208 42.795 12.474
35 4 1 43.700 13.216 42.756 12.482
36 4 1 43.661 13.208 42.718 12.474
37 4 1 43.638 13.216 42.695 12.482
38 4 1 43.600 13.209 42.656 12.474
39 4 1 43.576 13.216 42.633 12.482
40 4 1 43.538 13.209 42.594 12.474
41 4 1 43.515 13.216 42.571 12.482
42 4 1 43.461 13.224 42.517 12.490
43 4 1 43.423 13.232 42.479 12.497
44 4 1 43.369 13.224 42.425 12.490
45 4 1 43.315 13.248 42.371 12.513
46 4 1 43.261 13.232 42.317 12.498
47 4 1 43.223 13.256 42.279 12.521
48 4 1 43.169 13.271 42.225 12.536
49 4 1 43.130 13.294 42.187 12.560
50 4 1 43.092 13.287 42.148 12.552
51 4 1 43.053 13.295 42.109 12.560
52 4 1 43.015 13.302 42.071 12.568
53 4 1 42.992 13.302 42.048 12.568
54 4 1 42.953 13.318 42.009 12.583
55 4 1 42.930 13.326 41.986 12.591
56 4 1 42.892 13.318 41.948 12.583
57 4 1 42.869 13.326 41.925 12.591
58 4 1 42.830 13.318 41.886 12.583
59 4 1 42.791 13.310 41.847 12.575
60 4 1 42.753 13.303 41.809 12.568
61 4 1 42.714 13.310 41.770 12.576
62 4 1 42.645 13.295 41.701 12.560
63 4 1 42.591 13.295 41.647 12.560
64 4 1 42.537 13.287 41.593 12.552
65 4 1 42.498 13.288 41.554 12.553
66 4 1 42.444 13.272 41.500 12.537
67 4 1 42.421 13.280 41.477 12.545
68 4 1 42.367 13.264 41.423 12.529
69 4 1 42.344 13.264 41.400 12.529
70 4 1 42.306 13.257 41.361 12.522
71 4 1 42.282 13.257 41.338 12.522
72 4 1 42.244 13.257 41.300 12.522
73 4 1 42.205 13.249 41.261 12.514
74 4 1 42.182 13.241 41.238 12.506
75 4 1 42.159 13.249 41.215 12.514
76 4 1 42.120 13.242 41.176 12.506
77 4 1 42.082 13.242 41.138 12.506
78 4 1 42.028 13.257 41.084 12.522
79 4 1 41.989 13.265 41.045 12.530
80 4 1 41.920 13.257 40.976 12.522
81 4 1 41.882 13.265 40.937 12.530
82 4 1 41.827 13.257 40.883 12.522
83 4 1 41.789 13.257 40.845 12.522
84 4 1 41.735 13.258 40.790 12.522
85 4 1 41.696 13.265 40.752 12.530
86 4 1 41.658 13.265 40.713 12.530
87 4 1 41.619 13.281 40.675 12.546
88 4 1 41.581 13.266 40.636 12.530
89 4 1 41.542 13.281 40.598 12.546
90 4 1 41.504 13.273 40.559 12.538
91 4 1 41.480 13.266 40.536 12.530
92 4 1 41.442 13.250 40.497 12.515
93 4 1 41.419 13.250 40.474 12.515
94 4 1 41.380 13.219 40.435 12.484
95 4 1 41.341 13.219 40.397 12.484
96 4 1 41.303 13.196 40.358 12.461
97 4 1 41.264 13.188 40.319 12.453
98 4 1 41.210 13.157 40.265 12.422
99 4 1 41.171 13.158 40.227 12.422
100 4 1 41.117 13.127 40.172 12.391
101 4 1 41.078 13.127 40.134 12.391
102 4 1 41.040 13.103 40.095 12.368
103 4 1 41.017 13.096 40.072 12.360
104 4 1 40.978 13.065 40.033 12.329
105 4 1 40.955 13.065 40.010 12.329
106 4 1 40.931 13.034 39.987 12.298
107 4 1 40.854 12.964 39.902 12.353
108 4 1 40.854 13.011 39.909 12.291
109 4 1 40.831 13.011 39.886 12.291
110 4 1 40.730 12.972 39.631 12.353
111 4 1 40.669 13.011 39.709 12.306
112 4 1 40.630 12.995 39.670 12.291
113 4 1 40.607 12.980 39.647 12.275
114 4 1 40.553 12.964 39.593 12.260
115 4 1 40.514 12.949 39.554 12.244
116 4 1 40.460 12.949 39.500 12.244
117 4 1 40.437 12.934 39.477 12.229
118 4 1 40.436 12.840 39.283 12.252
119 4 1 40.406 12.840 39.276 12.299
120 4 1 40.359 12.825 39.330 12.299
121 4 1 40.336 12.887 39.353 12.229
122 4 1 40.259 12.817 39.299 12.353
123 4 1 40.212 12.802 39.314 12.291
124 4 1 40.150 12.763 39.276 12.237
125 4 1 40.189 12.810 39.229 12.190
126 4 1 40.065 12.748 39.206 12.152
127 4 1 40.081 12.748 39.183 12.128
128 4 1 39.980 12.756 39.136 12.082
129 4 1 39.973 12.756 39.136 12.097
130 4 1 40.019 12.732 39.090 12.121
131 4 1 39.980 12.732 39.051 12.121
132 4 1 39.926 12.717 38.997 12.105
133 4 1 39.887 12.701 38.958 12.090
134 4 1 39.849 12.701 38.920 12.090
135 4 1 39.810 12.686 38.881 12.074
136 4 1 39.787 12.686 38.858 12.074
137 4 1 39.733 12.671 38.804 12.059
138 4 1 39.710 12.655 38.780 12.043
139 4 1 39.655 12.624 38.726 12.012
140 4 1 39.617 12.593 38.687 11.981
141 4 1 39.578 12.578 38.649 11.966
142 4 1 39.555 12.562 38.625 11.950
143 4 1 39.532 12.562 38.602 11.950
144 4 1 39.508 12.547 38.579 11.935
145 4 1 39.470 12.547 38.540 11.935
146 4 1 39.431 12.547 38.502 11.935
148 4 1 39.423 12.539 38.494 11.927
149 4 1 39.369 12.539 38.440 11.927
150 4 1 39.315 12.539 38.386 11.927
151 4 1 39.276 12.539 38.347 11.927
152 4 1 39.207 12.539 38.277 11.927
153 4 1 39.168 12.555 38.239 11.943
154 4 1 39.114 12.555 38.185 11.943
155 4 1 39.075 12.555 38.146 11.943
156 4 1 39.006 12.570 38.076 11.959
157 4 1 38.967 12.571 38.037 11.959
158 4 1 38.944 12.571 38.014 11.959
159 4 1 38.921 12.571 37.991 11.959
160 4 1 38.882 12.571 37.952 11.959
161 4 1 38.859 12.571 37.929 11.959
162 4 1 38.820 12.555 37.890 11.943
163 4 1 38.781 12.571 37.852 11.959
164 4 1 38.727 12.555 37.798 11.943
165 4 1 38.689 12.555 37.759 11.943
166 4 1 38.634 12.555 37.705 11.943
167 4 1 38.596 12.540 37.666 11.928
168 4 1 38.557 12.524 37.627 11.912
169 4 1 38.518 12.524 37.588 11.912
170 4 1 38.464 12.524 37.534 11.912
171 4 1 38.425 12.509 37.495 11.897
172 4 1 38.356 12.494 37.426 11.881
173 4 1 38.317 12.494 37.387 11.881
174 4 1 38.263 12.478 37.333 11.866
175 4 1 38.240 12.463 37.310 11.850
176 4 1 38.201 12.463 37.271 11.850
177 4 1 38.162 12.463 37.232 11.850
178 4 1 38.123 12.463 37.193 11.850
179 4 1 38.085 12.463 37.155 11.850
180 4 1 38.030 12.463 37.100 11.850
181 4 1 37.992 12.447 37.062 11.835
182 4 1 37.938 12.432 37.007 11.820
183 4 1 37.899 12.447 36.969 11.835
184 4 1 37.845 12.432 36.914 11.820
185 4 1 37.806 12.447 36.876 11.835
186 4 1 37.736 12.432 36.806 11.820
187 4 1 37.697 12.448 36.767 11.835
188 4 1 37.643 12.448 36.713 11.835
189 4 1 37.605 12.448 36.674 11.835
190 4 1 37.550 12.448 36.620 11.835
191 4 1 37.496 12.448 36.566 11.835
192 4 1 37.442 12.448 36.511 11.835
193 4 1 37.434 12.448 36.504 11.835
194 4 1 37.395 12.448 36.465 11.835
195 4 1 37.357 12.448 36.426 11.835
196 4 1 37.302 12.448 36.372 11.835
197 4 1 37.264 12.448 36.333 11.835
198 4 1 37.209 12.448 36.279 11.835
199 4 1 37.171 12.448 36.240 11.835
200 4 1 37.116 12.448 36.186 11.835
0 5 1 45.393 12.379 44.675 11.846
1 5 1 45.416 12.394 44.667 11.839
2 5 1 45.370 12.387 44.621 11.831
3 5 1 45.339 12.379 44.590 11.823
4 5 1 45.300 12.371 44.552 11.816
5 5 1 45.254 12.364 44.506 11.808
6 5 1 45.224 12.356 44.475 11.800
7 5 1 45.200 12.348 44.452 11.792
8 5 1 45.154 12.340 44.406 11.785
9 5 1 45.161 12.255 44.121 11.769
10 5 1 45.108 12.263 44.175 11.754
11 5 1 45.100 12.286 44.167 11.777
12 5 1 45.092 12.263 43.899 11.808
13 5 1 44.977 12.271 43.929 11.793
14 5 1 45.016 12.256 43.991 11.777
15 5 1 44.939 12.263 43.914 11.785
16 5 1 44.908 12.256 43.883 11.777
17 5 1 44.847 12.263 43.822 11.785
18 5 1 44.847 12.256 43.822 11.777
19 5 1 44.800 12.248 43.775 11.770
20 5 1 44.793 12.240 43.768 11.762
21 5 1 44.724 12.233 43.698 11.754
22 5 1 44.677 12.225 43.652 11.746
23 5 1 44.639 12.217 43.614 11.739
24 5 1 44.616 12.209 43.591 11.731
25 5 1 44.570 12.202 43.544 11.723
26 5 1 44.516 12.194 43.491 11.716
27 5 1 44.462 12.186 43.437 11.708
28 5 1 44.447 12.179 43.421 11.700
29 5 1 44.401 12.186 43.375 11.708
30 5 1 44.370 12.179 43.252 11.638
31 5 1 44.354 12.171 43.252 11.615
32 5 1 44.324 12.163 43.244 11.569
33 5 1 44.354 12.156 43.267 11.561
34 5 1 44.293 12.140 43.290 11.553
35 5 1 44.277 12.117 43.236 11.499
36 5 1 44.254 12.094 43.182 11.484
37 5 1 44.216 12.094 43.120 11.453
38 5 1 44.208 12.078 43.027 11.422
39 5 1 44.146 12.086 43.151 11.499
40 5 1 44.046 12.071 43.036 11.500
41 5 1 43.977 12.079 43.128 11.515
42 5 1 43.962 12.063 43.105 11.507
43 5 1 43.908 12.025 43.143 11.507
44 5 1 43.900 12.009 43.089 11.499
45 5 1 43.815 11.978 42.828 11.461
46 5 1 43.815 11.978 42.843 11.461
47 5 1 43.784 11.963 42.805 11.461
48 5 1 43.723 11.971 42.828 11.445
49 5 1 43.707 11.963 42.805 11.438
50 5 1 43.707 11.978 42.720 11.422
51 5 1 43.630 11.963 42.766 11.430
52 5 1 43.623 11.994 42.743 11.430
53 5 1 43.577 11.971 42.697 11.446
54 5 1 43.531 11.971 42.666 11.453
55 5 1 43.469 11.971 42.481 11.453
56 5 1 43.469 11.971 42.520 11.453
57 5 1 43.438 11.971 42.381 11.453
58 5 1 43.384 11.940 42.266 11.469
59 5 1 43.338 11.924 42.343 11.477
60 5 1 43.307 11.932 42.374 11.500
61 5 1 43.261 11.932 42.358 11.484
62 5 1 43.238 11.924 42.235 11.492
63 5 1 43.138 11.917 42.251 11.492
64 5 1 43.153 11.932 42.243 11.469
65 5 1 43.100 11.932 42.204 11.484
66 5 1 43.053 11.940 42.127 11.484
67 5 1 43.038 11.909 42.135 11.469
68 5 1 42.961 11.971 42.066 11.430
69 5 1 42.907 11.963 42.012 11.438
70 5 1 42.853 11.956 41.981 11.423
71 5 1 42.854 11.963 41.896 11.446
72 5 1 42.807 11.956 41.881 11.438
73 5 1 42.784 11.979 41.888 11.438
74 5 1 42.769 11.971 41.904 11.438
75 5 1 42.730 11.963 41.812 11.454
76 5 1 42.707 11.963 41.735 11.461
77 5 1 42.661 11.933 41.781 11.484
78 5 1 42.622 11.925 41.742 11.477
79 5 1 42.584 11.917 41.704 11.469
80 5 1 42.545 11.925 41.665 11.477
81 5 1 42.507 11.917 41.627 11.469
82 5 1 42.453 11.925 41.573 11.477
83 5 1 42.399 11.979 41.334 11.400
84 5 1 42.268 11.979 41.264 11.438
85 5 1 42.238 11.971 41.195 11.431
86 5 1 42.238 11.987 41.234 11.438
87 5 1 42.261 11.940 41.195 11.454
88 5 1 42.222 11.956 41.249 11.446
89 5 1 42.153 11.956 41.187 11.438
90 5 1 42.107 11.956 41.149 11.438
91 5 1 42.099 11.964 41.133 11.438
92 5 1 42.045 11.956 41.118 11.438
93 5 1 42.030 11.979 41.095 11.438
94 5 1 42.030 11.972 41.079 11.446
95 5 1 42.014 11.948 40.956 11.423
96 5 1 41.952 11.933 40.879 11.438
97 5 1 41.868 11.956 40.725 11.438
98 5 1 41.744 11.918 40.864 11.469
99 5 1 41.706 11.925 40.825 11.477
100 5 1 41.652 11.933 40.771 11.485
101 5 1 41.613 11.941 40.733 11.493
102 5 1 41.575 12.034 40.586 11.469
103 5 1 41.521 11.972 40.640 11.524
104 5 1 41.483 11.980 40.602 11.531
105 5 1 41.498 12.065 40.509 11.500
106 5 1 41.444 12.003 40.563 11.555
107 5 1 41.467 12.042 40.470 11.469
108 5 1 41.483 12.026 40.455 11.446
109 5 1 41.452 12.057 40.463 11.493
110 5 1 41.414 12.080 40.486 11.493
111 5 1 41.375 12.073 40.455 11.493
112 5 1 41.306 12.088 40.440 11.524
113 5 1 41.228 12.042 40.339 11.469
114 5 1 41.213 12.049 40.239 11.500
115 5 1 41.151 12.042 40.170 11.547
116 5 1 41.067 12.088 40.147 11.578
117 5 1 41.043 12.050 40.170 11.601
118 5 1 40.997 12.057 40.124 11.609
119 5 1 40.966 12.081 40.170 11.555
120 5 1 40.897 12.042 40.015 11.547
121 5 1 40.935 12.003 39.753 11.508
122 5 1 40.943 12.003 39.768 11.493
123 5 1 40.897 12.065 39.907 11.547
124 5 1 40.912 12.034 39.822 11.516
125 5 1 40.827 12.073 39.853 11.516
126 5 1 40.773 12.065 39.830 11.493
127 5 1 40.642 12.104 39.760 11.485
128 5 1 40.542 12.166 39.760 11.477
129 5 1 40.426 12.174 39.722 11.485
130 5 1 40.380 12.143 39.645 11.532
131 5 1 40.318 12.135 39.637 11.470
132 5 1 40.241 12.128 39.482 11.423
133 5 1 40.279 11.996 39.452 11.547
134 5 1 40.241 11.988 39.413 11.539
135 5 1 40.194 11.980 39.367 11.532
136 5 1 40.140 11.980 39.313 11.532
137 5 1 40.086 11.981 39.258 11.532
139 5 1 40.078 11.973 39.251 11.524
140 5 1 40.040 11.965 39.212 11.516
141 5 1 39.978 11.973 39.150 11.524
142 5 1 39.916 11.965 39.088 11.516
143 5 1 39.862 11.973 39.034 11.524
144 5 1 39.816 11.965 38.988 11.516
145 5 1 39.762 11.973 38.934 11.524
146 5 1 39.708 11.973 38.887 11.524
148 5 1 39.700 11.965 38.880 11.516
149 5 1 39.476 12.066 38.779 11.416
150 5 1 39.383 11.996 38.578 11.416
151 5 1 39.391 11.927 38.586 11.478
152 5 1 39.344 11.919 38.540 11.470
153 5 1 39.290 11.927 38.485 11.478
154 5 1 39.236 11.911 38.431 11.462
155 5 1 39.190 11.911 38.385 11.462
156 5 1 39.136 11.904 38.331 11.455
157 5 1 39.074 11.904 38.269 11.455
158 5 1 39.174 11.935 38.021 11.493
159 5 1 39.128 11.935 38.037 11.493
160 5 1 39.082 11.942 38.037 11.462
161 5 1 38.997 11.958 38.052 11.455
162 5 1 38.904 11.950 38.037 11.439
163 5 1 38.788 11.974 37.928 11.408
164 5 1 38.726 11.958 37.959 11.416
165 5 1 38.687 11.950 37.921 11.432
166 5 1 38.703 11.904 37.913 11.463
167 5 1 38.587 11.950 37.704 11.416
168 5 1 38.680 11.919 37.557 11.408
169 5 1 38.509 11.881 37.719 11.439
170 5 1 38.463 11.873 37.673 11.432
171 5 1 38.409 11.865 37.619 11.424
172 5 1 38.370 11.865 37.580 11.424
173 5 1 38.316 11.865 37.526 11.424
174 5 1 38.269 11.865 37.480 11.424
175 5 1 38.215 11.865 37.425 11.424
176 5 1 38.153 11.865 37.363 11.424
177 5 1 38.154 11.920 37.116 11.408
178 5 1 38.030 11.881 37.240 11.439
179 5 1 37.983 11.881 37.193 11.439
180 5 1 37.937 11.873 37.147 11.432
181 5 1 37.952 11.951 37.154 11.354
182 5 1 37.944 11.873 37.154 11.432
183 5 1 37.844 11.966 37.139 11.308
184 5 1 37.790 11.990 37.046 11.292
185 5 1 37.813 11.858 37.038 11.416
186 5 1 37.766 11.858 36.992 11.416
187 5 1 37.712 11.858 36.937 11.416
188 5 1 37.658 11.858 36.883 11.416
189 5 1 37.612 11.858 36.837 11.416
190 5 1 37.557 11.858 36.783 11.416
191 5 1 37.495 11.850 36.721 11.409
192 5 1 37.441 11.850 36.666 11.409
193 5 1 37.403 11.943 36.496 11.393
194 5 1 37.372 11.912 36.465 11.354
195 5 1 37.341 11.951 36.496 11.308
196 5 1 37.279 11.936 36.442 11.300
197 5 1 37.248 11.835 36.473 11.393
198 5 1 37.201 11.835 36.426 11.393
199 5 1 36.992 11.936 36.279 11.261
200 5 1 37.023 11.819 36.256 11.378
0 6 1 43.135 11.314 41.970 10.812
1 6 1 43.165 11.330 41.947 10.805
2 6 1 43.119 11.337 41.901 10.812
3 6 1 43.104 11.345 41.886 10.820
4 6 1 42.927 11.322 41.978 10.797
5 6 1 42.888 11.314 41.893 10.797
6 6 1 42.888 11.314 41.893 10.797
7 6 1 42.842 11.314 41.847 10.797
8 6 1 42.827 11.314 41.832 10.797
9 6 1 42.765 11.314 41.770 10.797
10 6 1 42.704 11.314 41.708 10.797
11 6 1 42.665 11.314 41.670 10.797
12 6 1 42.611 11.314 41.616 10.797
13 6 1 42.535 11.314 41.539 10.797
14 6 1 42.481 11.314 41.485 10.797
15 6 1 42.427 11.314 41.431 10.797
16 6 1 42.365 11.314 41.370 10.797
17 6 1 42.304 11.314 41.308 10.797
18 6 1 42.273 11.330 41.277 10.812
19 6 1 42.227 11.345 41.231 10.828
20 6 1 42.196 11.345 41.200 10.828
21 6 1 42.165 11.345 41.169 10.828
22 6 1 42.119 11.345 41.123 10.828
23 6 1 42.065 11.345 41.069 10.828
24 6 1 42.011 11.345 41.015 10.828
25 6 1 41.980 11.345 40.985 10.828
26 6 1 41.919 11.345 40.923 10.828
27 6 1 41.873 11.345 40.877 10.828
28 6 1 41.796 11.361 40.800 10.843
29 6 1 41.750 11.376 40.753 10.859
30 6 1 41.673 11.376 40.676 10.859
31 6 1 41.642 11.376 40.646 10.859
32 6 1 41.580 11.392 40.584 10.874
33 6 1 41.534 11.407 40.538 10.889
34 6 1 41.472 11.407 40.476 10.889
35 6 1 41.380 11.446 40.422 10.828
36 6 1 41.272 11.438 40.407 10.859
37 6 1 41.210 11.431 40.391 10.851
38 6 1 41.149 11.438 40.360 10.843
39 6 1 41.087 11.431 40.244 10.828
40 6 1 41.095 11.407 40.036 10.859
41 6 1 41.025 11.438 39.982 10.835
42 6 1 40.979 11.446 39.851 10.828
43 6 1 40.918 11.446 39.843 10.828
44 6 1 40.871 11.407 39.704 10.812
45 6 1 40.817 11.423 39.658 10.835
46 6 1 40.717 11.392 39.759 10.851
47 6 1 40.678 11.400 39.720 10.858
48 6 1 40.717 11.415 39.650 10.851
49 6 1 40.640 11.384 39.643 10.828
50 6 1 40.555 11.400 39.596 10.820
51 6 1 40.509 11.392 39.573 10.820
52 6 1 40.478 11.400 39.558 10.820
53 6 1 40.416 11.392 39.511 10.797
54 6 1 40.408 11.400 39.511 10.812
55 6 1 40.354 11.431 39.388 10.851
56 6 1 40.323 11.377 39.342 10.820
57 6 1 40.300 11.377 39.288 10.820
58 6 1 40.254 11.369 39.326 10.828
59 6 1 40.200 11.377 39.272 10.835
60 6 1 40.146 11.384 39.218 10.843
61 6 1 40.107 11.377 39.179 10.835
62 6 1 40.038 11.384 39.110 10.843
63 6 1 39.999 11.392 39.071 10.851
64 6 1 39.930 11.400 39.002 10.858
65 6 1 39.891 11.392 38.963 10.851
66 6 1 39.768 11.524 38.848 10.967
67 6 1 39.722 11.524 38.840 10.982
68 6 1 39.737 11.516 38.824 10.975
69 6 1 39.699 11.524 38.786 10.982
70 6 1 39.660 11.516 38.747 10.975
71 6 1 39.575 11.524 38.770 10.944
72 6 1 39.483 11.578 38.685 10.928
73 6 1 39.405 11.586 38.546 10.944
74 6 1 39.328 11.485 38.291 10.928
75 6 1 39.343 11.501 38.260 10.920
76 6 1 39.297 11.524 38.191 10.928
77 6 1 39.189 11.493 38.299 10.951
78 6 1 39.142 11.485 38.253 10.944
79 6 1 39.189 11.478 38.206 10.882
80 6 1 39.158 11.470 38.183 10.866
81 6 1 39.081 11.439 38.175 10.866
82 6 1 39.026 11.431 38.144 10.843
83 6 1 38.980 11.431 38.167 10.835
84 6 1 38.957 11.431 38.167 10.820
85 6 1 38.934 11.439 38.152 10.827
86 6 1 38.903 11.439 38.105 10.804
87 6 1 38.926 11.454 38.051 10.820
88 6 1 38.910 11.400 38.059 10.858
89 6 1 38.872 11.393 38.020 10.851
90 6 1 38.833 11.400 37.982 10.858
91 6 1 38.779 11.393 37.928 10.851
92 6 1 38.740 11.400 37.889 10.858
93 6 1 38.686 11.393 37.835 10.851
94 6 1 38.601 11.385 37.518 10.851
95 6 1 38.547 11.400 37.463 10.858
96 6 1 38.539 11.408 37.479 10.882
97 6 1 38.501 11.424 37.471 10.889
98 6 1 38.462 11.408 37.409 10.858
99 6 1 38.385 11.424 37.402 10.858
100 6 1 38.323 11.431 37.409 10.835
101 6 1 38.222 11.424 37.363 10.781
102 6 1 38.068 11.400 37.324 10.758
103 6 1 37.998 11.439 37.285 10.758
104 6 1 37.967 11.393 37.193 10.789
105 6 1 37.983 11.400 37.154 10.765
106 6 1 37.975 11.393 37.076 10.773
107 6 1 37.936 11.362 36.984 10.758
108 6 1 37.874 11.323 37.045 10.796
109 6 1 37.851 11.401 36.658 10.781
110 6 1 37.805 11.377 36.635 10.773
111 6 1 37.812 11.362 36.643 10.750
112 6 1 37.750 11.377 36.589 10.773
113 6 1 37.704 11.370 36.573 10.758
114 6 1 37.596 11.339 36.558 10.765
115 6 1 37.510 11.377 36.565 10.758
116 6 1 37.510 11.377 36.565 10.750
117 6 1 37.402 11.401 36.589 10.734
118 6 1 37.410 11.370 36.558 10.765
119 6 1 37.410 11.408 36.596 10.765
120 6 1 37.410 11.416 36.573 10.765
121 6 1 37.387 11.377 36.449 10.781
122 6 1 37.263 11.346 36.279 10.796
123 6 1 37.193 11.331 36.124 10.820
124 6 1 37.178 11.354 36.054 10.820
125 6 1 37.139 11.377 35.992 10.820
126 6 1 37.178 11.354 36.000 10.820
127 6 1 37.185 11.323 35.953 10.827
128 6 1 37.170 11.308 35.946 10.820
129 6 1 37.061 11.292 35.930 10.835
130 6 1 36.953 11.316 35.930 10.827
131 6 1 36.937 11.323 35.907 10.820
132 6 1 36.906 11.339 35.899 10.789
133 6 1 36.868 11.362 35.977 10.758
134 6 1 36.775 11.347 35.977 10.750
135 6 1 36.690 11.339 35.938 10.765
136 6 1 36.550 11.347 35.860 10.765
137 6 1 36.519 11.354 35.791 10.742
138 6 1 36.504 11.347 35.690 10.750
139 6 1 36.488 11.292 35.705 10.804
140 6 1 36.442 11.292 35.659 10.804
141 6 1 36.341 11.347 35.318 10.742
142 6 1 36.372 11.308 35.310 10.773
143 6 1 36.349 11.323 35.349 10.773
144 6 1 36.349 11.308 35.302 10.765
145 6 1 36.318 11.331 35.224 10.758
146 6 1 36.294 11.323 35.232 10.781
147 6 1 36.232 11.308 35.271 10.773
148 6 1 36.194 11.300 35.271 10.781
149 6 1 36.124 11.308 35.263 10.765
150 6 1 36.054 11.316 35.232 10.758
151 6 1 35.961 11.339 35.178 10.773
152 6 1 35.860 11.339 35.108 10.758
153 6 1 35.721 11.355 34.976 10.750
154 6 1 35.759 11.331 34.860 10.765
155 6 1 35.752 11.324 34.821 10.765
156 6 1 35.752 11.331 34.697 10.742
157 6 1 35.713 11.308 34.681 10.758
158 6 1 35.697 11.331 34.580 10.758
159 6 1 35.527 11.285 34.759 10.796
160 6 1 35.480 11.285 34.712 10.796
161 6 1 35.596 11.293 34.510 10.796
162 6 1 35.434 11.285 34.666 10.796
163 6 1 35.511 11.324 34.386 10.796
164 6 1 35.457 11.316 34.324 10.796
165 6 1 35.294 11.285 34.293 10.796
166 6 1 35.216 11.300 34.309 10.788
167 6 1 35.131 11.308 34.277 10.796
168 6 1 35.084 11.324 34.309 10.765
169 6 1 35.045 11.300 34.223 10.773
170 6 1 34.999 11.293 34.177 10.750
171 6 1 34.945 11.308 34.083 10.773
172 6 1 34.929 11.285 33.951 10.796
173 6 1 34.805 11.316 33.773 10.781
174 6 1 34.781 11.316 33.664 10.804
175 6 1 34.735 11.308 33.633 10.796
176 6 1 34.719 11.324 33.633 10.781
177 6 1 34.696 11.316 33.617 10.788
178 6 1 34.681 11.301 33.625 10.781
179 6 1 34.626 11.339 33.664 10.734
180 6 1 34.580 11.316 33.672 10.695
181 6 1 34.502 11.324 33.664 10.719
182 6 1 34.393 11.347 33.625 10.711
183 6 1 34.378 11.332 33.625 10.742
184 6 1 34.284 11.347 33.586 10.726
185 6 1 34.246 11.339 33.524 10.734
186 6 1 34.191 11.332 33.431 10.726
187 6 1 34.129 11.308 33.213 10.757
188 6 1 34.075 11.285 33.050 10.773
189 6 1 34.067 11.277 33.042 10.781
190 6 1 34.067 11.285 32.956 10.773
191 6 1 34.059 11.293 32.910 10.773
192 6 1 34.044 11.285 32.871 10.804
193 6 1 34.012 11.293 32.840 10.812
194 6 1 33.974 11.277 32.785 10.804
195 6 1 33.927 11.293 32.793 10.812
196 6 1 33.880 11.223 33.135 10.734
197 6 1 33.779 11.270 32.731 10.781
198 6 1 33.702 11.285 32.692 10.765
199 6 1 33.632 11.301 32.676 10.742
200 6 1 33.523 11.293 32.669 10.734
0 7 1 43.610 12.311 42.721 11.708
1 7 1 43.633 12.326 42.706 11.701
2 7 1 43.587 12.326 42.660 11.701
3 7 1 43.556 12.326 42.629 11.701
4 7 1 43.517 12.326 42.590 11.701
5 7 1 43.479 12.326 42.552 11.701
6 7 1 43.440 12.326 42.513 11.701
7 7 1 43.386 12.311 42.459 11.685
8 7 1 43.348 12.288 42.421 11.662
9 7 1 43.279 12.311 42.352 11.685
10 7 1 43.240 12.296 42.313 11.670
11 7 1 43.201 12.203 42.274 11.577
12 7 1 43.148 12.296 42.221 11.670
13 7 1 43.094 12.296 42.167 11.670
14 7 1 43.048 12.334 42.121 11.709
15 7 1 43.002 12.296 42.074 11.670
16 7 1 42.963 12.296 42.036 11.670
17 7 1 42.925 12.288 41.997 11.662
18 7 1 42.886 12.296 41.959 11.670
19 7 1 42.832 12.296 41.905 11.670
20 7 1 42.794 12.296 41.866 11.670
21 7 1 42.755 12.296 41.828 11.670
22 7 1 42.717 12.296 41.789 11.670
23 7 1 42.663 12.296 41.735 11.670
24 7 1 42.609 12.296 41.682 11.670
25 7 1 42.555 12.312 41.628 11.686
26 7 1 42.517 12.296 41.589 11.670
27 7 1 42.447 12.312 41.520 11.686
28 7 1 42.409 12.312 41.481 11.686
29 7 1 42.339 12.312 41.412 11.686
30 7 1 42.301 12.312 41.373 11.686
31 7 1 42.247 12.312 41.319 11.686
32 7 1 42.209 12.327 41.281 11.701
33 7 1 42.155 12.343 41.227 11.717
34 7 1 42.116 12.327 41.188 11.701
35 7 1 42.062 12.343 41.135 11.717
36 7 1 42.024 12.328 41.096 11.701
37 7 1 41.970 12.343 41.042 11.717
38 7 1 41.931 12.328 41.003 11.701
39 7 1 41.877 12.343 40.949 11.717
40 7 1 41.823 12.328 40.895 11.701
41 7 1 41.769 12.328 40.841 11.701
42 7 1 41.715 12.328 40.787 11.701
43 7 1 41.661 12.328 40.733 11.701
44 7 1 41.515 12.274 40.517 11.616
45 7 1 41.491 12.266 40.548 11.632
46 7 1 41.453 12.258 40.509 11.624
47 7 1 41.414 12.266 40.471 11.632
48 7 1 41.360 12.274 40.417 11.640
49 7 1 41.322 12.282 40.378 11.647
50 7 1 41.268 12.274 40.324 11.640
51 7 1 41.260 12.351 40.540 11.578
52 7 1 41.337 12.289 40.440 11.632
53 7 1 41.306 12.289 40.409 11.632
54 7 1 41.245 12.305 40.347 11.647
55 7 1 41.191 12.305 40.293 11.647
56 7 1 41.137 12.305 40.239 11.648
57 7 1 40.882 12.344 40.093 11.640
58 7 1 40.936 12.321 40.062 11.663
59 7 1 40.890 12.321 40.016 11.663
60 7 1 40.813 12.336 39.938 11.679
61 7 1 40.782 12.336 39.908 11.679
62 7 1 40.736 12.352 39.861 11.694
63 7 1 40.636 12.476 39.792 11.609
64 7 1 40.643 12.375 39.776 11.694
65 7 1 40.551 12.414 39.707 11.640
66 7 1 40.466 12.399 39.498 11.663
67 7 1 40.412 12.406 39.444 11.679
68 7 1 40.373 12.391 39.282 11.687
69 7 1 40.311 12.391 39.259 11.687
70 7 1 40.273 12.383 39.189 11.687
71 7 1 40.188 12.376 39.282 11.687
72 7 1 40.141 12.376 39.236 11.687
73 7 1 40.203 12.360 39.073 11.694
74 7 1 40.157 12.314 39.050 11.718
75 7 1 40.072 12.306 38.957 11.726
76 7 1 40.002 12.321 39.019 11.718
77 7 1 39.879 12.329 38.896 11.718
78 7 1 39.770 12.322 38.888 11.718
79 7 1 39.747 12.329 38.888 11.710
80 7 1 39.771 12.337 38.857 11.702
81 7 1 39.716 12.345 38.803 11.710
82 7 1 39.647 12.361 38.896 11.702
83 7 1 39.716 12.345 38.811 11.710
84 7 1 39.670 12.353 38.764 11.718
85 7 1 39.608 12.361 38.702 11.726
86 7 1 39.546 12.353 38.641 11.718
87 7 1 39.485 12.361 38.579 11.726
88 7 1 39.438 12.368 38.532 11.733
89 7 1 39.392 12.376 38.486 11.741
90 7 1 39.315 12.384 38.409 11.749
91 7 1 39.183 12.384 38.424 11.672
92 7 1 39.114 12.400 38.339 11.687
93 7 1 39.175 12.361 38.285 11.726
94 7 1 39.129 12.369 38.238 11.734
95 7 1 39.083 12.377 38.192 11.741
96 7 1 39.036 12.369 38.145 11.734
97 7 1 38.990 12.377 38.099 11.741
98 7 1 38.928 12.369 38.037 11.734
99 7 1 38.882 12.377 37.991 11.741
100 7 1 38.835 12.369 37.944 11.734
101 7 1 38.773 12.377 37.882 11.742
102 7 1 38.727 12.369 37.836 11.734
103 7 1 38.665 12.361 37.774 11.726
104 7 1 38.603 12.354 37.712 11.718
105 7 1 38.557 12.361 37.666 11.726
106 7 1 38.495 12.354 37.604 11.718
107 7 1 38.433 12.362 37.542 11.726
108 7 1 38.386 12.354 37.495 11.718
109 7 1 38.340 12.362 37.449 11.726
110 7 1 38.294 12.354 37.402 11.718
111 7 1 38.247 12.362 37.356 11.726
112 7 1 38.201 12.369 37.309 11.734
113 7 1 38.139 12.377 37.248 11.742
114 7 1 38.092 12.370 37.201 11.734
115 7 1 38.046 12.377 37.155 11.742
116 7 1 37.999 12.385 37.108 11.750
117 7 1 37.937 12.393 37.046 11.757
118 7 1 37.876 12.385 36.984 11.750
119 7 1 37.829 12.409 36.938 11.773
120 7 1 37.767 12.401 36.876 11.765
121 7 1 37.643 12.502 36.511 11.734
122 7 1 37.659 12.471 36.527 11.734
123 7 1 37.535 12.432 36.496 11.719
124 7 1 37.434 12.456 36.581 11.703
125 7 1 37.403 12.479 36.581 11.688
126 7 1 37.357 12.502 36.573 11.703
127 7 1 37.295 12.588 36.566 11.711
128 7 1 37.209 12.564 36.527 11.703
129 7 1 37.155 12.549 36.488 11.727
130 7 1 37.109 12.502 36.240 11.735
131 7 1 37.039 12.510 36.124 11.719
132 7 1 36.930 12.510 36.000 11.735
133 7 1 36.899 12.495 35.938 11.742
134 7 1 36.868 12.487 35.953 11.742
135 7 1 36.899 12.534 35.945 11.711
136 7 1 36.892 12.518 35.876 11.735
137 7 1 36.845 12.541 35.837 11.727
138 7 1 36.791 12.542 35.829 11.727
139 7 1 36.713 12.487 35.798 11.696
140 7 1 36.674 12.464 35.829 11.719
141 7 1 36.651 12.456 35.806 11.727
142 7 1 36.651 12.410 35.806 11.774
143 7 1 36.605 12.417 35.759 11.781
144 7 1 36.543 12.425 35.697 11.789
145 7 1 36.263 12.488 35.557 11.719
146 7 1 36.178 12.495 35.480 11.704
147 7 1 36.248 12.418 35.418 11.782
148 7 1 36.201 12.426 35.371 11.789
149 7 1 36.225 12.527 35.270 11.688
150 7 1 36.155 12.573 35.301 11.673
151 7 1 36.139 12.441 35.309 11.805
152 7 1 36.077 12.519 35.154 11.681
153 7 1 36.031 12.418 35.200 11.782
154 7 1 35.984 12.426 35.154 11.789
155 7 1 35.922 12.418 35.092 11.782
156 7 1 35.875 12.426 35.045 11.789
157 7 1 35.829 12.418 34.998 11.782
158 7 1 35.782 12.410 34.952 11.774
159 7 1 35.736 12.403 34.905 11.766
160 7 1 35.689 12.410 34.859 11.774
161 7 1 35.642 12.403 34.812 11.766
162 7 1 35.596 12.395 34.765 11.759
163 7 1 35.534 12.387 34.703 11.751
164 7 1 35.487 12.395 34.657 11.759
165 7 1 35.441 12.387 34.610 11.751
166 7 1 35.378 12.380 34.548 11.743
167 7 1 35.332 12.372 34.501 11.735
168 7 1 35.270 12.364 34.439 11.728
169 7 1 35.223 12.341 34.393 11.704
170 7 1 35.177 12.349 34.346 11.712
171 7 1 35.114 12.341 34.284 11.704
172 7 1 35.068 12.333 34.237 11.697
173 7 1 35.021 12.326 34.191 11.689
174 7 1 34.975 12.333 34.144 11.697
175 7 1 34.912 12.326 34.082 11.689
176 7 1 34.764 12.528 33.895 11.728
177 7 1 34.749 12.435 33.918 11.798
178 7 1 34.702 12.427 33.872 11.790
179 7 1 34.656 12.419 33.825 11.782
180 7 1 34.594 12.427 33.763 11.790
181 7 1 34.531 12.419 33.701 11.782
182 7 1 34.469 12.427 33.638 11.790
183 7 1 34.407 12.419 33.576 11.782
184 7 1 34.360 12.427 33.529 11.790
185 7 1 34.314 12.419 33.483 11.782
186 7 1 34.252 12.412 33.421 11.775
187 7 1 34.189 12.404 33.358 11.767
188 7 1 34.143 12.396 33.312 11.759
189 7 1 34.112 12.389 33.281 11.752
190 7 1 34.065 12.381 33.234 11.744
191 7 1 33.987 12.373 33.156 11.736
192 7 1 33.956 12.365 33.125 11.728
193 7 1 33.909 12.358 33.078 11.721
194 7 1 33.832 12.365 33.000 11.728
195 7 1 33.785 12.342 32.954 11.705
196 7 1 33.723 12.334 32.892 11.697
197 7 1 33.661 12.327 32.829 11.690
198 7 1 33.598 12.319 32.767 11.682
199 7 1 33.536 12.311 32.705 11.674
200 7 1 33.489 12.303 32.658 11.666
4 8 2 34.015 18.525 33.063 17.681
5 8 2 34.046 18.548 33.047 17.665
6 8 2 33.780 18.785 33.112 16.959
7 8 2 33.780 18.769 33.112 16.966
8 8 2 33.772 18.746 33.112 16.935
9 8 2 33.757 18.714 33.096 16.880
10 8 2 33.764 18.683 33.112 16.786
11 8 2 33.788 18.565 33.120 16.669
12 8 2 33.788 18.573 33.112 16.622
13 8 2 33.827 18.470 33.097 16.614
14 8 2 33.827 18.439 33.121 16.528
15 8 2 33.851 18.313 33.113 16.504
16 8 2 33.867 18.258 33.137 16.324
17 8 2 33.875 18.148 33.137 16.261
18 8 2 33.875 18.117 33.160 16.206
19 8 2 33.859 18.070 33.176 16.120
20 8 2 33.899 18.007 33.184 15.979
21 8 2 33.922 17.881 33.177 15.987
22 8 2 33.915 17.811 33.184 15.964
23 8 2 33.907 17.764 33.184 15.979
24 8 2 33.891 17.748 33.200 15.893
25 8 2 33.899 17.724 33.201 15.713
26 8 2 33.907 17.536 33.193 15.721
27 8 2 33.947 17.457 33.177 15.666
28 8 2 33.876 17.481 33.139 15.580
29 8 2 33.900 17.364 33.131 15.526
30 8 2 33.884 17.301 33.147 15.307
31 8 2 33.885 17.191 33.155 15.322
32 8 2 33.916 17.175 33.139 15.299
33 8 2 33.908 17.097 33.178 15.267
34 8 2 33.924 17.050 33.178 15.244
35 8 2 33.916 16.932 33.194 15.197
36 8 2 33.932 16.776 33.218 15.095
37 8 2 33.987 16.768 33.218 15.017
38 8 2 34.003 16.674 33.281 14.978
39 8 2 34.011 16.540 33.312 14.939
40 8 2 34.011 16.509 33.312 14.908
41 8 2 34.073 16.423 33.343 14.798
42 8 2 34.097 16.415 33.344 14.720
43 8 2 34.113 16.305 33.422 14.642
44 8 2 34.097 16.258 33.367 14.595
45 8 2 34.105 16.125 33.383 14.447
46 8 2 34.152 16.094 33.391 14.392
47 8 2 34.175 16.039 33.422 14.329
48 8 2 34.183 15.945 33.430 14.290
49 8 2 34.238 15.843 33.454 14.205
50 8 2 34.254 15.804 33.469 14.197
51 8 2 34.262 15.687 33.477 14.267
52 8 2 34.199 15.820 33.532 14.134
53 8 2 34.207 15.749 33.540 14.064
54 8 2 34.223 15.656 33.556 13.970
55 8 2 34.239 15.460 33.517 13.697
56 8 2 34.223 15.390 33.525 13.666
57 8 2 34.223 15.327 33.541 13.627
58 8 2 34.231 15.343 33.580 13.510
59 8 2 34.255 15.140 33.541 13.409
60 8 2 34.271 15.108 33.541 13.370
61 8 2 34.294 15.030 33.542 13.323
62 8 2 34.279 14.952 33.534 13.175
63 8 2 34.224 14.929 33.565 13.245
64 8 2 34.232 14.835 33.573 13.152
65 8 2 34.248 14.765 33.589 13.082
66 8 2 34.302 14.671 33.621 12.817
67 8 2 34.310 14.593 33.621 12.770
68 8 2 34.373 14.569 33.613 12.708
69 8 2 34.897 11.867 34.240 10.192
70 8 2 34.373 14.562 33.629 12.560
71 8 2 34.334 14.390 33.606 12.436
72 8 2 34.045 14.781 33.386 13.098
73 8 2 34.295 14.187 33.637 12.506
74 8 2 34.350 14.094 33.692 12.327
75 8 2 34.366 13.945 33.692 12.233
76 8 2 34.343 13.829 33.668 12.241
77 8 2 34.366 13.821 33.731 12.117
78 8 2 34.397 13.751 33.716 12.054
79 8 2 34.413 13.680 33.700 11.891
80 8 2 34.460 13.602 33.693 11.759
81 8 2 34.491 13.563 33.701 11.751
82 8 2 34.499 13.478 33.716 11.712
83 8 2 34.468 13.400 33.717 11.580
84 8 2 34.476 13.260 33.724 11.495
85 8 2 34.499 13.205 33.732 11.448
86 8 2 34.499 13.127 33.748 11.363
87 8 2 34.468 13.018 33.748 11.200
88 8 2 34.500 12.925 33.741 11.138
89 8 2 34.484 12.909 33.764 11.091
90 8 2 34.484 12.816 33.756 11.037
91 8 2 34.461 12.746 33.749 10.944
92 8 2 34.500 12.590 33.734 10.819
93 8 2 34.508 12.567 33.734 10.788
94 8 2 34.508 12.520 33.726 10.719
95 8 2 34.493 12.404 33.726 10.657
96 8 2 34.501 12.303 33.734 10.532
97 8 2 34.508 12.272 33.711 10.463
98 8 2 34.501 12.264 33.735 10.362
99 8 2 34.470 12.101 33.711 10.308
100 8 2 34.501 11.968 33.719 10.261
101 8 2 34.517 11.968 33.712 10.153
102 8 2 34.501 11.906 33.727 10.160
103 8 2 34.501 11.798 33.735 10.091
104 8 2 34.517 11.681 33.728 9.998
105 8 2 34.533 11.642 33.720 9.850
106 8 2 34.525 11.596 33.728 9.804
107 8 2 34.517 11.394 33.736 9.703
108 8 2 34.541 11.293 33.728 9.595
109 8 2 34.525 11.270 33.752 9.479
110 8 2 34.510 11.246 33.752 9.370
111 8 2 34.494 11.114 33.760 9.246
112 8 2 34.502 11.083 33.760 9.192
113 8 2 34.510 11.006 33.776 9.154
114 8 2 34.502 10.944 33.776 9.092
115 8 2 34.464 10.820 33.730 8.937
116 8 2 34.518 10.773 33.699 8.898
117 8 2 34.542 10.750 33.699 8.875
118 8 2 34.557 10.664 33.746 8.775
119 8 2 34.526 10.556 33.746 8.659
120 8 2 34.534 10.509 33.723 8.550
121 8 2 34.495 10.424 33.738 8.473
122 8 2 34.480 10.285 33.770 8.411
123 8 2 34.496 10.168 33.809 8.257
124 8 2 34.550 10.114 33.817 8.156
125 8 2 34.519 9.990 33.824 8.156
126 8 2 34.512 9.905 33.817 8.017
127 8 2 34.520 9.804 33.817 7.917
128 8 2 34.566 9.735 33.840 7.894
129 8 2 34.566 9.727 33.833 7.847
130 8 2 34.528 9.572 33.841 7.824
131 8 2 34.528 9.456 33.833 7.685
132 8 2 34.543 9.417 33.833 7.631
133 8 2 34.637 9.263 33.903 7.631
134 8 2 34.629 9.170 33.903 7.601
135 8 2 34.668 9.131 33.903 7.531
136 8 2 34.621 9.046 33.888 7.338
137 8 2 34.622 8.969 33.880 7.284
138 8 2 34.614 8.907 33.912 7.115
139 8 2 34.668 8.791 33.912 7.007
140 8 2 34.707 8.714 33.927 6.937
141 8 2 34.645 8.675 33.920 6.837
142 8 2 34.645 8.582 33.951 6.799
143 8 2 34.676 8.521 33.982 6.675
144 8 2 34.707 8.451 33.967 6.614
145 8 2 34.669 8.451 33.959 6.544
146 8 2 34.692 8.359 33.967 6.490
147 8 2 34.708 8.243 34.006 6.383
148 8 2 34.770 8.042 33.983 6.360
149 8 2 34.731 8.065 33.991 6.290
150 8 2 34.731 7.965 33.999 6.213
151 8 2 34.755 7.818 34.030 6.090
152 8 2 34.817 7.710 34.084 6.013
153 8 2 34.825 7.679 34.100 5.967
154 8 2 34.817 7.579 34.092 5.913
155 8 2 34.825 7.517 34.077 5.721
156 8 2 34.856 7.502 34.116 5.536
157 8 2 34.848 7.410 34.116 5.444
158 8 2 34.755 7.417 34.108 5.783
159 8 2 34.763 7.348 34.115 5.713
160 8 2 34.786 7.263 34.139 5.629
161 8 2 34.794 7.178 34.147 5.544
162 8 2 34.817 7.093 34.170 5.460
163 8 2 34.825 7.009 34.178 5.375
164 8 2 34.833 6.939 34.186 5.306
165 8 2 34.949 6.786 34.240 5.014
166 8 2 34.980 6.701 34.271 4.914
167 8 2 34.988 6.570 34.272 4.784
168 8 2 35.012 6.493 34.264 4.699
169 8 2 35.042 6.478 34.272 4.684
170 8 2 35.027 6.401 34.295 4.638
171 8 2 35.043 6.301 34.303 4.461
172 8 2 35.066 6.193 34.303 4.392
173 8 2 35.058 6.131 34.319 4.392
174 8 2 35.081 6.116 34.326 4.346
175 8 2 35.112 6.032 34.327 4.139
176 8 2 35.066 5.932 34.288 4.055
177 8 2 35.105 5.893 34.296 4.039
178 8 2 35.090 5.770 34.343 3.955
179 8 2 35.097 5.678 34.335 3.901
180 8 2 35.121 5.632 34.366 3.741
181 8 2 35.152 5.578 34.366 3.741
182 8 2 35.167 5.570 34.397 3.695
183 8 2 35.206 5.517 34.436 3.542
184 8 2 35.206 5.478 34.428 3.450
185 8 2 35.082 5.432 34.435 3.802
186 8 2 35.090 5.370 34.443 3.741
187 8 2 35.113 5.294 34.467 3.664
188 8 2 35.136 5.209 34.490 3.580
189 8 2 35.160 5.140 34.513 3.511
190 8 2 35.167 5.056 34.521 3.427
191 8 2 35.191 4.987 34.544 3.358
192 8 2 35.198 4.902 34.552 3.274
193 8 2 35.222 4.833 34.575 3.205
194 8 2 35.245 4.749 34.598 3.121
195 8 2 35.268 4.680 34.622 3.052
196 8 2 35.276 4.611 34.629 2.983
197 8 2 35.299 4.542 34.653 2.914
198 8 2 35.307 4.457 34.661 2.830
199 8 2 35.345 4.389 34.699 2.762
200 8 2 35.353 4.320 34.707 2.693
