0 0 1 24.610 9.401 23.692 8.638
1 0 1 24.560 9.417 23.699 8.696
2 0 1 24.576 9.425 23.773 8.696
3 0 1 24.642 9.434 23.880 8.688
4 0 1 24.641 9.491 23.929 8.737
5 0 1 24.723 9.515 24.027 8.738
6 0 1 24.748 9.491 23.986 8.754
7 0 1 24.789 9.499 24.027 8.762
8 0 1 24.813 9.508 24.051 8.770
9 0 1 24.919 9.590 24.185 8.624
10 0 1 24.920 9.492 24.167 8.730
11 0 1 24.935 9.590 24.192 8.690
12 0 1 24.936 9.524 24.191 8.747
13 0 1 24.961 9.541 24.216 8.763
14 0 1 24.985 9.541 24.240 8.763
15 0 1 25.026 9.557 24.281 8.780
16 0 1 25.067 9.590 24.322 8.812
17 0 1 25.107 9.615 24.411 8.854
18 0 1 25.100 9.582 24.510 8.878
19 0 1 25.124 9.623 24.616 8.895
20 0 1 25.181 9.615 24.649 8.895
21 0 1 25.222 9.632 24.682 8.895
22 0 1 25.402 9.698 24.649 8.887
23 0 1 25.483 9.714 24.681 8.912
24 0 1 25.583 9.633 24.738 8.945
25 0 1 25.492 9.649 24.813 8.920
26 0 1 25.648 9.690 24.681 8.936
27 0 1 25.509 9.673 24.820 8.945
28 0 1 25.755 9.658 24.820 9.010
29 0 1 25.705 9.666 24.738 8.961
30 0 1 25.721 9.691 24.951 8.994
31 0 1 25.746 9.666 24.935 9.002
32 0 1 25.804 9.683 24.984 8.954
33 0 1 25.820 9.683 25.041 8.978
34 0 1 25.779 9.674 25.074 8.979
35 0 1 25.943 9.691 25.263 8.963
36 0 1 25.991 9.724 25.288 8.955
37 0 1 26.090 9.684 25.320 9.004
38 0 1 26.139 9.717 25.353 9.004
39 0 1 26.090 9.700 25.394 9.013
40 0 1 26.131 9.708 25.434 9.021
41 0 1 26.172 9.717 25.475 9.029
42 0 1 26.229 9.725 25.533 9.038
43 0 1 26.491 9.702 25.524 9.070
44 0 1 26.532 9.726 25.581 9.127
45 0 1 26.524 9.759 25.580 9.152
46 0 1 26.540 9.783 25.638 9.160
47 0 1 26.556 9.816 25.712 9.144
48 0 1 26.482 9.799 25.769 9.144
49 0 1 26.539 9.808 25.826 9.153
50 0 1 26.637 9.906 25.941 9.137
51 0 1 26.637 9.841 25.932 9.186
52 0 1 26.678 9.865 26.113 9.162
53 0 1 26.727 9.865 26.096 9.203
54 0 1 26.752 9.857 26.063 9.203
55 0 1 27.094 9.973 26.162 9.179
56 0 1 27.086 9.965 26.161 9.195
57 0 1 26.785 9.849 26.096 9.195
58 0 1 26.817 9.858 26.129 9.203
59 0 1 27.209 9.941 26.219 9.195
60 0 1 26.858 9.841 26.170 9.187
61 0 1 26.907 9.850 26.219 9.195
62 0 1 26.972 9.874 26.284 9.220
63 0 1 27.038 9.867 26.350 9.212
64 0 1 27.233 9.973 26.579 9.213
65 0 1 27.234 9.916 26.554 9.262
66 0 1 27.275 9.924 26.594 9.270
67 0 1 27.438 9.925 26.709 9.279
68 0 1 27.406 9.925 26.725 9.279
69 0 1 27.446 9.925 26.766 9.279
70 0 1 27.708 9.959 26.856 9.320
71 0 1 27.823 9.935 26.888 9.369
72 0 1 27.602 9.950 26.921 9.312
73 0 1 27.970 9.943 26.945 9.361
74 0 1 27.970 9.927 26.954 9.361
75 0 1 27.626 9.942 26.946 9.304
76 0 1 27.683 9.950 27.003 9.312
77 0 1 27.741 9.942 27.060 9.304
78 0 1 27.798 9.967 27.117 9.329
79 0 1 27.977 10.049 27.257 9.297
80 0 1 27.945 9.984 27.264 9.346
81 0 1 27.985 9.992 27.305 9.354
82 0 1 28.148 10.050 27.486 9.282
83 0 1 28.141 9.985 27.469 9.347
84 0 1 28.190 9.993 27.518 9.355
85 0 1 28.491 10.075 27.543 9.266
86 0 1 28.532 10.035 27.551 9.290
87 0 1 28.222 9.985 27.551 9.347
88 0 1 28.255 9.993 27.583 9.355
89 0 1 28.304 10.001 27.632 9.364
90 0 1 28.639 10.011 27.731 9.315
91 0 1 28.613 10.100 27.797 9.267
92 0 1 28.614 10.035 27.804 9.307
93 0 1 28.696 10.003 27.943 9.332
94 0 1 28.761 9.995 28.008 9.357
95 0 1 28.843 9.995 28.131 9.333
96 0 1 28.908 10.020 28.196 9.317
97 0 1 28.998 10.020 28.262 9.317
98 0 1 29.038 10.094 28.352 9.253
99 0 1 29.194 10.037 28.343 9.318
100 0 1 29.096 9.988 28.425 9.350
101 0 1 29.145 9.980 28.474 9.343
102 0 1 29.210 9.988 28.539 9.351
103 0 1 29.349 9.956 28.318 9.391
104 0 1 29.252 9.956 28.580 9.319
105 0 1 29.301 9.948 28.629 9.311
106 0 1 29.349 9.956 28.678 9.319
107 0 1 29.478 10.128 28.744 9.262
108 0 1 29.390 9.940 28.719 9.303
109 0 1 29.439 9.932 28.768 9.295
110 0 1 29.504 9.957 28.833 9.320
111 0 1 29.585 10.030 28.891 9.287
112 0 1 29.570 9.973 28.898 9.336
113 0 1 29.740 10.088 28.980 9.263
114 0 1 29.789 10.064 28.980 9.279
115 0 1 29.838 10.039 28.964 9.296
116 0 1 29.594 9.941 28.923 9.304
117 0 1 29.887 10.023 28.988 9.320
118 0 1 29.619 9.925 28.948 9.287
119 0 1 29.668 9.933 28.997 9.296
120 0 1 30.092 9.853 29.438 9.224
121 0 1 30.018 9.959 29.217 9.272
122 0 1 29.945 9.926 29.274 9.289
123 0 1 29.994 9.918 29.429 9.257
124 0 1 30.100 9.894 29.568 9.209
125 0 1 30.165 9.910 29.682 9.185
126 0 1 30.230 9.902 29.682 9.201
127 0 1 30.271 9.894 29.723 9.177
128 0 1 30.312 9.854 29.674 9.217
129 0 1 30.458 9.911 29.699 9.120
130 0 1 30.508 9.871 29.699 9.144
131 0 1 30.621 9.920 29.773 9.128
132 0 1 30.329 9.829 29.690 9.193
133 0 1 30.370 9.830 29.731 9.193
134 0 1 30.410 9.822 29.772 9.185
135 0 1 30.826 9.831 30.245 9.146
136 0 1 30.842 9.807 30.212 9.171
137 0 1 30.875 9.807 30.245 9.171
138 0 1 30.923 9.807 30.293 9.171
0 1 1 24.064 10.902 23.274 10.303
1 1 1 24.089 10.878 23.325 10.246
2 1 1 24.064 10.943 23.366 10.262
3 1 1 24.105 10.960 23.415 10.270
4 1 1 24.203 10.944 23.456 10.279
5 1 1 24.236 10.936 23.480 10.279
6 1 1 24.260 10.985 23.513 10.279
7 1 1 24.318 10.985 23.537 10.320
8 1 1 24.285 10.977 23.562 10.320
9 1 1 24.357 11.157 23.547 10.238
10 1 1 24.382 11.157 23.596 10.255
11 1 1 24.431 11.149 23.662 10.247
12 1 1 24.408 11.051 23.677 10.337
13 1 1 24.496 11.173 23.695 10.231
14 1 1 24.538 11.141 23.744 10.272
15 1 1 24.563 11.116 23.744 10.272
16 1 1 24.596 11.067 23.768 10.304
17 1 1 24.597 11.059 23.801 10.313
18 1 1 24.646 11.076 23.809 10.337
19 1 1 24.654 11.068 23.883 10.329
20 1 1 24.686 11.100 23.891 10.337
21 1 1 24.710 11.150 23.981 10.379
22 1 1 24.719 11.158 24.038 10.371
23 1 1 24.768 11.166 24.063 10.387
24 1 1 24.817 11.191 23.972 10.403
25 1 1 24.882 11.240 23.971 10.509
26 1 1 24.833 11.223 24.155 10.281
27 1 1 24.873 11.264 24.130 10.314
28 1 1 24.922 11.281 24.170 10.379
29 1 1 24.964 11.257 24.186 10.396
30 1 1 25.013 11.273 24.251 10.478
31 1 1 25.013 11.298 24.373 10.519
32 1 1 25.054 11.240 24.422 10.568
33 1 1 25.136 11.298 24.381 10.592
34 1 1 25.218 11.290 24.463 10.609
35 1 1 25.227 11.257 24.528 10.658
36 1 1 25.292 11.323 24.528 10.609
37 1 1 25.309 11.266 24.610 10.634
38 1 1 25.333 11.274 24.643 10.626
39 1 1 25.406 11.356 24.651 10.667
40 1 1 25.448 11.307 24.667 10.683
41 1 1 25.390 11.315 24.782 10.651
42 1 1 25.496 11.372 24.717 10.643
43 1 1 25.512 11.389 24.766 10.618
44 1 1 25.570 11.389 24.840 10.627
45 1 1 25.578 11.389 24.857 10.602
46 1 1 25.669 11.373 24.906 10.643
47 1 1 25.742 11.373 24.939 10.643
48 1 1 25.841 11.406 24.980 10.619
49 1 1 25.882 11.398 25.030 10.594
50 1 1 25.661 11.324 24.979 10.660
51 1 1 25.702 11.340 25.020 10.676
52 1 1 26.055 11.333 25.086 10.684
53 1 1 25.751 11.349 25.069 10.684
54 1 1 25.792 11.365 25.110 10.701
55 1 1 25.817 11.349 25.135 10.685
56 1 1 26.152 11.407 25.290 10.742
57 1 1 26.193 11.407 25.315 10.742
58 1 1 26.176 11.456 25.348 10.710
59 1 1 26.135 11.464 25.415 10.661
60 1 1 26.160 11.456 25.431 10.653
61 1 1 26.209 11.432 25.538 10.661
62 1 1 26.234 11.440 25.553 10.710
63 1 1 26.283 11.424 25.611 10.686
64 1 1 26.374 11.424 25.668 10.703
65 1 1 26.389 11.473 25.748 10.866
66 1 1 26.537 11.490 25.791 10.703
67 1 1 26.537 11.473 25.808 10.670
68 1 1 26.349 11.432 25.864 10.842
69 1 1 26.701 11.506 25.931 10.712
70 1 1 26.701 11.490 25.915 10.679
71 1 1 26.676 11.490 25.931 10.663
72 1 1 26.701 11.506 25.947 10.720
73 1 1 26.733 11.515 25.955 10.736
74 1 1 26.750 11.506 25.946 10.769
75 1 1 26.709 11.523 25.946 10.810
76 1 1 26.791 11.498 26.011 10.834
77 1 1 26.856 11.515 26.094 10.794
78 1 1 26.905 11.531 26.184 10.827
79 1 1 26.921 11.556 26.281 10.876
80 1 1 26.995 11.548 26.331 10.860
81 1 1 27.020 11.548 26.323 10.827
82 1 1 27.004 11.483 26.469 10.950
83 1 1 27.151 11.565 26.404 10.876
84 1 1 27.094 11.540 26.437 10.885
85 1 1 27.143 11.548 26.486 10.893
86 1 1 27.192 11.573 26.535 10.918
87 1 1 27.224 11.565 26.568 10.909
88 1 1 27.273 11.589 26.617 10.934
89 1 1 27.339 11.598 26.682 10.942
90 1 1 27.371 11.606 26.715 10.951
91 1 1 27.421 11.614 26.764 10.959
92 1 1 27.453 11.639 26.797 10.984
93 1 1 27.609 11.631 26.838 10.984
94 1 1 27.592 11.631 26.829 10.976
95 1 1 27.650 11.607 26.912 10.943
96 1 1 27.707 11.640 27.002 10.919
97 1 1 27.625 11.615 27.099 11.017
98 1 1 27.805 11.664 27.026 10.992
99 1 1 27.715 11.640 27.181 11.026
100 1 1 27.960 11.673 27.157 11.009
101 1 1 27.756 11.640 27.116 11.009
102 1 1 27.797 11.640 27.157 11.009
103 1 1 27.846 11.640 27.206 11.009
104 1 1 27.887 11.640 27.247 11.009
105 1 1 27.936 11.640 27.296 11.010
106 1 1 27.985 11.632 27.345 11.001
107 1 1 28.272 11.649 27.254 11.075
108 1 1 28.026 11.624 27.386 10.993
109 1 1 28.067 11.624 27.427 10.994
110 1 1 28.116 11.624 27.476 10.994
111 1 1 28.353 11.657 27.524 11.075
112 1 1 28.337 11.649 27.566 11.059
113 1 1 28.402 11.658 27.598 11.051
114 1 1 28.509 11.658 27.680 11.027
115 1 1 28.247 11.649 27.607 11.027
116 1 1 28.288 11.657 27.648 11.035
117 1 1 28.321 11.649 27.680 11.027
118 1 1 28.361 11.666 27.721 11.043
119 1 1 28.402 11.674 27.762 11.052
120 1 1 28.729 11.675 28.130 11.069
121 1 1 28.737 11.675 28.106 11.061
122 1 1 28.770 11.683 28.138 11.069
123 1 1 28.819 11.691 28.187 11.077
124 1 1 29.113 11.708 28.016 11.028
125 1 1 28.868 11.691 28.236 11.077
126 1 1 28.909 11.700 28.277 11.086
127 1 1 28.950 11.708 28.318 11.094
128 1 1 28.999 11.716 28.367 11.102
129 1 1 29.040 11.716 28.408 11.102
130 1 1 29.080 11.724 28.449 11.111
131 1 1 29.121 11.733 28.489 11.119
132 1 1 29.195 11.749 28.563 11.086
133 1 1 29.187 11.725 28.555 11.111
134 1 1 29.227 11.725 28.596 11.111
135 1 1 29.276 11.725 28.645 11.111
136 1 1 29.317 11.725 28.686 11.111
137 1 1 29.350 11.725 28.718 11.111
138 1 1 29.391 11.717 28.759 11.103
0 2 1 26.351 11.252 25.249 10.759
1 2 1 26.375 11.277 25.274 10.750
2 2 1 26.416 11.285 25.331 10.767
3 2 1 26.449 11.285 25.397 10.767
4 2 1 26.465 11.293 25.479 10.759
5 2 1 26.482 11.277 25.520 10.743
6 2 1 26.523 11.285 25.676 10.735
7 2 1 26.589 11.269 25.586 10.751
8 2 1 26.441 11.301 25.929 10.834
9 2 1 26.498 11.293 25.962 10.851
10 2 1 26.670 11.318 25.782 10.817
11 2 1 26.719 11.318 25.831 10.817
12 2 1 26.752 11.318 25.864 10.818
13 2 1 26.801 11.319 25.913 10.818
14 2 1 27.031 11.278 25.914 10.736
15 2 1 27.146 11.287 25.955 10.736
16 2 1 27.105 11.279 25.889 10.744
17 2 1 27.211 11.295 25.979 10.753
18 2 1 27.145 11.311 26.176 10.761
19 2 1 27.326 11.295 26.160 10.729
20 2 1 27.341 11.353 26.300 10.688
21 2 1 27.357 11.402 26.456 10.705
22 2 1 27.194 11.352 26.495 10.877
23 2 1 27.349 11.434 26.537 10.730
24 2 1 27.350 11.361 26.529 10.746
25 2 1 27.366 11.328 26.553 10.738
26 2 1 27.391 11.336 26.611 10.714
27 2 1 27.449 11.279 26.537 10.762
28 2 1 27.653 11.304 26.783 10.714
29 2 1 27.857 11.362 26.873 10.739
30 2 1 27.939 11.379 26.931 10.706
31 2 1 27.980 11.371 26.963 10.739
32 2 1 28.037 11.363 26.996 10.756
33 2 1 28.078 11.346 26.995 10.788
34 2 1 28.078 11.363 27.012 10.780
35 2 1 28.086 11.371 27.037 10.764
36 2 1 28.053 11.371 27.053 10.788
37 2 1 28.070 11.363 27.134 10.797
38 2 1 28.037 11.371 27.249 10.846
39 2 1 28.086 11.363 27.191 10.846
40 2 1 28.127 11.363 27.232 10.846
41 2 1 28.118 11.420 27.518 10.953
42 2 1 28.160 11.355 27.265 10.838
43 2 1 28.201 11.355 27.306 10.838
44 2 1 28.258 11.355 27.363 10.838
45 2 1 28.315 11.355 27.421 10.838
46 2 1 28.373 11.355 27.478 10.839
47 2 1 28.659 11.323 27.634 10.749
48 2 1 28.708 11.315 27.683 10.758
49 2 1 28.741 11.291 27.708 10.733
50 2 1 28.749 11.299 27.741 10.750
51 2 1 28.790 11.283 27.773 10.742
52 2 1 28.888 11.291 27.798 10.750
53 2 1 28.904 11.332 27.855 10.742
54 2 1 28.838 11.373 28.165 10.792
55 2 1 28.815 11.283 27.920 10.766
56 2 1 28.856 11.283 27.961 10.767
57 2 1 28.896 11.283 28.002 10.767
58 2 1 28.921 11.283 28.027 10.767
59 2 1 28.978 11.283 28.084 10.767
60 2 1 29.019 11.284 28.125 10.767
61 2 1 29.060 11.284 28.166 10.767
62 2 1 29.084 11.284 28.190 10.767
63 2 1 29.125 11.284 28.231 10.767
64 2 1 29.166 11.284 28.272 10.768
65 2 1 29.207 11.284 28.313 10.768
66 2 1 29.589 11.489 28.687 10.924
67 2 1 29.688 11.334 28.688 10.810
68 2 1 29.590 11.367 28.818 10.908
69 2 1 29.770 11.351 28.877 10.786
70 2 1 29.769 11.400 28.926 10.786
71 2 1 29.737 11.383 28.983 10.810
72 2 1 29.753 11.375 29.056 10.811
73 2 1 29.777 11.416 29.073 10.794
74 2 1 29.835 11.367 29.122 10.778
75 2 1 29.875 11.392 29.195 10.819
76 2 1 30.112 11.392 29.284 10.836
77 2 1 30.202 11.393 29.260 10.811
78 2 1 30.137 11.352 29.309 10.844
79 2 1 30.300 11.401 29.334 10.771
80 2 1 30.381 11.426 29.399 10.763
81 2 1 30.373 11.434 29.415 10.803
82 2 1 30.405 11.467 29.432 10.755
83 2 1 30.292 11.360 29.464 10.853
84 2 1 30.438 11.450 29.522 10.730
85 2 1 30.398 11.393 29.522 10.763
86 2 1 30.438 11.401 29.579 10.763
87 2 1 30.414 11.336 29.587 10.828
88 2 1 30.471 11.344 29.644 10.837
89 2 1 30.512 11.336 29.684 10.829
90 2 1 30.553 11.345 29.725 10.837
91 2 1 30.594 11.337 29.766 10.829
92 2 1 30.635 11.329 29.807 10.821
93 2 1 30.675 11.320 29.848 10.813
94 2 1 30.700 11.312 29.872 10.805
95 2 1 30.741 11.304 29.913 10.797
96 2 1 30.765 11.296 29.938 10.789
97 2 1 30.790 11.288 29.962 10.781
98 2 1 30.814 11.296 29.987 10.789
99 2 1 30.855 11.288 30.027 10.781
100 2 1 30.912 11.297 30.085 10.789
101 2 1 30.985 11.321 30.158 10.814
103 2 1 30.977 11.313 30.150 10.806
104 2 1 31.448 11.518 30.612 11.051
105 2 1 31.432 11.526 30.604 11.027
106 2 1 31.472 11.526 30.645 11.027
107 2 1 31.521 11.526 30.694 11.027
108 2 1 31.570 11.535 30.743 11.035
109 2 1 31.765 11.543 31.020 11.044
111 2 1 31.798 11.535 30.979 11.036
112 2 1 31.839 11.535 31.020 11.036
113 2 1 31.896 11.535 31.077 11.036
114 2 1 31.953 11.536 31.134 11.037
115 2 1 32.002 11.528 31.183 11.029
117 2 1 31.994 11.519 31.175 11.020
118 2 1 32.042 11.519 31.224 11.021
119 2 1 32.368 11.528 31.509 11.029
121 2 1 32.335 11.520 31.517 11.021
122 2 1 32.368 11.520 31.549 11.021
123 2 1 32.392 11.520 31.574 11.021
124 2 1 32.449 11.529 31.631 11.030
126 2 1 32.441 11.520 31.623 11.022
127 2 1 32.474 11.521 31.655 11.022
128 2 1 32.522 11.521 31.704 11.022
129 2 1 32.587 11.529 31.769 11.030
130 2 1 32.644 11.537 31.826 11.038
131 2 1 32.701 11.546 31.883 11.047
133 2 1 32.693 11.537 31.875 11.039
134 2 1 32.937 11.587 32.224 11.072
136 2 1 32.977 11.571 32.167 11.072
137 2 1 33.034 11.571 32.224 11.072
138 2 1 33.091 11.579 32.281 11.080
0 3 1 25.416 10.506 24.344 9.636
1 3 1 25.408 10.530 24.335 9.653
2 3 1 25.185 10.619 24.219 9.775
3 3 1 25.325 10.620 24.243 9.775
4 3 1 25.201 10.636 24.225 9.905
5 3 1 25.119 10.676 24.241 9.930
6 3 1 25.169 10.636 24.224 10.028
7 3 1 25.184 10.709 24.200 9.938
8 3 1 25.242 10.652 24.232 10.053
9 3 1 25.217 10.685 24.256 10.069
10 3 1 25.225 10.726 24.396 10.037
11 3 1 25.233 10.758 24.495 10.013
12 3 1 25.242 10.693 24.477 10.094
13 3 1 25.248 10.848 24.560 10.054
14 3 1 25.281 10.881 24.593 10.046
15 3 1 25.346 10.865 24.626 10.005
16 3 1 25.395 10.906 24.609 10.095
17 3 1 25.445 10.890 24.650 10.103
18 3 1 25.552 10.866 24.658 10.111
19 3 1 25.552 10.849 24.683 10.103
20 3 1 25.584 10.858 24.682 10.168
21 3 1 25.535 10.857 24.715 10.144
22 3 1 25.592 10.874 24.748 10.160
23 3 1 25.610 10.792 24.797 10.144
24 3 1 25.667 10.792 24.822 10.120
25 3 1 25.734 10.735 24.847 10.104
26 3 1 25.725 10.776 24.888 10.112
27 3 1 25.725 10.760 24.888 10.096
28 3 1 25.750 10.776 24.921 10.088
29 3 1 25.815 10.768 25.020 10.080
30 3 1 25.782 10.817 25.019 10.129
31 3 1 25.839 10.834 25.142 10.113
32 3 1 25.880 10.883 25.151 10.097
33 3 1 25.937 10.899 25.200 10.080
34 3 1 26.002 10.924 25.249 10.097
35 3 1 26.051 10.982 25.298 10.130
36 3 1 26.108 10.998 25.314 10.130
37 3 1 26.157 10.990 25.339 10.154
38 3 1 26.133 10.974 25.330 10.187
39 3 1 26.181 11.015 25.387 10.212
40 3 1 26.305 10.950 25.445 10.155
41 3 1 26.363 10.901 25.494 10.220
42 3 1 26.437 10.925 25.560 10.196
43 3 1 26.511 10.868 25.592 10.204
44 3 1 26.528 10.836 25.667 10.164
45 3 1 26.585 10.869 25.708 10.172
46 3 1 26.651 10.787 25.724 10.139
47 3 1 26.725 10.787 25.741 10.139
48 3 1 26.782 10.788 25.758 10.090
49 3 1 26.611 10.746 25.798 10.189
50 3 1 26.668 10.763 25.838 10.246
51 3 1 26.643 10.795 25.903 10.246
52 3 1 26.731 10.943 25.896 10.189
53 3 1 26.617 10.885 26.035 10.230
54 3 1 26.747 10.992 25.920 10.271
55 3 1 26.731 10.959 25.985 10.279
56 3 1 26.723 10.959 26.001 10.287
57 3 1 26.756 10.926 26.051 10.255
58 3 1 26.823 10.820 26.199 10.214
59 3 1 26.881 10.796 26.256 10.231
60 3 1 27.002 10.903 26.240 10.182
61 3 1 27.109 10.854 26.282 10.125
62 3 1 27.158 10.854 26.347 10.117
63 3 1 27.223 10.895 26.388 10.150
64 3 1 27.223 10.944 26.421 10.150
65 3 1 27.281 10.887 26.396 10.182
66 3 1 27.239 10.969 26.387 10.239
67 3 1 27.246 11.050 26.396 10.215
68 3 1 27.222 11.009 26.395 10.239
69 3 1 27.264 10.952 26.445 10.207
70 3 1 27.306 10.830 26.478 10.199
71 3 1 27.314 10.879 26.519 10.191
72 3 1 27.363 10.879 26.560 10.150
73 3 1 27.290 10.756 26.674 10.224
74 3 1 27.315 10.797 26.569 10.085
75 3 1 27.291 10.740 26.585 10.134
76 3 1 27.356 10.748 26.659 10.069
77 3 1 27.422 10.708 26.725 10.053
78 3 1 27.414 10.683 26.716 10.077
79 3 1 27.520 10.733 26.831 10.094
80 3 1 27.602 10.733 26.839 10.086
81 3 1 27.692 10.741 26.946 10.095
82 3 1 27.790 10.733 26.970 10.095
83 3 1 27.716 10.709 27.027 10.103
84 3 1 27.749 10.717 27.060 10.111
85 3 1 27.798 10.709 27.109 10.103
86 3 1 28.027 10.759 27.053 9.997
87 3 1 27.994 10.775 27.069 9.989
88 3 1 27.815 10.701 27.126 10.095
89 3 1 27.864 10.709 27.175 10.103
90 3 1 28.027 10.742 27.102 9.997
91 3 1 28.027 10.767 27.110 10.005
92 3 1 27.994 10.734 27.118 10.054
93 3 1 27.995 10.710 27.150 10.063
94 3 1 28.117 10.734 27.273 10.071
95 3 1 28.142 10.718 27.330 10.096
96 3 1 28.199 10.751 27.420 10.096
97 3 1 28.223 10.743 27.486 10.072
98 3 1 28.207 10.694 27.600 10.146
99 3 1 28.248 10.694 27.682 10.130
100 3 1 28.379 10.727 27.625 10.040
101 3 1 28.404 10.662 27.788 10.122
102 3 1 28.420 10.678 27.755 10.097
103 3 1 28.461 10.670 27.796 10.089
104 3 1 28.486 10.662 27.821 10.081
105 3 1 28.535 10.646 27.870 10.065
106 3 1 28.576 10.638 27.911 10.057
107 3 1 28.731 10.598 27.886 10.090
108 3 1 28.739 10.622 27.715 10.065
109 3 1 28.600 10.605 27.936 10.025
110 3 1 28.878 10.606 27.764 10.073
111 3 1 28.854 10.590 27.887 10.024
112 3 1 28.862 10.590 28.010 9.984
113 3 1 28.846 10.549 28.100 9.976
114 3 1 28.887 10.557 28.125 9.952
115 3 1 28.903 10.582 28.174 9.960
116 3 1 28.919 10.566 28.223 9.936
117 3 1 28.952 10.590 28.247 9.960
118 3 1 28.928 10.558 28.263 9.985
119 3 1 28.960 10.549 28.296 9.977
120 3 1 28.993 10.550 28.329 9.977
121 3 1 29.026 10.542 28.362 9.969
122 3 1 29.067 10.525 28.403 9.953
123 3 1 29.099 10.525 28.435 9.953
124 3 1 29.132 10.517 28.468 9.945
125 3 1 29.173 10.518 28.509 9.945
126 3 1 29.222 10.510 28.558 9.937
127 3 1 29.263 10.502 28.599 9.929
128 3 1 29.296 10.502 28.631 9.929
129 3 1 29.336 10.494 28.672 9.921
130 3 1 29.606 10.429 28.600 9.799
131 3 1 29.615 10.397 28.592 9.742
132 3 1 29.688 10.373 28.642 9.709
133 3 1 29.599 10.307 28.739 9.783
134 3 1 29.361 10.453 28.697 9.881
135 3 1 29.721 10.422 29.073 9.833
136 3 1 29.713 10.413 29.057 9.841
137 3 1 29.737 10.405 29.081 9.833
138 3 1 29.696 10.381 29.164 9.728
0 4 1 25.621 14.012 24.592 13.346
1 4 1 25.653 14.037 24.576 13.338
2 4 1 25.686 14.020 24.609 13.321
3 4 1 25.736 14.037 24.658 13.338
4 4 1 25.752 14.029 24.675 13.330
5 4 1 25.801 14.037 24.724 13.338
6 4 1 25.834 14.029 24.757 13.330
7 4 1 25.867 14.020 24.790 13.321
8 4 1 25.917 14.012 24.839 13.313
9 4 1 25.983 14.004 24.905 13.305
10 4 1 26.048 13.996 24.971 13.297
11 4 1 26.073 14.004 24.996 13.305
12 4 1 26.098 14.012 25.020 13.314
13 4 1 26.114 14.021 25.037 13.322
14 4 1 26.147 14.021 25.070 13.322
15 4 1 26.180 14.021 25.103 13.322
16 4 1 26.213 14.013 25.136 13.314
17 4 1 26.262 13.996 25.185 13.297
18 4 1 26.295 13.996 25.218 13.297
19 4 1 26.328 13.988 25.251 13.289
20 4 1 26.378 13.972 25.301 13.273
21 4 1 26.427 13.972 25.350 13.273
22 4 1 26.443 13.963 25.366 13.265
23 4 1 26.485 13.947 25.408 13.248
24 4 1 26.526 13.947 25.449 13.248
25 4 1 26.559 13.939 25.482 13.240
26 4 1 26.608 13.923 25.531 13.224
27 4 1 26.657 13.923 25.581 13.224
28 4 1 26.691 13.898 25.614 13.199
29 4 1 26.715 13.882 25.639 13.183
30 4 1 26.756 13.882 25.680 13.183
31 4 1 26.789 13.890 25.713 13.191
32 4 1 26.822 13.873 25.746 13.175
33 4 1 26.871 13.890 25.795 13.191
34 4 1 26.921 13.882 25.844 13.183
35 4 1 26.929 13.882 25.852 13.183
36 4 1 26.986 13.882 25.910 13.183
37 4 1 27.019 13.890 25.943 13.192
38 4 1 27.044 13.898 25.967 13.200
39 4 1 27.101 13.907 26.025 13.208
40 4 1 27.150 13.898 26.074 13.200
41 4 1 27.175 13.898 26.099 13.200
42 4 1 27.216 13.898 26.140 13.200
43 4 1 27.249 13.907 26.173 13.208
44 4 1 27.274 13.890 26.197 13.192
45 4 1 27.331 13.907 26.255 13.208
46 4 1 27.380 13.899 26.304 13.200
47 4 1 27.388 13.899 26.312 13.200
48 4 1 27.446 13.899 26.370 13.200
49 4 1 27.462 13.907 26.386 13.209
50 4 1 27.503 13.915 26.427 13.217
51 4 1 27.528 13.923 26.452 13.225
52 4 1 27.577 13.907 26.501 13.209
53 4 1 27.610 13.923 26.534 13.225
54 4 1 27.659 13.915 26.583 13.217
55 4 1 27.708 13.907 26.633 13.209
56 4 1 27.717 13.891 26.641 13.193
57 4 1 27.774 13.907 26.698 13.209
58 4 1 27.790 13.891 26.715 13.193
59 4 1 27.831 13.907 26.756 13.209
60 4 1 27.872 13.915 26.797 13.217
61 4 1 27.905 13.924 26.829 13.226
62 4 1 27.954 13.907 26.879 13.209
63 4 1 28.020 13.907 26.944 13.209
64 4 1 28.053 13.899 26.977 13.201
65 4 1 28.094 13.907 27.018 13.209
66 4 1 28.135 13.899 27.059 13.201
67 4 1 28.184 13.907 27.109 13.210
68 4 1 28.250 13.891 27.174 13.193
69 4 1 28.282 13.908 27.207 13.210
70 4 1 28.331 13.916 27.256 13.218
71 4 1 28.356 13.916 27.281 13.218
72 4 1 28.413 13.932 27.338 13.234
73 4 1 28.462 13.940 27.387 13.243
74 4 1 28.470 13.924 27.395 13.226
75 4 1 28.528 13.940 27.453 13.243
76 4 1 28.560 13.949 27.485 13.251
77 4 1 28.601 13.949 27.526 13.251
78 4 1 28.659 13.965 27.584 13.268
79 4 1 28.691 13.973 27.616 13.276
80 4 1 28.716 13.957 27.641 13.259
81 4 1 28.773 13.973 27.698 13.276
82 4 1 28.839 13.957 27.764 13.260
83 4 1 28.863 13.974 27.788 13.276
84 4 1 28.921 13.965 27.846 13.268
85 4 1 28.937 13.974 27.862 13.276
86 4 1 29.002 13.982 27.928 13.284
87 4 1 29.051 13.990 27.977 13.293
88 4 1 29.068 13.998 27.993 13.301
89 4 1 29.109 13.998 28.034 13.301
90 4 1 29.150 13.998 28.075 13.301
91 4 1 29.182 13.990 28.108 13.293
92 4 1 29.191 13.974 28.116 13.276
93 4 1 29.248 13.990 28.173 13.293
94 4 1 29.281 13.998 28.206 13.301
95 4 1 29.321 13.998 28.247 13.301
96 4 1 29.395 14.015 28.321 13.318
97 4 1 29.444 14.023 28.370 13.326
98 4 1 29.485 14.007 28.411 13.310
99 4 1 29.542 14.023 28.468 13.326
100 4 1 29.575 14.007 28.501 13.310
101 4 1 29.616 13.999 28.542 13.301
102 4 1 29.673 14.015 28.599 13.318
103 4 1 29.689 14.023 28.615 13.326
104 4 1 29.755 14.007 28.681 13.310
105 4 1 29.804 14.023 28.730 13.326
106 4 1 29.837 14.032 28.763 13.335
107 4 1 29.861 14.015 28.787 13.318
108 4 1 29.919 14.015 28.845 13.318
109 4 1 29.968 14.024 28.894 13.326
110 4 1 29.976 14.032 28.902 13.335
111 4 1 30.033 14.056 28.959 13.359
112 4 1 30.066 14.040 28.992 13.343
113 4 1 30.106 14.073 29.032 13.376
114 4 1 30.180 14.065 29.106 13.368
115 4 1 30.229 14.073 29.155 13.376
116 4 1 30.253 14.081 29.180 13.384
117 4 1 30.310 14.089 29.237 13.392
118 4 1 30.376 14.073 29.302 13.376
119 4 1 30.400 14.089 29.327 13.393
120 4 1 30.441 14.081 29.368 13.384
121 4 1 30.490 14.073 29.417 13.376
122 4 1 30.515 14.057 29.442 13.360
123 4 1 30.572 14.073 29.499 13.376
124 4 1 30.637 14.081 29.564 13.385
125 4 1 30.662 14.065 29.589 13.368
126 4 1 30.687 14.065 29.613 13.368
127 4 1 30.703 14.073 29.630 13.376
128 4 1 30.752 14.057 29.679 13.360
129 4 1 30.785 14.073 29.711 13.377
130 4 1 30.834 14.057 29.761 13.360
131 4 1 30.883 14.073 29.810 13.377
132 4 1 30.915 14.049 29.842 13.352
133 4 1 30.964 14.057 29.891 13.360
134 4 1 31.030 14.024 29.957 13.328
135 4 1 31.079 14.041 30.006 13.344
136 4 1 31.095 14.024 30.022 13.328
137 4 1 31.136 14.041 30.063 13.344
138 4 1 31.160 14.033 30.088 13.336
0 5 1 26.201 12.176 25.192 11.421
1 5 1 26.233 12.201 25.175 11.413
2 5 1 26.283 12.201 25.225 11.413
3 5 1 26.332 12.201 25.274 11.413
4 5 1 26.365 12.201 25.307 11.413
5 5 1 26.414 12.217 25.356 11.429
6 5 1 26.446 12.234 25.389 11.446
7 5 1 26.496 12.218 25.438 11.430
8 5 1 26.159 12.258 25.674 11.569
9 5 1 26.233 12.242 25.707 11.578
10 5 1 26.315 12.225 25.765 11.512
11 5 1 26.480 12.193 25.757 11.537
12 5 1 26.340 12.225 25.847 11.529
13 5 1 26.381 12.209 25.897 11.529
14 5 1 26.422 12.209 25.847 11.529
15 5 1 26.471 12.201 25.897 11.521
16 5 1 26.529 12.201 25.954 11.521
17 5 1 26.562 12.201 26.003 11.529
18 5 1 26.562 12.201 25.995 11.529
19 5 1 26.734 12.210 26.184 11.530
20 5 1 26.800 12.202 26.258 11.505
21 5 1 26.824 12.210 26.308 11.464
22 5 1 26.865 12.210 26.373 11.481
23 5 1 26.914 12.210 26.414 11.497
24 5 1 26.923 12.186 26.397 11.514
25 5 1 27.029 12.219 26.455 11.489
26 5 1 26.997 12.186 26.471 11.514
27 5 1 27.046 12.194 26.520 11.522
28 5 1 27.095 12.202 26.569 11.531
29 5 1 27.144 12.202 26.618 11.531
30 5 1 27.201 12.211 26.676 11.539
31 5 1 27.250 12.227 26.725 11.555
32 5 1 27.307 12.236 26.782 11.564
33 5 1 27.365 12.236 26.839 11.564
34 5 1 27.619 12.252 26.798 11.605
35 5 1 27.471 12.260 26.929 11.597
36 5 1 27.520 12.269 26.978 11.605
37 5 1 27.561 12.269 27.019 11.605
38 5 1 27.602 12.269 27.060 11.605
39 5 1 27.651 12.269 27.109 11.605
40 5 1 27.692 12.269 27.150 11.605
41 5 1 27.733 12.269 27.191 11.606
42 5 1 27.782 12.269 27.240 11.606
43 5 1 27.832 12.261 27.290 11.598
44 5 1 27.881 12.261 27.339 11.598
45 5 1 27.930 12.253 27.388 11.590
46 5 1 27.979 12.253 27.437 11.590
47 5 1 28.036 12.245 27.495 11.582
48 5 1 28.086 12.245 27.544 11.582
49 5 1 28.143 12.237 27.601 11.574
50 5 1 28.192 12.237 27.650 11.574
51 5 1 28.249 12.237 27.708 11.574
52 5 1 28.584 12.369 27.716 11.574
53 5 1 28.421 12.254 27.814 11.558
54 5 1 28.502 12.344 27.856 11.501
55 5 1 28.536 12.262 27.928 11.599
56 5 1 28.503 12.262 27.953 11.599
57 5 1 28.544 12.271 27.994 11.608
58 5 1 28.667 12.255 28.084 11.567
59 5 1 28.748 12.263 28.059 11.640
60 5 1 28.870 12.320 28.125 11.559
61 5 1 28.765 12.263 28.215 11.608
62 5 1 28.936 12.263 28.214 11.665
63 5 1 29.043 12.255 28.197 11.722
64 5 1 29.214 12.288 28.083 11.689
65 5 1 29.133 12.264 28.295 11.747
66 5 1 28.822 12.263 28.272 11.616
67 5 1 29.091 12.329 28.484 11.625
68 5 1 29.214 12.288 28.508 11.748
69 5 1 29.230 12.354 28.590 11.715
70 5 1 29.262 12.419 28.590 11.699
71 5 1 29.296 12.321 28.680 11.748
72 5 1 29.328 12.338 28.728 11.764
73 5 1 29.295 12.362 28.745 11.740
74 5 1 29.442 12.419 28.802 11.716
75 5 1 29.393 12.379 28.843 11.757
76 5 1 29.516 12.330 28.875 11.797
77 5 1 29.614 12.330 28.949 11.822
78 5 1 29.548 12.379 28.998 11.773
79 5 1 29.696 12.338 28.949 11.806
80 5 1 29.598 12.371 29.047 11.773
81 5 1 29.655 12.371 29.104 11.773
82 5 1 29.712 12.379 29.162 11.782
83 5 1 29.761 12.379 29.211 11.782
84 5 1 30.038 12.396 29.128 11.831
85 5 1 30.014 12.363 29.333 11.831
86 5 1 30.031 12.355 29.382 11.815
87 5 1 30.071 12.412 29.455 11.815
88 5 1 30.030 12.396 29.480 11.815
89 5 1 30.079 12.404 29.529 11.823
90 5 1 30.120 12.404 29.570 11.823
91 5 1 30.169 12.413 29.619 11.832
92 5 1 30.218 12.421 29.668 11.840
93 5 1 30.267 12.429 29.716 11.848
94 5 1 30.528 12.405 29.765 11.848
95 5 1 30.414 12.413 29.863 11.840
96 5 1 30.471 12.421 29.921 11.849
97 5 1 30.536 12.421 29.986 11.849
98 5 1 30.593 12.430 30.043 11.857
99 5 1 30.642 12.446 30.092 11.874
100 5 1 30.691 12.454 30.141 11.882
101 5 1 30.740 12.455 30.190 11.882
102 5 1 30.789 12.463 30.239 11.890
103 5 1 30.830 12.471 30.279 11.899
104 5 1 30.887 12.471 30.336 11.899
105 5 1 30.927 12.471 30.377 11.899
106 5 1 30.976 12.463 30.426 11.891
107 5 1 31.025 12.471 30.475 11.899
108 5 1 31.074 12.463 30.524 11.891
109 5 1 31.123 12.472 30.573 11.899
110 5 1 31.180 12.463 30.630 11.891
111 5 1 31.221 12.464 30.671 11.891
112 5 1 31.286 12.456 30.736 11.883
113 5 1 31.344 12.447 30.793 11.875
114 5 1 31.611 12.603 30.321 11.817
115 5 1 31.384 12.439 30.834 11.867
116 5 1 31.433 12.439 30.883 11.867
117 5 1 31.482 12.431 30.932 11.859
118 5 1 31.531 12.440 30.981 11.867
119 5 1 31.572 12.432 31.022 11.859
120 5 1 31.613 12.440 31.063 11.868
121 5 1 31.661 12.440 31.111 11.868
122 5 1 31.710 12.440 31.160 11.868
123 5 1 31.759 12.440 31.209 11.868
124 5 1 31.800 12.440 31.250 11.868
125 5 1 31.841 12.440 31.291 11.868
126 5 1 31.898 12.440 31.348 11.868
127 5 1 31.947 12.449 31.397 11.877
128 5 1 31.995 12.457 31.445 11.885
129 5 1 32.052 12.457 31.502 11.885
130 5 1 32.109 12.465 31.559 11.893
131 5 1 32.158 12.473 31.608 11.901
132 5 1 32.207 12.473 31.657 11.902
133 5 1 32.256 12.474 31.706 11.902
134 5 1 32.296 12.482 31.747 11.910
135 5 1 32.353 12.490 31.804 11.918
136 5 1 32.386 12.482 31.836 11.910
137 5 1 32.427 12.490 31.877 11.918
138 5 1 32.484 12.482 31.934 11.910
0 6 1 25.020 13.314 24.057 12.721
1 6 1 25.045 13.330 24.040 12.713
2 6 1 25.094 13.330 24.090 12.713
3 6 1 25.160 13.330 24.156 12.713
4 6 1 25.193 13.347 24.188 12.730
5 6 1 25.242 13.347 24.238 12.730
6 6 1 25.275 13.363 24.270 12.746
7 6 1 25.308 13.363 24.303 12.746
8 6 1 25.341 13.363 24.336 12.746
9 6 1 25.374 13.363 24.369 12.746
10 6 1 25.407 13.347 24.402 12.730
11 6 1 25.439 13.347 24.435 12.730
12 6 1 25.489 13.331 24.485 12.714
13 6 1 25.555 13.331 24.551 12.714
14 6 1 25.604 13.314 24.600 12.698
15 6 1 25.621 13.314 24.617 12.698
16 6 1 25.687 13.314 24.683 12.698
17 6 1 25.736 13.298 24.732 12.681
18 6 1 25.769 13.282 24.765 12.665
19 6 1 25.818 13.282 24.815 12.665
20 6 1 25.868 13.265 24.864 12.649
21 6 1 25.917 13.265 24.913 12.649
22 6 1 25.983 13.249 24.979 12.633
23 6 1 26.032 13.249 25.029 12.633
24 6 1 26.049 13.233 25.045 12.616
25 6 1 26.115 13.233 25.111 12.616
26 6 1 26.164 13.233 25.161 12.616
27 6 1 26.197 13.233 25.193 12.617
28 6 1 26.230 13.233 25.226 12.617
29 6 1 26.263 13.249 25.259 12.633
30 6 1 26.312 13.250 25.308 12.633
31 6 1 26.378 13.250 25.374 12.633
32 6 1 26.427 13.250 25.423 12.633
33 6 1 26.460 13.250 25.456 12.633
34 6 1 26.492 13.250 25.489 12.633
35 6 1 26.542 13.250 25.539 12.634
36 6 1 26.607 13.250 25.604 12.634
37 6 1 26.657 13.250 25.654 12.634
38 6 1 26.690 13.250 25.686 12.634
39 6 1 26.739 13.250 25.736 12.634
40 6 1 26.804 13.250 25.801 12.634
41 6 1 26.854 13.234 25.851 12.618
42 6 1 26.887 13.234 25.884 12.618
43 6 1 26.936 13.234 25.933 12.618
44 6 1 26.985 13.234 25.982 12.618
45 6 1 27.002 13.234 25.999 12.618
46 6 1 27.051 13.234 26.048 12.618
47 6 1 27.067 13.218 26.065 12.602
48 6 1 27.117 13.201 26.114 12.585
49 6 1 27.150 13.201 26.147 12.585
50 6 1 27.199 13.185 26.196 12.569
51 6 1 27.248 13.185 26.246 12.569
52 6 1 27.281 13.169 26.279 12.553
53 6 1 27.314 13.169 26.312 12.553
54 6 1 27.363 13.153 26.361 12.537
55 6 1 27.413 13.153 26.410 12.537
56 6 1 27.462 13.153 26.459 12.537
57 6 1 27.527 13.153 26.525 12.537
58 6 1 27.577 13.136 26.575 12.521
59 6 1 27.626 13.137 26.624 12.521
60 6 1 27.675 13.137 26.673 12.521
61 6 1 27.708 13.137 26.706 12.521
62 6 1 27.741 13.120 26.739 12.505
63 6 1 27.790 13.120 26.788 12.505
64 6 1 27.839 13.120 26.837 12.505
65 6 1 27.872 13.137 26.870 12.521
66 6 1 27.904 13.153 26.902 12.538
67 6 1 27.954 13.153 26.952 12.538
68 6 1 28.003 13.170 27.001 12.554
69 6 1 28.035 13.170 27.034 12.554
70 6 1 28.085 13.170 27.083 12.554
71 6 1 28.134 13.170 27.132 12.554
72 6 1 28.166 13.170 27.165 12.554
73 6 1 28.216 13.170 27.214 12.554
74 6 1 28.265 13.170 27.263 12.555
75 6 1 28.298 13.170 27.296 12.555
76 6 1 28.347 13.170 27.345 12.555
77 6 1 28.412 13.187 27.411 12.571
78 6 1 28.461 13.187 27.460 12.571
79 6 1 28.494 13.187 27.492 12.571
80 6 1 28.527 13.187 27.525 12.571
81 6 1 28.559 13.187 27.558 12.571
82 6 1 28.592 13.203 27.591 12.588
83 6 1 28.625 13.203 27.623 12.588
84 6 1 28.674 13.203 27.673 12.588
85 6 1 28.707 13.203 27.705 12.588
86 6 1 28.740 13.187 27.738 12.572
87 6 1 28.772 13.187 27.771 12.572
88 6 1 28.821 13.204 27.820 12.588
89 6 1 28.854 13.204 27.853 12.588
90 6 1 28.887 13.220 27.885 12.605
91 6 1 28.936 13.220 27.935 12.605
92 6 1 28.985 13.220 27.984 12.605
93 6 1 29.214 13.229 28.107 12.581
94 6 1 29.247 13.221 28.114 12.638
95 6 1 29.181 13.229 28.164 12.622
96 6 1 29.296 13.229 28.089 12.687
97 6 1 29.279 13.253 28.073 12.703
98 6 1 29.280 13.180 28.172 12.663
99 6 1 29.239 13.212 28.196 12.630
100 6 1 29.279 13.212 28.237 12.630
101 6 1 29.320 13.212 28.278 12.630
102 6 1 29.361 13.213 28.319 12.630
103 6 1 29.402 13.213 28.360 12.630
104 6 1 29.443 13.196 28.401 12.614
105 6 1 29.468 13.213 28.426 12.630
106 6 1 29.508 13.213 28.467 12.630
107 6 1 29.541 13.229 28.850 12.729
108 6 1 29.737 13.254 28.900 12.696
109 6 1 29.802 13.254 28.810 12.688
110 6 1 29.843 13.254 28.851 12.688
111 6 1 29.884 13.238 28.892 12.672
112 6 1 29.941 13.254 28.949 12.688
113 6 1 29.982 13.238 28.990 12.672
114 6 1 30.039 13.254 29.047 12.689
115 6 1 30.080 13.238 29.088 12.672
116 6 1 30.137 13.254 29.145 12.689
117 6 1 30.162 13.238 29.170 12.672
118 6 1 30.219 13.255 29.227 12.689
119 6 1 30.260 13.255 29.268 12.689
120 6 1 30.301 13.255 29.309 12.689
121 6 1 30.342 13.255 29.350 12.689
122 6 1 30.383 13.255 29.390 12.689
124 6 1 30.374 13.247 29.382 12.681
125 6 1 30.432 13.247 29.440 12.681
126 6 1 30.456 13.263 29.464 12.697
127 6 1 30.497 13.263 29.505 12.697
128 6 1 30.587 13.214 29.595 12.649
129 6 1 30.595 13.263 29.603 12.698
130 6 1 30.636 13.263 29.644 12.698
131 6 1 30.668 13.288 29.676 12.730
132 6 1 30.734 13.263 29.742 12.706
133 6 1 30.791 13.263 29.799 12.706
134 6 1 30.840 13.239 29.848 12.690
135 6 1 30.889 13.239 29.897 12.690
136 6 1 30.930 13.223 29.938 12.674
137 6 1 30.971 13.223 29.979 12.674
138 6 1 31.011 13.223 30.020 12.674
0 11 2 42.664 10.051 41.445 9.482
1 11 2 42.696 10.068 41.421 9.474
2 11 2 42.552 10.067 41.277 9.474
3 11 2 42.424 10.051 41.148 9.457
4 11 2 42.264 10.034 40.988 9.440
5 11 2 42.119 10.033 40.843 9.440
6 11 2 41.959 10.033 40.683 9.439
7 11 2 41.799 10.032 40.522 9.438
8 11 2 41.582 10.040 40.185 9.397
9 11 2 41.566 10.023 40.217 9.405
10 11 2 41.413 10.015 40.064 9.396
11 11 2 41.261 10.022 39.911 9.404
12 11 2 41.108 10.014 39.759 9.395
13 11 2 40.956 10.005 39.606 9.386
14 11 2 40.803 9.996 39.453 9.378
15 11 2 40.651 10.004 39.300 9.385
16 11 2 40.498 9.979 39.147 9.360
17 11 2 40.241 10.019 38.809 9.335
18 11 2 40.217 9.994 38.842 9.359
19 11 2 40.056 9.986 38.681 9.350
20 11 2 39.911 9.977 38.536 9.342
21 11 2 39.750 9.969 38.375 9.333
22 11 2 39.372 9.959 38.101 9.316
23 11 2 39.268 9.934 37.875 9.291
24 11 2 39.260 9.926 37.899 9.291
25 11 2 38.986 9.901 37.577 9.265
26 11 2 38.801 9.892 37.392 9.240
27 11 2 38.793 9.884 37.424 9.248
28 11 2 38.640 9.876 37.271 9.240
29 11 2 38.471 9.851 37.101 9.215
30 11 2 38.301 9.842 36.932 9.206
31 11 2 38.132 9.833 36.762 9.197
32 11 2 37.979 9.825 36.609 9.188
33 11 2 37.810 9.800 36.440 9.163
34 11 2 37.640 9.791 36.270 9.155
35 11 2 37.471 9.782 36.101 9.146
36 11 2 37.318 9.774 35.947 9.137
37 11 2 37.132 9.749 35.761 9.112
38 11 2 36.979 9.740 35.608 9.103
39 11 2 36.809 9.715 35.438 9.078
40 11 2 36.640 9.690 35.268 9.053
41 11 2 36.470 9.665 35.099 9.028
42 11 2 36.317 9.657 34.945 9.020
43 11 2 36.131 9.632 34.759 8.995
44 11 2 35.978 9.623 34.605 8.986
45 11 2 35.792 9.598 34.419 8.961
46 11 2 35.638 9.573 34.266 8.936
47 11 2 35.452 9.548 34.079 8.911
48 11 2 35.218 9.515 33.650 8.950
49 11 2 35.040 9.571 33.456 8.868
50 11 2 34.757 9.497 33.383 8.843
51 11 2 34.643 9.488 33.270 8.818
52 11 2 34.482 9.447 33.059 8.801
53 11 2 34.344 9.447 32.856 8.792
54 11 2 34.304 9.430 32.913 8.801
55 11 2 34.004 9.421 32.491 8.766
56 11 2 33.955 9.405 32.564 8.775
57 11 2 33.785 9.388 32.394 8.758
58 11 2 33.542 9.322 31.924 8.675
59 11 2 33.348 9.305 31.834 8.658
60 11 2 33.299 9.297 31.899 8.666
61 11 2 33.137 9.280 31.737 8.649
62 11 2 32.959 9.263 31.558 8.632
63 11 2 32.797 9.246 31.396 8.616
64 11 2 32.464 9.188 31.031 8.500
65 11 2 32.456 9.163 31.055 8.533
66 11 2 32.294 9.147 30.893 8.516
67 11 2 32.115 9.130 30.714 8.499
68 11 2 31.937 9.113 30.535 8.482
69 11 2 31.774 9.096 30.372 8.465
70 11 2 31.596 9.079 30.194 8.448
71 11 2 31.157 9.045 29.910 8.325
72 11 2 31.239 9.004 29.844 8.373
73 11 2 31.068 8.987 29.673 8.356
74 11 2 30.897 8.970 29.502 8.339
75 11 2 30.710 8.970 29.315 8.338
76 11 2 30.539 8.953 29.144 8.321
77 11 2 30.369 8.936 28.973 8.304
78 11 2 30.198 8.935 28.802 8.303
79 11 2 30.010 8.934 28.614 8.303
80 11 2 29.717 8.949 28.215 8.309
81 11 2 29.587 8.916 28.035 8.292
82 11 2 29.522 8.916 28.125 8.292
83 11 2 29.351 8.907 27.954 8.283
84 11 2 29.163 8.898 27.766 8.274
85 11 2 28.992 8.906 27.594 8.282
86 11 2 28.821 8.913 27.423 8.289
87 11 2 28.649 8.920 27.251 8.296
88 11 2 28.462 8.911 27.063 8.287
89 11 2 28.290 8.919 26.892 8.295
90 11 2 28.102 8.926 26.703 8.302
91 11 2 27.931 8.934 26.532 8.309
92 11 2 27.759 8.941 26.360 8.317
93 11 2 27.587 8.965 26.188 8.340
94 11 2 27.399 8.956 26.000 8.331
95 11 2 27.228 8.979 25.827 8.355
96 11 2 27.056 8.987 25.655 8.362
97 11 2 26.884 8.994 25.483 8.369
98 11 2 26.490 9.082 25.114 8.400
99 11 2 26.507 9.050 25.114 8.425
100 11 2 26.228 9.130 24.770 8.423
101 11 2 26.064 9.154 24.605 8.463
102 11 2 26.040 9.113 24.646 8.488
103 11 2 25.719 9.169 24.260 8.494
104 11 2 25.539 9.192 24.104 8.518
105 11 2 25.523 9.160 24.128 8.534
106 11 2 25.359 9.167 23.964 8.542
107 11 2 25.047 9.199 23.545 8.564
108 11 2 25.006 9.190 23.611 8.565
109 11 2 24.809 9.222 23.183 8.571
110 11 2 24.702 9.205 23.307 8.580
111 11 2 24.538 9.213 23.142 8.587
112 11 2 24.357 9.220 22.961 8.594
113 11 2 24.177 9.228 22.780 8.602
114 11 2 24.012 9.235 22.616 8.609
115 11 2 23.848 9.243 22.451 8.617
116 11 2 23.667 9.250 22.270 8.624
117 11 2 23.486 9.258 22.089 8.631
118 11 2 23.322 9.265 21.924 8.639
119 11 2 23.141 9.273 21.743 8.646
120 11 2 22.960 9.264 21.562 8.637
121 11 2 22.795 9.271 21.397 8.645
122 11 2 22.614 9.279 21.216 8.652
123 11 2 22.433 9.286 21.034 8.659
124 11 2 22.269 9.277 20.869 8.651
125 11 2 22.104 9.285 20.704 8.658
126 11 2 21.923 9.276 20.523 8.649
127 11 2 21.741 9.283 20.342 8.656
128 11 2 21.577 9.275 20.177 8.648
129 11 2 21.412 9.282 20.011 8.655
130 11 2 21.231 9.273 19.830 8.646
131 11 2 21.049 9.281 19.648 8.653
132 11 2 20.885 9.255 19.483 8.628
133 11 2 20.630 9.165 19.054 8.643
134 11 2 20.555 9.213 19.154 8.594
135 11 2 20.390 9.213 18.988 8.593
136 11 2 20.209 9.196 18.807 8.576
137 11 2 20.027 9.211 18.625 8.592
138 11 2 19.879 9.194 18.476 8.575
0 12 1 26.139 10.402 25.001 9.565
8 12 1 26.172 10.426 24.985 9.549
9 12 1 26.204 10.443 25.018 9.566
10 12 1 26.253 10.459 25.067 9.582
11 12 1 26.286 10.443 25.100 9.566
12 12 1 26.335 10.460 25.149 9.582
13 12 1 26.385 10.443 25.198 9.566
14 12 1 26.434 10.460 25.247 9.583
15 12 1 26.483 10.444 25.297 9.567
16 12 1 26.532 10.460 25.346 9.583
17 12 1 26.581 10.444 25.395 9.567
18 12 1 26.614 10.461 25.428 9.583
19 12 1 26.663 10.461 25.477 9.584
20 12 1 26.696 10.477 25.509 9.600
21 12 1 26.745 10.494 25.558 9.617
22 12 1 26.794 10.494 25.608 9.617
23 12 1 26.843 10.510 25.657 9.633
24 12 1 26.875 10.543 25.689 9.666
25 12 1 26.924 10.559 25.738 9.682
26 12 1 26.973 10.560 25.787 9.683
27 12 1 27.006 10.560 25.820 9.683
28 12 1 27.055 10.560 25.869 9.683
29 12 1 27.088 10.560 25.902 9.683
30 12 1 27.137 10.560 25.951 9.683
31 12 1 27.170 10.560 25.984 9.683
32 12 1 27.219 10.560 26.033 9.684
33 12 1 27.268 10.577 26.082 9.700
34 12 1 27.300 10.577 26.115 9.700
35 12 1 27.333 10.577 26.147 9.700
36 12 1 27.366 10.577 26.180 9.700
37 12 1 27.415 10.594 26.229 9.717
38 12 1 27.464 10.594 26.278 9.717
39 12 1 27.513 10.594 26.327 9.717
40 12 1 27.546 10.594 26.360 9.717
41 12 1 27.595 10.610 26.409 9.734
42 12 1 27.644 10.643 26.458 9.767
43 12 1 27.693 10.643 26.507 9.767
44 12 1 27.742 10.660 26.556 9.783
45 12 1 27.774 10.644 26.589 9.767
46 12 1 27.823 10.660 26.638 9.784
47 12 1 27.873 10.644 26.687 9.767
48 12 1 27.905 10.660 26.720 9.784
49 12 1 27.954 10.644 26.769 9.768
50 12 1 28.003 10.661 26.818 9.784
51 12 1 28.052 10.661 26.867 9.784
52 12 1 28.101 10.677 26.916 9.801
53 12 1 28.150 10.694 26.965 9.817
54 12 1 28.199 10.710 27.014 9.834
55 12 1 28.248 10.727 27.063 9.850
56 12 1 28.281 10.727 27.095 9.850
57 12 1 28.313 10.727 27.128 9.851
58 12 1 28.362 10.743 27.177 9.867
59 12 1 28.395 10.760 27.210 9.883
60 12 1 28.444 10.760 27.259 9.884
61 12 1 28.493 10.760 27.308 9.884
62 12 1 28.542 10.760 27.357 9.884
63 12 1 28.574 10.777 27.389 9.900
64 12 1 28.623 10.793 27.438 9.917
65 12 1 28.672 10.777 27.488 9.901
66 12 1 28.721 10.793 27.537 9.917
67 12 1 28.754 10.777 27.569 9.901
68 12 1 28.803 10.794 27.618 9.917
69 12 1 28.852 10.794 27.667 9.918
70 12 1 28.575 10.752 27.781 10.000
71 12 1 28.738 10.793 27.634 9.950
72 12 1 28.755 10.712 27.871 9.984
73 12 1 28.911 10.647 27.903 10.016
74 12 1 29.024 10.696 27.904 10.000
75 12 1 29.049 10.696 27.936 10.008
76 12 1 29.090 10.631 27.952 10.033
77 12 1 29.082 10.631 28.009 10.041
78 12 1 29.090 10.631 28.058 10.041
79 12 1 29.115 10.640 28.157 10.025
80 12 1 29.155 10.680 28.108 9.984
81 12 1 29.090 10.664 28.320 10.010
82 12 1 29.212 10.681 28.190 9.993
83 12 1 29.106 10.688 28.378 9.977
84 12 1 29.237 10.673 28.239 9.985
85 12 1 29.270 10.665 28.272 9.977
86 12 1 29.319 10.657 28.321 9.969
87 12 1 29.474 10.673 28.599 9.954
88 12 1 29.539 10.649 28.615 9.897
89 12 1 29.604 10.641 28.625 9.799
90 12 1 29.637 10.706 28.689 9.905
91 12 1 29.661 10.690 28.738 9.921
92 12 1 29.653 10.690 28.787 9.922
93 12 1 29.718 10.682 28.860 9.930
94 12 1 29.726 10.698 28.852 9.954
95 12 1 29.735 10.641 28.884 9.963
96 12 1 29.743 10.658 28.958 9.971
97 12 1 29.784 10.625 28.965 10.012
98 12 1 29.694 10.658 28.974 9.979
99 12 1 29.735 10.682 29.105 9.906
100 12 1 29.776 10.642 28.868 9.963
101 12 1 29.817 10.642 28.909 9.963
102 12 1 29.857 10.642 28.950 9.963
103 12 1 29.898 10.626 28.990 9.947
104 12 1 29.923 10.626 29.015 9.947
105 12 1 29.947 10.626 29.039 9.947
106 12 1 29.988 10.610 29.080 9.931
107 12 1 29.996 10.610 29.089 9.931
108 12 1 30.037 10.594 29.130 9.915
109 12 1 30.078 10.594 29.170 9.915
110 12 1 30.575 10.595 29.643 9.917
111 12 1 30.388 10.619 29.537 9.965
112 12 1 30.379 10.627 29.553 9.981
113 12 1 30.388 10.627 29.635 9.965
114 12 1 30.412 10.619 29.684 9.982
115 12 1 30.477 10.627 29.602 9.973
116 12 1 30.518 10.636 29.643 9.982
117 12 1 30.559 10.628 29.684 9.974
118 12 1 30.599 10.620 29.725 9.966
119 12 1 30.640 10.612 29.765 9.958
120 12 1 30.909 10.604 30.092 9.902
121 12 1 30.926 10.580 30.059 9.926
122 12 1 30.958 10.572 30.092 9.918
123 12 1 31.007 10.588 30.100 9.894
124 12 1 31.015 10.564 30.108 9.902
125 12 1 31.024 10.540 30.117 9.869
126 12 1 30.999 10.531 30.133 9.878
127 12 1 31.048 10.523 30.182 9.870
128 12 1 31.081 10.515 30.214 9.862
129 12 1 31.130 10.507 30.263 9.854
130 12 1 31.186 10.646 30.499 9.903
131 12 1 31.243 10.605 30.556 9.895
132 12 1 31.275 10.679 30.654 9.847
133 12 1 31.332 10.646 30.695 9.880
134 12 1 31.300 10.557 30.450 9.903
135 12 1 31.333 10.549 30.483 9.895
136 12 1 31.365 10.557 30.516 9.903
137 12 1 31.382 10.549 30.532 9.895
138 12 1 31.414 10.541 30.565 9.887
