0 0 1 23.924 13.048 25.210 13.912
1 0 1 23.888 13.024 25.234 13.924
2 0 1 24.024 13.024 25.370 13.925
3 0 1 24.184 13.025 25.531 13.925
4 0 1 24.320 13.025 25.667 13.926
5 0 1 24.481 13.026 25.827 13.926
6 0 1 24.617 13.051 25.963 13.951
7 0 1 24.728 13.027 26.074 13.927
8 0 1 24.864 13.027 26.210 13.928
9 0 1 24.975 13.028 26.321 13.928
10 0 1 25.087 13.028 26.433 13.928
11 0 1 25.223 13.004 26.569 13.904
12 0 1 25.359 13.005 26.704 13.905
13 0 1 25.519 13.005 26.865 13.905
14 0 1 25.655 13.006 27.001 13.906
15 0 1 25.816 13.007 27.161 13.906
16 0 1 25.976 13.032 27.321 13.932
17 0 1 26.136 13.032 27.481 13.932
18 0 1 26.248 13.008 27.593 13.908
19 0 1 26.383 13.009 27.728 13.908
20 0 1 26.519 13.009 27.864 13.909
21 0 1 26.679 13.034 28.024 13.934
22 0 1 26.791 13.010 28.135 13.910
23 0 1 26.951 13.011 28.296 13.910
24 0 1 27.087 13.012 28.431 13.911
25 0 1 27.247 13.012 28.591 13.911
26 0 1 27.383 13.013 28.727 13.912
27 0 1 27.518 13.013 28.862 13.912
28 0 1 27.629 13.014 28.973 13.913
29 0 1 27.765 13.014 29.109 13.913
30 0 1 27.900 13.015 29.244 13.914
31 0 1 28.036 13.040 29.380 13.939
32 0 1 28.171 13.040 29.515 13.939
33 0 1 28.282 13.041 29.626 13.940
34 0 1 28.418 13.017 29.762 13.916
35 0 1 28.554 12.993 29.897 13.892
36 0 1 28.714 13.018 30.057 13.917
37 0 1 28.874 13.018 30.217 13.917
38 0 1 29.034 13.019 30.377 13.918
39 0 1 29.169 13.020 30.512 13.918
40 0 1 29.280 12.996 30.623 13.894
41 0 1 29.440 12.996 30.783 13.895
42 0 1 29.576 12.997 30.918 13.895
43 0 1 29.735 13.022 31.078 13.920
44 0 1 29.846 13.022 31.189 13.921
45 0 1 30.006 12.998 31.349 13.897
46 0 1 30.142 12.999 31.484 13.897
47 0 1 30.302 12.975 31.644 13.873
48 0 1 30.462 12.976 31.804 13.874
49 0 1 30.621 13.001 31.963 13.899
50 0 1 30.732 13.001 32.074 13.899
51 0 1 30.867 13.002 32.209 13.900
52 0 1 30.978 13.002 32.320 13.900
53 0 1 31.113 13.003 32.455 13.901
54 0 1 31.248 13.003 32.590 13.901
55 0 1 31.383 13.004 32.725 13.902
56 0 1 31.494 13.004 32.836 13.902
57 0 1 31.654 13.005 32.995 13.903
58 0 1 31.789 13.005 33.130 13.903
59 0 1 31.949 13.006 33.290 13.904
60 0 1 32.108 13.007 33.449 13.904
61 0 1 32.243 13.007 33.584 13.905
62 0 1 32.378 13.008 33.719 13.905
63 0 1 32.513 13.008 33.854 13.906
64 0 1 32.648 13.009 33.989 13.906
65 0 1 32.808 13.009 34.149 13.907
66 0 1 32.918 13.010 34.259 13.907
67 0 1 33.053 13.010 34.394 13.907
68 0 1 33.189 12.986 34.529 13.884
69 0 1 33.324 12.987 34.664 13.884
70 0 1 33.483 12.988 34.823 13.885
71 0 1 33.643 12.988 34.983 13.885
72 0 1 33.778 12.989 35.117 13.886
73 0 1 33.912 12.989 35.252 13.886
74 0 1 34.047 12.990 35.387 13.887
75 0 1 34.206 13.015 35.546 13.912
76 0 1 34.317 13.015 35.656 13.912
77 0 1 34.694 13.347 35.659 13.643
78 0 1 34.464 13.028 35.803 13.925
79 0 1 34.574 13.004 35.914 13.901
80 0 1 34.685 13.005 36.024 13.901
81 0 1 34.844 13.005 36.183 13.902
82 0 1 35.003 13.030 36.342 13.927
83 0 1 35.162 13.006 36.501 13.903
84 0 1 35.273 13.007 36.612 13.903
85 0 1 35.432 13.007 36.771 13.904
86 0 1 36.140 13.230 36.431 13.597
87 0 1 35.957 13.156 37.273 13.759
88 0 1 35.934 13.034 37.260 13.881
89 0 1 36.056 13.010 37.383 13.857
90 0 1 36.179 12.986 37.505 13.833
91 0 1 36.326 12.987 37.652 13.834
92 0 1 36.631 13.085 37.885 13.786
93 0 1 36.826 13.111 37.934 13.774
94 0 1 36.972 13.184 38.068 13.823
95 0 1 37.193 13.112 38.312 13.799
96 0 1 37.450 13.137 38.483 13.873
97 0 1 37.340 13.125 38.569 13.873
98 0 1 37.474 13.113 38.703 13.862
99 0 1 37.719 13.065 39.069 13.887
101 0 1 37.768 13.102 39.008 13.863
102 0 1 37.878 13.090 39.118 13.851
103 0 1 38.012 13.103 39.253 13.864
104 0 1 38.147 13.091 39.387 13.852
105 0 1 38.281 13.104 39.521 13.865
106 0 1 38.440 13.092 39.680 13.853
107 0 1 38.574 13.105 39.814 13.866
108 0 1 38.709 13.093 39.949 13.854
109 0 1 38.843 13.106 40.083 13.867
110 0 1 39.002 13.119 40.241 13.879
111 0 1 39.136 13.132 40.376 13.892
112 0 1 39.270 13.120 40.510 13.880
113 0 1 39.405 13.108 40.644 13.869
114 0 1 39.539 13.097 40.778 13.857
115 0 1 39.673 13.085 40.913 13.845
116 0 1 39.808 13.073 41.047 13.833
117 0 1 39.942 13.086 41.181 13.846
118 0 1 40.100 13.074 41.339 13.835
119 0 1 40.234 13.112 41.473 13.872
120 0 1 40.393 13.100 41.632 13.860
121 0 1 40.771 13.089 41.718 13.702
122 0 1 40.625 13.028 41.839 13.775
123 0 1 40.747 13.016 41.961 13.764
124 0 1 40.893 13.017 42.108 13.764
125 0 1 41.040 13.029 42.254 13.777
126 0 1 41.174 13.030 42.388 13.777
127 0 1 41.528 12.910 42.862 13.889
129 0 1 41.576 13.019 42.802 13.791
130 0 1 41.698 13.020 42.923 13.792
131 0 1 41.844 13.020 43.069 13.792
132 0 1 41.990 13.045 43.215 13.817
133 0 1 42.136 13.022 43.362 13.793
134 0 1 42.258 13.046 43.483 13.818
135 0 1 42.380 13.023 43.605 13.794
136 0 1 42.550 13.048 43.775 13.819
137 0 1 42.672 13.024 43.897 13.795
138 0 1 42.818 13.024 44.043 13.796
139 0 1 42.988 13.025 44.213 13.796
140 0 1 43.110 13.025 44.335 13.797
141 0 1 43.256 13.050 44.480 13.821
142 0 1 43.402 13.027 44.626 13.798
143 0 1 43.523 13.051 44.748 13.822
144 0 1 43.645 13.003 44.870 13.774
145 0 1 43.767 13.004 44.991 13.775
146 0 1 43.888 13.004 45.113 13.775
147 0 1 44.034 12.980 45.259 13.751
148 0 1 44.180 13.005 45.404 13.776
149 0 1 44.326 12.981 45.550 13.752
150 0 1 44.472 13.006 45.696 13.777
151 0 1 44.594 12.983 45.817 13.753
152 0 1 44.715 13.007 45.939 13.778
153 0 1 44.861 12.984 46.084 13.754
154 0 1 45.006 13.033 46.230 13.803
155 0 1 45.152 13.033 46.376 13.804
156 0 1 45.274 13.034 46.497 13.804
157 0 1 45.371 13.010 46.594 13.780
158 0 1 45.517 12.986 46.740 13.757
159 0 1 45.662 13.011 46.885 13.781
160 0 1 45.808 12.987 47.031 13.758
161 0 1 45.929 13.012 47.152 13.782
162 0 1 46.099 12.988 47.322 13.759
163 0 1 46.221 13.013 47.443 13.783
164 0 1 46.366 13.014 47.589 13.784
165 0 1 46.488 13.014 47.710 13.784
166 0 1 46.609 13.015 47.831 13.785
168 0 1 46.621 13.027 47.843 13.797
169 0 1 46.694 13.003 47.916 13.773
170 0 1 46.767 13.003 47.989 13.773
171 0 1 47.361 12.908 48.922 13.850
173 0 1 47.543 12.946 49.055 13.911
174 0 1 46.888 13.004 48.110 13.774
175 0 1 47.967 13.081 49.418 13.912
176 0 1 48.051 13.118 49.285 13.887
177 0 1 48.160 13.118 49.394 13.888
178 0 1 48.294 13.143 49.527 13.912
179 0 1 48.427 13.143 49.660 13.913
180 0 1 48.560 13.120 49.793 13.889
181 0 1 48.608 13.399 49.564 13.633
182 0 1 48.753 13.412 49.721 13.646
183 0 1 48.718 13.120 49.951 13.890
184 0 1 48.875 13.121 50.108 13.890
185 0 1 48.984 13.121 50.217 13.891
186 0 1 49.686 13.027 50.967 13.918
188 0 1 49.698 13.088 50.931 13.857
189 0 1 49.807 13.088 51.040 13.857
190 0 1 49.940 13.064 51.173 13.833
191 0 1 50.097 13.089 51.330 13.858
192 0 1 50.255 13.090 51.487 13.859
193 0 1 50.363 13.090 51.596 13.859
194 0 1 50.496 13.091 51.728 13.860
195 0 1 50.581 13.067 51.813 13.836
196 0 1 50.714 13.067 51.946 13.836
197 0 1 50.847 13.068 52.079 13.837
198 0 1 50.980 13.068 52.212 13.837
199 0 1 51.113 13.069 52.345 13.838
200 0 1 51.246 13.094 52.477 13.862
201 0 1 51.355 13.094 52.586 13.863
202 0 1 51.487 13.095 52.719 13.863
203 0 1 51.596 13.071 52.828 13.839
204 0 1 51.729 13.071 52.960 13.840
205 0 1 51.862 13.072 53.093 13.840
206 0 1 52.019 13.072 53.250 13.841
207 0 1 52.152 13.097 53.383 13.866
208 0 1 52.285 13.098 53.515 13.866
209 0 1 52.417 13.098 53.648 13.866
210 0 1 52.574 13.099 53.805 13.867
211 0 1 52.755 13.003 54.287 13.881
213 0 1 52.985 13.004 54.468 13.906
214 0 1 53.045 13.004 54.504 13.870
215 0 1 53.045 13.004 54.806 13.810
216 0 1 53.166 13.041 54.938 13.847
217 0 1 53.708 13.006 55.011 13.871
218 0 1 53.720 13.055 54.950 13.823
219 0 1 53.829 13.055 55.059 13.823
220 0 1 53.937 13.056 55.167 13.823
221 0 1 54.130 13.226 55.131 13.678
222 0 1 54.106 13.093 55.336 13.860
223 0 1 54.215 13.093 55.444 13.861
224 0 1 54.371 13.070 55.601 13.837
225 0 1 54.480 13.070 55.709 13.838
226 0 1 54.456 13.348 55.613 13.668
227 0 1 54.564 13.397 55.805 13.668
228 0 1 54.612 13.070 55.842 13.838
229 0 1 54.769 13.071 55.998 13.839
230 0 1 54.901 13.072 56.131 13.839
231 0 1 54.962 13.072 56.191 13.839
232 0 1 55.696 12.966 57.189 13.855
234 0 1 55.010 13.133 56.239 13.900
235 0 1 55.070 13.109 56.299 13.876
236 0 1 55.154 13.109 56.383 13.876
237 0 1 55.215 13.085 56.444 13.852
238 0 1 55.323 13.085 56.552 13.853
0 1 2 58.328 12.650 60.192 13.721
1 1 2 58.280 12.614 60.228 13.733
2 1 2 58.220 12.613 60.168 13.733
3 1 2 58.136 12.613 60.084 13.732
4 1 2 58.052 12.613 60.000 13.732
5 1 2 57.992 12.612 59.940 13.732
6 1 2 57.884 12.636 59.832 13.756
7 1 2 57.824 12.612 59.772 13.731
8 1 2 57.740 12.635 59.688 13.755
9 1 2 57.656 12.611 59.604 13.731
10 1 2 57.572 12.635 59.520 13.754
11 1 2 57.511 12.610 59.460 13.730
12 1 2 57.403 12.634 59.352 13.754
13 1 2 57.319 12.610 59.268 13.729
14 1 2 57.235 12.633 59.184 13.753
15 1 2 57.151 12.609 59.100 13.729
16 1 2 57.043 12.633 58.992 13.753
17 1 2 56.959 12.644 58.908 13.764
18 1 2 56.874 12.632 58.824 13.752
19 1 2 56.790 12.607 58.740 13.727
20 1 2 56.706 12.643 58.656 13.763
21 1 2 56.622 12.607 58.571 13.727
22 1 2 56.514 12.630 58.463 13.751
23 1 2 56.430 12.606 58.379 13.726
24 1 2 56.321 12.605 58.271 13.726
25 1 2 56.213 12.605 58.163 13.725
26 1 2 56.105 12.641 58.055 13.761
27 1 2 55.996 12.604 57.947 13.725
28 1 2 55.864 12.628 57.814 13.748
29 1 2 55.756 12.603 57.706 13.724
30 1 2 55.648 12.627 57.598 13.747
31 1 2 55.539 12.602 57.490 13.723
32 1 2 55.407 12.626 57.358 13.747
33 1 2 55.298 12.625 57.249 13.746
34 1 2 55.166 12.625 57.117 13.746
35 1 2 55.058 12.624 57.009 13.745
36 1 2 54.925 12.624 56.877 13.745
37 1 2 54.817 12.648 56.768 13.769
38 1 2 54.684 12.683 56.636 13.805
39 1 2 54.552 12.647 56.504 13.768
40 1 2 54.419 12.670 56.371 13.791
41 1 2 54.311 12.682 56.263 13.803
42 1 2 54.178 12.669 56.131 13.791
43 1 2 54.070 12.669 56.022 13.790
44 1 2 53.961 12.680 55.914 13.802
45 1 2 53.829 12.692 55.781 13.814
46 1 2 53.696 12.716 55.649 13.837
47 1 2 53.588 12.715 55.541 13.837
48 1 2 53.431 12.715 55.384 13.836
49 1 2 53.322 12.714 55.276 13.836
50 1 2 53.166 12.726 55.119 13.847
51 1 2 53.057 12.737 55.011 13.859
52 1 2 52.900 12.761 54.854 13.883
53 1 2 52.767 12.736 54.721 13.858
54 1 2 52.635 12.760 54.589 13.882
55 1 2 52.502 12.759 54.456 13.881
56 1 2 52.345 12.759 54.299 13.881
57 1 2 52.212 12.758 54.167 13.880
58 1 2 52.055 12.757 54.010 13.880
59 1 2 51.923 12.769 53.877 13.892
60 1 2 51.766 12.781 53.721 13.903
61 1 2 51.633 12.804 53.588 13.927
62 1 2 51.476 12.779 53.431 13.902
63 1 2 51.343 12.803 53.298 13.926
64 1 2 51.186 12.802 53.141 13.925
65 1 2 51.053 12.802 53.009 13.925
66 1 2 50.896 12.801 52.852 13.924
67 1 2 50.739 12.801 52.695 13.924
68 1 2 50.581 12.812 52.538 13.935
69 1 2 50.448 12.799 52.405 13.923
70 1 2 50.291 12.799 52.248 13.922
71 1 2 50.134 12.810 52.091 13.934
72 1 2 49.977 12.798 51.934 13.921
73 1 2 49.844 12.797 51.801 13.920
74 1 2 49.687 12.809 51.644 13.932
75 1 2 49.529 12.796 51.487 13.919
76 1 2 49.372 12.771 51.330 13.895
77 1 2 49.215 12.807 51.172 13.930
78 1 2 49.057 12.770 51.015 13.893
79 1 2 48.900 12.769 50.858 13.893
80 1 2 48.767 12.781 50.725 13.905
81 1 2 48.609 12.744 50.568 13.868
82 1 2 48.452 12.719 50.411 13.843
83 1 2 48.295 12.706 50.253 13.830
84 1 2 48.113 12.669 50.072 13.793
85 1 2 47.956 12.668 49.915 13.792
86 1 2 47.798 12.655 49.757 13.780
87 1 2 47.641 12.594 49.600 13.718
88 1 2 47.483 12.569 49.443 13.694
89 1 2 47.326 12.581 49.285 13.705
90 1 2 47.168 12.568 49.128 13.692
91 1 2 47.011 12.543 48.971 13.668
92 1 2 46.829 12.493 48.789 13.618
93 1 2 46.671 12.469 48.632 13.593
94 1 2 46.490 12.443 48.450 13.568
95 1 2 46.332 12.394 48.293 13.519
96 1 2 46.113 12.563 47.687 13.250
97 1 2 45.858 12.538 47.530 13.176
98 1 2 46.174 12.394 48.135 13.519
99 1 2 46.041 12.381 48.002 13.506
100 1 2 45.859 12.344 47.820 13.469
101 1 2 45.180 12.171 46.972 13.211
102 1 2 45.034 12.365 46.779 13.052
103 1 2 44.961 12.340 46.512 13.002
104 1 2 45.168 12.171 47.081 13.272
105 1 2 45.010 12.134 46.924 13.235
106 1 2 44.853 12.097 46.766 13.198
107 1 2 44.670 12.084 46.584 13.185
108 1 2 44.513 12.046 46.426 13.148
109 1 2 44.306 12.009 46.220 13.110
110 1 2 44.149 11.972 46.063 13.073
111 1 2 43.966 11.959 45.881 13.061
112 1 2 43.784 11.922 45.699 13.023
113 1 2 43.602 11.885 45.517 12.986
114 1 2 43.420 11.872 45.335 12.973
115 1 2 43.238 11.859 45.153 12.960
116 1 2 43.055 11.821 44.970 12.923
117 1 2 42.873 11.808 44.788 12.910
118 1 2 42.691 11.795 44.606 12.897
119 1 2 42.143 11.842 43.963 12.591
120 1 2 42.132 11.696 44.036 12.761
121 1 2 41.693 11.718 43.441 12.577
122 1 2 41.657 11.633 43.550 12.674
123 1 2 41.499 11.632 43.392 12.674
124 1 2 41.292 11.607 43.185 12.649
125 1 2 41.109 11.606 43.002 12.648
126 1 2 40.927 11.605 42.820 12.647
127 1 2 40.719 11.629 42.613 12.671
128 1 2 40.243 11.845 42.115 12.474
129 1 2 40.573 11.640 42.467 12.682
130 1 2 40.415 11.639 42.309 12.681
131 1 2 39.889 11.832 41.494 12.496
132 1 2 40.195 11.651 42.089 12.693
133 1 2 40.037 11.650 41.931 12.692
134 1 2 39.830 11.649 41.724 12.691
135 1 2 39.647 11.672 41.541 12.715
136 1 2 39.464 11.672 41.358 12.714
137 1 2 38.499 11.801 40.457 12.650
138 1 2 38.082 11.958 40.030 12.599
139 1 2 38.560 11.741 40.456 12.747
140 1 2 38.046 11.921 39.835 12.611
141 1 2 38.352 11.764 40.249 12.771
142 1 2 38.194 11.775 40.090 12.782
143 1 2 37.925 11.786 39.822 12.793
144 1 2 37.803 11.798 39.700 12.805
145 1 2 37.619 11.809 39.517 12.816
146 1 2 37.436 11.821 39.333 12.828
147 1 2 37.252 11.857 39.150 12.864
148 1 2 37.069 11.868 38.967 12.875
149 1 2 36.910 11.904 38.808 12.911
150 1 2 36.677 11.915 38.576 12.922
151 1 2 36.469 11.951 38.368 12.958
152 1 2 36.249 11.962 38.148 12.969
153 1 2 36.053 11.998 37.952 13.005
154 1 2 35.869 12.009 37.769 13.017
155 1 2 35.661 12.045 37.560 13.052
156 1 2 35.477 12.056 37.377 13.064
157 1 2 35.269 12.092 37.169 13.100
158 1 2 35.085 12.127 36.985 13.136
159 1 2 34.876 12.163 36.777 13.171
160 1 2 34.692 12.199 36.593 13.207
161 1 2 34.484 12.235 36.385 13.243
162 1 2 34.300 12.246 36.201 13.255
163 1 2 34.091 12.282 35.993 13.290
164 1 2 33.907 12.318 35.809 13.326
165 1 2 33.723 12.354 35.625 13.362
166 1 2 33.539 12.365 35.441 13.374
167 1 2 33.330 12.401 35.232 13.410
168 1 2 33.146 12.412 35.048 13.421
169 1 2 32.937 12.448 34.840 13.457
170 1 2 32.752 12.484 34.655 13.493
171 1 2 32.543 12.520 34.447 13.529
172 1 2 32.359 12.531 34.263 13.540
173 1 2 32.150 12.567 34.054 13.576
174 1 2 31.274 12.881 33.305 13.659
175 1 2 31.349 12.784 33.267 13.757
176 1 2 31.127 12.819 33.046 13.780
177 1 2 30.955 12.806 32.874 13.768
178 1 2 30.759 12.806 32.677 13.767
179 1 2 30.538 12.805 32.456 13.766
180 1 2 30.365 12.804 32.284 13.765
181 1 2 30.119 12.828 32.038 13.789
182 1 2 29.922 12.851 31.841 13.813
183 1 2 29.725 12.826 31.645 13.788
184 1 2 29.528 12.850 31.448 13.811
185 1 2 29.307 12.849 31.227 13.811
186 1 2 29.134 12.873 31.054 13.834
187 1 2 28.937 12.896 30.857 13.858
188 1 2 28.740 12.883 30.661 13.845
189 1 2 28.543 12.895 30.464 13.857
190 1 2 28.321 12.869 30.243 13.832
191 1 2 28.148 12.893 30.070 13.855
192 1 2 27.927 12.892 29.848 13.855
193 1 2 27.754 12.892 29.676 13.854
194 1 2 27.557 12.891 29.479 13.853
195 1 2 27.335 12.914 29.257 13.877
196 1 2 27.162 12.938 29.084 13.901
197 1 2 26.940 12.925 28.863 13.888
198 1 2 26.767 12.937 28.690 13.900
199 1 2 26.570 12.936 28.493 13.899
200 1 2 26.372 12.947 28.296 13.910
201 1 2 26.175 12.934 28.099 13.897
202 1 2 25.952 12.958 27.876 13.921
203 1 2 25.779 12.982 27.703 13.945
204 1 2 25.557 12.957 27.482 13.920
205 1 2 25.384 12.980 27.309 13.944
206 1 2 25.162 12.955 27.087 13.918
207 1 2 24.989 12.979 26.914 13.942
208 1 2 24.766 12.978 26.692 13.942
209 1 2 24.618 12.990 26.543 13.953
210 1 2 24.420 12.977 26.346 13.940
211 1 2 24.222 12.976 26.148 13.940
212 1 2 23.999 12.999 25.926 13.963
213 1 2 23.801 13.023 25.728 13.987
214 1 2 23.604 12.998 25.530 13.962
215 1 2 23.405 13.022 25.332 13.986
216 1 2 23.207 13.021 25.135 13.985
217 1 2 23.009 13.020 24.937 13.984
218 1 2 22.836 13.019 24.764 13.984
219 1 2 22.663 13.019 24.591 13.983
220 1 2 22.440 13.018 24.368 13.983
221 1 2 22.267 13.017 24.195 13.982
222 1 2 22.068 13.016 23.997 13.981
223 1 2 21.870 13.016 23.799 13.981
224 1 2 21.672 13.015 23.601 13.980
225 1 2 21.474 13.014 23.403 13.979
226 1 2 21.300 13.013 23.230 13.979
227 1 2 21.127 13.013 23.056 13.978
228 1 2 20.904 13.012 22.834 13.977
229 1 2 20.730 13.011 22.660 13.977
230 1 2 20.532 13.010 22.462 13.976
231 1 2 20.333 13.010 22.264 13.975
232 1 2 20.135 12.984 22.066 13.950
233 1 2 19.961 13.008 21.892 13.974
234 1 2 19.788 12.983 21.719 13.949
235 1 2 19.589 12.982 21.521 13.948
236 1 2 19.415 12.982 21.347 13.947
237 1 2 19.242 12.981 21.173 13.947
238 1 2 19.043 12.980 20.975 13.946
