0 0 1 25.859 9.779 24.913 9.049
1 0 1 25.887 9.798 24.894 9.040
2 0 1 25.924 9.798 24.932 9.040
3 0 1 25.980 9.799 24.988 9.040
4 0 1 26.018 9.799 25.025 9.041
5 0 1 26.074 9.799 25.082 9.041
6 0 1 26.130 9.800 25.138 9.041
7 0 1 26.186 9.800 25.194 9.042
8 0 1 26.242 9.801 25.250 9.042
9 0 1 26.280 9.801 25.288 9.042
10 0 1 26.336 9.801 25.344 9.043
11 0 1 26.373 9.801 25.381 9.043
12 0 1 26.429 9.802 25.438 9.043
13 0 1 26.467 9.821 25.475 9.062
14 0 1 26.523 9.821 25.531 9.063
15 0 1 26.346 9.736 25.709 9.073
16 0 1 26.430 9.755 25.625 9.054
17 0 1 26.467 9.756 25.662 9.054
18 0 1 26.524 9.756 25.718 9.055
19 0 1 26.580 9.756 25.774 9.055
20 0 1 26.636 9.757 25.831 9.055
21 0 1 26.692 9.757 25.887 9.056
22 0 1 26.729 9.757 25.924 9.056
23 0 1 26.786 9.739 25.981 9.038
24 0 1 26.842 9.721 26.037 9.020
25 0 1 26.898 9.740 26.093 9.039
26 0 1 26.954 9.722 26.158 9.058
27 0 1 26.954 9.731 26.158 9.039
28 0 1 27.001 9.722 26.205 9.030
29 0 1 27.048 9.731 26.252 9.040
30 0 1 27.048 9.685 26.430 9.004
31 0 1 27.114 9.685 26.355 9.003
32 0 1 27.160 9.686 26.402 9.004
33 0 1 27.188 9.686 26.430 9.004
34 0 1 27.244 9.686 26.486 9.004
35 0 1 27.291 9.687 26.533 9.005
36 0 1 27.338 9.678 26.580 8.996
37 0 1 27.394 9.678 26.636 8.996
38 0 1 27.441 9.678 26.683 8.996
39 0 1 27.487 9.688 26.729 9.006
40 0 1 27.543 9.688 26.785 9.006
41 0 1 27.590 9.689 26.832 9.007
42 0 1 27.627 9.689 26.869 9.007
43 0 1 27.674 9.689 26.916 9.007
44 0 1 27.665 9.689 27.037 9.082
45 0 1 27.721 9.717 26.981 9.054
46 0 1 27.795 9.699 27.121 9.074
47 0 1 27.814 9.709 27.084 9.055
48 0 1 27.861 9.709 27.130 9.055
49 0 1 27.907 9.709 27.177 9.055
50 0 1 27.954 9.710 27.224 9.056
51 0 1 28.001 9.710 27.271 9.056
52 0 1 28.271 9.749 27.300 8.936
53 0 1 28.169 9.683 27.393 9.001
54 0 1 28.216 9.683 27.439 9.002
55 0 1 28.263 9.674 27.486 8.993
56 0 1 28.273 9.619 27.476 9.039
57 0 1 28.263 9.665 27.486 8.993
58 0 1 28.356 9.638 27.673 9.012
59 0 1 28.366 9.619 27.710 9.013
60 0 1 28.403 9.620 27.850 8.995
61 0 1 28.487 9.630 27.748 8.985
62 0 1 28.534 9.630 27.794 8.986
63 0 1 28.562 9.630 27.822 8.986
64 0 1 28.618 9.630 27.878 8.986
65 0 1 28.664 9.631 27.925 8.986
66 0 1 28.702 9.631 27.962 8.987
67 0 1 28.748 9.631 28.009 8.987
68 0 1 28.804 9.641 28.065 8.997
69 0 1 28.860 9.641 28.121 8.997
70 0 1 28.981 9.651 28.223 9.072
71 0 1 28.990 9.661 28.260 9.100
72 0 1 29.018 9.652 28.363 9.045
73 0 1 29.046 9.661 28.326 9.045
74 0 1 29.084 9.661 28.363 9.045
75 0 1 29.130 9.662 28.410 9.045
76 0 1 29.177 9.653 28.456 9.036
77 0 1 29.214 9.644 28.494 9.027
78 0 1 29.261 9.653 28.540 9.037
79 0 1 29.308 9.644 28.587 9.028
80 0 1 29.345 9.644 28.624 9.028
81 0 1 29.391 9.645 28.671 9.029
82 0 1 29.438 9.636 28.718 9.020
83 0 1 29.475 9.627 28.755 9.011
84 0 1 29.513 9.627 28.792 9.011
85 0 1 29.541 9.627 28.820 9.011
86 0 1 29.578 9.627 28.858 9.011
87 0 1 29.597 9.628 28.876 9.012
88 0 1 29.578 9.609 29.063 9.004
90 0 1 29.662 9.609 28.951 9.003
91 0 1 29.681 9.619 28.969 9.012
92 0 1 29.699 9.619 28.988 9.012
93 0 1 29.718 9.619 29.007 9.012
94 0 1 29.746 9.629 29.035 9.022
95 0 1 29.764 9.638 29.053 9.031
96 0 1 29.792 9.647 29.081 9.041
97 0 1 29.811 9.657 29.100 9.050
98 0 1 29.829 9.666 29.118 9.060
99 0 1 29.857 9.685 29.146 9.078
100 0 1 29.875 9.694 29.164 9.088
101 0 1 29.894 9.713 29.183 9.106
102 0 1 29.912 9.722 29.201 9.116
103 0 1 29.940 9.732 29.229 9.125
104 0 1 29.959 9.741 29.248 9.134
106 0 1 29.950 9.732 29.239 9.125
107 0 1 29.977 9.741 29.266 9.135
108 0 1 30.005 9.751 29.294 9.144
109 0 1 30.033 9.760 29.322 9.153
110 0 1 30.061 9.760 29.350 9.154
111 0 1 30.089 9.770 29.378 9.163
112 0 1 30.117 9.779 29.406 9.173
113 0 1 30.154 9.779 29.443 9.173
114 0 1 30.182 9.789 29.471 9.182
115 0 1 30.219 9.789 29.508 9.183
117 0 1 30.210 9.780 29.499 9.173
118 0 1 30.451 9.837 29.620 9.165
119 0 1 30.386 9.799 29.666 9.193
120 0 1 30.414 9.800 29.694 9.193
121 0 1 30.442 9.800 29.722 9.193
122 0 1 30.452 9.809 29.731 9.203
123 0 1 30.479 9.809 29.759 9.203
124 0 1 30.489 9.819 29.769 9.212
125 0 1 30.516 9.828 29.796 9.222
126 0 1 30.535 9.837 29.815 9.231
127 0 1 30.554 9.847 29.833 9.240
128 0 1 30.572 9.856 29.852 9.250
129 0 1 30.590 9.875 29.870 9.268
130 0 1 30.609 9.884 29.889 9.278
131 0 1 30.637 9.903 29.917 9.296
132 0 1 30.664 9.921 29.944 9.315
133 0 1 30.683 9.931 29.963 9.324
134 0 1 30.711 9.950 29.991 9.343
135 0 1 30.738 9.968 30.018 9.362
136 0 1 30.757 9.987 30.037 9.380
137 0 1 30.785 10.006 30.065 9.399
139 0 1 30.775 9.996 30.055 9.390
140 0 1 30.803 10.015 30.083 9.409
141 0 1 30.849 10.034 30.130 9.427
142 0 1 30.876 10.201 30.316 9.382
143 0 1 30.942 10.090 30.231 9.484
144 0 1 30.987 10.211 30.446 9.439
145 0 1 31.016 10.137 30.446 9.420
146 0 1 31.072 10.081 30.380 9.475
147 0 1 31.110 10.082 30.418 9.476
148 0 1 31.156 10.082 30.464 9.476
149 0 1 31.203 10.082 30.511 9.476
150 0 1 31.249 10.083 30.557 9.477
151 0 1 31.305 10.074 30.613 9.468
152 0 1 31.351 10.065 30.660 9.459
153 0 1 31.407 10.065 30.716 9.459
154 0 1 31.454 10.056 30.762 9.450
155 0 1 31.491 10.056 30.799 9.450
156 0 1 31.538 10.047 30.846 9.441
157 0 1 31.575 10.048 30.883 9.442
158 0 1 31.612 10.048 30.920 9.442
159 0 1 31.649 10.048 30.958 9.442
160 0 1 31.696 10.048 31.004 9.442
162 0 1 31.686 10.039 30.995 9.433
163 0 1 31.724 10.039 31.032 9.433
164 0 1 31.770 10.030 31.079 9.424
165 0 1 32.132 10.070 31.227 9.435
166 0 1 32.021 10.050 31.320 9.445
167 0 1 32.067 10.051 31.367 9.445
168 0 1 32.105 10.042 31.404 9.436
169 0 1 32.160 10.042 31.460 9.436
170 0 1 32.207 10.042 31.506 9.437
171 0 1 32.263 10.033 31.562 9.428
172 0 1 32.309 10.043 31.608 9.437
174 0 1 32.300 10.034 31.599 9.428
175 0 1 32.346 10.025 31.646 9.419
176 0 1 32.383 10.025 31.683 9.419
177 0 1 32.430 10.016 31.729 9.410
178 0 1 32.486 10.007 31.785 9.401
180 0 1 32.476 9.998 31.776 9.392
181 0 1 32.514 9.998 31.813 9.392
182 0 1 32.569 9.989 31.869 9.384
183 0 1 32.625 9.980 31.925 9.375
184 0 1 32.681 9.971 31.981 9.366
186 0 1 33.024 10.047 32.240 9.414
187 0 1 32.968 10.029 32.268 9.423
188 0 1 33.014 10.029 32.314 9.423
189 0 1 33.042 10.020 32.342 9.414
191 0 1 33.033 10.011 32.333 9.405
192 0 1 33.070 10.011 32.370 9.405
193 0 1 33.107 10.002 32.407 9.396
194 0 1 33.163 10.002 32.463 9.397
195 0 1 33.219 10.012 32.519 9.406
196 0 1 33.265 10.012 32.565 9.407
198 0 1 33.256 10.003 32.556 9.397
199 0 1 33.682 10.024 32.863 9.307
200 0 1 33.609 9.968 32.909 9.363
201 0 1 33.655 9.968 32.955 9.363
202 0 1 33.711 9.969 33.011 9.363
203 0 1 33.766 9.969 33.066 9.364
205 0 1 33.757 9.960 33.057 9.355
206 0 1 33.803 9.951 33.104 9.346
207 0 1 33.859 9.951 33.159 9.346
208 0 1 33.905 9.951 33.206 9.346
209 0 1 34.248 10.027 33.346 9.246
211 0 1 34.183 10.009 33.363 9.338
212 0 1 34.109 9.971 33.409 9.366
213 0 1 34.174 9.962 33.474 9.357
214 0 1 34.230 9.953 33.530 9.349
215 0 1 34.276 9.954 33.576 9.349
216 0 1 34.349 10.028 33.521 9.302
217 0 1 34.285 9.963 33.586 9.358
218 0 1 34.331 9.954 33.632 9.349
219 0 1 34.581 9.983 33.837 9.221
221 0 1 34.545 9.909 33.845 9.304
222 0 1 34.591 9.900 33.892 9.296
223 0 1 34.619 9.900 33.920 9.296
224 0 1 34.674 9.901 33.975 9.296
225 0 1 34.721 9.892 34.022 9.287
226 0 1 34.767 9.901 34.068 9.297
227 0 1 34.823 9.902 34.123 9.297
228 0 1 34.878 9.902 34.179 9.298
0 1 1 27.752 10.200 26.762 9.368
1 1 1 27.780 10.228 26.744 9.358
2 1 1 27.827 10.237 26.790 9.368
3 1 1 27.873 10.228 26.837 9.359
4 1 1 27.920 10.238 26.884 9.369
5 1 1 27.967 10.229 26.931 9.360
6 1 1 28.024 10.127 26.948 9.425
7 1 1 28.033 10.146 26.967 9.406
8 1 1 28.024 10.146 26.967 9.406
9 1 1 28.061 10.118 27.004 9.481
10 1 1 28.052 10.109 27.097 9.481
11 1 1 28.071 10.081 27.191 9.463
12 1 1 28.071 10.128 27.266 9.473
13 1 1 28.135 10.174 27.313 9.455
14 1 1 28.154 10.202 27.350 9.437
15 1 1 28.200 10.240 27.397 9.409
16 1 1 28.248 10.156 27.340 9.483
17 1 1 28.294 10.166 27.387 9.493
18 1 1 28.406 10.213 27.600 9.633
19 1 1 28.667 10.252 27.591 9.568
20 1 1 28.704 10.261 27.647 9.578
21 1 1 28.778 10.271 27.694 9.597
22 1 1 28.816 10.243 27.731 9.606
23 1 1 28.779 10.262 27.768 9.616
24 1 1 28.825 10.308 27.825 9.533
25 1 1 28.807 10.262 27.797 9.606
26 1 1 28.732 10.234 27.899 9.635
27 1 1 28.788 10.234 27.946 9.626
28 1 1 28.909 10.244 27.937 9.570
29 1 1 28.900 10.235 27.984 9.571
30 1 1 28.928 10.253 28.021 9.534
31 1 1 28.928 10.207 28.021 9.571
32 1 1 28.975 10.198 28.068 9.562
33 1 1 28.938 10.226 28.180 9.507
34 1 1 29.003 10.180 28.105 9.544
35 1 1 29.161 10.236 28.292 9.536
36 1 1 29.329 10.237 28.320 9.545
37 1 1 29.264 10.209 28.376 9.573
38 1 1 29.581 10.230 28.479 9.537
39 1 1 29.460 10.173 28.572 9.575
40 1 1 29.470 10.192 28.525 9.602
41 1 1 29.479 10.210 28.609 9.584
42 1 1 29.525 10.192 28.618 9.603
43 1 1 29.507 10.201 28.627 9.593
44 1 1 29.730 10.268 28.601 9.482
45 1 1 29.665 10.249 28.712 9.501
46 1 1 29.553 10.229 28.777 9.520
47 1 1 29.627 10.295 28.768 9.557
48 1 1 29.775 10.361 28.918 9.484
49 1 1 29.823 10.287 28.946 9.447
50 1 1 29.730 10.221 29.094 9.596
51 1 1 29.804 10.305 29.001 9.559
52 1 1 29.925 10.343 29.085 9.550
53 1 1 30.009 10.316 29.160 9.514
54 1 1 30.139 10.354 29.235 9.440
55 1 1 29.917 10.204 29.280 9.625
56 1 1 30.010 10.223 29.187 9.606
57 1 1 30.047 10.223 29.224 9.607
58 1 1 30.094 10.214 29.271 9.598
59 1 1 30.140 10.205 29.317 9.589
60 1 1 30.289 10.197 29.429 9.645
61 1 1 30.261 10.225 29.438 9.617
62 1 1 30.298 10.225 29.476 9.617
63 1 1 30.486 10.106 29.429 9.608
64 1 1 30.392 10.216 29.403 9.469
65 1 1 30.410 10.216 29.449 9.506
66 1 1 30.439 10.170 29.505 9.497
67 1 1 30.485 10.180 29.589 9.489
68 1 1 30.522 10.171 29.645 9.443
69 1 1 30.560 10.180 29.645 9.424
70 1 1 30.643 10.199 29.720 9.425
71 1 1 30.774 10.181 29.748 9.434
72 1 1 30.811 10.182 29.795 9.351
73 1 1 30.848 10.145 29.868 9.500
74 1 1 30.765 10.117 29.942 9.509
75 1 1 30.820 10.172 30.063 9.538
76 1 1 30.894 10.210 30.047 9.353
77 1 1 30.931 10.229 30.046 9.362
78 1 1 30.857 10.173 30.072 9.557
79 1 1 30.848 10.163 30.072 9.547
80 1 1 30.857 10.191 30.072 9.557
81 1 1 30.876 10.191 30.175 9.557
82 1 1 30.987 10.229 30.120 9.409
83 1 1 30.941 10.229 30.129 9.437
84 1 1 30.997 10.220 30.241 9.456
85 1 1 31.071 10.248 30.307 9.401
86 1 1 31.052 10.285 30.334 9.466
87 1 1 31.126 10.258 30.325 9.456
88 1 1 31.229 10.249 30.419 9.383
90 1 1 31.081 10.137 30.315 9.530
91 1 1 31.444 10.167 30.557 9.532
92 1 1 31.369 10.148 30.603 9.542
93 1 1 31.517 10.214 30.632 9.440
94 1 1 31.407 10.130 30.640 9.523
95 1 1 31.453 10.121 30.687 9.514
96 1 1 31.509 10.112 30.743 9.506
97 1 1 31.556 10.103 30.790 9.497
98 1 1 31.593 10.094 30.827 9.488
99 1 1 31.658 10.141 30.929 9.497
100 1 1 31.704 10.159 31.031 9.554
101 1 1 31.685 10.159 31.152 9.564
102 1 1 31.723 10.141 30.975 9.535
103 1 1 31.760 10.141 31.012 9.535
104 1 1 31.806 10.142 31.059 9.535
106 1 1 31.899 10.151 31.152 9.545
107 1 1 31.946 10.161 31.198 9.555
108 1 1 32.001 10.171 31.254 9.564
109 1 1 32.048 10.180 31.300 9.574
110 1 1 32.094 10.190 31.347 9.584
111 1 1 32.150 10.199 31.402 9.593
112 1 1 32.205 10.209 31.458 9.603
113 1 1 32.252 10.218 31.504 9.612
114 1 1 32.298 10.228 31.551 9.622
115 1 1 32.344 10.237 31.597 9.631
117 1 1 32.540 10.202 31.932 9.615
118 1 1 32.595 10.211 31.858 9.615
119 1 1 32.762 10.212 31.989 9.458
120 1 1 32.688 10.230 32.006 9.616
121 1 1 32.716 10.212 31.988 9.615
122 1 1 32.762 10.212 32.034 9.616
123 1 1 32.799 10.212 32.071 9.616
124 1 1 32.846 10.213 32.118 9.616
125 1 1 32.892 10.213 32.164 9.617
126 1 1 32.939 10.213 32.210 9.617
127 1 1 32.985 10.204 32.257 9.608
128 1 1 33.032 10.195 32.303 9.599
129 1 1 33.078 10.196 32.350 9.599
130 1 1 33.115 10.196 32.387 9.600
131 1 1 33.375 10.188 32.249 9.506
132 1 1 33.152 10.178 32.424 9.581
133 1 1 33.190 10.178 32.461 9.582
134 1 1 33.236 10.178 32.508 9.582
135 1 1 33.273 10.178 32.545 9.582
136 1 1 33.291 10.225 32.565 9.416
137 1 1 33.310 10.179 32.582 9.582
139 1 1 33.542 10.180 32.796 9.547
140 1 1 33.524 10.161 32.796 9.565
141 1 1 33.561 10.162 32.833 9.566
142 1 1 33.745 10.311 32.796 9.528
143 1 1 33.598 10.162 32.870 9.566
144 1 1 33.828 10.311 32.777 9.584
145 1 1 33.626 10.153 32.898 9.557
146 1 1 34.023 10.285 32.916 9.594
147 1 1 33.847 10.256 33.119 9.725
148 1 1 33.838 10.284 33.110 9.697
149 1 1 33.884 10.293 33.156 9.706
150 1 1 34.050 10.377 33.102 9.558
151 1 1 33.921 10.284 33.193 9.697
152 1 1 33.968 10.294 33.240 9.707
153 1 1 34.014 10.303 33.286 9.716
154 1 1 34.051 10.313 33.323 9.726
155 1 1 34.097 10.313 33.369 9.726
157 1 1 34.088 10.304 33.360 9.717
158 1 1 34.411 10.435 33.564 9.690
159 1 1 34.125 10.295 33.397 9.708
160 1 1 34.569 10.344 33.675 9.747
162 1 1 34.718 10.354 33.573 9.737
163 1 1 34.662 10.381 33.601 9.709
164 1 1 34.449 10.306 33.722 9.719
165 1 1 34.496 10.306 33.768 9.720
166 1 1 34.542 10.306 33.814 9.720
167 1 1 34.588 10.307 33.861 9.720
168 1 1 34.635 10.298 33.907 9.711
169 1 1 34.672 10.298 33.944 9.711
170 1 1 34.709 10.280 33.981 9.693
171 1 1 34.755 10.280 34.028 9.693
172 1 1 35.060 10.347 34.380 9.705
174 1 1 35.042 10.309 34.370 9.733
175 1 1 35.079 10.310 34.407 9.733
176 1 1 35.116 10.301 34.444 9.724
177 1 1 35.162 10.292 34.500 9.724
178 1 1 35.209 10.283 34.546 9.715
180 1 1 35.292 10.283 34.639 9.716
181 1 1 35.338 10.284 34.685 9.725
182 1 1 35.384 10.284 34.731 9.726
183 1 1 35.431 10.284 34.787 9.726
184 1 1 35.486 10.275 34.842 9.727
187 1 1 35.495 10.275 34.898 9.727
188 1 1 35.542 10.276 34.944 9.736
189 1 1 35.579 10.276 34.990 9.737
191 1 1 35.662 10.267 35.083 9.737
193 1 1 35.653 10.258 35.083 9.728
194 1 1 35.939 10.380 35.259 9.738
195 1 1 35.865 10.315 35.305 9.794
196 1 1 35.902 10.315 35.342 9.794
198 1 1 36.253 10.354 35.241 9.637
199 1 1 36.373 10.327 35.269 9.508
200 1 1 36.327 10.308 35.325 9.536
201 1 1 36.291 10.280 35.472 9.638
202 1 1 35.902 10.269 35.360 9.767
203 1 1 36.291 10.271 35.574 9.639
205 1 1 36.374 10.225 35.694 9.667
206 1 1 36.291 10.188 35.767 9.705
207 1 1 36.337 10.179 35.814 9.696
208 1 1 36.356 10.188 35.832 9.705
211 1 1 36.624 10.181 35.907 9.586
212 1 1 36.347 10.179 35.795 9.677
213 1 1 36.365 10.170 35.823 9.678
214 1 1 36.402 10.161 35.860 9.669
216 1 1 36.402 10.152 35.851 9.659
217 1 1 36.411 10.152 35.879 9.669
218 1 1 37.039 10.229 36.341 9.561
219 1 1 36.402 10.142 35.869 9.659
221 1 1 36.523 10.106 36.008 9.633
222 1 1 36.615 10.098 36.110 9.624
224 1 1 36.606 10.088 36.101 9.624
225 1 1 36.717 10.089 36.184 9.625
227 1 1 36.707 10.080 36.184 9.625
228 1 1 36.707 10.080 36.184 9.625
89 1 1 31.285 10.240 30.465 9.365
105 1 1 31.853 10.151 31.105 9.545
116 1 1 32.391 10.247 31.644 9.641
138 1 1 33.347 10.179 32.619 9.583
161 1 1 34.616 10.372 33.555 9.718
179 1 1 35.255 10.283 34.593 9.716
185 1 1 35.523 10.285 34.889 9.736
190 1 1 35.616 10.276 35.037 9.737
197 1 1 36.179 10.353 35.157 9.673
204 1 1 35.958 10.260 35.425 9.767
210 1 1 36.633 10.172 36.046 9.531
220 1 1 36.439 10.134 35.916 9.660
0 2 1 26.071 10.728 24.929 9.950
1 2 1 26.108 10.756 24.910 9.941
2 2 1 26.155 10.747 24.957 9.932
3 2 1 26.202 10.757 25.004 9.941
4 2 1 26.249 10.748 25.051 9.932
5 2 1 26.296 10.758 25.098 9.942
6 2 1 26.343 10.749 25.145 9.933
7 2 1 26.371 10.739 25.173 9.924
8 2 1 26.418 10.730 25.220 9.915
9 2 1 26.446 10.721 25.248 9.906
10 2 1 26.512 10.712 25.314 9.897
11 2 1 26.530 10.703 25.333 9.888
12 2 1 26.587 10.694 25.389 9.879
13 2 1 26.634 10.685 25.436 9.870
14 2 1 26.699 10.667 25.502 9.851
15 2 1 26.746 10.667 25.549 9.852
16 2 1 26.812 10.658 25.614 9.843
17 2 1 26.849 10.668 25.652 9.852
18 2 1 26.906 10.640 25.708 9.825
19 2 1 26.952 10.631 25.755 9.816
20 2 1 26.999 10.622 25.802 9.807
21 2 1 27.046 10.632 25.849 9.817
22 2 1 27.093 10.623 25.896 9.808
23 2 1 27.112 10.623 25.915 9.808
24 2 1 27.167 10.642 25.970 9.827
25 2 1 27.075 10.586 26.111 9.800
26 2 1 26.879 10.557 26.212 9.940
27 2 1 27.037 10.623 26.064 9.864
28 2 1 27.093 10.623 26.120 9.865
29 2 1 27.130 10.623 26.157 9.865
30 2 1 27.168 10.623 26.195 9.865
31 2 1 27.224 10.624 26.251 9.866
32 2 1 27.280 10.624 26.307 9.866
33 2 1 27.317 10.624 26.344 9.866
34 2 1 27.373 10.625 26.401 9.867
35 2 1 27.429 10.625 26.457 9.867
36 2 1 27.467 10.625 26.494 9.867
37 2 1 27.504 10.625 26.531 9.867
38 2 1 27.542 10.626 26.569 9.868
39 2 1 27.579 10.626 26.606 9.868
40 2 1 27.616 10.626 26.644 9.868
41 2 1 27.654 10.626 26.681 9.868
42 2 1 27.589 10.561 26.923 9.944
43 2 1 27.710 10.617 26.784 9.888
44 2 1 27.757 10.627 26.830 9.897
45 2 1 27.803 10.618 26.877 9.888
46 2 1 28.039 10.489 27.177 9.853
47 2 1 28.047 10.526 27.131 9.815
48 2 1 28.103 10.536 27.187 9.825
49 2 1 28.141 10.527 27.224 9.816
50 2 1 28.197 10.518 27.280 9.807
51 2 1 28.234 10.528 27.318 9.817
52 2 1 28.272 10.518 27.355 9.808
53 2 1 28.328 10.528 27.411 9.817
54 2 1 28.365 10.519 27.449 9.808
55 2 1 28.225 10.500 27.540 9.948
56 2 1 28.327 10.565 27.438 9.873
57 2 1 28.374 10.556 27.485 9.864
58 2 1 28.402 10.547 27.513 9.855
59 2 1 28.467 10.575 27.578 9.883
60 2 1 28.495 10.566 27.607 9.874
61 2 1 28.560 10.576 27.672 9.884
62 2 1 28.589 10.567 27.700 9.875
63 2 1 28.654 10.576 27.765 9.884
64 2 1 28.701 10.567 27.812 9.876
65 2 1 28.747 10.596 27.858 9.904
66 2 1 28.794 10.587 27.905 9.895
67 2 1 28.840 10.596 27.952 9.904
68 2 1 28.868 10.587 27.980 9.895
69 2 1 28.934 10.597 28.045 9.905
70 2 1 28.860 10.531 28.240 9.999
71 2 1 28.943 10.550 28.296 9.990
72 2 1 28.963 10.495 28.400 9.935
73 2 1 29.009 10.486 28.372 9.898
74 2 1 29.084 10.514 28.288 9.869
75 2 1 29.130 10.514 28.335 9.870
76 2 1 29.168 10.505 28.372 9.861
77 2 1 29.215 10.496 28.419 9.852
78 2 1 29.271 10.487 28.475 9.843
79 2 1 29.317 10.478 28.522 9.834
80 2 1 29.355 10.469 28.559 9.825
81 2 1 29.392 10.470 28.597 9.825
82 2 1 29.429 10.460 28.634 9.816
83 2 1 29.457 10.461 28.662 9.816
84 2 1 29.504 10.461 28.709 9.816
85 2 1 29.523 10.461 28.728 9.816
86 2 1 29.551 10.461 28.756 9.817
87 2 1 29.588 10.452 28.793 9.808
88 2 1 29.616 10.462 28.821 9.817
90 2 1 29.662 10.462 28.867 9.817
91 2 1 29.700 10.471 28.905 9.827
92 2 1 29.728 10.472 28.933 9.827
93 2 1 29.746 10.481 28.951 9.836
94 2 1 29.774 10.490 28.979 9.846
95 2 1 29.820 10.500 29.026 9.855
96 2 1 29.839 10.509 29.044 9.865
97 2 1 29.867 10.519 29.072 9.874
98 2 1 29.904 10.528 29.109 9.884
99 2 1 29.941 10.547 29.146 9.903
100 2 1 29.978 10.566 29.183 9.921
101 2 1 30.006 10.584 29.211 9.940
102 2 1 30.034 10.594 29.239 9.949
103 2 1 30.071 10.603 29.276 9.959
104 2 1 30.108 10.622 29.313 9.978
106 2 1 30.155 10.641 29.360 9.997
107 2 1 30.182 10.650 29.388 10.006
108 2 1 30.229 10.660 29.434 10.016
109 2 1 30.247 10.660 29.453 10.016
110 2 1 30.275 10.669 29.481 10.025
111 2 1 30.313 10.670 29.518 10.025
112 2 1 30.350 10.679 29.555 10.035
113 2 1 30.387 10.679 29.592 10.035
114 2 1 30.415 10.680 29.620 10.035
115 2 1 30.443 10.680 29.648 10.035
117 2 1 30.517 10.680 29.723 10.036
118 2 1 30.555 10.680 29.760 10.036
119 2 1 30.583 10.671 29.788 10.027
120 2 1 30.611 10.671 29.816 10.027
121 2 1 30.648 10.672 29.853 10.027
122 2 1 30.676 10.672 29.881 10.028
123 2 1 30.704 10.672 29.909 10.028
124 2 1 30.741 10.681 29.946 10.037
125 2 1 30.769 10.682 29.974 10.038
126 2 1 30.797 10.691 30.002 10.047
127 2 1 30.834 10.691 30.039 10.047
128 2 1 30.871 10.701 30.077 10.057
129 2 1 30.899 10.710 30.104 10.066
130 2 1 30.927 10.710 30.132 10.066
131 2 1 30.973 10.720 30.179 10.076
132 2 1 31.001 10.729 30.207 10.085
133 2 1 31.047 10.739 30.253 10.095
134 2 1 31.075 10.758 30.281 10.114
135 2 1 31.131 10.767 30.337 10.123
136 2 1 31.168 10.777 30.374 10.133
137 2 1 31.205 10.795 30.411 10.151
139 2 1 31.279 10.814 30.485 10.170
140 2 1 31.317 10.815 30.522 10.171
141 2 1 31.354 10.824 30.560 10.180
142 2 1 31.382 10.824 30.587 10.180
143 2 1 31.409 10.834 30.615 10.190
144 2 1 31.325 10.879 30.754 10.255
145 2 1 31.428 10.880 30.652 10.246
146 2 1 31.465 10.871 30.689 10.236
147 2 1 31.502 10.880 30.726 10.246
148 2 1 31.539 10.890 30.764 10.255
149 2 1 31.576 10.899 30.801 10.265
150 2 1 31.623 10.900 30.847 10.265
151 2 1 31.679 10.900 30.903 10.266
152 2 1 31.725 10.900 30.950 10.266
153 2 1 31.762 10.900 30.987 10.266
154 2 1 31.809 10.891 31.033 10.257
155 2 1 31.874 10.901 31.098 10.267
156 2 1 31.902 10.892 31.126 10.258
157 2 1 31.948 10.902 31.173 10.267
158 2 1 32.032 10.893 31.257 10.258
159 2 1 32.022 10.911 31.247 10.277
160 2 1 32.060 10.911 31.284 10.277
162 2 1 32.134 10.921 31.368 10.287
163 2 1 32.171 10.921 31.405 10.287
164 2 1 32.208 10.922 31.452 10.287
165 2 1 32.245 10.940 31.489 10.306
167 2 1 32.236 10.931 31.480 10.297
168 2 1 32.273 10.931 31.517 10.297
169 2 1 32.320 10.941 31.563 10.307
170 2 1 32.375 10.932 31.619 10.298
171 2 1 32.431 10.951 31.675 10.317
172 2 1 32.477 10.960 31.721 10.326
175 2 1 32.775 10.934 32.019 10.300
176 2 1 32.812 10.934 32.056 10.300
177 2 1 32.756 10.989 32.150 10.190
178 2 1 32.821 10.907 32.075 10.273
180 2 1 32.896 10.907 32.149 10.273
181 2 1 32.942 10.907 32.195 10.274
182 2 1 32.989 10.898 32.242 10.265
183 2 1 33.035 10.899 32.288 10.265
184 2 1 33.091 10.890 32.344 10.256
186 2 1 33.193 10.881 32.446 10.247
187 2 1 33.240 10.872 32.493 10.238
188 2 1 33.277 10.863 32.530 10.229
189 2 1 33.323 10.872 32.576 10.239
191 2 1 33.407 10.854 32.660 10.221
192 2 1 33.444 10.855 32.697 10.221
193 2 1 33.481 10.855 32.734 10.221
194 2 1 33.518 10.855 32.772 10.222
195 2 1 33.555 10.855 32.809 10.222
198 2 1 33.695 10.810 32.948 10.176
199 2 1 33.732 10.810 32.985 10.177
200 2 1 33.778 10.810 33.032 10.177
201 2 1 33.824 10.811 33.078 10.177
202 2 1 33.871 10.811 33.125 10.178
203 2 1 33.917 10.811 33.171 10.178
205 2 1 33.991 10.802 33.245 10.169
206 2 1 34.029 10.793 33.282 10.160
207 2 1 34.075 10.794 33.329 10.160
208 2 1 34.112 10.784 33.366 10.151
209 2 1 34.149 10.766 33.403 10.133
211 2 1 34.233 10.748 33.487 10.115
212 2 1 34.279 10.748 33.533 10.115
214 2 1 34.270 10.739 33.524 10.106
215 2 1 34.307 10.730 33.561 10.097
216 2 1 34.344 10.712 33.598 10.079
217 2 1 34.391 10.703 33.645 10.070
218 2 1 34.446 10.703 33.700 10.070
219 2 1 34.502 10.694 33.756 10.061
222 2 1 34.539 10.667 33.793 10.034
223 2 1 34.576 10.667 33.831 10.034
224 2 1 34.613 10.658 33.868 10.025
225 2 1 34.651 10.649 33.905 10.016
227 2 1 34.641 10.640 33.896 10.007
228 2 1 34.651 10.640 33.905 10.007
89 2 1 29.634 10.462 28.839 9.817
105 2 1 30.136 10.632 29.341 9.987
116 2 1 30.480 10.680 29.686 10.036
138 2 1 31.242 10.805 30.448 10.161
161 2 1 32.069 10.930 31.303 10.296
179 2 1 32.859 10.907 32.112 10.273
185 2 1 33.147 10.881 32.400 10.247
190 2 1 33.370 10.854 32.623 10.221
197 2 1 33.796 10.921 32.847 10.056
204 2 1 33.954 10.811 33.208 10.178
210 2 1 34.196 10.766 33.450 10.133
220 2 1 34.548 10.676 33.803 10.043
173 2 1 32.812 10.971 32.010 10.272
0 3 1 27.249 11.683 26.339 11.065
1 3 1 27.276 11.702 26.329 11.055
2 3 1 27.333 11.702 26.386 11.056
3 3 1 27.370 11.702 26.423 11.056
4 3 1 27.407 11.703 26.461 11.056
5 3 1 27.464 11.703 26.517 11.056
6 3 1 27.520 11.703 26.573 11.057
7 3 1 27.483 11.656 26.599 11.196
8 3 1 27.492 11.684 26.590 11.168
9 3 1 27.539 11.685 26.637 11.168
10 3 1 27.585 11.685 26.684 11.169
11 3 1 27.613 11.685 26.712 11.169
13 3 1 27.604 11.676 26.703 11.160
14 3 1 27.642 11.676 26.740 11.160
15 3 1 27.679 11.676 26.778 11.160
16 3 1 27.726 11.667 26.824 11.151
17 3 1 27.763 11.667 26.862 11.151
18 3 1 27.810 11.668 26.909 11.151
19 3 1 27.866 11.668 26.965 11.152
20 3 1 27.904 11.659 27.002 11.143
21 3 1 27.950 11.659 27.049 11.143
22 3 1 28.315 11.689 27.219 11.042
23 3 1 28.259 11.651 27.265 11.070
24 3 1 28.315 11.642 27.321 11.061
25 3 1 28.352 11.652 27.359 11.070
26 3 1 28.408 11.643 27.415 11.061
27 3 1 28.464 11.652 27.471 11.071
28 3 1 28.502 11.643 27.508 11.062
29 3 1 28.539 11.634 27.546 11.053
30 3 1 28.577 11.606 27.584 11.025
31 3 1 28.596 11.597 27.603 11.016
32 3 1 28.633 11.588 27.640 11.007
33 3 1 28.671 11.598 27.677 11.016
34 3 1 28.708 11.589 27.715 11.007
35 3 1 28.764 11.598 27.771 11.017
36 3 1 28.801 11.589 27.808 11.008
37 3 1 28.857 11.599 27.864 11.017
38 3 1 29.005 11.767 27.977 10.999
39 3 1 28.987 11.692 27.985 11.065
40 3 1 29.034 11.692 28.032 11.065
41 3 1 29.071 11.693 28.069 11.065
42 3 1 29.108 11.693 28.107 11.065
43 3 1 29.155 11.712 28.153 11.084
44 3 1 29.211 11.712 28.209 11.084
45 3 1 29.248 11.712 28.247 11.085
46 3 1 29.052 11.720 28.413 11.197
47 3 1 28.661 11.653 27.705 11.044
48 3 1 29.248 11.759 28.293 11.150
49 3 1 29.266 11.759 28.321 11.150
50 3 1 29.285 11.712 28.433 11.076
51 3 1 29.397 11.769 28.471 11.021
52 3 1 29.258 11.647 28.610 11.142
53 3 1 29.305 11.647 28.610 11.152
54 3 1 29.352 11.648 28.666 11.152
55 3 1 29.389 11.639 28.704 11.143
56 3 1 29.639 11.798 28.788 11.106
60 3 1 29.658 11.770 28.751 11.069
61 3 1 29.603 11.677 28.806 11.153
62 3 1 29.631 11.677 28.834 11.153
63 3 1 29.668 11.677 28.872 11.153
64 3 1 29.696 11.677 28.899 11.153
65 3 1 29.724 11.678 28.928 11.153
66 3 1 29.762 11.678 28.965 11.154
67 3 1 29.799 11.678 29.002 11.154
68 3 1 29.827 11.678 29.030 11.154
69 3 1 30.004 11.670 29.169 11.229
70 3 1 30.014 11.670 29.150 11.247
71 3 1 30.060 11.670 29.188 11.248
72 3 1 30.013 11.707 29.216 11.211
73 3 1 30.041 11.707 29.244 11.211
74 3 1 30.088 11.707 29.291 11.211
75 3 1 30.116 11.717 29.319 11.220
76 3 1 30.116 11.707 29.356 11.211
77 3 1 30.134 11.708 29.347 11.211
78 3 1 30.172 11.708 29.384 11.212
79 3 1 30.200 11.708 29.412 11.212
80 3 1 30.228 11.708 29.440 11.212
81 3 1 30.256 11.708 29.468 11.212
82 3 1 30.293 11.708 29.505 11.212
83 3 1 30.321 11.708 29.533 11.212
84 3 1 30.358 11.718 29.571 11.222
85 3 1 30.386 11.718 29.599 11.222
86 3 1 30.414 11.718 29.627 11.222
87 3 1 30.433 11.718 29.645 11.222
88 3 1 30.461 11.718 29.673 11.222
90 3 1 30.516 11.719 29.729 11.223
91 3 1 30.544 11.728 29.757 11.232
92 3 1 30.572 11.728 29.785 11.232
93 3 1 30.591 11.738 29.804 11.242
94 3 1 30.609 11.738 29.822 11.242
95 3 1 30.637 11.747 29.850 11.251
96 3 1 30.656 11.747 29.869 11.251
97 3 1 30.684 11.757 29.897 11.261
98 3 1 30.702 11.757 29.915 11.261
99 3 1 30.730 11.766 29.943 11.270
100 3 1 30.749 11.766 29.962 11.270
101 3 1 30.777 11.776 29.990 11.280
102 3 1 30.805 11.785 30.017 11.289
103 3 1 30.832 11.795 30.045 11.299
104 3 1 30.851 11.804 30.064 11.308
107 3 1 30.870 11.804 30.083 11.308
108 3 1 30.897 11.814 30.110 11.318
109 3 1 30.935 11.823 30.148 11.327
111 3 1 30.925 11.814 30.138 11.318
112 3 1 30.944 11.814 30.157 11.318
113 3 1 30.963 11.823 30.176 11.327
114 3 1 30.990 11.833 30.203 11.337
115 3 1 31.009 11.833 30.222 11.337
117 3 1 31.056 11.842 30.269 11.346
118 3 1 31.260 11.927 30.446 11.338
119 3 1 31.241 11.880 30.455 11.384
120 3 1 31.260 11.880 30.473 11.385
121 3 1 31.288 11.890 30.501 11.394
122 3 1 31.325 11.890 30.538 11.394
124 3 1 31.316 11.881 30.529 11.385
125 3 1 31.372 11.890 30.585 11.394
126 3 1 31.418 11.900 30.631 11.404
128 3 1 31.548 11.965 30.827 11.396
129 3 1 31.567 11.928 30.789 11.433
130 3 1 31.585 11.928 30.808 11.433
131 3 1 31.585 11.938 30.808 11.442
132 3 1 31.585 11.938 30.808 11.442
134 3 1 31.576 11.928 30.799 11.433
135 3 1 32.023 11.931 31.116 11.397
136 3 1 31.948 11.912 31.162 11.416
137 3 1 31.995 11.912 31.209 11.416
139 3 1 32.097 11.912 31.311 11.417
141 3 1 32.088 11.903 31.302 11.408
142 3 1 32.153 11.903 31.367 11.408
144 3 1 32.144 11.894 31.358 11.399
145 3 1 32.469 11.914 31.693 11.317
146 3 1 32.460 11.859 31.684 11.363
147 3 1 32.497 11.859 31.721 11.364
148 3 1 32.553 11.850 31.777 11.355
149 3 1 32.609 11.841 31.833 11.346
150 3 1 32.656 11.832 31.879 11.337
152 3 1 32.647 11.823 31.870 11.327
153 3 1 32.702 11.814 31.926 11.318
154 3 1 32.767 11.814 31.991 11.319
155 3 1 32.842 11.805 32.065 11.310
157 3 1 32.833 11.796 32.056 11.300
158 3 1 32.888 11.796 32.112 11.301
160 3 1 33.269 11.798 32.419 11.302
162 3 1 33.260 11.789 32.484 11.294
163 3 1 33.325 11.780 32.549 11.285
164 3 1 33.381 11.771 32.605 11.276
165 3 1 33.436 11.771 32.660 11.276
166 3 1 33.492 11.762 32.716 11.267
167 3 1 33.557 11.762 32.781 11.267
168 3 1 33.613 11.763 32.837 11.268
169 3 1 33.669 11.754 32.893 11.259
170 3 1 33.724 11.754 32.949 11.259
171 3 1 33.771 11.754 32.995 11.259
172 3 1 33.836 11.745 33.060 11.250
174 3 1 33.827 11.736 33.051 11.241
175 3 1 34.123 11.765 33.283 11.205
176 3 1 34.086 11.728 33.311 11.233
177 3 1 34.133 11.719 33.357 11.224
178 3 1 34.179 11.710 33.404 11.215
180 3 1 34.291 11.701 33.515 11.207
181 3 1 34.346 11.692 33.571 11.198
182 3 1 34.402 11.683 33.627 11.189
183 3 1 34.467 11.675 33.692 11.180
184 3 1 34.523 11.666 33.747 11.171
186 3 1 34.625 11.648 33.850 11.153
187 3 1 34.680 11.648 33.905 11.153
188 3 1 34.736 11.639 33.961 11.144
189 3 1 34.792 11.639 34.017 11.145
191 3 1 34.782 11.630 34.007 11.135
192 3 1 34.819 11.630 34.045 11.136
193 3 1 34.866 11.630 34.091 11.136
194 3 1 34.921 11.631 34.147 11.136
195 3 1 34.977 11.622 34.202 11.127
198 3 1 35.005 11.613 34.230 11.118
199 3 1 35.061 11.604 34.286 11.109
200 3 1 35.505 11.625 34.499 11.055
201 3 1 35.385 11.587 34.601 11.092
202 3 1 35.440 11.587 34.657 11.093
203 3 1 35.487 11.587 34.703 11.093
205 3 1 35.579 11.579 34.796 11.084
207 3 1 35.570 11.569 34.786 11.075
208 3 1 35.607 11.570 34.823 11.075
209 3 1 35.653 11.561 34.870 11.066
211 3 1 36.088 11.609 35.093 11.003
212 3 1 35.977 11.553 35.185 11.059
213 3 1 36.024 11.553 35.231 11.059
214 3 1 36.088 11.544 35.296 11.050
215 3 1 36.135 11.545 35.342 11.050
216 3 1 36.200 11.536 35.407 11.042
217 3 1 36.246 11.527 35.453 11.033
218 3 1 36.311 11.527 35.518 11.033
219 3 1 36.366 11.518 35.574 11.024
221 3 1 36.468 11.509 35.676 11.015
223 3 1 36.459 11.500 35.666 11.006
224 3 1 36.496 11.500 35.703 11.006
225 3 1 36.542 11.501 35.750 11.007
226 3 1 36.597 11.501 35.805 11.007
227 3 1 36.644 11.501 35.851 11.007
228 3 1 36.690 11.501 35.898 11.007
89 3 1 30.488 11.719 29.701 11.223
105 3 1 30.879 11.813 30.092 11.318
116 3 1 31.028 11.842 30.241 11.346
138 3 1 32.051 11.912 31.264 11.417
161 3 1 33.223 11.788 32.447 11.293
179 3 1 34.235 11.710 33.459 11.216
185 3 1 34.578 11.657 33.803 11.162
197 3 1 34.968 11.612 34.193 11.118
204 3 1 35.533 11.588 34.749 11.093
210 3 1 35.709 11.561 34.925 11.067
220 3 1 36.422 11.509 35.629 11.015
0 4 1 26.836 12.528 26.003 11.658
1 4 1 26.864 12.556 25.994 11.649
2 4 1 26.901 12.547 26.032 11.640
3 4 1 26.957 12.556 26.088 11.649
4 4 1 27.013 12.547 26.144 11.640
5 4 1 27.070 12.557 26.200 11.650
6 4 1 27.126 12.529 26.257 11.622
7 4 1 27.182 12.539 26.313 11.632
8 4 1 27.220 12.530 26.350 11.623
9 4 1 27.276 12.539 26.407 11.632
10 4 1 27.313 12.530 26.444 11.623
11 4 1 27.369 12.540 26.500 11.633
12 4 1 27.407 12.531 26.538 11.624
13 4 1 27.444 12.540 26.575 11.633
14 4 1 27.482 12.531 26.613 11.624
15 4 1 27.519 12.540 26.650 11.634
16 4 1 27.557 12.531 26.688 11.624
17 4 1 27.613 12.541 26.744 11.634
18 4 1 27.650 12.550 26.781 11.644
19 4 1 27.687 12.560 26.818 11.653
20 4 1 27.744 12.551 26.875 11.644
21 4 1 27.781 12.560 26.912 11.654
22 4 1 27.837 12.570 26.968 11.663
23 4 1 27.893 12.579 27.024 11.673
24 4 1 27.930 12.570 27.062 11.664
25 4 1 27.987 12.580 27.118 11.673
26 4 1 28.043 12.589 27.174 11.683
27 4 1 28.080 12.599 27.211 11.692
28 4 1 28.136 12.590 27.267 11.683
29 4 1 28.164 12.599 27.295 11.693
30 4 1 28.211 12.590 27.342 11.684
31 4 1 28.248 12.600 27.379 11.693
32 4 1 28.304 12.591 27.436 11.684
33 4 1 28.342 12.600 27.473 11.694
34 4 1 28.379 12.591 27.510 11.685
35 4 1 28.407 12.600 27.538 11.694
36 4 1 28.473 12.591 27.604 11.685
37 4 1 28.510 12.601 27.641 11.695
38 4 1 28.566 12.592 27.698 11.686
39 4 1 28.604 12.583 27.735 11.676
40 4 1 28.660 12.574 27.791 11.667
41 4 1 28.697 12.583 27.829 11.677
42 4 1 28.753 12.555 27.885 11.649
43 4 1 28.791 12.565 27.922 11.659
44 4 1 28.847 12.556 27.978 11.650
45 4 1 28.884 12.565 28.016 11.659
46 4 1 28.922 12.556 28.053 11.650
47 4 1 28.959 12.556 28.091 11.650
48 4 1 28.996 12.557 28.128 11.651
49 4 1 29.052 12.566 28.184 11.660
50 4 1 29.080 12.557 28.212 11.651
51 4 1 29.127 12.566 28.259 11.661
52 4 1 29.164 12.576 28.296 11.670
53 4 1 29.220 12.586 28.352 11.680
54 4 1 29.258 12.576 28.389 11.671
55 4 1 29.314 12.586 28.445 11.680
56 4 1 29.341 12.595 28.473 11.690
57 4 1 29.407 12.605 28.539 11.699
58 4 1 29.444 12.596 28.576 11.690
59 4 1 29.491 12.596 28.623 11.690
60 4 1 29.538 12.596 28.670 11.691
61 4 1 29.575 12.606 28.707 11.700
62 4 1 29.631 12.615 28.763 11.710
63 4 1 29.668 12.625 28.800 11.719
64 4 1 29.705 12.616 28.837 11.710
65 4 1 29.733 12.616 28.865 11.710
66 4 1 29.780 12.616 28.912 11.710
67 4 1 29.817 12.625 28.949 11.720
68 4 1 29.873 12.607 29.006 11.702
69 4 1 29.949 12.552 29.127 11.739
70 4 1 29.978 12.440 29.200 11.833
71 4 1 29.959 12.431 29.219 11.842
72 4 1 30.267 12.442 29.163 11.786
73 4 1 30.126 12.506 29.276 11.722
74 4 1 30.173 12.497 29.323 11.713
75 4 1 30.220 12.507 29.369 11.722
76 4 1 30.248 12.497 29.397 11.713
77 4 1 30.313 12.507 29.463 11.723
78 4 1 30.341 12.498 29.491 11.713
79 4 1 30.387 12.507 29.537 11.723
80 4 1 30.289 12.981 29.500 10.813
81 4 1 30.406 12.489 29.556 11.704
82 4 1 30.374 12.870 29.611 10.916
83 4 1 30.425 12.489 29.575 11.705
84 4 1 30.453 12.498 29.603 11.714
85 4 1 30.499 12.508 29.649 11.724
86 4 1 30.527 12.499 29.677 11.714
87 4 1 30.574 12.508 29.724 11.724
88 4 1 30.621 12.499 29.771 11.715
90 4 1 30.695 12.518 29.845 11.734
91 4 1 30.928 12.519 29.910 11.762
92 4 1 30.844 12.528 29.985 11.753
93 4 1 30.881 12.528 30.022 11.753
94 4 1 30.919 12.528 30.059 11.754
95 4 1 30.956 12.547 30.096 11.772
96 4 1 30.993 12.529 30.134 11.754
97 4 1 31.030 12.548 30.171 11.773
98 4 1 31.068 12.529 30.209 11.754
99 4 1 31.105 12.548 30.246 11.773
100 4 1 31.142 12.529 30.283 11.755
101 4 1 31.179 12.548 30.320 11.773
102 4 1 31.198 12.530 30.339 11.755
103 4 1 31.217 12.530 30.358 11.755
104 4 1 31.273 12.530 30.414 11.755
106 4 1 31.328 12.530 30.469 11.756
107 4 1 31.347 12.512 30.488 11.737
108 4 1 31.366 12.493 30.507 11.719
109 4 1 31.422 12.494 30.563 11.719
110 4 1 31.441 12.494 30.582 11.719
111 4 1 31.478 12.494 30.619 11.719
112 4 1 31.515 12.494 30.656 11.720
113 4 1 31.552 12.476 30.694 11.701
114 4 1 31.590 12.476 30.731 11.701
115 4 1 31.627 12.476 30.768 11.702
117 4 1 31.701 12.476 30.843 11.702
118 4 1 31.739 12.477 30.880 11.702
119 4 1 31.776 12.477 30.917 11.702
120 4 1 31.832 12.477 30.973 11.703
121 4 1 31.850 12.496 30.991 11.721
122 4 1 31.924 12.515 31.066 11.740
123 4 1 31.980 12.496 31.122 11.722
124 4 1 32.017 12.515 31.159 11.741
125 4 1 32.055 12.515 31.196 11.741
126 4 1 32.092 12.515 31.233 11.741
127 4 1 32.148 12.516 31.289 11.741
128 4 1 32.203 12.516 31.345 11.742
129 4 1 32.241 12.535 31.382 11.760
130 4 1 32.278 12.553 31.419 11.779
131 4 1 32.315 12.535 31.457 11.761
132 4 1 32.352 12.554 31.494 11.780
133 4 1 32.408 12.535 31.550 11.761
134 4 1 32.464 12.554 31.605 11.780
135 4 1 32.482 12.536 31.624 11.762
136 4 1 32.538 12.555 31.680 11.780
137 4 1 32.575 12.536 31.717 11.762
139 4 1 32.668 12.537 31.810 11.763
140 4 1 32.743 12.537 31.885 11.763
141 4 1 32.780 12.537 31.922 11.763
142 4 1 32.836 12.537 31.978 11.763
143 4 1 32.854 12.537 31.996 11.764
144 4 1 32.929 12.519 32.071 11.745
145 4 1 32.966 12.501 32.108 11.727
146 4 1 33.022 12.529 32.164 11.755
147 4 1 33.040 12.501 32.183 11.727
148 4 1 33.096 12.520 32.238 11.746
149 4 1 33.115 12.529 32.257 11.756
150 4 1 33.170 12.520 32.313 11.747
151 4 1 33.208 12.521 32.350 11.747
152 4 1 33.189 12.548 32.340 11.775
153 4 1 33.300 12.521 32.452 11.747
154 4 1 33.356 12.521 32.508 11.748
155 4 1 33.449 12.503 32.601 11.739
156 4 1 33.449 12.522 32.601 11.757
157 4 1 33.523 12.541 32.675 11.776
158 4 1 33.542 12.559 32.693 11.795
159 4 1 33.616 12.541 32.768 11.777
160 4 1 33.634 12.560 32.786 11.795
162 4 1 33.727 12.560 32.879 11.796
163 4 1 33.765 12.542 32.916 11.778
164 4 1 33.802 12.560 32.953 11.796
165 4 1 33.857 12.542 33.009 11.778
166 4 1 33.913 12.561 33.065 11.797
167 4 1 33.932 12.543 33.084 11.778
168 4 1 33.987 12.543 33.139 11.779
169 4 1 34.024 12.543 33.176 11.779
170 4 1 34.080 12.543 33.232 11.779
171 4 1 34.136 12.525 33.288 11.761
172 4 1 34.173 12.507 33.325 11.743
174 4 1 34.285 12.507 33.437 11.743
175 4 1 34.322 12.507 33.474 11.743
176 4 1 34.359 12.507 33.511 11.744
177 4 1 34.396 12.489 33.548 11.725
178 4 1 34.452 12.471 33.604 11.707
180 4 1 34.545 12.462 33.697 11.708
181 4 1 34.582 12.481 33.734 11.726
182 4 1 34.619 12.481 33.771 11.726
183 4 1 34.656 12.481 33.808 11.727
184 4 1 34.711 12.481 33.864 11.727
186 4 1 34.804 12.482 33.957 11.727
187 4 1 34.860 12.482 34.012 11.728
188 4 1 34.925 12.482 34.077 11.728
189 4 1 34.989 12.501 34.142 11.747
191 4 1 35.073 12.502 34.225 11.747
192 4 1 35.119 12.520 34.272 11.766
193 4 1 35.175 12.502 34.327 11.748
194 4 1 35.193 12.521 34.346 11.767
195 4 1 35.249 12.502 34.402 11.748
196 4 1 35.286 12.521 34.438 11.767
198 4 1 35.360 12.521 34.513 11.767
199 4 1 35.397 12.503 34.550 11.749
200 4 1 35.443 12.503 34.596 11.749
201 4 1 35.508 12.504 34.661 11.750
202 4 1 35.545 12.504 34.698 11.750
203 4 1 35.601 12.486 34.754 11.732
205 4 1 35.648 12.458 34.800 11.704
206 4 1 35.694 12.458 34.847 11.704
207 4 1 35.740 12.458 34.893 11.705
208 4 1 35.787 12.440 34.940 11.686
209 4 1 35.812 12.829 34.898 10.965
211 4 1 35.870 12.431 35.023 11.677
212 4 1 35.898 12.431 35.051 11.678
213 4 1 35.944 12.432 35.097 11.678
214 4 1 35.990 12.432 35.143 11.678
215 4 1 36.037 12.432 35.190 11.678
216 4 1 36.083 12.432 35.236 11.679
217 4 1 36.129 12.433 35.282 11.679
218 4 1 36.175 12.451 35.329 11.698
219 4 1 36.221 12.470 35.375 11.716
221 4 1 36.332 12.471 35.486 11.717
222 4 1 36.379 12.471 35.532 11.717
223 4 1 36.443 12.471 35.597 11.718
224 4 1 36.490 12.471 35.643 11.718
225 4 1 36.536 12.471 35.689 11.718
226 4 1 36.582 12.472 35.736 11.718
227 4 1 36.628 12.472 35.782 11.718
228 4 1 36.675 12.472 35.828 11.719
89 4 1 30.667 12.527 29.817 11.743
105 4 1 31.291 12.530 30.432 11.755
116 4 1 31.664 12.476 30.805 11.702
138 4 1 32.613 12.536 31.754 11.762
161 4 1 33.690 12.541 32.842 11.777
179 4 1 34.498 12.480 33.650 11.726
185 4 1 34.758 12.482 33.910 11.727
190 4 1 35.008 12.520 34.160 11.766
197 4 1 35.323 12.503 34.476 11.749
204 4 1 35.804 12.607 34.749 11.158
210 4 1 35.824 12.431 34.977 11.677
220 4 1 36.268 12.452 35.421 11.698
173 4 1 34.229 12.498 33.381 11.734
0 5 1 24.989 12.491 24.000 11.946
1 5 1 25.017 12.510 23.982 11.946
2 5 1 25.054 12.510 24.019 11.946
3 5 1 25.101 12.501 24.066 11.937
4 5 1 25.139 12.501 24.104 11.937
5 5 1 25.176 12.501 24.142 11.937
6 5 1 25.223 12.502 24.188 11.937
7 5 1 25.270 12.502 24.235 11.938
8 5 1 25.317 12.502 24.282 11.938
9 5 1 25.364 12.502 24.329 11.938
10 5 1 25.411 12.503 24.376 11.938
11 5 1 25.683 12.476 24.480 11.920
12 5 1 25.655 12.476 24.499 11.920
13 5 1 25.702 12.476 24.546 11.921
14 5 1 25.749 12.476 24.593 11.921
15 5 1 25.796 12.476 24.640 11.921
16 5 1 25.843 12.477 24.687 11.921
17 5 1 25.871 12.477 24.715 11.921
18 5 1 25.918 12.477 24.762 11.922
19 5 1 25.946 12.459 24.790 11.903
20 5 1 25.993 12.440 24.837 11.885
21 5 1 26.022 12.422 24.866 11.866
22 5 1 26.069 12.385 24.913 11.829
23 5 1 26.097 12.385 24.941 11.829
24 5 1 26.144 12.385 24.988 11.830
25 5 1 26.191 12.385 25.035 11.830
26 5 1 26.386 12.507 25.204 11.831
27 5 1 26.368 12.461 25.203 11.868
28 5 1 26.406 12.461 25.241 11.868
29 5 1 26.462 12.461 25.297 11.869
30 5 1 26.518 12.480 25.353 11.887
31 5 1 26.555 12.480 25.391 11.888
32 5 1 26.612 12.480 25.447 11.888
33 5 1 26.649 12.480 25.485 11.888
34 5 1 26.443 12.498 25.448 11.860
35 5 1 26.527 12.471 25.391 11.878
36 5 1 26.574 12.471 25.438 11.879
37 5 1 26.621 12.490 25.485 11.897
38 5 1 26.649 12.508 25.512 11.916
39 5 1 26.695 12.509 25.559 11.916
40 5 1 26.723 12.527 25.587 11.935
41 5 1 26.770 12.565 25.634 11.973
42 5 1 26.798 12.565 25.662 11.973
43 5 1 26.863 12.584 25.727 11.992
44 5 1 26.910 12.565 25.774 11.973
45 5 1 26.957 12.584 25.821 11.992
46 5 1 27.004 12.566 25.868 11.974
47 5 1 27.051 12.585 25.915 11.993
48 5 1 27.098 12.566 25.962 11.974
49 5 1 27.163 12.567 26.027 11.975
50 5 1 27.191 12.585 26.055 11.993
51 5 1 27.238 12.567 26.102 11.975
52 5 1 27.285 12.586 26.149 11.994
53 5 1 27.332 12.567 26.196 11.975
54 5 1 27.359 12.586 26.224 11.994
55 5 1 27.406 12.568 26.271 11.976
56 5 1 27.435 12.568 26.299 11.976
57 5 1 27.463 12.549 26.328 11.958
58 5 1 27.491 12.512 26.356 11.920
59 5 1 27.538 12.494 26.403 11.902
60 5 1 27.566 12.513 26.431 11.921
61 5 1 27.613 12.494 26.478 11.902
62 5 1 27.660 12.513 26.525 11.921
63 5 1 27.707 12.495 26.572 11.903
64 5 1 27.753 12.514 26.618 11.922
65 5 1 27.800 12.495 26.665 11.903
66 5 1 27.847 12.514 26.712 11.922
67 5 1 27.894 12.496 26.759 11.904
68 5 1 27.940 12.514 26.806 11.923
69 5 1 27.987 12.496 26.853 11.904
70 5 1 28.034 12.515 26.899 11.923
71 5 1 28.081 12.496 26.946 11.905
72 5 1 28.109 12.515 26.974 11.924
73 5 1 28.156 12.497 27.021 11.905
74 5 1 28.183 12.534 27.049 11.943
75 5 1 28.230 12.553 27.095 11.961
76 5 1 28.258 12.553 27.124 11.962
77 5 1 28.286 12.572 27.151 11.980
78 5 1 28.332 12.609 27.198 12.018
79 5 1 28.379 12.628 27.244 12.037
80 5 1 28.407 12.628 27.272 12.037
81 5 1 28.454 12.628 27.319 12.037
82 5 1 28.500 12.629 27.366 12.037
83 5 1 28.547 12.629 27.413 12.037
84 5 1 28.594 12.629 27.460 12.038
85 5 1 28.640 12.629 27.506 12.038
86 5 1 28.687 12.630 27.553 12.038
87 5 1 28.734 12.630 27.600 12.038
88 5 1 28.781 12.630 27.647 12.039
90 5 1 28.855 12.630 27.721 12.039
91 5 1 28.902 12.631 27.768 12.039
92 5 1 28.930 12.631 27.796 12.039
93 5 1 28.977 12.612 27.843 12.021
94 5 1 28.986 12.612 27.853 12.021
95 5 1 29.033 12.594 27.900 12.003
96 5 1 29.062 12.557 27.928 11.966
97 5 1 29.108 12.557 27.975 11.966
98 5 1 29.136 12.557 28.003 11.966
99 5 1 29.183 12.557 28.050 11.966
100 5 1 29.230 12.558 28.096 11.966
101 5 1 29.276 12.558 28.143 11.967
102 5 1 29.304 12.558 28.171 11.967
103 5 1 29.351 12.558 28.218 11.967
104 5 1 29.398 12.558 28.265 11.967
106 5 1 29.473 12.559 28.339 11.968
107 5 1 29.538 12.559 28.405 11.968
108 5 1 29.566 12.559 28.433 11.968
109 5 1 29.613 12.559 28.480 11.968
110 5 1 29.641 12.560 28.508 11.969
111 5 1 29.687 12.578 28.554 11.987
112 5 1 29.734 12.597 28.601 12.006
113 5 1 29.761 12.616 28.628 12.025
114 5 1 29.789 12.653 28.656 12.062
115 5 1 29.835 12.672 28.703 12.081
117 5 1 29.929 12.691 28.796 12.100
118 5 1 29.956 12.710 28.824 12.119
119 5 1 30.003 12.691 28.870 12.100
120 5 1 30.050 12.710 28.917 12.119
121 5 1 30.096 12.692 28.964 12.101
122 5 1 30.143 12.711 29.010 12.120
123 5 1 30.190 12.692 29.057 12.101
124 5 1 30.218 12.711 29.085 12.120
125 5 1 30.283 12.693 29.151 12.102
126 5 1 30.311 12.711 29.178 12.121
127 5 1 30.357 12.712 29.225 12.121
128 5 1 30.404 12.712 29.272 12.121
129 5 1 30.451 12.712 29.318 12.121
130 5 1 30.479 12.712 29.346 12.121
131 5 1 30.525 12.712 29.393 12.122
132 5 1 30.553 12.694 29.421 12.103
133 5 1 30.581 12.694 29.449 12.103
134 5 1 30.628 12.676 29.496 12.085
135 5 1 30.675 12.639 29.543 12.048
136 5 1 30.722 12.639 29.590 12.048
137 5 1 30.768 12.648 29.636 12.058
139 5 1 30.843 12.640 29.711 12.049
140 5 1 30.871 12.640 29.739 12.049
141 5 1 30.936 12.640 29.804 12.049
142 5 1 30.964 12.640 29.832 12.050
143 5 1 31.029 12.640 29.898 12.050
144 5 1 31.076 12.641 29.944 12.050
145 5 1 31.122 12.641 29.991 12.050
146 5 1 31.169 12.641 30.038 12.051
147 5 1 31.234 12.641 30.103 12.051
148 5 1 31.262 12.641 30.131 12.051
149 5 1 31.355 12.642 30.233 12.052
150 5 1 31.337 12.660 30.215 12.070
151 5 1 31.383 12.698 30.261 12.107
152 5 1 31.401 12.716 30.279 12.126
153 5 1 31.476 12.735 30.354 12.145
154 5 1 31.522 12.754 30.400 12.164
155 5 1 31.568 12.754 30.447 12.164
156 5 1 31.596 12.754 30.475 12.164
157 5 1 31.643 12.773 30.521 12.183
158 5 1 31.671 12.792 30.549 12.202
159 5 1 31.717 12.792 30.596 12.202
160 5 1 31.764 12.792 30.642 12.202
162 5 1 31.838 12.830 30.716 12.240
163 5 1 31.903 12.830 30.782 12.240
164 5 1 31.931 12.830 30.810 12.240
165 5 1 31.977 12.830 30.856 12.240
166 5 1 32.024 12.831 30.903 12.241
167 5 1 32.070 12.831 30.949 12.241
168 5 1 32.099 12.812 30.977 12.222
169 5 1 32.145 12.831 31.024 12.241
170 5 1 32.173 12.813 31.052 12.223
171 5 1 32.238 12.794 31.117 12.204
172 5 1 32.266 12.776 31.145 12.186
174 5 1 32.341 12.795 31.220 12.205
175 5 1 32.387 12.795 31.266 12.205
176 5 1 32.415 12.795 31.294 12.205
177 5 1 32.461 12.814 31.341 12.224
178 5 1 32.508 12.833 31.387 12.243
180 5 1 32.582 12.833 31.461 12.243
181 5 1 32.647 12.833 31.527 12.244
182 5 1 32.675 12.834 31.555 12.244
183 5 1 32.740 12.834 31.620 12.244
184 5 1 32.768 12.853 31.647 12.263
186 5 1 32.861 12.853 31.741 12.263
187 5 1 32.907 12.890 31.787 12.300
189 5 1 32.898 12.835 31.778 12.245
191 5 1 32.991 12.872 31.871 12.282
192 5 1 33.028 12.872 31.908 12.283
193 5 1 33.065 12.872 31.945 12.283
194 5 1 33.102 12.873 31.982 12.283
195 5 1 33.158 12.873 32.038 12.283
196 5 1 33.195 12.873 32.075 12.283
198 5 1 33.270 12.892 32.150 12.302
199 5 1 33.307 12.911 32.187 12.321
200 5 1 33.362 12.892 32.243 12.303
201 5 1 33.399 12.911 32.280 12.321
202 5 1 33.437 12.911 32.317 12.322
203 5 1 33.474 12.911 32.354 12.322
205 5 1 33.548 12.912 32.428 12.322
207 5 1 33.539 12.837 32.420 12.248
208 5 1 33.577 12.838 32.457 12.248
209 5 1 33.614 12.838 32.494 12.248
211 5 1 33.929 12.904 32.819 12.324
212 5 1 33.957 12.914 32.847 12.333
213 5 1 34.003 12.923 32.893 12.343
214 5 1 34.049 12.914 32.940 12.334
215 5 1 34.077 12.923 32.967 12.343
216 5 1 34.142 12.914 33.033 12.334
217 5 1 34.189 12.924 33.079 12.344
218 5 1 34.235 12.915 33.125 12.335
219 5 1 34.282 12.906 33.172 12.326
221 5 1 34.356 12.887 33.246 12.308
222 5 1 34.421 12.878 33.311 12.299
223 5 1 34.467 12.869 33.358 12.290
224 5 1 34.514 12.842 33.405 12.262
225 5 1 34.560 12.851 33.451 12.271
226 5 1 34.607 12.824 33.498 12.244
227 5 1 34.635 12.833 33.525 12.253
228 5 1 34.681 12.824 33.572 12.244
89 5 1 28.827 12.630 27.693 12.039
105 5 1 29.445 12.559 28.311 11.968
116 5 1 29.882 12.672 28.749 12.081
138 5 1 30.796 12.639 29.665 12.049
161 5 1 31.810 12.811 30.689 12.221
179 5 1 32.554 12.833 31.434 12.243
185 5 1 32.814 12.871 31.694 12.281
190 5 1 32.935 12.853 31.815 12.264
197 5 1 33.232 12.873 32.113 12.284
204 5 1 33.511 12.912 32.391 12.322
210 5 1 33.929 12.895 32.828 12.352
220 5 1 34.328 12.897 33.218 12.317
173 5 1 32.313 12.795 31.192 12.205
0 6 1 25.251 13.238 24.162 12.487
1 6 1 25.279 13.257 24.143 12.478
2 6 1 25.326 13.257 24.190 12.478
3 6 1 25.373 13.258 24.237 12.478
4 6 1 25.420 13.258 24.284 12.479
5 6 1 25.467 13.258 24.331 12.479
6 6 1 25.561 13.240 24.313 12.413
7 6 1 25.552 13.230 24.323 12.414
8 6 1 25.580 13.231 24.351 12.414
9 6 1 25.627 13.231 24.398 12.414
10 6 1 25.655 13.231 24.426 12.414
11 6 1 25.702 13.231 24.473 12.414
12 6 1 25.730 13.231 24.501 12.414
13 6 1 25.777 13.250 24.548 12.433
14 6 1 25.824 13.250 24.595 12.433
15 6 1 25.870 13.250 24.642 12.434
16 6 1 25.899 13.251 24.670 12.434
17 6 1 25.946 13.251 24.717 12.434
18 6 1 25.974 13.251 24.745 12.434
19 6 1 26.021 13.251 24.792 12.434
20 6 1 26.067 13.251 24.839 12.435
21 6 1 26.114 13.251 24.886 12.435
22 6 1 26.161 13.252 24.933 12.435
23 6 1 26.208 13.270 24.980 12.454
24 6 1 26.255 13.289 25.027 12.473
25 6 1 26.302 13.271 25.074 12.454
26 6 1 26.348 13.290 25.120 12.473
27 6 1 26.414 13.271 25.186 12.455
28 6 1 26.461 13.290 25.233 12.474
29 6 1 26.489 13.272 25.261 12.455
30 6 1 26.498 13.290 25.271 12.474
31 6 1 26.545 13.291 25.317 12.474
32 6 1 26.573 13.291 25.346 12.474
33 6 1 26.620 13.291 25.393 12.475
34 6 1 26.667 13.291 25.439 12.475
35 6 1 26.714 13.273 25.487 12.456
36 6 1 26.761 13.291 25.533 12.475
37 6 1 26.808 13.273 25.580 12.457
38 6 1 26.836 13.292 25.608 12.476
39 6 1 26.883 13.273 25.656 12.457
40 6 1 26.930 13.292 25.702 12.476
41 6 1 26.977 13.274 25.749 12.458
42 6 1 27.005 13.274 25.777 12.458
43 6 1 27.070 13.274 25.843 12.458
44 6 1 27.117 13.274 25.890 12.458
45 6 1 27.164 13.275 25.937 12.458
46 6 1 27.211 13.275 25.984 12.459
47 6 1 27.239 13.293 26.012 12.477
48 6 1 27.286 13.294 26.059 12.478
49 6 1 27.332 13.294 26.105 12.478
50 6 1 27.379 13.294 26.152 12.478
51 6 1 27.426 13.294 26.199 12.478
52 6 1 27.454 13.294 26.227 12.478
53 6 1 27.501 13.295 26.274 12.479
54 6 1 27.548 13.295 26.321 12.479
55 6 1 27.595 13.295 26.368 12.479
56 6 1 27.623 13.295 26.396 12.479
57 6 1 27.669 13.295 26.443 12.479
58 6 1 27.697 13.314 26.471 12.498
59 6 1 27.744 13.333 26.517 12.517
60 6 1 27.791 13.314 26.564 12.499
61 6 1 27.837 13.333 26.611 12.518
62 6 1 27.884 13.315 26.658 12.499
63 6 1 27.950 13.334 26.723 12.518
64 6 1 27.978 13.334 26.752 12.518
65 6 1 28.006 13.334 26.780 12.518
66 6 1 28.015 13.334 26.789 12.518
67 6 1 28.062 13.353 26.836 12.537
68 6 1 28.108 13.372 26.882 12.556
69 6 1 28.174 13.353 26.948 12.538
70 6 1 28.202 13.372 26.976 12.556
71 6 1 28.249 13.354 27.023 12.538
72 6 1 28.296 13.372 27.070 12.557
73 6 1 28.343 13.354 27.117 12.539
74 6 1 28.370 13.373 27.144 12.557
75 6 1 28.417 13.354 27.192 12.539
76 6 1 28.445 13.373 27.219 12.558
77 6 1 28.492 13.355 27.266 12.539
78 6 1 28.520 13.373 27.294 12.558
79 6 1 28.586 13.355 27.360 12.540
80 6 1 28.614 13.355 27.388 12.540
81 6 1 28.679 13.355 27.454 12.540
82 6 1 28.707 13.355 27.482 12.540
83 6 1 28.735 13.356 27.510 12.540
84 6 1 28.763 13.374 27.538 12.559
85 6 1 28.810 13.356 27.585 12.541
86 6 1 28.857 13.375 27.631 12.560
87 6 1 28.904 13.356 27.678 12.541
88 6 1 28.932 13.356 27.706 12.541
90 6 1 29.006 13.375 27.781 12.560
91 6 1 29.053 13.357 27.828 12.542
92 6 1 29.100 13.376 27.874 12.561
93 6 1 29.146 13.376 27.921 12.561
94 6 1 29.193 13.395 27.968 12.580
95 6 1 29.239 13.414 28.014 12.599
96 6 1 29.268 13.395 28.043 12.580
97 6 1 29.314 13.414 28.089 12.599
98 6 1 29.361 13.414 28.136 12.599
99 6 1 29.426 13.414 28.201 12.599
100 6 1 29.454 13.414 28.229 12.600
101 6 1 29.482 13.415 28.257 12.600
102 6 1 29.491 13.433 28.267 12.618
103 6 1 29.519 13.452 28.294 12.637
104 6 1 29.566 13.433 28.341 12.619
106 6 1 29.659 13.434 28.435 12.619
107 6 1 29.706 13.453 28.481 12.638
108 6 1 29.734 13.434 28.510 12.619
109 6 1 29.762 13.453 28.538 12.638
110 6 1 29.790 13.434 28.566 12.620
111 6 1 29.837 13.453 28.612 12.639
112 6 1 29.865 13.435 28.641 12.620
113 6 1 29.912 13.435 28.687 12.620
114 6 1 29.958 13.435 28.734 12.620
115 6 1 30.005 13.435 28.781 12.621
117 6 1 30.117 13.417 28.893 12.603
118 6 1 30.145 13.399 28.921 12.584
119 6 1 30.192 13.417 28.968 12.603
120 6 1 30.220 13.418 28.996 12.603
121 6 1 30.266 13.418 29.043 12.603
122 6 1 30.294 13.418 29.071 12.603
123 6 1 30.341 13.418 29.117 12.604
124 6 1 30.388 13.418 29.164 12.604
125 6 1 30.434 13.418 29.211 12.604
126 6 1 30.462 13.437 29.238 12.623
127 6 1 30.527 13.456 29.304 12.642
128 6 1 30.555 13.456 29.332 12.642
129 6 1 30.602 13.456 29.378 12.642
130 6 1 30.648 13.475 29.425 12.661
131 6 1 30.695 13.494 29.471 12.680
132 6 1 30.723 13.475 29.499 12.661
133 6 1 30.788 13.494 29.565 12.680
134 6 1 30.835 13.476 29.611 12.662
135 6 1 30.900 13.495 29.677 12.681
136 6 1 30.947 13.495 29.723 12.681
137 6 1 30.993 13.495 29.770 12.681
139 6 1 31.030 13.532 29.807 12.718
140 6 1 31.068 13.505 29.845 12.691
141 6 1 31.105 13.514 29.882 12.700
142 6 1 31.133 13.514 29.910 12.700
143 6 1 31.161 13.514 29.938 12.700
144 6 1 31.189 13.515 29.966 12.701
145 6 1 31.235 13.515 30.012 12.701
146 6 1 31.263 13.515 30.040 12.701
147 6 1 31.310 13.515 30.087 12.701
148 6 1 31.338 13.515 30.115 12.701
149 6 1 31.384 13.515 30.162 12.701
150 6 1 31.431 13.515 30.208 12.702
151 6 1 31.496 13.516 30.274 12.702
152 6 1 31.543 13.516 30.320 12.702
153 6 1 31.608 13.516 30.385 12.702
154 6 1 31.655 13.516 30.432 12.703
155 6 1 31.701 13.517 30.479 12.703
156 6 1 31.729 13.517 30.507 12.703
157 6 1 31.776 13.517 30.553 12.703
158 6 1 31.822 13.517 30.600 12.703
159 6 1 31.869 13.517 30.647 12.704
160 6 1 31.897 13.517 30.675 12.704
162 6 1 31.971 13.536 30.749 12.723
163 6 1 32.018 13.536 30.796 12.723
164 6 1 32.064 13.537 30.842 12.723
165 6 1 32.111 13.555 30.889 12.742
166 6 1 32.138 13.574 30.916 12.761
167 6 1 32.185 13.556 30.963 12.742
168 6 1 32.231 13.574 31.009 12.761
169 6 1 32.278 13.556 31.056 12.743
170 6 1 32.324 13.575 31.103 12.761
171 6 1 32.390 13.557 31.168 12.743
172 6 1 32.436 13.575 31.214 12.762
174 6 1 32.492 13.594 31.270 12.781
175 6 1 32.520 13.613 31.298 12.799
176 6 1 32.548 13.594 31.326 12.781
177 6 1 32.594 13.613 31.372 12.800
178 6 1 32.622 13.595 31.401 12.781
180 6 1 32.678 13.595 31.456 12.782
181 6 1 32.724 13.614 31.503 12.800
182 6 1 32.752 13.595 31.531 12.782
183 6 1 32.780 13.614 31.559 12.801
184 6 1 32.808 13.595 31.587 12.782
186 6 1 32.901 13.596 31.680 12.783
187 6 1 32.966 13.596 31.745 12.783
188 6 1 33.013 13.578 31.792 12.765
189 6 1 33.078 13.559 31.857 12.746
191 6 1 33.152 13.578 31.931 12.765
192 6 1 33.180 13.560 31.960 12.747
193 6 1 33.227 13.578 32.006 12.766
194 6 1 33.255 13.560 32.034 12.747
195 6 1 33.301 13.579 32.080 12.766
196 6 1 33.329 13.560 32.108 12.747
198 6 1 33.422 13.561 32.201 12.748
199 6 1 33.468 13.579 32.248 12.767
200 6 1 33.515 13.561 32.294 12.748
201 6 1 33.561 13.580 32.341 12.767
202 6 1 33.589 13.580 32.369 12.767
203 6 1 33.636 13.580 32.415 12.767
205 6 1 33.729 13.581 32.508 12.768
206 6 1 33.775 13.562 32.555 12.749
207 6 1 33.840 13.581 32.620 12.768
208 6 1 33.887 13.581 32.666 12.769
209 6 1 33.914 13.600 32.694 12.787
211 6 1 33.970 13.581 32.750 12.769
212 6 1 33.998 13.563 32.778 12.751
213 6 1 34.063 13.582 32.843 12.769
214 6 1 34.091 13.582 32.871 12.769
215 6 1 34.137 13.582 32.917 12.770
216 6 1 34.165 13.582 32.945 12.770
217 6 1 34.230 13.583 33.010 12.770
218 6 1 34.258 13.583 33.038 12.770
219 6 1 34.323 13.564 33.103 12.752
221 6 1 34.397 13.565 33.178 12.752
222 6 1 34.444 13.565 33.224 12.753
223 6 1 34.490 13.565 33.271 12.753
224 6 1 34.537 13.565 33.317 12.753
225 6 1 34.583 13.565 33.364 12.753
226 6 1 34.629 13.547 33.410 12.735
227 6 1 34.694 13.547 33.475 12.735
228 6 1 34.722 13.547 33.503 12.735
89 6 1 28.978 13.357 27.753 12.541
105 6 1 29.613 13.452 28.388 12.637
116 6 1 30.052 13.435 28.827 12.621
138 6 1 30.984 13.514 29.760 12.700
161 6 1 31.943 13.536 30.721 12.723
179 6 1 32.650 13.613 31.428 12.800
185 6 1 32.855 13.596 31.633 12.782
190 6 1 33.106 13.559 31.885 12.746
197 6 1 33.375 13.579 32.155 12.766
204 6 1 33.682 13.562 32.462 12.749
210 6 1 33.942 13.600 32.722 12.787
220 6 1 34.351 13.583 33.131 12.771
173 6 1 32.483 13.576 31.261 12.762
0 7 2 31.637 19.524 30.908 17.475
1 7 2 31.655 19.580 30.899 17.438
2 7 2 31.656 19.515 30.900 17.372
3 7 2 31.657 19.430 30.901 17.288
4 7 2 31.584 19.140 30.919 17.391
5 7 2 31.622 19.093 30.844 17.335
6 7 2 31.605 18.991 30.939 17.251
7 7 2 31.567 18.962 30.902 17.195
8 7 2 31.586 18.934 30.940 17.111
9 7 2 31.549 18.878 30.942 16.933
10 7 2 31.579 18.766 30.933 16.905
11 7 2 31.598 18.644 30.951 16.924
12 7 2 31.580 18.616 30.951 16.896
13 7 2 31.552 18.560 31.018 16.728
14 7 2 31.562 18.495 30.916 16.644
15 7 2 31.525 18.467 30.917 16.597
16 7 2 31.535 18.392 31.002 16.513
17 7 2 31.517 18.364 30.890 16.457
18 7 2 31.508 18.326 30.807 16.326
19 7 2 31.537 18.195 30.789 16.307
20 7 2 31.519 18.158 30.788 16.354
21 7 2 31.453 18.149 30.854 16.354
22 7 2 31.445 18.064 30.845 16.270
23 7 2 31.503 17.803 30.895 15.963
24 7 2 31.532 17.737 30.942 15.888
25 7 2 31.552 17.551 30.906 15.804
26 7 2 31.524 17.569 30.897 15.739
27 7 2 31.506 17.476 30.917 15.627
28 7 2 31.535 17.410 30.917 15.618
29 7 2 31.517 17.298 30.917 15.552
30 7 2 31.545 17.326 30.750 15.449
31 7 2 31.518 17.196 30.938 15.347
32 7 2 31.510 17.074 30.855 15.291
33 7 2 31.473 17.074 30.892 15.301
34 7 2 31.483 17.000 30.847 15.095
35 7 2 31.485 16.804 30.847 15.077
36 7 2 31.493 16.897 30.858 14.993
37 7 2 31.504 16.692 30.971 14.872
38 7 2 31.486 16.664 30.953 14.807
39 7 2 31.487 16.580 30.869 14.797
40 7 2 31.515 16.514 30.926 14.658
41 7 2 31.488 16.477 30.852 14.583
42 7 2 31.489 16.290 30.853 14.490
43 7 2 31.536 16.318 30.937 14.509
44 7 2 31.518 16.160 30.957 14.360
45 7 2 31.557 16.011 30.948 14.304
46 7 2 31.557 16.048 30.921 14.165
47 7 2 31.520 15.973 30.959 14.137
48 7 2 31.521 15.880 30.894 14.081
49 7 2 31.523 15.694 30.895 14.025
50 7 2 31.550 15.778 30.961 13.923
51 7 2 31.487 15.554 30.869 13.802
52 7 2 31.525 15.498 30.860 13.783
53 7 2 31.553 15.470 30.972 13.765
54 7 2 31.563 15.377 30.973 13.672
55 7 2 31.582 15.293 30.908 13.625
56 7 2 31.546 15.247 30.936 13.588
57 7 2 31.603 15.126 31.003 13.421
58 7 2 31.593 15.135 30.994 13.365
59 7 2 31.603 15.098 30.967 13.356
60 7 2 31.566 15.042 30.949 13.290
61 7 2 31.641 14.968 31.007 13.068
62 7 2 31.605 14.874 30.969 13.123
63 7 2 31.615 14.809 31.016 13.030
64 7 2 31.681 14.660 30.981 12.798
65 7 2 31.570 14.586 30.989 12.919
66 7 2 31.627 14.483 31.056 12.733
67 7 2 31.571 14.493 31.057 12.641
68 7 2 31.581 14.427 31.067 12.548
69 7 2 31.619 14.381 30.864 12.417
70 7 2 31.628 14.344 30.845 12.379
71 7 2 31.640 14.121 31.041 12.418
72 7 2 31.613 14.009 31.098 12.269
73 7 2 31.595 13.907 31.015 12.204
74 7 2 31.586 13.897 31.034 12.139
75 7 2 31.635 13.665 31.072 12.056
76 7 2 31.597 13.674 31.008 11.925
77 7 2 31.635 13.674 31.065 11.842
78 7 2 31.654 13.628 31.037 11.786
79 7 2 31.635 13.572 31.038 11.740
80 7 2 31.646 13.479 31.010 11.712
81 7 2 31.599 13.433 31.011 11.666
82 7 2 31.647 13.358 31.040 11.564
83 7 2 31.610 13.302 31.022 11.490
84 7 2 31.619 13.312 31.041 11.453
85 7 2 31.638 13.247 31.060 11.416
86 7 2 31.676 13.191 31.023 11.332
87 7 2 31.706 13.015 30.892 11.424
88 7 2 31.677 13.098 31.043 11.193
90 7 2 31.584 13.089 31.050 11.415
91 7 2 31.603 13.024 31.070 11.351
92 7 2 31.604 12.977 31.070 11.304
93 7 2 31.735 12.829 31.137 11.091
94 7 2 31.708 12.746 31.101 10.952
95 7 2 31.671 12.690 31.138 11.017
96 7 2 31.672 12.643 31.138 10.971
97 7 2 31.691 12.597 31.157 10.925
98 7 2 31.775 12.616 31.224 10.758
99 7 2 31.822 12.468 31.178 10.656
100 7 2 31.804 12.468 31.131 10.721
101 7 2 31.870 12.384 31.197 10.703
102 7 2 31.851 12.421 31.225 10.684
103 7 2 31.795 12.384 31.262 10.712
104 7 2 31.796 12.338 31.262 10.666
106 7 2 31.797 12.180 31.264 10.509
107 7 2 31.798 12.134 31.264 10.462
108 7 2 31.779 12.087 31.237 10.407
109 7 2 31.873 11.995 31.246 10.388
110 7 2 31.817 12.022 31.284 10.360
111 7 2 31.817 11.985 31.284 10.323
112 7 2 31.883 11.948 31.303 10.259
113 7 2 31.939 11.939 31.295 10.175
114 7 2 31.874 11.883 31.341 10.222
115 7 2 31.875 11.846 31.341 10.185
117 7 2 31.912 11.772 31.379 10.111
118 7 2 31.959 11.810 31.371 10.009
119 7 2 31.922 11.735 31.389 10.074
120 7 2 31.941 11.671 31.409 9.843
121 7 2 31.997 11.652 31.428 9.825
122 7 2 32.016 11.643 31.447 9.815
123 7 2 31.914 11.568 31.381 9.908
124 7 2 32.063 11.560 31.448 9.732
125 7 2 32.112 11.329 31.374 9.658
126 7 2 32.103 11.301 31.430 9.603
127 7 2 32.149 11.329 31.515 9.511
128 7 2 32.019 11.272 31.486 9.612
129 7 2 32.253 11.098 31.515 9.427
130 7 2 32.272 11.042 31.506 9.400
131 7 2 32.309 11.043 31.489 9.307
132 7 2 32.011 11.189 31.477 9.529
133 7 2 32.030 11.134 31.496 9.474
134 7 2 32.049 11.078 31.516 9.418
135 7 2 32.068 11.023 31.535 9.363
136 7 2 32.387 10.663 31.565 9.095
137 7 2 32.294 10.691 31.713 9.124
139 7 2 32.304 10.589 31.771 8.948
140 7 2 32.323 10.533 31.790 8.893
141 7 2 32.361 10.460 31.828 8.820
142 7 2 32.380 10.386 31.847 8.746
143 7 2 32.399 10.330 31.866 8.690
144 7 2 32.437 10.256 31.904 8.617
145 7 2 32.456 10.183 31.923 8.543
146 7 2 32.475 10.109 31.942 8.469
147 7 2 32.513 10.035 31.980 8.396
148 7 2 32.532 9.961 31.999 8.322
149 7 2 32.552 9.887 32.018 8.248
150 7 2 32.589 9.814 32.056 8.175
151 7 2 32.627 9.740 32.094 8.101
152 7 2 32.646 9.666 32.113 8.028
153 7 2 32.666 9.592 32.132 7.954
154 7 2 32.703 9.519 32.170 7.880
155 7 2 32.722 9.445 32.189 7.807
156 7 2 32.742 9.371 32.209 7.733
157 7 2 32.779 9.297 32.246 7.660
158 7 2 32.817 9.224 32.284 7.586
159 7 2 32.836 9.150 32.303 7.513
160 7 2 32.855 9.076 32.322 7.439
162 7 2 32.912 8.929 32.379 7.292
163 7 2 32.932 8.855 32.398 7.218
164 7 2 32.969 8.781 32.436 7.145
165 7 2 33.007 8.708 32.474 7.072
166 7 2 33.026 8.634 32.493 6.998
167 7 2 33.045 8.542 32.512 6.906
168 7 2 33.083 8.468 32.550 6.833
169 7 2 33.278 8.396 32.523 6.740
170 7 2 33.112 8.386 32.579 6.750
171 7 2 33.131 8.312 32.598 6.676
172 7 2 33.150 8.238 32.617 6.603
174 7 2 33.207 8.091 32.674 6.456
175 7 2 33.244 7.999 32.712 6.364
176 7 2 33.263 7.944 32.731 6.309
177 7 2 33.283 7.852 32.750 6.217
178 7 2 33.320 7.797 32.787 6.163
180 7 2 33.377 7.650 32.844 6.016
181 7 2 33.396 7.558 32.863 5.924
182 7 2 33.434 7.485 32.901 5.851
183 7 2 33.453 7.411 32.920 5.777
184 7 2 33.491 7.338 32.958 5.704
186 7 2 33.529 7.191 32.996 5.557
187 7 2 33.566 7.117 33.034 5.484
188 7 2 33.586 7.025 33.053 5.393
189 7 2 33.605 6.933 33.072 5.301
191 7 2 33.662 6.787 33.129 5.154
192 7 2 33.680 6.732 33.148 5.099
193 7 2 33.700 6.640 33.167 5.008
194 7 2 33.737 6.585 33.205 4.953
195 7 2 33.960 6.486 33.253 4.733
196 7 2 33.747 6.484 33.215 4.852
198 7 2 33.757 6.401 33.225 4.769
199 7 2 33.776 6.328 33.244 4.696
200 7 2 33.795 6.236 33.263 4.605
201 7 2 33.814 6.181 33.282 4.550
202 7 2 34.075 5.935 33.395 4.312
203 7 2 33.992 5.934 33.459 4.313
205 7 2 34.002 5.842 33.469 4.221
206 7 2 34.021 5.760 33.489 4.139
207 7 2 34.040 5.696 33.507 4.075
208 7 2 34.059 5.613 33.527 3.992
209 7 2 34.078 5.549 33.546 3.928
211 7 2 34.070 5.439 33.537 3.818
212 7 2 34.089 5.375 33.556 3.754
213 7 2 34.089 5.292 33.557 3.672
214 7 2 34.108 5.209 33.576 3.589
215 7 2 34.127 5.145 33.595 3.525
216 7 2 34.128 5.063 33.596 3.443
217 7 2 34.147 4.980 33.615 3.361
218 7 2 34.185 4.898 33.652 3.279
219 7 2 34.204 4.834 33.671 3.215
221 7 2 34.223 4.687 33.691 3.068
222 7 2 34.242 4.605 33.710 2.986
223 7 2 34.243 4.541 33.711 2.922
224 7 2 34.262 4.458 33.730 2.840
225 7 2 34.281 4.394 33.749 2.776
226 7 2 34.281 4.312 33.749 2.693
227 7 2 34.300 4.248 33.768 2.630
228 7 2 34.319 4.165 33.787 2.547
89 7 2 31.584 13.135 31.050 11.462
105 7 2 31.853 12.227 31.208 10.453
116 7 2 31.894 11.809 31.360 10.148
138 7 2 32.332 10.561 31.752 8.967
161 7 2 32.893 9.002 32.360 7.366
179 7 2 33.339 7.705 32.807 6.071
185 7 2 33.510 7.264 32.977 5.631
190 7 2 33.642 6.879 33.110 5.246
197 7 2 34.017 6.247 33.318 4.642
204 7 2 34.169 5.678 33.452 4.037
210 7 2 34.265 5.284 33.539 3.571
220 7 2 34.204 4.751 33.672 3.132
173 7 2 33.187 8.165 32.655 6.530
0 10 1 28.252 8.989 27.317 8.297
1 10 1 28.279 9.007 27.298 8.287
2 10 1 28.326 9.008 27.345 8.288
3 10 1 28.372 9.027 27.392 8.307
4 10 1 28.419 9.027 27.438 8.307
5 10 1 28.466 9.027 27.485 8.307
6 10 1 28.531 9.028 27.550 8.308
7 10 1 28.559 9.028 27.578 8.308
8 10 1 28.624 9.028 27.644 8.308
9 10 1 28.671 9.047 27.690 8.327
10 10 1 28.717 9.066 27.736 8.346
11 10 1 28.764 9.066 27.783 8.346
12 10 1 28.829 9.067 27.848 8.347
13 10 1 28.857 9.085 27.876 8.366
14 10 1 28.922 9.086 27.942 8.366
15 10 1 28.950 9.105 27.969 8.385
16 10 1 29.015 9.124 28.034 8.404
17 10 1 29.061 9.161 28.081 8.441
18 10 1 29.107 9.180 28.127 8.460
19 10 1 29.154 9.180 28.174 8.460
20 10 1 29.201 9.180 28.220 8.461
21 10 1 29.247 9.181 28.267 8.461
22 10 1 29.312 9.181 28.332 8.462
23 10 1 29.453 9.062 28.501 8.361
24 10 1 29.453 9.062 28.492 8.361
25 10 1 29.500 9.062 28.538 8.361
26 10 1 29.547 9.044 28.585 8.343
27 10 1 29.593 9.063 28.632 8.362
28 10 1 29.658 9.063 28.697 8.362
29 10 1 29.705 9.082 28.743 8.381
30 10 1 29.751 9.082 28.790 8.382
31 10 1 29.798 9.083 28.837 8.382
33 10 1 29.789 9.073 28.827 8.373
34 10 1 29.835 9.074 28.874 8.373
35 10 1 29.882 9.074 28.920 8.373
36 10 1 29.928 9.093 28.967 8.392
37 10 1 29.993 9.075 29.032 8.374
38 10 1 30.040 9.094 29.079 8.393
39 10 1 30.105 9.094 29.144 8.393
40 10 1 30.133 9.094 29.172 8.394
41 10 1 30.198 9.113 29.237 8.413
42 10 1 30.244 9.132 29.283 8.431
43 10 1 30.291 9.132 29.330 8.432
44 10 1 30.337 9.133 29.376 8.432
45 10 1 30.402 9.133 29.442 8.433
46 10 1 30.449 9.133 29.488 8.433
47 10 1 30.514 9.134 29.553 8.433
48 10 1 30.561 9.134 29.600 8.434
49 10 1 30.607 9.135 29.646 8.434
50 10 1 30.635 9.135 29.674 8.434
51 10 1 30.700 9.135 29.739 8.435
52 10 1 30.728 9.154 29.767 8.454
53 10 1 30.793 9.154 29.832 8.454
54 10 1 30.821 9.173 29.860 8.473
55 10 1 30.867 9.155 29.907 8.455
56 10 1 30.914 9.174 29.953 8.473
57 10 1 30.960 9.155 30.000 8.455
58 10 1 31.007 9.174 30.046 8.474
59 10 1 31.053 9.156 30.093 8.456
60 10 1 31.100 9.175 30.139 8.475
61 10 1 31.165 9.175 30.204 8.475
62 10 1 31.192 9.194 30.232 8.494
63 10 1 31.210 9.259 30.427 8.514
64 10 1 31.285 9.232 30.353 8.532
65 10 1 31.322 9.250 30.390 8.550
66 10 1 31.359 9.232 30.427 8.532
67 10 1 31.415 9.270 30.482 8.570
68 10 1 31.433 9.270 30.501 8.570
69 10 1 31.507 9.289 30.575 8.589
70 10 1 31.637 9.373 30.809 8.480
71 10 1 31.721 9.355 30.800 8.452
72 10 1 31.748 9.373 30.790 8.479
73 10 1 31.721 9.299 30.808 8.554
74 10 1 31.758 9.309 30.845 8.563
75 10 1 31.814 9.318 30.901 8.573
76 10 1 31.869 9.328 30.956 8.582
77 10 1 31.897 9.347 30.984 8.638
78 10 1 31.944 9.319 31.003 8.610
79 10 1 31.925 9.328 31.012 8.601
80 10 1 31.888 9.300 31.197 8.732
81 10 1 31.981 9.366 31.086 8.657
82 10 1 32.018 9.357 31.123 8.648
83 10 1 32.055 9.385 31.160 8.676
84 10 1 32.110 9.376 31.216 8.667
85 10 1 32.240 9.469 31.403 8.576
86 10 1 32.259 9.377 31.374 8.659
87 10 1 32.305 9.377 31.420 8.660
88 10 1 32.352 9.378 31.467 8.660
90 10 1 32.565 9.462 31.504 8.642
91 10 1 32.564 9.518 31.625 8.624
92 10 1 32.610 9.527 31.662 8.624
93 10 1 32.629 9.500 31.783 8.616
94 10 1 32.639 9.416 31.754 8.690
95 10 1 32.686 9.426 31.801 8.699
96 10 1 32.732 9.454 31.847 8.727
97 10 1 32.759 9.463 31.875 8.737
98 10 1 32.787 9.473 31.903 8.746
99 10 1 32.834 9.464 31.949 8.737
100 10 1 32.880 9.473 31.995 8.747
101 10 1 32.926 9.465 32.042 8.738
102 10 1 32.973 9.474 32.088 8.747
103 10 1 33.019 9.484 32.134 8.757
104 10 1 33.065 9.512 32.181 8.785
106 10 1 33.176 9.531 32.292 8.804
107 10 1 33.223 9.522 32.338 8.795
108 10 1 33.360 9.791 32.505 8.870
109 10 1 33.361 9.680 32.486 8.944
110 10 1 33.397 9.699 32.522 8.963
111 10 1 33.397 9.773 32.486 8.907
112 10 1 33.425 9.782 32.523 8.908
113 10 1 33.453 9.773 32.662 8.862
114 10 1 33.499 9.718 32.709 8.872
115 10 1 33.537 9.690 32.774 8.891
117 10 1 33.620 9.672 32.773 8.937
118 10 1 33.666 9.691 32.819 8.956
119 10 1 33.694 9.691 32.847 8.956
120 10 1 33.759 9.692 32.912 8.956
121 10 1 33.925 9.739 32.968 8.966
122 10 1 33.861 9.711 33.014 8.976
123 10 1 33.907 9.711 33.060 8.976
124 10 1 33.935 9.711 33.088 8.976
125 10 1 34.000 9.712 33.153 8.977
126 10 1 34.046 9.731 33.199 8.995
127 10 1 34.111 9.713 33.264 8.977
128 10 1 34.157 9.750 33.310 9.015
129 10 1 34.212 9.796 33.459 8.970
130 10 1 34.250 9.750 33.412 9.015
131 10 1 34.305 9.751 33.468 9.016
132 10 1 34.342 9.751 33.505 9.016
133 10 1 34.379 9.770 33.542 9.035
134 10 1 34.435 9.770 33.597 9.035
135 10 1 34.472 9.770 33.634 9.035
136 10 1 34.509 9.770 33.672 9.036
137 10 1 34.564 9.771 33.727 9.036
139 10 1 34.657 9.771 33.820 9.037
140 10 1 34.713 9.753 33.875 9.019
141 10 1 34.768 9.772 33.931 9.037
142 10 1 34.824 9.754 33.987 9.019
143 10 1 34.861 9.773 34.024 9.038
144 10 1 34.916 9.755 34.079 9.020
145 10 1 34.953 9.773 34.116 9.039
146 10 1 35.009 9.755 34.172 9.021
147 10 1 35.046 9.756 34.209 9.021
148 10 1 35.305 9.739 34.439 9.152
149 10 1 35.277 9.803 34.440 9.087
150 10 1 35.166 9.692 34.393 9.096
151 10 1 35.203 9.747 34.375 9.040
152 10 1 35.249 9.738 34.422 9.032
153 10 1 35.277 9.711 34.450 9.004
154 10 1 35.324 9.720 34.496 9.014
155 10 1 35.370 9.711 34.542 9.005
156 10 1 35.416 9.703 34.589 8.996
157 10 1 35.444 9.694 34.616 8.987
158 10 1 35.509 9.703 34.681 8.996
159 10 1 35.555 9.694 34.727 8.988
160 10 1 35.601 9.704 34.774 8.997
162 10 1 35.712 9.704 34.885 8.998
163 10 1 35.758 9.714 34.931 9.007
164 10 1 35.823 9.742 34.995 9.036
165 10 1 35.850 9.752 35.023 9.045
166 10 1 35.896 9.761 35.069 9.055
167 10 1 35.924 9.752 35.097 9.046
168 10 1 35.989 9.762 35.162 9.055
169 10 1 36.017 9.753 35.189 9.046
170 10 1 36.063 9.762 35.236 9.056
171 10 1 36.091 9.753 35.263 9.047
172 10 1 36.155 9.744 35.328 9.038
174 10 1 36.248 9.726 35.421 9.020
175 10 1 36.294 9.718 35.467 9.011
176 10 1 36.359 9.727 35.532 9.021
177 10 1 36.386 9.718 35.559 9.012
178 10 1 36.433 9.728 35.606 9.021
180 10 1 36.525 9.710 35.698 9.004
181 10 1 36.571 9.664 35.745 8.958
182 10 1 36.599 9.637 35.773 8.930
183 10 1 36.627 9.627 35.800 8.921
184 10 1 36.673 9.619 35.847 8.912
186 10 1 36.747 9.582 35.921 8.876
187 10 1 36.794 9.573 35.967 8.867
188 10 1 36.840 9.564 36.013 8.858
189 10 1 36.868 9.555 36.041 8.849
191 10 1 36.960 9.538 36.133 8.832
192 10 1 37.025 9.529 36.198 8.823
193 10 1 37.052 9.520 36.226 8.814
194 10 1 37.117 9.511 36.291 8.805
195 10 1 37.163 9.520 36.337 8.815
196 10 1 37.209 9.530 36.383 8.824
198 10 1 37.329 9.549 36.576 8.927
199 10 1 37.347 9.577 36.539 8.890
200 10 1 37.375 9.568 36.567 8.881
201 10 1 37.421 9.577 36.613 8.890
202 10 1 37.467 9.569 36.659 8.881
203 10 1 37.587 9.514 36.595 8.853
205 10 1 37.541 9.523 36.733 8.845
206 10 1 37.587 9.505 36.780 8.827
207 10 1 37.615 9.523 36.807 8.846
208 10 1 37.680 9.505 36.872 8.828
209 10 1 37.707 9.506 36.899 8.828
211 10 1 37.799 9.506 36.992 8.828
212 10 1 37.864 9.488 37.056 8.810
213 10 1 37.892 9.470 37.084 8.792
214 10 1 37.938 9.470 37.130 8.793
215 10 1 37.966 9.434 37.158 8.756
216 10 1 38.012 9.397 37.204 8.719
217 10 1 38.040 9.379 37.232 8.701
218 10 1 38.086 9.361 37.278 8.683
219 10 1 38.114 9.361 37.306 8.683
221 10 1 38.187 9.325 37.380 8.647
222 10 1 38.233 9.325 37.426 8.647
223 10 1 38.261 9.325 37.454 8.648
224 10 1 38.307 9.307 37.500 8.630
225 10 1 38.353 9.271 37.546 8.593
226 10 1 38.400 9.271 37.592 8.593
227 10 1 38.446 9.253 37.639 8.575
228 10 1 38.492 9.272 37.684 8.594
89 10 1 32.398 9.396 31.513 8.679
105 10 1 33.130 9.521 32.246 8.795
116 10 1 33.574 9.654 32.727 8.918
138 10 1 34.601 9.771 33.764 9.036
161 10 1 35.647 9.695 34.820 8.988
179 10 1 36.479 9.719 35.652 9.012
185 10 1 36.701 9.591 35.874 8.885
190 10 1 36.914 9.546 36.087 8.840
197 10 1 37.255 9.558 36.511 8.954
204 10 1 37.495 9.523 36.687 8.845
210 10 1 37.772 9.506 36.964 8.828
220 10 1 38.160 9.343 37.352 8.665
173 10 1 36.202 9.735 35.374 9.029
