0 0 1 30.516 8.909 29.588 8.193
1 0 1 30.544 8.928 29.579 8.183
2 0 1 30.572 8.927 29.607 8.183
3 0 1 30.600 8.946 29.635 8.202
4 0 1 30.646 8.945 29.681 8.201
5 0 1 30.675 8.964 29.709 8.220
6 0 1 30.721 8.963 29.756 8.219
7 0 1 30.749 8.963 29.784 8.219
8 0 1 30.777 8.963 29.812 8.219
9 0 1 30.805 8.981 29.840 8.237
10 0 1 30.851 8.981 29.886 8.237
11 0 1 30.879 8.980 29.914 8.237
12 0 1 30.926 8.980 29.961 8.236
13 0 1 30.954 8.980 29.989 8.236
14 0 1 31.000 8.979 30.035 8.236
15 0 1 31.009 8.979 30.045 8.235
16 0 1 31.056 8.979 30.091 8.235
17 0 1 31.084 8.979 30.119 8.235
18 0 1 31.130 8.978 30.166 8.235
19 0 1 31.158 8.978 30.193 8.234
20 0 1 31.204 8.959 30.240 8.215
21 0 1 31.232 8.959 30.268 8.215
22 0 1 31.279 8.959 30.314 8.215
23 0 1 31.307 8.958 30.342 8.215
24 0 1 31.353 8.939 30.388 8.196
25 0 1 31.381 8.939 30.416 8.195
26 0 1 31.427 8.939 30.463 8.195
27 0 1 31.455 8.938 30.491 8.195
28 0 1 31.501 8.920 30.537 8.176
29 0 1 31.529 8.919 30.565 8.176
30 0 1 31.576 8.919 30.612 8.175
31 0 1 31.585 8.919 30.621 8.175
32 0 1 31.632 8.918 30.667 8.175
33 0 1 31.659 8.918 30.695 8.175
34 0 1 31.706 8.918 30.742 8.174
35 0 1 31.734 8.918 30.770 8.174
36 0 1 31.780 8.917 30.816 8.174
37 0 1 31.808 8.917 30.844 8.173
38 0 1 31.855 8.935 30.891 8.192
39 0 1 31.883 8.935 30.919 8.191
40 0 1 31.929 8.935 30.965 8.191
41 0 1 31.957 8.953 30.993 8.209
42 0 1 31.985 8.953 31.021 8.209
43 0 1 32.013 8.952 31.049 8.209
44 0 1 32.059 8.971 31.096 8.227
45 0 1 32.087 8.970 31.123 8.227
46 0 1 32.115 8.970 31.151 8.227
47 0 1 32.143 8.970 31.179 8.226
48 0 1 32.189 8.969 31.226 8.226
49 0 1 32.217 8.969 31.254 8.226
50 0 1 32.236 8.969 31.272 8.226
51 0 1 32.273 8.969 31.309 8.225
52 0 1 32.319 8.968 31.356 8.225
53 0 1 32.347 8.950 31.384 8.206
54 0 1 32.393 8.949 31.430 8.206
55 0 1 32.421 8.949 31.458 8.206
56 0 1 32.468 8.930 31.504 8.187
57 0 1 32.495 8.930 31.532 8.187
58 0 1 32.542 8.911 31.578 8.168
59 0 1 32.560 8.911 31.597 8.167
60 0 1 32.616 8.892 31.653 8.148
61 0 1 32.662 8.873 31.699 8.130
62 0 1 32.699 8.872 31.736 8.129
63 0 1 32.736 8.854 31.773 8.110
64 0 1 32.764 8.853 31.801 8.110
65 0 1 32.782 8.853 31.819 8.110
66 0 1 32.856 8.834 31.894 8.091
67 0 1 32.884 8.834 31.921 8.091
68 0 1 32.921 8.815 31.958 8.072
69 0 1 32.958 8.796 31.995 8.053
70 0 1 33.004 8.777 32.042 8.034
71 0 1 33.023 8.777 32.060 8.034
72 0 1 33.079 8.758 32.116 8.015
73 0 1 33.106 8.758 32.144 8.015
74 0 1 33.143 8.758 32.181 8.014
75 0 1 33.199 8.739 32.236 7.995
76 0 1 33.245 8.738 32.283 7.995
77 0 1 33.264 8.720 32.301 7.976
78 0 1 33.319 8.719 32.357 7.976
79 0 1 33.347 8.700 32.385 7.957
80 0 1 33.384 8.681 32.422 7.938
81 0 1 33.207 8.581 32.561 7.909
82 0 1 33.337 8.608 32.421 7.883
83 0 1 33.365 8.589 32.449 7.864
84 0 1 33.337 8.561 32.587 7.761
85 0 1 33.401 8.524 32.513 7.789
86 0 1 33.438 8.496 32.550 7.761
87 0 1 33.475 8.468 32.587 7.733
88 0 1 33.493 8.458 32.605 7.724
89 0 1 33.530 8.430 32.642 7.695
90 0 1 33.567 8.402 32.679 7.667
91 0 1 33.622 8.355 32.734 7.621
92 0 1 33.659 8.346 32.772 7.611
93 0 1 33.539 8.347 32.976 7.647
94 0 1 33.678 8.355 32.827 7.629
95 0 1 33.696 8.336 32.846 7.610
96 0 1 33.733 8.317 32.883 7.592
97 0 1 33.770 8.298 32.920 7.573
98 0 1 33.807 8.280 32.957 7.554
99 0 1 33.825 8.261 32.975 7.535
100 0 1 33.863 8.261 33.012 7.535
101 0 1 33.899 8.242 33.049 7.516
102 0 1 33.936 8.223 33.086 7.497
103 0 1 33.973 8.223 33.123 7.497
104 0 1 34.010 8.204 33.160 7.478
105 0 1 34.047 8.204 33.197 7.478
106 0 1 34.103 8.185 33.253 7.459
107 0 1 34.140 8.184 33.290 7.459
108 0 1 34.177 8.184 33.327 7.458
109 0 1 34.214 8.165 33.364 7.440
110 0 1 34.251 8.146 33.401 7.421
111 0 1 34.288 8.146 33.438 7.421
112 0 1 34.306 8.127 33.456 7.402
113 0 1 34.343 8.127 33.493 7.402
114 0 1 34.380 8.108 33.530 7.383
115 0 1 34.417 8.108 33.568 7.382
116 0 1 34.436 8.108 33.586 7.382
117 0 1 34.473 8.089 33.623 7.364
118 0 1 34.510 8.089 33.660 7.363
119 0 1 34.547 8.088 33.697 7.363
120 0 1 34.584 8.070 33.734 7.344
121 0 1 34.621 8.069 33.771 7.344
122 0 1 34.658 8.069 33.808 7.344
123 0 1 34.695 8.069 33.845 7.343
124 0 1 34.732 8.050 33.882 7.324
125 0 1 34.769 8.050 33.919 7.324
126 0 1 34.806 8.049 33.957 7.324
127 0 1 34.843 8.030 33.993 7.305
128 0 1 34.880 8.030 34.031 7.305
129 0 1 34.917 8.030 34.068 7.305
130 0 1 34.954 8.030 34.105 7.304
131 0 1 34.991 8.029 34.142 7.304
132 0 1 35.028 8.048 34.179 7.322
133 0 1 35.065 8.047 34.216 7.322
134 0 1 35.102 8.065 34.253 7.340
135 0 1 35.121 8.065 34.272 7.340
136 0 1 35.158 8.084 34.309 7.358
137 0 1 35.195 8.083 34.346 7.358
138 0 1 35.232 8.101 34.383 7.376
139 0 1 35.269 8.101 34.420 7.376
140 0 1 35.307 8.119 34.458 7.394
141 0 1 35.344 8.138 34.495 7.413
142 0 1 35.381 8.137 34.532 7.412
143 0 1 35.418 8.156 34.569 7.430
144 0 1 35.455 8.174 34.606 7.449
145 0 1 35.492 8.173 34.643 7.448
146 0 1 35.529 8.192 34.681 7.467
147 0 1 35.566 8.191 34.718 7.466
148 0 1 35.585 8.191 34.736 7.466
149 0 1 35.622 8.219 34.773 7.494
150 0 1 35.659 8.209 34.810 7.484
151 0 1 35.678 8.209 34.829 7.484
152 0 1 35.714 8.181 34.866 7.465
153 0 1 35.752 8.227 34.903 7.511
154 0 1 35.789 8.245 34.941 7.530
155 0 1 35.826 8.263 34.978 7.548
156 0 1 35.863 8.263 35.015 7.548
157 0 1 35.900 8.263 35.052 7.547
158 0 1 35.956 8.272 35.107 7.556
159 0 1 36.112 8.113 35.041 7.390
160 0 1 36.103 8.132 35.106 7.371
161 0 1 36.037 8.077 35.171 7.370
162 0 1 36.167 8.113 35.115 7.380
163 0 1 36.167 8.122 35.218 7.444
164 0 1 36.130 8.141 35.255 7.444
165 0 1 36.149 8.140 35.273 7.444
166 0 1 36.195 8.131 35.319 7.434
167 0 1 36.223 8.140 35.347 7.443
168 0 1 36.251 8.149 35.375 7.452
169 0 1 36.278 8.158 35.403 7.461
170 0 1 36.325 8.167 35.449 7.470
171 0 1 36.353 8.194 35.477 7.498
172 0 1 36.399 8.203 35.524 7.507
173 0 1 36.427 8.212 35.552 7.516
174 0 1 36.473 8.221 35.598 7.525
175 0 1 36.520 8.249 35.644 7.552
176 0 1 36.566 8.257 35.691 7.561
177 0 1 36.594 8.285 35.719 7.588
178 0 1 36.640 8.294 35.765 7.597
179 0 1 36.668 8.321 35.793 7.625
180 0 1 36.714 8.330 35.839 7.634
181 0 1 36.742 8.339 35.867 7.643
182 0 1 36.789 8.348 35.914 7.652
183 0 1 36.817 8.376 35.942 7.679
184 0 1 36.863 8.366 35.988 7.670
185 0 1 36.872 8.375 35.997 7.679
186 0 1 36.918 8.366 36.043 7.669
187 0 1 36.946 8.375 36.071 7.678
188 0 1 36.992 8.384 36.117 7.687
189 0 1 37.020 8.411 36.145 7.715
190 0 1 37.068 8.679 36.330 7.676
191 0 1 37.123 8.521 36.257 7.816
192 0 1 37.160 8.539 36.294 7.834
193 0 1 37.197 8.539 36.331 7.834
194 0 1 37.234 8.557 36.368 7.852
195 0 1 37.391 8.565 36.286 7.890
196 0 1 37.271 8.576 36.396 7.879
197 0 1 37.299 8.585 36.424 7.888
198 0 1 37.345 8.593 36.471 7.897
199 0 1 37.373 8.602 36.498 7.906
200 0 1 37.512 8.675 36.645 7.757
201 0 1 37.503 8.759 36.747 7.803
202 0 1 37.410 8.695 36.785 7.960
203 0 1 37.521 8.675 36.674 7.960
204 0 1 37.558 8.684 36.712 7.969
205 0 1 37.595 8.712 36.749 7.997
0 1 1 30.745 9.594 29.902 8.886
1 1 1 30.773 9.612 29.892 8.877
2 1 1 30.811 9.621 29.930 8.886
3 1 1 30.848 9.630 29.967 8.895
4 1 1 30.885 9.620 30.004 8.886
5 1 1 30.904 9.630 30.023 8.895
6 1 1 30.941 9.639 30.060 8.904
7 1 1 30.978 9.647 30.097 8.913
8 1 1 31.015 9.638 30.134 8.903
9 1 1 31.053 9.647 30.172 8.912
10 1 1 31.090 9.637 30.209 8.902
11 1 1 31.127 9.665 30.246 8.930
12 1 1 31.164 9.655 30.283 8.920
13 1 1 31.201 9.664 30.321 8.929
14 1 1 31.257 9.673 30.377 8.938
15 1 1 31.295 9.682 30.414 8.947
16 1 1 31.332 9.672 30.451 8.938
17 1 1 31.388 9.681 30.507 8.946
18 1 1 31.425 9.690 30.544 8.955
19 1 1 31.481 9.699 30.600 8.964
20 1 1 31.518 9.708 30.637 8.973
21 1 1 31.555 9.717 30.675 8.982
22 1 1 31.592 9.707 30.712 8.973
23 1 1 31.629 9.716 30.749 8.981
24 1 1 31.666 9.688 30.786 8.953
25 1 1 31.704 9.697 30.823 8.962
26 1 1 31.741 9.687 30.860 8.953
27 1 1 31.778 9.696 30.898 8.962
28 1 1 31.815 9.668 30.935 8.934
29 1 1 31.852 9.677 30.972 8.943
30 1 1 31.889 9.667 31.009 8.933
31 1 1 31.926 9.658 31.046 8.923
32 1 1 31.954 9.648 31.074 8.914
33 1 1 32.000 9.639 31.120 8.904
34 1 1 32.056 9.629 31.176 8.894
35 1 1 32.093 9.619 31.213 8.885
36 1 1 32.130 9.591 31.250 8.857
37 1 1 32.167 9.600 31.287 8.866
38 1 1 32.204 9.572 31.324 8.838
39 1 1 32.241 9.581 31.361 8.847
40 1 1 32.278 9.571 31.399 8.837
41 1 1 32.315 9.562 31.436 8.827
42 1 1 32.334 9.552 31.454 8.818
43 1 1 32.371 9.561 31.491 8.827
44 1 1 32.408 9.552 31.528 8.817
45 1 1 32.445 9.561 31.566 8.826
46 1 1 32.482 9.551 31.603 8.817
47 1 1 32.492 9.560 31.612 8.826
48 1 1 32.538 9.550 31.659 8.816
49 1 1 32.575 9.559 31.696 8.825
50 1 1 32.603 9.550 31.724 8.816
51 1 1 32.649 9.540 31.770 8.806
52 1 1 32.686 9.531 31.807 8.796
53 1 1 32.714 9.540 31.835 8.805
54 1 1 32.760 9.530 31.881 8.796
55 1 1 32.816 9.539 31.937 8.805
56 1 1 32.844 9.529 31.965 8.795
57 1 1 32.890 9.538 32.011 8.804
58 1 1 32.927 9.529 32.048 8.794
59 1 1 32.955 9.538 32.076 8.803
60 1 1 33.002 9.528 32.123 8.794
61 1 1 33.039 9.537 32.160 8.803
62 1 1 33.067 9.527 32.188 8.793
63 1 1 33.094 9.518 32.216 8.784
64 1 1 33.131 9.508 32.253 8.774
65 1 1 33.169 9.517 32.290 8.783
66 1 1 33.206 9.508 32.327 8.774
67 1 1 33.243 9.517 32.364 8.783
68 1 1 33.271 9.507 32.392 8.773
69 1 1 33.317 9.516 32.438 8.782
70 1 1 33.354 9.506 32.475 8.772
71 1 1 33.382 9.515 32.503 8.781
72 1 1 33.428 9.506 32.550 8.772
73 1 1 33.465 9.515 32.587 8.781
74 1 1 33.493 9.505 32.615 8.771
75 1 1 33.540 9.514 32.661 8.780
76 1 1 33.519 9.338 32.698 8.752
77 1 1 33.501 9.338 32.744 8.715
78 1 1 33.575 9.384 32.893 8.778
79 1 1 33.594 9.384 32.939 8.759
80 1 1 33.585 9.375 32.985 8.722
81 1 1 33.668 9.374 32.893 8.723
82 1 1 33.705 9.374 32.930 8.722
83 1 1 33.742 9.373 32.967 8.722
84 1 1 33.752 9.383 33.134 8.739
85 1 1 33.761 9.355 33.153 8.767
86 1 1 33.807 9.308 33.180 8.729
87 1 1 33.853 9.335 33.124 8.711
88 1 1 34.021 9.389 33.245 8.683
89 1 1 33.983 9.343 33.254 8.720
90 1 1 34.020 9.343 33.292 8.719
91 1 1 34.066 9.334 33.338 8.710
92 1 1 34.113 9.342 33.384 8.719
93 1 1 34.159 9.323 33.430 8.700
94 1 1 34.205 9.323 33.477 8.699
95 1 1 34.242 9.313 33.514 8.690
96 1 1 34.363 9.359 33.439 8.644
98 1 1 34.270 9.313 33.523 8.680
99 1 1 34.316 9.313 33.569 8.680
100 1 1 34.363 9.303 33.616 8.670
101 1 1 34.390 9.294 33.643 8.661
102 1 1 34.437 9.275 33.690 8.642
103 1 1 34.455 9.265 33.708 8.632
105 1 1 34.446 9.256 33.699 8.623
106 1 1 34.473 9.237 33.726 8.605
107 1 1 34.501 9.228 33.754 8.595
108 1 1 34.538 9.200 33.791 8.567
109 1 1 34.788 9.263 34.004 8.584
110 1 1 34.816 9.244 34.060 8.583
111 1 1 34.807 9.225 34.060 8.593
112 1 1 34.843 9.207 34.097 8.574
113 1 1 34.825 9.207 34.078 8.472
114 1 1 34.973 9.187 34.114 8.398
115 1 1 35.056 9.168 34.160 8.369
116 1 1 34.945 9.187 34.197 8.360
117 1 1 34.954 9.132 34.299 8.340
118 1 1 35.019 9.103 34.345 8.322
119 1 1 34.981 9.057 34.419 8.275
120 1 1 34.999 8.974 34.503 8.339
121 1 1 35.101 9.001 34.549 8.283
122 1 1 35.156 8.954 34.585 8.236
123 1 1 35.193 8.926 34.622 8.245
124 1 1 35.276 8.897 34.631 8.171
125 1 1 35.285 8.851 34.613 8.218
126 1 1 35.322 8.841 34.650 8.208
127 1 1 35.359 8.841 34.687 8.208
128 1 1 35.396 8.832 34.724 8.198
129 1 1 35.442 8.831 34.770 8.198
130 1 1 35.498 8.831 34.826 8.197
131 1 1 35.544 8.830 34.872 8.197
132 1 1 35.581 8.839 34.909 8.206
134 1 1 35.572 8.830 34.900 8.197
135 1 1 35.609 8.821 34.937 8.187
136 1 1 35.646 8.820 34.974 8.187
137 1 1 35.692 8.820 35.020 8.187
139 1 1 35.683 8.811 35.011 8.177
140 1 1 35.720 8.820 35.048 8.186
141 1 1 35.757 8.819 35.085 8.186
143 1 1 36.071 8.854 35.400 8.174
144 1 1 36.062 8.826 35.391 8.193
145 1 1 36.099 8.835 35.428 8.202
146 1 1 36.127 8.835 35.455 8.202
147 1 1 36.173 8.834 35.502 8.201
148 1 1 36.201 8.834 35.529 8.201
150 1 1 36.191 8.825 35.520 8.192
151 1 1 36.228 8.825 35.557 8.191
152 1 1 36.266 8.834 35.594 8.200
153 1 1 36.312 8.842 35.641 8.209
154 1 1 36.367 8.861 35.696 8.227
156 1 1 36.358 8.851 35.687 8.218
157 1 1 36.395 8.870 35.724 8.236
158 1 1 36.432 8.888 35.761 8.255
159 1 1 36.460 8.906 35.789 8.273
161 1 1 36.451 8.897 35.780 8.264
162 1 1 36.739 9.098 36.067 8.317
163 1 1 36.729 9.024 36.058 8.391
164 1 1 36.757 9.033 36.086 8.400
165 1 1 36.803 9.051 36.133 8.418
166 1 1 36.831 9.060 36.160 8.427
167 1 1 36.878 9.078 36.207 8.445
168 1 1 36.906 9.106 36.235 8.473
169 1 1 36.952 9.124 36.281 8.491
170 1 1 36.989 9.151 36.318 8.519
171 1 1 37.026 9.169 36.356 8.537
173 1 1 37.017 9.160 36.346 8.528
174 1 1 37.054 9.178 36.383 8.546
175 1 1 37.091 9.206 36.421 8.573
176 1 1 37.128 9.224 36.458 8.591
177 1 1 37.119 9.261 36.569 8.674
178 1 1 37.239 9.251 36.681 8.710
179 1 1 37.277 9.288 36.625 8.673
180 1 1 37.314 9.296 36.662 8.682
181 1 1 37.341 9.305 36.855 8.625
182 1 1 37.388 9.351 36.865 8.653
183 1 1 37.555 9.396 36.827 8.588
184 1 1 37.555 9.396 36.912 8.708
185 1 1 37.545 9.350 36.912 8.736
186 1 1 37.813 9.431 36.829 8.736
187 1 1 37.768 9.514 36.847 8.690
188 1 1 37.870 9.532 36.847 8.727
189 1 1 37.897 9.523 36.884 8.745
190 1 1 37.814 9.523 36.958 8.726
191 1 1 37.842 9.505 36.912 8.726
192 1 1 37.526 9.304 36.893 8.690
193 1 1 37.970 9.448 37.236 8.816
194 1 1 37.887 9.421 37.144 8.817
195 1 1 37.841 9.477 37.171 8.817
196 1 1 37.907 9.532 37.180 8.743
197 1 1 37.943 9.457 37.291 8.816
198 1 1 37.943 9.485 37.375 8.824
199 1 1 38.054 9.484 37.374 8.769
200 1 1 38.109 9.456 37.439 8.805
201 1 1 38.137 9.484 37.467 8.777
202 1 1 38.229 9.492 37.467 8.777
203 1 1 38.285 9.547 37.485 8.786
204 1 1 38.479 9.545 37.522 8.805
205 1 1 38.136 9.419 37.513 8.814
0 2 1 30.317 10.562 29.352 9.857
1 2 1 30.345 10.581 29.333 9.847
2 2 1 30.392 10.571 29.380 9.838
3 2 1 30.372 10.460 29.342 9.755
4 2 1 30.372 10.469 29.351 9.764
5 2 1 30.428 10.469 29.407 9.763
6 2 1 30.465 10.450 29.444 9.744
7 2 1 30.502 10.449 29.481 9.744
8 2 1 30.521 10.449 29.500 9.744
9 2 1 30.595 10.467 29.575 9.762
10 2 1 30.632 10.467 29.612 9.761
11 2 1 30.688 10.466 29.668 9.761
12 2 1 30.753 10.466 29.779 9.695
13 2 1 30.762 10.447 29.760 9.723
14 2 1 30.800 10.447 29.798 9.723
15 2 1 30.855 10.446 29.853 9.722
16 2 1 30.893 10.446 29.891 9.722
17 2 1 30.930 10.445 29.928 9.722
18 2 1 30.967 10.445 29.965 9.721
19 2 1 31.004 10.463 30.003 9.739
20 2 1 31.042 10.482 30.040 9.758
21 2 1 31.079 10.463 30.077 9.739
22 2 1 31.135 10.481 30.133 9.757
23 2 1 31.172 10.480 30.170 9.757
24 2 1 31.209 10.480 30.207 9.756
25 2 1 31.246 10.480 30.245 9.756
26 2 1 31.283 10.479 30.282 9.756
27 2 1 31.302 10.479 30.300 9.755
28 2 1 31.358 10.479 30.356 9.755
29 2 1 31.395 10.478 30.393 9.755
30 2 1 31.432 10.478 30.431 9.754
31 2 1 31.488 10.477 30.486 9.754
32 2 1 31.525 10.477 30.524 9.753
33 2 1 31.562 10.477 30.561 9.753
34 2 1 31.599 10.476 30.598 9.753
35 2 1 31.636 10.476 30.635 9.752
36 2 1 31.673 10.476 30.672 9.752
37 2 1 31.710 10.475 30.710 9.752
38 2 1 31.766 10.475 30.765 9.751
39 2 1 31.822 10.456 30.821 9.732
40 2 1 31.859 10.493 30.859 9.769
41 2 1 31.896 10.492 30.896 9.769
42 2 1 31.934 10.492 30.933 9.768
43 2 1 31.971 10.510 30.970 9.787
44 2 1 32.026 10.491 31.026 9.768
45 2 1 32.064 10.509 31.063 9.786
46 2 1 32.101 10.509 31.100 9.786
47 2 1 32.138 10.509 31.138 9.785
48 2 1 32.195 10.684 31.323 9.774
49 2 1 32.241 10.591 31.268 9.840
50 2 1 32.269 10.600 31.296 9.849
51 2 1 32.315 10.609 31.343 9.858
52 2 1 32.343 10.599 31.370 9.848
53 2 1 32.390 10.627 31.417 9.875
54 2 1 32.417 10.617 31.445 9.866
55 2 1 32.464 10.645 31.492 9.893
56 2 1 32.492 10.635 31.519 9.884
57 2 1 32.538 10.662 31.566 9.911
58 2 1 32.566 10.653 31.594 9.902
59 2 1 32.613 10.662 31.640 9.911
60 2 1 32.641 10.671 31.668 9.920
61 2 1 32.687 10.680 31.715 9.928
62 2 1 32.715 10.670 31.743 9.919
63 2 1 32.780 10.679 31.808 9.928
64 2 1 32.808 10.669 31.836 9.918
65 2 1 32.854 10.678 31.882 9.927
66 2 1 32.900 10.668 31.928 9.917
67 2 1 32.928 10.677 31.956 9.926
68 2 1 32.975 10.686 32.003 9.935
69 2 1 33.012 10.760 32.123 9.897
70 2 1 33.040 10.704 32.077 9.944
71 2 1 33.077 10.704 32.114 9.943
72 2 1 33.114 10.703 32.152 9.943
73 2 1 33.170 10.721 32.207 9.961
74 2 1 33.188 10.740 32.226 9.980
75 2 1 33.244 10.721 32.282 9.961
76 2 1 33.281 10.757 32.319 9.997
77 2 1 33.318 10.757 32.356 9.997
78 2 1 33.356 10.757 32.393 9.997
79 2 1 33.411 10.775 32.449 10.015
80 2 1 33.467 10.774 32.505 10.014
81 2 1 33.504 10.774 32.542 10.014
82 2 1 33.541 10.774 32.579 10.013
83 2 1 33.560 10.773 32.598 10.013
84 2 1 33.615 10.773 32.653 10.013
85 2 1 33.634 10.791 32.672 10.031
86 2 1 33.671 10.809 32.709 10.049
87 2 1 33.708 10.791 32.746 10.031
88 2 1 33.727 10.809 32.765 10.049
89 2 1 33.727 10.809 32.765 10.049
90 2 1 33.764 10.809 32.802 10.049
91 2 1 33.782 10.808 32.821 10.048
92 2 1 33.838 10.808 32.876 10.048
93 2 1 33.838 10.808 32.876 10.048
94 2 1 33.857 10.826 32.895 10.066
95 2 1 33.912 10.844 32.951 10.084
96 2 1 33.912 10.826 32.951 10.066
97 2 1 33.950 10.844 32.988 10.084
98 2 1 33.986 10.825 33.025 10.065
99 2 1 34.005 10.843 33.044 10.083
100 2 1 34.061 10.843 33.099 10.083
101 2 1 34.061 10.843 33.099 10.083
102 2 1 34.079 10.843 33.118 10.083
103 2 1 34.135 10.861 33.174 10.101
104 2 1 34.135 10.879 33.174 10.119
105 2 1 34.172 10.879 33.211 10.119
106 2 1 34.191 10.879 33.229 10.119
107 2 1 34.228 10.897 33.267 10.137
108 2 1 34.247 10.915 33.285 10.155
109 2 1 34.247 10.915 33.285 10.155
110 2 1 34.284 10.933 33.323 10.174
111 2 1 34.303 10.970 33.342 10.210
112 2 1 34.340 10.988 33.379 10.229
113 2 1 34.377 10.988 33.416 10.228
114 2 1 34.396 11.006 33.435 10.247
115 2 1 34.396 11.043 33.435 10.284
116 2 1 34.433 11.061 33.472 10.302
117 2 1 34.452 11.061 33.491 10.302
118 2 1 34.489 11.079 33.528 10.320
119 2 1 34.526 11.116 33.565 10.357
120 2 1 34.545 11.134 33.584 10.375
121 2 1 34.563 11.134 33.603 10.375
122 2 1 34.601 11.152 33.640 10.393
123 2 1 34.619 11.171 33.659 10.411
124 2 1 34.638 11.171 33.677 10.411
125 2 1 34.675 11.170 33.714 10.411
126 2 1 34.712 11.170 33.751 10.411
127 2 1 34.730 11.170 33.770 10.410
128 2 1 34.749 11.160 33.788 10.401
129 2 1 34.786 11.169 33.825 10.410
130 2 1 34.823 11.169 33.862 10.410
131 2 1 34.860 11.168 33.899 10.409
132 2 1 34.692 11.050 33.909 10.381
133 2 1 34.776 11.095 33.834 10.345
134 2 1 34.822 11.086 33.880 10.335
135 2 1 34.831 11.076 33.889 10.326
136 2 1 34.887 11.085 33.945 10.335
137 2 1 34.933 11.103 34.020 10.436
138 2 1 34.943 11.131 34.011 10.390
139 2 1 34.989 11.130 34.057 10.389
140 2 1 35.017 11.112 34.084 10.370
141 2 1 35.063 11.111 34.131 10.370
142 2 1 35.072 11.111 34.140 10.370
143 2 1 35.119 11.111 34.186 10.370
144 2 1 35.146 11.110 34.214 10.369
145 2 1 35.174 11.110 34.242 10.369
146 2 1 35.202 11.110 34.270 10.369
147 2 1 35.276 11.118 34.483 10.376
148 2 1 35.331 11.109 34.409 10.368
149 2 1 35.414 11.034 34.456 10.450
150 2 1 35.387 11.099 34.464 10.367
151 2 1 35.266 11.026 34.455 10.386
152 2 1 35.349 10.988 34.446 10.404
153 2 1 35.349 11.016 34.493 10.422
154 2 1 35.488 11.033 34.511 10.385
155 2 1 35.488 11.015 34.576 10.412
156 2 1 35.470 11.052 34.575 10.366
157 2 1 35.516 11.051 34.622 10.366
158 2 1 35.618 11.097 34.724 10.411
159 2 1 35.590 11.088 34.696 10.402
160 2 1 35.637 11.087 34.742 10.402
161 2 1 35.609 11.078 34.715 10.393
162 2 1 35.887 11.177 35.067 10.491
163 2 1 35.915 11.168 35.030 10.482
164 2 1 36.091 11.212 35.206 10.527
165 2 1 35.970 11.167 35.086 10.482
166 2 1 36.026 11.167 35.141 10.481
167 2 1 36.007 11.158 35.123 10.472
168 2 1 36.100 11.166 35.215 10.480
169 2 1 36.137 11.184 35.252 10.499
170 2 1 36.183 11.184 35.299 10.498
171 2 1 36.229 11.183 35.345 10.498
172 2 1 36.285 11.183 35.400 10.497
173 2 1 36.322 11.182 35.437 10.497
174 2 1 36.359 11.182 35.474 10.497
175 2 1 36.414 11.181 35.530 10.496
176 2 1 36.470 11.181 35.585 10.496
177 2 1 36.507 11.181 35.622 10.495
178 2 1 36.543 11.180 35.659 10.495
179 2 1 36.580 11.180 35.696 10.495
180 2 1 36.617 11.180 35.733 10.494
181 2 1 36.654 11.179 35.770 10.494
182 2 1 36.691 11.179 35.807 10.494
183 2 1 36.728 11.179 35.844 10.493
184 2 1 36.784 11.178 35.900 10.493
185 2 1 36.839 11.177 35.955 10.492
186 2 1 36.876 11.177 35.992 10.492
187 2 1 36.932 11.177 36.048 10.491
188 2 1 36.821 11.159 35.975 10.622
189 2 1 36.858 11.196 36.123 10.583
190 2 1 36.922 11.158 36.224 10.573
191 2 1 36.895 11.195 36.261 10.554
192 2 1 36.996 11.194 36.150 10.546
193 2 1 37.052 11.194 36.206 10.545
194 2 1 37.089 11.194 36.243 10.545
195 2 1 37.126 11.193 36.279 10.545
196 2 1 37.126 11.175 36.492 10.487
197 2 1 37.218 11.155 36.381 10.507
198 2 1 37.245 11.155 36.409 10.507
199 2 1 37.291 11.127 36.555 10.376
200 2 1 37.328 11.080 36.500 10.432
201 2 1 37.347 11.136 36.537 10.422
202 2 1 37.347 11.117 36.518 10.376
203 2 1 37.411 11.107 36.556 10.496
204 2 1 37.338 11.127 36.565 10.394
205 2 1 37.439 11.116 36.704 10.421
0 3 1 28.639 10.253 27.849 9.563
1 3 1 28.667 10.271 27.840 9.554
2 3 1 28.695 10.289 27.868 9.572
3 3 1 28.751 10.307 27.924 9.590
4 3 1 28.788 10.316 27.961 9.599
5 3 1 28.835 10.344 28.008 9.627
6 3 1 28.882 10.353 28.055 9.636
7 3 1 28.919 10.371 28.092 9.654
8 3 1 28.966 10.389 28.139 9.672
9 3 1 29.022 10.407 28.195 9.690
10 3 1 29.069 10.425 28.242 9.708
11 3 1 29.115 10.443 28.289 9.727
12 3 1 29.162 10.462 28.336 9.745
13 3 1 29.218 10.480 28.392 9.763
14 3 1 29.265 10.507 28.438 9.790
15 3 1 29.321 10.525 28.495 9.808
17 3 1 29.470 10.514 28.644 9.798
18 3 1 29.516 10.523 28.690 9.807
19 3 1 29.545 10.532 28.718 9.816
20 3 1 29.573 10.560 28.746 9.843
21 3 1 29.638 10.569 28.812 9.852
22 3 1 29.685 10.596 28.859 9.879
23 3 1 29.731 10.586 28.905 9.870
24 3 1 29.759 10.614 28.933 9.897
25 3 1 29.824 10.604 28.998 9.887
26 3 1 29.871 10.631 29.045 9.915
27 3 1 29.936 10.640 29.111 9.924
28 3 1 29.983 10.667 29.157 9.951
29 3 1 30.030 10.658 29.204 9.941
30 3 1 30.076 10.685 29.251 9.969
31 3 1 30.142 10.694 29.316 9.978
32 3 1 30.188 10.703 29.363 9.986
33 3 1 30.235 10.712 29.409 9.995
34 3 1 30.281 10.720 29.456 10.004
35 3 1 30.347 10.729 29.521 10.013
36 3 1 30.393 10.756 29.568 10.040
37 3 1 30.440 10.747 29.614 10.031
38 3 1 30.486 10.774 29.661 10.058
39 3 1 30.533 10.783 29.708 10.067
40 3 1 30.561 10.792 29.736 10.076
41 3 1 30.608 10.801 29.782 10.085
42 3 1 30.654 10.828 29.829 10.112
43 3 1 30.701 10.837 29.876 10.121
44 3 1 30.748 10.864 29.923 10.148
45 3 1 30.813 10.873 29.988 10.157
46 3 1 30.841 10.901 30.016 10.185
47 3 1 30.906 10.909 30.081 10.193
48 3 1 30.934 10.937 30.109 10.221
49 3 1 30.999 10.946 30.174 10.230
50 3 1 31.046 10.973 30.221 10.257
51 3 1 31.093 10.982 30.268 10.266
52 3 1 31.139 11.009 30.315 10.293
53 3 1 31.186 10.999 30.361 10.284
54 3 1 31.232 11.027 30.408 10.311
55 3 1 31.279 11.036 30.454 10.320
56 3 1 31.325 11.044 30.501 10.329
57 3 1 31.372 11.053 30.548 10.338
58 3 1 31.418 11.062 30.594 10.346
59 3 1 31.465 11.071 30.641 10.355
60 3 1 31.493 11.080 30.669 10.364
61 3 1 31.558 11.089 30.734 10.373
62 3 1 31.586 11.098 30.762 10.382
63 3 1 31.651 11.088 30.827 10.372
64 3 1 31.679 11.097 30.855 10.381
65 3 1 31.744 11.087 30.920 10.371
66 3 1 31.772 11.096 30.948 10.380
67 3 1 31.837 11.086 31.013 10.371
68 3 1 31.883 11.095 31.059 10.379
69 3 1 31.948 11.085 31.124 10.370
70 3 1 31.995 11.094 31.171 10.378
71 3 1 32.041 11.103 31.217 10.387
72 3 1 32.069 11.112 31.245 10.396
73 3 1 32.115 11.102 31.292 10.387
74 3 1 32.162 11.129 31.338 10.414
75 3 1 32.208 11.120 31.385 10.404
76 3 1 32.236 11.129 31.413 10.413
77 3 1 32.283 11.137 31.459 10.422
78 3 1 32.329 11.146 31.506 10.431
79 3 1 32.376 11.155 31.552 10.440
80 3 1 32.404 11.164 31.580 10.449
81 3 1 32.450 11.154 31.627 10.439
82 3 1 32.497 11.182 31.673 10.467
83 3 1 32.562 11.190 31.738 10.475
84 3 1 32.608 11.199 31.785 10.484
85 3 1 32.655 11.208 31.831 10.493
86 3 1 32.701 11.217 31.878 10.502
87 3 1 32.747 11.226 31.924 10.511
88 3 1 32.794 11.234 31.971 10.519
89 3 1 32.859 11.243 32.036 10.528
90 3 1 32.906 11.270 32.083 10.555
91 3 1 32.952 11.279 32.129 10.564
92 3 1 32.998 11.288 32.176 10.573
93 3 1 33.045 11.297 32.222 10.582
94 3 1 33.092 11.324 32.269 10.609
95 3 1 33.138 11.333 32.315 10.618
96 3 1 33.166 11.342 32.343 10.627
97 3 1 33.212 11.351 32.390 10.636
98 3 1 33.240 11.360 32.418 10.645
99 3 1 33.287 11.369 32.464 10.654
100 3 1 33.333 11.377 32.511 10.663
101 3 1 33.380 11.386 32.557 10.672
102 3 1 33.426 11.395 32.604 10.680
103 3 1 33.472 11.404 32.650 10.689
104 3 1 33.519 11.413 32.696 10.698
105 3 1 33.584 11.421 32.762 10.707
106 3 1 33.630 11.449 32.808 10.734
107 3 1 33.677 11.457 32.855 10.743
108 3 1 33.723 11.485 32.901 10.770
109 3 1 33.770 11.494 32.948 10.779
110 3 1 33.816 11.521 32.994 10.806
111 3 1 33.863 11.530 33.041 10.815
112 3 1 33.891 11.539 33.069 10.824
113 3 1 33.937 11.548 33.115 10.833
114 3 1 33.965 11.575 33.143 10.861
115 3 1 34.011 11.584 33.190 10.869
116 3 1 34.039 11.593 33.218 10.878
117 3 1 34.086 11.602 33.264 10.887
118 3 1 34.114 11.629 33.292 10.915
119 3 1 34.160 11.638 33.338 10.924
120 3 1 34.188 11.665 33.367 10.951
121 3 1 34.235 11.674 33.413 10.960
122 3 1 34.262 11.683 33.441 10.969
123 3 1 34.309 11.692 33.487 10.978
124 3 1 34.337 11.719 33.515 11.005
125 3 1 34.383 11.728 33.562 11.014
126 3 1 34.411 11.756 33.590 11.042
127 3 1 34.458 11.765 33.636 11.050
128 3 1 34.485 11.774 33.664 11.059
129 3 1 34.532 11.782 33.711 11.068
130 3 1 34.560 11.810 33.739 11.096
131 3 1 34.606 11.819 33.785 11.105
132 3 1 34.634 11.828 33.813 11.114
133 3 1 34.680 11.818 33.859 11.104
134 3 1 34.708 11.845 33.887 11.131
135 3 1 34.754 11.836 33.933 11.122
136 3 1 34.801 11.863 33.980 11.149
137 3 1 34.847 11.872 34.026 11.158
138 3 1 34.875 11.881 34.054 11.167
139 3 1 34.895 12.010 34.111 11.351
140 3 1 34.904 12.019 34.093 11.324
141 3 1 34.960 12.028 34.148 11.333
142 3 1 34.978 12.037 34.167 11.342
143 3 1 35.034 12.027 34.222 11.332
144 3 1 35.034 12.036 34.222 11.341
145 3 1 35.071 12.027 34.259 11.332
146 3 1 35.126 12.035 34.315 11.340
147 3 1 35.163 12.044 34.352 11.349
148 3 1 35.201 12.072 34.389 11.377
149 3 1 35.238 12.081 34.427 11.385
150 3 1 35.275 12.089 34.464 11.394
151 3 1 35.312 12.080 34.501 11.385
152 3 1 35.349 12.089 34.538 11.394
153 3 1 35.386 12.079 34.575 11.384
154 3 1 35.423 12.088 34.612 11.393
155 3 1 35.460 12.078 34.649 11.383
156 3 1 35.497 12.087 34.686 11.392
157 3 1 35.534 12.078 34.723 11.383
158 3 1 35.571 12.087 34.760 11.392
159 3 1 35.608 12.077 34.797 11.382
160 3 1 35.645 12.086 34.834 11.391
161 3 1 35.700 12.094 34.890 11.400
162 3 1 35.719 12.104 34.908 11.409
163 3 1 35.775 12.112 34.964 11.417
164 3 1 35.793 12.140 34.983 11.445
165 3 1 35.830 12.130 35.020 11.435
166 3 1 35.867 12.139 35.057 11.444
167 3 1 35.904 12.129 35.094 11.435
168 3 1 35.941 12.138 35.131 11.443
169 3 1 35.978 12.129 35.168 11.434
170 3 1 36.015 12.138 35.205 11.443
171 3 1 36.052 12.128 35.242 11.433
172 3 1 36.089 12.137 35.279 11.442
173 3 1 36.108 12.127 35.297 11.433
174 3 1 36.126 12.136 35.316 11.442
175 3 1 36.163 12.127 35.353 11.432
176 3 1 36.181 12.117 35.371 11.423
177 3 1 36.200 12.108 35.390 11.413
178 3 1 36.274 12.098 35.463 11.403
179 3 1 36.310 12.070 35.500 11.375
180 3 1 36.366 12.060 35.556 11.365
181 3 1 36.403 12.032 35.592 11.337
182 3 1 36.439 12.004 35.629 11.309
183 3 1 36.476 11.976 35.666 11.281
184 3 1 36.513 11.985 35.703 11.290
185 3 1 36.550 11.994 35.740 11.299
186 3 1 36.587 12.002 35.777 11.308
187 3 1 36.643 11.993 35.833 11.298
188 3 1 36.698 12.001 35.888 11.307
189 3 1 36.716 11.992 35.907 11.297
190 3 1 36.772 11.982 35.962 11.288
191 3 1 37.299 12.060 36.406 11.376
192 3 1 37.243 12.061 36.425 11.376
193 3 1 37.290 12.060 36.471 11.375
194 3 1 37.419 12.077 36.509 11.541
195 3 1 37.373 12.143 36.555 11.467
196 3 1 37.420 12.151 36.601 11.476
197 3 1 37.530 12.122 36.639 11.512
198 3 1 37.493 12.049 36.732 11.594
199 3 1 37.512 12.141 36.703 11.493
200 3 1 37.558 12.141 36.749 11.493
201 3 1 37.595 12.214 36.888 11.473
202 3 1 37.696 12.139 37.036 11.564
203 3 1 37.780 12.231 37.036 11.591
204 3 1 37.947 12.257 36.962 11.472
205 3 1 38.094 12.237 37.054 11.471
0 4 1 28.129 10.620 27.396 9.948
1 4 1 28.148 10.638 27.386 9.939
2 4 1 28.186 10.647 27.424 9.948
3 4 1 28.232 10.665 27.470 9.966
4 4 1 28.279 10.665 27.517 9.966
5 4 1 28.326 10.673 27.564 9.974
6 4 1 28.382 10.673 27.620 9.974
7 4 1 28.428 10.672 27.666 9.974
8 4 1 28.484 10.681 27.722 9.982
9 4 1 28.531 10.699 27.769 10.001
10 4 1 28.587 10.708 27.825 10.009
11 4 1 28.634 10.708 27.872 10.009
12 4 1 28.680 10.726 27.919 10.027
13 4 1 28.727 10.735 27.965 10.036
14 4 1 28.774 10.771 28.012 10.073
15 4 1 28.821 10.799 28.059 10.100
17 4 1 28.653 10.791 27.891 10.092
18 4 1 28.700 10.809 27.938 10.110
19 4 1 29.082 10.908 28.247 10.228
20 4 1 29.055 10.908 28.247 10.228
21 4 1 29.101 10.935 28.294 10.256
22 4 1 29.167 10.963 28.359 10.283
23 4 1 29.214 10.990 28.406 10.311
24 4 1 29.279 11.017 28.472 10.338
25 4 1 29.326 11.045 28.518 10.365
26 4 1 29.391 11.053 28.584 10.374
27 4 1 29.438 11.081 28.631 10.401
28 4 1 29.503 11.108 28.696 10.429
29 4 1 29.550 11.135 28.743 10.456
30 4 1 29.615 11.144 28.808 10.465
31 4 1 29.644 11.172 28.836 10.492
32 4 1 29.709 11.180 28.902 10.501
33 4 1 29.737 11.208 28.930 10.529
34 4 1 29.802 11.216 28.995 10.537
35 4 1 29.849 11.225 29.042 10.546
36 4 1 29.914 11.215 29.107 10.536
37 4 1 29.979 11.243 29.172 10.564
38 4 1 30.044 11.251 29.238 10.572
39 4 1 30.091 11.279 29.284 10.600
40 4 1 30.156 11.287 29.350 10.608
41 4 1 30.203 11.315 29.397 10.636
42 4 1 30.250 11.324 29.443 10.645
43 4 1 30.296 11.351 29.490 10.672
44 4 1 30.362 11.378 29.555 10.699
45 4 1 30.390 11.387 29.583 10.708
46 4 1 30.436 11.396 29.630 10.717
47 4 1 30.464 11.423 29.658 10.745
48 4 1 30.530 11.451 29.724 10.772
49 4 1 30.577 11.478 29.770 10.799
50 4 1 30.642 11.505 29.836 10.827
51 4 1 30.689 11.533 29.883 10.854
52 4 1 30.754 11.560 29.948 10.881
53 4 1 30.800 11.569 29.995 10.890
54 4 1 30.866 11.577 30.060 10.899
55 4 1 30.912 11.605 30.106 10.926
56 4 1 30.996 11.613 30.190 10.935
57 4 1 31.043 11.640 30.237 10.962
58 4 1 31.089 11.575 30.284 11.017
59 4 1 31.135 11.602 30.331 11.045
60 4 1 31.182 11.611 30.377 11.053
61 4 1 31.228 11.620 30.424 11.062
62 4 1 31.275 11.610 30.470 11.052
63 4 1 31.321 11.619 30.517 11.061
64 4 1 31.368 11.609 30.563 11.052
65 4 1 31.414 11.618 30.610 11.060
66 4 1 31.479 11.627 30.675 11.069
67 4 1 31.526 11.654 30.722 11.096
68 4 1 31.591 11.644 30.787 11.087
69 4 1 31.638 11.672 30.834 11.114
70 4 1 31.721 11.680 30.917 11.122
71 4 1 31.768 11.707 30.964 11.150
72 4 1 31.814 11.698 31.010 11.140
73 4 1 31.861 11.707 31.057 11.149
74 4 1 31.926 11.715 31.122 11.158
76 4 1 31.916 11.706 31.113 11.148
77 4 1 31.963 11.715 31.159 11.157
78 4 1 32.009 11.714 31.206 11.157
79 4 1 32.074 11.723 31.271 11.165
80 4 1 32.130 11.732 31.327 11.174
82 4 1 32.121 11.723 31.317 11.165
83 4 1 32.186 11.740 31.382 11.183
85 4 1 32.177 11.731 31.373 11.174
86 4 1 32.223 11.740 31.420 11.183
87 4 1 32.270 11.749 31.466 11.191
88 4 1 32.325 11.758 31.522 11.200
89 4 1 32.362 11.757 31.559 11.200
90 4 1 32.400 11.766 31.596 11.209
92 4 1 32.390 11.757 31.587 11.200
93 4 1 32.418 11.757 31.615 11.199
94 4 1 32.465 11.756 31.661 11.199
96 4 1 32.455 11.747 31.652 11.190
97 4 1 33.246 11.971 32.285 11.350
98 4 1 33.292 11.980 32.331 11.359
99 4 1 33.320 11.989 32.359 11.368
100 4 1 33.385 11.997 32.424 11.377
101 4 1 33.431 12.006 32.471 11.386
102 4 1 33.478 12.033 32.517 11.413
103 4 1 33.506 12.042 32.545 11.422
104 4 1 33.571 12.051 32.610 11.431
105 4 1 33.617 12.078 32.657 11.458
106 4 1 33.664 12.106 32.703 11.485
107 4 1 33.710 12.114 32.750 11.494
108 4 1 33.775 12.141 32.815 11.521
109 4 1 33.803 12.150 32.843 11.530
110 4 1 33.850 12.159 32.889 11.539
111 4 1 33.896 12.168 32.936 11.548
112 4 1 33.942 12.177 32.982 11.557
113 4 1 33.970 12.167 33.010 11.547
114 4 1 34.017 12.176 33.056 11.556
115 4 1 34.063 12.185 33.103 11.565
116 4 1 34.109 12.212 33.150 11.592
117 4 1 34.156 12.221 33.196 11.601
118 4 1 34.202 12.230 33.242 11.610
119 4 1 34.100 12.240 33.400 11.618
120 4 1 34.147 12.249 33.437 11.626
121 4 1 34.184 12.239 33.465 11.617
122 4 1 34.230 12.266 33.502 11.644
123 4 1 34.277 12.275 33.549 11.653
124 4 1 34.323 12.302 33.595 11.680
125 4 1 34.416 12.320 33.688 11.707
126 4 1 32.400 11.757 31.596 11.199
127 4 1 34.407 12.311 33.679 11.698
128 4 1 34.453 12.320 33.725 11.707
129 4 1 34.481 12.329 33.753 11.716
130 4 1 34.537 12.337 33.809 11.725
131 4 1 34.583 12.355 33.855 11.743
132 4 1 34.611 12.374 33.883 11.761
133 4 1 32.409 11.766 31.606 11.209
134 4 1 34.759 12.363 34.031 11.750
135 4 1 34.787 12.372 34.059 11.759
136 4 1 34.815 12.381 34.087 11.768
137 4 1 34.861 12.390 34.134 11.777
138 4 1 32.400 11.785 31.596 11.227
139 4 1 35.270 12.617 34.524 11.986
140 4 1 35.251 12.598 34.515 11.977
141 4 1 35.298 12.626 34.561 12.004
142 4 1 35.335 12.625 34.599 12.004
143 4 1 35.381 12.625 34.645 12.003
144 4 1 35.428 12.643 34.691 12.021
145 4 1 35.474 12.652 34.738 12.030
146 4 1 32.400 11.803 31.597 11.246
147 4 1 35.465 12.642 34.728 12.021
148 4 1 35.502 12.651 34.765 12.030
149 4 1 35.548 12.669 34.812 12.048
150 4 1 35.836 12.842 34.998 12.231
151 4 1 35.790 12.833 35.026 12.221
152 4 1 35.836 12.842 35.073 12.230
153 4 1 35.901 12.850 35.137 12.239
154 4 1 35.938 12.859 35.174 12.248
155 4 1 35.984 12.868 35.221 12.256
156 4 1 36.030 12.868 35.267 12.256
157 4 1 32.391 11.822 31.587 11.264
158 4 1 36.021 12.858 35.258 12.247
159 4 1 36.067 12.867 35.304 12.256
160 4 1 36.095 12.885 35.332 12.274
161 4 1 36.151 12.903 35.388 12.292
162 4 1 36.346 13.012 35.638 12.354
163 4 1 36.355 12.984 35.610 12.364
164 4 1 36.401 13.002 35.657 12.382
165 4 1 36.457 13.020 35.712 12.399
166 4 1 36.503 13.038 35.759 12.417
167 4 1 36.540 13.066 35.796 12.445
168 4 1 36.577 13.084 35.833 12.463
169 4 1 36.624 13.102 35.879 12.481
170 4 1 32.382 11.831 31.578 11.274
171 4 1 36.614 13.093 35.870 12.472
172 4 1 36.661 13.101 35.916 12.481
173 4 1 36.707 13.110 35.963 12.489
174 4 1 36.735 13.110 35.990 12.489
175 4 1 36.790 13.118 36.046 12.498
176 4 1 36.836 13.127 36.092 12.507
177 4 1 36.873 13.127 36.129 12.506
178 4 1 36.910 13.126 36.166 12.506
179 4 1 36.957 13.126 36.212 12.505
180 4 1 37.021 13.116 36.277 12.495
181 4 1 37.058 13.116 36.314 12.495
182 4 1 37.427 13.112 36.222 12.579
183 4 1 37.206 13.142 36.434 12.531
184 4 1 37.252 13.141 36.481 12.530
185 4 1 37.307 13.141 36.536 12.530
186 4 1 37.354 13.140 36.582 12.529
187 4 1 37.391 13.140 36.619 12.529
188 4 1 37.428 13.149 36.656 12.538
189 4 1 37.465 13.158 36.693 12.547
190 4 1 37.511 13.157 36.739 12.546
191 4 1 37.723 13.219 36.952 12.572
192 4 1 32.437 11.831 31.634 11.273
193 4 1 37.714 13.201 36.943 12.590
194 4 1 37.751 13.210 36.980 12.599
195 4 1 37.797 13.219 37.026 12.608
196 4 1 37.844 13.237 37.073 12.626
197 4 1 37.890 13.255 37.119 12.644
198 4 1 37.936 13.273 37.165 12.662
199 4 1 37.899 13.255 36.962 12.646
200 4 1 37.872 13.283 37.064 12.654
201 4 1 37.844 13.264 37.073 12.654
202 4 1 37.890 13.273 37.119 12.662
203 4 1 37.927 13.282 37.156 12.671
204 4 1 37.964 13.291 37.193 12.680
205 4 1 38.176 13.289 37.516 12.658
0 5 1 28.933 11.856 27.976 11.104
1 5 1 28.961 11.883 27.957 11.095
2 5 1 28.999 11.901 27.994 11.113
3 5 1 29.036 11.901 28.032 11.113
4 5 1 29.073 11.919 28.069 11.131
5 5 1 29.111 11.919 28.106 11.130
6 5 1 29.148 11.919 28.144 11.130
7 5 1 29.204 11.918 28.200 11.130
8 5 1 29.222 11.918 28.218 11.129
9 5 1 29.278 11.917 28.274 11.129
10 5 1 29.315 11.917 28.311 11.128
11 5 1 29.353 11.935 28.349 11.147
12 5 1 29.390 11.935 28.386 11.146
13 5 1 29.427 11.953 28.424 11.165
14 5 1 29.465 11.943 28.461 11.155
15 5 1 29.521 11.971 28.517 11.182
16 5 1 29.577 11.989 28.573 11.200
17 5 1 29.595 11.979 28.591 11.191
18 5 1 29.651 12.006 28.648 11.218
19 5 1 29.670 12.006 28.666 11.218
20 5 1 29.726 12.024 28.722 11.236
21 5 1 29.744 12.024 28.741 11.236
22 5 1 29.800 12.042 28.797 11.254
23 5 1 29.819 12.042 28.816 11.254
24 5 1 29.875 12.060 28.872 11.272
25 5 1 29.912 12.078 28.909 11.290
26 5 1 29.950 12.087 28.946 11.299
27 5 1 29.987 12.114 28.984 11.326
28 5 1 30.043 12.114 29.040 11.326
29 5 1 30.099 12.122 29.096 11.335
30 5 1 30.118 12.150 29.115 11.362
31 5 1 30.174 12.150 29.171 11.362
32 5 1 30.192 12.159 29.189 11.371
33 5 1 30.248 12.167 29.245 11.379
34 5 1 30.285 12.167 29.282 11.379
35 5 1 30.322 12.157 29.320 11.369
36 5 1 30.360 12.166 29.357 11.378
37 5 1 30.397 12.166 29.394 11.378
38 5 1 30.434 12.156 29.431 11.368
39 5 1 30.471 12.165 29.469 11.377
40 5 1 30.508 12.165 29.506 11.377
41 5 1 30.564 12.155 29.562 11.367
42 5 1 30.620 12.164 29.617 11.376
43 5 1 30.639 12.163 29.636 11.376
44 5 1 30.713 12.153 29.710 11.366
45 5 1 30.750 12.162 29.748 11.375
46 5 1 30.806 12.162 29.804 11.374
47 5 1 30.843 12.152 29.841 11.365
48 5 1 30.880 12.161 29.878 11.373
49 5 1 30.917 12.161 29.915 11.373
50 5 1 30.954 12.151 29.952 11.363
51 5 1 30.992 12.178 29.990 11.391
52 5 1 31.029 12.178 30.027 11.391
53 5 1 31.066 12.168 30.064 11.381
54 5 1 31.103 12.177 30.101 11.390
55 5 1 31.141 12.195 30.139 11.408
56 5 1 31.178 12.186 30.176 11.398
57 5 1 31.215 12.195 30.213 11.407
58 5 1 31.252 12.130 30.251 11.463
59 5 1 31.289 12.148 30.288 11.481
60 5 1 31.345 12.147 30.344 11.480
61 5 1 31.401 12.165 30.400 11.498
62 5 1 31.438 12.183 30.437 11.516
63 5 1 31.494 12.201 30.493 11.534
64 5 1 31.550 12.219 30.549 11.552
65 5 1 31.587 12.237 30.587 11.571
66 5 1 31.643 12.255 30.643 11.589
67 5 1 31.699 12.273 30.699 11.607
68 5 1 31.736 12.291 30.736 11.625
69 5 1 31.773 12.291 30.773 11.624
70 5 1 31.810 12.309 30.810 11.643
71 5 1 31.848 12.309 30.848 11.642
72 5 1 31.885 12.327 30.885 11.660
73 5 1 31.922 12.327 30.922 11.660
74 5 1 31.959 12.345 30.959 11.678
75 5 1 32.015 12.344 31.015 11.678
76 5 1 32.071 12.344 31.071 11.677
77 5 1 32.089 12.362 31.090 11.696
78 5 1 32.164 12.361 31.164 11.695
79 5 1 32.201 12.379 31.201 11.713
80 5 1 32.238 12.379 31.239 11.713
81 5 1 32.294 12.378 31.294 11.712
82 5 1 32.331 12.397 31.332 11.730
83 5 1 32.368 12.396 31.369 11.730
84 5 1 32.405 12.414 31.406 11.748
85 5 1 32.443 12.433 31.443 11.766
86 5 1 32.480 12.432 31.481 11.766
87 5 1 32.517 12.450 31.518 11.784
88 5 1 32.554 12.450 31.555 11.784
89 5 1 32.591 12.468 31.592 11.802
90 5 1 32.629 12.468 31.629 11.801
91 5 1 32.666 12.486 31.667 11.820
92 5 1 32.703 12.485 31.704 11.819
93 5 1 32.740 12.485 31.741 11.819
94 5 1 32.777 12.503 31.778 11.837
95 5 1 32.833 12.503 31.834 11.837
96 5 1 32.889 12.521 31.890 11.855
97 5 1 32.907 12.520 31.908 11.854
98 5 1 32.963 12.520 31.964 11.854
99 5 1 33.000 12.538 32.001 11.872
100 5 1 33.037 12.556 32.039 11.890
101 5 1 33.074 12.556 32.076 11.890
102 5 1 33.112 12.574 32.113 11.908
103 5 1 33.167 12.573 32.169 11.907
104 5 1 33.223 12.573 32.225 11.907
105 5 1 33.241 12.573 32.243 11.907
106 5 1 33.297 12.572 32.299 11.906
107 5 1 33.316 12.590 32.318 11.924
108 5 1 33.371 12.571 32.373 11.905
109 5 1 33.390 12.571 32.392 11.905
110 5 1 33.464 12.570 32.466 11.904
111 5 1 33.501 12.570 32.503 11.904
112 5 1 33.538 12.570 32.540 11.904
113 5 1 33.594 12.569 32.596 11.903
114 5 1 33.612 12.569 32.614 11.903
115 5 1 33.668 12.568 32.670 11.902
116 5 1 33.705 12.568 32.707 11.902
117 5 1 33.742 12.567 32.744 11.902
118 5 1 33.779 12.567 32.781 11.901
119 5 1 33.696 12.577 32.958 11.909
120 5 1 33.723 12.568 32.985 11.899
121 5 1 33.761 12.586 33.023 11.917
122 5 1 33.816 12.585 33.078 11.917
123 5 1 33.872 12.585 33.134 11.916
124 5 1 33.890 12.603 33.153 11.935
125 5 1 33.928 12.603 33.190 11.934
126 5 1 33.965 12.602 33.227 11.934
127 5 1 34.002 12.620 33.264 11.952
128 5 1 34.039 12.620 33.301 11.952
129 5 1 34.076 12.620 33.338 11.951
130 5 1 34.132 12.637 33.394 11.969
131 5 1 34.150 12.637 33.412 11.969
132 5 1 34.206 12.655 33.468 11.987
133 5 1 34.225 12.674 33.487 12.005
134 5 1 34.262 12.673 33.524 12.005
135 5 1 34.299 12.691 33.561 12.023
136 5 1 34.354 12.691 33.617 12.023
137 5 1 34.373 12.709 33.635 12.041
138 5 1 34.410 12.709 33.673 12.041
139 5 1 34.447 12.708 33.710 12.040
140 5 1 34.484 12.726 33.747 12.058
141 5 1 34.521 12.726 33.784 12.058
142 5 1 34.540 12.726 33.802 12.058
143 5 1 34.549 12.726 33.812 12.058
144 5 1 34.614 12.725 33.877 12.057
145 5 1 34.632 12.725 33.895 12.057
146 5 1 34.623 12.679 33.885 12.011
147 5 1 34.706 12.706 33.969 12.038
148 5 1 34.762 12.705 34.025 12.037
149 5 1 34.835 12.593 33.941 11.973
150 5 1 34.780 12.640 34.015 11.963
151 5 1 34.918 12.583 33.941 11.982
152 5 1 34.817 12.612 34.042 11.944
153 5 1 34.937 12.574 33.987 12.000
154 5 1 35.011 12.582 34.098 11.925
155 5 1 34.992 12.582 34.172 11.934
156 5 1 34.974 12.583 34.181 11.925
157 5 1 35.001 12.573 34.209 11.915
158 5 1 35.020 12.573 34.227 11.915
159 5 1 35.066 12.572 34.274 11.914
160 5 1 35.103 12.572 34.311 11.914
161 5 1 35.131 12.572 34.338 11.914
162 5 1 35.168 12.571 34.376 11.913
163 5 1 35.205 12.571 34.413 11.913
164 5 1 35.242 12.571 34.450 11.913
165 5 1 35.270 12.570 34.477 11.912
166 5 1 35.307 12.570 34.514 11.912
168 5 1 35.297 12.561 34.505 11.903
169 5 1 35.325 12.551 34.533 11.893
170 5 1 35.577 12.789 34.654 11.975
171 5 1 35.502 12.697 34.710 12.040
172 5 1 35.539 12.697 34.747 12.039
173 5 1 35.576 12.697 34.784 12.039
174 5 1 35.613 12.706 34.821 12.048
175 5 1 35.630 12.567 35.043 12.036
176 5 1 35.714 12.631 34.941 11.982
177 5 1 35.751 12.630 34.987 11.981
178 5 1 35.788 12.621 35.024 11.972
179 5 1 35.825 12.620 35.061 11.971
180 5 1 35.862 12.611 35.098 11.962
181 5 1 35.917 12.610 35.154 11.961
182 5 1 35.954 12.600 35.190 11.952
183 5 1 36.000 12.591 35.237 11.942
184 5 1 36.037 12.590 35.274 11.942
185 5 1 36.084 12.590 35.320 11.941
186 5 1 36.121 12.580 35.357 11.931
187 5 1 36.167 12.580 35.403 11.931
188 5 1 36.204 12.579 35.440 11.931
189 5 1 36.250 12.579 35.486 11.930
190 5 1 36.287 12.578 35.523 11.930
191 5 1 36.334 12.689 35.550 11.819
192 5 1 36.324 12.578 35.560 11.920
193 5 1 36.286 12.468 35.681 11.928
194 5 1 36.360 12.522 35.606 11.874
195 5 1 36.314 12.467 35.736 11.965
196 5 1 36.397 12.466 35.875 11.936
197 5 1 36.490 12.512 35.763 11.881
198 5 1 36.527 12.521 35.800 11.890
199 5 1 36.554 12.530 35.828 11.899
200 5 1 36.601 12.529 35.875 11.899
201 5 1 36.638 12.547 35.912 11.917
202 5 1 36.684 12.556 35.958 11.926
203 5 1 36.730 12.574 36.004 11.944
204 5 1 37.036 12.682 36.198 11.914
205 5 1 37.064 12.709 36.217 11.951
0 9 2 52.142 10.124 50.390 9.488
1 9 2 52.051 10.088 50.372 9.479
2 9 2 51.933 10.089 50.372 9.488
3 9 2 51.778 10.118 50.263 9.461
4 9 2 51.742 10.073 50.016 9.464
5 9 2 51.614 10.074 49.925 9.455
6 9 2 51.578 10.065 49.798 9.502
7 9 2 51.423 10.085 49.615 9.485
8 9 2 51.195 10.077 49.515 9.422
9 9 2 51.123 10.069 49.487 9.395
10 9 2 50.986 10.006 49.323 9.387
11 9 2 50.876 9.998 49.231 9.369
12 9 2 50.830 9.952 49.039 9.325
13 9 2 50.621 9.963 48.948 9.317
14 9 2 50.502 9.955 48.775 9.318
15 9 2 50.384 9.956 48.774 9.254
16 9 2 50.293 9.966 48.729 9.272
17 9 2 50.192 9.930 48.537 9.237
18 9 2 50.165 9.921 48.382 9.257
19 9 2 49.919 9.896 48.236 9.277
20 9 2 49.773 9.907 48.117 9.241
21 9 2 49.709 9.898 48.107 9.232
22 9 2 49.682 9.889 48.034 9.242
23 9 2 49.499 9.863 47.787 9.198
24 9 2 49.453 9.854 47.678 9.199
25 9 2 49.307 9.837 47.604 9.172
26 9 2 49.097 9.867 47.431 9.164
27 9 2 49.043 9.840 47.366 9.109
28 9 2 48.905 9.731 47.668 9.171
29 9 2 48.860 9.786 47.101 9.112
30 9 2 48.768 9.750 47.046 9.130
31 9 2 48.540 9.761 46.836 9.132
32 9 2 48.412 9.808 46.735 9.078
33 9 2 48.367 9.809 46.708 9.069
34 9 2 48.312 9.809 46.689 9.051
35 9 2 48.147 9.802 46.579 9.079
36 9 2 48.175 9.737 46.562 9.135
37 9 2 48.056 9.738 46.443 9.136
38 9 2 47.745 9.713 46.223 9.110
39 9 2 47.580 9.705 46.360 9.090
40 9 2 47.507 9.688 46.351 9.109
41 9 2 47.772 9.695 46.168 9.092
42 9 2 47.269 9.653 46.076 9.065
43 9 2 47.653 9.686 46.049 9.084
44 9 2 47.544 9.669 45.939 9.066
45 9 2 47.416 9.670 45.810 9.067
46 9 2 47.288 9.671 45.682 9.068
47 9 2 47.178 9.654 45.572 9.051
48 9 2 47.068 9.636 45.462 9.033
49 9 2 46.958 9.637 45.352 9.034
50 9 2 46.473 9.586 44.784 9.030
51 9 2 46.244 9.579 44.619 8.995
52 9 2 46.253 9.607 44.582 8.958
53 9 2 46.217 9.570 44.609 8.985
54 9 2 46.107 9.571 44.499 8.986
55 9 2 45.997 9.554 44.389 8.969
56 9 2 45.868 9.536 44.261 8.951
57 9 2 45.502 9.540 43.930 8.871
58 9 2 45.502 9.530 43.902 8.853
59 9 2 45.337 9.477 43.773 8.808
60 9 2 45.117 9.524 43.562 8.736
61 9 2 44.998 9.507 43.691 8.827
62 9 2 44.906 9.443 43.378 8.765
63 9 2 44.787 9.444 43.341 8.719
64 9 2 44.622 9.437 43.194 8.702
65 9 2 44.575 9.382 43.020 8.713
66 9 2 44.575 9.336 43.020 8.750
67 9 2 44.263 9.320 42.983 8.741
68 9 2 44.172 9.367 42.735 8.660
69 9 2 44.061 9.313 42.523 8.662
70 9 2 43.832 9.305 42.413 8.635
71 9 2 43.786 9.306 42.423 8.681
72 9 2 43.868 9.277 42.349 8.691
73 9 2 43.584 9.298 41.945 8.685
74 9 2 43.437 9.299 41.898 8.658
75 9 2 43.318 9.282 41.761 8.696
76 9 2 43.299 9.273 41.779 8.686
77 9 2 43.134 9.247 41.429 8.661
78 9 2 42.941 9.267 41.448 8.717
79 9 2 42.877 9.267 41.328 8.662
80 9 2 42.776 9.231 41.236 8.598
81 9 2 42.675 9.288 41.153 8.645
82 9 2 42.675 9.251 41.163 8.673
83 9 2 42.555 9.261 41.043 8.683
84 9 2 42.252 9.236 40.583 8.659
85 9 2 42.206 9.218 40.454 8.679
86 9 2 42.178 9.227 40.665 8.649
87 9 2 42.059 9.237 40.546 8.660
88 9 2 41.921 9.248 40.408 8.670
89 9 2 41.802 9.258 40.288 8.680
90 9 2 41.645 9.269 40.132 8.691
91 9 2 41.370 9.345 39.828 8.767
92 9 2 41.232 9.365 39.534 8.816
93 9 2 41.039 9.394 39.469 8.835
94 9 2 41.049 9.458 39.303 8.827
95 9 2 41.002 9.385 39.488 8.825
96 9 2 40.883 9.414 39.368 8.854
97 9 2 40.727 9.443 39.211 8.883
98 9 2 40.304 9.548 38.944 8.839
99 9 2 40.598 9.444 39.082 8.884
100 9 2 40.478 9.454 38.963 8.894
101 9 2 40.340 9.483 38.824 8.923
102 9 2 40.221 9.493 38.705 8.933
103 9 2 40.083 9.522 38.566 8.962
104 9 2 39.963 9.551 38.447 8.991
105 9 2 39.825 9.580 38.309 9.020
106 9 2 39.705 9.590 38.189 9.030
107 9 2 39.567 9.619 38.050 9.059
108 9 2 39.429 9.629 37.912 9.070
109 9 2 39.291 9.658 37.774 9.098
110 9 2 39.171 9.669 37.654 9.109
111 9 2 39.033 9.697 37.516 9.138
112 9 2 38.914 9.708 37.396 9.148
113 9 2 38.775 9.737 37.257 9.177
114 9 2 38.656 9.747 37.137 9.187
115 9 2 38.517 9.776 36.999 9.216
116 9 2 38.398 9.786 36.879 9.226
117 9 2 38.259 9.815 36.740 9.255
118 9 2 38.140 9.825 36.620 9.265
119 9 2 38.001 9.836 36.482 9.276
120 9 2 37.881 9.846 36.362 9.286
121 9 2 37.743 9.857 36.223 9.297
122 9 2 37.623 9.867 36.103 9.307
123 9 2 37.485 9.877 35.964 9.317
124 9 2 37.365 9.888 35.844 9.328
125 9 2 37.226 9.898 35.705 9.338
126 9 2 37.106 9.890 35.585 9.330
127 9 2 36.967 9.901 35.446 9.340
128 9 2 36.847 9.911 35.326 9.351
129 9 2 36.709 9.921 35.187 9.361
130 9 2 36.589 9.913 35.067 9.353
131 9 2 36.450 9.924 34.928 9.363
132 9 2 36.330 9.915 34.808 9.355
133 9 2 36.191 9.926 34.669 9.365
134 9 2 36.071 9.936 34.549 9.376
135 9 2 35.932 9.947 34.410 9.386
136 9 2 35.794 9.939 34.271 9.378
137 9 2 35.655 9.949 34.132 9.389
138 9 2 35.535 9.941 34.011 9.380
139 9 2 35.414 9.951 33.891 9.391
140 9 2 35.294 9.962 33.770 9.401
141 9 2 35.155 9.954 33.631 9.393
142 9 2 35.016 9.946 33.492 9.385
143 9 2 34.591 10.014 33.000 9.343
144 9 2 34.563 9.959 33.038 9.398
145 9 2 34.442 9.951 32.917 9.390
146 9 2 34.303 9.961 32.778 9.400
147 9 2 34.183 9.953 32.657 9.392
148 9 2 33.942 10.011 32.397 9.339
149 9 2 33.933 9.946 32.407 9.385
150 9 2 33.812 9.938 32.286 9.377
151 9 2 33.673 9.930 32.146 9.368
152 9 2 33.534 9.922 32.007 9.360
153 9 2 33.395 9.914 31.868 9.352
154 9 2 33.274 9.887 31.747 9.326
155 9 2 33.153 9.879 31.626 9.317
156 9 2 33.014 9.852 31.486 9.291
157 9 2 32.875 9.844 31.347 9.283
158 9 2 32.754 9.836 31.226 9.274
159 9 2 32.633 9.828 31.105 9.266
160 9 2 32.512 9.801 30.984 9.239
161 9 2 32.373 9.774 30.844 9.213
162 9 2 32.252 9.748 30.723 9.186
163 9 2 32.113 9.740 30.583 9.178
164 9 2 31.992 9.713 30.462 9.151
165 9 2 31.592 9.688 30.219 9.023
166 9 2 31.843 9.677 30.313 9.115
167 9 2 31.722 9.650 30.192 9.088
168 9 2 31.601 9.623 30.071 9.061
169 9 2 31.461 9.597 29.931 9.035
170 9 2 31.340 9.552 29.809 8.989
171 9 2 31.219 9.525 29.688 8.963
172 9 2 31.098 9.498 29.567 8.936
173 9 2 30.958 9.471 29.427 8.909
174 9 2 30.837 9.426 29.306 8.864
175 9 2 30.716 9.399 29.184 8.837
176 9 2 30.399 9.402 28.801 8.701
177 9 2 30.380 9.328 28.848 8.765
178 9 2 30.259 9.301 28.727 8.738
179 9 2 30.119 9.274 28.587 8.712
180 9 2 30.016 9.229 28.484 8.666
181 9 2 29.876 9.184 28.344 8.621
182 9 2 29.774 9.138 28.241 8.575
183 9 2 29.634 9.111 28.100 8.548
184 9 2 29.559 9.131 27.876 8.457
185 9 2 29.484 9.066 27.951 8.503
186 9 2 29.363 9.039 27.829 8.476
187 9 2 29.242 8.994 27.708 8.431
188 9 2 29.045 8.875 27.427 8.349
189 9 2 29.008 8.894 27.473 8.340
190 9 2 28.886 8.858 27.352 8.303
191 9 2 28.765 8.822 27.230 8.267
192 9 2 28.643 8.785 27.108 8.231
193 9 2 28.522 8.731 26.987 8.176
194 9 2 28.381 8.676 26.846 8.122
195 9 2 28.260 8.640 26.724 8.085
196 9 2 28.138 8.604 26.602 8.049
197 9 2 28.017 8.568 26.481 8.013
198 9 2 27.876 8.513 26.340 7.958
199 9 2 27.773 8.458 26.237 7.903
200 9 2 27.652 8.440 26.115 7.885
201 9 2 27.549 8.386 26.012 7.830
202 9 2 27.408 8.349 25.871 7.794
203 9 2 27.305 8.313 25.768 7.758
204 9 2 27.248 8.156 25.579 7.527
205 9 2 27.182 8.128 25.645 7.573
