0 0 1 32.099 9.984 31.386 9.335
1 0 1 32.081 9.957 31.414 9.498
2 0 1 32.081 9.957 31.414 9.489
3 0 1 32.117 9.957 31.451 9.489
4 0 1 32.153 9.957 31.487 9.488
5 0 1 32.190 9.957 31.523 9.488
6 0 1 32.226 9.957 31.560 9.488
7 0 1 32.262 9.956 31.596 9.488
8 0 1 32.299 9.956 31.633 9.488
9 0 1 32.408 10.064 31.723 9.342
10 0 1 32.444 9.983 31.696 9.460
11 0 1 32.408 9.992 31.724 9.451
12 0 1 32.517 9.982 31.714 9.415
13 0 1 32.545 9.991 31.724 9.442
14 0 1 32.636 10.072 31.851 9.405
15 0 1 32.654 10.117 31.924 9.432
16 0 1 32.645 10.054 31.915 9.486
17 0 1 32.672 10.054 31.942 9.486
18 0 1 32.699 10.054 31.969 9.486
19 0 1 32.772 10.044 32.097 9.449
20 0 1 32.790 10.026 32.069 9.458
21 0 1 32.827 10.026 32.106 9.458
22 0 1 32.854 10.026 32.133 9.458
23 0 1 32.881 10.025 32.160 9.458
24 0 1 32.917 10.025 32.197 9.458
25 0 1 32.954 10.025 32.233 9.457
26 0 1 32.990 10.025 32.270 9.457
27 0 1 33.027 10.034 32.306 9.466
28 0 1 33.063 10.034 32.342 9.466
29 0 1 33.099 10.033 32.379 9.466
30 0 1 33.136 10.042 32.415 9.475
31 0 1 33.172 10.042 32.452 9.474
32 0 1 33.217 10.051 32.497 9.483
33 0 1 33.254 10.051 32.533 9.483
34 0 1 33.290 10.059 32.570 9.492
35 0 1 33.327 10.059 32.606 9.492
36 0 1 33.363 10.068 32.643 9.501
37 0 1 33.336 10.032 32.688 9.446
38 0 1 33.372 10.050 32.752 9.455
39 0 1 33.408 10.032 32.706 9.464
40 0 1 33.435 10.041 32.733 9.473
41 0 1 33.463 10.040 32.761 9.473
42 0 1 33.499 10.040 32.797 9.473
43 0 1 33.535 10.049 32.833 9.481
44 0 1 33.563 10.049 32.861 9.481
45 0 1 33.599 10.049 32.897 9.481
46 0 1 33.635 10.048 32.933 9.481
47 0 1 33.663 10.048 32.961 9.481
48 0 1 33.699 10.048 32.997 9.481
49 0 1 33.735 10.048 33.033 9.480
50 0 1 33.726 10.075 33.106 9.516
51 0 1 33.753 10.021 33.115 9.516
52 0 1 33.772 10.039 33.088 9.489
53 0 1 33.799 10.039 33.115 9.489
54 0 1 33.835 10.038 33.152 9.489
55 0 1 33.871 10.038 33.188 9.489
56 0 1 33.908 10.029 33.224 9.479
57 0 1 33.935 10.029 33.252 9.479
58 0 1 33.971 10.019 33.288 9.470
59 0 1 33.999 10.019 33.315 9.470
60 0 1 34.026 10.010 33.342 9.461
61 0 1 34.071 10.019 33.533 9.505
62 0 1 34.072 10.128 33.569 9.468
63 0 1 34.144 10.064 33.488 9.523
64 0 1 34.125 9.991 33.669 9.468
65 0 1 34.216 10.000 33.579 9.468
66 0 1 34.244 10.000 33.606 9.468
67 0 1 34.271 10.000 33.633 9.468
68 0 1 34.307 9.999 33.669 9.468
69 0 1 34.343 10.008 33.706 9.477
70 0 1 34.371 10.008 33.733 9.477
71 0 1 34.398 10.008 33.760 9.476
72 0 1 34.443 10.008 33.806 9.476
73 0 1 34.470 10.017 33.833 9.485
74 0 1 34.516 10.016 33.878 9.485
75 0 1 34.543 10.025 33.906 9.494
76 0 1 34.579 10.025 33.942 9.494
77 0 1 34.616 10.025 33.978 9.493
78 0 1 34.643 10.034 34.005 9.502
79 0 1 34.661 10.034 34.024 9.502
80 0 1 34.688 10.034 34.051 9.502
81 0 1 34.725 10.033 34.087 9.502
82 0 1 34.761 10.042 34.124 9.511
83 0 1 34.788 10.042 34.151 9.511
84 0 1 34.806 10.042 34.169 9.511
85 0 1 34.834 10.042 34.196 9.510
86 0 1 34.870 10.042 34.232 9.510
87 0 1 34.906 10.041 34.269 9.510
88 0 1 34.933 10.041 34.296 9.510
89 0 1 34.960 10.041 34.323 9.510
90 0 1 34.997 10.032 34.360 9.501
91 0 1 35.033 10.032 34.396 9.500
92 0 1 35.069 10.022 34.432 9.491
93 0 1 35.096 10.022 34.459 9.491
94 0 1 35.124 10.013 34.486 9.482
95 0 1 35.169 10.004 34.532 9.472
96 0 1 35.196 9.994 34.559 9.463
97 0 1 35.232 9.994 34.595 9.463
98 0 1 35.269 9.985 34.632 9.454
99 0 1 35.296 9.976 34.659 9.445
100 0 1 35.323 9.976 34.686 9.444
101 0 1 35.359 9.966 34.722 9.435
102 0 1 35.386 9.966 34.749 9.435
103 0 1 35.404 9.966 34.768 9.435
104 0 1 35.432 9.957 34.795 9.426
105 0 1 35.468 9.957 34.831 9.426
106 0 1 35.495 9.957 34.858 9.425
107 0 1 35.513 9.956 34.876 9.425
108 0 1 35.540 9.956 34.904 9.425
109 0 1 35.577 9.956 34.940 9.425
110 0 1 35.604 9.956 34.967 9.425
111 0 1 35.631 9.956 34.994 9.425
112 0 1 35.667 9.956 35.031 9.424
113 0 1 35.694 9.955 35.058 9.424
114 0 1 35.722 9.964 35.085 9.433
115 0 1 35.758 9.964 35.121 9.433
116 0 1 35.794 9.964 35.158 9.433
117 0 1 35.894 10.009 35.203 9.442
119 0 1 35.867 9.991 35.230 9.460
120 0 1 35.894 9.991 35.257 9.460
121 0 1 35.912 10.000 35.276 9.469
122 0 1 35.894 10.054 35.302 9.378
123 0 1 35.885 10.054 35.357 9.377
124 0 1 35.931 10.117 35.447 9.341
125 0 1 35.949 10.072 35.511 9.368
126 0 1 36.012 10.026 35.574 9.404
127 0 1 36.039 10.089 35.574 9.385
128 0 1 35.894 9.945 35.275 9.414
129 0 1 35.921 9.945 35.303 9.414
130 0 1 35.939 9.945 35.321 9.414
131 0 1 35.975 9.936 35.357 9.405
132 0 1 36.002 9.936 35.384 9.405
133 0 1 36.048 9.935 35.429 9.404
134 0 1 36.075 9.926 35.457 9.395
135 0 1 36.111 9.926 35.493 9.395
136 0 1 36.147 9.917 35.529 9.386
138 0 1 36.392 10.006 35.647 9.403
139 0 1 36.311 9.961 35.692 9.430
140 0 1 36.483 9.978 35.674 9.439
141 0 1 36.474 10.005 35.710 9.430
142 0 1 36.510 9.978 35.801 9.457
143 0 1 36.455 9.978 35.837 9.456
144 0 1 36.573 9.923 35.874 9.465
145 0 1 36.627 9.923 35.964 9.465
146 0 1 36.600 9.941 35.982 9.438
147 0 1 36.628 9.986 36.091 9.428
148 0 1 36.664 9.950 36.055 9.446
149 0 1 36.691 9.950 36.082 9.446
150 0 1 36.718 9.950 36.109 9.446
151 0 1 36.745 9.950 36.136 9.446
152 0 1 36.772 9.959 36.164 9.455
153 0 1 36.863 9.940 36.299 9.436
154 0 1 36.872 9.940 36.272 9.436
155 0 1 36.899 9.940 36.299 9.436
156 0 1 36.935 9.967 36.263 9.427
157 0 1 36.953 9.976 36.272 9.445
158 0 1 36.908 9.958 36.308 9.454
159 0 1 36.935 9.958 36.336 9.454
160 0 1 36.971 9.966 36.372 9.463
161 0 1 36.999 9.975 36.399 9.472
162 0 1 37.026 9.966 36.426 9.462
163 0 1 37.062 9.975 36.462 9.471
164 0 1 37.089 9.975 36.490 9.471
165 0 1 37.107 9.975 36.508 9.471
166 0 1 37.152 9.984 36.553 9.480
168 0 1 37.143 9.975 36.544 9.471
169 0 1 37.171 9.983 36.571 9.480
170 0 1 37.207 9.992 36.607 9.489
171 0 1 37.234 9.992 36.635 9.488
172 0 1 37.261 9.992 36.662 9.488
173 0 1 37.297 10.001 36.698 9.497
174 0 1 37.324 10.001 36.725 9.497
175 0 1 37.352 10.001 36.752 9.497
176 0 1 37.388 10.000 36.788 9.497
177 0 1 37.424 10.000 36.825 9.497
178 0 1 37.460 9.991 36.861 9.487
180 0 1 37.451 9.982 36.852 9.478
181 0 1 37.487 9.982 36.888 9.478
182 0 1 37.514 9.982 36.915 9.478
183 0 1 37.559 9.981 36.960 9.478
0 1 1 32.347 10.673 31.790 10.059
1 1 1 32.365 10.691 31.781 10.050
2 1 1 32.393 10.700 31.808 10.059
3 1 1 32.429 10.709 31.844 10.068
4 1 1 32.466 10.708 31.881 10.067
5 1 1 32.502 10.717 31.917 10.076
6 1 1 32.529 10.726 31.945 10.085
7 1 1 32.557 10.735 31.972 10.094
8 1 1 32.602 10.744 32.017 10.103
9 1 1 32.629 10.753 32.045 10.112
10 1 1 32.675 10.771 32.090 10.130
11 1 1 32.711 10.780 32.127 10.139
12 1 1 32.748 10.797 32.163 10.157
13 1 1 32.784 10.806 32.200 10.165
14 1 1 32.821 10.815 32.236 10.174
15 1 1 32.848 10.824 32.263 10.183
16 1 1 32.884 10.833 32.300 10.192
17 1 1 32.921 10.842 32.336 10.201
18 1 1 32.948 10.851 32.364 10.210
19 1 1 32.966 10.860 32.382 10.219
20 1 1 32.993 10.860 32.409 10.219
21 1 1 33.030 10.868 32.445 10.228
22 1 1 33.066 10.868 32.482 10.227
23 1 1 33.094 10.877 32.509 10.236
24 1 1 33.121 10.877 32.536 10.236
25 1 1 33.157 10.877 32.573 10.236
26 1 1 33.194 10.876 32.609 10.236
27 1 1 33.221 10.876 32.636 10.236
28 1 1 33.248 10.876 32.664 10.235
29 1 1 33.293 10.876 32.709 10.235
30 1 1 33.321 10.876 32.736 10.235
31 1 1 33.366 10.875 32.782 10.235
32 1 1 33.393 10.875 32.809 10.235
33 1 1 33.557 10.901 32.682 10.335
34 1 1 33.457 10.920 32.782 10.307
35 1 1 33.484 10.920 32.809 10.307
36 1 1 33.512 10.929 32.837 10.316
37 1 1 33.648 10.883 32.864 10.325
38 1 1 33.648 10.937 32.855 10.316
39 1 1 33.603 10.919 32.891 10.325
40 1 1 33.621 10.919 32.910 10.325
41 1 1 33.648 10.928 32.937 10.334
42 1 1 33.739 10.955 33.073 10.387
43 1 1 33.748 10.955 33.046 10.369
44 1 1 33.775 10.955 33.073 10.369
45 1 1 33.803 10.963 33.101 10.378
46 1 1 33.830 10.963 33.128 10.378
47 1 1 33.848 10.972 33.146 10.387
48 1 1 33.875 10.972 33.173 10.387
49 1 1 33.903 10.981 33.201 10.396
51 1 1 33.893 10.972 33.192 10.387
52 1 1 33.921 10.972 33.219 10.386
53 1 1 33.948 10.981 33.246 10.395
54 1 1 33.975 10.990 33.273 10.404
55 1 1 34.012 10.998 33.310 10.413
56 1 1 34.039 10.998 33.337 10.413
57 1 1 34.066 11.007 33.364 10.422
58 1 1 34.166 11.043 33.309 10.313
59 1 1 34.093 10.980 33.382 10.386
60 1 1 34.120 10.980 33.410 10.385
61 1 1 34.139 10.989 33.428 10.394
62 1 1 34.166 10.998 33.455 10.403
63 1 1 34.193 10.988 33.482 10.394
64 1 1 34.211 10.997 33.501 10.403
65 1 1 34.229 10.988 33.519 10.394
66 1 1 34.257 10.997 33.546 10.403
67 1 1 34.284 10.988 33.573 10.393
68 1 1 34.302 10.997 33.591 10.402
69 1 1 34.320 10.978 33.609 10.384
70 1 1 34.347 10.978 33.637 10.384
71 1 1 34.384 10.978 33.673 10.384
72 1 1 34.402 10.969 33.691 10.375
73 1 1 34.429 10.978 33.718 10.384
74 1 1 34.693 11.076 33.800 10.256
75 1 1 34.674 11.076 33.836 10.238
76 1 1 34.610 10.968 33.882 10.337
77 1 1 34.665 11.094 33.827 10.292
78 1 1 34.656 11.094 33.854 10.283
79 1 1 34.620 11.013 33.891 10.364
80 1 1 34.693 11.067 33.900 10.237
81 1 1 34.684 11.112 33.927 10.228
82 1 1 34.674 11.058 33.900 10.328
83 1 1 34.720 11.085 33.999 10.264
84 1 1 34.729 11.085 34.072 10.200
85 1 1 34.747 10.976 34.036 10.300
86 1 1 34.774 10.976 34.063 10.300
87 1 1 34.792 10.976 34.081 10.300
88 1 1 34.819 10.966 34.109 10.291
89 1 1 35.019 11.128 34.271 10.127
90 1 1 35.119 11.082 34.290 10.163
91 1 1 34.837 10.948 34.127 10.272
92 1 1 35.255 11.100 34.271 10.181
93 1 1 34.855 10.939 34.145 10.263
94 1 1 34.883 10.939 34.172 10.263
95 1 1 34.910 10.939 34.199 10.263
96 1 1 34.955 10.938 34.245 10.263
97 1 1 34.982 10.938 34.272 10.263
98 1 1 35.028 10.938 34.317 10.262
99 1 1 35.064 10.938 34.354 10.262
100 1 1 35.100 10.937 34.390 10.262
101 1 1 35.136 10.937 34.426 10.262
102 1 1 35.391 11.044 34.689 10.197
103 1 1 35.372 10.954 34.671 10.278
104 1 1 35.409 10.954 34.707 10.278
105 1 1 35.436 10.954 34.735 10.278
106 1 1 35.463 10.953 34.762 10.278
107 1 1 35.499 10.953 34.798 10.278
108 1 1 35.526 10.944 34.825 10.268
109 1 1 35.563 10.944 34.862 10.268
110 1 1 35.590 10.944 34.889 10.268
111 1 1 35.626 10.934 34.925 10.259
112 1 1 35.653 10.925 34.952 10.250
113 1 1 35.689 10.916 34.989 10.240
114 1 1 35.726 10.916 35.025 10.240
115 1 1 35.762 10.906 35.061 10.231
116 1 1 35.798 10.897 35.097 10.222
117 1 1 35.843 10.888 35.143 10.212
119 1 1 35.952 10.932 35.116 10.321
120 1 1 35.961 10.905 35.261 10.266
121 1 1 35.952 10.959 35.306 10.238
122 1 1 35.970 10.923 35.279 10.266
123 1 1 36.007 10.914 35.315 10.257
124 1 1 36.043 10.914 35.351 10.256
125 1 1 36.070 10.913 35.378 10.256
126 1 1 36.097 10.913 35.406 10.256
127 1 1 36.133 10.913 35.442 10.256
128 1 1 36.161 10.913 35.469 10.256
129 1 1 36.188 10.913 35.496 10.256
130 1 1 36.233 10.912 35.542 10.255
131 1 1 36.269 10.912 35.578 10.255
132 1 1 36.305 10.912 35.614 10.255
133 1 1 36.342 10.921 35.650 10.264
134 1 1 36.378 10.921 35.687 10.263
135 1 1 36.414 10.920 35.723 10.263
136 1 1 36.450 10.920 35.759 10.263
138 1 1 36.523 10.920 35.832 10.263
139 1 1 36.550 10.920 35.859 10.263
140 1 1 36.622 10.928 35.940 10.253
141 1 1 36.641 10.982 36.031 10.225
142 1 1 36.668 10.928 35.995 10.271
143 1 1 36.695 10.928 36.022 10.271
144 1 1 36.722 10.928 36.049 10.270
145 1 1 36.758 10.918 36.085 10.261
146 1 1 36.785 10.918 36.113 10.261
147 1 1 36.803 10.918 36.131 10.261
148 1 1 37.319 10.942 36.167 10.188
149 1 1 36.821 10.900 36.149 10.243
150 1 1 37.365 10.951 36.131 10.234
151 1 1 36.840 10.891 36.167 10.234
152 1 1 36.867 10.890 36.194 10.233
153 1 1 36.912 10.881 36.239 10.224
154 1 1 37.156 10.853 36.348 10.205
155 1 1 37.075 10.853 36.402 10.205
156 1 1 37.111 10.853 36.438 10.205
157 1 1 37.147 10.853 36.475 10.205
158 1 1 37.174 10.852 36.502 10.204
159 1 1 37.219 10.852 36.547 10.204
160 1 1 37.238 10.852 36.565 10.204
161 1 1 37.274 10.852 36.601 10.204
162 1 1 37.310 10.861 36.638 10.213
163 1 1 37.337 10.851 36.665 10.204
164 1 1 37.364 10.860 36.692 10.212
165 1 1 37.391 10.860 36.719 10.212
166 1 1 37.437 10.869 36.764 10.221
168 1 1 37.509 10.887 36.837 10.239
169 1 1 37.581 10.877 36.647 10.294
170 1 1 37.527 10.896 36.855 10.248
171 1 1 37.554 10.904 36.882 10.257
172 1 1 37.591 10.913 36.918 10.265
173 1 1 37.627 10.913 36.955 10.265
174 1 1 37.663 10.922 36.991 10.274
175 1 1 37.690 10.931 37.018 10.283
176 1 1 37.717 10.931 37.045 10.283
177 1 1 37.753 10.930 37.081 10.283
178 1 1 37.781 10.930 37.108 10.283
180 1 1 37.835 10.930 37.163 10.282
181 1 1 37.880 10.911 37.208 10.264
183 1 1 37.871 10.902 37.199 10.255
118 1 1 35.880 10.887 35.179 10.212
137 1 1 36.487 10.920 35.795 10.263
167 1 1 37.464 10.878 36.792 10.230
179 1 1 37.799 10.930 37.127 10.282
0 3 1 31.158 11.606 30.171 10.913
1 3 1 31.186 11.624 30.153 10.904
2 3 1 31.222 11.633 30.190 10.913
3 3 1 31.241 11.660 30.208 10.940
4 3 1 31.277 11.669 30.245 10.949
5 3 1 31.295 11.696 30.263 10.976
6 3 1 31.332 11.705 30.299 10.985
7 3 1 31.368 11.732 30.336 11.012
8 3 1 31.387 11.741 30.354 11.021
9 3 1 31.405 11.750 30.373 11.030
10 3 1 31.441 11.759 30.409 11.039
11 3 1 31.478 11.786 30.446 11.066
12 3 1 31.533 11.795 30.500 11.074
13 3 1 31.569 11.822 30.537 11.101
14 3 1 31.606 11.830 30.573 11.110
15 3 1 31.624 11.858 30.592 11.137
16 3 1 31.660 11.866 30.628 11.146
17 3 1 31.697 11.893 30.665 11.173
18 3 1 31.733 11.884 30.701 11.164
19 3 1 31.751 11.893 30.719 11.173
20 3 1 31.788 11.902 30.756 11.182
21 3 1 31.806 11.911 30.774 11.191
22 3 1 31.861 11.920 30.829 11.200
23 3 1 31.879 11.928 30.847 11.209
24 3 1 31.915 11.919 30.884 11.199
25 3 1 31.952 11.928 30.920 11.208
26 3 1 31.970 11.919 30.938 11.199
27 3 1 32.006 11.928 30.975 11.208
28 3 1 32.043 11.918 31.011 11.198
29 3 1 32.079 11.909 31.047 11.189
30 3 1 32.097 11.900 31.066 11.180
31 3 1 32.134 11.890 31.102 11.171
32 3 1 32.170 11.881 31.138 11.161
33 3 1 32.206 11.872 31.175 11.152
34 3 1 32.243 11.863 31.211 11.143
35 3 1 32.297 11.853 31.266 11.133
36 3 1 32.334 11.844 31.302 11.124
37 3 1 32.370 11.834 31.339 11.115
38 3 1 32.406 11.825 31.375 11.105
39 3 1 32.443 11.834 31.411 11.114
40 3 1 32.479 11.825 31.448 11.105
41 3 1 32.515 11.834 31.484 11.114
42 3 1 32.552 11.824 31.521 11.105
43 3 1 32.570 11.833 31.539 11.113
44 3 1 32.606 11.824 31.575 11.104
45 3 1 32.625 11.815 31.594 11.095
46 3 1 32.661 11.805 31.630 11.086
47 3 1 32.697 11.832 31.666 11.113
48 3 1 32.752 11.841 31.721 11.121
49 3 1 32.788 11.850 31.758 11.130
50 3 1 32.825 11.841 31.794 11.121
51 3 1 32.843 11.831 31.812 11.112
52 3 1 32.879 11.822 31.848 11.102
53 3 1 32.897 11.813 31.867 11.093
54 3 1 32.934 11.785 31.903 11.066
55 3 1 32.970 11.776 31.939 11.057
56 3 1 33.006 11.749 31.976 11.029
57 3 1 33.043 11.757 32.012 11.038
58 3 1 33.079 11.730 32.048 11.010
59 3 1 33.097 11.721 32.066 11.001
60 3 1 33.133 11.712 32.103 10.992
61 3 1 33.170 11.702 32.139 10.983
62 3 1 33.188 11.693 32.157 10.974
63 3 1 33.224 11.684 32.194 10.964
64 3 1 33.260 11.674 32.230 10.955
65 3 1 33.278 11.665 32.248 10.946
66 3 1 33.315 11.638 32.284 10.918
67 3 1 33.333 11.629 32.303 10.909
68 3 1 33.369 11.601 32.339 10.882
69 3 1 33.405 11.610 32.375 10.890
70 3 1 33.442 11.583 32.412 10.863
71 3 1 33.460 11.573 32.430 10.854
72 3 1 33.496 11.564 32.466 10.845
73 3 1 33.551 11.573 32.521 10.853
74 3 1 33.587 11.563 32.557 10.844
75 3 1 33.642 11.572 32.612 10.853
76 3 1 33.678 11.563 32.648 10.843
77 3 1 33.714 11.572 32.684 10.852
78 3 1 33.687 11.581 32.893 10.651
79 3 1 33.777 11.490 32.793 10.743
80 3 1 33.696 11.563 32.893 10.651
81 3 1 33.669 11.563 32.938 10.669
82 3 1 33.687 11.581 32.956 10.660
83 3 1 33.768 11.508 32.875 10.724
84 3 1 33.796 11.508 32.902 10.724
85 3 1 33.823 11.507 32.929 10.724
86 3 1 33.868 11.525 32.975 10.742
87 3 1 33.896 11.543 33.002 10.760
88 3 1 33.941 11.543 33.048 10.759
89 3 1 33.968 11.543 33.075 10.759
90 3 1 33.996 11.543 33.102 10.759
91 3 1 34.204 11.569 33.320 10.576
92 3 1 34.195 11.541 33.302 10.640
93 3 1 34.186 11.487 33.302 10.685
94 3 1 34.268 11.568 33.383 10.612
95 3 1 34.359 11.595 33.510 10.602
96 3 1 34.368 11.504 33.493 10.684
97 3 1 34.395 11.522 33.520 10.702
98 3 1 34.440 11.522 33.565 10.702
99 3 1 34.449 11.540 33.574 10.720
100 3 1 34.432 11.594 33.611 10.801
101 3 1 34.459 11.594 33.593 10.783
102 3 1 34.459 11.549 33.675 10.747
103 3 1 34.449 11.540 33.675 10.810
104 3 1 34.486 11.567 33.638 10.774
105 3 1 34.522 11.576 33.675 10.783
106 3 1 34.540 11.584 33.693 10.792
107 3 1 34.595 11.593 33.747 10.801
108 3 1 34.613 11.602 33.766 10.810
109 3 1 34.649 11.593 33.802 10.800
110 3 1 34.686 11.602 33.838 10.809
111 3 1 34.722 11.611 33.875 10.818
112 3 1 34.758 11.619 33.911 10.827
113 3 1 34.776 11.610 33.929 10.818
114 3 1 34.795 11.619 33.947 10.827
115 3 1 34.849 11.628 34.002 10.835
116 3 1 34.885 11.637 34.038 10.844
117 3 1 34.922 11.645 34.075 10.853
119 3 1 34.994 11.663 34.147 10.871
120 3 1 35.031 11.672 34.184 10.880
121 3 1 35.067 11.681 34.220 10.888
122 3 1 35.085 11.690 34.238 10.897
123 3 1 34.977 11.826 34.493 11.023
124 3 1 35.112 11.671 34.265 10.879
125 3 1 35.149 11.680 34.302 10.888
126 3 1 35.167 11.707 34.320 10.915
127 3 1 35.203 11.698 34.356 10.906
128 3 1 35.221 11.707 34.374 10.915
129 3 1 35.258 11.716 34.411 10.924
130 3 1 35.294 11.743 34.447 10.950
131 3 1 35.330 11.752 34.483 10.959
132 3 1 35.367 11.760 34.520 10.968
133 3 1 35.403 11.769 34.556 10.977
134 3 1 35.439 11.796 34.592 11.004
135 3 1 35.475 11.805 34.629 11.013
136 3 1 35.512 11.814 34.665 11.022
138 3 1 35.584 11.831 34.738 11.039
139 3 1 35.603 11.840 34.756 11.048
140 3 1 35.639 11.867 34.792 11.075
141 3 1 35.675 11.876 34.829 11.084
142 3 1 35.693 11.885 34.847 11.093
143 3 1 35.730 11.894 34.883 11.102
144 3 1 35.766 11.903 34.919 11.111
145 3 1 35.784 11.912 34.938 11.120
146 3 1 35.820 11.921 34.974 11.129
147 3 1 35.857 11.929 35.010 11.137
148 3 1 35.893 11.938 35.047 11.146
149 3 1 35.911 11.947 35.065 11.155
150 3 1 35.947 11.956 35.101 11.164
151 3 1 35.984 11.965 35.137 11.173
152 3 1 36.020 11.974 35.174 11.182
153 3 1 36.056 11.964 35.210 11.172
154 3 1 36.092 11.973 35.246 11.181
155 3 1 36.129 11.991 35.283 11.199
156 3 1 36.165 11.991 35.319 11.199
157 3 1 36.201 12.000 35.355 11.208
158 3 1 36.238 12.063 35.392 11.280
159 3 1 36.274 11.999 35.428 11.216
160 3 1 36.292 12.026 35.446 11.243
161 3 1 36.328 11.962 35.482 11.216
162 3 1 36.364 12.026 35.519 11.279
163 3 1 36.382 11.998 35.537 11.252
164 3 1 36.401 12.016 35.564 11.288
165 3 1 36.437 12.007 35.600 11.279
166 3 1 36.455 12.016 35.618 11.288
168 3 1 36.527 12.024 35.691 11.305
169 3 1 36.046 11.729 35.819 11.495
170 3 1 36.536 12.024 35.709 11.314
171 3 1 36.564 12.033 35.736 11.323
172 3 1 36.573 12.042 35.745 11.332
173 3 1 36.609 12.051 35.791 11.341
174 3 1 36.636 12.060 35.818 11.350
175 3 1 36.663 12.069 35.845 11.359
176 3 1 36.691 12.078 35.872 11.368
177 3 1 36.718 12.087 35.900 11.376
178 3 1 36.745 12.114 35.927 11.403
180 3 1 36.836 12.149 36.027 11.439
181 3 1 36.881 12.176 36.072 11.466
182 3 1 36.890 12.185 36.090 11.484
183 3 1 36.926 12.185 36.127 11.484
118 3 1 34.958 11.654 34.111 10.862
137 3 1 35.548 11.823 34.701 11.031
167 3 1 36.491 12.016 35.655 11.296
179 3 1 36.790 12.122 35.981 11.412
0 4 1 29.619 12.016 28.640 11.432
1 4 1 29.647 12.034 28.622 11.423
2 4 1 29.674 12.025 28.649 11.413
3 4 1 29.683 12.034 28.659 11.422
4 4 1 29.729 12.025 28.704 11.413
5 4 1 29.738 12.015 28.713 11.404
6 4 1 29.765 12.006 28.741 11.394
7 4 1 29.774 12.015 28.750 11.404
8 4 1 29.802 12.006 28.777 11.394
9 4 1 29.737 11.852 29.362 11.463
10 4 1 29.838 11.887 29.225 11.419
11 4 1 29.856 11.887 29.243 11.419
12 4 1 29.719 11.788 29.453 11.399
13 4 1 29.828 11.815 29.343 11.382
14 4 1 29.847 11.815 29.361 11.381
15 4 1 29.874 11.796 29.389 11.363
17 4 1 29.865 11.787 29.380 11.354
18 4 1 29.892 11.778 29.407 11.345
19 4 1 29.910 11.760 29.425 11.327
20 4 1 29.938 11.750 29.452 11.317
21 4 1 29.965 11.750 29.480 11.317
22 4 1 29.992 11.741 29.507 11.308
23 4 1 29.865 11.896 29.298 11.427
24 4 1 29.838 11.878 29.325 11.436
25 4 1 29.865 11.860 29.352 11.418
26 4 1 29.901 11.842 29.389 11.399
27 4 1 29.920 11.832 29.407 11.390
28 4 1 29.947 11.814 29.434 11.372
29 4 1 30.102 11.749 29.571 11.298
30 4 1 30.083 11.740 29.571 11.298
31 4 1 30.274 11.603 29.981 11.196
32 4 1 30.347 11.621 29.862 11.187
33 4 1 30.366 11.611 29.881 11.178
34 4 1 30.393 11.593 29.908 11.160
36 4 1 30.384 11.584 29.899 11.151
37 4 1 30.411 11.584 29.926 11.151
38 4 1 30.429 11.584 29.944 11.151
40 4 1 30.320 11.721 29.735 11.252
41 4 1 30.275 11.694 29.772 11.261
42 4 1 30.302 11.694 29.799 11.261
43 4 1 30.330 11.702 29.826 11.269
44 4 1 30.357 11.702 29.854 11.269
45 4 1 30.384 11.711 29.881 11.278
46 4 1 30.412 11.729 29.908 11.296
47 4 1 30.439 11.738 29.936 11.305
48 4 1 30.466 11.738 29.963 11.305
49 4 1 30.494 11.747 29.991 11.314
50 4 1 30.521 11.765 30.018 11.332
51 4 1 30.549 11.774 30.045 11.341
52 4 1 30.585 11.783 30.082 11.350
53 4 1 30.612 11.801 30.109 11.368
54 4 1 30.640 11.810 30.137 11.377
55 4 1 30.676 11.818 30.173 11.385
56 4 1 30.512 11.856 30.145 11.204
57 4 1 30.576 11.755 30.091 11.313
58 4 1 30.612 11.764 30.127 11.322
59 4 1 30.640 11.773 30.155 11.331
60 4 1 30.667 11.773 30.182 11.331
61 4 1 30.694 11.782 30.210 11.340
63 4 1 30.685 11.773 30.200 11.331
64 4 1 30.713 11.773 30.228 11.331
65 4 1 30.740 11.763 30.255 11.321
66 4 1 30.776 11.754 30.292 11.312
67 4 1 30.804 11.754 30.319 11.312
68 4 1 30.840 11.745 30.355 11.303
69 4 1 30.867 11.735 30.383 11.293
70 4 1 30.895 11.726 30.410 11.284
72 4 1 30.886 11.717 30.401 11.275
73 4 1 30.913 11.708 30.428 11.266
74 4 1 30.940 11.699 30.455 11.256
75 4 1 31.524 11.931 30.757 11.336
76 4 1 31.323 11.787 30.793 11.436
77 4 1 31.287 11.814 30.802 11.391
78 4 1 31.314 11.814 30.830 11.390
79 4 1 31.341 11.814 30.857 11.390
80 4 1 31.369 11.814 30.884 11.390
81 4 1 31.396 11.805 30.912 11.381
82 4 1 31.423 11.804 30.939 11.381
83 4 1 31.451 11.804 30.966 11.380
84 4 1 31.487 11.804 31.003 11.380
85 4 1 31.514 11.804 31.030 11.380
86 4 1 31.542 11.804 31.057 11.380
87 4 1 31.569 11.803 31.085 11.380
88 4 1 31.596 11.803 31.112 11.380
89 4 1 31.633 11.803 31.148 11.379
90 4 1 31.660 11.803 31.176 11.379
91 4 1 31.687 11.803 31.203 11.379
92 4 1 31.724 11.802 31.239 11.379
93 4 1 31.760 11.802 31.276 11.378
94 4 1 31.787 11.811 31.303 11.387
95 4 1 31.824 11.811 31.340 11.387
96 4 1 31.860 11.811 31.376 11.387
97 4 1 31.888 11.810 31.403 11.387
98 4 1 31.924 11.810 31.440 11.387
99 4 1 31.951 11.810 31.467 11.386
100 4 1 31.979 11.819 31.495 11.395
101 4 1 32.006 11.819 31.522 11.395
102 4 1 32.024 11.819 31.540 11.395
103 4 1 32.051 11.818 31.567 11.395
104 4 1 32.070 11.818 31.586 11.395
105 4 1 32.018 12.654 31.342 11.959
106 4 1 32.109 12.662 31.424 11.941
107 4 1 31.982 12.654 31.269 11.942
108 4 1 32.070 11.791 31.585 11.367
109 4 1 32.088 11.791 31.604 11.367
110 4 1 32.109 12.535 31.487 11.886
111 4 1 32.036 12.481 31.360 11.868
112 4 1 32.109 12.635 31.506 11.913
113 4 1 32.088 11.755 31.604 11.331
114 4 1 32.115 11.754 31.631 11.331
115 4 1 32.142 11.745 31.658 11.322
116 4 1 32.169 11.745 31.685 11.321
117 4 1 32.542 11.734 31.968 11.329
119 4 1 32.515 11.734 32.022 11.319
120 4 1 32.561 11.742 32.068 11.328
121 4 1 32.579 11.751 32.086 11.337
122 4 1 32.615 11.751 32.122 11.337
123 4 1 32.642 11.751 32.150 11.337
124 4 1 32.679 11.760 32.186 11.345
125 4 1 32.706 11.769 32.213 11.354
126 4 1 32.724 11.769 32.232 11.354
127 4 1 32.752 11.778 32.259 11.363
128 4 1 32.779 11.786 32.286 11.372
129 4 1 32.797 11.786 32.304 11.372
130 4 1 32.824 11.795 32.332 11.381
131 4 1 32.861 11.804 32.368 11.390
132 4 1 32.879 11.804 32.386 11.390
133 4 1 32.906 11.813 32.414 11.399
134 4 1 32.925 11.831 32.432 11.417
135 4 1 32.952 11.840 32.459 11.425
136 4 1 32.979 11.840 32.487 11.425
138 4 1 33.025 11.866 32.532 11.452
139 4 1 33.061 11.875 32.569 11.461
140 4 1 33.088 11.884 32.596 11.470
141 4 1 33.116 11.902 32.623 11.488
142 4 1 33.152 11.911 32.660 11.497
143 4 1 33.189 11.920 32.696 11.506
144 4 1 33.216 11.938 32.723 11.524
145 4 1 33.234 11.947 32.742 11.533
146 4 1 33.261 11.947 32.769 11.532
147 4 1 33.298 11.955 32.805 11.541
148 4 1 33.328 12.808 32.671 12.132
149 4 1 33.274 12.845 32.544 12.087
150 4 1 33.183 12.700 32.471 12.052
151 4 1 33.383 12.880 32.744 12.086
152 4 1 33.280 11.937 32.787 11.523
153 4 1 33.444 12.127 32.887 11.604
154 4 1 33.398 12.064 32.906 11.649
155 4 1 33.416 12.063 32.924 11.649
156 4 1 33.444 12.072 32.951 11.658
157 4 1 33.471 12.063 32.978 11.649
158 4 1 33.489 12.072 32.997 11.658
159 4 1 33.516 12.063 33.024 11.649
160 4 1 33.553 12.072 33.060 11.658
161 4 1 33.571 12.062 33.078 11.648
162 4 1 33.607 12.071 33.115 11.657
163 4 1 33.634 12.053 33.142 11.639
164 4 1 33.653 12.053 33.160 11.639
165 4 1 33.689 12.043 33.197 11.629
166 4 1 33.725 12.052 33.233 11.638
168 4 1 33.789 12.043 33.296 11.629
169 4 1 33.825 12.043 33.333 11.629
170 4 1 33.861 12.042 33.369 11.628
171 4 1 33.889 12.042 33.396 11.628
172 4 1 33.916 12.042 33.424 11.628
173 4 1 33.952 12.042 33.460 11.628
174 4 1 33.979 12.051 33.487 11.637
175 4 1 33.998 12.041 33.505 11.627
176 4 1 34.025 12.050 33.533 11.636
177 4 1 34.061 12.050 33.569 11.636
178 4 1 34.079 12.050 33.587 11.636
180 4 1 34.125 12.050 33.633 11.636
181 4 1 34.152 12.059 33.660 11.645
182 4 1 34.197 12.067 33.705 11.653
183 4 1 34.216 12.058 33.724 11.644
118 4 1 32.488 11.734 31.995 11.319
137 4 1 32.997 11.848 32.505 11.434
167 4 1 33.761 12.043 33.269 11.629
179 4 1 34.107 12.050 33.615 11.636
0 5 1 28.756 13.004 28.141 12.354
1 5 1 28.774 13.022 28.132 12.345
2 5 1 28.802 13.013 28.160 12.335
3 5 1 28.838 13.013 28.196 12.335
4 5 1 28.865 13.003 28.223 12.326
5 5 1 28.884 13.003 28.242 12.326
6 5 1 28.911 12.994 28.269 12.316
7 5 1 28.948 12.985 28.306 12.307
8 5 1 28.975 12.984 28.333 12.307
9 5 1 28.993 12.975 28.351 12.298
10 5 1 29.021 12.966 28.379 12.288
11 5 1 29.048 12.957 28.406 12.279
12 5 1 29.066 12.938 28.424 12.261
13 5 1 29.084 12.929 28.442 12.251
14 5 1 29.112 12.920 28.470 12.242
15 5 1 29.139 12.901 28.497 12.224
16 5 1 29.157 12.883 28.515 12.205
17 5 1 29.185 12.865 28.543 12.187
18 5 1 29.212 12.846 28.570 12.169
19 5 1 29.230 12.828 28.588 12.150
20 5 1 29.257 12.810 28.616 12.132
21 5 1 29.294 12.791 28.652 12.114
22 5 1 29.321 12.773 28.679 12.095
23 5 1 29.339 12.745 28.698 12.068
24 5 1 29.357 12.727 28.716 12.049
25 5 1 29.385 12.709 28.743 12.031
26 5 1 29.421 12.690 28.780 12.013
27 5 1 29.449 12.681 28.807 12.003
28 5 1 29.467 12.663 28.825 11.985
29 5 1 29.494 12.653 28.852 11.976
30 5 1 29.521 12.644 28.880 11.967
31 5 1 29.540 12.635 28.898 11.957
32 5 1 29.576 12.626 28.935 11.948
33 5 1 29.603 12.616 28.962 11.939
34 5 1 29.640 12.616 28.998 11.938
35 5 1 29.676 12.616 29.035 11.938
36 5 1 29.713 12.616 29.071 11.938
37 5 1 29.749 12.615 29.108 11.938
38 5 1 29.786 12.615 29.144 11.938
39 5 1 29.822 12.615 29.181 11.937
40 5 1 29.859 12.624 29.218 11.946
41 5 1 29.895 12.623 29.254 11.946
42 5 1 29.941 12.632 29.309 11.964
44 5 1 29.932 12.623 29.300 11.955
45 5 1 29.968 12.623 29.336 11.954
46 5 1 29.996 12.623 29.364 11.954
47 5 1 30.023 12.622 29.391 11.954
48 5 1 30.060 12.622 29.427 11.954
49 5 1 30.087 12.622 29.455 11.954
50 5 1 30.114 12.613 29.482 11.944
51 5 1 30.142 12.613 29.510 11.944
52 5 1 30.178 12.612 29.546 11.944
53 5 1 30.205 12.603 29.573 11.935
54 5 1 30.242 12.585 29.610 11.916
55 5 1 30.278 12.575 29.646 11.907
56 5 1 30.306 12.575 29.674 11.907
57 5 1 30.342 12.566 29.710 11.897
58 5 1 30.378 12.547 29.747 11.879
59 5 1 30.415 12.538 29.783 11.870
60 5 1 30.451 12.538 29.819 11.869
61 5 1 30.479 12.528 29.847 11.860
62 5 1 30.515 12.510 29.883 11.842
63 5 1 30.542 12.501 29.911 11.832
64 5 1 30.579 12.510 29.947 11.841
65 5 1 30.606 12.491 29.974 11.823
66 5 1 30.633 12.491 30.002 11.823
67 5 1 30.661 12.491 30.029 11.823
68 5 1 30.697 12.481 30.066 11.813
69 5 1 30.725 12.490 30.093 11.822
70 5 1 30.752 12.481 30.120 11.813
71 5 1 30.779 12.490 30.148 11.822
72 5 1 30.807 12.481 30.175 11.813
73 5 1 30.834 12.499 30.202 11.831
74 5 1 30.870 12.498 30.239 11.830
75 5 1 30.898 12.507 30.266 11.839
76 5 1 30.952 12.507 30.321 11.839
78 5 1 30.943 12.498 30.312 11.830
79 5 1 30.971 12.498 30.339 11.830
80 5 1 31.007 12.507 30.376 11.838
81 5 1 31.043 12.497 30.412 11.829
82 5 1 31.080 12.506 30.449 11.838
83 5 1 31.135 12.524 30.503 11.856
85 5 1 31.126 12.515 30.494 11.847
86 5 1 31.153 12.524 30.522 11.856
87 5 1 31.180 12.514 30.549 11.846
88 5 1 31.208 12.514 30.576 11.846
89 5 1 31.235 12.514 30.604 11.846
90 5 1 31.271 12.514 30.640 11.846
91 5 1 31.299 12.514 30.667 11.846
92 5 1 31.335 12.504 30.704 11.836
93 5 1 31.371 12.495 30.740 11.827
94 5 1 31.399 12.495 30.768 11.827
95 5 1 31.435 12.495 30.804 11.827
96 5 1 31.499 12.503 30.868 11.835
98 5 1 31.490 12.494 30.859 11.826
99 5 1 31.526 12.494 30.895 11.826
100 5 1 31.563 12.494 30.932 11.826
101 5 1 31.599 12.484 30.968 11.816
102 5 1 31.626 12.475 30.995 11.807
104 5 1 31.617 12.466 30.986 11.798
105 5 1 31.644 12.466 31.013 11.798
106 5 1 31.672 12.475 31.041 11.807
107 5 1 31.708 12.484 31.077 11.816
108 5 1 31.736 12.483 31.105 11.816
109 5 1 31.763 12.492 31.132 11.824
110 5 1 31.790 12.501 31.159 11.833
111 5 1 31.827 12.510 31.196 11.842
112 5 1 31.863 12.528 31.232 11.860
113 5 1 31.891 12.546 31.260 11.878
114 5 1 31.918 12.555 31.287 11.887
116 5 1 31.909 12.546 31.278 11.878
117 5 1 32.409 12.606 31.633 11.939
119 5 1 32.364 12.606 31.706 11.939
120 5 1 32.400 12.615 31.743 11.948
121 5 1 32.428 12.651 31.779 11.984
123 5 1 32.419 12.642 31.770 11.975
124 5 1 32.455 12.660 31.806 11.993
125 5 1 32.473 12.660 31.825 11.992
126 5 1 32.491 12.660 31.843 11.992
127 5 1 32.519 12.669 31.870 12.001
129 5 1 32.510 12.660 31.861 11.992
130 5 1 32.537 12.659 31.888 11.992
131 5 1 32.564 12.659 31.916 11.992
132 5 1 32.592 12.659 31.943 11.992
133 5 1 32.619 12.659 31.970 11.991
134 5 1 32.655 12.649 32.007 11.982
135 5 1 32.692 12.658 32.043 11.991
136 5 1 32.746 12.667 32.098 12.000
138 5 1 32.737 12.658 32.089 11.991
139 5 1 32.773 12.658 32.125 11.990
140 5 1 32.810 12.648 32.161 11.981
141 5 1 32.846 12.657 32.198 11.990
143 5 1 32.837 12.648 32.189 11.981
144 5 1 32.864 12.648 32.216 11.981
145 5 1 32.892 12.657 32.243 11.990
146 5 1 32.919 12.648 32.270 11.980
147 5 1 32.946 12.666 32.298 11.998
148 5 1 32.973 12.674 32.325 12.007
149 5 1 33.001 12.674 32.352 12.007
150 5 1 33.028 12.683 32.380 12.016
152 5 1 33.019 12.674 32.371 12.007
153 5 1 33.037 12.674 32.389 12.007
154 5 1 33.055 12.674 32.407 12.007
155 5 1 33.083 12.683 32.434 12.016
156 5 1 33.110 12.692 32.462 12.024
157 5 1 33.146 12.691 32.498 12.024
158 5 1 33.174 12.700 32.525 12.033
159 5 1 33.219 12.718 32.571 12.051
161 5 1 33.210 12.709 32.562 12.042
162 5 1 33.237 12.727 32.589 12.060
164 5 1 33.228 12.718 32.580 12.051
165 5 1 33.237 12.718 32.589 12.051
166 5 1 33.255 12.718 32.607 12.051
169 5 1 33.820 13.031 33.163 12.365
170 5 1 33.847 13.031 33.190 12.364
171 5 1 33.865 13.031 33.209 12.364
172 5 1 33.902 13.031 33.245 12.364
173 5 1 33.938 13.021 33.281 12.355
174 5 1 33.974 13.021 33.318 12.354
175 5 1 34.011 13.021 33.354 12.354
176 5 1 34.047 13.011 33.390 12.345
177 5 1 34.083 13.002 33.427 12.336
178 5 1 34.110 13.002 33.454 12.335
180 5 1 34.156 12.993 33.499 12.326
181 5 1 34.183 12.983 33.526 12.317
182 5 1 34.219 12.992 33.563 12.326
183 5 1 34.256 12.983 33.599 12.316
118 5 1 32.337 12.597 31.679 11.930
167 5 1 33.884 13.067 33.127 12.347
179 5 1 34.138 13.002 33.481 12.335
0 8 1 29.896 10.469 29.154 9.655
1 8 1 29.924 10.496 29.145 9.646
2 8 1 29.969 10.496 29.190 9.646
3 8 1 29.997 10.496 29.218 9.646
4 8 1 30.042 10.496 29.264 9.646
5 8 1 30.060 10.496 29.282 9.646
6 8 1 30.133 10.495 29.355 9.645
7 8 1 30.133 10.468 29.638 9.689
8 8 1 30.179 10.477 29.556 9.699
9 8 1 30.279 10.476 29.629 9.744
10 8 1 30.252 10.485 29.647 9.716
11 8 1 30.297 10.485 29.693 9.716
12 8 1 30.334 10.485 29.729 9.716
13 8 1 30.370 10.485 29.766 9.716
14 8 1 30.543 10.411 29.811 9.679
15 8 1 30.480 10.420 29.857 9.661
16 8 1 30.689 10.419 29.984 9.642
17 8 1 30.707 10.419 30.057 9.660
18 8 1 30.671 10.474 29.930 9.697
19 8 1 30.626 10.456 29.984 9.696
20 8 1 30.790 10.482 30.121 9.687
21 8 1 30.899 10.473 30.121 9.723
22 8 1 30.826 10.473 30.176 9.723
23 8 1 30.872 10.482 30.222 9.731
24 8 1 30.908 10.482 30.258 9.731
25 8 1 30.954 10.490 30.304 9.740
26 8 1 30.872 10.527 30.340 9.622
27 8 1 30.926 10.454 30.294 9.695
28 8 1 31.264 10.616 30.213 9.741
29 8 1 30.954 10.454 30.322 9.695
30 8 1 31.246 10.661 30.377 9.740
31 8 1 31.328 10.615 30.350 9.849
32 8 1 30.972 10.445 30.340 9.685
33 8 1 31.008 10.454 30.376 9.694
34 8 1 31.382 10.579 30.596 9.838
35 8 1 31.419 10.597 30.696 9.838
36 8 1 31.410 10.615 30.760 9.837
37 8 1 31.428 10.597 30.796 9.837
38 8 1 31.437 10.624 30.851 9.819
39 8 1 31.455 10.596 30.833 9.846
40 8 1 31.491 10.605 30.869 9.855
41 8 1 31.528 10.605 30.906 9.855
42 8 1 31.573 10.614 30.951 9.864
43 8 1 31.628 10.623 31.006 9.872
44 8 1 31.674 10.622 31.051 9.872
45 8 1 31.710 10.622 31.088 9.872
46 8 1 31.756 10.622 31.133 9.872
47 8 1 31.993 10.738 30.996 9.791
48 8 1 31.965 10.730 30.969 9.818
49 8 1 31.792 10.613 31.170 9.862
50 8 1 32.020 10.702 31.151 9.817
51 8 1 31.819 10.603 31.197 9.853
52 8 1 31.865 10.603 31.243 9.853
53 8 1 31.901 10.612 31.279 9.862
54 8 1 31.937 10.612 31.316 9.862
55 8 1 31.965 10.621 31.343 9.871
56 8 1 31.992 10.630 31.370 9.880
57 8 1 32.038 10.629 31.416 9.879
58 8 1 32.065 10.638 31.443 9.888
59 8 1 32.475 10.727 31.525 9.797
60 8 1 32.466 10.781 31.616 9.778
61 8 1 32.092 10.629 31.470 9.879
62 8 1 32.129 10.638 31.507 9.888
63 8 1 32.165 10.647 31.543 9.897
64 8 1 32.602 10.717 31.616 9.860
65 8 1 32.201 10.646 31.580 9.897
66 8 1 32.238 10.646 31.616 9.896
67 8 1 32.657 10.744 31.726 9.950
68 8 1 32.265 10.637 31.643 9.887
69 8 1 32.302 10.637 31.680 9.887
70 8 1 32.338 10.646 31.716 9.896
71 8 1 32.374 10.645 31.753 9.896
72 8 1 32.402 10.645 31.780 9.895
74 8 1 32.392 10.636 31.771 9.886
75 8 1 32.420 10.636 31.798 9.886
76 8 1 32.438 10.636 31.816 9.886
77 8 1 33.057 10.823 32.390 10.046
78 8 1 33.021 10.805 32.399 10.055
79 8 1 33.057 10.805 32.436 10.055
80 8 1 33.093 10.795 32.472 10.046
81 8 1 33.130 10.795 32.508 10.046
82 8 1 33.175 10.786 32.554 10.036
83 8 1 33.220 10.777 32.599 10.027
84 8 1 33.248 10.767 32.626 10.018
85 8 1 33.293 10.767 32.672 10.018
86 8 1 33.247 10.731 32.326 9.874
87 8 1 33.311 10.749 32.690 9.999
88 8 1 33.347 10.749 32.726 9.999
89 8 1 33.375 10.739 32.754 9.990
90 8 1 33.329 10.758 32.535 9.891
91 8 1 33.375 10.757 32.626 9.855
92 8 1 33.366 10.730 32.599 9.882
93 8 1 33.293 10.676 32.672 9.927
94 8 1 33.484 10.748 32.789 9.826
95 8 1 33.620 10.756 32.844 9.862
96 8 1 33.656 10.738 32.908 9.871
97 8 1 33.756 10.746 32.899 9.907
98 8 1 33.574 10.666 32.953 9.916
99 8 1 33.766 10.791 32.953 9.835
100 8 1 33.601 10.656 32.981 9.907
101 8 1 33.638 10.656 33.017 9.907
102 8 1 33.920 10.736 32.999 9.925
103 8 1 33.965 10.681 32.981 9.916
104 8 1 33.965 10.663 33.008 9.952
105 8 1 33.865 10.745 33.217 9.951
106 8 1 34.019 10.645 33.017 9.988
107 8 1 34.001 10.663 33.172 9.933
108 8 1 33.992 10.717 33.162 9.924
109 8 1 33.983 10.736 33.190 9.879
110 8 1 34.083 10.744 33.280 9.905
111 8 1 33.792 10.673 33.172 9.924
112 8 1 34.157 10.925 33.435 9.823
113 8 1 34.192 10.689 33.553 9.949
114 8 1 34.165 10.689 33.544 9.949
115 8 1 34.201 10.689 33.580 9.949
116 8 1 34.237 10.689 33.617 9.949
117 8 1 34.274 10.689 33.653 9.949
119 8 1 34.346 10.679 33.726 9.939
120 8 1 34.392 10.688 33.771 9.948
121 8 1 34.437 10.679 33.817 9.939
122 8 1 34.573 10.750 33.590 9.940
123 8 1 34.582 10.741 33.617 9.922
124 8 1 34.455 10.660 33.835 9.920
125 8 1 34.709 10.759 33.799 10.029
126 8 1 34.628 10.759 33.980 9.992
127 8 1 34.673 10.732 34.017 10.001
128 8 1 34.737 10.740 33.935 9.983
129 8 1 34.755 10.767 34.034 9.892
130 8 1 34.746 10.822 34.207 9.936
131 8 1 34.882 10.785 34.180 9.900
132 8 1 34.800 10.785 34.307 9.945
133 8 1 34.600 10.687 33.980 9.956
134 8 1 34.627 10.687 34.007 9.956
135 8 1 34.873 10.830 34.325 9.909
136 8 1 34.664 10.686 34.044 9.956
138 8 1 34.709 10.686 34.089 9.955
139 8 1 34.745 10.686 34.125 9.955
140 8 1 34.773 10.677 34.153 9.946
141 8 1 34.818 10.676 34.198 9.946
142 8 1 34.845 10.676 34.225 9.945
143 8 1 34.891 10.676 34.271 9.945
144 8 1 34.927 10.694 34.307 9.963
145 8 1 35.336 10.864 34.525 10.107
147 8 1 34.963 10.694 34.343 9.963
148 8 1 35.408 10.818 34.788 10.087
149 8 1 35.363 10.900 34.870 10.042
150 8 1 35.417 10.908 34.888 10.014
151 8 1 35.472 10.935 34.897 10.069
152 8 1 35.608 10.907 34.897 10.041
153 8 1 35.553 10.898 34.879 10.087
154 8 1 35.581 10.925 34.960 10.032
155 8 1 35.553 10.917 34.942 10.032
156 8 1 35.708 10.943 34.997 10.068
157 8 1 35.762 10.979 35.024 10.023
158 8 1 35.480 10.817 34.870 10.087
159 8 1 35.907 10.905 34.897 10.141
160 8 1 35.508 10.808 34.897 10.078
161 8 1 35.544 10.808 34.933 10.077
162 8 1 35.589 10.808 34.979 10.077
163 8 1 35.625 10.807 35.015 10.077
164 8 1 35.662 10.807 35.051 10.077
165 8 1 35.943 10.941 35.251 10.175
168 8 1 35.916 10.923 35.306 10.193
169 8 1 36.098 11.022 35.469 10.111
170 8 1 35.943 10.923 35.333 10.193
171 8 1 36.206 10.967 35.523 10.156
172 8 1 36.279 10.976 35.550 10.165
173 8 1 36.278 10.948 35.568 10.119
174 8 1 36.305 10.912 35.568 10.155
175 8 1 36.378 10.912 35.605 10.155
176 8 1 36.233 10.885 35.623 10.155
177 8 1 36.269 10.894 35.659 10.164
178 8 1 36.296 10.903 35.686 10.173
180 8 1 36.369 10.921 35.759 10.191
181 8 1 36.396 10.939 35.786 10.209
182 8 1 36.432 10.947 35.822 10.217
183 8 1 36.505 11.110 35.759 10.245
118 8 1 34.310 10.688 33.689 9.948
137 8 1 34.691 10.686 34.071 9.955
167 8 1 35.889 10.915 35.278 10.184
179 8 1 36.333 10.912 35.723 10.182
0 10 2 22.737 10.803 20.986 10.074
1 10 2 22.783 10.830 20.949 10.065
2 10 2 22.728 10.885 21.189 10.145
3 10 2 22.921 10.866 21.336 10.053
4 10 2 23.197 10.891 21.640 10.106
5 10 2 23.178 10.882 21.612 10.116
6 10 2 23.417 10.881 21.760 10.142
7 10 2 23.491 10.935 21.714 10.270
8 10 2 23.546 10.953 21.898 10.187
9 10 2 23.675 10.952 22.063 10.141
10 10 2 23.785 11.015 22.100 10.259
11 10 2 23.877 11.060 22.340 10.239
12 10 2 23.895 11.024 22.285 10.276
13 10 2 24.143 11.059 22.450 10.284
14 10 2 24.281 11.031 22.625 10.320
15 10 2 24.345 11.085 22.689 10.347
16 10 2 24.584 11.065 22.864 10.337
17 10 2 24.639 11.110 22.984 10.382
18 10 2 24.676 11.128 23.232 10.344
19 10 2 24.740 11.137 23.195 10.362
20 10 2 24.841 11.164 23.268 10.398
21 10 2 25.116 11.190 23.544 10.497
22 10 2 25.189 11.189 23.535 10.452
23 10 2 25.373 11.161 23.783 10.514
24 10 2 25.428 11.242 23.875 10.450
25 10 2 25.584 11.232 23.829 10.587
26 10 2 25.712 11.231 23.921 10.550
27 10 2 25.868 11.249 24.105 10.549
28 10 2 25.465 11.233 23.903 10.531
29 10 2 25.584 11.241 24.022 10.540
30 10 2 25.703 11.250 24.141 10.548
31 10 2 25.859 11.240 24.297 10.538
32 10 2 25.978 11.230 24.417 10.528
33 10 2 26.115 11.220 24.554 10.519
34 10 2 26.252 11.210 24.692 10.509
35 10 2 26.390 11.200 24.829 10.499
36 10 2 26.509 11.190 24.949 10.489
37 10 2 26.646 11.162 25.086 10.461
38 10 2 26.765 11.152 25.205 10.451
39 10 2 26.920 11.124 25.361 10.423
40 10 2 27.039 11.114 25.480 10.413
41 10 2 27.176 11.086 25.617 10.385
42 10 2 27.295 11.076 25.736 10.375
43 10 2 27.432 11.048 25.874 10.347
44 10 2 27.551 11.020 25.993 10.319
45 10 2 27.688 10.992 26.130 10.291
46 10 2 27.807 10.964 26.249 10.263
47 10 2 27.944 10.936 26.386 10.235
48 10 2 28.063 10.907 26.505 10.207
49 10 2 28.200 10.879 26.642 10.179
50 10 2 28.300 10.851 26.743 10.151
51 10 2 28.802 10.830 27.081 10.076
52 10 2 28.958 10.793 27.319 9.938
53 10 2 28.912 10.720 27.346 10.011
54 10 2 29.021 10.683 27.456 9.974
55 10 2 29.149 10.646 27.584 9.937
56 10 2 29.258 10.609 27.693 9.900
57 10 2 29.386 10.572 27.821 9.863
58 10 2 29.513 10.535 27.949 9.826
59 10 2 29.623 10.498 28.059 9.789
60 10 2 29.887 10.415 28.314 9.633
61 10 2 29.969 10.378 28.441 9.577
62 10 2 30.115 10.332 28.569 9.486
63 10 2 30.133 10.277 28.615 9.522
64 10 2 30.142 10.250 28.606 9.540
65 10 2 30.260 10.213 28.724 9.503
66 10 2 30.624 10.174 28.980 9.474
67 10 2 30.743 10.155 29.153 9.455
68 10 2 30.706 10.156 29.172 9.455
69 10 2 30.825 10.110 29.290 9.409
70 10 2 30.961 10.063 29.427 9.363
71 10 2 31.079 10.017 29.545 9.317
72 10 2 31.216 9.971 29.682 9.271
73 10 2 31.334 9.925 29.800 9.225
74 10 2 31.470 9.879 29.937 9.179
75 10 2 31.607 9.851 30.074 9.151
76 10 2 31.743 9.805 30.210 9.105
77 10 2 31.861 9.759 30.328 9.059
78 10 2 31.998 9.713 30.465 9.012
79 10 2 32.116 9.667 30.583 8.966
80 10 2 32.170 9.666 30.965 8.674
81 10 2 32.261 9.611 30.729 8.911
82 10 2 32.379 9.565 30.847 8.865
83 10 2 32.515 9.538 30.984 8.837
84 10 2 32.652 9.491 31.120 8.791
85 10 2 32.770 9.464 31.238 8.763
86 10 2 32.906 9.418 31.375 8.717
87 10 2 33.042 9.390 31.511 8.689
88 10 2 33.178 9.344 31.648 8.643
89 10 2 33.296 9.316 31.766 8.616
90 10 2 33.451 9.270 31.920 8.569
91 10 2 33.587 9.242 32.057 8.542
92 10 2 33.705 9.214 32.175 8.514
93 10 2 33.841 9.186 32.311 8.486
94 10 2 33.995 9.176 32.466 8.476
95 10 2 34.113 9.148 32.584 8.448
96 10 2 34.249 9.120 32.720 8.420
97 10 2 34.385 9.111 32.856 8.411
98 10 2 34.557 9.083 33.029 8.383
99 10 2 34.693 9.073 33.165 8.373
100 10 2 34.848 9.063 33.320 8.363
101 10 2 35.002 9.071 33.474 8.372
102 10 2 35.138 9.061 33.610 8.362
103 10 2 35.274 9.070 33.747 8.370
104 10 2 35.428 9.060 33.901 8.361
105 10 2 35.582 9.068 34.055 8.369
106 10 2 35.736 9.077 34.210 8.377
107 10 2 36.433 8.983 34.736 8.266
109 10 2 36.252 8.929 34.636 8.257
110 10 2 36.650 8.927 34.953 8.256
111 10 2 36.189 8.929 34.663 8.239
112 10 2 36.270 8.929 34.745 8.239
113 10 2 36.913 8.908 35.361 8.191
114 10 2 36.876 8.890 35.352 8.200
115 10 2 36.976 8.907 35.452 8.217
116 10 2 37.094 8.925 35.570 8.235
117 10 2 37.266 8.978 35.742 8.289
119 10 2 37.574 9.085 36.050 8.396
120 10 2 37.710 9.121 36.186 8.431
121 10 2 37.845 9.174 36.323 8.485
122 10 2 37.999 9.228 36.477 8.539
123 10 2 38.135 9.263 36.613 8.574
124 10 2 38.289 9.317 36.767 8.628
125 10 2 38.425 9.352 36.903 8.663
126 10 2 38.560 9.406 37.039 8.717
127 10 2 38.696 9.441 37.174 8.753
128 10 2 38.850 9.495 37.328 8.806
129 10 2 38.985 9.548 37.464 8.860
130 10 2 39.157 9.602 37.636 8.913
131 10 2 39.293 9.655 37.772 8.967
132 10 2 39.465 9.709 37.944 9.020
133 10 2 39.618 9.780 38.098 9.092
134 10 2 39.790 9.833 38.270 9.145
135 10 2 39.944 9.905 38.424 9.217
136 10 2 40.115 9.976 38.596 9.288
138 10 2 40.422 10.083 38.904 9.395
139 10 2 40.576 10.136 39.057 9.449
140 10 2 40.729 10.189 39.211 9.502
141 10 2 40.883 10.243 39.365 9.555
142 10 2 41.036 10.296 39.518 9.609
143 10 2 41.189 10.349 39.672 9.662
144 10 2 41.361 10.403 39.844 9.716
145 10 2 41.514 10.456 39.997 9.769
146 10 2 41.667 10.509 40.151 9.822
147 10 2 41.821 10.562 40.304 9.876
148 10 2 41.992 10.598 40.476 9.911
149 10 2 42.145 10.651 40.629 9.964
150 10 2 42.316 10.704 40.801 10.017
151 10 2 42.469 10.757 40.954 10.071
152 10 2 42.640 10.792 41.125 10.106
153 10 2 42.793 10.845 41.279 10.159
154 10 2 42.964 10.881 41.450 10.194
155 10 2 43.118 10.934 41.603 10.248
156 10 2 43.288 10.969 41.774 10.283
157 10 2 43.441 11.004 41.928 10.318
158 10 2 43.612 11.039 42.099 10.353
159 10 2 43.783 11.074 42.270 10.388
160 10 2 43.954 11.109 42.441 10.423
161 10 2 44.107 11.144 42.594 10.459
162 10 2 44.277 11.179 42.765 10.494
163 10 2 44.448 11.214 42.936 10.529
164 10 2 44.619 11.249 43.107 10.564
165 10 2 44.771 11.284 43.260 10.599
166 10 2 44.960 11.301 43.449 10.616
168 10 2 45.301 11.353 43.790 10.668
169 10 2 45.472 11.388 43.961 10.703
170 10 2 45.642 11.423 44.132 10.738
171 10 2 45.812 11.440 44.302 10.755
172 10 2 45.983 11.457 44.473 10.772
173 10 2 46.153 11.474 44.644 10.789
174 10 2 46.323 11.509 44.814 10.824
175 10 2 46.494 11.525 44.985 10.841
176 10 2 46.682 11.560 45.173 10.876
177 10 2 47.480 11.906 45.650 11.279
178 10 2 46.825 11.568 45.317 10.884
180 10 2 47.165 11.584 45.658 10.900
181 10 2 47.318 11.601 45.810 10.917
182 10 2 47.505 11.618 45.998 10.934
183 10 2 47.658 11.635 46.151 10.951
118 10 2 37.438 9.032 35.914 8.342
137 10 2 40.269 10.029 38.750 9.342
167 10 2 45.113 11.336 43.602 10.651
179 10 2 46.977 11.585 45.469 10.901
