0 0 1 35.600 8.586 34.685 7.766
1 0 1 35.628 8.614 34.676 7.756
2 0 1 35.628 8.643 34.676 7.785
3 0 1 35.628 8.690 34.676 7.832
4 0 1 35.609 8.718 34.657 7.860
5 0 1 35.628 8.784 34.675 7.926
6 0 1 35.609 8.812 34.656 7.954
7 0 1 35.608 8.859 34.656 8.001
8 0 1 35.608 8.906 34.656 8.048
9 0 1 35.608 8.953 34.655 8.095
10 0 1 35.608 9.000 34.655 8.142
11 0 1 35.438 9.206 34.776 8.340
12 0 1 35.494 9.197 34.720 8.339
13 0 1 35.494 9.234 34.720 8.377
14 0 1 35.476 9.121 34.672 8.527
15 0 1 35.466 9.206 34.682 8.443
16 0 1 35.475 9.244 34.691 8.480
17 0 1 35.466 9.272 34.681 8.509
18 0 1 35.475 9.319 34.691 8.556
19 0 1 35.465 9.356 34.681 8.593
20 0 1 35.474 9.413 34.690 8.650
21 0 1 35.483 9.469 34.699 8.706
22 0 1 35.492 9.507 34.708 8.744
23 0 1 35.483 9.544 34.699 8.781
24 0 1 35.511 9.582 34.727 8.819
25 0 1 35.520 9.638 34.736 8.875
26 0 1 35.529 9.695 34.745 8.932
27 0 1 35.538 9.732 34.754 8.969
28 0 1 35.547 9.770 34.763 9.007
29 0 1 35.556 9.808 34.773 9.045
30 0 1 35.566 9.845 34.782 9.082
31 0 1 35.556 9.883 34.772 9.120
32 0 1 35.565 9.939 34.781 9.176
33 0 1 35.556 9.977 34.772 9.214
34 0 1 35.565 10.014 34.781 9.251
35 0 1 35.555 10.052 34.771 9.289
36 0 1 35.564 10.089 34.780 9.327
37 0 1 35.555 10.127 34.771 9.364
38 0 1 35.545 10.183 34.761 9.421
39 0 1 35.536 10.202 34.752 9.439
40 0 1 35.526 10.258 34.742 9.496
41 0 1 35.516 10.296 34.733 9.533
42 0 1 35.507 10.334 34.723 9.571
43 0 1 35.497 10.371 34.713 9.609
44 0 1 35.488 10.427 34.704 9.665
45 0 1 35.459 10.484 34.675 9.721
46 0 1 35.486 10.653 34.656 9.796
47 0 1 35.468 10.643 34.684 9.825
48 0 1 35.458 10.643 34.618 9.890
49 0 1 35.402 10.587 34.543 9.918
50 0 1 35.365 10.624 34.581 9.881
51 0 1 35.355 10.662 34.571 9.918
52 0 1 35.364 10.700 34.580 9.956
53 0 1 35.373 10.737 34.589 9.994
54 0 1 35.364 10.775 34.580 10.031
55 0 1 35.419 11.075 34.627 10.022
56 0 1 35.410 10.925 34.626 10.153
57 0 1 35.419 10.972 34.635 10.200
58 0 1 35.428 11.000 34.644 10.229
59 0 1 35.437 11.066 34.654 10.294
60 0 1 35.447 11.094 34.663 10.323
61 0 1 35.456 11.160 34.672 10.388
62 0 1 35.465 11.188 34.681 10.417
63 0 1 35.474 11.235 34.690 10.464
64 0 1 35.483 11.263 34.699 10.492
65 0 1 35.474 11.310 34.690 10.539
66 0 1 35.483 11.339 34.699 10.567
67 0 1 35.473 11.385 34.689 10.614
68 0 1 35.482 11.414 34.699 10.642
69 0 1 35.473 11.461 34.689 10.689
70 0 1 35.482 11.489 34.698 10.717
71 0 1 35.472 11.536 34.689 10.764
72 0 1 35.482 11.564 34.698 10.793
73 0 1 35.472 11.592 34.688 10.821
74 0 1 35.463 11.620 34.679 10.849
75 0 1 35.453 11.667 34.669 10.896
76 0 1 35.462 11.695 34.678 10.924
77 0 1 35.452 11.761 34.669 10.990
78 0 1 35.443 11.789 34.659 11.018
79 0 1 35.433 11.855 34.649 11.084
80 0 1 35.442 11.883 34.659 11.112
81 0 1 35.414 11.930 34.630 11.159
83 0 1 35.432 12.015 34.724 11.197
84 0 1 35.461 11.986 34.696 11.215
85 0 1 35.367 12.015 34.808 11.244
86 0 1 35.376 12.043 34.817 11.272
87 0 1 35.385 12.090 34.826 11.319
88 0 1 35.394 12.118 34.836 11.347
89 0 1 35.422 12.146 34.864 11.375
90 0 1 35.431 12.193 34.873 11.422
91 0 1 35.459 12.221 34.901 11.450
92 0 1 35.469 12.268 34.910 11.497
93 0 1 35.478 12.315 34.919 11.544
94 0 1 35.487 12.362 34.928 11.591
95 0 1 35.515 12.390 34.956 11.620
96 0 1 35.505 12.437 34.947 11.667
97 0 1 35.533 12.465 34.975 11.695
98 0 1 35.523 12.512 34.965 11.742
99 0 1 35.533 12.540 34.974 11.770
100 0 1 35.523 12.587 34.965 11.817
101 0 1 35.532 12.616 34.974 11.845
102 0 1 35.465 12.869 34.890 11.807
103 0 1 35.457 12.719 34.898 11.939
104 0 1 35.457 12.756 34.898 11.976
105 0 1 35.456 12.794 34.898 12.014
106 0 1 35.456 12.831 34.898 12.052
107 0 1 35.447 12.869 34.888 12.089
108 0 1 35.456 12.907 34.897 12.127
109 0 1 35.437 12.953 34.878 12.174
110 0 1 35.427 12.991 34.869 12.211
111 0 1 35.427 13.029 34.869 12.249
112 0 1 35.417 13.066 34.859 12.286
113 0 1 35.398 13.113 34.840 12.333
115 0 1 35.389 13.104 34.831 12.324
116 0 1 35.380 13.151 34.821 12.371
117 0 1 35.518 13.479 34.848 12.540
118 0 1 35.463 13.395 34.895 12.606
119 0 1 35.462 13.442 34.895 12.653
120 0 1 35.462 13.470 34.894 12.681
121 0 1 35.462 13.517 34.894 12.728
122 0 1 35.471 13.564 34.903 12.775
123 0 1 35.471 13.620 34.903 12.831
124 0 1 35.471 13.667 34.903 12.878
125 0 1 35.480 13.704 34.912 12.916
127 0 1 35.470 13.695 34.903 12.906
128 0 1 35.480 13.742 34.912 12.953
129 0 1 35.489 13.798 34.921 13.010
130 0 1 35.507 13.855 34.939 13.066
131 0 1 35.516 13.911 34.948 13.122
133 0 1 35.507 13.902 34.939 13.113
134 0 1 35.507 13.958 34.939 13.169
136 0 1 35.497 13.948 34.929 13.160
137 0 1 35.532 14.512 34.937 13.451
138 0 1 35.514 14.371 34.946 13.564
139 0 1 35.514 14.408 34.946 13.601
140 0 1 35.513 14.455 34.946 13.648
141 0 1 35.513 14.512 34.945 13.704
142 0 1 35.503 14.558 34.936 13.751
143 0 1 35.503 14.596 34.936 13.789
144 0 1 35.493 14.652 34.926 13.845
145 0 1 35.484 14.699 34.916 13.892
146 0 1 35.474 14.765 34.907 13.958
147 0 1 35.465 14.802 34.897 13.995
148 0 1 35.455 14.849 34.887 14.042
149 0 1 35.455 14.906 34.887 14.099
150 0 1 35.454 14.953 34.887 14.146
151 0 1 35.454 14.990 34.887 14.183
153 0 1 35.445 14.981 34.877 14.174
154 0 1 35.445 15.018 34.877 14.211
155 0 1 35.454 15.075 34.886 14.268
156 0 1 35.454 15.121 34.886 14.314
157 0 1 35.463 15.159 34.895 14.352
158 0 1 35.462 15.206 34.895 14.399
159 0 1 35.472 15.262 34.904 14.455
160 0 1 35.481 15.309 34.913 14.502
161 0 1 35.490 15.347 34.922 14.540
162 0 1 35.499 15.403 34.931 14.596
163 0 1 35.508 15.450 34.941 14.643
164 0 1 35.508 15.506 34.940 14.699
165 0 1 35.517 15.553 34.949 14.746
166 0 1 35.517 15.581 34.949 14.774
167 0 1 35.516 15.647 34.949 14.840
168 0 1 35.516 15.694 34.949 14.887
169 0 1 35.506 15.741 34.939 14.934
171 0 1 35.497 15.731 34.930 14.925
172 0 1 35.497 15.769 34.929 14.962
173 0 1 35.497 15.825 34.929 15.018
174 0 1 35.487 15.872 34.920 15.065
175 0 1 35.487 15.919 34.919 15.112
176 0 1 35.477 15.975 34.910 15.169
177 0 1 35.467 16.031 34.900 15.225
178 0 1 35.458 16.088 34.890 15.281
179 0 1 35.578 16.444 34.871 15.469
180 0 1 35.503 16.360 34.926 15.544
181 0 1 35.494 16.416 34.917 15.600
182 0 1 35.493 16.463 34.917 15.647
183 0 1 35.493 16.510 34.916 15.694
184 0 1 35.493 16.557 34.916 15.741
185 0 1 35.493 16.604 34.916 15.788
186 0 1 35.483 16.660 34.906 15.844
187 0 1 35.473 16.707 34.897 15.891
188 0 1 35.482 16.754 34.906 15.938
189 0 1 35.473 16.801 34.896 15.985
190 0 1 35.482 16.857 34.905 16.041
191 0 1 35.472 16.904 34.896 16.088
192 0 1 35.481 16.951 34.905 16.135
193 0 1 35.472 17.007 34.895 16.191
194 0 1 35.490 17.063 34.913 16.248
195 0 1 35.490 17.119 34.913 16.304
196 0 1 35.490 17.166 34.913 16.351
197 0 1 35.489 17.223 34.913 16.407
198 0 1 35.480 17.269 34.903 16.454
199 0 1 35.470 17.316 34.893 16.501
200 0 1 35.470 17.363 34.893 16.548
201 0 1 35.460 17.410 34.884 16.595
202 0 1 35.535 17.438 34.705 16.698
203 0 1 35.544 17.494 34.667 16.726
204 0 1 35.394 17.504 34.817 16.707
205 0 1 35.525 17.644 34.649 16.708
206 0 1 35.486 17.794 34.649 16.698
207 0 1 35.486 17.851 34.621 16.670
208 0 1 35.458 17.804 34.629 16.820
209 0 1 35.328 17.710 34.751 16.905
210 0 1 35.401 17.954 34.750 17.120
211 0 1 35.419 18.057 34.749 17.139
212 0 1 35.400 18.142 34.711 17.261
213 0 1 35.476 17.991 34.609 17.055
214 0 1 35.345 17.935 34.740 17.111
215 0 1 35.335 17.992 34.731 17.167
216 0 1 35.335 18.029 34.730 17.205
217 0 1 35.335 18.076 34.730 17.252
218 0 1 35.381 18.235 34.468 17.252
219 0 1 35.232 18.151 34.627 17.327
220 0 1 35.352 18.338 34.486 17.383
221 0 1 35.343 18.395 34.486 17.374
222 0 1 35.314 18.479 34.411 17.421
223 0 1 35.276 18.582 34.373 17.430
224 0 1 35.276 18.629 34.391 17.580
225 0 1 35.332 18.657 34.448 17.515
226 0 1 35.183 18.489 34.578 17.665
227 0 1 35.332 18.676 34.438 17.505
228 0 1 35.294 18.723 34.457 17.524
229 0 1 35.322 18.742 34.485 17.590
230 0 1 35.312 18.826 34.494 17.693
231 0 1 35.387 18.873 34.512 17.758
232 0 1 35.358 18.967 34.492 17.909
233 0 1 35.228 18.836 34.623 18.012
234 0 1 35.228 18.882 34.623 18.058
235 0 1 35.386 19.107 34.566 18.199
236 0 1 35.432 19.173 34.575 18.331
237 0 1 35.385 19.191 34.575 18.349
238 0 1 35.422 19.248 34.575 18.302
239 0 1 35.366 19.257 34.489 18.509
240 0 1 35.235 19.286 34.630 18.471
241 0 1 35.235 19.332 34.630 18.518
242 0 1 35.225 19.379 34.620 18.565
243 0 1 35.215 19.426 34.611 18.612
244 0 1 35.337 19.491 34.452 18.425
245 0 1 35.402 19.510 34.499 18.368
246 0 1 35.244 19.342 34.639 18.527
247 0 1 35.234 19.407 34.629 18.593
248 0 1 35.345 19.698 34.489 18.518
249 0 1 35.476 19.744 34.536 18.640
250 0 1 35.299 19.585 34.694 18.771
251 0 1 35.289 19.660 34.684 18.846
252 0 1 35.326 19.829 34.365 18.940
253 0 1 35.157 19.773 34.553 18.959
254 0 1 35.167 19.801 34.562 18.987
255 0 1 35.344 19.969 34.496 19.034
256 0 1 35.381 20.016 34.515 19.034
257 0 1 35.362 20.035 34.571 19.090
258 0 1 35.268 20.101 34.533 19.090
259 0 1 35.324 20.101 34.561 19.081
260 0 1 35.241 19.998 34.636 19.184
261 0 1 35.240 20.035 34.636 19.221
262 0 1 35.240 20.073 34.635 19.259
263 0 1 35.240 20.101 34.635 19.287
265 0 1 35.231 20.092 34.626 19.277
266 0 1 35.230 20.148 34.626 19.334
268 0 1 35.221 20.138 34.616 19.324
269 0 1 35.221 20.167 34.616 19.353
270 0 1 35.211 20.195 34.607 19.381
271 0 1 35.202 20.242 34.597 19.428
272 0 1 35.183 20.279 34.578 19.465
274 0 1 35.174 20.270 34.569 19.456
275 0 1 35.164 20.307 34.559 19.493
276 0 1 35.154 20.354 34.550 19.540
277 0 1 35.145 20.401 34.540 19.587
278 0 1 35.135 20.439 34.530 19.625
279 0 1 35.126 20.485 34.521 19.671
280 0 1 35.107 20.532 34.502 19.718
281 0 1 35.088 20.570 34.483 19.756
282 0 1 35.069 20.598 34.464 19.784
0 1 1 38.729 8.434 37.892 7.474
1 1 1 38.757 8.463 37.883 7.456
2 1 1 38.747 8.509 37.874 7.503
3 1 1 38.756 8.538 37.883 7.531
4 1 1 38.756 8.594 37.882 7.587
5 1 1 38.747 8.631 37.873 7.625
6 1 1 38.774 8.669 37.901 7.662
7 1 1 38.774 8.707 37.901 7.700
8 1 1 38.755 8.744 37.882 7.737
9 1 1 38.793 8.782 37.919 7.775
10 1 1 38.811 8.801 37.937 7.794
11 1 1 38.652 8.838 37.778 7.831
12 1 1 38.811 8.876 37.937 7.869
13 1 1 38.829 8.913 37.956 7.907
14 1 1 38.876 8.951 38.002 7.944
15 1 1 38.847 8.988 37.974 7.982
16 1 1 38.847 9.026 37.974 8.019
17 1 1 38.838 9.063 37.964 8.057
18 1 1 38.847 9.101 37.973 8.094
19 1 1 38.789 9.354 38.047 8.198
20 1 1 38.818 9.307 38.010 8.235
21 1 1 38.817 9.326 38.010 8.254
22 1 1 38.742 9.457 38.019 8.292
23 1 1 38.770 9.429 37.991 8.339
24 1 1 38.761 9.448 37.981 8.357
25 1 1 38.770 9.476 37.990 8.385
26 1 1 38.760 9.523 37.981 8.432
27 1 1 38.770 9.532 37.990 8.442
28 1 1 38.760 9.579 37.980 8.489
29 1 1 38.769 9.607 37.990 8.517
30 1 1 38.760 9.654 37.980 8.564
31 1 1 38.750 9.701 37.970 8.611
32 1 1 38.740 9.748 37.961 8.658
33 1 1 38.749 9.776 37.970 8.686
34 1 1 38.759 9.804 37.979 8.714
35 1 1 38.768 9.833 37.988 8.742
36 1 1 38.777 9.879 37.997 8.789
37 1 1 38.805 9.908 38.025 8.817
38 1 1 38.795 9.955 38.016 8.864
39 1 1 38.823 10.002 38.043 8.911
40 1 1 38.832 10.048 38.053 8.958
41 1 1 38.841 10.077 38.062 8.986
42 1 1 38.832 10.105 38.052 9.015
43 1 1 38.841 10.133 38.061 9.043
44 1 1 38.850 10.180 38.071 9.090
45 1 1 38.859 10.208 38.080 9.118
46 1 1 38.868 10.255 38.089 9.165
47 1 1 38.877 10.283 38.098 9.193
48 1 1 38.868 10.330 38.088 9.240
49 1 1 38.803 10.217 38.153 9.447
50 1 1 38.849 10.349 38.097 9.315
51 1 1 38.849 10.377 38.097 9.343
52 1 1 38.849 10.405 38.097 9.371
53 1 1 38.848 10.452 38.097 9.418
54 1 1 38.848 10.480 38.097 9.446
55 1 1 38.848 10.527 38.096 9.493
56 1 1 38.848 10.574 38.096 9.540
57 1 1 38.829 10.621 38.077 9.587
58 1 1 38.847 10.649 38.096 9.615
59 1 1 38.828 10.696 38.077 9.662
60 1 1 38.847 10.724 38.095 9.690
61 1 1 38.828 10.771 38.076 9.737
62 1 1 38.846 10.799 38.095 9.766
63 1 1 38.828 10.827 38.076 9.794
64 1 1 38.846 10.855 38.095 9.822
65 1 1 38.827 10.921 38.075 9.887
66 1 1 38.846 10.949 38.094 9.916
67 1 1 38.845 10.996 38.094 9.963
68 1 1 38.845 11.024 38.094 9.991
69 1 1 38.788 11.202 38.224 10.169
70 1 1 38.760 11.202 38.205 10.216
71 1 1 38.769 11.258 38.186 10.235
72 1 1 38.816 11.249 38.130 10.225
73 1 1 38.825 11.286 38.139 10.263
74 1 1 38.815 11.343 38.129 10.319
75 1 1 38.825 11.380 38.138 10.357
76 1 1 38.834 11.418 38.147 10.394
77 1 1 38.843 11.455 38.157 10.432
78 1 1 38.833 11.493 38.147 10.469
79 1 1 38.842 11.512 38.156 10.488
80 1 1 38.833 11.568 38.147 10.544
81 1 1 38.842 11.605 38.156 10.582
82 1 1 38.832 11.662 38.146 10.638
83 1 1 38.841 11.699 38.155 10.676
84 1 1 38.832 11.737 38.146 10.713
85 1 1 38.841 11.774 38.155 10.751
86 1 1 38.831 11.830 38.145 10.807
87 1 1 38.840 11.868 38.154 10.845
88 1 1 38.831 11.924 38.145 10.901
89 1 1 38.821 11.980 38.135 10.957
90 1 1 38.812 12.018 38.125 10.995
91 1 1 38.821 12.074 38.134 11.051
92 1 1 38.811 12.112 38.125 11.089
93 1 1 38.820 12.149 38.134 11.126
94 1 1 38.811 12.187 38.124 11.164
95 1 1 38.820 12.224 38.134 11.201
96 1 1 38.810 12.262 38.124 11.239
97 1 1 38.886 12.130 38.198 11.379
98 1 1 38.876 12.252 38.189 11.258
99 1 1 38.885 12.280 38.199 11.286
100 1 1 38.912 12.374 38.217 11.370
101 1 1 38.931 12.431 38.245 11.417
102 1 1 38.893 12.430 38.235 11.520
103 1 1 38.903 12.412 38.207 11.520
104 1 1 38.865 12.496 38.234 11.595
105 1 1 38.883 12.524 38.216 11.558
106 1 1 38.893 12.562 38.225 11.595
107 1 1 38.902 12.618 38.234 11.652
108 1 1 38.892 12.674 38.224 11.708
109 1 1 38.901 12.693 38.234 11.727
110 1 1 38.977 12.562 38.195 11.923
111 1 1 38.967 12.646 38.176 11.914
112 1 1 39.050 12.749 38.308 11.755
113 1 1 39.004 12.712 38.336 11.783
114 1 1 38.994 12.749 38.327 11.820
115 1 1 38.985 12.787 38.317 11.858
116 1 1 38.975 12.824 38.307 11.895
117 1 1 38.966 12.862 38.298 11.933
118 1 1 38.975 12.918 38.307 11.989
119 1 1 38.946 12.937 38.279 12.008
120 1 1 38.937 13.012 38.269 12.083
121 1 1 38.908 13.068 38.241 12.139
122 1 1 38.918 13.087 38.250 12.158
123 1 1 38.908 13.143 38.240 12.214
124 1 1 38.898 13.180 38.231 12.252
125 1 1 38.889 13.218 38.221 12.289
126 1 1 38.898 13.255 38.230 12.327
127 1 1 38.888 13.293 38.221 12.364
128 1 1 38.898 13.312 38.230 12.383
129 1 1 38.888 13.368 38.220 12.439
130 1 1 38.878 13.405 38.211 12.477
131 1 1 38.869 13.443 38.201 12.514
132 1 1 38.859 13.480 38.191 12.552
133 1 1 38.850 13.518 38.182 12.589
134 1 1 38.859 13.555 38.191 12.627
135 1 1 38.849 13.612 38.181 12.683
136 1 1 38.877 13.724 38.011 13.049
137 1 1 38.783 13.827 38.115 12.917
138 1 1 38.773 13.865 38.105 12.955
139 1 1 38.782 13.921 38.114 13.011
140 1 1 38.754 13.977 38.086 13.068
141 1 1 38.744 13.996 38.076 13.086
142 1 1 38.735 14.052 38.067 13.143
143 1 1 38.725 14.071 38.057 13.161
144 1 1 38.697 14.108 38.029 13.199
145 1 1 38.687 14.146 38.019 13.236
146 1 1 38.678 14.202 38.010 13.293
147 1 1 38.687 14.221 38.019 13.311
148 1 1 38.677 14.277 38.009 13.368
149 1 1 38.668 14.314 38.000 13.405
150 1 1 38.658 14.352 37.990 13.443
151 1 1 38.649 14.389 37.981 13.480
152 1 1 38.620 14.446 37.952 13.536
153 1 1 38.611 14.502 37.943 13.593
154 1 1 38.582 14.539 37.914 13.630
155 1 1 38.573 14.577 37.905 13.668
156 1 1 38.563 14.614 37.895 13.705
157 1 1 38.572 14.652 37.904 13.743
158 1 1 38.563 14.689 37.895 13.780
159 1 1 38.572 14.727 37.904 13.818
160 1 1 38.562 14.764 37.894 13.855
161 1 1 38.571 14.802 37.903 13.893
162 1 1 38.562 14.839 37.894 13.930
163 1 1 38.571 14.877 37.903 13.968
164 1 1 38.561 14.914 37.893 14.005
165 1 1 38.570 14.970 37.903 14.061
166 1 1 38.561 15.027 37.893 14.118
167 1 1 38.570 15.045 37.902 14.136
168 1 1 38.560 15.120 37.892 14.211
169 1 1 38.588 15.158 37.920 14.249
170 1 1 38.578 15.214 37.911 14.305
171 1 1 38.588 15.233 37.920 14.324
172 1 1 38.578 15.289 37.910 14.380
173 1 1 38.587 15.326 37.919 14.418
174 1 1 38.578 15.364 37.910 14.455
175 1 1 38.568 15.401 37.900 14.493
176 1 1 38.558 15.439 37.891 14.530
177 1 1 38.568 15.476 37.900 14.568
178 1 1 38.558 15.514 37.890 14.605
179 1 1 38.567 15.551 37.899 14.642
180 1 1 38.558 15.589 37.890 14.680
181 1 1 38.519 15.814 37.832 14.896
182 1 1 38.510 15.795 37.842 14.886
183 1 1 38.500 15.832 37.832 14.924
184 1 1 38.509 15.889 37.841 14.980
185 1 1 38.481 15.926 37.813 15.017
186 1 1 38.471 15.964 37.803 15.055
187 1 1 38.509 15.973 37.859 15.121
188 1 1 38.509 16.001 37.850 15.102
189 1 1 38.508 16.048 37.850 15.149
190 1 1 38.508 16.076 37.850 15.177
191 1 1 38.508 16.123 37.849 15.224
192 1 1 38.508 16.151 37.849 15.252
193 1 1 38.507 16.198 37.849 15.299
194 1 1 38.544 16.348 37.802 15.280
195 1 1 38.498 16.263 37.839 15.364
196 1 1 38.498 16.291 37.839 15.392
197 1 1 38.497 16.338 37.839 15.439
198 1 1 38.478 16.479 37.726 15.570
199 1 1 38.487 16.516 37.753 15.674
200 1 1 38.515 16.526 37.734 15.692
201 1 1 38.449 16.544 37.791 15.664
202 1 1 38.533 16.572 37.780 15.842
203 1 1 38.477 16.638 37.818 15.767
204 1 1 38.477 16.675 37.818 15.805
205 1 1 38.607 16.703 37.771 15.936
206 1 1 38.589 16.703 37.780 15.927
207 1 1 38.514 16.741 37.855 15.889
208 1 1 38.514 16.778 37.855 15.926
209 1 1 38.495 16.816 37.836 15.964
210 1 1 38.615 16.966 37.760 16.142
211 1 1 38.615 17.041 37.741 16.123
212 1 1 38.605 17.172 37.742 16.095
213 1 1 38.503 17.050 37.844 16.208
214 1 1 38.502 17.097 37.844 16.254
215 1 1 38.483 17.144 37.825 16.301
216 1 1 38.446 17.191 37.787 16.348
217 1 1 38.427 17.237 37.768 16.395
218 1 1 38.427 17.284 37.768 16.442
219 1 1 38.575 17.443 37.730 16.442
220 1 1 38.547 17.499 37.758 16.470
221 1 1 38.566 17.499 37.758 16.564
222 1 1 38.565 17.518 37.757 16.620
223 1 1 38.518 17.565 37.711 16.639
224 1 1 38.490 17.556 37.692 16.573
225 1 1 38.537 17.602 37.626 16.742
226 1 1 38.555 17.631 37.692 16.667
227 1 1 38.546 17.659 37.683 16.592
228 1 1 38.508 17.743 37.664 16.658
229 1 1 38.508 17.762 37.663 16.704
230 1 1 38.499 17.743 37.681 16.864
231 1 1 38.489 17.790 37.672 16.873
232 1 1 38.442 17.799 37.634 17.004
233 1 1 38.442 17.809 37.652 17.060
234 1 1 38.404 17.921 37.614 17.135
235 1 1 38.386 17.921 37.642 17.163
236 1 1 38.413 18.005 37.642 17.220
237 1 1 38.348 18.005 37.689 17.210
238 1 1 38.422 18.118 37.613 17.398
239 1 1 38.422 18.155 37.641 17.407
240 1 1 38.356 18.165 37.697 17.388
241 1 1 38.290 18.268 37.603 17.566
242 1 1 38.271 18.296 37.612 17.529
243 1 1 38.253 18.315 37.537 17.566
244 1 1 38.271 18.389 37.518 17.688
245 1 1 38.298 18.520 37.556 17.613
246 1 1 38.326 18.539 37.556 17.604
247 1 1 38.261 18.446 37.602 17.698
248 1 1 38.252 18.483 37.592 17.735
249 1 1 38.233 18.530 37.573 17.782
250 1 1 38.214 18.586 37.554 17.838
251 1 1 38.260 18.586 37.536 17.679
252 1 1 38.223 18.511 37.564 17.763
253 1 1 38.214 18.549 37.554 17.801
254 1 1 38.092 18.708 37.414 17.932
255 1 1 38.138 18.699 37.461 17.782
256 1 1 38.110 18.755 37.433 17.857
257 1 1 38.156 18.867 37.423 17.923
258 1 1 38.128 18.933 37.376 17.960
259 1 1 38.109 18.895 37.394 18.044
260 1 1 38.137 18.942 37.423 17.988
261 1 1 38.127 18.989 37.441 17.960
262 1 1 38.155 19.017 37.441 17.960
263 1 1 38.119 18.858 37.459 18.110
264 1 1 38.109 19.017 37.404 18.044
265 1 1 38.146 19.054 37.431 18.129
266 1 1 38.136 19.139 37.412 18.166
267 1 1 38.126 19.242 37.421 18.250
268 1 1 38.144 19.270 37.429 18.457
269 1 1 38.135 19.260 37.429 18.466
270 1 1 38.088 19.354 37.419 18.625
271 1 1 38.079 19.354 37.419 18.616
272 1 1 38.069 19.392 37.410 18.653
273 1 1 38.124 19.504 37.400 18.728
274 1 1 38.124 19.588 37.428 18.738
275 1 1 38.124 19.654 37.362 18.738
276 1 1 38.142 19.747 37.372 18.635
277 1 1 38.077 19.560 37.418 18.822
278 1 1 38.104 19.775 37.381 18.803
279 1 1 38.068 19.654 37.408 18.915
280 1 1 38.058 19.691 37.399 18.953
281 1 1 38.094 19.888 37.352 18.841
282 1 1 38.048 19.729 37.389 18.990
0 2 1 36.180 15.928 35.510 15.150
1 2 1 36.180 15.890 35.500 15.150
2 2 1 36.171 15.806 35.463 15.103
3 2 1 36.181 15.759 35.454 15.037
4 2 1 36.209 15.731 35.445 14.981
5 2 1 36.162 15.721 35.455 14.934
6 2 1 36.228 15.703 35.483 14.784
7 2 1 36.153 15.628 35.456 14.699
8 2 1 36.154 15.534 35.438 14.568
9 2 1 36.135 15.524 35.438 14.493
10 2 1 36.135 15.515 35.419 14.474
11 2 1 36.154 15.515 35.457 14.446
12 2 1 36.154 15.506 35.466 14.474
13 2 1 36.154 15.524 35.457 14.512
14 2 1 36.136 15.468 35.410 14.512
15 2 1 36.117 15.421 35.428 14.549
16 2 1 36.108 15.403 35.420 14.465
17 2 1 36.099 15.365 35.410 14.493
18 2 1 36.089 15.328 35.401 14.455
19 2 1 36.080 15.271 35.392 14.399
20 2 1 36.090 15.234 35.401 14.361
21 2 1 36.120 14.924 35.308 14.305
22 2 1 36.101 14.915 35.318 14.239
23 2 1 36.073 14.905 35.261 14.221
24 2 1 36.082 14.943 35.290 14.099
25 2 1 36.054 14.868 35.309 14.089
26 2 1 36.055 14.849 35.329 13.920
27 2 1 36.008 14.868 35.282 13.892
28 2 1 36.026 14.877 35.310 13.920
29 2 1 36.036 14.859 35.338 13.911
30 2 1 36.036 14.774 35.366 13.939
31 2 1 36.027 14.708 35.366 13.930
32 2 1 36.046 14.662 35.301 13.911
33 2 1 36.047 14.587 35.291 13.864
34 2 1 36.056 14.540 35.292 13.836
35 2 1 36.047 14.540 35.264 13.789
36 2 1 35.991 14.502 35.245 13.770
37 2 1 35.991 14.465 35.274 13.695
38 2 1 35.972 14.436 35.265 13.611
39 2 1 36.001 14.324 35.274 13.554
40 2 1 35.955 14.286 35.246 13.554
41 2 1 35.974 14.202 35.237 13.470
42 2 1 35.983 14.155 35.266 13.442
43 2 1 35.993 14.183 35.200 13.366
44 2 1 35.899 14.183 35.144 13.366
45 2 1 35.889 14.202 35.154 13.338
46 2 1 35.871 14.211 35.163 13.310
47 2 1 35.871 14.192 35.144 13.319
48 2 1 35.871 14.174 35.135 13.329
49 2 1 35.899 14.089 35.191 13.357
50 2 1 35.900 14.033 35.182 13.282
51 2 1 35.900 13.892 35.164 13.197
52 2 1 35.966 13.798 35.145 13.094
53 2 1 35.882 13.817 35.211 13.104
54 2 1 36.014 13.751 35.061 13.094
55 2 1 35.995 13.695 35.099 13.104
56 2 1 35.882 13.742 35.211 13.047
57 2 1 35.930 13.648 35.146 13.028
58 2 1 35.902 13.620 35.146 12.972
59 2 1 35.911 13.601 35.156 12.878
60 2 1 35.968 13.564 35.185 12.775
61 2 1 36.015 13.536 35.204 12.662
62 2 1 35.996 13.508 35.213 12.653
63 2 1 35.977 13.508 35.232 12.709
64 2 1 36.034 13.517 35.288 12.709
65 2 1 36.052 13.489 35.345 12.634
66 2 1 36.062 13.442 35.307 12.644
67 2 1 36.081 13.395 35.326 12.615
68 2 1 36.109 13.386 35.317 12.597
69 2 1 36.081 13.310 35.308 12.587
70 2 1 36.063 13.235 35.308 12.559
71 2 1 36.063 13.179 35.270 12.521
72 2 1 36.092 13.113 35.280 12.503
73 2 1 36.139 13.076 35.308 12.456
74 2 1 36.158 13.095 35.308 12.399
75 2 1 36.158 13.085 35.318 12.315
76 2 1 36.233 13.057 35.328 12.296
77 2 1 36.111 13.010 35.440 12.362
78 2 1 36.121 12.963 35.450 12.315
79 2 1 36.139 13.001 35.442 12.015
80 2 1 36.130 12.954 35.432 12.099
81 2 1 36.140 12.935 35.423 12.052
82 2 1 36.158 12.926 35.442 12.062
83 2 1 36.177 12.907 35.480 11.911
84 2 1 36.234 12.804 35.499 11.864
85 2 1 36.244 12.710 35.490 11.846
86 2 1 36.216 12.635 35.480 11.799
87 2 1 36.160 12.578 35.396 11.789
88 2 1 36.180 12.428 35.434 11.752
89 2 1 36.199 12.372 35.350 11.648
90 2 1 36.143 12.334 35.303 11.573
91 2 1 36.143 12.306 35.331 11.620
92 2 1 36.087 12.297 35.416 11.648
93 2 1 36.236 12.353 35.407 11.414
94 2 1 36.265 12.325 35.426 11.376
95 2 1 36.218 12.334 35.464 11.357
96 2 1 36.189 12.381 35.493 11.273
97 2 1 36.255 12.306 35.511 11.357
98 2 1 36.180 12.325 35.492 11.320
99 2 1 36.180 12.316 35.502 11.292
100 2 1 36.199 12.278 35.530 11.235
101 2 1 36.219 12.184 35.559 11.141
102 2 1 36.266 12.081 35.559 11.113
103 2 1 36.295 11.950 35.550 11.085
104 2 1 36.323 11.865 35.550 11.104
105 2 1 36.258 11.809 35.596 11.160
106 2 1 36.296 11.790 35.625 11.095
107 2 1 36.286 11.771 35.606 11.048
108 2 1 36.259 11.734 35.587 11.057
109 2 1 36.287 11.715 35.597 10.963
110 2 1 36.278 11.668 35.607 10.954
111 2 1 36.325 11.659 35.626 10.756
112 2 1 36.325 11.659 35.636 10.747
113 2 1 36.343 11.659 35.646 10.691
114 2 1 36.334 11.640 35.636 10.709
115 2 1 36.325 11.602 35.627 10.691
116 2 1 36.316 11.574 35.609 10.606
117 2 1 36.288 11.565 35.599 10.578
118 2 1 36.325 11.518 35.627 10.597
119 2 1 36.335 11.452 35.637 10.587
120 2 1 36.373 11.349 35.656 10.578
121 2 1 36.402 11.274 35.675 10.512
122 2 1 36.449 11.208 35.675 10.447
123 2 1 36.468 11.133 35.703 10.409
124 2 1 36.440 11.077 35.704 10.315
125 2 1 36.459 11.049 35.732 10.287
126 2 1 36.422 10.992 35.760 10.343
127 2 1 36.459 11.086 35.761 10.174
128 2 1 36.440 11.039 35.724 10.127
129 2 1 36.468 11.030 35.724 9.986
130 2 1 36.459 10.974 35.762 9.892
131 2 1 36.515 10.983 35.772 9.836
132 2 1 36.461 10.664 35.799 10.015
133 2 1 36.506 10.936 35.800 9.836
134 2 1 36.461 10.607 35.799 9.958
135 2 1 36.471 10.561 35.809 9.911
136 2 1 36.471 10.523 35.809 9.874
137 2 1 36.471 10.476 35.810 9.827
138 2 1 36.481 10.438 35.819 9.789
139 2 1 36.481 10.401 35.819 9.752
140 2 1 36.481 10.363 35.819 9.714
141 2 1 36.482 10.326 35.820 9.677
142 2 1 36.641 10.354 35.708 9.507
143 2 1 36.501 10.251 35.839 9.601
144 2 1 36.501 10.213 35.839 9.564
145 2 1 36.519 10.354 35.812 9.291
146 2 1 36.519 10.298 35.812 9.310
147 2 1 36.529 10.270 35.728 9.319
148 2 1 36.529 10.241 35.728 9.301
149 2 1 36.510 10.307 35.823 9.085
150 2 1 36.510 10.232 35.823 9.056
151 2 1 36.510 10.194 35.823 9.094
152 2 1 36.530 10.082 35.804 9.075
153 2 1 36.549 10.044 35.776 9.038
154 2 1 36.577 9.969 35.757 9.028
155 2 1 36.494 9.819 35.832 9.169
156 2 1 36.569 9.781 35.767 8.962
157 2 1 36.607 9.678 35.721 8.925
158 2 1 36.616 9.659 35.711 8.868
159 2 1 36.495 9.584 35.833 8.934
160 2 1 36.569 9.659 35.712 8.793
161 2 1 36.541 9.678 35.760 8.633
162 2 1 36.551 9.678 35.769 8.605
163 2 1 36.532 9.678 35.779 8.577
164 2 1 36.523 9.678 35.779 8.568
165 2 1 36.532 9.631 35.760 8.577
166 2 1 36.541 9.640 35.751 8.577
167 2 1 36.542 9.584 35.760 8.558
168 2 1 36.533 9.518 35.770 8.502
169 2 1 36.523 9.518 35.789 8.483
170 2 1 36.524 9.396 35.789 8.464
171 2 1 36.515 9.293 35.798 8.389
172 2 1 36.535 9.161 35.770 8.380
173 2 1 36.507 9.077 35.742 8.352
174 2 1 36.517 9.049 35.762 8.258
175 2 1 36.461 8.973 35.799 8.323
176 2 1 36.461 8.945 35.799 8.295
177 2 1 36.545 8.992 35.744 8.079
178 2 1 36.536 8.992 35.763 7.957
179 2 1 36.573 8.974 35.754 7.891
180 2 1 36.526 8.955 35.745 7.806
181 2 1 36.536 8.964 35.783 7.769
182 2 1 36.536 8.927 35.745 7.788
183 2 1 36.434 8.767 35.772 8.117
184 2 1 36.425 8.729 35.763 8.079
185 2 1 36.489 8.880 35.812 7.572
186 2 1 36.416 8.673 35.753 8.023
187 2 1 36.500 8.682 35.737 7.609
188 2 1 36.397 8.626 35.735 7.976
189 2 1 36.388 8.588 35.726 7.938
190 2 1 36.388 8.560 35.726 7.910
191 2 1 36.388 8.522 35.726 7.872
192 2 1 36.388 8.485 35.726 7.835
193 2 1 36.549 8.307 35.615 7.533
195 2 1 36.408 8.250 35.746 7.600
196 2 1 36.409 8.212 35.747 7.562
197 2 1 36.409 8.175 35.747 7.524
198 2 1 36.492 8.325 35.682 7.308
199 2 1 36.502 8.297 35.692 7.280
200 2 1 36.502 8.297 35.702 7.205
201 2 1 36.512 8.213 35.673 7.195
202 2 1 36.512 8.128 35.692 7.148
203 2 1 36.531 8.025 35.674 7.148
204 2 1 36.513 7.950 35.674 7.129
205 2 1 36.523 7.931 35.683 7.120
206 2 1 36.429 7.846 35.767 7.195
207 2 1 36.430 7.808 35.767 7.158
208 2 1 36.439 7.780 35.777 7.130
209 2 1 36.439 7.752 35.777 7.102
210 2 1 36.439 7.714 35.777 7.064
211 2 1 36.440 7.686 35.777 7.036
212 2 1 36.440 7.658 35.778 7.008
214 2 1 36.413 7.432 35.761 6.631
215 2 1 36.413 7.357 35.760 6.707
216 2 1 36.413 7.320 35.761 6.669
217 2 1 36.414 7.282 35.761 6.631
218 2 1 36.496 7.592 35.714 6.612
219 2 1 36.468 7.592 35.752 6.500
220 2 1 36.450 7.517 35.733 6.537
221 2 1 36.450 7.451 35.762 6.453
222 2 1 36.441 7.367 35.762 6.425
223 2 1 36.423 7.216 35.771 6.566
224 2 1 36.424 7.179 35.771 6.528
225 2 1 36.424 7.151 35.771 6.500
226 2 1 36.424 7.122 35.771 6.472
227 2 1 36.424 7.085 35.771 6.434
228 2 1 36.452 7.094 35.715 6.340
229 2 1 36.406 7.038 35.753 6.387
230 2 1 36.406 7.010 35.753 6.359
231 2 1 36.452 7.066 35.736 6.077
232 2 1 36.443 7.019 35.708 5.992
233 2 1 36.434 7.000 35.717 5.982
234 2 1 36.462 6.991 35.765 5.917
235 2 1 36.462 6.981 35.765 5.898
236 2 1 36.472 6.916 35.736 5.917
237 2 1 36.481 6.878 35.737 5.879
238 2 1 36.491 6.822 35.737 5.870
239 2 1 36.482 6.737 35.755 5.870
240 2 1 36.483 6.653 35.765 5.860
241 2 1 36.446 6.577 35.793 5.926
242 2 1 36.455 6.540 35.802 5.889
243 2 1 36.446 6.512 35.793 5.860
244 2 1 36.455 6.483 35.803 5.832
245 2 1 36.456 6.446 35.803 5.795
246 2 1 36.456 6.418 35.803 5.766
247 2 1 36.456 6.380 35.803 5.729
248 2 1 36.456 6.342 35.803 5.691
249 2 1 36.475 6.305 35.822 5.654
250 2 1 36.475 6.267 35.822 5.616
251 2 1 36.466 6.230 35.813 5.578
252 2 1 36.465 6.493 35.844 5.174
253 2 1 36.438 6.201 35.785 5.550
254 2 1 36.438 6.164 35.785 5.513
255 2 1 36.457 6.258 35.816 5.042
256 2 1 36.429 6.126 35.776 5.475
257 2 1 36.496 5.872 35.750 5.117
258 2 1 36.449 5.854 35.797 5.202
259 2 1 36.450 5.825 35.797 5.174
260 2 1 36.450 5.788 35.797 5.136
261 2 1 36.459 5.760 35.806 5.108
262 2 1 36.450 5.722 35.797 5.071
263 2 1 36.469 5.694 35.816 5.042
264 2 1 36.469 5.656 35.816 5.005
265 2 1 36.479 5.619 35.826 4.967
266 2 1 36.479 5.590 35.826 4.939
267 2 1 36.479 5.553 35.826 4.901
268 2 1 36.489 5.515 35.836 4.864
269 2 1 36.508 5.487 35.855 4.836
270 2 1 36.508 5.449 35.855 4.798
271 2 1 36.517 5.412 35.865 4.760
272 2 1 36.518 5.374 35.865 4.723
273 2 1 36.527 5.337 35.874 4.685
274 2 1 36.546 5.309 35.893 4.657
275 2 1 36.546 5.280 35.893 4.629
276 2 1 36.556 5.243 35.903 4.591
277 2 1 36.556 5.215 35.903 4.563
278 2 1 36.556 5.186 35.903 4.535
279 2 1 36.566 5.158 35.913 4.507
280 2 1 36.575 5.130 35.922 4.478
281 2 1 36.566 5.092 35.913 4.441
282 2 1 36.576 5.064 35.923 4.413
0 3 1 37.779 16.142 37.046 15.055
1 3 1 37.797 16.170 37.037 15.036
2 3 1 37.723 16.095 37.018 15.027
3 3 1 37.713 16.170 37.008 15.074
4 3 1 37.713 16.152 37.008 15.074
5 3 1 37.695 16.011 36.990 15.046
6 3 1 37.686 15.945 37.018 15.027
7 3 1 37.697 15.777 36.999 14.999
8 3 1 37.687 15.880 36.990 14.915
9 3 1 37.669 15.664 36.999 14.971
10 3 1 37.604 15.664 36.953 14.943
11 3 1 37.651 15.599 36.953 14.877
12 3 1 37.651 15.496 36.926 14.783
13 3 1 37.576 15.552 36.907 14.783
14 3 1 37.595 15.496 36.898 14.615
15 3 1 37.549 15.477 36.899 14.558
16 3 1 37.558 15.449 36.880 14.493
17 3 1 37.539 15.439 36.909 14.483
18 3 1 37.530 15.439 36.880 14.474
19 3 1 37.521 15.486 36.825 14.418
20 3 1 37.549 15.402 36.843 14.455
21 3 1 37.568 15.346 36.843 14.446
22 3 1 37.521 15.327 36.834 14.399
23 3 1 37.522 15.280 36.815 14.389
24 3 1 37.513 15.205 36.844 14.305
25 3 1 37.485 15.149 36.807 14.305
26 3 1 37.495 15.064 36.732 14.277
27 3 1 37.514 14.961 36.732 14.277
28 3 1 37.486 14.877 36.713 14.258
29 3 1 37.420 14.980 36.770 14.164
30 3 1 37.477 14.868 36.733 14.136
31 3 1 37.459 14.839 36.695 14.127
32 3 1 37.506 14.783 36.724 13.958
33 3 1 37.468 14.774 36.677 14.108
34 3 1 37.459 14.755 36.705 14.061
35 3 1 37.459 14.746 36.697 13.752
36 3 1 37.497 14.718 36.706 13.855
37 3 1 37.441 14.718 36.612 13.911
38 3 1 37.431 14.727 36.622 13.874
39 3 1 37.385 14.699 36.566 13.827
40 3 1 37.301 14.652 36.650 13.874
41 3 1 37.283 14.530 36.538 13.742
42 3 1 37.273 14.511 36.557 13.658
43 3 1 37.245 14.464 36.557 13.630
44 3 1 37.302 14.399 36.548 13.573
45 3 1 37.312 14.277 36.511 13.498
46 3 1 37.256 14.239 36.493 13.470
47 3 1 37.256 14.193 36.446 13.461
48 3 1 37.238 14.155 36.446 13.414
49 3 1 37.163 14.164 36.512 13.414
50 3 1 37.154 14.136 36.503 13.386
51 3 1 37.229 14.071 36.447 13.282
52 3 1 37.164 14.052 36.512 13.301
53 3 1 37.098 14.099 36.447 13.348
54 3 1 37.145 13.977 36.494 13.226
55 3 1 37.127 13.930 36.476 13.179
56 3 1 37.146 13.864 36.495 13.114
57 3 1 37.090 13.836 36.439 13.085
58 3 1 37.081 13.799 36.429 13.048
59 3 1 37.062 13.761 36.411 13.010
60 3 1 37.053 13.724 36.402 12.973
61 3 1 37.259 13.724 36.393 12.916
62 3 1 37.241 13.649 36.383 12.973
63 3 1 37.222 13.592 36.392 12.973
64 3 1 37.222 13.564 36.374 12.945
65 3 1 37.213 13.499 36.403 12.776
66 3 1 37.223 13.489 36.403 12.738
67 3 1 37.195 13.452 36.385 12.682
68 3 1 37.176 13.395 36.385 12.635
69 3 1 37.121 13.330 36.422 12.616
70 3 1 37.130 13.292 36.413 12.626
71 3 1 37.093 13.302 36.441 12.597
72 3 1 37.093 13.273 36.441 12.569
73 3 1 37.093 13.226 36.442 12.522
74 3 1 37.065 13.180 36.321 12.391
75 3 1 37.028 13.133 36.311 12.363
76 3 1 37.028 13.114 36.312 12.306
77 3 1 37.065 13.180 36.321 12.269
78 3 1 37.047 13.170 36.321 12.278
79 3 1 37.010 13.058 36.322 12.175
80 3 1 36.992 12.973 36.340 12.269
81 3 1 36.992 12.926 36.340 12.222
82 3 1 36.992 12.898 36.340 12.194
83 3 1 37.188 12.936 36.388 12.091
84 3 1 37.198 12.842 36.417 11.959
85 3 1 37.208 12.729 36.436 11.884
86 3 1 37.124 12.645 36.361 11.818
87 3 1 37.087 12.560 36.417 11.837
88 3 1 37.069 12.551 36.417 11.847
89 3 1 37.125 12.523 36.427 11.687
90 3 1 37.181 12.495 36.437 11.631
91 3 1 37.126 12.429 36.400 11.527
92 3 1 37.144 12.448 36.382 11.499
93 3 1 37.172 12.485 36.400 11.490
94 3 1 37.210 12.429 36.428 11.490
95 3 1 37.219 12.439 36.466 11.434
96 3 1 37.210 12.354 36.447 11.434
97 3 1 37.201 12.260 36.438 11.424
98 3 1 37.183 12.232 36.438 11.396
99 3 1 37.193 12.129 36.467 11.340
100 3 1 37.184 12.063 36.458 11.312
101 3 1 37.222 11.998 36.430 11.227
102 3 1 37.212 11.998 36.439 11.236
103 3 1 37.147 11.960 36.495 11.255
104 3 1 37.147 11.922 36.495 11.218
105 3 1 37.157 11.885 36.505 11.180
106 3 1 37.148 11.838 36.496 11.133
107 3 1 37.176 11.810 36.431 11.077
108 3 1 37.185 11.782 36.393 11.058
109 3 1 37.167 11.772 36.422 11.039
110 3 1 37.204 11.763 36.412 10.983
111 3 1 37.129 11.725 36.478 11.021
112 3 1 37.139 11.678 36.487 10.974
113 3 1 37.139 11.632 36.488 10.927
114 3 1 37.140 11.585 36.488 10.880
115 3 1 37.149 11.547 36.498 10.842
116 3 1 37.168 11.500 36.517 10.795
117 3 1 37.178 11.463 36.526 10.758
118 3 1 37.187 11.425 36.536 10.720
119 3 1 37.197 11.388 36.545 10.683
120 3 1 37.206 11.350 36.555 10.645
121 3 1 37.216 11.313 36.564 10.608
122 3 1 37.216 11.275 36.565 10.570
123 3 1 37.245 11.125 36.510 10.316
124 3 1 37.199 11.078 36.547 10.373
125 3 1 37.199 11.040 36.547 10.335
126 3 1 37.208 10.993 36.557 10.288
127 3 1 37.218 10.947 36.566 10.241
128 3 1 37.209 10.900 36.557 10.194
129 3 1 37.219 10.853 36.567 10.148
130 3 1 37.209 10.806 36.558 10.101
131 3 1 37.210 10.759 36.558 10.054
132 3 1 37.210 10.712 36.558 10.007
133 3 1 37.210 10.665 36.558 9.960
134 3 1 37.201 10.618 36.549 9.913
135 3 1 37.192 10.571 36.540 9.866
136 3 1 37.192 10.534 36.540 9.828
137 3 1 37.192 10.487 36.541 9.781
138 3 1 37.193 10.440 36.541 9.734
139 3 1 37.202 10.402 36.551 9.697
140 3 1 37.193 10.355 36.541 9.650
141 3 1 37.203 10.318 36.551 9.612
142 3 1 37.194 10.271 36.542 9.565
143 3 1 37.203 10.233 36.551 9.528
144 3 1 37.203 10.186 36.552 9.481
145 3 1 37.269 10.158 36.637 9.284
146 3 1 37.307 10.130 36.684 9.312
147 3 1 37.297 10.158 36.684 9.246
148 3 1 37.288 10.149 36.666 9.190
149 3 1 37.289 10.017 36.665 9.312
150 3 1 37.307 10.158 36.620 9.039
151 3 1 37.269 10.149 36.554 9.077
152 3 1 37.317 10.046 36.554 9.058
153 3 1 37.354 9.989 36.554 9.011
154 3 1 37.364 9.914 36.582 9.021
155 3 1 37.290 9.820 36.582 9.039
156 3 1 37.271 9.736 36.583 8.936
157 3 1 37.234 9.689 36.611 8.983
158 3 1 37.234 9.651 36.611 8.946
159 3 1 37.235 9.614 36.611 8.908
160 3 1 37.310 9.548 36.518 8.729
161 3 1 37.226 9.492 36.602 8.786
162 3 1 37.226 9.454 36.602 8.748
163 3 1 37.226 9.407 36.603 8.701
164 3 1 37.227 9.360 36.603 8.654
165 3 1 37.348 9.482 36.678 8.636
166 3 1 37.311 9.398 36.687 8.692
167 3 1 37.311 9.351 36.687 8.645
168 3 1 37.311 9.304 36.688 8.598
169 3 1 37.348 9.398 36.717 8.448
170 3 1 37.339 9.276 36.716 8.570
171 3 1 37.340 9.229 36.716 8.523
172 3 1 37.331 9.191 36.707 8.486
173 3 1 37.331 9.163 36.707 8.457
174 3 1 37.322 9.126 36.698 8.420
175 3 1 37.331 9.088 36.708 8.382
177 3 1 37.322 9.079 36.698 8.373
178 3 1 37.323 8.853 36.597 8.016
179 3 1 37.267 8.787 36.644 8.081
180 3 1 37.267 8.750 36.644 8.044
181 3 1 37.277 8.712 36.653 8.006
182 3 1 37.277 8.675 36.654 7.969
183 3 1 37.287 8.628 36.663 7.922
184 3 1 37.287 8.581 36.663 7.875
185 3 1 37.297 8.543 36.673 7.837
186 3 1 37.306 8.496 36.683 7.790
187 3 1 37.316 8.449 36.692 7.743
188 3 1 37.316 8.412 36.692 7.706
189 3 1 37.354 8.365 36.730 7.659
191 3 1 37.345 8.356 36.721 7.649
192 3 1 37.354 8.318 36.730 7.612
194 3 1 37.345 8.309 36.721 7.602
195 3 1 37.354 8.281 36.731 7.574
196 3 1 37.354 8.252 36.731 7.546
197 3 1 37.364 8.205 36.740 7.499
198 3 1 37.374 8.168 36.750 7.462
199 3 1 37.383 8.130 36.760 7.424
201 3 1 37.374 8.121 36.750 7.415
202 3 1 37.572 7.877 36.771 7.114
203 3 1 37.478 7.849 36.855 7.142
204 3 1 37.488 7.802 36.864 7.096
205 3 1 37.488 7.764 36.865 7.058
206 3 1 37.488 7.727 36.865 7.020
207 3 1 37.498 7.689 36.874 6.983
208 3 1 37.508 7.652 36.884 6.945
209 3 1 37.508 7.614 36.884 6.908
210 3 1 37.517 7.577 36.894 6.870
211 3 1 37.527 7.539 36.903 6.833
213 3 1 37.518 7.530 36.894 6.823
214 3 1 37.518 7.501 36.894 6.795
215 3 1 37.527 7.464 36.904 6.757
216 3 1 37.537 7.426 36.913 6.720
217 3 1 37.546 7.389 36.923 6.682
218 3 1 37.556 7.351 36.932 6.645
219 3 1 37.566 7.314 36.942 6.607
220 3 1 37.575 7.276 36.952 6.570
221 3 1 37.594 7.229 36.971 6.523
222 3 1 37.604 7.192 36.980 6.485
223 3 1 37.613 7.145 36.990 6.438
224 3 1 37.623 7.107 36.999 6.401
225 3 1 37.632 7.079 37.009 6.372
226 3 1 37.651 7.042 37.028 6.335
227 3 1 37.661 7.004 37.037 6.297
228 3 1 37.680 6.967 37.056 6.260
229 3 1 37.699 6.938 37.075 6.232
230 3 1 37.718 6.901 37.094 6.194
231 3 1 37.737 6.863 37.113 6.157
232 3 1 37.746 6.835 37.123 6.129
233 3 1 37.765 6.798 37.142 6.091
234 3 1 37.775 6.760 37.151 6.053
235 3 1 37.784 6.723 37.161 6.016
236 3 1 37.794 6.685 37.170 5.978
237 3 1 37.897 6.629 37.135 5.508
238 3 1 37.878 6.714 37.173 5.443
239 3 1 37.869 6.676 37.164 5.405
240 3 1 37.805 6.413 37.181 5.706
241 3 1 37.906 6.639 37.099 5.386
242 3 1 37.860 6.648 37.136 5.367
243 3 1 37.786 6.356 37.163 5.649
244 3 1 37.786 6.319 37.163 5.612
245 3 1 37.787 6.281 37.163 5.574
246 3 1 37.787 6.244 37.163 5.537
247 3 1 37.787 6.215 37.163 5.508
248 3 1 37.787 6.178 37.164 5.471
249 3 1 37.787 6.150 37.164 5.443
250 3 1 37.797 6.122 37.173 5.414
251 3 1 37.797 6.084 37.174 5.377
252 3 1 37.797 6.056 37.174 5.349
253 3 1 37.807 6.018 37.183 5.311
254 3 1 37.807 5.990 37.183 5.283
255 3 1 37.817 5.952 37.193 5.245
256 3 1 37.826 5.915 37.203 5.208
257 3 1 37.836 5.887 37.212 5.180
258 3 1 37.845 5.849 37.222 5.142
259 3 1 37.855 5.812 37.231 5.104
260 3 1 37.864 5.774 37.241 5.067
261 3 1 37.883 5.727 37.260 5.020
262 3 1 37.893 5.690 37.269 4.982
263 3 1 37.902 5.662 37.279 4.954
264 3 1 37.912 5.624 37.289 4.917
265 3 1 37.922 5.596 37.298 4.889
266 3 1 37.941 5.558 37.317 4.851
267 3 1 37.950 5.530 37.326 4.823
268 3 1 37.969 5.502 37.345 4.795
269 3 1 37.978 5.465 37.355 4.757
270 3 1 37.988 5.436 37.364 4.729
271 3 1 37.998 5.408 37.374 4.701
272 3 1 38.007 5.371 37.384 4.663
273 3 1 38.017 5.343 37.393 4.635
274 3 1 38.026 5.314 37.403 4.607
275 3 1 38.026 5.277 37.403 4.569
276 3 1 38.036 5.239 37.412 4.532
277 3 1 38.045 5.211 37.422 4.504
278 3 1 38.046 5.174 37.422 4.466
279 3 1 38.055 5.127 37.432 4.419
280 3 1 38.055 5.089 37.432 4.382
281 3 1 38.065 5.051 37.442 4.344
282 3 1 38.065 5.023 37.442 4.316
0 5 1 37.284 9.088 36.400 8.090
1 5 1 37.312 9.116 36.391 8.071
2 5 1 37.322 9.107 36.474 8.166
3 5 1 37.322 9.107 36.465 8.156
4 5 1 37.331 9.144 36.474 8.194
5 5 1 37.349 9.191 36.493 8.241
6 5 1 37.368 9.220 36.511 8.269
7 5 1 37.377 9.257 36.521 8.307
8 5 1 37.358 9.267 36.623 8.467
9 5 1 37.376 9.520 36.678 8.570
10 5 1 37.422 9.623 36.687 8.626
11 5 1 37.440 9.689 36.762 8.627
12 5 1 37.477 9.727 36.800 8.674
13 5 1 37.439 9.849 36.837 8.739
14 5 1 37.496 9.802 36.827 8.730
15 5 1 37.477 9.811 36.856 8.683
16 5 1 37.514 9.849 36.894 8.599
17 5 1 37.561 9.840 36.941 8.589
18 5 1 37.542 9.877 36.921 8.693
19 5 1 37.514 9.915 36.931 8.711
20 5 1 37.579 9.905 36.902 8.880
21 5 1 37.579 9.962 36.911 8.899
22 5 1 37.560 9.943 36.911 8.909
23 5 1 37.579 9.962 36.929 8.927
24 5 1 37.598 10.018 36.948 8.984
25 5 1 37.635 9.943 36.909 9.172
26 5 1 37.616 9.971 36.918 9.228
27 5 1 37.691 10.103 36.947 9.209
28 5 1 37.728 10.197 37.012 9.266
29 5 1 37.783 10.347 37.040 9.266
30 5 1 37.792 10.431 37.021 9.238
31 5 1 37.820 10.450 37.049 9.322
32 5 1 37.773 10.422 37.123 9.444
33 5 1 37.764 10.412 37.114 9.435
34 5 1 37.773 10.459 37.123 9.482
35 5 1 37.782 10.469 37.132 9.491
36 5 1 37.810 10.535 37.160 9.557
37 5 1 37.838 10.581 37.188 9.604
38 5 1 37.847 10.628 37.197 9.651
39 5 1 37.875 10.657 37.225 9.679
40 5 1 37.865 10.704 37.215 9.726
41 5 1 37.893 10.732 37.243 9.754
42 5 1 37.883 10.779 37.234 9.801
43 5 1 37.911 10.807 37.262 9.830
44 5 1 37.902 10.854 37.252 9.877
45 5 1 37.911 10.901 37.261 9.923
46 5 1 37.883 10.882 37.120 10.083
47 5 1 37.826 10.966 37.176 9.998
48 5 1 37.835 10.994 37.186 10.027
49 5 1 37.845 11.032 37.195 10.064
50 5 1 37.854 11.088 37.204 10.121
51 5 1 37.908 11.332 37.232 10.102
52 5 1 37.890 11.191 37.241 10.224
53 5 1 37.927 11.351 37.269 10.102
54 5 1 37.918 11.210 37.269 10.233
55 5 1 37.880 11.351 37.185 10.130
56 5 1 37.862 11.229 37.212 10.252
57 5 1 37.871 11.276 37.222 10.299
58 5 1 37.945 11.407 37.296 10.327
59 5 1 37.945 11.435 37.314 10.487
60 5 1 37.945 11.435 37.305 10.468
61 5 1 37.945 11.473 37.305 10.506
62 5 1 37.963 11.511 37.323 10.543
63 5 1 37.963 11.548 37.323 10.581
64 5 1 37.963 11.586 37.323 10.618
65 5 1 37.963 11.623 37.323 10.656
66 5 1 37.981 11.661 37.341 10.693
67 5 1 38.019 11.698 37.378 10.731
68 5 1 38.149 11.858 37.425 10.731
69 5 1 38.120 11.905 37.462 10.778
70 5 1 38.101 11.970 37.462 10.769
71 5 1 38.129 11.989 37.462 10.740
72 5 1 38.157 12.017 37.444 10.778
73 5 1 38.120 11.877 37.480 10.909
74 5 1 38.194 12.027 37.509 10.806
75 5 1 38.241 11.980 37.518 10.919
76 5 1 38.223 11.989 37.499 10.919
77 5 1 38.251 11.999 37.470 11.022
78 5 1 38.307 11.971 37.470 11.153
79 5 1 38.204 12.036 37.564 11.078
80 5 1 38.204 12.064 37.563 11.107
81 5 1 38.203 12.092 37.563 11.135
82 5 1 38.203 12.139 37.563 11.182
83 5 1 38.203 12.167 37.563 11.210
84 5 1 38.211 12.364 37.543 11.397
85 5 1 38.239 12.392 37.505 11.482
86 5 1 38.257 12.467 37.561 11.454
87 5 1 38.239 12.486 37.561 11.482
88 5 1 38.257 12.543 37.561 11.482
89 5 1 38.220 12.524 37.570 11.548
90 5 1 38.248 12.533 37.561 11.510
91 5 1 38.247 12.599 37.561 11.548
92 5 1 38.266 12.608 37.542 11.566
93 5 1 38.294 12.636 37.523 11.641
94 5 1 38.238 12.636 37.494 11.726
95 5 1 38.238 12.655 37.457 11.782
96 5 1 38.210 12.646 37.447 11.791
97 5 1 38.191 12.646 37.391 11.866
98 5 1 38.228 12.674 37.409 11.876
99 5 1 38.200 12.711 37.428 11.951
100 5 1 38.153 12.739 37.456 11.960
101 5 1 38.124 12.871 37.427 12.073
102 5 1 38.170 12.974 37.408 12.129
103 5 1 38.179 13.096 37.455 12.054
104 5 1 38.197 13.171 37.474 12.110
105 5 1 38.188 13.246 37.455 12.157
106 5 1 38.112 13.311 37.408 12.176
107 5 1 38.112 13.321 37.389 12.242
108 5 1 38.122 13.330 37.370 12.204
109 5 1 38.122 13.358 37.379 12.223
110 5 1 38.131 13.358 37.370 12.195
111 5 1 38.075 13.377 37.351 12.279
112 5 1 38.029 13.255 37.388 12.392
113 5 1 38.028 13.302 37.388 12.439
114 5 1 38.028 13.349 37.387 12.486
115 5 1 38.028 13.377 37.387 12.514
116 5 1 38.009 13.405 37.368 12.542
117 5 1 38.009 13.433 37.368 12.570
118 5 1 38.009 13.480 37.368 12.617
119 5 1 37.990 13.527 37.349 12.664
120 5 1 37.971 13.574 37.330 12.711
121 5 1 37.989 13.583 37.349 12.720
122 5 1 37.970 13.630 37.330 12.767
123 5 1 37.970 13.677 37.329 12.814
124 5 1 37.970 13.724 37.329 12.861
125 5 1 37.970 13.752 37.329 12.889
126 5 1 37.969 13.799 37.329 12.936
127 5 1 37.968 14.024 37.281 13.170
128 5 1 37.977 14.043 37.243 13.189
129 5 1 37.977 14.033 37.233 13.348
130 5 1 37.921 14.108 37.280 13.264
131 5 1 37.911 14.146 37.271 13.302
132 5 1 37.902 14.183 37.261 13.339
133 5 1 37.892 14.211 37.252 13.367
134 5 1 37.883 14.258 37.242 13.414
135 5 1 37.883 14.286 37.242 13.442
136 5 1 37.882 14.324 37.242 13.480
137 5 1 37.882 14.361 37.241 13.517
138 5 1 37.882 14.399 37.241 13.555
139 5 1 37.882 14.436 37.241 13.592
140 5 1 37.882 14.474 37.241 13.630
141 5 1 37.881 14.511 37.241 13.667
142 5 1 37.881 14.549 37.240 13.705
143 5 1 37.881 14.586 37.240 13.742
144 5 1 37.890 14.633 37.249 13.789
145 5 1 37.899 14.661 37.258 13.817
146 5 1 37.899 14.708 37.258 13.864
147 5 1 37.908 14.746 37.267 13.902
148 5 1 37.908 14.783 37.267 13.939
149 5 1 37.917 14.830 37.276 13.986
150 5 1 37.917 14.877 37.276 14.033
151 5 1 37.917 14.905 37.276 14.061
152 5 1 37.907 14.952 37.266 14.108
153 5 1 37.907 14.980 37.266 14.136
154 5 1 37.906 15.027 37.266 14.183
155 5 1 37.897 15.055 37.256 14.211
156 5 1 37.887 15.102 37.247 14.258
157 5 1 37.887 15.139 37.246 14.296
158 5 1 37.878 15.177 37.237 14.333
159 5 1 37.868 15.214 37.227 14.371
160 5 1 37.858 15.261 37.218 14.418
161 5 1 37.849 15.308 37.208 14.464
162 5 1 37.830 15.345 37.189 14.502
163 5 1 37.820 15.392 37.180 14.549
164 5 1 37.801 15.449 37.161 14.605
165 5 1 37.782 15.495 37.142 14.652
166 5 1 37.773 15.533 37.132 14.690
167 5 1 37.763 15.580 37.122 14.736
168 5 1 37.754 15.627 37.113 14.783
169 5 1 37.744 15.664 37.103 14.821
170 5 1 37.734 15.711 37.094 14.868
171 5 1 37.725 15.758 37.084 14.915
172 5 1 37.725 15.786 37.084 14.943
173 5 1 37.715 15.833 37.074 14.990
174 5 1 37.855 15.870 37.047 14.896
175 5 1 37.808 15.889 37.018 15.036
176 5 1 37.855 15.964 37.055 15.074
177 5 1 37.816 16.142 37.036 15.074
178 5 1 37.742 16.020 37.101 15.177
179 5 1 37.787 16.255 36.999 15.140
180 5 1 37.713 16.114 37.073 15.271
181 5 1 37.768 16.301 36.952 15.130
182 5 1 37.731 16.264 36.961 15.177
183 5 1 37.741 16.236 36.989 15.205
184 5 1 37.703 16.245 36.960 15.252
185 5 1 37.675 16.236 36.960 15.299
186 5 1 37.638 16.283 36.922 15.402
187 5 1 37.666 16.311 36.950 15.430
188 5 1 37.656 16.367 36.913 15.468
189 5 1 37.646 16.451 36.912 15.608
190 5 1 37.674 16.489 36.911 15.740
191 5 1 37.693 16.470 36.901 15.796
192 5 1 37.692 16.611 36.911 15.833
193 5 1 37.711 16.639 36.901 15.843
194 5 1 37.654 16.723 36.920 15.740
195 5 1 37.643 16.929 36.939 15.768
196 5 1 37.634 16.957 36.958 15.758
197 5 1 37.634 16.967 36.891 15.908
198 5 1 37.653 16.929 36.863 15.918
199 5 1 37.653 16.948 36.891 16.012
200 5 1 37.653 16.976 36.910 15.927
201 5 1 37.634 17.004 36.872 15.974
202 5 1 37.559 17.042 36.863 15.965
203 5 1 37.568 17.061 36.844 16.105
204 5 1 37.549 17.107 36.834 16.171
205 5 1 37.539 17.145 36.805 16.218
206 5 1 37.549 17.154 36.852 16.208
207 5 1 37.539 17.210 36.786 16.330
208 5 1 37.548 17.285 36.786 16.396
209 5 1 37.520 17.248 36.757 16.537
210 5 1 37.529 17.314 36.785 16.471
211 5 1 37.510 17.379 36.710 16.527
212 5 1 37.482 17.445 36.719 16.546
213 5 1 37.500 17.557 36.691 16.612
214 5 1 37.490 17.613 36.691 16.537
215 5 1 37.471 17.660 36.729 16.602
216 5 1 37.462 17.651 36.738 16.593
217 5 1 37.471 17.688 36.710 16.649
218 5 1 37.508 17.679 36.719 16.659
219 5 1 37.508 17.670 36.719 16.705
220 5 1 37.452 17.726 36.681 16.771
221 5 1 37.489 17.716 36.718 16.837
222 5 1 37.452 17.763 36.708 16.874
223 5 1 37.470 17.773 36.708 16.921
224 5 1 37.498 17.819 36.745 16.968
225 5 1 37.582 17.894 36.773 17.043
226 5 1 37.525 17.997 36.725 17.230
227 5 1 37.497 18.072 36.800 17.249
228 5 1 37.450 18.110 36.744 17.277
229 5 1 37.478 18.185 36.650 17.268
230 5 1 37.422 18.147 36.556 17.362
231 5 1 37.384 18.251 36.574 17.446
232 5 1 37.393 18.316 36.575 17.390
233 5 1 37.412 18.250 36.650 17.352
234 5 1 37.355 18.279 36.594 17.334
235 5 1 37.355 18.429 36.575 17.390
236 5 1 37.336 18.429 36.574 17.540
237 5 1 37.326 18.522 36.536 17.577
238 5 1 37.345 18.494 36.564 17.540
239 5 1 37.298 18.532 36.508 17.549
240 5 1 37.288 18.588 36.536 17.549
241 5 1 37.307 18.579 36.470 17.624
242 5 1 37.241 18.663 36.442 17.690
243 5 1 37.232 18.691 36.423 17.746
244 5 1 37.278 18.785 36.487 17.980
245 5 1 37.222 18.832 36.394 17.821
246 5 1 37.129 18.719 36.487 17.934
247 5 1 37.212 18.888 36.412 18.027
248 5 1 37.212 18.925 36.384 17.981
249 5 1 37.119 18.841 36.477 18.055
250 5 1 37.174 18.991 36.403 17.999
251 5 1 37.183 19.094 36.403 18.018
252 5 1 37.173 19.113 36.459 17.999
253 5 1 37.127 18.944 36.486 18.158
254 5 1 37.127 18.982 36.486 18.196
255 5 1 37.118 19.028 36.476 18.243
256 5 1 37.117 19.066 36.476 18.280
257 5 1 37.172 19.300 36.421 18.140
258 5 1 37.181 19.337 36.401 18.243
259 5 1 37.172 19.328 36.401 18.290
260 5 1 37.162 19.403 36.411 18.252
261 5 1 37.144 19.394 36.410 18.318
262 5 1 37.153 19.459 36.410 18.421
263 5 1 37.171 19.506 36.428 18.458
264 5 1 37.170 19.618 36.419 18.552
265 5 1 37.199 19.618 36.390 18.693
266 5 1 37.189 19.637 36.417 18.749
267 5 1 37.170 19.646 36.446 18.758
268 5 1 37.142 19.684 36.427 18.711
269 5 1 37.151 19.684 36.389 18.768
270 5 1 37.160 19.731 36.371 18.749
271 5 1 37.086 19.628 36.445 18.843
272 5 1 37.113 19.796 36.380 18.721
273 5 1 37.123 19.815 36.408 18.721
274 5 1 37.104 19.853 36.389 18.749
275 5 1 37.103 19.918 36.342 18.871
276 5 1 37.094 19.946 36.323 18.890
277 5 1 37.084 20.031 36.323 18.927
278 5 1 37.093 20.105 36.304 18.983
279 5 1 37.065 20.087 36.285 19.011
280 5 1 37.037 20.143 36.285 19.068
281 5 1 37.037 20.152 36.284 19.133
282 5 1 37.018 20.199 36.293 19.199
0 6 1 35.076 15.722 34.348 15.075
1 6 1 35.094 15.741 34.338 15.066
2 6 1 35.094 15.694 34.338 15.019
3 6 1 35.114 15.619 34.320 14.887
4 6 1 35.104 15.581 34.321 14.821
5 6 1 35.104 15.563 34.397 14.615
6 6 1 35.105 15.478 34.322 14.577
7 6 1 35.105 15.497 34.379 14.455
8 6 1 35.105 15.488 34.388 14.418
9 6 1 35.105 15.516 34.389 14.324
10 6 1 35.114 15.469 34.380 14.324
11 6 1 35.105 15.469 34.380 14.277
12 6 1 35.096 15.441 34.389 14.277
13 6 1 35.096 15.431 34.380 14.258
14 6 1 35.087 15.328 34.370 14.352
15 6 1 35.068 15.300 34.352 14.108
16 6 1 35.069 15.225 34.324 14.108
17 6 1 35.060 15.093 34.296 14.136
18 6 1 35.052 14.915 34.277 14.202
19 6 1 35.042 14.868 34.267 14.249
20 6 1 35.013 15.037 34.296 14.099
21 6 1 35.015 14.812 34.258 14.230
22 6 1 35.052 14.784 34.277 14.183
23 6 1 35.043 14.746 34.305 14.155
24 6 1 35.053 14.718 34.306 14.033
25 6 1 35.072 14.671 34.278 13.920
26 6 1 35.034 14.662 34.269 13.836
27 6 1 35.044 14.634 34.279 13.770
28 6 1 35.034 14.634 34.298 13.723
29 6 1 35.044 14.634 34.289 13.685
30 6 1 35.044 14.652 34.261 13.667
31 6 1 35.034 14.652 34.233 13.676
32 6 1 35.034 14.605 34.252 13.657
33 6 1 35.044 14.540 34.289 13.620
34 6 1 35.035 14.465 34.289 13.591
35 6 1 35.045 14.390 34.280 13.535
36 6 1 35.055 14.314 34.280 13.535
37 6 1 35.037 14.192 34.281 13.422
38 6 1 35.018 14.146 34.300 13.394
39 6 1 35.046 14.108 34.290 13.432
40 6 1 35.084 14.070 34.319 13.413
41 6 1 35.066 14.014 34.262 13.366
42 6 1 35.047 13.958 34.273 13.235
43 6 1 35.066 13.911 34.255 13.047
44 6 1 35.076 13.911 34.265 12.906
45 6 1 35.057 13.911 34.246 12.859
46 6 1 35.057 13.920 34.237 12.840
47 6 1 35.047 13.920 34.228 12.812
48 6 1 35.001 13.892 34.228 12.737
49 6 1 35.020 13.817 34.247 12.756
50 6 1 34.964 13.732 34.219 12.756
51 6 1 34.974 13.629 34.228 12.699
52 6 1 35.012 13.592 34.238 12.615
53 6 1 35.012 13.517 34.238 12.624
54 6 1 35.003 13.451 34.201 12.615
55 6 1 34.984 13.404 34.182 12.615
56 6 1 34.956 13.376 34.172 12.624
57 6 1 34.947 13.441 34.182 12.511
58 6 1 34.919 13.366 34.201 12.586
59 6 1 34.948 13.301 34.182 12.492
60 6 1 34.957 13.197 34.183 12.427
61 6 1 34.939 13.094 34.192 12.417
62 6 1 34.949 13.056 34.193 12.305
63 6 1 34.958 13.103 34.212 12.192
64 6 1 34.967 13.150 34.222 12.173
65 6 1 34.939 13.103 34.231 12.117
66 6 1 34.986 13.113 34.203 12.107
67 6 1 35.033 13.122 34.260 12.051
68 6 1 35.052 13.075 34.260 12.060
69 6 1 35.024 13.010 34.279 12.023
70 6 1 35.043 12.916 34.316 11.976
71 6 1 35.025 12.841 34.316 12.089
72 6 1 35.082 12.747 34.307 11.938
73 6 1 35.091 12.672 34.280 11.844
74 6 1 35.016 12.662 34.307 11.910
75 6 1 35.036 12.596 34.327 11.844
76 6 1 35.045 12.550 34.336 11.797
77 6 1 34.970 12.615 34.261 11.863
78 6 1 35.046 12.474 34.337 11.722
79 6 1 35.046 12.437 34.337 11.685
80 6 1 35.093 12.371 34.384 11.619
81 6 1 35.046 12.343 34.337 11.591
82 6 1 35.046 12.305 34.337 11.553
83 6 1 35.112 12.240 34.329 11.422
84 6 1 35.244 12.259 34.236 11.196
85 6 1 34.991 12.108 34.489 11.356
86 6 1 34.973 12.089 34.470 11.337
87 6 1 34.991 12.099 34.489 11.347
89 6 1 34.898 12.089 34.395 11.337
90 6 1 34.879 12.061 34.376 11.309
92 6 1 34.870 12.052 34.367 11.300
93 6 1 34.842 12.005 34.339 11.252
95 6 1 34.832 11.995 34.330 11.243
96 6 1 34.890 11.723 34.294 10.820
98 6 1 34.843 11.657 34.341 10.905
99 6 1 34.825 11.629 34.322 10.877
100 6 1 34.816 11.601 34.313 10.848
101 6 1 34.797 11.563 34.294 10.811
102 6 1 34.919 11.488 34.173 10.670
103 6 1 34.891 11.450 34.126 10.670
104 6 1 34.882 11.441 34.154 10.632
105 6 1 34.770 11.413 34.267 10.660
106 6 1 34.864 11.403 34.145 10.670
107 6 1 34.854 11.366 34.155 10.585
108 6 1 34.826 11.356 34.164 10.547
109 6 1 34.826 11.328 34.183 10.519
110 6 1 34.836 11.310 34.165 10.463
111 6 1 34.817 11.291 34.146 10.388
112 6 1 34.817 11.300 34.128 10.322
113 6 1 34.808 11.291 34.137 10.275
114 6 1 34.827 11.253 34.128 10.247
115 6 1 34.827 11.187 34.119 10.209
116 6 1 34.846 11.140 34.119 10.181
117 6 1 34.874 11.159 34.147 10.143
118 6 1 34.884 11.093 34.157 10.077
119 6 1 34.913 10.981 34.176 10.002
120 6 1 34.904 10.877 34.148 9.946
121 6 1 34.886 10.746 34.121 9.880
122 6 1 34.924 10.661 34.111 9.889
123 6 1 34.952 10.661 34.168 9.861
124 6 1 34.989 10.633 34.215 9.814
125 6 1 35.036 10.624 34.234 9.786
126 6 1 35.008 10.643 34.243 9.749
127 6 1 35.037 10.596 34.243 9.730
128 6 1 34.887 10.530 34.384 9.786
129 6 1 34.896 10.483 34.394 9.739
130 6 1 34.906 10.436 34.403 9.692
131 6 1 34.925 10.380 34.422 9.636
132 6 1 34.944 10.323 34.441 9.580
133 6 1 35.112 10.455 34.311 9.429
134 6 1 34.963 10.304 34.460 9.561
135 6 1 34.982 10.257 34.479 9.514
136 6 1 34.992 10.210 34.489 9.467
137 6 1 35.001 10.154 34.499 9.411
138 6 1 35.180 9.985 34.294 9.100
139 6 1 34.984 9.919 34.481 9.176
140 6 1 35.172 9.807 34.303 9.128
141 6 1 35.172 9.807 34.284 9.100
142 6 1 35.172 9.816 34.322 9.053
143 6 1 35.144 9.835 34.351 8.968
144 6 1 35.182 9.779 34.389 8.856
145 6 1 35.032 9.684 34.529 8.960
146 6 1 35.163 9.741 34.427 8.630
147 6 1 35.172 9.713 34.428 8.583
148 6 1 35.126 9.666 34.409 8.593
149 6 1 35.014 9.487 34.511 8.762
150 6 1 35.163 9.647 34.447 8.546
151 6 1 35.052 9.449 34.549 8.725
152 6 1 35.183 9.506 34.457 8.442
153 6 1 35.155 9.431 34.457 8.395
154 6 1 35.156 9.309 34.438 8.386
155 6 1 35.044 9.214 34.541 8.489
156 6 1 35.044 9.167 34.541 8.442
157 6 1 35.054 9.130 34.551 8.405
158 6 1 35.054 9.092 34.551 8.367
159 6 1 35.063 9.055 34.560 8.330
160 6 1 35.073 9.017 34.570 8.292
161 6 1 35.073 8.980 34.570 8.254
162 6 1 35.083 8.942 34.580 8.217
163 6 1 35.102 8.904 34.599 8.179
164 6 1 35.224 8.848 34.488 7.869
165 6 1 35.243 8.839 34.497 7.869
166 6 1 35.112 8.716 34.609 7.991
167 6 1 35.243 8.858 34.507 7.737
168 6 1 35.271 8.783 34.525 7.831
169 6 1 35.290 8.717 34.553 7.878
170 6 1 35.281 8.689 34.620 7.756
171 6 1 35.291 8.576 34.649 7.587
172 6 1 35.338 8.473 34.640 7.531
173 6 1 35.376 8.379 34.611 7.521
174 6 1 35.245 8.313 34.743 7.587
175 6 1 35.246 8.275 34.743 7.550
176 6 1 35.255 8.228 34.752 7.503
177 6 1 35.265 8.190 34.762 7.465
178 6 1 35.256 8.153 34.753 7.427
179 6 1 35.359 8.134 34.660 7.286
180 6 1 35.359 8.163 34.707 7.136
181 6 1 35.275 8.012 34.772 7.286
182 6 1 35.275 7.965 34.773 7.239
183 6 1 35.276 7.918 34.773 7.192
184 6 1 35.276 7.861 34.773 7.136
185 6 1 35.359 8.106 34.671 6.957
186 6 1 35.387 8.097 34.652 6.938
187 6 1 35.388 8.031 34.643 6.910
188 6 1 35.360 7.937 34.634 6.853
189 6 1 35.248 7.758 34.745 7.032
190 6 1 35.249 7.720 34.746 6.995
191 6 1 35.296 7.655 34.560 6.637
192 6 1 35.306 7.589 34.588 6.637
193 6 1 35.194 7.476 34.691 6.750
194 6 1 35.194 7.438 34.691 6.712
195 6 1 35.194 7.401 34.691 6.675
196 6 1 35.204 7.363 34.701 6.637
197 6 1 35.213 7.325 34.710 6.600
198 6 1 35.204 7.278 34.701 6.553
199 6 1 35.214 7.241 34.711 6.515
200 6 1 35.214 7.194 34.711 6.468
201 6 1 35.223 7.147 34.720 6.421
202 6 1 35.242 7.100 34.739 6.374
203 6 1 35.252 7.053 34.749 6.327
204 6 1 35.354 7.316 34.694 6.129
205 6 1 35.364 7.241 34.703 6.120
206 6 1 35.354 7.204 34.741 5.998
207 6 1 35.271 7.025 34.768 6.299
208 6 1 35.281 6.987 34.778 6.261
209 6 1 35.366 6.734 34.770 5.847
210 6 1 35.310 6.658 34.807 5.932
211 6 1 35.311 6.621 34.808 5.895
212 6 1 35.320 6.574 34.817 5.848
213 6 1 35.320 6.536 34.817 5.810
214 6 1 35.330 6.498 34.827 5.772
216 6 1 35.321 6.489 34.818 5.763
217 6 1 35.321 6.451 34.818 5.725
218 6 1 35.321 6.414 34.818 5.688
219 6 1 35.321 6.367 34.818 5.641
220 6 1 35.331 6.320 34.828 5.594
221 6 1 35.322 6.273 34.819 5.546
222 6 1 35.359 6.404 34.697 5.405
223 6 1 35.275 6.263 34.772 5.537
224 6 1 35.275 6.216 34.772 5.490
225 6 1 35.285 6.169 34.782 5.443
226 6 1 35.294 6.122 34.791 5.396
228 6 1 35.285 6.113 34.782 5.386
229 6 1 35.285 6.075 34.782 5.349
230 6 1 35.239 5.868 34.719 4.972
231 6 1 35.231 5.783 34.727 5.057
232 6 1 35.305 5.943 34.700 4.859
233 6 1 35.249 5.755 34.746 5.029
234 6 1 35.250 5.708 34.747 4.982
235 6 1 35.343 5.896 34.739 4.709
236 6 1 35.241 5.652 34.738 4.925
237 6 1 35.333 5.868 34.758 4.615
238 6 1 35.232 5.586 34.728 4.859
239 6 1 35.232 5.539 34.729 4.812
240 6 1 35.343 5.737 34.702 4.501
241 6 1 35.344 5.652 34.702 4.511
242 6 1 35.335 5.548 34.684 4.426
243 6 1 35.204 5.454 34.701 4.727
244 6 1 35.214 5.416 34.711 4.690
245 6 1 35.242 5.360 34.739 4.633
247 6 1 35.233 5.350 34.730 4.624
248 6 1 35.263 5.012 34.685 4.191
249 6 1 35.225 4.974 34.722 4.247
250 6 1 35.235 4.946 34.732 4.219
251 6 1 35.327 5.210 34.686 4.031
252 6 1 35.328 5.163 34.733 3.984
253 6 1 35.226 4.889 34.723 4.163
254 6 1 35.356 5.135 34.705 3.871
255 6 1 35.217 4.842 34.714 4.116
256 6 1 35.217 4.805 34.714 4.078
257 6 1 35.227 4.758 34.723 4.031
258 6 1 35.217 4.720 34.714 3.993
259 6 1 35.227 4.682 34.724 3.956
260 6 1 35.218 4.645 34.715 3.918
261 6 1 35.218 4.598 34.715 3.871
262 6 1 35.218 4.560 34.715 3.833
263 6 1 35.209 4.522 34.706 3.796
264 6 1 35.200 4.485 34.697 3.758
265 6 1 35.200 4.447 34.697 3.720
266 6 1 35.210 4.419 34.706 3.692
268 6 1 35.200 4.410 34.697 3.683
269 6 1 35.191 4.372 34.688 3.645
270 6 1 35.173 4.315 34.669 3.588
271 6 1 35.163 4.278 34.660 3.551
272 6 1 35.164 4.240 34.660 3.513
273 6 1 35.154 4.202 34.651 3.475
275 6 1 35.145 4.193 34.642 3.466
276 6 1 35.136 4.165 34.633 3.438
277 6 1 35.117 4.127 34.614 3.400
278 6 1 35.099 4.099 34.595 3.371
279 6 1 35.089 4.070 34.586 3.343
280 6 1 35.089 4.051 34.586 3.324
281 6 1 35.080 4.023 34.577 3.296
282 6 1 35.061 4.004 34.558 3.277
0 7 2 22.913 12.493 21.085 11.774
1 7 2 22.960 12.512 21.047 11.764
2 7 2 23.065 12.512 21.152 11.764
3 7 2 23.150 12.493 21.237 11.746
4 7 2 23.254 12.512 21.341 11.765
5 7 2 23.406 12.437 21.541 11.755
6 7 2 23.444 12.447 21.674 11.737
7 7 2 23.482 12.465 21.816 11.756
8 7 2 23.529 12.456 21.749 11.765
9 7 2 23.633 12.437 21.854 11.746
10 7 2 23.899 12.400 22.120 11.680
11 7 2 23.927 12.362 22.186 11.662
12 7 2 24.060 12.362 22.328 11.652
13 7 2 24.050 12.353 22.404 11.586
14 7 2 24.041 12.353 22.480 11.596
15 7 2 24.117 12.287 22.518 11.586
16 7 2 24.126 12.249 22.613 11.596
17 7 2 24.202 12.268 22.528 11.577
18 7 2 24.335 12.268 22.765 11.568
19 7 2 24.372 12.259 22.708 11.568
20 7 2 24.477 12.259 22.812 11.568
21 7 2 24.581 12.240 22.917 11.549
22 7 2 24.685 12.221 23.021 11.530
23 7 2 24.789 12.221 23.125 11.531
24 7 2 24.893 12.221 23.229 11.531
25 7 2 24.997 12.202 23.334 11.512
26 7 2 25.215 12.146 23.590 11.474
27 7 2 25.319 12.156 23.741 11.465
28 7 2 25.508 12.156 23.864 11.494
29 7 2 25.593 12.156 23.893 11.484
30 7 2 25.659 12.156 24.054 11.484
31 7 2 25.735 12.137 24.158 11.447
32 7 2 25.792 12.137 24.158 11.447
33 7 2 25.905 12.137 24.253 11.437
34 7 2 25.981 12.137 24.385 11.456
35 7 2 26.113 12.137 24.499 11.447
36 7 2 26.236 12.138 24.565 11.410
37 7 2 26.170 12.128 24.574 11.428
38 7 2 26.180 12.109 24.574 11.438
39 7 2 26.265 12.109 24.660 11.438
40 7 2 26.350 12.091 24.745 11.419
41 7 2 26.454 12.072 24.849 11.400
42 7 2 26.539 12.072 24.934 11.401
43 7 2 26.643 12.072 25.038 11.401
44 7 2 26.728 12.053 25.123 11.382
45 7 2 26.832 12.053 25.228 11.382
46 7 2 26.917 12.053 25.313 11.382
47 7 2 27.002 12.035 25.398 11.363
48 7 2 27.087 12.035 25.483 11.364
49 7 2 27.191 12.035 25.587 11.364
50 7 2 27.257 12.016 25.653 11.345
51 7 2 27.361 12.016 25.757 11.345
52 7 2 27.427 11.997 25.824 11.326
53 7 2 27.531 11.997 25.928 11.326
54 7 2 27.616 11.998 26.013 11.326
55 7 2 27.701 11.979 26.098 11.308
56 7 2 27.786 11.979 26.183 11.308
57 7 2 27.870 11.979 26.268 11.308
58 7 2 27.955 11.979 26.353 11.308
59 7 2 28.059 11.960 26.457 11.289
60 7 2 28.125 11.960 26.523 11.289
61 7 2 28.229 11.960 26.627 11.290
62 7 2 28.314 11.961 26.712 11.290
63 7 2 28.399 11.961 26.797 11.290
64 7 2 28.484 11.942 26.882 11.271
65 7 2 28.569 11.942 26.967 11.271
66 7 2 28.654 11.942 27.052 11.271
67 7 2 28.757 11.942 27.156 11.271
68 7 2 28.823 11.942 27.222 11.271
69 7 2 28.927 11.923 27.326 11.253
70 7 2 29.012 11.924 27.411 11.253
71 7 2 29.097 11.924 27.496 11.253
72 7 2 29.182 11.924 27.581 11.253
73 7 2 29.267 11.924 27.666 11.253
74 7 2 29.351 11.924 27.751 11.253
75 7 2 29.436 11.924 27.836 11.253
76 7 2 29.521 11.924 27.921 11.253
77 7 2 29.606 11.924 28.006 11.254
78 7 2 29.691 11.924 28.091 11.254
79 7 2 29.794 11.924 28.194 11.254
80 7 2 29.860 11.924 28.260 11.254
81 7 2 29.964 11.925 28.364 11.254
82 7 2 30.030 11.906 28.430 11.235
83 7 2 30.152 11.906 28.553 11.235
84 7 2 30.199 11.906 28.600 11.236
85 7 2 30.303 11.906 28.704 11.236
86 7 2 30.350 11.906 28.751 11.236
87 7 2 30.472 11.906 28.874 11.236
88 7 2 30.538 11.906 28.940 11.236
89 7 2 30.896 11.916 29.204 11.086
90 7 2 30.830 11.841 29.232 11.170
91 7 2 30.924 11.888 29.289 11.086
92 7 2 31.085 11.850 29.214 11.105
93 7 2 30.944 11.813 29.345 11.142
94 7 2 31.028 11.813 29.430 11.142
95 7 2 31.094 11.813 29.496 11.143
96 7 2 31.198 11.794 29.600 11.124
97 7 2 31.282 11.794 29.685 11.124
98 7 2 31.367 11.794 29.770 11.124
99 7 2 31.452 11.794 29.854 11.124
100 7 2 31.536 11.794 29.939 11.124
101 7 2 31.621 11.795 30.024 11.124
102 7 2 31.706 11.795 30.109 11.125
103 7 2 31.790 11.795 30.193 11.125
104 7 2 31.875 11.795 30.278 11.125
105 7 2 31.960 11.795 30.363 11.125
106 7 2 32.044 11.795 30.448 11.125
107 7 2 32.458 11.767 30.561 11.088
108 7 2 32.589 11.786 30.721 11.078
109 7 2 32.618 11.796 30.749 11.088
110 7 2 32.693 11.814 30.853 11.069
111 7 2 32.561 11.777 30.966 11.107
112 7 2 32.834 11.843 31.144 11.107
113 7 2 32.909 11.824 31.220 11.098
114 7 2 33.106 11.796 31.323 11.098
115 7 2 33.144 11.806 31.446 11.089
116 7 2 33.256 11.806 31.512 11.089
117 7 2 33.294 11.787 31.587 11.089
118 7 2 33.463 11.797 31.709 11.089
119 7 2 33.510 11.825 31.737 11.117
120 7 2 33.557 11.844 31.831 11.118
121 7 2 33.585 11.825 31.859 11.108
122 7 2 33.726 11.834 31.954 11.108
123 7 2 33.857 11.835 32.029 11.099
124 7 2 33.923 11.844 32.085 11.090
125 7 2 33.932 11.835 32.085 11.118
126 7 2 33.970 11.853 32.141 11.127
127 7 2 33.932 11.863 32.217 11.146
128 7 2 33.979 11.882 32.348 11.156
129 7 2 34.054 11.929 32.555 11.137
130 7 2 34.326 11.948 32.555 11.194
131 7 2 34.363 11.957 32.649 11.184
132 7 2 34.514 11.920 32.743 11.156
133 7 2 34.514 11.901 32.809 11.156
134 7 2 34.598 11.939 32.940 11.166
135 7 2 34.683 11.939 32.987 11.175
136 7 2 34.804 11.958 33.147 11.157
137 7 2 34.973 11.948 33.212 11.204
138 7 2 34.992 11.967 33.306 11.204
139 7 2 35.292 11.967 33.410 11.223
140 7 2 35.104 12.005 33.410 11.204
141 7 2 35.283 11.958 33.485 11.195
142 7 2 35.320 11.958 33.579 11.176
143 7 2 35.405 11.958 33.720 11.148
144 7 2 35.414 11.958 33.795 11.148
145 7 2 35.517 11.977 33.917 11.149
146 7 2 35.554 12.015 33.936 11.158
147 7 2 35.554 12.052 33.973 11.214
148 7 2 35.601 12.071 34.020 11.233
149 7 2 35.629 12.071 34.095 11.252
150 7 2 35.760 12.043 34.104 11.243
151 7 2 35.957 12.024 34.330 11.243
152 7 2 36.088 11.996 34.423 11.234
153 7 2 36.145 12.015 34.498 11.253
154 7 2 36.210 12.006 34.536 11.243
155 7 2 36.200 12.090 34.639 11.262
156 7 2 36.323 12.025 34.620 11.262
157 7 2 36.313 12.062 34.658 11.300
158 7 2 36.407 12.044 34.732 11.356
159 7 2 36.556 12.063 34.798 11.328
160 7 2 36.650 12.063 34.920 11.338
161 7 2 36.688 12.063 35.014 11.310
162 7 2 36.819 12.072 35.258 11.329
163 7 2 36.847 12.082 35.286 11.357
164 7 2 36.987 12.072 35.342 11.367
165 7 2 36.996 12.082 35.408 11.367
166 7 2 37.024 12.110 35.520 11.357
167 7 2 37.118 12.148 35.595 11.320
168 7 2 37.296 12.120 35.642 11.348
169 7 2 37.380 12.138 35.933 11.358
170 7 2 37.474 12.129 35.970 11.405
171 7 2 37.623 12.148 35.989 11.414
172 7 2 37.558 12.110 36.035 11.442
173 7 2 37.763 12.186 36.176 11.424
174 7 2 37.847 12.186 36.251 11.405
175 7 2 37.950 12.177 36.241 11.443
176 7 2 37.969 12.195 36.335 11.462
177 7 2 38.006 12.205 36.438 11.462
178 7 2 38.147 12.233 36.607 11.424
179 7 2 38.259 12.224 36.672 11.415
180 7 2 38.221 12.233 36.729 11.425
181 7 2 38.362 12.214 36.813 11.462
182 7 2 38.418 12.205 36.897 11.472
183 7 2 38.549 12.196 36.925 11.462
184 7 2 38.567 12.205 36.934 11.462
185 7 2 38.698 12.196 36.981 11.462
186 7 2 38.707 12.243 37.112 11.463
187 7 2 38.801 12.290 37.281 11.482
188 7 2 38.857 12.318 37.355 11.482
189 7 2 38.894 12.355 37.477 11.463
190 7 2 38.997 12.337 37.496 11.491
191 7 2 39.090 12.318 37.561 11.491
192 7 2 38.922 12.327 37.702 11.416
193 7 2 39.184 12.337 37.851 11.473
194 7 2 39.417 12.309 37.992 11.492
195 7 2 39.594 12.356 38.132 11.511
196 7 2 39.613 12.337 38.169 11.483
197 7 2 39.725 12.347 38.337 11.558
198 7 2 39.847 12.281 38.300 11.567
199 7 2 40.015 12.263 38.412 11.586
200 7 2 40.090 12.272 38.412 11.577
201 7 2 40.360 12.310 38.561 11.605
202 7 2 40.435 12.338 38.664 11.624
203 7 2 40.416 12.385 38.748 11.624
204 7 2 40.453 12.385 38.795 11.662
205 7 2 40.537 12.432 38.907 11.662
206 7 2 40.677 12.413 38.954 11.662
207 7 2 40.658 12.423 39.038 11.643
208 7 2 40.724 12.404 39.159 11.643
209 7 2 40.882 12.441 39.421 11.653
210 7 2 41.041 12.432 39.449 11.672
211 7 2 41.059 12.470 39.505 11.653
212 7 2 41.096 12.479 39.430 11.728
213 7 2 41.162 12.488 39.589 11.700
214 7 2 41.413 12.489 39.701 11.709
215 7 2 41.432 12.507 39.776 11.719
216 7 2 41.507 12.517 39.934 11.738
217 7 2 41.684 12.508 39.981 11.757
218 7 2 41.721 12.536 40.186 11.747
219 7 2 41.749 12.526 40.149 11.766
220 7 2 41.814 12.536 40.251 11.813
221 7 2 41.982 12.545 40.345 11.813
222 7 2 42.000 12.592 40.391 11.804
223 7 2 42.186 12.602 40.494 11.832
224 7 2 42.093 12.602 40.540 11.870
225 7 2 42.354 12.574 40.662 11.851
226 7 2 42.373 12.592 40.820 11.842
227 7 2 42.503 12.630 40.857 11.879
228 7 2 42.540 12.611 40.839 11.879
229 7 2 42.689 12.621 40.979 11.889
230 7 2 42.689 12.639 41.091 11.880
231 7 2 42.736 12.649 41.175 11.870
232 7 2 42.735 12.705 41.296 11.824
233 7 2 42.727 12.593 41.286 11.927
234 7 2 43.098 12.761 41.510 11.946
235 7 2 43.006 12.677 41.566 12.011
236 7 2 43.163 12.789 41.575 12.011
237 7 2 43.321 12.799 41.761 12.011
238 7 2 43.247 12.733 41.808 12.068
239 7 2 43.340 12.752 41.901 12.086
240 7 2 43.433 12.752 41.994 12.087
241 7 2 43.545 12.752 42.106 12.087
242 7 2 43.935 12.883 42.329 12.124
243 7 2 44.112 12.921 42.450 12.115
244 7 2 43.982 12.846 42.543 12.181
245 7 2 44.093 12.865 42.655 12.199
246 7 2 44.390 12.987 42.934 12.190
247 7 2 44.363 12.912 42.925 12.247
248 7 2 44.650 13.015 43.018 12.200
249 7 2 44.716 13.024 43.083 12.200
250 7 2 44.846 13.024 43.223 12.219
251 7 2 44.920 12.996 43.195 12.256
252 7 2 44.772 12.949 43.334 12.284
253 7 2 44.883 12.968 43.446 12.303
254 7 2 44.995 12.968 43.557 12.303
255 7 2 45.301 13.071 43.697 12.322
256 7 2 45.468 13.071 43.752 12.360
257 7 2 45.320 13.043 43.883 12.378
258 7 2 45.431 13.062 43.994 12.397
259 7 2 45.542 13.062 44.106 12.397
260 7 2 45.654 13.081 44.217 12.416
261 7 2 45.959 13.230 44.469 12.369
262 7 2 46.089 13.249 44.608 12.379
263 7 2 46.053 13.137 44.617 12.472
264 7 2 46.349 13.259 44.775 12.445
265 7 2 46.266 13.174 44.830 12.510
266 7 2 46.377 13.175 44.942 12.510
267 7 2 46.664 13.305 45.091 12.520
268 7 2 46.581 13.240 45.146 12.576
269 7 2 46.693 13.240 45.258 12.576
270 7 2 46.804 13.259 45.369 12.595
271 7 2 46.915 13.278 45.480 12.613
272 7 2 47.045 13.278 45.610 12.613
273 7 2 47.341 13.334 45.871 12.501
274 7 2 47.656 13.381 45.936 12.511
275 7 2 47.759 13.362 46.084 12.586
276 7 2 47.870 13.381 46.317 12.530
277 7 2 47.972 13.390 46.298 12.577
278 7 2 48.009 13.381 46.409 12.586
279 7 2 47.917 13.306 46.483 12.642
280 7 2 48.472 13.390 46.595 12.623
281 7 2 48.018 13.315 46.585 12.651
282 7 2 48.130 13.334 46.696 12.670
