0 2 1 34.795 18.333 33.869 17.432
1 2 1 34.825 18.360 33.859 17.423
2 2 1 34.814 18.322 33.847 17.385
3 2 1 34.897 18.222 33.993 17.117
4 2 1 34.885 18.164 33.999 17.020
5 2 1 34.844 18.088 33.999 17.039
6 2 1 34.821 18.012 33.947 16.945
7 2 1 34.821 18.012 33.947 16.935
8 2 1 34.792 18.003 33.910 16.985
9 2 1 34.820 17.963 33.938 16.955
10 2 1 34.811 17.983 33.937 16.926
11 2 1 34.819 17.944 33.945 16.887
12 2 1 34.808 17.925 33.935 16.868
13 2 1 34.816 17.867 33.942 16.809
14 2 1 34.807 17.877 33.933 16.819
15 2 1 34.814 17.828 33.941 16.771
16 2 1 34.804 17.809 33.930 16.752
17 2 1 34.813 17.780 33.939 16.722
18 2 1 34.801 17.732 33.928 16.674
19 2 1 34.810 17.712 33.937 16.655
20 2 1 34.799 17.664 33.925 16.607
21 2 1 34.827 17.634 33.953 16.576
22 2 1 34.835 17.595 33.961 16.537
23 2 1 34.853 17.575 33.980 16.517
24 2 1 34.832 17.517 33.958 16.460
25 2 1 34.842 17.517 33.968 16.459
26 2 1 34.830 17.479 33.957 16.421
27 2 1 34.839 17.440 33.965 16.382
28 2 1 34.828 17.401 33.954 16.344
29 2 1 34.837 17.382 33.963 16.324
30 2 1 34.825 17.324 33.951 16.266
31 2 1 34.814 17.305 33.941 16.247
32 2 1 34.802 17.247 33.929 16.190
33 2 1 34.811 17.228 33.938 16.170
34 2 1 34.800 17.189 33.927 16.132
35 2 1 34.789 17.151 33.916 16.094
36 2 1 34.779 17.132 33.905 16.075
37 2 1 34.788 17.112 33.914 16.055
38 2 1 34.777 17.074 33.903 16.017
39 2 1 34.785 17.035 33.911 15.977
40 2 1 34.774 16.997 33.900 15.939
41 2 1 34.783 16.977 33.909 15.919
42 2 1 34.772 16.958 33.899 15.900
43 2 1 34.780 16.919 33.907 15.861
44 2 1 34.789 16.880 33.915 15.822
45 2 1 34.798 16.860 33.924 15.803
46 2 1 34.787 16.841 33.914 15.784
47 2 1 34.795 16.783 33.921 15.725
48 2 1 34.804 16.763 33.930 15.705
49 2 1 34.812 16.724 33.938 15.666
50 2 1 34.820 16.685 33.947 15.627
51 2 1 34.828 16.646 33.955 15.588
52 2 1 34.837 16.607 33.963 15.549
53 2 1 34.845 16.568 33.971 15.510
54 2 1 34.853 16.529 33.980 15.471
55 2 1 34.862 16.509 33.989 15.451
56 2 1 34.871 16.489 33.998 15.431
57 2 1 34.879 16.431 34.005 15.373
58 2 1 34.888 16.411 34.014 15.353
59 2 1 34.896 16.372 34.022 15.314
60 2 1 34.904 16.333 34.030 15.275
61 2 1 34.913 16.313 34.039 15.255
62 2 1 34.922 16.293 34.048 15.235
63 2 1 34.929 16.235 34.056 15.177
64 2 1 34.919 16.216 34.046 15.158
65 2 1 34.927 16.177 34.054 15.119
66 2 1 34.916 16.139 34.043 15.081
67 2 1 34.924 16.099 34.051 15.042
68 2 1 34.913 16.061 34.040 15.003
69 2 1 34.921 16.022 34.048 14.964
70 2 1 34.910 15.984 34.037 14.926
71 2 1 34.919 15.945 34.045 14.887
72 2 1 34.907 15.906 34.034 14.849
73 2 1 34.916 15.867 34.042 14.809
74 2 1 34.905 15.829 34.031 14.771
75 2 1 34.894 15.810 34.021 14.752
76 2 1 34.884 15.791 34.010 14.733
77 2 1 34.891 15.733 34.018 14.675
78 2 1 34.881 15.714 34.007 14.656
79 2 1 34.889 15.675 34.016 14.617
80 2 1 34.878 15.637 34.004 14.579
81 2 1 34.886 15.597 34.013 14.539
82 2 1 34.875 15.559 34.002 14.501
83 2 1 34.883 15.520 34.010 14.462
84 2 1 34.872 15.482 33.999 14.424
85 2 1 34.881 15.462 34.008 14.404
86 2 1 34.890 15.442 34.017 14.384
87 2 1 34.898 15.403 34.025 14.345
88 2 1 34.887 15.365 34.014 14.307
89 2 1 34.895 15.326 34.022 14.268
90 2 1 34.904 15.287 34.030 14.229
91 2 1 34.921 15.238 34.143 14.389
92 2 1 34.953 15.324 34.090 14.284
93 2 1 34.977 15.187 34.189 14.338
94 2 1 35.000 15.273 34.147 14.253
95 2 1 34.973 15.061 34.227 14.317
96 2 1 35.016 15.185 34.174 14.184
97 2 1 35.015 15.166 34.173 14.165
98 2 1 35.014 15.127 34.172 14.126
99 2 1 35.013 15.108 34.171 14.107
100 2 1 35.031 15.069 34.189 14.067
101 2 1 35.049 15.029 34.207 14.028
102 2 1 35.028 14.991 34.186 13.990
103 2 1 35.046 14.952 34.204 13.950
104 2 1 35.045 14.932 34.203 13.931
105 2 1 35.044 14.894 34.202 13.892
106 2 1 35.043 14.855 34.200 13.854
107 2 1 35.041 14.816 34.199 13.815
108 2 1 35.040 14.797 34.198 13.796
109 2 1 35.039 14.758 34.197 13.757
110 2 1 35.038 14.720 34.195 13.718
111 2 1 35.036 14.681 34.194 13.680
112 2 1 35.035 14.642 34.192 13.641
113 2 1 35.033 14.604 34.191 13.602
114 2 1 35.032 14.584 34.190 13.583
115 2 1 35.031 14.546 34.189 13.544
116 2 1 35.030 14.526 34.188 13.525
117 2 1 35.029 14.488 34.187 13.486
118 2 1 35.028 14.468 34.186 13.467
119 2 1 35.065 14.167 34.179 13.283
120 2 1 35.038 14.216 34.197 13.234
121 2 1 35.037 14.197 34.196 13.215
122 2 1 35.036 14.158 34.194 13.176
123 2 1 35.034 14.119 34.193 13.137
124 2 1 35.014 14.082 34.172 13.099
125 2 1 34.993 14.044 34.151 13.061
126 2 1 35.011 14.024 34.170 13.041
127 2 1 35.011 14.004 34.169 13.022
128 2 1 35.009 13.966 34.168 12.983
129 2 1 35.008 13.927 34.166 12.945
130 2 1 35.007 13.908 34.166 12.925
131 2 1 35.026 13.887 34.184 12.905
132 2 1 35.044 13.848 34.202 12.866
133 2 1 35.042 13.809 34.201 12.827
134 2 1 35.042 13.790 34.200 12.808
135 2 1 35.041 13.771 34.199 12.788
136 2 1 35.039 13.732 34.198 12.750
137 2 1 35.057 13.692 34.216 12.710
138 2 1 35.076 13.672 34.235 12.690
139 2 1 35.075 13.653 34.234 12.671
140 2 1 35.074 13.614 34.232 12.632
141 2 1 35.073 13.595 34.232 12.613
142 2 1 35.092 13.575 34.250 12.593
143 2 1 35.109 13.516 34.267 12.534
144 2 1 35.108 13.497 34.267 12.514
145 2 1 35.107 13.458 34.265 12.476
146 2 1 35.125 13.419 34.283 12.436
147 2 1 35.142 13.379 34.301 12.397
148 2 1 35.122 13.361 34.281 12.378
149 2 1 35.141 13.340 34.300 12.358
150 2 1 35.120 13.303 34.279 12.320
151 2 1 35.138 13.263 34.297 12.281
152 2 1 35.118 13.245 34.277 12.262
153 2 1 35.137 13.224 34.295 12.242
154 2 1 35.116 13.187 34.275 12.204
155 2 1 35.114 13.148 34.273 12.165
156 2 1 35.113 13.109 34.272 12.127
157 2 1 35.112 13.090 34.271 12.107
158 2 1 35.112 13.071 34.270 12.088
159 2 1 35.090 13.013 34.249 12.031
160 2 1 35.071 13.014 34.229 12.032
161 2 1 35.089 12.975 34.247 11.992
162 2 1 35.068 12.937 34.226 11.954
163 2 1 35.066 12.898 34.225 11.916
164 2 1 35.066 12.879 34.224 11.896
165 2 1 35.064 12.840 34.223 11.858
166 2 1 35.063 12.801 34.221 11.819
167 2 1 35.062 12.782 34.221 11.800
168 2 1 35.061 12.763 34.220 11.780
169 2 1 35.060 12.724 34.218 11.742
170 2 1 35.058 12.685 34.217 11.703
171 2 1 35.076 12.646 34.235 11.663
172 2 1 35.055 12.608 34.214 11.625
173 2 1 35.073 12.569 34.232 11.586
174 2 1 35.072 12.530 34.231 11.547
175 2 1 35.071 12.511 34.230 11.528
176 2 1 35.070 12.491 34.229 11.509
177 2 1 35.088 12.433 34.246 11.450
178 2 1 35.106 12.412 34.265 11.430
179 2 1 35.105 12.374 34.264 11.391
180 2 1 35.103 12.335 34.262 11.352
181 2 1 35.122 12.315 34.281 11.332
182 2 1 35.141 12.295 34.299 11.312
183 2 1 35.139 12.237 34.297 11.254
184 2 1 35.157 12.217 34.316 11.234
185 2 1 35.174 12.158 34.333 11.175
186 2 1 35.174 12.139 34.332 11.156
187 2 1 35.172 12.100 34.331 11.117
188 2 1 35.171 12.081 34.330 11.098
189 2 1 35.191 12.080 34.350 11.097
190 2 1 35.209 12.060 34.368 11.077
191 2 1 35.188 12.002 34.347 11.020
192 2 1 35.207 11.982 34.365 11.000
193 2 1 35.186 11.944 34.344 10.962
194 2 1 35.204 11.905 34.362 10.922
195 2 1 35.202 11.866 34.361 10.884
196 2 1 35.201 11.828 34.359 10.845
197 2 1 35.199 11.789 34.358 10.806
198 2 1 35.198 11.750 34.357 10.768
199 2 1 35.196 11.712 34.355 10.729
200 2 1 35.195 11.673 34.354 10.690
201 2 1 35.194 11.654 34.353 10.671
202 2 1 35.193 11.634 34.352 10.652
203 2 1 35.172 11.577 34.331 10.594
204 2 1 35.191 11.557 34.349 10.574
205 2 1 35.169 11.500 34.328 10.517
206 2 1 35.188 11.480 34.346 10.497
207 2 1 35.167 11.442 34.326 10.459
208 2 1 35.185 11.402 34.344 10.419
209 2 1 35.165 11.384 34.323 10.401
210 2 1 35.183 11.364 34.342 10.381
211 2 1 35.163 11.326 34.321 10.343
212 2 1 35.215 11.169 34.444 10.251
213 2 1 35.235 11.197 34.404 10.223
214 2 1 35.244 11.168 34.413 10.194
215 2 1 35.233 11.139 34.402 10.165
216 2 1 35.241 11.090 34.410 10.117
217 2 1 35.230 11.062 34.399 10.088
218 2 1 35.238 11.013 34.407 10.039
219 2 1 35.247 10.984 34.416 10.010
220 2 1 35.255 10.935 34.423 9.961
221 2 1 35.244 10.906 34.413 9.933
222 2 1 35.252 10.858 34.420 9.884
223 2 1 35.244 10.906 34.504 10.055
224 2 1 35.284 10.953 34.463 9.989
225 2 1 35.208 10.714 34.485 10.046
226 2 1 35.329 10.603 34.501 9.958
227 2 1 35.316 10.758 34.505 9.813
228 2 1 35.305 10.720 34.494 9.774
229 2 1 35.313 10.681 34.502 9.735
230 2 1 35.321 10.642 34.510 9.696
231 2 1 35.218 10.472 34.400 9.594
232 2 1 35.166 10.377 34.396 9.488
233 2 1 35.254 10.393 34.380 9.576
234 2 1 35.207 10.443 34.407 9.526
235 2 1 35.206 10.414 34.406 9.497
236 2 1 35.204 10.366 34.404 9.449
237 2 1 35.203 10.337 34.403 9.420
238 2 1 35.201 10.288 34.401 9.371
239 2 1 35.180 10.241 34.380 9.324
240 2 1 35.198 10.192 34.398 9.275
241 2 1 35.177 10.164 34.377 9.246
242 2 1 35.175 10.115 34.375 9.198
243 2 1 35.174 10.067 34.374 9.150
244 2 1 35.172 10.019 34.372 9.101
245 2 1 35.079 9.877 34.386 9.227
246 2 1 35.058 9.830 34.354 9.141
247 2 1 35.101 9.934 34.321 9.036
248 2 1 35.100 9.905 34.320 9.007
249 2 1 35.098 9.857 34.318 8.958
250 2 1 35.097 9.828 34.317 8.929
251 2 1 35.096 9.799 34.316 8.900
252 2 1 35.070 9.626 34.311 8.765
253 2 1 35.120 9.663 34.338 8.725
254 2 1 35.141 9.700 34.328 8.697
255 2 1 35.129 9.643 34.357 8.705
256 2 1 35.118 9.614 34.348 8.725
257 2 1 35.111 9.682 34.347 8.686
258 2 1 35.109 9.624 34.348 8.734
259 2 1 35.107 9.586 34.347 8.696
260 2 1 35.106 9.566 34.346 8.676
261 2 1 35.105 9.528 34.345 8.638
262 2 1 35.079 9.345 34.295 8.591
263 2 1 35.048 9.288 34.275 8.573
264 2 1 35.041 9.366 34.281 8.495
265 2 1 35.091 9.141 34.271 8.486
266 2 1 35.056 9.249 34.297 8.388
267 2 1 35.055 9.220 34.296 8.359
268 2 1 35.054 9.191 34.295 8.330
269 2 1 35.053 9.162 34.293 8.301
270 2 1 35.072 9.151 34.312 8.290
271 2 1 35.070 9.122 34.311 8.261
272 2 1 35.089 9.093 34.330 8.232
273 2 1 35.088 9.064 34.329 8.203
274 2 1 35.087 9.054 34.328 8.193
275 2 1 35.086 9.025 34.327 8.164
276 2 1 35.086 9.015 34.327 8.154
277 2 1 35.085 9.006 34.326 8.145
278 2 1 35.085 8.996 34.326 8.135
279 2 1 35.084 8.967 34.325 8.106
280 2 1 35.064 8.958 34.305 8.097
281 2 1 35.063 8.929 34.304 8.068
282 2 1 35.044 8.920 34.284 8.059
283 2 1 35.042 8.891 34.283 8.030
284 2 1 35.042 8.881 34.283 8.020
285 2 1 35.022 8.853 34.263 7.992
286 2 1 35.002 8.844 34.243 7.983
288 2 1 34.992 8.835 34.233 7.974
289 2 1 34.992 8.825 34.232 7.964
290 2 1 35.143 8.471 34.313 7.535
291 2 1 35.174 8.266 34.385 7.387
292 2 1 35.154 8.258 34.395 7.396
293 2 1 35.153 8.229 34.394 7.367
294 2 1 35.152 8.200 34.393 7.338
295 2 1 35.151 8.171 34.392 7.309
296 2 1 35.150 8.142 34.391 7.280
297 2 1 35.148 8.093 34.389 7.232
298 2 1 35.147 8.064 34.388 7.203
299 2 1 35.146 8.035 34.387 7.174
300 2 1 35.145 8.006 34.386 7.145
301 2 1 35.143 7.958 34.384 7.097
302 2 1 35.161 7.928 34.402 7.067
303 2 1 35.160 7.880 34.401 7.019
304 2 1 35.178 7.850 34.419 6.989
305 2 1 35.176 7.802 34.417 6.941
306 2 1 35.194 7.772 34.435 6.911
307 2 1 35.193 7.743 34.434 6.882
0 3 1 37.079 16.483 36.324 15.450
1 3 1 37.078 16.463 36.286 15.471
2 3 1 37.010 16.447 36.248 15.492
3 3 1 37.017 16.379 36.262 15.346
4 3 1 36.976 16.313 36.224 15.367
5 3 1 36.954 16.246 36.173 15.302
6 3 1 36.922 16.170 36.185 15.340
7 3 1 36.910 16.113 36.184 15.320
8 3 1 36.890 16.094 36.174 15.311
9 3 1 36.881 16.104 36.192 15.291
10 3 1 36.892 16.142 36.181 15.253
11 3 1 36.881 16.104 36.170 15.215
12 3 1 36.870 16.066 36.159 15.176
13 3 1 36.878 16.027 36.167 15.137
14 3 1 36.867 15.989 36.156 15.099
15 3 1 36.875 15.950 36.164 15.060
16 3 1 36.930 15.860 36.223 14.816
17 3 1 36.918 15.803 36.217 14.903
18 3 1 36.907 15.764 36.183 14.778
19 3 1 36.926 15.744 36.183 14.788
20 3 1 36.916 15.745 36.191 14.730
21 3 1 36.944 15.724 36.191 14.739
22 3 1 36.932 15.667 36.210 14.729
23 3 1 36.960 15.627 36.201 14.758
24 3 1 36.899 15.542 36.252 14.543
25 3 1 36.924 15.435 36.222 14.525
26 3 1 36.909 15.309 36.224 14.574
27 3 1 36.927 15.260 36.194 14.546
28 3 1 36.967 15.307 36.177 14.372
29 3 1 36.976 15.287 36.212 14.264
30 3 1 36.935 15.212 36.244 14.340
31 3 1 36.983 15.210 36.229 14.186
32 3 1 37.009 15.131 36.214 14.071
33 3 1 37.017 15.073 36.218 14.167
34 3 1 37.025 15.034 36.196 14.091
35 3 1 37.034 15.014 36.207 14.119
36 3 1 37.042 14.985 36.255 14.117
37 3 1 37.004 14.996 36.279 13.971
38 3 1 37.014 15.005 36.297 13.951
39 3 1 37.004 14.986 36.276 13.894
40 3 1 37.023 14.985 36.285 13.884
41 3 1 37.021 14.918 36.266 13.894
42 3 1 36.979 14.852 36.238 13.934
43 3 1 37.014 14.754 36.237 13.905
44 3 1 36.945 14.698 36.242 13.760
45 3 1 36.864 14.615 36.214 13.800
46 3 1 36.928 14.525 36.262 13.778
47 3 1 36.899 14.516 36.270 13.730
48 3 1 36.920 14.545 36.259 13.711
49 3 1 36.986 14.503 36.243 13.547
50 3 1 37.042 14.452 36.263 13.556
51 3 1 37.001 14.406 36.304 13.351
52 3 1 37.003 14.444 36.285 13.361
53 3 1 37.002 14.425 36.311 13.292
54 3 1 37.012 14.434 36.331 13.292
55 3 1 37.010 14.386 36.321 13.292
56 3 1 37.010 14.376 36.329 13.253
57 3 1 36.991 14.377 36.347 13.214
58 3 1 37.048 14.346 36.364 13.155
59 3 1 37.084 14.286 36.356 13.194
60 3 1 37.111 14.237 36.375 13.183
61 3 1 37.156 14.129 36.404 13.173
62 3 1 37.170 14.002 36.377 13.241
63 3 1 37.138 13.907 36.360 13.049
64 3 1 37.084 13.764 36.358 12.991
65 3 1 37.091 13.696 36.317 12.934
66 3 1 37.109 13.656 36.347 12.943
67 3 1 37.099 13.657 36.345 12.904
68 3 1 37.129 13.675 36.335 12.895
69 3 1 37.129 13.685 36.367 12.719
70 3 1 37.109 13.656 36.344 12.604
71 3 1 37.106 13.579 36.312 12.547
72 3 1 37.097 13.589 36.329 12.469
73 3 1 37.067 13.571 36.319 12.460
74 3 1 37.085 13.532 36.326 12.402
75 3 1 37.074 13.493 36.306 12.383
76 3 1 37.092 13.454 36.325 12.363
77 3 1 37.072 13.435 36.304 12.315
78 3 1 37.089 13.377 36.291 12.238
79 3 1 37.015 13.206 36.366 12.419
80 3 1 37.045 13.243 36.270 12.191
81 3 1 37.052 13.175 36.263 12.269
82 3 1 36.982 13.100 36.292 12.258
83 3 1 36.998 13.013 36.280 12.210
84 3 1 36.966 12.937 36.250 12.172
85 3 1 36.936 12.909 36.228 12.096
86 3 1 37.119 13.414 36.471 12.638
87 3 1 36.905 12.852 36.256 12.075
88 3 1 36.903 12.804 36.254 12.027
89 3 1 36.953 12.840 36.279 11.920
90 3 1 36.921 12.764 36.272 11.988
91 3 1 36.998 12.752 36.295 11.813
92 3 1 36.958 12.734 36.310 11.705
93 3 1 36.948 12.715 36.280 11.678
94 3 1 36.933 12.580 36.294 11.803
95 3 1 36.977 12.723 36.323 11.531
96 3 1 36.966 12.695 36.286 11.571
97 3 1 37.022 12.625 36.252 11.456
98 3 1 37.030 12.586 36.301 11.454
99 3 1 37.004 12.413 36.327 11.395
100 3 1 36.959 12.250 36.307 11.367
101 3 1 37.025 12.199 36.303 11.270
102 3 1 37.002 12.093 36.274 11.262
103 3 1 37.001 12.055 36.255 11.272
104 3 1 36.942 12.038 36.303 11.261
105 3 1 36.941 12.009 36.302 11.232
106 3 1 37.056 11.985 36.270 11.146
107 3 1 37.008 11.987 36.247 11.060
108 3 1 37.016 11.948 36.262 10.943
109 3 1 37.024 11.918 36.279 10.865
110 3 1 37.024 11.899 36.286 10.816
111 3 1 37.004 11.900 36.286 10.807
112 3 1 37.022 11.860 36.267 10.827
113 3 1 37.022 11.851 36.285 10.778
114 3 1 37.000 11.794 36.228 10.818
115 3 1 36.970 11.756 36.199 10.810
116 3 1 36.979 11.727 36.175 10.695
117 3 1 36.946 11.641 36.184 10.656
118 3 1 36.913 11.536 36.195 10.694
119 3 1 36.908 11.401 36.211 10.616
120 3 1 36.868 11.354 36.217 10.509
121 3 1 36.874 11.257 36.177 10.482
122 3 1 36.845 11.249 36.206 10.471
123 3 1 36.816 11.259 36.145 10.396
124 3 1 36.862 11.209 36.136 10.425
125 3 1 36.872 11.218 36.171 10.318
126 3 1 36.892 11.218 36.204 10.171
127 3 1 36.919 11.178 36.188 10.249
128 3 1 36.928 11.158 36.204 10.161
129 3 1 36.899 11.150 36.218 10.025
130 3 1 36.928 11.139 36.217 9.996
131 3 1 36.947 11.128 36.217 10.006
132 3 1 36.975 11.108 36.227 10.006
133 3 1 36.982 11.049 36.227 10.006
134 3 1 36.989 10.962 36.228 10.025
135 3 1 36.987 10.914 36.237 10.015
136 3 1 37.039 10.767 36.249 9.821
137 3 1 37.006 10.662 36.222 9.880
138 3 1 36.974 10.566 36.232 9.889
139 3 1 36.980 10.479 36.203 9.881
140 3 1 36.906 10.559 36.268 9.801
141 3 1 36.914 10.520 36.276 9.762
142 3 1 36.913 10.482 36.275 9.723
143 3 1 37.086 10.465 36.235 9.454
144 3 1 36.975 10.344 36.337 9.585
145 3 1 37.075 10.417 36.225 9.435
146 3 1 36.964 10.305 36.326 9.547
147 3 1 37.035 10.399 36.258 9.269
148 3 1 36.961 10.209 36.322 9.450
149 3 1 36.959 10.160 36.321 9.402
150 3 1 36.957 10.112 36.319 9.354
151 3 1 36.955 10.064 36.317 9.306
152 3 1 36.963 10.025 36.325 9.266
153 3 1 37.031 10.274 36.253 9.153
154 3 1 37.036 10.167 36.263 9.153
155 3 1 37.060 10.021 36.234 9.164
156 3 1 36.988 9.898 36.231 9.067
157 3 1 36.928 9.862 36.290 9.103
158 3 1 36.927 9.823 36.289 9.065
159 3 1 36.926 9.794 36.288 9.036
160 3 1 36.924 9.756 36.286 8.997
161 3 1 36.923 9.717 36.285 8.958
162 3 1 36.931 9.678 36.293 8.919
163 3 1 36.930 9.639 36.291 8.881
164 3 1 36.928 9.601 36.290 8.842
165 3 1 36.927 9.562 36.289 8.804
166 3 1 36.935 9.523 36.297 8.764
167 3 1 36.943 9.484 36.305 8.725
168 3 1 36.942 9.445 36.304 8.687
169 3 1 36.949 9.397 36.311 8.638
170 3 1 36.948 9.348 36.310 8.590
172 3 1 36.938 9.339 36.300 8.581
173 3 1 36.938 9.349 36.264 8.408
174 3 1 36.915 9.253 36.277 8.494
175 3 1 36.913 9.205 36.275 8.446
176 3 1 36.912 9.166 36.274 8.407
177 3 1 36.910 9.127 36.272 8.369
178 3 1 36.909 9.079 36.270 8.320
180 3 1 37.040 8.977 36.294 8.184
181 3 1 36.982 8.960 36.343 8.202
182 3 1 36.886 8.983 36.215 8.119
183 3 1 36.864 8.926 36.226 8.167
184 3 1 36.863 8.887 36.225 8.129
185 3 1 36.851 8.830 36.213 8.071
186 3 1 36.849 8.782 36.211 8.023
187 3 1 36.838 8.734 36.199 7.975
188 3 1 36.836 8.685 36.198 7.927
189 3 1 36.834 8.637 36.196 7.878
191 3 1 36.824 8.628 36.186 7.869
192 3 1 36.813 8.589 36.175 7.831
193 3 1 36.812 8.560 36.174 7.802
195 3 1 36.803 8.329 36.095 7.515
196 3 1 36.763 8.301 36.125 7.542
197 3 1 36.762 8.263 36.124 7.504
198 3 1 36.760 8.224 36.122 7.465
199 3 1 36.749 8.176 36.111 7.417
200 3 1 36.748 8.137 36.109 7.379
201 3 1 36.755 8.089 36.117 7.330
202 3 1 36.754 8.040 36.115 7.282
203 3 1 36.752 7.992 36.114 7.233
204 3 1 36.750 7.944 36.112 7.185
205 3 1 36.748 7.896 36.110 7.137
206 3 1 36.746 7.847 36.108 7.088
207 3 1 36.745 7.799 36.106 7.040
208 3 1 36.743 7.760 36.105 7.001
209 3 1 36.741 7.712 36.103 6.953
210 3 1 36.740 7.664 36.101 6.905
211 3 1 36.748 7.625 36.110 6.866
213 3 1 36.738 7.615 36.100 6.856
214 3 1 36.737 7.586 36.098 6.827
215 3 1 36.735 7.538 36.097 6.779
216 3 1 36.723 7.490 36.085 6.731
217 3 1 36.722 7.442 36.083 6.683
218 3 1 36.710 7.394 36.072 6.635
219 3 1 36.708 7.346 36.070 6.587
220 3 1 36.697 7.298 36.059 6.539
221 3 1 36.695 7.240 36.056 6.481
222 3 1 36.683 7.182 36.045 6.423
223 3 1 36.671 7.125 36.033 6.366
224 3 1 36.659 7.077 36.021 6.318
225 3 1 36.658 7.028 36.020 6.269
226 3 1 36.647 6.990 36.008 6.231
228 3 1 36.637 6.981 35.998 6.222
229 3 1 36.635 6.933 35.997 6.173
230 3 1 36.645 6.690 36.032 5.824
231 3 1 36.653 6.642 36.024 5.882
232 3 1 36.651 6.603 36.023 5.844
233 3 1 36.650 6.555 36.021 5.795
234 3 1 36.648 6.506 36.019 5.747
235 3 1 36.646 6.468 36.018 5.708
236 3 1 36.645 6.420 36.016 5.660
237 3 1 36.643 6.371 36.014 5.612
238 3 1 36.651 6.323 36.022 5.563
239 3 1 36.639 6.265 36.010 5.505
240 3 1 36.656 6.216 36.028 5.456
241 3 1 36.966 6.475 36.060 5.291
242 3 1 36.644 6.149 36.016 5.389
243 3 1 36.642 6.100 36.014 5.341
244 3 1 36.641 6.052 36.012 5.292
245 3 1 36.639 6.004 36.010 5.244
246 3 1 36.637 5.956 36.008 5.196
247 3 1 36.635 5.917 36.007 5.157
248 3 1 36.624 5.879 35.996 5.119
250 3 1 36.614 5.869 35.986 5.110
251 3 1 36.604 5.841 35.975 5.081
252 3 1 36.611 5.792 35.983 5.032
253 3 1 36.590 5.745 35.962 4.985
254 3 1 36.589 5.706 35.960 4.946
255 3 1 36.577 5.658 35.949 4.898
256 3 1 36.566 5.600 35.937 4.841
257 3 1 36.834 5.803 36.004 4.558
258 3 1 36.879 5.705 36.001 4.471
259 3 1 36.714 5.701 35.969 4.404
260 3 1 36.514 5.525 35.886 4.765
261 3 1 36.503 5.467 35.874 4.708
262 3 1 36.460 5.363 35.807 4.478
263 3 1 36.448 5.295 35.819 4.535
264 3 1 36.436 5.247 35.808 4.487
265 3 1 36.425 5.219 35.797 4.459
266 3 1 36.424 5.180 35.795 4.420
267 3 1 36.413 5.142 35.784 4.382
269 3 1 36.403 5.133 35.774 4.373
270 3 1 36.401 5.094 35.773 4.334
271 3 1 36.400 5.055 35.771 4.295
272 3 1 36.399 5.017 35.770 4.257
273 3 1 36.397 4.968 35.768 4.208
274 3 1 36.395 4.930 35.767 4.170
275 3 1 36.393 4.881 35.765 4.121
276 3 1 36.392 4.833 35.763 4.073
277 3 1 36.390 4.785 35.761 4.025
278 3 1 36.378 4.737 35.750 3.977
279 3 1 36.367 4.699 35.739 3.939
280 3 1 36.376 4.660 35.747 3.900
281 3 1 36.364 4.621 35.736 3.861
282 3 1 36.373 4.582 35.744 3.822
284 3 1 36.363 4.573 35.734 3.813
285 3 1 36.362 4.544 35.733 3.784
287 3 1 36.351 4.535 35.723 3.775
288 3 1 36.351 4.515 35.722 3.755
289 3 1 36.441 4.328 35.746 3.348
290 3 1 36.398 4.224 35.769 3.463
291 3 1 36.406 4.185 35.778 3.424
292 3 1 36.385 4.147 35.757 3.386
293 3 1 36.384 4.098 35.755 3.338
294 3 1 36.382 4.050 35.753 3.290
295 3 1 36.370 4.002 35.742 3.242
296 3 1 36.349 3.955 35.721 3.194
297 3 1 36.348 3.916 35.719 3.156
298 3 1 36.346 3.877 35.718 3.117
299 3 1 36.471 3.844 35.708 2.847
301 3 1 36.399 3.730 35.770 2.970
302 3 1 36.398 3.701 35.769 2.941
303 3 1 36.397 3.672 35.768 2.912
304 3 1 36.395 3.634 35.767 2.873
305 3 1 36.394 3.605 35.766 2.844
306 3 1 36.403 3.575 35.774 2.815
307 3 1 36.411 3.536 35.782 2.776
0 4 1 38.790 16.710 38.017 15.708
1 4 1 38.791 16.739 38.009 15.728
2 4 1 38.828 16.709 38.076 15.725
3 4 1 38.835 16.621 38.055 15.668
4 4 1 38.834 16.602 38.064 15.648
5 4 1 38.861 16.543 38.091 15.618
6 4 1 38.858 16.475 38.102 15.646
7 4 1 38.875 16.407 38.073 15.638
8 4 1 38.806 16.381 38.069 15.532
9 4 1 38.831 16.264 38.046 15.446
10 4 1 38.840 16.234 38.023 15.331
11 4 1 38.887 16.213 38.053 15.378
12 4 1 38.876 16.184 38.041 15.301
13 4 1 38.875 16.136 38.035 15.146
14 4 1 38.864 16.117 38.054 15.126
15 4 1 38.883 16.116 38.131 15.123
16 4 1 38.872 16.059 38.123 15.181
17 4 1 38.832 16.041 38.090 15.057
18 4 1 38.852 16.050 38.098 15.008
19 4 1 38.878 15.981 38.098 15.028
20 4 1 38.844 15.838 38.104 14.911
21 4 1 38.839 15.712 38.078 15.009
22 4 1 38.836 15.635 38.092 14.854
23 4 1 38.864 15.585 38.112 14.863
24 4 1 38.892 15.565 38.198 14.840
25 4 1 38.883 15.585 38.106 14.727
26 4 1 38.844 15.577 38.117 14.737
27 4 1 38.861 15.508 38.137 14.765
28 4 1 38.878 15.459 38.096 14.709
29 4 1 38.874 15.353 38.097 14.486
30 4 1 38.845 15.335 38.118 14.514
31 4 1 38.853 15.305 38.126 14.485
32 4 1 38.841 15.229 38.114 14.408
33 4 1 38.872 15.285 38.182 14.425
34 4 1 38.881 15.275 38.191 14.395
35 4 1 38.852 15.277 38.107 14.215
36 4 1 38.887 15.169 38.186 14.279
37 4 1 38.903 15.100 38.171 14.377
38 4 1 38.941 15.070 38.177 14.280
39 4 1 38.937 14.964 38.136 14.223
40 4 1 38.974 14.933 38.160 14.097
41 4 1 38.948 15.002 38.211 14.162
42 4 1 38.935 14.925 38.200 14.134
43 4 1 38.934 14.886 38.190 14.105
44 4 1 38.905 14.897 38.209 14.114
45 4 1 38.869 14.686 38.045 13.869
46 4 1 38.810 14.679 38.114 13.895
47 4 1 38.828 14.649 38.132 13.866
48 4 1 38.807 14.592 38.111 13.809
49 4 1 38.888 14.685 38.097 13.693
50 4 1 38.876 14.628 38.095 13.654
51 4 1 38.846 14.590 38.053 13.550
52 4 1 38.793 14.467 38.096 13.683
53 4 1 38.811 14.447 38.115 13.663
54 4 1 38.789 14.380 38.093 13.596
55 4 1 38.797 14.331 38.101 13.548
56 4 1 38.859 14.425 38.163 13.642
57 4 1 38.794 14.254 38.098 13.471
58 4 1 38.793 14.225 38.097 13.442
59 4 1 38.752 14.159 38.056 13.376
60 4 1 38.790 14.129 38.093 13.345
61 4 1 38.798 14.090 38.102 13.306
62 4 1 38.862 14.000 37.990 12.895
63 4 1 38.880 13.960 38.018 12.884
64 4 1 38.880 13.970 38.053 13.037
65 4 1 38.819 13.876 38.123 13.092
66 4 1 38.849 13.913 38.088 12.949
67 4 1 38.905 13.843 38.118 12.957
68 4 1 38.841 13.682 38.068 12.921
69 4 1 38.858 13.633 38.065 12.853
70 4 1 38.867 13.603 38.056 12.863
71 4 1 38.866 13.584 38.085 12.862
72 4 1 38.893 13.525 38.044 12.535
73 4 1 38.881 13.477 38.062 12.515
74 4 1 38.900 13.467 38.084 12.572
75 4 1 38.879 13.419 38.122 12.570
76 4 1 38.848 13.353 38.109 12.464
77 4 1 38.838 13.363 38.108 12.445
78 4 1 38.816 13.277 38.121 12.522
79 4 1 38.868 13.391 38.140 12.270
80 4 1 38.842 13.208 38.147 12.453
81 4 1 38.840 13.160 38.145 12.405
82 4 1 38.839 13.111 38.143 12.357
83 4 1 38.837 13.063 38.142 12.308
84 4 1 38.835 13.025 38.140 12.270
85 4 1 38.789 13.084 38.142 12.318
86 4 1 38.808 13.064 38.122 12.309
87 4 1 38.806 13.016 38.121 12.261
88 4 1 38.814 12.977 38.129 12.222
89 4 1 38.822 12.938 38.137 12.183
90 4 1 38.811 12.900 38.126 12.145
91 4 1 38.819 12.851 38.134 12.096
92 4 1 38.818 12.813 38.132 12.057
93 4 1 38.839 12.618 38.114 11.836
94 4 1 38.839 12.609 38.149 11.728
95 4 1 38.838 12.589 38.136 11.632
96 4 1 38.809 12.571 38.139 11.709
97 4 1 38.816 12.513 38.140 11.757
98 4 1 38.827 12.551 38.127 11.671
99 4 1 38.815 12.484 38.139 11.728
100 4 1 38.813 12.436 38.137 11.680
101 4 1 38.812 12.397 38.136 11.641
102 4 1 38.820 12.348 38.144 11.593
103 4 1 38.818 12.310 38.142 11.554
104 4 1 38.826 12.271 38.151 11.515
105 4 1 38.825 12.232 38.149 11.476
106 4 1 38.824 12.194 38.148 11.438
107 4 1 38.891 11.940 38.083 11.266
108 4 1 38.826 11.991 38.150 11.244
109 4 1 38.824 11.952 38.149 11.206
110 4 1 38.822 11.904 38.147 11.157
111 4 1 38.821 11.855 38.145 11.109
112 4 1 38.819 11.817 38.144 11.071
113 4 1 38.817 11.768 38.142 11.022
114 4 1 38.815 11.711 38.140 10.964
115 4 1 38.804 11.943 38.168 10.683
116 4 1 38.811 11.846 38.143 10.790
117 4 1 38.826 11.749 38.134 10.820
118 4 1 38.803 11.653 38.147 10.906
119 4 1 38.802 11.614 38.146 10.867
120 4 1 38.800 11.576 38.144 10.829
121 4 1 38.799 11.537 38.143 10.790
122 4 1 38.797 11.489 38.141 10.742
123 4 1 38.796 11.460 38.140 10.713
124 4 1 38.794 11.412 38.138 10.665
125 4 1 38.772 11.335 38.090 10.415
126 4 1 38.753 11.336 38.105 10.308
127 4 1 38.747 11.191 38.101 10.444
128 4 1 38.746 11.143 38.099 10.395
129 4 1 38.781 11.325 38.138 10.133
130 4 1 38.779 11.258 38.123 10.259
131 4 1 38.798 11.247 38.141 10.220
132 4 1 38.795 11.180 38.156 10.113
133 4 1 38.789 11.025 38.162 10.277
134 4 1 38.822 10.869 38.126 10.085
135 4 1 38.859 10.810 38.124 10.027
136 4 1 38.845 10.714 38.097 10.076
137 4 1 38.825 10.695 38.114 10.027
138 4 1 38.778 10.726 38.152 9.997
139 4 1 38.777 10.687 38.150 9.958
140 4 1 38.775 10.649 38.149 9.920
141 4 1 38.774 10.610 38.147 9.881
142 4 1 38.763 10.572 38.136 9.843
143 4 1 38.752 10.534 38.125 9.805
144 4 1 38.940 10.662 38.228 9.452
145 4 1 38.860 10.597 38.202 9.521
146 4 1 38.821 10.579 38.164 9.561
147 4 1 38.800 10.541 38.163 9.532
148 4 1 38.811 10.580 38.162 9.233
149 4 1 38.825 10.434 38.151 9.204
150 4 1 38.842 10.375 38.144 9.262
151 4 1 38.842 10.356 38.183 9.271
152 4 1 38.768 10.185 38.114 9.244
153 4 1 38.754 10.079 38.128 9.350
154 4 1 38.753 10.041 38.126 9.311
155 4 1 38.751 9.992 38.124 9.263
156 4 1 38.879 10.074 38.050 8.831
157 4 1 38.887 10.026 38.087 8.781
158 4 1 38.829 10.028 38.115 8.761
159 4 1 38.720 9.936 38.093 9.206
160 4 1 38.828 9.999 38.173 8.749
161 4 1 38.826 9.931 38.171 8.710
162 4 1 38.815 9.913 38.154 8.759
163 4 1 38.833 9.873 38.162 8.720
164 4 1 38.782 9.798 38.153 8.730
165 4 1 38.719 9.665 38.116 8.770
166 4 1 38.795 9.633 38.051 8.609
167 4 1 38.772 9.528 38.100 8.616
168 4 1 38.758 9.403 38.143 8.479
169 4 1 38.783 9.305 38.128 8.577
170 4 1 38.782 9.276 38.107 8.548
171 4 1 38.819 9.226 38.097 8.520
172 4 1 38.789 9.208 38.074 8.443
173 4 1 38.798 9.179 38.084 8.443
174 4 1 38.788 9.169 38.093 8.433
175 4 1 38.788 9.179 38.044 8.396
176 4 1 38.817 9.178 38.041 8.338
177 4 1 38.818 9.197 38.059 8.299
178 4 1 38.837 9.187 38.049 8.280
179 4 1 38.816 9.149 38.072 8.134
180 4 1 38.755 9.074 38.071 8.105
181 4 1 38.750 8.929 37.998 8.205
182 4 1 38.727 8.853 38.014 8.127
183 4 1 38.752 8.726 37.996 8.166
184 4 1 38.668 8.807 38.061 8.096
185 4 1 38.666 8.768 38.060 8.057
186 4 1 38.655 8.730 38.049 8.019
187 4 1 38.718 8.592 37.978 7.925
188 4 1 38.651 8.614 38.045 7.913
189 4 1 38.649 8.576 38.043 7.874
190 4 1 38.648 8.537 38.042 7.836
191 4 1 38.689 8.603 37.946 7.588
192 4 1 38.699 8.603 37.984 7.577
193 4 1 38.635 8.441 38.029 7.739
194 4 1 38.633 8.402 38.027 7.701
195 4 1 38.622 8.354 38.016 7.653
196 4 1 38.630 8.306 38.024 7.604
197 4 1 38.618 8.258 38.012 7.556
198 4 1 38.617 8.219 38.011 7.518
199 4 1 38.615 8.181 38.009 7.479
200 4 1 38.604 8.142 37.998 7.441
201 4 1 38.603 8.104 37.997 7.402
202 4 1 38.601 8.055 37.995 7.354
203 4 1 38.600 8.017 37.993 7.315
204 4 1 38.598 7.978 37.992 7.277
205 4 1 38.606 7.939 38.000 7.238
207 4 1 38.596 7.930 37.990 7.228
208 4 1 38.595 7.891 37.989 7.190
209 4 1 38.584 7.853 37.978 7.152
210 4 1 38.582 7.805 37.976 7.103
211 4 1 38.580 7.757 37.974 7.055
212 4 1 38.569 7.718 37.963 7.017
213 4 1 38.558 7.670 37.951 6.969
214 4 1 38.556 7.632 37.950 6.930
215 4 1 38.555 7.593 37.949 6.892
216 4 1 38.534 7.555 37.928 6.854
218 4 1 38.524 7.546 37.918 6.845
219 4 1 38.523 7.517 37.917 6.816
220 4 1 38.508 7.373 37.800 6.540
221 4 1 38.484 7.258 37.836 6.461
222 4 1 38.453 7.211 37.847 6.509
223 4 1 38.452 7.162 37.845 6.461
224 4 1 38.450 7.124 37.844 6.422
225 4 1 38.448 7.075 37.842 6.374
226 4 1 38.456 7.027 37.850 6.325
227 4 1 38.464 6.978 37.858 6.276
228 4 1 38.453 6.930 37.846 6.228
229 4 1 38.460 6.882 37.854 6.180
230 4 1 38.449 6.834 37.843 6.132
231 4 1 38.457 6.785 37.851 6.083
232 4 1 38.446 6.747 37.840 6.045
233 4 1 38.454 6.708 37.848 6.006
234 4 1 38.452 6.660 37.846 5.958
235 4 1 38.451 6.621 37.845 5.919
236 4 1 38.459 6.582 37.853 5.880
237 4 1 38.467 6.543 37.861 5.841
238 4 1 38.457 6.534 37.737 5.643
239 4 1 38.396 6.439 37.789 5.738
240 4 1 38.394 6.401 37.788 5.699
241 4 1 38.393 6.362 37.786 5.660
242 4 1 38.381 6.314 37.775 5.612
243 4 1 38.370 6.266 37.764 5.565
244 4 1 38.368 6.228 37.762 5.526
245 4 1 38.357 6.180 37.751 5.478
246 4 1 38.345 6.132 37.739 5.430
247 4 1 38.344 6.093 37.738 5.392
248 4 1 38.333 6.055 37.727 5.353
249 4 1 38.322 6.017 37.716 5.315
250 4 1 38.320 5.978 37.714 5.276
251 4 1 38.309 5.940 37.703 5.238
252 4 1 38.298 5.902 37.692 5.200
253 4 1 38.306 5.863 37.700 5.161
254 4 1 38.295 5.825 37.689 5.123
255 4 1 38.303 5.786 37.697 5.084
256 4 1 38.292 5.738 37.686 5.036
257 4 1 38.300 5.699 37.694 4.997
258 4 1 38.289 5.661 37.683 4.959
259 4 1 38.307 5.612 37.700 4.910
260 4 1 38.305 5.573 37.699 4.871
261 4 1 38.313 5.534 37.707 4.832
262 4 1 38.302 5.486 37.696 4.784
263 4 1 38.310 5.447 37.704 4.745
264 4 1 38.309 5.409 37.702 4.706
265 4 1 38.307 5.370 37.701 4.668
266 4 1 38.315 5.331 37.709 4.629
267 4 1 38.324 5.302 37.718 4.599
268 4 1 38.313 5.263 37.707 4.561
269 4 1 38.321 5.224 37.715 4.522
270 4 1 38.310 5.186 37.704 4.484
271 4 1 38.319 5.157 37.712 4.455
272 4 1 38.317 5.118 37.711 4.416
273 4 1 38.316 5.080 37.709 4.377
274 4 1 38.314 5.041 37.708 4.339
275 4 1 38.313 5.002 37.707 4.300
276 4 1 38.311 4.964 37.705 4.262
277 4 1 38.310 4.925 37.704 4.223
278 4 1 38.298 4.877 37.692 4.175
279 4 1 38.307 4.838 37.700 4.136
280 4 1 38.296 4.800 37.689 4.098
281 4 1 38.304 4.761 37.698 4.059
282 4 1 38.293 4.723 37.686 4.021
283 4 1 38.301 4.694 37.695 3.991
284 4 1 38.290 4.655 37.684 3.953
285 4 1 38.298 4.616 37.692 3.914
286 4 1 38.288 4.588 37.681 3.885
287 4 1 38.296 4.549 37.690 3.846
288 4 1 38.295 4.520 37.689 3.818
289 4 1 38.293 4.481 37.687 3.779
290 4 1 38.292 4.443 37.686 3.740
291 4 1 38.300 4.404 37.694 3.701
292 4 1 38.308 4.365 37.702 3.662
293 4 1 38.307 4.326 37.701 3.624
294 4 1 38.305 4.287 37.699 3.585
295 4 1 38.314 4.248 37.707 3.546
296 4 1 38.331 4.209 37.725 3.507
297 4 1 38.330 4.180 37.724 3.478
298 4 1 38.339 4.141 37.732 3.439
299 4 1 38.327 4.103 37.721 3.401
300 4 1 38.336 4.074 37.730 3.371
301 4 1 38.335 4.045 37.729 3.342
302 4 1 38.333 4.006 37.727 3.304
303 4 1 38.332 3.977 37.726 3.275
304 4 1 38.341 3.948 37.735 3.245
305 4 1 38.359 3.918 37.753 3.216
306 4 1 38.358 3.880 37.752 3.177
307 4 1 38.357 3.851 37.750 3.148
0 5 1 39.801 17.141 39.097 16.136
1 5 1 39.878 17.138 39.104 16.068
2 5 1 39.829 17.111 39.112 16.029
3 5 1 39.805 16.986 39.100 15.972
4 5 1 39.793 16.938 39.089 15.934
5 5 1 39.821 16.898 39.061 15.954
6 5 1 39.793 16.929 39.079 15.915
7 5 1 39.806 16.773 39.041 15.936
8 5 1 39.780 16.842 39.067 15.857
9 5 1 39.769 16.804 39.056 15.819
10 5 1 39.758 16.766 39.045 15.781
11 5 1 39.766 16.727 39.053 15.742
12 5 1 39.755 16.689 39.042 15.704
13 5 1 39.763 16.650 39.050 15.665
14 5 1 39.753 16.631 39.040 15.646
15 5 1 39.741 16.573 39.028 15.588
16 5 1 39.731 16.554 39.018 15.569
17 5 1 39.736 16.448 38.986 15.493
18 5 1 39.724 16.381 38.996 15.503
19 5 1 39.753 16.370 39.034 15.482
20 5 1 39.763 16.379 39.042 15.452
21 5 1 39.816 16.251 39.106 15.363
22 5 1 39.807 16.271 39.096 15.344
23 5 1 39.810 16.087 39.101 15.218
24 5 1 39.777 16.001 39.053 15.239
25 5 1 39.757 15.973 39.033 15.221
26 5 1 39.770 16.060 39.061 15.171
27 5 1 39.758 16.002 39.049 15.114
28 5 1 39.747 15.964 39.038 15.075
29 5 1 39.715 15.878 39.006 14.990
30 5 1 39.745 15.906 39.036 15.017
31 5 1 39.752 15.848 39.043 14.959
32 5 1 39.762 15.847 39.053 14.959
33 5 1 39.750 15.771 39.040 14.882
34 5 1 39.734 15.626 39.018 14.806
35 5 1 39.725 15.636 39.016 14.757
36 5 1 39.715 15.627 39.006 14.748
37 5 1 39.739 15.742 38.999 14.555
38 5 1 39.756 15.683 39.026 14.496
39 5 1 39.746 15.664 39.027 14.525
40 5 1 39.684 15.580 38.941 14.567
41 5 1 39.681 15.493 38.948 14.499
42 5 1 39.637 15.340 38.917 14.423
43 5 1 39.684 15.319 38.934 14.374
44 5 1 39.627 15.341 38.750 14.362
45 5 1 39.635 15.282 38.903 14.317
46 5 1 39.614 15.254 38.904 14.346
47 5 1 39.632 15.215 38.922 14.307
48 5 1 39.631 15.176 38.921 14.268
49 5 1 39.620 15.157 38.910 14.249
50 5 1 39.724 15.085 39.000 14.072
51 5 1 39.703 15.038 38.993 14.130
52 5 1 39.711 14.999 39.001 14.091
53 5 1 39.719 14.960 39.009 14.052
54 5 1 39.703 15.048 39.003 14.158
55 5 1 39.719 14.960 39.031 14.119
56 5 1 39.758 14.958 39.029 14.070
57 5 1 39.797 14.966 39.041 14.137
58 5 1 39.812 14.869 39.080 14.146
59 5 1 39.790 14.783 39.085 14.020
60 5 1 39.782 14.841 39.093 13.981
61 5 1 39.791 14.812 39.102 13.951
62 5 1 39.872 14.654 39.110 13.661
63 5 1 39.851 14.607 39.099 13.623
64 5 1 39.879 14.586 39.089 13.594
65 5 1 39.821 14.579 39.076 13.517
66 5 1 39.789 14.512 39.093 13.459
67 5 1 39.846 14.481 39.077 13.546
68 5 1 39.796 14.435 39.107 13.574
69 5 1 39.921 14.420 39.125 13.525
70 5 1 39.920 14.391 39.118 13.361
71 5 1 39.881 14.393 39.087 13.304
72 5 1 39.864 14.432 39.107 13.313
73 5 1 39.830 14.298 39.141 13.437
74 5 1 39.819 14.270 39.130 13.409
75 5 1 39.808 14.241 39.119 13.380
76 5 1 39.836 14.211 39.104 13.236
77 5 1 39.815 14.154 39.126 13.293
78 5 1 39.823 14.124 39.134 13.264
79 5 1 39.831 14.076 39.142 13.215
80 5 1 39.819 14.028 39.130 13.167
81 5 1 39.827 13.979 39.138 13.118
82 5 1 39.817 13.951 39.128 13.090
83 5 1 39.824 13.902 39.135 13.041
84 5 1 39.833 13.873 39.144 13.012
85 5 1 39.841 13.824 39.152 12.963
86 5 1 39.830 13.796 39.141 12.935
87 5 1 39.838 13.747 39.149 12.886
88 5 1 39.826 13.699 39.138 12.838
89 5 1 39.834 13.650 39.145 12.789
90 5 1 39.843 13.621 39.154 12.760
91 5 1 39.851 13.572 39.162 12.711
92 5 1 39.859 13.524 39.170 12.663
93 5 1 39.866 13.475 39.177 12.614
94 5 1 39.856 13.447 39.167 12.586
95 5 1 39.863 13.398 39.175 12.537
96 5 1 39.872 13.369 39.183 12.508
97 5 1 39.880 13.320 39.191 12.459
98 5 1 39.869 13.291 39.180 12.430
99 5 1 39.877 13.243 39.188 12.382
100 5 1 39.866 13.214 39.177 12.353
101 5 1 39.874 13.166 39.185 12.305
102 5 1 39.863 13.137 39.174 12.276
103 5 1 39.871 13.088 39.182 12.227
104 5 1 39.860 13.041 39.171 12.179
105 5 1 39.868 12.992 39.179 12.131
106 5 1 39.857 12.963 39.168 12.102
107 5 1 39.865 12.915 39.176 12.054
108 5 1 39.854 12.886 39.165 12.025
109 5 1 39.842 12.838 39.154 11.977
110 5 1 39.832 12.810 39.143 11.949
111 5 1 39.840 12.761 39.151 11.900
112 5 1 39.810 12.733 39.121 11.872
113 5 1 39.817 12.685 39.128 11.824
114 5 1 39.759 12.668 39.083 11.642
115 5 1 39.831 12.539 39.093 11.661
116 5 1 39.787 12.396 39.093 11.651
117 5 1 39.779 12.425 39.104 11.689
118 5 1 39.771 12.474 39.092 11.632
119 5 1 39.769 12.435 39.091 11.593
120 5 1 39.758 12.397 39.080 11.555
121 5 1 39.757 12.359 39.078 11.516
122 5 1 39.755 12.320 39.077 11.478
123 5 1 39.754 12.281 39.075 11.439
124 5 1 39.706 12.293 39.042 11.324
125 5 1 39.732 12.215 39.080 11.313
126 5 1 39.751 12.195 39.108 11.264
127 5 1 39.760 12.185 39.079 11.265
128 5 1 39.730 12.147 39.049 11.247
129 5 1 39.720 12.148 39.045 11.150
130 5 1 39.796 12.115 39.048 11.228
131 5 1 39.812 12.018 39.056 11.189
132 5 1 39.754 12.021 39.105 11.187
133 5 1 39.752 11.982 39.103 11.148
134 5 1 39.751 11.953 39.102 11.119
135 5 1 39.750 11.914 39.101 11.080
136 5 1 39.749 11.634 39.103 10.877
137 5 1 39.741 11.683 39.092 10.858
138 5 1 39.740 11.644 39.091 10.820
139 5 1 39.738 11.606 39.089 10.781
140 5 1 39.737 11.567 39.088 10.743
141 5 1 39.738 11.606 38.991 10.486
142 5 1 39.685 11.463 39.036 10.638
143 5 1 39.683 11.424 39.034 10.600
144 5 1 39.756 11.557 38.951 10.690
145 5 1 39.765 11.537 39.004 10.572
146 5 1 39.764 11.518 39.038 10.435
147 5 1 39.771 11.440 39.074 10.366
148 5 1 39.749 11.383 39.073 10.337
149 5 1 39.726 11.268 39.077 10.443
150 5 1 39.714 11.220 39.065 10.396
151 5 1 39.723 11.191 39.074 10.366
152 5 1 39.711 11.133 39.062 10.309
153 5 1 39.729 11.094 39.080 10.269
154 5 1 39.727 11.046 39.078 10.221
155 5 1 39.726 11.007 39.077 10.182
156 5 1 39.724 10.959 39.075 10.134
157 5 1 39.722 10.910 39.073 10.086
158 5 1 39.721 10.872 39.072 10.047
159 5 1 39.728 10.823 39.079 9.999
160 5 1 39.637 10.953 39.020 9.962
161 5 1 39.652 10.855 39.013 10.030
162 5 1 39.651 10.807 39.011 9.982
163 5 1 39.648 10.749 39.009 9.924
164 5 1 39.656 10.701 39.017 9.876
165 5 1 39.756 10.523 39.065 9.622
166 5 1 39.822 10.481 39.110 9.534
167 5 1 39.781 10.425 39.142 9.600
168 5 1 39.780 10.386 39.140 9.561
169 5 1 39.778 10.348 39.139 9.523
170 5 1 39.786 10.299 39.147 9.474
171 5 1 39.791 10.183 39.014 9.286
172 5 1 39.722 10.147 39.083 9.322
173 5 1 39.721 10.108 39.082 9.283
174 5 1 39.771 10.164 39.065 9.100
175 5 1 39.728 10.041 39.089 9.215
176 5 1 39.726 9.992 39.087 9.167
177 5 1 39.724 9.944 39.085 9.119
178 5 1 39.816 10.076 39.066 8.617
179 5 1 39.713 9.896 39.074 9.071
180 5 1 39.711 9.848 39.072 9.023
181 5 1 39.710 9.809 39.070 8.984
182 5 1 39.698 9.762 39.059 8.936
183 5 1 39.697 9.713 39.057 8.888
184 5 1 39.695 9.675 39.056 8.850
185 5 1 39.880 9.706 39.050 8.705
186 5 1 39.770 9.614 39.131 8.789
187 5 1 39.769 9.575 39.129 8.750
188 5 1 39.767 9.537 39.128 8.711
189 5 1 39.775 9.498 39.136 8.672
190 5 1 39.774 9.459 39.135 8.634
191 5 1 39.772 9.411 39.133 8.586
192 5 1 39.770 9.363 39.131 8.537
193 5 1 39.769 9.334 39.130 8.508
194 5 1 39.777 9.275 39.137 8.450
195 5 1 39.775 9.237 39.136 8.411
196 5 1 39.783 9.188 39.144 8.363
197 5 1 39.782 9.150 39.142 8.324
198 5 1 39.789 9.101 39.150 8.276
199 5 1 39.797 9.043 39.158 8.217
200 5 1 39.795 8.994 39.156 8.169
201 5 1 39.804 8.965 39.164 8.140
202 5 1 39.811 8.907 39.172 8.081
203 5 1 39.810 8.868 39.170 8.043
204 5 1 39.808 8.830 39.169 8.004
205 5 1 39.807 8.791 39.168 7.966
206 5 1 39.805 8.743 39.166 7.917
207 5 1 39.804 8.714 39.165 7.889
208 5 1 39.812 8.665 39.173 7.840
209 5 1 39.801 8.637 39.162 7.811
210 5 1 39.799 8.588 39.160 7.763
211 5 1 39.798 8.550 39.159 7.724
212 5 1 39.796 8.502 39.157 7.676
213 5 1 39.794 8.453 39.155 7.628
214 5 1 39.783 8.415 39.144 7.590
215 5 1 39.781 8.367 39.142 7.541
216 5 1 39.769 8.309 39.130 7.484
217 5 1 39.768 8.261 39.128 7.436
218 5 1 39.766 8.223 39.127 7.397
219 5 1 39.755 8.175 39.116 7.349
220 5 1 39.753 8.126 39.114 7.301
221 5 1 39.752 8.098 39.113 7.272
222 5 1 39.740 8.040 39.101 7.215
223 5 1 39.738 7.992 39.099 7.166
224 5 1 39.737 7.963 39.098 7.137
225 5 1 39.745 7.905 39.105 7.079
226 5 1 39.743 7.866 39.104 7.040
227 5 1 39.741 7.818 39.102 6.992
228 5 1 39.750 7.788 39.111 6.963
229 5 1 39.748 7.731 39.109 6.905
230 5 1 39.756 7.682 39.116 6.856
231 5 1 39.754 7.643 39.115 6.818
232 5 1 39.762 7.595 39.123 6.769
233 5 1 39.769 7.536 39.130 6.711
234 5 1 39.777 7.478 39.138 6.653
235 5 1 39.785 7.430 39.146 6.604
236 5 1 39.783 7.391 39.144 6.565
237 5 1 39.791 7.342 39.152 6.517
238 5 1 39.799 7.294 39.160 6.468
239 5 1 39.798 7.255 39.158 6.430
240 5 1 39.806 7.216 39.167 6.391
241 5 1 39.804 7.178 39.165 6.352
242 5 1 39.803 7.139 39.164 6.313
243 5 1 39.801 7.091 39.162 6.265
244 5 1 39.691 6.979 39.023 6.164
245 5 1 39.671 6.980 39.033 6.164
246 5 1 39.670 6.941 39.031 6.125
247 5 1 39.668 6.893 39.029 6.077
248 5 1 39.657 6.855 39.018 6.039
249 5 1 39.646 6.807 39.007 5.991
250 5 1 39.635 6.769 38.996 5.953
251 5 1 39.623 6.721 38.984 5.905
252 5 1 39.612 6.673 38.973 5.857
253 5 1 39.600 6.625 38.961 5.809
254 5 1 39.589 6.587 38.950 5.771
255 5 1 39.578 6.549 38.939 5.733
256 5 1 39.576 6.500 38.937 5.684
257 5 1 39.565 6.462 38.926 5.646
258 5 1 39.564 6.424 38.925 5.607
259 5 1 39.562 6.385 38.923 5.569
260 5 1 39.561 6.346 38.922 5.530
261 5 1 39.559 6.308 38.920 5.492
262 5 1 39.558 6.269 38.919 5.453
263 5 1 39.556 6.231 38.918 5.414
264 5 1 39.555 6.192 38.916 5.376
265 5 1 39.563 6.144 38.924 5.327
266 5 1 39.561 6.105 38.922 5.289
267 5 1 39.560 6.066 38.921 5.250
268 5 1 39.568 6.018 38.929 5.201
269 5 1 39.566 5.979 38.927 5.163
270 5 1 39.574 5.931 38.935 5.114
271 5 1 39.582 5.882 38.943 5.066
272 5 1 39.590 5.843 38.951 5.027
273 5 1 39.589 5.804 38.950 4.988
274 5 1 39.587 5.766 38.948 4.949
275 5 1 39.596 5.727 38.957 4.910
276 5 1 39.594 5.688 38.955 4.872
277 5 1 39.593 5.659 38.954 4.843
278 5 1 39.601 5.620 38.962 4.804
279 5 1 39.600 5.582 38.961 4.765
280 5 1 39.598 5.543 38.959 4.727
281 5 1 39.597 5.505 38.958 4.688
282 5 1 39.595 5.466 38.956 4.650
283 5 1 39.594 5.427 38.955 4.611
284 5 1 39.592 5.389 38.954 4.572
285 5 1 39.591 5.350 38.952 4.534
286 5 1 39.589 5.302 38.950 4.486
287 5 1 39.588 5.263 38.949 4.447
288 5 1 39.577 5.225 38.938 4.409
289 5 1 39.575 5.177 38.936 4.360
290 5 1 39.564 5.139 38.925 4.322
291 5 1 39.562 5.100 38.923 4.284
292 5 1 39.561 5.062 38.922 4.245
293 5 1 39.559 5.023 38.921 4.206
294 5 1 39.558 4.984 38.919 4.168
295 5 1 39.557 4.955 38.918 4.139
296 5 1 39.556 4.917 38.917 4.100
297 5 1 39.564 4.888 38.925 4.071
298 5 1 39.563 4.849 38.924 4.032
299 5 1 39.571 4.810 38.932 3.993
300 5 1 39.579 4.771 38.940 3.954
301 5 1 39.578 4.742 38.939 3.925
302 5 1 39.586 4.703 38.947 3.887
303 5 1 39.594 4.664 38.955 3.848
304 5 1 39.593 4.626 38.954 3.809
305 5 1 39.601 4.587 38.962 3.770
306 5 1 39.619 4.547 38.980 3.731
307 5 1 39.627 4.508 38.988 3.692
0 6 1 35.433 18.305 34.734 17.502
1 6 1 35.454 18.333 34.724 17.493
2 6 1 35.462 18.284 34.732 17.444
3 6 1 35.529 18.262 34.796 17.345
4 6 1 35.519 18.253 34.787 17.355
5 6 1 35.518 18.234 34.786 17.335
6 6 1 35.536 18.194 34.804 17.296
7 6 1 35.589 18.076 34.839 17.178
8 6 1 35.578 18.018 34.811 17.208
9 6 1 35.578 18.018 34.859 17.216
10 6 1 35.578 18.037 34.849 17.187
11 6 1 35.536 17.952 34.843 17.023
12 6 1 35.545 17.923 34.825 17.062
13 6 1 35.545 17.913 34.848 16.916
14 6 1 35.552 17.855 34.841 16.975
15 6 1 35.503 17.847 34.790 16.919
16 6 1 35.502 17.818 34.791 16.938
17 6 1 35.530 17.788 34.819 16.908
18 6 1 35.481 17.761 34.769 16.881
19 6 1 35.489 17.712 34.777 16.832
20 6 1 35.439 17.685 34.728 16.805
21 6 1 35.486 17.635 34.774 16.755
22 6 1 35.475 17.606 34.764 16.726
23 6 1 35.492 17.557 34.781 16.677
24 6 1 35.472 17.529 34.761 16.649
25 6 1 35.480 17.480 34.769 16.600
26 6 1 35.470 17.471 34.759 16.591
27 6 1 35.478 17.422 34.766 16.542
28 6 1 35.486 17.393 34.775 16.513
29 6 1 35.494 17.344 34.783 16.464
30 6 1 35.504 17.334 34.792 16.454
31 6 1 35.511 17.285 34.800 16.405
32 6 1 35.501 17.256 34.789 16.376
33 6 1 35.528 17.207 34.817 16.327
34 6 1 35.517 17.178 34.806 16.298
35 6 1 35.525 17.130 34.814 16.249
36 6 1 35.534 17.100 34.822 16.220
37 6 1 35.561 17.051 34.849 16.170
38 6 1 35.606 16.961 34.776 16.290
39 6 1 35.551 17.051 34.831 16.191
40 6 1 35.570 17.040 34.850 16.180
41 6 1 35.550 17.012 34.829 16.152
42 6 1 35.652 16.901 34.830 15.900
43 6 1 35.652 16.892 34.886 15.849
44 6 1 35.619 16.806 34.898 15.926
45 6 1 35.618 16.777 34.897 15.897
46 6 1 35.618 16.767 34.897 15.888
47 6 1 35.636 16.718 34.915 15.838
48 6 1 35.615 16.690 34.894 15.810
49 6 1 35.633 16.641 34.912 15.761
50 6 1 35.632 16.612 34.911 15.732
51 6 1 35.630 16.564 34.909 15.684
52 6 1 35.629 16.535 34.908 15.655
53 6 1 35.627 16.486 34.906 15.606
54 6 1 35.626 16.457 34.905 15.577
55 6 1 35.625 16.428 34.904 15.548
56 6 1 35.624 16.399 34.903 15.519
57 6 1 35.641 16.350 34.920 15.470
58 6 1 35.660 16.340 34.939 15.460
59 6 1 35.639 16.292 34.918 15.412
60 6 1 35.657 16.262 34.936 15.382
61 6 1 35.656 16.233 34.935 15.353
62 6 1 35.655 16.204 34.934 15.324
63 6 1 35.673 16.155 34.952 15.275
64 6 1 35.692 16.145 34.971 15.265
65 6 1 35.670 16.097 34.950 15.217
66 6 1 35.708 16.066 34.987 15.187
67 6 1 35.706 16.018 34.985 15.138
68 6 1 35.724 15.988 35.004 15.108
69 6 1 35.703 15.941 34.982 15.061
70 6 1 35.741 15.910 35.020 15.030
71 6 1 35.740 15.881 35.019 15.001
72 6 1 35.758 15.851 35.037 14.971
73 6 1 35.737 15.804 35.016 14.924
74 6 1 35.775 15.773 35.054 14.893
75 6 1 35.773 15.744 35.053 14.864
76 6 1 35.772 15.715 35.052 14.835
77 6 1 35.791 15.685 35.070 14.805
78 6 1 35.770 15.657 35.049 14.777
79 6 1 35.788 15.627 35.068 14.747
80 6 1 35.768 15.599 35.047 14.719
81 6 1 35.786 15.569 35.065 14.689
82 6 1 35.766 15.541 35.045 14.661
83 6 1 35.783 15.492 35.063 14.612
84 6 1 35.763 15.464 35.042 14.584
85 6 1 35.761 15.416 35.040 14.536
86 6 1 35.760 15.387 35.039 14.507
87 6 1 35.759 15.358 35.038 14.478
88 6 1 35.738 15.310 35.017 14.430
89 6 1 35.717 15.282 34.997 14.402
90 6 1 35.736 15.252 35.015 14.372
91 6 1 35.687 15.244 34.942 14.491
92 6 1 35.669 15.294 34.949 14.423
93 6 1 35.673 15.129 34.929 14.405
94 6 1 35.656 15.197 34.936 14.337
95 6 1 35.655 15.168 34.935 14.308
96 6 1 35.653 15.120 34.933 14.259
97 6 1 35.652 15.091 34.932 14.230
98 6 1 35.650 15.043 34.930 14.182
99 6 1 35.649 15.014 34.929 14.153
100 6 1 35.668 14.984 34.947 14.123
101 6 1 35.685 14.935 34.965 14.074
102 6 1 35.664 14.887 34.944 14.026
103 6 1 35.682 14.857 34.962 13.997
104 6 1 35.680 14.809 34.960 13.948
105 6 1 35.679 14.780 34.959 13.919
106 6 1 35.677 14.732 34.957 13.871
107 6 1 35.676 14.703 34.956 13.842
108 6 1 35.675 14.654 34.954 13.794
109 6 1 35.674 14.645 34.954 13.784
110 6 1 35.672 14.596 34.952 13.736
111 6 1 35.672 14.587 34.952 13.726
112 6 1 35.670 14.538 34.950 13.678
113 6 1 35.669 14.509 34.949 13.649
114 6 1 35.668 14.480 34.948 13.619
115 6 1 35.667 14.451 34.947 13.590
116 6 1 35.666 14.422 34.946 13.561
117 6 1 35.666 14.413 34.945 13.552
118 6 1 35.664 14.364 34.944 13.503
119 6 1 35.690 14.286 34.976 13.328
120 6 1 35.688 14.238 34.977 13.367
121 6 1 35.678 14.219 34.967 13.348
122 6 1 35.686 14.180 34.975 13.309
123 6 1 35.676 14.161 34.965 13.290
124 6 1 35.684 14.122 34.973 13.251
125 6 1 35.654 14.104 34.943 13.232
126 6 1 35.662 14.064 34.951 13.193
127 6 1 35.652 14.046 34.941 13.174
128 6 1 35.660 14.006 34.949 13.135
129 6 1 35.650 13.988 34.939 13.116
130 6 1 35.658 13.948 34.947 13.077
131 6 1 35.647 13.930 34.937 13.058
132 6 1 35.656 13.910 34.946 13.039
133 6 1 35.665 13.890 34.955 13.019
134 6 1 35.674 13.851 34.963 12.980
135 6 1 35.663 13.832 34.952 12.961
136 6 1 35.672 13.812 34.961 12.941
137 6 1 35.681 13.793 34.970 12.921
138 6 1 35.689 13.754 34.979 12.882
139 6 1 35.679 13.735 34.968 12.863
140 6 1 35.707 13.695 34.996 12.824
141 6 1 35.696 13.676 34.985 12.805
142 6 1 35.705 13.656 34.994 12.785
143 6 1 35.714 13.636 35.003 12.765
144 6 1 35.722 13.597 35.011 12.726
145 6 1 35.712 13.578 35.001 12.707
146 6 1 35.721 13.559 35.010 12.687
147 6 1 35.710 13.520 34.999 12.649
148 6 1 35.719 13.501 35.008 12.629
149 6 1 35.728 13.481 35.017 12.610
150 6 1 35.737 13.461 35.026 12.590
151 6 1 35.725 13.423 35.015 12.552
152 6 1 35.734 13.403 35.024 12.532
153 6 1 35.724 13.384 35.013 12.513
154 6 1 35.733 13.365 35.022 12.493
155 6 1 35.722 13.326 35.011 12.455
156 6 1 35.731 13.307 35.020 12.435
157 6 1 35.720 13.268 35.009 12.397
158 6 1 35.729 13.249 35.018 12.377
159 6 1 35.717 13.210 35.007 12.339
160 6 1 35.706 13.172 34.996 12.301
161 6 1 35.695 13.134 34.984 12.262
162 6 1 35.704 13.114 34.993 12.243
163 6 1 35.693 13.076 34.982 12.204
164 6 1 35.702 13.056 34.991 12.185
165 6 1 35.691 13.018 34.980 12.146
166 6 1 35.700 12.998 34.989 12.127
167 6 1 35.708 12.959 34.997 12.088
168 6 1 35.716 12.920 35.005 12.049
169 6 1 35.706 12.901 34.995 12.030
170 6 1 35.714 12.862 35.003 11.991
171 6 1 35.722 12.823 35.012 11.952
172 6 1 35.731 12.784 35.020 11.912
173 6 1 35.719 12.746 35.009 11.874
174 6 1 35.747 12.706 35.036 11.834
175 6 1 35.736 12.668 35.025 11.796
176 6 1 35.763 12.628 35.053 11.756
177 6 1 35.772 12.589 35.061 11.717
178 6 1 35.779 12.530 35.068 11.659
179 6 1 35.787 12.491 35.077 11.620
180 6 1 35.796 12.452 35.085 11.581
181 6 1 35.804 12.413 35.093 11.542
182 6 1 35.812 12.374 35.101 11.503
183 6 1 35.820 12.335 35.110 11.464
184 6 1 35.829 12.296 35.118 11.424
185 6 1 35.817 12.258 35.107 11.386
186 6 1 35.826 12.238 35.116 11.366
187 6 1 35.815 12.200 35.105 11.328
188 6 1 35.823 12.161 35.113 11.289
189 6 1 35.832 12.122 35.121 11.250
190 6 1 35.821 12.083 35.110 11.212
191 6 1 35.809 12.045 35.099 11.174
192 6 1 35.818 12.006 35.107 11.134
193 6 1 35.807 11.968 35.096 11.096
194 6 1 35.815 11.929 35.104 11.057
195 6 1 35.784 11.891 35.074 11.020
196 6 1 35.792 11.833 35.081 10.961
197 6 1 35.781 11.795 35.070 10.923
198 6 1 35.790 11.775 35.079 10.903
199 6 1 35.779 11.737 35.068 10.865
200 6 1 35.787 11.698 35.076 10.826
201 6 1 35.776 11.679 35.066 10.807
202 6 1 35.785 11.640 35.074 10.768
203 6 1 35.774 11.601 35.063 10.730
204 6 1 35.782 11.562 35.071 10.691
205 6 1 35.771 11.524 35.060 10.652
206 6 1 35.799 11.503 35.088 10.632
207 6 1 35.788 11.465 35.077 10.594
208 6 1 35.796 11.426 35.085 10.554
209 6 1 35.804 11.387 35.094 10.515
210 6 1 35.832 11.347 35.121 10.476
211 6 1 35.840 11.308 35.129 10.437
212 6 1 35.848 11.250 35.137 10.378
213 6 1 35.856 11.211 35.145 10.339
214 6 1 35.883 11.171 35.173 10.299
215 6 1 35.873 11.152 35.162 10.280
216 6 1 35.900 11.112 35.190 10.241
217 6 1 35.716 11.091 35.140 10.194
218 6 1 35.783 11.078 35.082 10.206
219 6 1 35.782 11.040 35.080 10.167
220 6 1 35.800 11.020 35.099 10.147
221 6 1 35.818 10.980 35.117 10.108
222 6 1 35.797 10.942 35.096 10.070
223 6 1 35.815 10.903 35.114 10.031
224 6 1 35.814 10.864 35.113 9.992
225 6 1 35.812 10.825 35.111 9.953
226 6 1 35.811 10.787 35.110 9.915
227 6 1 35.809 10.748 35.108 9.876
228 6 1 35.808 10.710 35.107 9.837
229 6 1 35.806 10.652 35.105 9.779
230 6 1 35.804 10.613 35.103 9.741
231 6 1 35.803 10.574 35.102 9.702
232 6 1 35.801 10.536 35.100 9.663
233 6 1 35.800 10.497 35.099 9.625
234 6 1 35.818 10.457 35.117 9.585
235 6 1 35.836 10.418 35.135 9.546
236 6 1 35.815 10.380 35.114 9.508
237 6 1 35.833 10.341 35.132 9.468
238 6 1 35.831 10.302 35.130 9.430
239 6 1 35.830 10.263 35.129 9.391
240 6 1 35.829 10.225 35.128 9.352
241 6 1 35.847 10.205 35.146 9.332
242 6 1 35.865 10.165 35.164 9.293
243 6 1 35.864 10.127 35.163 9.254
244 6 1 35.913 10.154 35.172 9.244
245 6 1 35.990 10.131 35.268 9.221
246 6 1 35.951 10.133 35.245 9.135
247 6 1 35.948 10.065 35.248 9.193
248 6 1 35.947 10.027 35.246 9.154
249 6 1 35.918 10.028 35.222 9.020
250 6 1 35.963 9.948 35.322 8.851
251 6 1 35.970 9.851 35.294 8.891
252 6 1 35.936 9.727 35.303 8.871
253 6 1 35.946 9.736 35.284 8.872
254 6 1 35.945 9.707 35.283 8.843
255 6 1 35.954 9.688 35.292 8.823
256 6 1 35.953 9.659 35.291 8.794
257 6 1 35.951 9.620 35.289 8.756
258 6 1 35.950 9.591 35.288 8.727
259 6 1 35.940 9.572 35.278 8.708
260 6 1 35.939 9.543 35.277 8.679
261 6 1 35.937 9.495 35.275 8.630
262 6 1 35.926 9.466 35.264 8.602
263 6 1 35.924 9.418 35.262 8.553
264 6 1 35.914 9.389 35.252 8.525
265 6 1 35.912 9.341 35.250 8.476
266 6 1 35.911 9.312 35.249 8.447
267 6 1 35.909 9.273 35.247 8.409
268 6 1 35.898 9.245 35.237 8.380
269 6 1 35.897 9.216 35.235 8.351
270 6 1 35.896 9.177 35.234 8.313
271 6 1 35.895 9.148 35.233 8.284
272 6 1 35.894 9.119 35.232 8.255
273 6 1 35.892 9.080 35.230 8.216
274 6 1 35.891 9.051 35.229 8.187
275 6 1 35.890 9.022 35.228 8.158
276 6 1 35.889 8.984 35.227 8.119
277 6 1 35.897 8.945 35.235 8.080
278 6 1 35.905 8.906 35.243 8.041
279 6 1 35.904 8.867 35.242 8.003
280 6 1 35.912 8.828 35.250 7.963
281 6 1 35.920 8.789 35.258 7.924
282 6 1 35.919 8.750 35.257 7.886
283 6 1 35.917 8.712 35.255 7.847
284 6 1 35.926 8.682 35.264 7.818
285 6 1 35.925 8.653 35.263 7.789
286 6 1 35.923 8.615 35.261 7.750
287 6 1 35.922 8.586 35.260 7.721
288 6 1 35.921 8.566 35.260 7.702
289 6 1 35.920 8.537 35.258 7.673
290 6 1 35.919 8.499 35.257 7.634
291 6 1 35.918 8.470 35.256 7.605
292 6 1 35.917 8.450 35.255 7.586
293 6 1 35.916 8.421 35.254 7.557
294 6 1 35.905 8.383 35.243 7.519
295 6 1 35.903 8.344 35.242 7.480
296 6 1 35.892 8.306 35.230 7.442
297 6 1 35.881 8.268 35.219 7.403
298 6 1 35.870 8.230 35.208 7.365
299 6 1 35.869 8.201 35.207 7.336
300 6 1 35.858 8.172 35.196 7.307
301 6 1 35.857 8.133 35.195 7.269
302 6 1 35.846 8.095 35.184 7.230
303 6 1 35.845 8.066 35.183 7.201
304 6 1 35.844 8.047 35.182 7.182
305 6 1 35.843 8.018 35.181 7.153
306 6 1 35.851 7.979 35.189 7.114
307 6 1 35.850 7.940 35.188 7.075
0 7 1 38.300 19.130 37.363 18.387
1 7 1 38.300 19.130 37.349 18.261
2 7 1 38.301 19.139 37.350 18.281
3 7 1 38.307 19.052 37.404 18.182
4 7 1 38.273 18.928 37.379 18.028
5 7 1 38.264 18.938 37.396 17.969
6 7 1 38.272 18.899 37.378 18.009
7 7 1 38.261 18.861 37.397 17.988
8 7 1 38.240 18.823 37.405 17.949
9 7 1 38.230 18.813 37.395 17.930
10 7 1 38.240 18.803 37.375 17.931
11 7 1 38.248 18.774 37.384 17.902
12 7 1 38.238 18.745 37.373 17.873
13 7 1 38.229 18.523 37.391 17.834
14 7 1 38.238 18.494 37.388 17.757
15 7 1 38.265 18.435 37.349 17.739
16 7 1 38.282 18.376 37.347 17.700
17 7 1 38.253 18.377 37.348 17.720
18 7 1 38.261 18.348 37.357 17.700
19 7 1 38.241 18.329 37.374 17.631
20 7 1 38.231 18.301 37.351 17.536
21 7 1 38.211 18.292 37.360 17.535
22 7 1 38.209 18.244 37.359 17.487
23 7 1 38.233 18.117 37.350 17.255
24 7 1 38.222 18.069 37.342 17.294
25 7 1 38.249 18.010 37.371 17.312
26 7 1 38.248 18.000 37.381 17.302
27 7 1 38.181 18.003 37.370 17.283
28 7 1 38.160 17.975 37.379 17.263
29 7 1 38.132 17.986 37.348 17.216
30 7 1 38.120 17.928 37.319 17.198
31 7 1 38.145 17.831 37.345 17.110
32 7 1 38.152 17.753 37.374 17.119
33 7 1 38.132 17.734 37.316 17.111
34 7 1 38.139 17.676 37.333 17.062
35 7 1 38.176 17.616 37.351 17.023
36 7 1 38.251 17.565 37.329 16.956
37 7 1 38.270 17.535 37.328 16.927
38 7 1 38.154 17.559 37.347 16.917
39 7 1 38.192 17.529 37.356 16.897
40 7 1 38.182 17.510 37.344 16.849
41 7 1 38.210 17.489 37.369 16.732
42 7 1 38.218 17.450 37.350 16.742
43 7 1 38.208 17.451 37.349 16.704
44 7 1 38.214 17.344 37.306 16.589
45 7 1 38.236 17.401 37.353 16.549
46 7 1 38.233 17.324 37.384 16.605
47 7 1 38.260 17.284 37.372 16.557
48 7 1 38.248 17.226 37.349 16.462
49 7 1 38.188 17.171 37.400 16.527
50 7 1 38.206 17.141 37.418 16.497
51 7 1 38.306 17.224 37.433 16.371
52 7 1 38.254 17.120 37.466 16.476
53 7 1 38.224 17.082 37.435 16.439
54 7 1 38.312 16.866 37.399 16.227
55 7 1 38.340 16.836 37.421 16.052
56 7 1 38.320 16.827 37.431 16.052
57 7 1 38.260 16.762 37.472 16.118
58 7 1 38.279 16.751 37.450 16.061
59 7 1 38.297 16.721 37.463 16.138
60 7 1 38.269 16.742 37.481 16.108
61 7 1 38.267 16.703 37.480 16.069
62 7 1 38.324 16.662 37.472 15.857
63 7 1 38.340 16.584 37.472 15.876
64 7 1 38.367 16.515 37.489 15.798
65 7 1 38.345 16.458 37.442 15.829
66 7 1 38.287 16.451 37.499 15.817
67 7 1 38.295 16.412 37.507 15.778
68 7 1 38.294 16.383 37.506 15.749
69 7 1 38.302 16.334 37.514 15.700
70 7 1 38.311 16.315 37.539 15.573
71 7 1 38.310 16.286 37.528 15.545
72 7 1 38.356 16.235 37.505 15.439
73 7 1 38.373 16.157 37.502 15.362
74 7 1 38.371 16.109 37.479 15.266
75 7 1 38.378 16.041 37.499 15.304
76 7 1 38.318 15.986 37.540 15.351
77 7 1 38.326 15.946 37.548 15.312
78 7 1 38.324 15.898 37.546 15.263
79 7 1 38.333 15.859 37.555 15.224
80 7 1 38.502 15.997 37.637 15.095
81 7 1 38.508 15.900 37.665 15.084
82 7 1 38.496 15.833 37.674 15.055
83 7 1 38.522 15.755 37.644 15.037
84 7 1 38.520 15.706 37.661 14.968
85 7 1 38.537 15.638 37.640 14.931
86 7 1 38.554 15.589 37.680 14.948
87 7 1 38.542 15.522 37.706 14.880
88 7 1 38.601 15.538 37.677 14.890
89 7 1 38.572 15.530 37.663 14.775
90 7 1 38.598 15.471 37.660 14.688
91 7 1 38.576 15.394 37.657 14.601
92 7 1 38.555 15.347 37.647 14.592
93 7 1 38.603 15.326 37.673 14.513
94 7 1 38.602 15.306 37.667 14.359
95 7 1 38.591 15.278 37.692 14.513
96 7 1 38.600 15.268 37.688 14.397
97 7 1 38.571 15.259 37.658 14.359
98 7 1 38.570 15.230 37.648 14.369
99 7 1 38.577 15.162 37.654 14.272
100 7 1 38.542 15.009 37.650 14.147
101 7 1 38.577 14.911 37.687 14.107
102 7 1 38.596 14.891 37.701 13.980
103 7 1 38.612 14.803 37.674 14.030
104 7 1 38.583 14.804 37.635 14.022
105 7 1 38.493 14.731 37.715 14.096
106 7 1 38.588 14.688 37.641 13.925
107 7 1 38.614 14.610 37.636 13.789
108 7 1 38.651 14.550 37.644 13.731
109 7 1 38.688 14.500 37.660 13.663
110 7 1 38.609 14.474 37.642 13.673
111 7 1 38.510 14.392 37.732 13.756
112 7 1 38.507 14.314 37.729 13.679
113 7 1 38.495 14.257 37.717 13.622
114 7 1 38.414 14.173 37.644 13.470
115 7 1 38.413 14.134 37.645 13.499
116 7 1 38.401 14.067 37.633 13.432
117 7 1 38.388 13.990 37.620 13.355
119 7 1 38.401 13.826 37.614 12.939
120 7 1 38.355 13.624 37.615 12.958
121 7 1 38.364 13.605 37.606 12.969
122 7 1 38.364 13.595 37.500 12.731
123 7 1 38.343 13.557 37.498 12.673
124 7 1 38.329 13.451 37.478 12.655
125 7 1 38.278 13.366 37.519 12.730
126 7 1 38.200 13.080 37.306 12.468
127 7 1 38.197 13.002 37.295 12.420
128 7 1 38.196 12.973 37.309 12.275
129 7 1 38.185 12.945 37.350 12.079
130 7 1 38.206 12.992 37.378 11.788
131 7 1 38.190 12.829 37.337 11.741
132 7 1 38.186 12.713 37.288 11.724
133 7 1 38.095 12.610 37.299 11.762
134 7 1 38.071 12.495 37.313 11.878
135 7 1 38.210 12.335 37.175 11.554
136 7 1 38.118 12.203 37.218 11.398
137 7 1 38.019 12.130 37.167 11.332
138 7 1 38.037 12.100 37.165 11.284
139 7 1 37.975 11.996 37.217 11.379
140 7 1 37.992 11.937 37.117 11.034
141 7 1 37.961 11.871 37.087 11.007
142 7 1 37.898 11.748 37.140 11.130
143 7 1 37.876 11.662 37.118 11.044
144 7 1 37.884 11.623 36.996 10.652
145 7 1 37.869 11.488 36.978 10.672
146 7 1 37.894 11.371 37.021 10.526
147 7 1 37.832 11.276 36.965 10.576
148 7 1 37.773 11.231 37.014 10.613
149 7 1 37.770 11.163 37.012 10.545
150 7 1 37.874 11.091 37.004 10.072
151 7 1 37.854 11.073 37.004 10.072
152 7 1 37.863 11.053 37.000 9.965
153 7 1 37.833 11.035 37.016 9.887
154 7 1 37.824 11.045 36.967 9.860
155 7 1 37.791 10.959 36.955 9.803
156 7 1 37.819 10.919 36.954 9.774
157 7 1 37.819 10.668 36.959 9.899
158 7 1 37.784 10.756 37.009 9.684
159 7 1 37.757 10.564 36.996 9.617
160 7 1 37.764 10.496 36.962 9.464
161 7 1 37.777 10.321 36.952 9.455
162 7 1 37.735 10.217 36.900 9.379
163 7 1 37.706 10.218 36.879 9.322
164 7 1 37.705 10.198 36.876 9.254
165 7 1 37.697 10.237 36.884 9.206
166 7 1 37.650 10.278 36.860 9.062
167 7 1 37.650 10.017 36.901 9.399
168 7 1 37.638 9.950 36.889 9.331
169 7 1 37.623 10.086 36.648 8.838
170 7 1 37.668 9.997 36.795 8.890
171 7 1 37.693 9.870 36.763 8.814
172 7 1 37.605 9.864 36.857 9.246
173 7 1 37.590 9.710 36.804 8.880
174 7 1 37.616 9.631 36.615 8.723
175 7 1 37.495 9.491 36.746 8.873
176 7 1 37.581 9.459 36.564 8.667
177 7 1 37.442 9.368 36.693 8.749
178 7 1 37.440 9.319 36.691 8.701
179 7 1 37.428 9.262 36.679 8.643
180 7 1 37.516 9.287 36.733 8.535
181 7 1 37.494 9.220 36.746 8.602
182 7 1 37.451 9.096 36.747 8.370
183 7 1 37.468 9.038 36.729 8.419
184 7 1 37.466 8.980 36.727 8.361
185 7 1 37.464 8.922 36.725 8.303
186 7 1 37.462 8.874 36.723 8.254
187 7 1 37.460 8.825 36.721 8.206
188 7 1 37.468 8.777 36.729 8.157
189 7 1 37.476 8.728 36.737 8.109
190 7 1 37.464 8.680 36.725 8.061
191 7 1 37.463 8.632 36.724 8.013
193 7 1 37.453 8.622 36.713 8.003
194 7 1 37.451 8.593 36.712 7.974
195 7 1 37.482 8.380 36.720 7.655
196 7 1 37.461 8.332 36.722 7.713
197 7 1 37.459 8.284 36.720 7.664
198 7 1 37.447 8.226 36.708 7.607
199 7 1 37.445 8.168 36.706 7.549
200 7 1 37.434 8.120 36.695 7.501
201 7 1 37.422 8.072 36.683 7.453
202 7 1 37.420 8.024 36.681 7.405
203 7 1 37.409 7.967 36.670 7.347
204 7 1 37.397 7.919 36.658 7.299
205 7 1 37.405 7.870 36.666 7.251
206 7 1 37.394 7.822 36.655 7.203
207 7 1 37.392 7.774 36.653 7.154
208 7 1 37.390 7.725 36.651 7.106
209 7 1 37.388 7.677 36.649 7.058
210 7 1 37.386 7.629 36.647 7.010
211 7 1 37.394 7.571 36.655 6.951
212 7 1 37.382 7.523 36.643 6.903
213 7 1 37.390 7.464 36.651 6.845
214 7 1 37.378 7.416 36.639 6.797
215 7 1 37.386 7.358 36.647 6.739
216 7 1 37.374 7.301 36.635 6.681
217 7 1 37.382 7.252 36.643 6.632
218 7 1 37.380 7.204 36.641 6.584
219 7 1 37.378 7.155 36.639 6.536
220 7 1 37.386 7.107 36.647 6.487
221 7 1 37.394 7.058 36.655 6.439
222 7 1 37.383 7.010 36.643 6.391
223 7 1 37.390 6.962 36.651 6.342
224 7 1 37.379 6.914 36.640 6.294
225 7 1 37.377 6.865 36.638 6.246
226 7 1 37.375 6.817 36.636 6.197
227 7 1 37.374 6.769 36.634 6.149
228 7 1 37.371 6.711 36.632 6.091
229 7 1 37.370 6.663 36.630 6.043
230 7 1 37.397 6.613 36.596 5.909
231 7 1 37.366 6.566 36.627 5.946
232 7 1 37.486 6.919 36.592 5.793
233 7 1 37.344 6.509 36.605 5.889
234 7 1 37.343 6.461 36.604 5.841
235 7 1 37.331 6.413 36.592 5.793
236 7 1 37.320 6.374 36.581 5.755
237 7 1 37.318 6.326 36.579 5.706
238 7 1 37.316 6.278 36.577 5.658
239 7 1 37.315 6.239 36.576 5.619
240 7 1 37.313 6.191 36.574 5.571
241 7 1 37.312 6.152 36.573 5.532
242 7 1 37.310 6.104 36.571 5.484
243 7 1 37.308 6.056 36.569 5.436
244 7 1 37.306 6.007 36.567 5.388
245 7 1 37.305 5.959 36.565 5.339
246 7 1 37.293 5.911 36.554 5.291
247 7 1 37.281 5.854 36.542 5.234
248 7 1 37.279 5.805 36.540 5.185
249 7 1 37.278 5.757 36.539 5.137
250 7 1 37.276 5.709 36.537 5.089
251 7 1 37.274 5.670 36.535 5.050
252 7 1 37.273 5.632 36.534 5.012
253 7 1 37.271 5.583 36.532 4.963
254 7 1 37.279 5.544 36.540 4.924
255 7 1 37.278 5.506 36.539 4.886
256 7 1 37.276 5.457 36.537 4.837
257 7 1 37.265 5.419 36.526 4.799
258 7 1 37.264 5.380 36.524 4.760
259 7 1 37.262 5.332 36.523 4.712
260 7 1 37.260 5.294 36.521 4.674
261 7 1 37.258 5.245 36.519 4.625
262 7 1 37.286 5.206 36.469 4.559
263 7 1 37.247 5.188 36.508 4.568
264 7 1 37.245 5.139 36.506 4.519
265 7 1 37.233 5.092 36.494 4.471
266 7 1 37.232 5.053 36.493 4.433
267 7 1 37.230 5.005 36.491 4.384
268 7 1 37.136 5.086 36.399 4.262
269 7 1 37.142 4.979 36.413 4.358
270 7 1 37.141 4.940 36.411 4.320
271 7 1 37.130 4.902 36.400 4.281
272 7 1 37.128 4.854 36.398 4.233
273 7 1 37.126 4.815 36.397 4.195
274 7 1 37.125 4.777 36.395 4.156
275 7 1 37.123 4.738 36.394 4.117
276 7 1 37.122 4.699 36.392 4.079
277 7 1 37.121 4.661 36.391 4.040
278 7 1 37.119 4.612 36.389 3.992
279 7 1 37.117 4.564 36.387 3.943
280 7 1 37.105 4.516 36.376 3.895
281 7 1 37.104 4.468 36.374 3.847
282 7 1 37.102 4.429 36.373 3.809
283 7 1 37.101 4.391 36.371 3.770
284 7 1 37.099 4.352 36.370 3.731
285 7 1 37.098 4.313 36.368 3.693
286 7 1 37.106 4.274 36.377 3.654
287 7 1 37.115 4.245 36.385 3.624
289 7 1 37.167 4.098 36.350 3.452
290 7 1 37.118 4.081 36.389 3.460
291 7 1 37.117 4.052 36.388 3.431
292 7 1 37.125 4.013 36.396 3.392
293 7 1 37.124 3.974 36.394 3.353
294 7 1 37.122 3.926 36.393 3.305
295 7 1 37.121 3.887 36.391 3.266
296 7 1 37.119 3.848 36.390 3.228
297 7 1 37.108 3.800 36.378 3.180
298 7 1 37.106 3.762 36.377 3.141
299 7 1 37.105 3.723 36.375 3.102
300 7 1 37.094 3.685 36.364 3.064
301 7 1 37.092 3.646 36.363 3.025
302 7 1 37.081 3.608 36.352 2.987
303 7 1 37.080 3.579 36.351 2.958
304 7 1 37.069 3.541 36.339 2.920
305 7 1 37.058 3.503 36.328 2.882
306 7 1 37.057 3.474 36.327 2.853
307 7 1 37.046 3.435 36.316 2.814
0 9 2 21.745 11.476 20.021 10.718
1 9 2 21.795 11.504 19.991 10.709
2 9 2 21.969 11.438 20.061 10.745
3 9 2 22.028 11.455 20.168 10.722
4 9 2 22.145 11.451 20.238 10.738
5 9 2 22.116 11.452 20.306 10.726
6 9 2 22.203 11.429 20.414 10.731
7 9 2 22.252 11.417 20.462 10.720
8 9 2 22.378 11.402 20.531 10.727
9 9 2 22.359 11.403 20.531 10.717
10 9 2 22.635 11.450 20.768 10.776
11 9 2 22.587 11.482 20.827 10.764
12 9 2 22.663 11.430 20.884 10.732
13 9 2 22.838 11.403 20.943 10.739
14 9 2 22.770 11.416 21.004 10.795
15 9 2 22.802 11.473 21.053 10.793
16 9 2 22.821 11.453 21.034 10.794
17 9 2 22.995 11.407 21.218 10.758
18 9 2 23.073 11.404 21.267 10.756
19 9 2 23.092 11.393 21.237 10.737
20 9 2 23.229 11.397 21.287 10.755
21 9 2 23.141 11.391 21.365 10.742
22 9 2 23.347 11.393 21.571 10.753
23 9 2 23.455 11.408 21.707 10.729
24 9 2 23.514 11.415 21.775 10.716
25 9 2 23.716 11.339 21.892 10.692
26 9 2 23.774 11.327 21.990 10.698
27 9 2 23.805 11.355 22.086 10.655
28 9 2 23.931 11.340 22.146 10.672
29 9 2 23.932 11.360 22.175 10.661
30 9 2 23.892 11.332 22.215 10.689
31 9 2 23.988 11.299 22.274 10.706
32 9 2 23.930 11.311 22.401 10.701
33 9 2 24.105 11.285 22.459 10.669
34 9 2 24.244 11.328 22.506 10.629
35 9 2 24.322 11.324 22.632 10.604
36 9 2 24.526 11.307 22.770 10.628
37 9 2 24.486 11.279 22.791 10.647
38 9 2 24.476 11.270 22.781 10.657
39 9 2 24.622 11.254 22.849 10.634
40 9 2 24.680 11.242 22.939 10.680
41 9 2 24.738 11.230 23.016 10.647
42 9 2 24.798 11.247 23.190 10.601
43 9 2 24.972 11.201 23.222 10.668
44 9 2 24.992 11.230 23.318 10.616
45 9 2 25.128 11.205 23.407 10.641
46 9 2 25.147 11.175 23.514 10.637
47 9 2 25.448 11.134 23.562 10.606
48 9 2 25.389 11.136 23.620 10.604
49 9 2 25.361 11.166 23.679 10.601
50 9 2 25.458 11.133 23.784 10.539
51 9 2 25.488 11.161 23.922 10.563
52 9 2 25.526 11.130 23.874 10.584
53 9 2 25.604 11.127 23.952 10.581
54 9 2 25.682 11.124 24.030 10.578
55 9 2 25.740 11.103 24.088 10.556
56 9 2 25.798 11.100 24.146 10.554
57 9 2 25.896 11.096 24.244 10.550
58 9 2 25.954 11.094 24.303 10.547
59 9 2 26.051 11.071 24.399 10.524
60 9 2 26.109 11.068 24.458 10.522
61 9 2 26.187 11.065 24.536 10.519
62 9 2 26.265 11.062 24.614 10.516
63 9 2 26.343 11.059 24.692 10.513
64 9 2 26.420 11.036 24.769 10.490
65 9 2 26.498 11.033 24.847 10.487
66 9 2 26.576 11.030 24.926 10.484
67 9 2 26.654 11.027 25.004 10.481
68 9 2 26.732 11.024 25.082 10.478
69 9 2 26.810 11.021 25.160 10.475
70 9 2 26.907 11.017 25.257 10.471
71 9 2 26.966 11.015 25.316 10.468
72 9 2 27.063 11.011 25.413 10.464
73 9 2 27.141 11.008 25.491 10.461
74 9 2 27.219 11.005 25.569 10.458
75 9 2 27.316 11.001 25.667 10.454
76 9 2 27.414 10.997 25.764 10.451
77 9 2 27.491 10.994 25.842 10.447
78 9 2 27.569 10.990 25.920 10.444
79 9 2 27.647 10.987 25.998 10.441
80 9 2 27.745 11.003 26.096 10.457
81 9 2 27.843 10.999 26.194 10.453
82 9 2 27.901 10.997 26.252 10.451
83 9 2 28.018 10.992 26.369 10.446
84 9 2 28.096 11.008 26.448 10.462
85 9 2 28.174 11.005 26.526 10.459
86 9 2 28.271 11.001 26.623 10.455
87 9 2 28.479 11.071 26.630 10.387
88 9 2 28.369 10.997 26.720 10.451
89 9 2 28.446 10.994 26.798 10.448
90 9 2 28.544 10.990 26.896 10.444
91 9 2 28.602 10.988 26.954 10.442
92 9 2 28.700 11.004 27.052 10.458
93 9 2 28.778 11.000 27.130 10.455
94 9 2 28.875 10.997 27.227 10.451
95 9 2 28.972 10.993 27.325 10.447
96 9 2 29.051 11.009 27.403 10.463
97 9 2 29.129 11.006 27.481 10.460
98 9 2 29.226 11.002 27.579 10.456
99 9 2 29.323 10.998 27.676 10.452
100 9 2 29.401 10.995 27.754 10.449
101 9 2 29.480 11.021 27.833 10.475
102 9 2 29.576 11.007 27.930 10.462
103 9 2 29.674 11.003 28.027 10.458
104 9 2 29.752 11.010 28.105 10.464
105 9 2 29.830 11.017 28.183 10.471
106 9 2 29.927 11.013 28.281 10.467
107 9 2 29.995 11.020 28.349 10.474
108 9 2 30.103 11.025 28.456 10.479
109 9 2 30.180 11.022 28.534 10.476
110 9 2 30.268 11.018 28.622 10.473
111 9 2 30.375 11.014 28.729 10.469
112 9 2 30.453 11.030 28.807 10.485
113 9 2 30.531 11.027 28.885 10.482
114 9 2 30.608 11.024 28.963 10.479
115 9 2 30.706 11.040 29.061 10.494
116 9 2 30.803 11.036 29.158 10.490
117 9 2 30.861 11.033 29.216 10.488
118 9 2 30.959 11.030 29.314 10.484
119 9 2 31.036 11.026 29.391 10.481
120 9 2 31.114 11.023 29.469 10.478
121 9 2 31.212 11.039 29.567 10.493
122 9 2 31.309 11.035 29.664 10.490
123 9 2 31.367 11.033 29.722 10.487
124 9 2 31.464 11.029 29.820 10.483
125 9 2 31.542 11.026 29.897 10.480
126 9 2 31.619 11.022 29.975 10.477
127 9 2 31.697 11.019 30.053 10.474
128 9 2 31.774 11.016 30.131 10.471
129 9 2 31.852 11.013 30.208 10.468
130 9 2 31.949 11.009 30.305 10.464
131 9 2 32.046 11.005 30.402 10.460
132 9 2 32.104 11.003 30.461 10.458
133 9 2 32.201 10.999 30.558 10.454
134 9 2 32.259 10.997 30.616 10.452
135 9 2 32.356 10.993 30.713 10.448
136 9 2 32.434 10.990 30.791 10.445
137 9 2 32.512 10.987 30.869 10.442
138 9 2 32.589 10.984 30.946 10.439
139 9 2 32.666 10.961 31.023 10.416
140 9 2 32.743 10.958 31.101 10.413
141 9 2 32.821 10.965 31.108 10.335
142 9 2 32.781 10.918 31.138 10.373
143 9 2 32.858 10.915 31.216 10.370
144 9 2 32.935 10.892 31.293 10.347
145 9 2 33.013 10.889 31.370 10.344
146 9 2 33.090 10.867 31.447 10.322
147 9 2 33.167 10.864 31.525 10.319
148 9 2 33.245 10.860 31.603 10.315
149 9 2 33.321 10.838 31.679 10.293
150 9 2 33.399 10.835 31.757 10.290
151 9 2 33.476 10.812 31.834 10.267
152 9 2 33.573 10.809 31.931 10.264
153 9 2 33.669 10.785 32.027 10.240
154 9 2 33.746 10.782 32.105 10.237
155 9 2 33.823 10.760 32.182 10.215
156 9 2 33.920 10.756 32.279 10.211
157 9 2 34.261 10.800 32.547 10.123
158 9 2 34.290 10.809 32.694 10.146
159 9 2 34.297 10.741 32.666 10.196
160 9 2 34.384 10.718 32.753 10.173
161 9 2 34.490 10.714 32.860 10.169
162 9 2 34.577 10.691 32.946 10.146
163 9 2 34.683 10.687 33.053 10.142
164 9 2 34.770 10.664 33.139 10.119
165 9 2 34.876 10.660 33.246 10.114
166 9 2 34.867 10.689 33.239 9.931
167 9 2 35.051 10.682 33.374 9.906
168 9 2 35.159 10.716 33.493 9.979
169 9 2 35.284 10.682 33.627 9.925
170 9 2 35.286 10.740 33.772 9.910
171 9 2 35.285 10.711 33.781 9.900
172 9 2 35.497 10.693 33.820 9.898
173 9 2 35.740 10.703 34.013 9.871
174 9 2 35.834 10.621 34.120 9.876
175 9 2 35.891 10.590 34.284 9.860
176 9 2 35.877 10.494 34.277 9.948
177 9 2 35.926 10.763 34.565 9.868
178 9 2 36.036 10.584 34.446 10.038
179 9 2 36.143 10.599 34.553 10.053
180 9 2 36.268 10.594 34.679 10.048
181 9 2 36.375 10.609 34.786 10.063
182 9 2 36.615 10.813 35.113 10.011
183 9 2 36.639 10.676 35.060 10.130
184 9 2 36.737 10.692 35.157 10.145
185 9 2 36.920 10.946 35.521 10.024
186 9 2 36.990 10.749 35.421 10.202
187 9 2 37.202 10.983 35.766 10.101
188 9 2 37.254 10.806 35.694 10.259
189 9 2 37.352 10.841 35.792 10.294
190 9 2 37.433 11.215 36.111 10.281
191 9 2 37.490 11.445 36.115 10.117
192 9 2 37.645 11.448 36.133 10.068
193 9 2 37.522 10.989 35.972 10.442
194 9 2 37.629 11.024 36.080 10.476
195 9 2 37.757 11.076 36.208 10.529
196 9 2 38.143 11.583 36.426 10.153
197 9 2 38.078 11.373 36.633 10.512
198 9 2 38.120 11.217 36.581 10.669
199 9 2 38.237 11.250 36.698 10.703
200 9 2 38.588 11.845 36.915 10.539
201 9 2 38.345 11.275 36.806 10.728
202 9 2 38.462 11.309 36.923 10.762
203 9 2 38.579 11.343 37.041 10.796
204 9 2 38.696 11.377 37.158 10.830
205 9 2 38.833 11.410 37.295 10.863
206 9 2 38.969 11.443 37.431 10.896
207 9 2 39.545 11.855 37.876 11.139
208 9 2 39.549 11.952 38.122 11.004
209 9 2 39.589 11.747 38.061 11.200
210 9 2 39.752 11.972 38.212 11.077
211 9 2 40.060 11.931 38.264 11.191
212 9 2 39.911 11.831 38.384 11.283
213 9 2 40.283 11.970 38.678 11.136
214 9 2 40.229 11.827 38.702 11.280
215 9 2 40.355 11.842 38.829 11.294
216 9 2 40.857 11.831 39.029 11.228
217 9 2 40.691 11.799 39.165 11.252
218 9 2 40.817 11.794 39.290 11.247
219 9 2 41.300 11.832 39.453 11.192
220 9 2 41.416 11.818 39.616 11.185
221 9 2 41.454 11.816 39.703 11.172
222 9 2 41.357 11.801 39.858 11.195
223 9 2 41.365 11.762 39.849 11.215
224 9 2 41.500 11.757 39.984 11.209
225 9 2 41.635 11.751 40.119 11.204
226 9 2 41.789 11.745 40.273 11.198
227 9 2 41.924 11.739 40.408 11.192
228 9 2 42.058 11.734 40.543 11.187
229 9 2 42.211 11.708 40.697 11.161
230 9 2 42.345 11.684 40.831 11.136
231 9 2 42.481 11.697 40.966 11.150
232 9 2 42.634 11.672 41.120 11.125
233 9 2 42.769 11.667 41.254 11.119
234 9 2 42.903 11.661 41.389 11.114
235 9 2 43.057 11.655 41.543 11.108
236 9 2 43.211 11.649 41.697 11.102
237 9 2 43.345 11.624 41.831 11.077
238 9 2 43.479 11.599 41.965 11.052
239 9 2 43.652 11.611 42.139 11.064
240 9 2 43.786 11.587 42.273 11.040
241 9 2 43.940 11.580 42.427 11.034
242 9 2 44.094 11.574 42.581 11.027
243 9 2 44.247 11.568 42.735 11.021
244 9 2 44.401 11.562 42.889 11.015
245 9 2 44.536 11.556 43.023 11.010
246 9 2 44.670 11.551 43.158 11.004
247 9 2 44.824 11.545 43.312 10.998
248 9 2 44.977 11.539 43.466 10.992
249 9 2 45.112 11.533 43.600 10.986
250 9 2 45.643 11.618 43.782 10.960
251 9 2 45.836 11.619 43.918 10.983
252 9 2 45.613 11.571 44.102 11.024
253 9 2 45.747 11.565 44.236 11.019
254 9 2 45.901 11.559 44.390 11.012
255 9 2 46.055 11.572 44.545 11.026
256 9 2 46.190 11.586 44.680 11.039
257 9 2 46.304 11.562 44.794 11.015
258 9 2 46.439 11.576 44.929 11.029
259 9 2 46.593 11.570 45.083 11.023
260 9 2 46.746 11.563 45.237 11.017
261 9 2 46.881 11.577 45.372 11.031
262 9 2 47.016 11.591 45.507 11.045
263 9 2 47.169 11.585 45.660 11.038
264 9 2 47.303 11.579 45.795 11.033
265 9 2 47.418 11.575 45.910 11.028
266 9 2 47.553 11.569 46.044 11.023
267 9 2 47.707 11.582 46.198 11.036
268 9 2 47.861 11.595 46.352 11.049
269 9 2 48.245 11.618 46.528 10.859
270 9 2 48.126 11.507 46.618 10.961
271 9 2 48.260 11.502 46.752 10.956
272 9 2 48.375 11.497 46.867 10.951
273 9 2 48.510 11.511 47.002 10.965
274 9 2 48.663 11.524 47.156 10.978
275 9 2 48.797 11.499 47.290 10.954
276 9 2 48.912 11.514 47.405 10.968
277 9 2 49.046 11.509 47.539 10.963
278 9 2 49.199 11.502 47.693 10.957
279 9 2 49.333 11.497 47.827 10.951
280 9 2 49.448 11.492 47.942 10.947
281 9 2 49.582 11.487 48.076 10.941
282 9 2 49.735 11.481 48.229 10.935
283 9 2 49.888 11.474 48.382 10.929
284 9 2 50.022 11.469 48.516 10.923
285 9 2 50.137 11.464 48.631 10.919
286 9 2 50.270 11.440 48.764 10.894
287 9 2 50.423 11.453 48.918 10.907
288 9 2 50.557 11.428 49.052 10.883
289 9 2 50.671 11.424 49.166 10.878
290 9 2 50.786 11.419 49.281 10.873
291 9 2 50.919 11.394 49.414 10.849
292 9 2 51.071 11.369 49.567 10.823
293 9 2 51.205 11.363 49.701 10.818
294 9 2 51.319 11.340 49.815 10.794
295 9 2 51.432 11.296 49.928 10.751
296 9 2 51.565 11.272 50.061 10.726
297 9 2 51.718 11.266 50.214 10.720
298 9 2 51.851 11.241 50.347 10.696
299 9 2 51.964 11.198 50.460 10.653
300 9 2 52.078 11.174 50.574 10.629
301 9 2 52.211 11.150 50.707 10.604
302 9 2 52.362 11.105 50.859 10.560
303 9 2 52.476 11.081 50.973 10.536
304 9 2 52.590 11.077 51.088 10.531
305 9 2 52.723 11.052 51.221 10.507
306 9 2 52.836 11.009 51.334 10.464
307 9 2 52.950 10.985 51.448 10.440
