0 0 1 36.879 10.122 35.828 9.363
1 0 1 36.907 10.150 35.809 9.354
2 0 1 36.861 10.132 35.762 9.336
3 0 1 36.814 10.151 35.716 9.355
4 0 1 36.758 10.142 35.660 9.346
5 0 1 36.721 10.143 35.622 9.347
6 0 1 36.665 10.144 35.566 9.347
7 0 1 36.628 10.153 35.529 9.357
8 0 1 36.600 10.135 35.501 9.339
9 0 1 36.553 10.154 35.454 9.358
10 0 1 36.516 10.164 35.417 9.368
11 0 1 36.422 10.035 35.323 9.238
12 0 1 36.423 10.165 35.324 9.369
13 0 1 36.386 10.166 35.287 9.369
14 0 1 36.368 10.212 35.268 9.416
15 0 1 36.311 10.194 35.212 9.398
16 0 1 36.274 10.204 35.175 9.408
17 0 1 36.228 10.205 35.128 9.408
18 0 1 36.181 10.205 35.082 9.409
19 0 1 36.125 10.197 35.026 9.400
20 0 1 36.088 10.188 34.988 9.391
21 0 1 36.032 10.179 34.932 9.383
22 0 1 35.994 10.170 34.895 9.374
23 0 1 35.938 10.171 34.839 9.374
24 0 1 35.901 10.172 34.801 9.375
25 0 1 35.864 10.200 34.764 9.403
26 0 1 35.827 10.191 34.727 9.394
27 0 1 35.789 10.201 34.690 9.404
28 0 1 35.752 10.211 34.652 9.414
29 0 1 35.715 10.211 34.615 9.414
30 0 1 35.678 10.212 34.578 9.415
31 0 1 35.640 10.221 34.541 9.425
32 0 1 35.584 10.222 34.484 9.425
33 0 1 35.547 10.241 34.447 9.444
34 0 1 35.491 10.223 34.391 9.426
35 0 1 35.435 10.243 34.335 9.446
36 0 1 35.398 10.252 34.298 9.455
37 0 1 35.342 10.281 34.242 9.484
38 0 1 35.305 10.272 34.205 9.475
39 0 1 35.268 10.282 34.167 9.485
40 0 1 35.211 10.264 34.111 9.467
41 0 1 35.174 10.274 34.074 9.477
42 0 1 35.137 10.293 34.037 9.496
43 0 1 35.100 10.293 33.999 9.496
44 0 1 35.063 10.312 33.962 9.515
45 0 1 35.025 10.322 33.925 9.525
46 0 1 34.988 10.332 33.888 9.535
47 0 1 34.932 10.333 33.831 9.535
48 0 1 34.895 10.333 33.794 9.536
49 0 1 34.839 10.343 33.738 9.546
50 0 1 34.783 10.334 33.682 9.537
51 0 1 34.727 10.344 33.626 9.547
52 0 1 34.689 10.326 33.588 9.529
53 0 1 34.633 10.327 33.532 9.530
54 0 1 34.596 10.318 33.495 9.521
55 0 1 34.539 10.309 33.439 9.512
56 0 1 34.502 10.310 33.401 9.513
57 0 1 34.465 10.329 33.364 9.532
58 0 1 34.427 10.311 33.326 9.513
59 0 1 34.390 10.330 33.289 9.532
60 0 1 34.353 10.321 33.252 9.524
61 0 1 34.315 10.331 33.214 9.533
62 0 1 34.259 10.332 33.158 9.534
63 0 1 34.203 10.351 33.102 9.553
64 0 1 34.166 10.333 33.065 9.535
65 0 1 34.129 10.352 33.027 9.554
66 0 1 34.073 10.343 32.971 9.546
67 0 1 34.035 10.372 32.934 9.574
68 0 1 33.979 10.354 32.878 9.556
69 0 1 33.923 10.392 32.822 9.594
70 0 1 33.886 10.374 32.784 9.576
71 0 1 33.849 10.393 32.747 9.595
72 0 1 33.793 10.403 32.691 9.605
73 0 1 33.755 10.412 32.653 9.615
74 0 1 33.718 10.394 32.616 9.596
75 0 1 33.680 10.413 32.579 9.616
76 0 1 33.643 10.423 32.541 9.625
77 0 1 33.587 10.424 32.485 9.626
78 0 1 33.531 10.425 32.429 9.627
79 0 1 33.475 10.435 32.373 9.637
80 0 1 33.419 10.426 32.317 9.628
81 0 1 33.381 10.436 32.279 9.638
82 0 1 33.325 10.427 32.223 9.629
83 0 1 33.288 10.428 32.185 9.630
84 0 1 33.231 10.428 32.129 9.630
85 0 1 33.175 10.410 32.073 9.612
86 0 1 33.119 10.392 32.016 9.594
87 0 1 33.081 10.402 31.979 9.604
88 0 1 33.044 10.393 31.942 9.595
89 0 1 33.007 10.394 31.904 9.596
90 0 1 32.969 10.394 31.867 9.596
91 0 1 32.913 10.404 31.810 9.606
92 0 1 32.857 10.386 31.754 9.588
93 0 1 32.819 10.405 31.717 9.607
94 0 1 32.763 10.387 31.660 9.589
95 0 1 32.707 10.397 31.604 9.599
96 0 1 32.670 10.417 31.567 9.618
97 0 1 32.614 10.427 31.511 9.628
98 0 1 32.576 10.408 31.473 9.610
99 0 1 32.520 10.428 31.417 9.629
100 0 1 32.482 10.419 31.379 9.620
101 0 1 32.426 10.420 31.323 9.621
102 0 1 32.389 10.420 31.286 9.622
103 0 1 32.351 10.430 31.248 9.631
104 0 1 32.314 10.412 31.210 9.613
105 0 1 32.258 10.431 31.154 9.632
106 0 1 32.220 10.422 31.117 9.624
107 0 1 32.164 10.423 31.060 9.624
108 0 1 32.126 10.423 31.023 9.625
109 0 1 32.070 10.433 30.967 9.635
110 0 1 32.033 10.415 30.929 9.616
111 0 1 31.995 10.416 30.892 9.617
112 0 1 31.939 10.407 30.835 9.608
113 0 1 31.901 10.398 30.798 9.599
114 0 1 31.863 10.371 30.760 9.572
115 0 1 31.807 10.362 30.703 9.563
116 0 1 31.769 10.334 30.666 9.536
117 0 1 31.732 10.326 30.628 9.527
118 0 1 31.694 10.317 30.591 9.518
119 0 1 31.657 10.317 30.553 9.518
120 0 1 31.619 10.318 30.515 9.519
121 0 1 31.582 10.299 30.478 9.500
122 0 1 31.544 10.300 30.440 9.501
123 0 1 31.507 10.310 30.403 9.511
124 0 1 31.450 10.301 30.346 9.502
125 0 1 31.413 10.283 30.309 9.484
126 0 1 31.375 10.283 30.271 9.484
127 0 1 31.337 10.265 30.233 9.466
128 0 1 31.281 10.266 30.177 9.467
129 0 1 31.244 10.257 30.139 9.458
130 0 1 31.206 10.267 30.102 9.468
131 0 1 31.169 10.267 30.064 9.468
132 0 1 31.131 10.268 30.027 9.468
133 0 1 31.094 10.277 29.989 9.478
134 0 1 31.037 10.278 29.933 9.479
135 0 1 31.000 10.297 29.896 9.498
136 0 1 30.962 10.288 29.858 9.489
137 0 1 30.925 10.289 29.820 9.490
138 0 1 30.868 10.289 29.764 9.490
139 0 1 30.831 10.281 29.726 9.481
140 0 1 30.774 10.272 29.670 9.473
141 0 1 30.737 10.282 29.632 9.482
142 0 1 30.699 10.273 29.595 9.474
143 0 1 30.643 10.264 29.538 9.465
144 0 1 30.605 10.237 29.501 9.437
145 0 1 30.549 10.228 29.444 9.429
146 0 1 30.511 10.200 29.406 9.401
147 0 1 30.455 10.182 29.350 9.383
148 0 1 30.417 10.155 29.312 9.355
149 0 1 30.379 10.165 29.274 9.365
150 0 1 30.342 10.156 29.237 9.356
151 0 1 30.304 10.175 29.199 9.375
152 0 1 30.267 10.157 29.162 9.357
153 0 1 30.229 10.167 29.124 9.367
154 0 1 30.173 10.167 29.068 9.368
155 0 1 30.135 10.158 29.030 9.359
156 0 1 30.097 10.149 28.992 9.350
157 0 1 30.041 10.160 28.936 9.360
158 0 1 30.003 10.141 28.898 9.342
159 0 1 29.966 10.151 28.861 9.351
160 0 1 29.928 10.161 28.823 9.361
161 0 1 29.872 10.171 28.767 9.371
162 0 1 29.834 10.106 28.730 9.465
163 0 1 29.797 10.116 28.692 9.475
164 0 1 29.759 10.126 28.655 9.485
165 0 1 29.722 10.154 28.617 9.513
166 0 1 29.684 10.145 28.579 9.504
167 0 1 29.646 10.155 28.542 9.514
168 0 1 29.609 10.165 28.504 9.524
169 0 1 29.571 10.175 28.467 9.534
170 0 1 29.534 10.166 28.429 9.525
171 0 1 29.477 10.176 28.373 9.535
172 0 1 29.440 10.167 28.335 9.526
173 0 1 29.402 10.177 28.297 9.536
174 0 1 29.346 10.168 28.241 9.527
175 0 1 29.223 10.104 28.202 9.378
176 0 1 29.251 10.066 28.165 9.416
177 0 1 29.213 10.067 28.127 9.416
178 0 1 29.157 10.049 28.070 9.398
179 0 1 29.138 10.030 28.052 9.380
180 0 1 29.100 10.012 28.014 9.361
181 0 1 29.062 10.013 27.976 9.362
182 0 1 29.006 10.013 27.920 9.362
183 0 1 28.987 10.013 27.901 9.363
184 0 1 28.931 10.014 27.844 9.363
185 0 1 28.893 10.015 27.807 9.364
186 0 1 28.856 10.015 27.769 9.364
187 0 1 28.818 10.016 27.731 9.365
188 0 1 28.780 10.016 27.694 9.365
189 0 1 28.724 9.998 27.637 9.347
190 0 1 28.667 9.999 27.580 9.348
191 0 1 28.630 9.999 27.543 9.348
192 0 1 28.592 10.000 27.505 9.349
193 0 1 28.554 10.000 27.467 9.349
194 0 1 28.517 10.019 27.430 9.368
195 0 1 28.479 10.020 27.392 9.369
196 0 1 28.442 10.039 27.355 9.388
197 0 1 28.385 10.039 27.298 9.388
198 0 1 28.329 10.040 27.241 9.389
0 2 1 38.326 11.360 37.257 10.667
1 2 1 38.354 11.379 37.239 10.658
2 2 1 38.308 11.379 37.192 10.658
3 2 1 38.261 11.380 37.146 10.659
4 2 1 38.243 11.380 37.127 10.659
5 2 1 38.187 11.381 37.071 10.660
6 2 1 38.150 11.381 37.034 10.660
7 2 1 38.112 11.382 36.997 10.661
8 2 1 38.047 11.383 36.931 10.661
9 2 1 38.001 11.383 36.885 10.662
10 2 1 37.982 11.383 36.866 10.662
11 2 1 37.993 11.486 36.877 10.765
12 2 1 37.908 11.403 36.792 10.682
13 2 1 37.871 11.404 36.755 10.682
14 2 1 37.814 11.367 36.698 10.646
15 2 1 37.796 11.404 36.680 10.683
16 2 1 37.740 11.405 36.624 10.684
17 2 1 37.713 11.415 36.596 10.694
18 2 1 37.666 11.406 36.550 10.685
19 2 1 37.610 11.407 36.494 10.686
20 2 1 37.554 11.408 36.438 10.686
21 2 1 37.517 11.408 36.400 10.687
22 2 1 37.480 11.409 36.363 10.687
23 2 1 37.424 11.409 36.307 10.688
24 2 1 37.368 11.410 36.251 10.689
25 2 1 37.331 11.411 36.214 10.689
26 2 1 37.293 11.411 36.177 10.690
27 2 1 37.256 11.412 36.139 10.690
28 2 1 37.219 11.393 36.102 10.672
29 2 1 37.181 11.394 36.065 10.672
30 2 1 37.126 11.395 36.009 10.673
31 2 1 37.069 11.377 35.953 10.655
32 2 1 37.051 11.358 35.934 10.637
33 2 1 36.995 11.378 35.878 10.656
34 2 1 36.957 11.360 35.840 10.638
35 2 1 36.902 11.360 35.784 10.639
36 2 1 36.846 11.361 35.728 10.639
37 2 1 36.808 11.362 35.691 10.640
38 2 1 36.771 11.362 35.654 10.640
39 2 1 36.715 11.363 35.598 10.641
40 2 1 36.659 11.363 35.542 10.642
41 2 1 36.622 11.364 35.505 10.642
42 2 1 36.585 11.364 35.467 10.643
43 2 1 36.529 11.384 35.411 10.662
44 2 1 36.473 11.366 35.355 10.644
45 2 1 36.455 11.403 35.337 10.682
46 2 1 36.399 11.423 35.281 10.701
47 2 1 36.380 11.404 35.262 10.683
48 2 1 36.324 11.424 35.206 10.702
49 2 1 36.305 11.424 35.188 10.702
50 2 1 36.231 11.425 35.113 10.703
51 2 1 36.175 11.426 35.057 10.704
52 2 1 36.156 11.426 35.038 10.704
53 2 1 36.100 11.427 34.982 10.705
54 2 1 36.063 11.427 34.945 10.705
55 2 1 36.026 11.428 34.908 10.706
56 2 1 35.970 11.447 34.852 10.725
57 2 1 35.914 11.466 34.796 10.744
58 2 1 35.877 11.467 34.758 10.745
59 2 1 35.839 11.467 34.721 10.745
60 2 1 35.783 11.468 34.665 10.746
61 2 1 35.727 11.469 34.609 10.747
62 2 1 35.690 11.451 34.571 10.729
63 2 1 35.653 11.451 34.534 10.729
64 2 1 35.615 11.452 34.497 10.729
65 2 1 35.578 11.452 34.459 10.730
66 2 1 35.522 11.453 34.403 10.731
67 2 1 35.466 11.454 34.347 10.731
68 2 1 35.429 11.454 34.310 10.732
69 2 1 35.391 11.455 34.272 10.732
70 2 1 35.335 11.455 34.216 10.733
71 2 1 35.279 11.456 34.160 10.734
72 2 1 35.242 11.457 34.123 10.734
73 2 1 35.204 11.457 34.085 10.735
74 2 1 35.148 11.458 34.029 10.735
75 2 1 35.092 11.459 33.973 10.736
76 2 1 35.074 11.459 33.955 10.736
77 2 1 35.018 11.478 33.899 10.756
78 2 1 34.999 11.478 33.880 10.756
79 2 1 34.943 11.479 33.824 10.757
80 2 1 34.924 11.479 33.805 10.757
81 2 1 34.868 11.499 33.749 10.776
82 2 1 34.850 11.518 33.731 10.795
83 2 1 34.794 11.518 33.675 10.796
84 2 1 34.775 11.519 33.656 10.796
85 2 1 34.719 11.519 33.600 10.797
86 2 1 34.701 11.538 33.581 10.816
87 2 1 34.645 11.558 33.525 10.835
88 2 1 34.626 11.539 33.506 10.817
89 2 1 34.589 11.558 33.469 10.836
90 2 1 34.551 11.540 33.431 10.818
91 2 1 34.514 11.559 33.394 10.837
92 2 1 34.495 11.541 33.375 10.818
93 2 1 34.476 11.560 33.357 10.837
94 2 1 34.420 11.542 33.300 10.819
95 2 1 34.420 11.561 33.301 10.838
96 2 1 34.383 11.561 33.263 10.838
97 2 1 34.346 11.562 33.226 10.839
98 2 1 34.327 11.562 33.207 10.839
99 2 1 34.271 11.563 33.151 10.840
100 2 1 34.233 11.563 33.113 10.840
101 2 1 34.196 11.564 33.076 10.841
102 2 1 34.159 11.564 33.038 10.841
103 2 1 34.121 11.565 33.001 10.842
104 2 1 34.084 11.565 32.964 10.842
105 2 1 34.028 11.585 32.908 10.862
106 2 1 33.972 11.604 32.852 10.881
107 2 1 33.953 11.585 32.833 10.863
108 2 1 33.897 11.605 32.777 10.882
109 2 1 33.878 11.586 32.758 10.863
110 2 1 33.822 11.606 32.702 10.883
111 2 1 33.803 11.606 32.683 10.883
112 2 1 33.729 11.607 32.608 10.884
113 2 1 33.691 11.608 32.571 10.885
114 2 1 33.654 11.608 32.533 10.885
115 2 1 33.616 11.627 32.496 10.904
116 2 1 33.579 11.646 32.458 10.923
117 2 1 33.542 11.647 32.421 10.924
118 2 1 33.504 11.647 32.383 10.924
119 2 1 33.448 11.648 32.327 10.925
120 2 1 33.429 11.648 32.309 10.925
121 2 1 33.373 11.649 32.252 10.926
122 2 1 33.355 11.649 32.234 10.926
123 2 1 33.298 11.650 32.177 10.927
124 2 1 33.280 11.650 32.159 10.927
125 2 1 33.242 11.651 32.121 10.928
126 2 1 33.205 11.651 32.084 10.928
127 2 1 33.149 11.652 32.027 10.929
128 2 1 33.111 11.653 31.990 10.929
129 2 1 33.036 11.654 31.915 10.930
131 2 1 33.027 11.644 31.905 10.921
132 2 1 32.989 11.645 31.868 10.921
133 2 1 32.970 11.645 31.849 10.922
134 2 1 32.952 11.645 31.830 10.922
135 2 1 32.933 11.646 31.812 10.922
136 2 1 32.896 11.646 31.774 10.923
137 2 1 32.877 11.646 31.755 10.923
138 2 1 32.858 11.647 31.737 10.923
139 2 1 32.839 11.647 31.718 10.923
140 2 1 32.821 11.647 31.699 10.924
141 2 1 32.802 11.666 31.680 10.943
142 2 1 32.765 11.667 31.643 10.943
143 2 1 32.708 11.686 31.587 10.962
144 2 1 32.652 11.687 31.531 10.963
145 2 1 32.559 11.688 31.437 10.964
146 2 1 32.465 11.671 31.343 10.947
147 2 1 32.390 11.653 31.268 10.929
148 2 1 32.352 11.653 31.230 10.930
149 2 1 32.333 11.654 31.211 10.930
150 2 1 32.333 11.672 31.211 10.949
151 2 1 32.333 11.672 31.211 10.949
152 2 1 32.315 11.672 31.193 10.949
153 2 1 32.296 11.673 31.174 10.949
154 2 1 32.108 11.591 30.835 10.879
155 2 1 31.994 11.480 30.825 10.776
156 2 1 31.985 11.481 30.835 10.776
157 2 1 31.957 11.481 30.806 10.776
158 2 1 31.929 11.481 30.778 10.776
159 2 1 31.900 11.482 30.750 10.777
160 2 1 31.835 11.501 30.684 10.796
161 2 1 31.788 11.521 30.638 10.816
162 2 1 31.741 11.540 30.591 10.835
163 2 1 31.713 11.559 30.563 10.854
164 2 1 31.704 11.578 30.554 10.873
165 2 1 31.714 11.578 30.563 10.873
166 2 1 31.704 11.578 30.554 10.873
167 2 1 31.714 11.578 30.563 10.873
168 2 1 31.704 11.559 30.553 10.854
169 2 1 31.695 11.559 30.544 10.854
170 2 1 31.685 11.541 30.535 10.836
171 2 1 31.676 11.541 30.525 10.836
172 2 1 31.666 11.541 30.516 10.836
173 2 1 31.225 11.444 30.036 10.767
174 2 1 31.215 11.453 30.064 10.757
175 2 1 31.187 11.444 30.036 10.748
176 2 1 31.140 11.454 29.989 10.758
177 2 1 31.112 11.445 29.961 10.749
178 2 1 31.065 11.455 29.914 10.759
179 2 1 31.037 11.465 29.886 10.769
180 2 1 30.990 11.475 29.839 10.779
181 2 1 30.943 11.466 29.792 10.770
182 2 1 30.896 11.476 29.745 10.780
183 2 1 30.868 11.467 29.716 10.771
184 2 1 30.840 11.477 29.688 10.781
185 2 1 30.812 11.487 29.660 10.791
186 2 1 30.784 11.496 29.632 10.800
187 2 1 30.755 11.487 29.604 10.791
188 2 1 30.708 11.497 29.557 10.801
189 2 1 30.539 11.481 29.689 10.846
190 2 1 30.530 11.481 29.670 10.865
191 2 1 30.549 11.481 29.642 10.866
192 2 1 30.568 11.499 29.595 10.848
193 2 1 30.586 11.499 29.585 10.838
194 2 1 30.624 11.489 29.538 10.830
195 2 1 30.586 11.499 29.501 10.839
196 2 1 30.549 11.490 29.463 10.831
197 2 1 30.492 11.500 29.407 10.841
198 2 1 30.455 11.491 29.369 10.832
0 4 1 38.273 9.139 37.280 8.463
1 4 1 38.301 9.157 37.261 8.454
2 4 1 38.255 9.158 37.215 8.455
3 4 1 38.209 9.177 37.169 8.474
4 4 1 38.171 9.159 37.131 8.456
5 4 1 38.134 9.178 37.094 8.475
6 4 1 38.097 9.178 37.057 8.475
7 4 1 38.041 9.179 37.001 8.476
8 4 1 38.004 9.207 36.964 8.504
9 4 1 37.829 9.311 36.882 8.644
10 4 1 37.782 9.321 36.901 8.644
11 4 1 37.838 9.274 36.900 8.597
12 4 1 37.782 9.321 36.845 8.645
13 4 1 37.755 9.331 36.817 8.654
14 4 1 37.777 8.848 36.840 8.171
15 4 1 37.680 9.332 36.743 8.655
16 4 1 37.634 9.323 36.696 8.646
17 4 1 37.588 9.370 36.650 8.693
18 4 1 37.559 9.324 36.621 8.647
19 4 1 37.531 9.333 36.594 8.657
20 4 1 37.494 9.315 36.556 8.639
21 4 1 37.457 9.334 36.519 8.658
22 4 1 37.410 9.326 36.472 8.649
23 4 1 37.383 9.335 36.445 8.658
24 4 1 37.336 9.326 36.398 8.650
25 4 1 37.308 9.336 36.370 8.659
26 4 1 37.262 9.327 36.323 8.650
27 4 1 37.215 9.337 36.277 8.660
28 4 1 37.169 9.328 36.230 8.652
29 4 1 37.141 9.338 36.202 8.661
30 4 1 37.113 9.329 36.174 8.652
31 4 1 37.085 9.339 36.147 8.662
32 4 1 37.020 9.349 36.081 8.672
33 4 1 36.992 9.358 36.054 8.681
34 4 1 36.945 9.350 36.007 8.673
35 4 1 36.918 9.359 35.979 8.682
36 4 1 36.890 9.350 35.951 8.673
37 4 1 36.862 9.360 35.923 8.683
38 4 1 36.815 9.351 35.877 8.674
39 4 1 36.769 9.361 35.830 8.684
40 4 1 36.741 9.352 35.802 8.675
41 4 1 36.713 9.362 35.774 8.685
42 4 1 36.666 9.353 35.727 8.676
43 4 1 36.620 9.363 35.681 8.686
44 4 1 36.573 9.354 35.634 8.677
45 4 1 36.545 9.364 35.606 8.686
46 4 1 36.498 9.355 35.560 8.678
47 4 1 36.471 9.365 35.532 8.687
48 4 1 36.424 9.356 35.485 8.679
49 4 1 36.415 9.365 35.476 8.688
50 4 1 36.368 9.356 35.429 8.679
51 4 1 36.323 9.497 35.457 8.716
52 4 1 36.276 9.497 35.430 8.726
53 4 1 36.267 9.469 35.383 8.726
54 4 1 36.276 9.441 35.383 8.745
55 4 1 36.126 9.359 35.139 8.599
56 4 1 36.014 9.361 35.037 8.591
57 4 1 35.986 9.333 35.065 8.618
58 4 1 35.958 9.324 35.037 8.609
59 4 1 35.911 9.334 34.990 8.619
60 4 1 35.883 9.344 34.962 8.629
61 4 1 35.855 9.335 34.934 8.620
62 4 1 35.809 9.326 34.887 8.611
63 4 1 35.781 9.335 34.860 8.621
64 4 1 35.753 9.326 34.832 8.612
65 4 1 35.706 9.336 34.785 8.621
66 4 1 35.678 9.327 34.757 8.612
67 4 1 35.631 9.319 34.710 8.604
68 4 1 35.603 9.328 34.682 8.613
69 4 1 35.557 9.357 34.636 8.642
70 4 1 35.510 9.348 34.589 8.633
71 4 1 35.464 9.358 34.542 8.643
72 4 1 35.436 9.349 34.514 8.634
73 4 1 35.408 9.340 34.486 8.625
74 4 1 35.380 9.331 34.458 8.616
75 4 1 35.333 9.322 34.411 8.607
76 4 1 35.305 9.313 34.383 8.598
77 4 1 35.258 9.304 34.337 8.589
78 4 1 35.230 9.295 34.309 8.580
79 4 1 35.183 9.287 34.262 8.571
80 4 1 35.155 9.278 34.234 8.562
81 4 1 35.108 9.269 34.187 8.554
82 4 1 35.080 9.260 34.159 8.545
83 4 1 35.034 9.270 34.112 8.555
84 4 1 35.006 9.261 34.084 8.546
85 4 1 34.959 9.252 34.037 8.537
86 4 1 34.931 9.243 34.009 8.528
87 4 1 34.884 9.234 33.962 8.519
88 4 1 34.837 9.207 33.915 8.492
89 4 1 34.809 9.198 33.887 8.483
90 4 1 34.781 9.189 33.859 8.474
91 4 1 34.734 9.180 33.812 8.465
92 4 1 34.706 9.171 33.784 8.456
93 4 1 34.659 9.162 33.738 8.447
94 4 1 34.631 9.153 33.709 8.438
95 4 1 34.585 9.145 33.663 8.429
96 4 1 34.556 9.136 33.635 8.420
97 4 1 34.510 9.146 33.588 8.430
98 4 1 34.482 9.137 33.560 8.421
99 4 1 34.435 9.128 33.513 8.412
100 4 1 34.407 9.119 33.485 8.403
101 4 1 34.285 9.111 33.522 8.394
102 4 1 34.257 9.102 33.494 8.385
103 4 1 34.145 9.113 33.513 8.394
104 4 1 34.117 9.104 33.485 8.385
105 4 1 34.005 9.114 33.503 8.394
106 4 1 33.912 9.106 33.503 8.385
107 4 1 33.818 9.098 33.503 8.375
108 4 1 33.770 8.968 33.458 8.497
109 4 1 33.724 8.978 33.411 8.507
110 4 1 33.695 8.932 33.383 8.535
111 4 1 33.649 8.941 33.337 8.545
112 4 1 33.602 8.933 33.290 8.536
113 4 1 33.883 9.041 32.998 8.288
114 4 1 33.911 9.069 32.904 8.261
115 4 1 33.855 9.014 33.054 8.259
116 4 1 33.911 8.994 32.895 8.345
117 4 1 33.845 8.995 32.923 8.344
118 4 1 33.855 8.995 32.904 8.307
119 4 1 33.808 8.995 32.867 8.364
120 4 1 33.808 8.977 32.783 8.290
121 4 1 33.677 8.978 32.848 8.308
122 4 1 33.686 8.969 32.783 8.337
123 4 1 33.640 8.979 32.783 8.309
124 4 1 33.546 8.943 32.717 8.282
125 4 1 33.462 8.953 32.624 8.366
126 4 1 33.472 9.027 32.567 8.283
127 4 1 33.435 9.056 32.548 8.246
128 4 1 33.321 8.927 32.652 8.375
129 4 1 33.284 8.918 32.615 8.366
130 4 1 33.246 8.927 32.578 8.376
131 4 1 33.199 8.909 32.531 8.358
132 4 1 33.162 8.900 32.493 8.349
133 4 1 33.115 8.901 32.446 8.350
134 4 1 33.078 8.892 32.409 8.341
135 4 1 33.031 8.883 32.362 8.332
136 4 1 32.984 8.884 32.315 8.333
137 4 1 32.937 8.884 32.268 8.333
138 4 1 32.900 8.876 32.231 8.324
139 4 1 32.853 8.867 32.184 8.315
140 4 1 32.816 8.867 32.147 8.316
141 4 1 32.769 8.868 32.100 8.316
142 4 1 32.731 8.859 32.062 8.307
144 4 1 32.722 8.850 32.053 8.298
145 4 1 32.684 8.850 32.015 8.299
146 4 1 32.647 8.841 31.978 8.290
147 4 1 32.600 8.842 31.931 8.290
148 4 1 32.553 8.842 31.884 8.291
149 4 1 32.507 8.852 31.837 8.301
150 4 1 32.460 8.862 31.791 8.310
151 4 1 32.413 8.862 31.744 8.311
152 4 1 32.366 8.863 31.697 8.311
153 4 1 32.320 8.864 31.650 8.312
154 4 1 32.273 8.864 31.603 8.312
155 4 1 32.235 8.864 31.566 8.313
156 4 1 32.188 8.865 31.519 8.313
157 4 1 32.151 8.875 31.482 8.323
159 4 1 32.142 8.866 31.472 8.314
160 4 1 32.104 8.866 31.435 8.314
161 4 1 31.898 8.896 31.143 8.178
162 4 1 31.860 8.813 31.191 8.261
163 4 1 31.823 8.813 31.153 8.262
164 4 1 31.785 8.814 31.116 8.262
165 4 1 31.738 8.805 31.069 8.253
166 4 1 31.701 8.815 31.031 8.263
167 4 1 31.654 8.797 30.984 8.245
168 4 1 31.607 8.788 30.937 8.236
169 4 1 31.560 8.788 30.891 8.236
170 4 1 31.513 8.779 30.844 8.228
171 4 1 31.466 8.771 30.797 8.219
172 4 1 31.420 8.771 30.750 8.219
173 4 1 31.373 8.762 30.703 8.211
174 4 1 31.326 8.754 30.656 8.202
175 4 1 31.288 8.754 30.618 8.202
176 4 1 31.241 8.755 30.571 8.203
177 4 1 31.204 8.746 30.534 8.194
178 4 1 31.157 8.737 30.487 8.185
179 4 1 31.119 8.737 30.449 8.185
180 4 1 31.072 8.729 30.402 8.177
182 4 1 31.063 8.719 30.393 8.167
183 4 1 31.025 8.710 30.355 8.158
184 4 1 30.988 8.702 30.318 8.150
185 4 1 30.941 8.711 30.271 8.159
186 4 1 30.894 8.703 30.224 8.151
187 4 1 30.847 8.712 30.177 8.160
188 4 1 30.800 8.713 30.130 8.161
189 4 1 30.754 8.723 30.083 8.171
190 4 1 30.716 8.733 30.046 8.181
191 4 1 30.669 8.724 29.999 8.172
192 4 1 30.632 8.734 29.961 8.181
193 4 1 30.585 8.734 29.914 8.182
194 4 1 30.538 8.735 29.868 8.182
195 4 1 30.491 8.735 29.821 8.183
197 4 1 30.481 8.726 29.811 8.174
198 4 1 30.444 8.726 29.774 8.174
0 5 1 35.765 9.643 34.658 9.004
1 5 1 35.793 9.661 34.639 8.995
2 5 1 35.700 9.625 34.630 9.033
3 5 1 35.700 9.625 34.621 9.033
4 5 1 35.662 9.625 34.584 9.033
5 5 1 35.597 9.654 34.518 9.062
6 5 1 35.514 9.702 34.592 8.996
7 5 1 35.402 9.703 34.555 9.024
8 5 1 35.375 9.787 34.556 9.071
9 5 1 35.300 9.816 34.509 9.080
10 5 1 35.253 9.761 34.472 9.118
11 5 1 35.179 9.808 34.378 9.073
12 5 1 35.216 9.770 34.351 9.101
13 5 1 35.169 9.771 34.304 9.101
14 5 1 35.104 9.800 34.239 9.130
15 5 1 35.095 9.772 34.229 9.102
16 5 1 34.983 9.810 34.024 9.123
17 5 1 34.927 9.811 33.940 9.096
18 5 1 34.899 9.830 33.921 9.115
19 5 1 34.842 9.756 33.921 9.115
20 5 1 34.806 9.850 33.884 9.181
21 5 1 34.731 9.804 33.865 9.144
22 5 1 34.759 9.785 33.828 9.144
23 5 1 34.722 9.832 33.828 9.200
24 5 1 34.648 9.880 33.828 9.181
25 5 1 34.619 9.833 33.810 9.210
26 5 1 34.563 9.815 33.707 9.202
27 5 1 34.507 9.788 33.660 9.174
28 5 1 34.488 9.807 33.631 9.100
29 5 1 34.367 9.808 33.575 9.110
30 5 1 34.394 9.762 33.548 9.147
31 5 1 34.348 9.771 33.501 9.157
32 5 1 34.274 9.847 33.333 9.169
33 5 1 34.255 9.819 33.201 9.124
34 5 1 34.236 9.847 33.164 9.161
35 5 1 34.152 9.820 33.127 9.124
36 5 1 34.124 9.839 33.024 9.135
37 5 1 34.049 9.831 32.995 9.079
38 5 1 33.984 9.860 32.995 9.033
39 5 1 33.938 9.907 32.977 9.098
40 5 1 33.928 9.898 32.986 9.070
41 5 1 33.816 9.899 32.930 9.136
42 5 1 33.760 9.881 32.939 9.015
43 5 1 33.768 9.760 32.930 9.145
44 5 1 33.730 9.732 32.893 9.118
45 5 1 33.545 9.902 32.789 9.035
46 5 1 33.508 9.912 32.724 9.055
47 5 1 33.564 9.911 32.742 8.989
48 5 1 33.545 9.940 32.687 9.120
49 5 1 33.545 9.940 32.631 9.214
50 5 1 33.527 9.949 32.547 9.252
51 5 1 33.498 9.921 32.482 9.253
52 5 1 33.451 9.903 32.426 9.263
53 5 1 33.423 9.913 32.397 9.170
54 5 1 33.349 9.914 32.360 9.236
55 5 1 33.264 9.878 32.341 9.143
56 5 1 33.180 9.925 32.322 9.106
57 5 1 33.161 9.823 32.341 9.208
58 5 1 33.087 9.908 32.275 9.162
59 5 1 33.030 9.880 32.153 9.108
60 5 1 32.974 9.863 32.171 9.005
61 5 1 32.889 9.836 32.077 9.025
62 5 1 32.843 9.864 32.067 8.941
63 5 1 32.851 9.705 32.059 9.090
64 5 1 32.804 9.706 32.012 9.091
65 5 1 32.776 9.706 31.984 9.091
66 5 1 32.720 9.707 31.928 9.092
67 5 1 32.664 9.708 31.872 9.092
68 5 1 32.617 9.708 31.825 9.093
69 5 1 32.579 9.709 31.788 9.093
70 5 1 32.523 9.709 31.731 9.094
71 5 1 32.476 9.719 31.685 9.104
72 5 1 32.420 9.720 31.628 9.104
73 5 1 32.364 9.721 31.572 9.105
74 5 1 32.317 9.721 31.525 9.106
75 5 1 32.289 9.722 31.497 9.106
76 5 1 32.233 9.713 31.441 9.097
77 5 1 32.195 9.713 31.403 9.098
78 5 1 32.149 9.705 31.356 9.089
79 5 1 32.111 9.696 31.319 9.080
80 5 1 32.064 9.687 31.272 9.071
81 5 1 32.017 9.687 31.225 9.072
82 5 1 32.028 9.893 31.207 9.109
83 5 1 32.009 9.800 31.217 9.184
84 5 1 31.962 9.791 31.170 9.175
85 5 1 31.924 9.782 31.132 9.166
86 5 1 31.877 9.773 31.085 9.157
87 5 1 31.821 9.764 31.029 9.149
88 5 1 31.774 9.756 30.982 9.140
89 5 1 31.737 9.756 30.944 9.140
90 5 1 31.690 9.757 30.897 9.141
91 5 1 31.634 9.757 30.841 9.142
92 5 1 31.596 9.749 30.803 9.133
93 5 1 31.558 9.740 30.766 9.124
94 5 1 31.502 9.722 30.642 8.911
95 5 1 31.464 9.629 30.671 9.013
96 5 1 31.426 9.629 30.634 9.013
97 5 1 31.379 9.630 30.587 9.014
98 5 1 31.342 9.630 30.549 9.014
99 5 1 31.295 9.631 30.502 9.015
100 5 1 31.239 9.631 30.446 9.016
101 5 1 31.182 9.632 30.390 9.016
102 5 1 31.136 9.633 30.343 9.017
103 5 1 31.098 9.633 30.305 9.017
104 5 1 31.042 9.643 30.249 9.027
105 5 1 30.995 9.644 30.202 9.028
106 5 1 30.939 9.644 30.146 9.028
107 5 1 30.892 9.645 30.099 9.029
108 5 1 30.854 9.645 30.061 9.029
109 5 1 30.807 9.646 30.014 9.030
110 5 1 30.742 9.656 29.949 9.040
112 5 1 30.732 9.647 29.939 9.031
113 5 1 30.695 9.647 29.902 9.031
114 5 1 30.648 9.648 29.855 9.032
115 5 1 30.610 9.648 29.817 9.032
116 5 1 30.563 9.640 29.770 9.023
117 5 1 30.433 9.809 29.555 9.100
118 5 1 30.386 9.754 29.592 9.137
119 5 1 30.339 9.764 29.546 9.147
120 5 1 30.273 9.755 29.480 9.139
121 5 1 30.236 9.755 29.442 9.139
122 5 1 30.189 9.756 29.395 9.140
123 5 1 30.132 9.757 29.339 9.140
124 5 1 30.095 9.757 29.301 9.141
125 5 1 30.048 9.758 29.254 9.141
126 5 1 30.010 9.758 29.217 9.142
127 5 1 29.973 9.759 29.179 9.142
128 5 1 29.916 9.741 29.122 9.134
130 5 1 29.822 9.704 28.915 9.052
131 5 1 29.756 9.677 28.962 9.070
132 5 1 29.728 9.677 28.934 9.070
133 5 1 29.671 9.687 28.878 9.080
134 5 1 29.775 9.752 28.671 9.176
135 5 1 29.615 9.754 28.822 9.156
136 5 1 29.568 9.754 28.775 9.156
137 5 1 29.522 9.764 28.728 9.166
138 5 1 29.456 9.765 28.662 9.167
139 5 1 29.409 9.765 28.615 9.167
140 5 1 29.371 9.775 28.577 9.177
141 5 1 29.324 9.785 28.530 9.187
142 5 1 29.277 9.786 28.483 9.188
143 5 1 29.230 9.786 28.446 9.188
145 5 1 29.127 9.881 28.333 9.180
146 5 1 29.109 9.909 28.267 9.162
147 5 1 29.052 9.901 28.201 9.172
148 5 1 28.996 9.873 28.107 9.145
149 5 1 28.929 9.809 28.145 9.210
150 5 1 28.892 9.809 28.107 9.211
151 5 1 28.845 9.810 28.060 9.211
152 5 1 28.798 9.810 28.013 9.212
153 5 1 28.751 9.811 27.966 9.212
154 5 1 28.704 9.811 27.919 9.213
155 5 1 28.741 9.792 27.796 9.083
156 5 1 28.656 9.737 27.871 9.139
157 5 1 28.619 9.775 27.720 9.103
158 5 1 28.553 9.738 27.654 9.122
159 5 1 28.506 9.748 27.636 9.141
160 5 1 28.402 9.768 27.579 9.142
161 5 1 28.365 9.787 27.504 9.152
162 5 1 28.327 9.760 27.542 9.161
163 5 1 28.242 9.779 27.419 9.125
164 5 1 28.205 9.808 27.334 9.145
165 5 1 28.157 9.771 27.372 9.172
166 5 1 28.120 9.771 27.334 9.173
167 5 1 28.073 9.772 27.287 9.173
168 5 1 28.026 9.773 27.240 9.174
169 5 1 27.979 9.773 27.193 9.175
170 5 1 27.931 9.774 27.146 9.175
171 5 1 28.026 9.773 27.108 9.073
172 5 1 27.979 9.773 27.052 9.148
173 5 1 27.875 9.756 27.004 9.102
174 5 1 27.781 9.785 26.948 9.093
175 5 1 27.762 9.860 26.929 9.121
176 5 1 27.678 9.880 26.844 9.122
177 5 1 27.668 9.833 26.788 9.170
178 5 1 27.602 9.824 26.721 9.096
179 5 1 27.621 9.852 26.741 9.161
180 5 1 27.555 9.778 26.589 9.125
181 5 1 27.470 9.751 26.684 9.152
182 5 1 27.423 9.752 26.637 9.153
183 5 1 27.385 9.752 26.599 9.153
184 5 1 27.338 9.753 26.552 9.154
185 5 1 27.291 9.744 26.505 9.145
186 5 1 27.243 9.745 26.458 9.146
187 5 1 27.338 9.743 26.363 9.091
188 5 1 27.300 9.716 26.316 9.091
189 5 1 27.215 9.726 26.269 9.082
190 5 1 27.121 9.699 26.202 9.064
191 5 1 27.092 9.718 26.136 9.065
192 5 1 27.130 9.708 26.108 9.065
193 5 1 27.017 9.710 26.070 9.047
194 5 1 26.885 9.777 26.023 9.020
195 5 1 26.819 9.778 25.976 9.114
196 5 1 26.782 9.787 25.900 9.059
197 5 1 26.763 9.788 25.806 9.050
198 5 1 26.706 9.816 25.759 9.023
0 6 1 37.317 11.905 36.156 11.389
1 6 1 37.355 11.923 36.137 11.389
2 6 1 37.308 11.905 36.090 11.371
3 6 1 37.309 11.951 36.222 11.434
4 6 1 37.308 11.942 36.212 11.425
5 6 1 37.252 11.933 36.156 11.417
6 6 1 37.234 11.943 36.138 11.426
7 6 1 37.197 11.962 36.100 11.445
8 6 1 37.150 11.963 36.054 11.446
9 6 1 37.122 11.963 36.026 11.446
10 6 1 37.085 11.982 35.989 11.465
11 6 1 37.011 12.020 35.914 11.504
12 6 1 37.011 12.002 35.914 11.485
13 6 1 36.936 12.003 35.840 11.486
14 6 1 36.731 11.996 35.624 11.358
15 6 1 36.684 11.969 35.559 11.387
16 6 1 36.675 11.950 35.568 11.415
17 6 1 36.618 11.923 35.512 11.388
18 6 1 36.600 11.933 35.493 11.397
19 6 1 36.535 11.934 35.428 11.398
20 6 1 36.507 11.934 35.400 11.399
21 6 1 36.460 11.935 35.353 11.399
22 6 1 36.413 11.935 35.307 11.400
23 6 1 36.367 11.936 35.260 11.400
24 6 1 36.339 11.936 35.232 11.401
25 6 1 36.292 11.918 35.185 11.383
26 6 1 36.282 11.900 35.175 11.364
27 6 1 36.236 11.882 35.129 11.346
28 6 1 36.208 11.882 35.101 11.347
29 6 1 36.161 11.864 35.054 11.328
30 6 1 36.114 11.865 35.007 11.329
31 6 1 36.067 11.865 34.960 11.330
32 6 1 36.021 11.847 34.913 11.312
33 6 1 35.974 11.848 34.867 11.312
34 6 1 35.927 11.849 34.820 11.313
35 6 1 35.881 11.849 34.773 11.313
36 6 1 35.853 11.850 34.745 11.314
37 6 1 35.787 11.850 34.680 11.315
38 6 1 35.759 11.851 34.652 11.315
39 6 1 35.713 11.851 34.605 11.316
40 6 1 35.685 11.852 34.577 11.316
41 6 1 35.638 11.852 34.530 11.317
42 6 1 35.610 11.853 34.502 11.317
43 6 1 35.563 11.853 34.456 11.318
44 6 1 35.554 11.872 34.446 11.336
45 6 1 35.508 11.891 34.400 11.356
46 6 1 35.480 11.892 34.372 11.356
47 6 1 35.414 11.911 34.306 11.376
48 6 1 35.368 11.912 34.260 11.376
49 6 1 35.321 11.913 34.213 11.377
50 6 1 35.293 11.913 34.185 11.377
51 6 1 35.228 11.914 34.119 11.378
52 6 1 35.200 11.914 34.091 11.378
53 6 1 35.153 11.915 34.045 11.379
54 6 1 35.106 11.916 33.998 11.380
55 6 1 35.059 11.916 33.951 11.380
56 6 1 35.031 11.917 33.923 11.381
57 6 1 34.966 11.917 33.858 11.381
58 6 1 34.938 11.918 33.829 11.382
59 6 1 34.891 11.918 33.783 11.382
60 6 1 34.844 11.919 33.736 11.383
61 6 1 34.798 11.920 33.689 11.384
62 6 1 34.770 11.920 33.661 11.384
63 6 1 34.723 11.921 33.614 11.385
64 6 1 34.714 11.921 33.605 11.385
65 6 1 34.667 11.921 33.558 11.385
66 6 1 34.620 11.922 33.511 11.386
67 6 1 34.573 11.923 33.465 11.387
68 6 1 34.527 11.923 33.418 11.387
69 6 1 34.480 11.924 33.371 11.388
70 6 1 34.452 11.943 33.343 11.407
71 6 1 34.387 11.944 33.277 11.408
72 6 1 34.358 11.944 33.249 11.408
73 6 1 34.293 11.945 33.184 11.409
74 6 1 34.265 11.964 33.156 11.428
75 6 1 34.218 11.965 33.109 11.429
76 6 1 34.172 11.965 33.062 11.429
77 6 1 34.125 11.966 33.015 11.430
78 6 1 34.097 11.985 32.988 11.449
79 6 1 34.050 11.986 32.941 11.449
80 6 1 34.003 11.986 32.894 11.450
81 6 1 33.975 11.987 32.866 11.450
82 6 1 33.947 12.006 32.838 11.469
83 6 1 33.920 12.025 32.810 11.488
84 6 1 33.873 12.025 32.763 11.489
85 6 1 33.807 12.026 32.697 11.490
86 6 1 33.761 12.046 32.651 11.509
87 6 1 33.714 12.046 32.604 11.510
88 6 1 33.686 12.047 32.576 11.510
89 6 1 33.620 12.048 32.510 11.511
90 6 1 33.592 12.048 32.482 11.511
91 6 1 33.527 12.049 32.416 11.512
92 6 1 33.498 12.049 32.388 11.513
93 6 1 33.433 12.050 32.323 11.514
94 6 1 33.405 12.069 32.295 11.533
95 6 1 33.339 12.070 32.229 11.533
96 6 1 33.311 12.070 32.201 11.534
97 6 1 33.265 12.071 32.154 11.534
98 6 1 33.236 12.071 32.126 11.535
99 6 1 33.190 12.072 32.079 11.535
100 6 1 33.143 12.054 32.032 11.517
101 6 1 33.096 12.036 31.985 11.499
102 6 1 33.068 12.036 31.957 11.500
103 6 1 33.021 12.018 31.910 11.482
104 6 1 32.992 12.019 31.882 11.482
105 6 1 32.946 12.019 31.835 11.483
106 6 1 32.917 12.020 31.807 11.483
107 6 1 32.871 12.020 31.760 11.484
108 6 1 32.824 12.021 31.713 11.484
109 6 1 32.777 12.021 31.666 11.485
110 6 1 32.730 12.022 31.619 11.485
111 6 1 32.683 12.023 31.572 11.486
112 6 1 32.636 12.023 31.525 11.487
113 6 1 32.589 12.024 31.478 11.487
114 6 1 32.543 12.025 31.431 11.488
115 6 1 32.496 12.025 31.384 11.488
116 6 1 32.468 12.044 31.356 11.508
117 6 1 32.421 12.045 31.310 11.508
118 6 1 32.393 12.045 31.281 11.508
119 6 1 32.346 12.065 31.235 11.528
120 6 1 32.318 12.065 31.206 11.528
121 6 1 32.252 12.066 31.141 11.529
122 6 1 32.224 12.066 31.113 11.529
123 6 1 32.177 12.067 31.066 11.530
124 6 1 32.149 12.067 31.037 11.530
125 6 1 32.102 12.087 30.991 11.550
126 6 1 32.055 12.087 30.944 11.550
127 6 1 32.009 12.088 30.897 11.551
128 6 1 31.962 12.089 30.850 11.552
129 6 1 31.915 12.089 30.803 11.552
130 6 1 31.868 12.090 30.756 11.553
131 6 1 31.821 12.090 30.709 11.553
132 6 1 31.774 12.091 30.662 11.554
133 6 1 31.727 12.092 30.615 11.555
134 6 1 31.699 12.092 30.587 11.555
135 6 1 31.652 12.093 30.540 11.556
136 6 1 31.624 12.093 30.512 11.556
137 6 1 31.577 12.094 30.465 11.557
138 6 1 31.549 12.075 30.436 11.538
139 6 1 31.502 12.076 30.389 11.539
140 6 1 31.474 12.076 30.361 11.539
141 6 1 31.427 12.077 30.314 11.540
142 6 1 31.398 12.077 30.286 11.540
143 6 1 31.352 12.078 30.239 11.541
144 6 1 31.323 12.078 30.211 11.541
145 6 1 31.276 12.060 30.164 11.523
146 6 1 31.248 12.061 30.135 11.524
147 6 1 31.201 12.043 30.088 11.505
148 6 1 31.154 12.043 30.041 11.506
149 6 1 31.107 12.025 29.994 11.488
150 6 1 31.079 12.026 29.966 11.488
151 6 1 31.013 12.008 29.900 11.470
152 6 1 30.985 12.008 29.872 11.471
153 6 1 30.938 12.009 29.825 11.471
154 6 1 30.891 12.009 29.778 11.472
155 6 1 30.844 12.010 29.731 11.473
156 6 1 30.816 12.010 29.703 11.473
157 6 1 30.769 12.011 29.656 11.474
158 6 1 30.741 12.030 29.627 11.493
159 6 1 30.694 12.031 29.580 11.493
160 6 1 30.665 12.031 29.552 11.494
161 6 1 30.637 12.032 29.524 11.494
162 6 1 30.609 12.032 29.496 11.494
163 6 1 30.562 12.033 29.449 11.495
164 6 1 30.515 12.033 29.402 11.496
165 6 1 30.468 12.034 29.355 11.496
166 6 1 30.421 12.034 29.308 11.497
167 6 1 30.374 12.035 29.261 11.498
168 6 1 30.327 12.036 29.213 11.498
169 6 1 30.280 12.036 29.166 11.499
170 6 1 30.233 12.037 29.119 11.499
171 6 1 30.186 12.038 29.072 11.500
172 6 1 30.158 12.038 29.044 11.500
173 6 1 30.092 12.039 28.978 11.501
174 6 1 30.064 12.039 28.950 11.502
175 6 1 30.017 12.059 28.903 11.521
176 6 1 30.008 12.059 28.894 11.521
177 6 1 29.961 12.059 28.846 11.522
178 6 1 29.932 12.060 28.818 11.522
179 6 1 29.885 12.079 28.771 11.541
180 6 1 29.857 12.079 28.743 11.542
181 6 1 29.810 12.080 28.696 11.542
182 6 1 29.782 12.099 28.668 11.561
183 6 1 29.735 12.100 28.621 11.562
184 6 1 29.688 12.100 28.574 11.563
185 6 1 29.641 12.101 28.527 11.563
186 6 1 29.613 12.101 28.498 11.564
187 6 1 29.547 12.121 28.432 11.583
188 6 1 29.519 12.121 28.404 11.584
189 6 1 29.453 12.122 28.338 11.585
190 6 1 29.425 12.123 28.310 11.585
191 6 1 29.378 12.123 28.263 11.586
192 6 1 29.330 12.105 28.216 11.567
193 6 1 29.283 12.087 28.168 11.549
194 6 1 29.236 12.069 28.121 11.531
195 6 1 29.208 12.069 28.093 11.532
196 6 1 29.180 12.070 28.065 11.532
197 6 1 29.151 12.070 28.036 11.532
198 6 1 29.123 12.071 28.008 11.533
0 7 1 37.140 12.755 36.051 12.043
1 7 1 37.168 12.774 36.032 12.034
2 7 1 37.122 12.756 35.985 12.016
3 7 1 37.094 12.756 35.957 12.016
4 7 1 37.056 12.738 35.919 11.998
5 7 1 36.991 12.720 35.854 11.980
6 7 1 36.981 12.720 35.845 11.980
7 7 1 36.944 12.721 35.807 11.981
8 7 1 36.897 12.721 35.761 11.981
9 7 1 36.869 12.722 35.733 11.982
10 7 1 36.813 12.723 35.677 11.982
11 7 1 36.739 12.724 35.602 11.983
12 7 1 36.739 12.724 35.602 11.983
13 7 1 36.701 12.724 35.565 11.984
14 7 1 36.683 12.724 35.546 11.984
15 7 1 36.646 12.725 35.508 11.985
16 7 1 36.440 12.737 35.313 12.043
17 7 1 36.431 12.737 35.303 12.034
18 7 1 36.412 12.738 35.285 12.034
19 7 1 36.366 12.738 35.238 12.035
20 7 1 36.338 12.739 35.210 12.035
21 7 1 36.291 12.721 35.163 12.017
22 7 1 36.263 12.740 35.135 12.036
23 7 1 36.198 12.722 35.070 12.019
24 7 1 36.151 12.723 35.023 12.019
25 7 1 36.086 12.723 34.958 12.020
26 7 1 36.058 12.724 34.930 12.021
27 7 1 36.029 12.724 34.902 12.021
28 7 1 36.002 12.743 34.874 12.040
29 7 1 35.955 12.744 34.827 12.041
30 7 1 35.927 12.726 34.799 12.022
31 7 1 35.899 12.726 34.771 12.023
32 7 1 35.852 12.727 34.724 12.023
33 7 1 35.824 12.727 34.696 12.024
34 7 1 35.777 12.728 34.649 12.024
35 7 1 35.731 12.728 34.602 12.025
36 7 1 35.703 12.729 34.574 12.025
37 7 1 35.656 12.729 34.528 12.026
38 7 1 35.628 12.730 34.500 12.026
39 7 1 35.600 12.712 34.471 12.008
40 7 1 35.553 12.693 34.424 11.990
41 7 1 35.506 12.694 34.378 11.991
42 7 1 35.459 12.695 34.331 11.991
43 7 1 35.394 12.696 34.265 11.992
44 7 1 35.366 12.696 34.237 11.993
45 7 1 35.319 12.697 34.191 11.993
46 7 1 35.291 12.697 34.163 11.994
47 7 1 35.226 12.717 34.097 12.013
48 7 1 35.198 12.717 34.069 12.013
49 7 1 35.151 12.718 34.022 12.014
50 7 1 35.105 12.718 33.976 12.015
51 7 1 35.058 12.719 33.929 12.015
52 7 1 35.030 12.738 33.901 12.034
53 7 1 34.965 12.758 33.836 12.054
54 7 1 34.937 12.758 33.807 12.054
55 7 1 34.890 12.759 33.761 12.055
56 7 1 34.843 12.759 33.714 12.056
57 7 1 34.796 12.760 33.667 12.056
58 7 1 34.750 12.761 33.620 12.057
59 7 1 34.703 12.761 33.573 12.057
60 7 1 34.656 12.762 33.527 12.058
61 7 1 34.591 12.763 33.461 12.059
62 7 1 34.563 12.782 33.433 12.078
63 7 1 34.535 12.801 33.405 12.097
64 7 1 34.507 12.783 33.377 12.079
65 7 1 34.460 12.802 33.330 12.098
66 7 1 34.432 12.784 33.302 12.080
67 7 1 34.385 12.803 33.255 12.099
68 7 1 34.357 12.785 33.227 12.081
69 7 1 34.310 12.804 33.181 12.100
70 7 1 34.263 12.786 33.134 12.082
71 7 1 34.217 12.806 33.087 12.101
72 7 1 34.189 12.787 33.059 12.083
73 7 1 34.142 12.788 33.012 12.084
74 7 1 34.114 12.770 32.983 12.065
75 7 1 34.067 12.752 32.936 12.047
76 7 1 34.020 12.752 32.890 12.048
77 7 1 33.973 12.734 32.843 12.030
78 7 1 33.926 12.697 32.795 11.993
79 7 1 33.860 12.680 32.730 11.975
80 7 1 33.832 12.699 32.702 11.994
81 7 1 33.804 12.718 32.674 12.014
82 7 1 33.757 12.718 32.627 12.014
83 7 1 33.711 12.738 32.580 12.033
84 7 1 33.682 12.719 32.552 12.015
85 7 1 33.636 12.739 32.505 12.034
86 7 1 33.589 12.721 32.458 12.016
87 7 1 33.542 12.740 32.411 12.036
88 7 1 33.495 12.741 32.365 12.036
89 7 1 33.448 12.741 32.318 12.037
90 7 1 33.420 12.742 32.290 12.037
91 7 1 33.373 12.742 32.243 12.038
92 7 1 33.327 12.743 32.196 12.039
93 7 1 33.261 12.744 32.130 12.040
94 7 1 33.233 12.744 32.102 12.040
95 7 1 33.167 12.745 32.036 12.041
96 7 1 33.139 12.764 32.008 12.060
97 7 1 33.074 12.784 31.943 12.079
98 7 1 33.046 12.784 31.915 12.080
99 7 1 33.018 12.766 31.886 12.062
100 7 1 33.008 12.785 31.877 12.080
101 7 1 32.961 12.767 31.830 12.062
102 7 1 32.915 12.786 31.783 12.082
103 7 1 32.868 12.768 31.736 12.064
104 7 1 32.821 12.788 31.690 12.083
105 7 1 32.774 12.788 31.643 12.083
106 7 1 32.746 12.789 31.614 12.084
107 7 1 32.699 12.789 31.568 12.085
108 7 1 32.671 12.790 31.539 12.085
109 7 1 32.624 12.790 31.492 12.086
110 7 1 32.577 12.772 31.445 12.067
111 7 1 32.530 12.792 31.399 12.087
112 7 1 32.502 12.773 31.370 12.068
113 7 1 32.455 12.774 31.323 12.069
114 7 1 32.427 12.774 31.295 12.069
115 7 1 32.361 12.757 31.229 12.052
116 7 1 32.333 12.738 31.201 12.033
117 7 1 32.286 12.758 31.154 12.053
118 7 1 32.258 12.758 31.126 12.053
119 7 1 32.211 12.759 31.079 12.054
120 7 1 32.183 12.759 31.051 12.054
121 7 1 32.136 12.760 31.004 12.055
122 7 1 32.089 12.760 30.957 12.055
123 7 1 32.042 12.780 30.910 12.075
124 7 1 32.014 12.799 30.882 12.094
125 7 1 31.967 12.799 30.835 12.094
126 7 1 31.920 12.800 30.788 12.095
127 7 1 31.874 12.801 30.741 12.096
128 7 1 31.845 12.801 30.713 12.096
129 7 1 31.780 12.802 30.647 12.097
130 7 1 31.752 12.802 30.619 12.097
131 7 1 31.705 12.822 30.572 12.117
132 7 1 31.658 12.841 30.525 12.136
133 7 1 31.611 12.842 30.478 12.137
134 7 1 31.583 12.842 30.450 12.137
135 7 1 31.536 12.843 30.403 12.138
136 7 1 31.527 12.843 30.394 12.138
137 7 1 31.480 12.844 30.347 12.138
138 7 1 31.451 12.844 30.318 12.139
139 7 1 31.404 12.845 30.271 12.139
140 7 1 31.357 12.845 30.224 12.140
141 7 1 31.311 12.846 30.177 12.141
142 7 1 31.282 12.846 30.149 12.141
143 7 1 31.235 12.847 30.102 12.142
144 7 1 31.188 12.848 30.055 12.142
145 7 1 31.141 12.848 30.008 12.143
146 7 1 31.113 12.849 29.980 12.143
147 7 1 31.066 12.849 29.933 12.144
148 7 1 31.038 12.850 29.905 12.144
149 7 1 30.991 12.832 29.858 12.126
150 7 1 30.963 12.832 29.829 12.127
151 7 1 30.897 12.814 29.763 12.109
152 7 1 30.869 12.796 29.735 12.090
153 7 1 30.822 12.815 29.688 12.110
154 7 1 30.812 12.816 29.679 12.110
155 7 1 30.747 12.816 29.613 12.111
156 7 1 30.718 12.817 29.585 12.111
157 7 1 30.671 12.818 29.538 12.112
158 7 1 30.643 12.818 29.509 12.112
159 7 1 30.577 12.819 29.443 12.113
160 7 1 30.549 12.819 29.415 12.114
161 7 1 30.502 12.820 29.368 12.114
162 7 1 30.455 12.821 29.321 12.115
163 7 1 30.408 12.821 29.274 12.115
164 7 1 30.380 12.840 29.246 12.135
165 7 1 30.333 12.860 29.199 12.154
166 7 1 30.305 12.841 29.171 12.136
167 7 1 30.258 12.861 29.124 12.155
168 7 1 30.230 12.861 29.095 12.155
169 7 1 30.164 12.881 29.030 12.175
170 7 1 30.136 12.919 29.002 12.213
171 7 1 30.108 12.919 28.973 12.213
172 7 1 30.080 12.919 28.945 12.214
173 7 1 30.051 12.920 28.917 12.214
174 7 1 30.004 12.921 28.870 12.215
175 7 1 29.957 12.940 28.823 12.234
176 7 1 29.929 12.922 28.794 12.216
177 7 1 29.882 12.941 28.747 12.235
178 7 1 29.854 12.923 28.719 12.217
179 7 1 29.807 12.942 28.672 12.236
180 7 1 29.760 12.924 28.625 12.218
181 7 1 29.713 12.943 28.578 12.237
182 7 1 29.684 12.925 28.549 12.219
183 7 1 29.637 12.926 28.502 12.220
184 7 1 29.609 12.926 28.474 12.220
185 7 1 29.562 12.927 28.427 12.221
186 7 1 29.534 12.927 28.399 12.221
187 7 1 29.487 12.909 28.351 12.203
188 7 1 29.439 12.891 28.304 12.185
189 7 1 29.392 12.892 28.257 12.185
190 7 1 29.364 12.911 28.229 12.204
191 7 1 29.317 12.893 28.182 12.186
192 7 1 29.289 12.912 28.154 12.206
193 7 1 29.242 12.894 28.106 12.187
194 7 1 29.213 12.913 28.078 12.207
195 7 1 29.166 12.913 28.031 12.207
196 7 1 29.119 12.914 27.984 12.208
197 7 1 29.072 12.915 27.937 12.208
198 7 1 29.025 12.915 27.890 12.209
0 8 1 38.671 12.203 37.676 11.462
1 8 1 38.699 12.231 37.657 11.453
2 8 1 38.652 12.213 37.610 11.435
3 8 1 38.606 12.213 37.564 11.435
4 8 1 38.587 12.223 37.545 11.445
5 8 1 38.503 12.187 37.461 11.409
6 8 1 38.475 12.206 37.433 11.428
7 8 1 38.438 12.169 37.396 11.391
8 8 1 38.373 12.188 37.331 11.411
9 8 1 38.363 12.179 37.321 11.401
10 8 1 38.308 12.189 37.265 11.411
11 8 1 38.252 12.171 37.209 11.394
12 8 1 38.233 12.190 37.191 11.412
13 8 1 38.214 12.172 37.172 11.394
14 8 1 38.177 12.182 37.135 11.404
15 8 1 38.140 12.182 37.098 11.404
16 8 1 38.066 12.193 37.023 11.415
17 8 1 38.028 12.193 36.986 11.415
18 8 1 37.973 12.212 36.930 11.434
19 8 1 37.954 12.194 36.911 11.416
20 8 1 37.898 12.213 36.856 11.435
21 8 1 37.861 12.223 36.819 11.445
22 8 1 37.805 12.233 36.763 11.455
23 8 1 37.750 12.234 36.707 11.456
24 8 1 37.713 12.253 36.670 11.475
25 8 1 37.675 12.235 36.632 11.457
26 8 1 37.619 12.264 36.577 11.486
27 8 1 37.564 12.265 36.521 11.486
28 8 1 37.545 12.274 36.502 11.496
29 8 1 37.489 12.266 36.446 11.487
30 8 1 37.471 12.275 36.427 11.497
31 8 1 37.414 12.257 36.371 11.479
32 8 1 37.377 12.267 36.334 11.489
33 8 1 37.340 12.268 36.297 11.489
34 8 1 37.284 12.278 36.241 11.499
35 8 1 37.228 12.269 36.185 11.491
36 8 1 37.191 12.279 36.148 11.501
37 8 1 37.153 12.261 36.110 11.482
38 8 1 37.098 12.262 36.054 11.483
39 8 1 37.042 12.253 35.998 11.475
40 8 1 37.004 12.263 35.961 11.484
41 8 1 36.948 12.245 35.905 11.467
42 8 1 36.892 12.264 35.849 11.486
43 8 1 36.874 12.246 35.830 11.468
44 8 1 36.818 12.266 35.774 11.487
45 8 1 36.799 12.256 35.756 11.478
46 8 1 36.743 12.267 35.700 11.488
47 8 1 36.706 12.248 35.662 11.470
48 8 1 36.669 12.268 35.625 11.489
49 8 1 36.631 12.249 35.587 11.471
50 8 1 36.575 12.269 35.532 11.490
51 8 1 36.520 12.279 35.476 11.500
52 8 1 36.501 12.288 35.457 11.510
53 8 1 36.426 12.280 35.382 11.501
54 8 1 36.370 12.290 35.326 11.511
55 8 1 36.352 12.272 35.308 11.493
56 8 1 36.277 12.301 35.233 11.522
57 8 1 36.240 12.292 35.196 11.513
58 8 1 36.184 12.311 35.140 11.533
59 8 1 36.128 12.340 35.232 11.438
60 8 1 36.026 12.351 35.175 11.336
61 8 1 36.090 12.257 35.111 11.430
62 8 1 36.043 12.248 35.064 11.422
63 8 1 36.015 12.258 35.036 11.431
64 8 1 35.969 12.249 34.989 11.423
65 8 1 35.922 12.259 34.943 11.433
66 8 1 35.875 12.250 34.896 11.424
67 8 1 35.847 12.260 34.868 11.433
68 8 1 35.801 12.251 34.821 11.425
69 8 1 35.754 12.243 34.774 11.416
70 8 1 35.707 12.234 34.727 11.407
71 8 1 35.660 12.225 34.681 11.399
72 8 1 35.595 12.217 34.615 11.390
73 8 1 35.567 12.227 34.587 11.400
74 8 1 35.520 12.218 34.540 11.391
75 8 1 35.474 12.228 34.494 11.401
76 8 1 35.427 12.219 34.447 11.392
77 8 1 35.399 12.229 34.419 11.402
78 8 1 35.352 12.220 34.372 11.393
79 8 1 35.324 12.230 34.344 11.403
80 8 1 35.277 12.221 34.297 11.394
81 8 1 35.231 12.231 34.251 11.404
82 8 1 35.184 12.241 34.204 11.414
83 8 1 35.156 12.251 34.176 11.424
84 8 1 35.109 12.242 34.129 11.415
85 8 1 35.063 12.252 34.082 11.425
86 8 1 35.016 12.262 34.036 11.435
87 8 1 34.988 12.272 34.008 11.445
88 8 1 34.923 12.263 33.942 11.436
89 8 1 34.876 12.273 33.996 11.193
90 8 1 34.839 12.330 33.969 11.277
91 8 1 34.876 12.236 33.923 11.362
92 8 1 34.838 12.236 33.885 11.362
93 8 1 34.801 12.237 33.848 11.363
94 8 1 34.782 12.237 33.829 11.363
95 8 1 34.745 12.238 33.792 11.364
96 8 1 34.726 12.238 33.773 11.364
97 8 1 34.689 12.239 33.736 11.364
98 8 1 34.651 12.239 33.698 11.365
99 8 1 34.632 12.239 33.680 11.365
100 8 1 34.614 12.240 33.661 11.365
101 8 1 34.576 12.240 33.623 11.366
102 8 1 34.558 12.240 33.605 11.366
103 8 1 34.539 12.241 33.586 11.366
104 8 1 34.520 12.241 33.567 11.366
105 8 1 34.483 12.241 33.530 11.367
106 8 1 34.464 12.242 33.511 11.367
107 8 1 34.445 12.242 33.492 11.367
108 8 1 34.427 12.242 33.474 11.368
109 8 1 34.389 12.243 33.436 11.368
110 8 1 34.371 12.243 33.418 11.368
111 8 1 34.352 12.262 33.399 11.387
112 8 1 34.333 12.262 33.380 11.388
113 8 1 34.296 12.263 33.343 11.388
114 8 1 34.277 12.263 33.324 11.388
115 8 1 34.240 12.282 33.287 11.408
116 8 1 34.221 12.282 33.268 11.408
117 8 1 34.184 12.301 33.231 11.427
118 8 1 34.147 12.302 33.193 11.427
119 8 1 34.109 12.321 33.156 11.447
120 8 1 34.072 12.322 33.119 11.447
121 8 1 34.035 12.341 33.081 11.466
122 8 1 33.997 12.341 33.044 11.467
123 8 1 33.960 12.361 33.007 11.486
124 8 1 33.923 12.380 32.969 11.505
125 8 1 33.885 12.380 32.932 11.506
126 8 1 33.867 12.399 32.913 11.524
127 8 1 33.829 12.400 32.876 11.525
128 8 1 33.792 12.400 32.838 11.525
129 8 1 33.755 12.419 32.801 11.545
130 8 1 33.717 12.420 32.764 11.545
131 8 1 33.680 12.420 32.726 11.546
132 8 1 33.642 12.421 32.689 11.546
133 8 1 33.605 12.421 32.651 11.547
134 8 1 33.568 12.441 32.614 11.566
135 8 1 33.549 12.441 32.595 11.566
136 8 1 33.493 12.442 32.539 11.567
137 8 1 33.455 12.442 32.501 11.567
138 8 1 33.418 12.443 32.464 11.568
139 8 1 33.361 12.443 32.408 11.568
140 8 1 33.324 12.444 32.370 11.569
141 8 1 33.268 12.445 32.314 11.570
142 8 1 33.230 12.445 32.276 11.570
143 8 1 33.193 12.446 32.239 11.571
144 8 1 33.137 12.447 32.183 11.571
145 8 1 33.099 12.447 32.145 11.572
146 8 1 33.062 12.448 32.108 11.572
147 8 1 33.024 12.448 32.070 11.573
148 8 1 32.968 12.449 32.014 11.574
149 8 1 32.931 12.449 31.976 11.574
150 8 1 32.893 12.450 31.939 11.575
151 8 1 32.856 12.469 31.901 11.594
152 8 1 32.799 12.470 31.845 11.595
153 8 1 32.762 12.470 31.808 11.595
154 8 1 32.706 12.471 31.751 11.596
155 8 1 32.650 12.491 31.695 11.615
156 8 1 32.612 12.491 31.658 11.616
157 8 1 32.556 12.492 31.601 11.616
158 8 1 32.519 12.511 31.564 11.636
159 8 1 32.462 12.512 31.508 11.636
160 8 1 32.425 12.512 31.470 11.637
161 8 1 32.369 12.513 31.414 11.638
162 8 1 32.331 12.514 31.376 11.638
163 8 1 32.293 12.496 31.339 11.620
164 8 1 32.256 12.496 31.301 11.620
165 8 1 32.200 12.497 31.245 11.621
166 8 1 32.162 12.497 31.207 11.622
167 8 1 32.124 12.498 31.170 11.622
168 8 1 32.068 12.499 31.113 11.623
169 8 1 32.031 12.499 31.076 11.623
170 8 1 31.974 12.481 31.019 11.605
171 8 1 31.918 12.482 30.963 11.606
172 8 1 31.861 12.464 30.906 11.588
173 8 1 31.805 12.465 30.850 11.589
174 8 1 31.767 12.447 30.812 11.571
175 8 1 31.730 12.447 30.775 11.571
176 8 1 31.692 12.448 30.737 11.572
177 8 1 31.636 12.448 30.681 11.572
178 8 1 31.598 12.430 30.643 11.554
179 8 1 31.561 12.431 30.606 11.555
180 8 1 31.411 12.536 30.475 11.659
181 8 1 31.421 12.526 30.475 11.650
182 8 1 31.374 12.527 30.428 11.651
183 8 1 31.327 12.528 30.381 11.651
184 8 1 31.299 12.528 30.353 11.652
185 8 1 31.252 12.529 30.306 11.652
186 8 1 31.205 12.529 30.259 11.653
187 8 1 31.139 12.530 30.193 11.654
188 8 1 31.092 12.531 30.146 11.654
189 8 1 31.045 12.531 30.099 11.655
190 8 1 30.998 12.532 30.052 11.656
191 8 1 30.951 12.533 30.005 11.656
192 8 1 30.904 12.533 29.958 11.657
193 8 1 30.857 12.515 29.911 11.639
194 8 1 30.829 12.516 29.882 11.639
195 8 1 30.782 12.516 29.835 11.640
196 8 1 30.754 12.517 29.807 11.640
197 8 1 30.707 12.499 29.760 11.622
198 8 1 30.678 12.499 29.732 11.622
0 9 1 36.542 10.881 35.528 10.176
1 9 1 36.570 10.899 35.509 10.167
2 9 1 36.524 10.909 35.463 10.177
3 9 1 36.496 10.918 35.435 10.187
4 9 1 36.440 10.910 35.379 10.178
5 9 1 36.375 10.920 35.313 10.188
6 9 1 36.365 10.911 35.304 10.179
7 9 1 36.310 10.921 35.248 10.189
8 9 1 36.263 10.912 35.201 10.180
9 9 1 36.235 10.922 35.173 10.190
10 9 1 36.198 10.913 35.136 10.181
11 9 1 36.030 10.924 34.968 10.192
12 9 1 36.086 10.914 35.024 10.182
13 9 1 36.049 10.924 34.987 10.192
14 9 1 36.067 10.915 35.005 10.183
15 9 1 35.974 10.925 34.912 10.193
16 9 1 35.918 10.916 34.856 10.184
17 9 1 35.862 10.927 34.800 10.194
18 9 1 35.843 10.917 34.781 10.185
19 9 1 35.787 10.909 34.725 10.177
20 9 1 35.750 10.900 34.688 10.168
21 9 1 35.712 10.910 34.650 10.178
22 9 1 35.675 10.901 34.613 10.169
23 9 1 35.638 10.911 34.576 10.179
24 9 1 35.601 10.921 34.538 10.188
25 9 1 35.563 10.930 34.501 10.198
26 9 1 35.507 10.922 34.445 10.189
27 9 1 35.451 10.932 34.389 10.200
28 9 1 35.414 10.942 34.352 10.209
29 9 1 35.377 10.951 34.314 10.219
30 9 1 35.321 10.943 34.258 10.210
31 9 1 35.265 10.953 34.202 10.220
32 9 1 35.228 10.963 34.165 10.230
33 9 1 35.190 10.972 34.128 10.240
34 9 1 35.153 10.964 34.090 10.231
35 9 1 35.097 10.974 34.034 10.241
36 9 1 35.041 10.984 33.978 10.251
37 9 1 35.004 10.993 33.941 10.261
38 9 1 34.966 10.985 33.903 10.252
39 9 1 34.929 10.994 33.866 10.262
40 9 1 34.873 10.986 33.810 10.253
41 9 1 34.817 11.014 33.754 10.282
42 9 1 34.780 11.006 33.717 10.273
43 9 1 34.742 11.015 33.679 10.283
44 9 1 34.686 11.007 33.623 10.274
45 9 1 34.630 11.017 33.567 10.284
46 9 1 34.611 11.008 33.548 10.275
47 9 1 34.537 11.018 33.473 10.285
48 9 1 34.499 11.009 33.436 10.276
49 9 1 34.462 11.019 33.399 10.286
50 9 1 34.406 11.010 33.342 10.278
51 9 1 34.387 11.020 33.324 10.287
52 9 1 34.331 11.011 33.268 10.279
53 9 1 34.294 11.021 33.230 10.288
54 9 1 34.256 11.012 33.193 10.280
55 9 1 34.219 11.022 33.155 10.289
56 9 1 34.182 11.013 33.118 10.280
57 9 1 34.144 11.023 33.081 10.290
58 9 1 34.088 11.033 33.024 10.300
59 9 1 34.032 11.043 32.968 10.310
60 9 1 33.995 11.034 32.931 10.301
61 9 1 33.957 11.044 32.893 10.311
62 9 1 33.920 11.054 32.856 10.321
63 9 1 33.864 11.064 32.800 10.331
64 9 1 33.808 11.074 32.744 10.341
65 9 1 33.771 11.084 32.707 10.351
66 9 1 33.733 11.075 32.669 10.342
67 9 1 33.696 11.085 32.632 10.352
68 9 1 33.640 11.095 32.576 10.362
69 9 1 33.584 11.105 32.519 10.372
70 9 1 33.565 11.096 32.501 10.363
71 9 1 33.509 11.106 32.444 10.373
72 9 1 33.471 11.116 32.407 10.383
73 9 1 33.332 11.211 32.592 10.063
74 9 1 33.461 11.041 32.462 10.242
75 9 1 33.434 11.060 32.434 10.261
76 9 1 33.387 11.061 32.387 10.261
77 9 1 33.359 11.061 32.359 10.262
78 9 1 33.293 11.081 32.294 10.281
79 9 1 33.265 11.081 32.266 10.282
80 9 1 33.200 11.082 32.200 10.282
81 9 1 33.172 11.082 32.172 10.283
82 9 1 33.106 11.064 32.106 10.265
83 9 1 33.078 11.065 32.078 10.265
84 9 1 33.012 11.066 32.013 10.266
85 9 1 32.984 11.066 31.984 10.266
86 9 1 32.919 11.048 31.919 10.249
87 9 1 32.890 11.048 31.891 10.249
88 9 1 32.844 11.049 31.844 10.249
89 9 1 32.815 11.049 31.816 10.250
90 9 1 32.592 11.164 31.869 9.932
91 9 1 32.536 11.184 31.787 10.166
92 9 1 32.629 11.099 31.694 10.242
93 9 1 32.591 11.099 31.656 10.242
94 9 1 32.554 11.100 31.619 10.243
95 9 1 32.516 11.100 31.581 10.243
96 9 1 32.460 11.101 31.525 10.244
97 9 1 32.404 11.101 31.469 10.245
98 9 1 32.347 11.102 31.412 10.245
99 9 1 32.310 11.103 31.375 10.246
100 9 1 32.254 11.103 31.319 10.247
101 9 1 32.216 11.104 31.281 10.247
102 9 1 32.179 11.104 31.244 10.248
103 9 1 32.141 11.086 31.206 10.229
104 9 1 32.085 11.087 31.150 10.230
105 9 1 32.047 11.087 31.112 10.230
106 9 1 32.010 11.088 31.074 10.231
107 9 1 31.991 11.088 31.056 10.231
108 9 1 31.954 11.089 31.018 10.232
109 9 1 31.916 11.089 30.981 10.232
110 9 1 31.879 11.090 30.943 10.233
111 9 1 31.822 11.090 30.887 10.233
112 9 1 31.766 11.091 30.831 10.234
113 9 1 31.728 11.073 30.793 10.216
114 9 1 31.691 11.073 30.755 10.216
115 9 1 31.635 11.074 30.699 10.217
116 9 1 31.597 11.056 30.661 10.199
117 9 1 31.559 11.056 30.624 10.199
118 9 1 31.503 11.038 30.567 10.181
119 9 1 31.465 11.039 30.530 10.182
120 9 1 31.428 11.039 30.492 10.182
121 9 1 31.409 11.039 30.473 10.182
122 9 1 31.250 11.088 30.519 10.004
123 9 1 31.343 10.984 30.426 10.117
124 9 1 31.306 10.994 30.388 10.127
125 9 1 31.287 10.985 30.370 10.118
126 9 1 31.249 10.995 30.332 10.128
127 9 1 31.212 10.986 30.294 10.119
128 9 1 31.155 10.996 30.238 10.129
129 9 1 31.099 10.969 30.182 10.102
130 9 1 31.043 10.979 30.125 10.112
131 9 1 31.005 10.970 30.088 10.103
132 9 1 30.949 10.980 30.031 10.113
133 9 1 30.911 10.971 29.994 10.104
134 9 1 30.874 10.981 29.956 10.114
135 9 1 30.836 10.972 29.919 10.105
136 9 1 30.799 10.982 29.881 10.115
137 9 1 30.780 10.973 29.862 10.106
138 9 1 30.742 10.983 29.825 10.115
139 9 1 30.705 10.974 29.787 10.107
140 9 1 30.667 10.984 29.750 10.116
141 9 1 30.629 10.975 29.712 10.107
142 9 1 30.592 10.984 29.674 10.117
143 9 1 30.536 10.976 29.618 10.109
144 9 1 30.498 10.967 29.580 10.100
145 9 1 30.441 10.958 29.524 10.091
146 9 1 30.404 10.949 29.486 10.082
147 9 1 30.366 10.941 29.448 10.073
148 9 1 30.310 10.932 29.392 10.065
149 9 1 30.272 10.923 29.354 10.056
150 9 1 30.216 10.914 29.298 10.047
151 9 1 30.178 10.906 29.260 10.038
152 9 1 30.140 10.915 29.223 10.048
153 9 1 30.122 10.906 29.204 10.039
154 9 1 30.084 10.916 29.166 10.049
155 9 1 30.046 10.907 29.128 10.040
156 9 1 30.009 10.917 29.091 10.050
157 9 1 29.971 10.908 29.053 10.041
158 9 1 29.915 10.918 28.997 10.051
159 9 1 29.877 10.909 28.959 10.042
160 9 1 29.936 11.171 28.880 9.491
161 9 1 29.936 11.171 28.861 9.473
162 9 1 29.857 10.713 28.940 9.930
163 9 1 29.819 10.714 28.902 9.930
164 9 1 29.782 10.714 28.864 9.931
165 9 1 29.725 10.715 28.808 9.931
166 9 1 29.688 10.715 28.770 9.932
167 9 1 29.650 10.716 28.733 9.932
168 9 1 29.613 10.716 28.695 9.933
169 9 1 29.575 10.717 28.657 9.933
170 9 1 29.556 10.736 28.639 9.952
171 9 1 29.519 10.755 28.601 9.971
172 9 1 29.481 10.737 28.563 9.953
173 9 1 29.444 10.756 28.526 9.972
174 9 1 29.229 11.002 28.189 10.248
175 9 1 29.173 11.003 28.245 10.228
176 9 1 29.125 10.994 28.198 10.219
177 9 1 29.097 10.985 28.170 10.210
178 9 1 29.050 10.995 28.123 10.220
179 9 1 29.003 10.986 28.075 10.212
180 9 1 28.956 10.977 28.028 10.203
181 9 1 28.928 10.968 28.000 10.194
182 9 1 28.881 10.978 27.953 10.204
183 9 1 28.852 10.969 27.925 10.195
184 9 1 28.805 10.960 27.877 10.186
185 9 1 28.777 10.951 27.849 10.177
186 9 1 28.730 10.961 27.802 10.187
187 9 1 28.702 10.952 27.774 10.178
188 9 1 28.655 10.962 27.727 10.188
189 9 1 28.626 10.953 27.698 10.179
190 9 1 28.579 10.963 27.651 10.189
191 9 1 28.532 10.955 27.604 10.180
192 9 1 28.485 10.965 27.557 10.190
193 9 1 28.438 10.956 27.510 10.181
194 9 1 28.391 10.966 27.463 10.191
195 9 1 28.363 10.957 27.435 10.182
196 9 1 28.316 10.967 27.387 10.192
197 9 1 28.287 10.976 27.359 10.202
198 9 1 28.240 10.986 27.312 10.212
0 10 2 33.417 3.947 32.375 2.057
1 10 2 33.446 4.002 32.356 2.020
2 10 2 33.446 4.067 32.357 2.085
3 10 2 33.466 4.132 32.376 2.149
4 10 2 33.467 4.252 32.395 2.223
5 10 2 33.505 4.409 32.358 2.270
6 10 2 33.496 4.437 32.303 2.400
7 10 2 33.468 4.447 32.313 2.446
8 10 2 33.478 4.493 32.369 2.436
9 10 2 33.507 4.623 32.370 2.584
10 10 2 33.555 4.706 32.389 2.584
11 10 2 33.527 4.734 32.436 2.649
12 10 2 33.602 4.761 32.456 2.825
13 10 2 33.630 4.844 32.456 2.787
14 10 2 33.593 4.854 32.456 2.852
15 10 2 33.538 4.984 32.475 2.861
16 10 2 33.557 4.928 32.457 2.908
17 10 2 33.566 4.984 32.467 2.963
18 10 2 33.577 5.076 32.477 3.056
19 10 2 33.586 5.132 32.487 3.111
20 10 2 33.597 5.225 32.497 3.204
21 10 2 33.607 5.299 32.507 3.278
22 10 2 33.617 5.373 32.517 3.352
23 10 2 33.627 5.447 32.527 3.426
24 10 2 33.637 5.521 32.537 3.500
25 10 2 33.647 5.595 32.546 3.574
26 10 2 33.657 5.669 32.556 3.648
27 10 2 33.667 5.743 32.566 3.722
28 10 2 33.677 5.818 32.576 3.796
29 10 2 33.687 5.892 32.586 3.870
30 10 2 33.697 5.966 32.596 3.944
31 10 2 33.707 6.040 32.606 4.018
32 10 2 33.716 6.096 32.616 4.074
33 10 2 33.727 6.188 32.626 4.167
34 10 2 33.736 6.244 32.636 4.222
35 10 2 33.728 6.337 32.627 4.315
36 10 2 33.756 6.392 32.656 4.370
37 10 2 33.748 6.485 32.647 4.463
38 10 2 33.758 6.541 32.657 4.519
39 10 2 33.749 6.615 32.648 4.593
40 10 2 33.759 6.690 32.658 4.667
41 10 2 33.769 6.764 32.668 4.741
42 10 2 33.779 6.838 32.678 4.815
43 10 2 33.770 6.894 32.669 4.871
44 10 2 33.780 6.950 32.679 4.927
45 10 2 33.790 7.024 32.689 5.001
46 10 2 33.800 7.079 32.699 5.056
47 10 2 33.791 7.135 32.690 5.112
48 10 2 33.801 7.209 32.700 5.186
49 10 2 33.792 7.284 32.691 5.261
50 10 2 33.821 7.339 32.720 5.316
51 10 2 33.812 7.377 32.711 5.353
52 10 2 33.822 7.432 32.721 5.409
53 10 2 33.813 7.507 32.712 5.483
54 10 2 33.823 7.562 32.722 5.539
55 10 2 33.814 7.618 32.713 5.595
56 10 2 33.824 7.693 32.723 5.669
57 10 2 33.815 7.749 32.714 5.725
58 10 2 33.825 7.786 32.724 5.762
59 10 2 33.816 7.842 32.715 5.817
60 10 2 33.826 7.916 32.725 5.892
61 10 2 33.817 7.972 32.716 5.947
62 10 2 33.827 8.009 32.726 5.985
63 10 2 33.818 8.065 32.717 6.040
64 10 2 33.809 8.121 32.708 6.096
65 10 2 33.800 8.158 32.699 6.133
66 10 2 33.810 8.214 32.709 6.189
67 10 2 33.802 8.288 32.700 6.263
68 10 2 33.784 8.372 32.682 6.347
69 10 2 33.784 8.419 32.682 6.394
70 10 2 33.794 8.456 32.692 6.431
71 10 2 33.748 8.549 32.646 6.524
72 10 2 33.776 8.586 32.674 6.561
73 10 2 33.749 8.661 32.647 6.636
74 10 2 33.814 8.632 32.712 6.607
75 10 2 33.731 8.792 32.629 6.766
76 10 2 33.722 8.829 32.620 6.803
77 10 2 33.685 8.894 32.584 6.869
78 10 2 33.705 8.959 32.603 6.934
79 10 2 33.696 9.034 32.594 7.008
80 10 2 33.697 9.090 32.595 7.064
81 10 2 33.678 9.127 32.576 7.101
82 10 2 33.688 9.183 32.586 7.157
83 10 2 33.661 9.249 32.558 7.222
84 10 2 33.671 9.314 32.568 7.287
85 10 2 33.662 9.351 32.559 7.325
86 10 2 33.671 9.407 32.569 7.380
87 10 2 33.663 9.481 32.560 7.455
88 10 2 33.673 9.537 32.570 7.511
89 10 2 33.664 9.575 32.561 7.548
90 10 2 33.674 9.649 32.571 7.622
91 10 2 33.683 9.705 32.581 7.678
92 10 2 33.693 9.779 32.591 7.752
93 10 2 33.703 9.835 32.601 7.808
94 10 2 33.713 9.872 32.610 7.845
95 10 2 33.723 9.947 32.620 7.920
96 10 2 33.733 10.002 32.630 7.975
97 10 2 33.743 10.077 32.640 8.050
98 10 2 33.762 10.133 32.659 8.105
99 10 2 33.781 10.170 32.678 8.142
100 10 2 33.810 10.225 32.707 8.198
101 10 2 33.745 10.301 32.792 8.271
102 10 2 33.773 10.356 32.820 8.327
103 10 2 33.736 10.394 32.914 8.363
104 10 2 33.765 10.450 32.943 8.419
105 10 2 33.709 10.506 33.018 8.474
106 10 2 33.710 10.562 33.112 8.529
107 10 2 33.692 10.637 33.187 8.602
108 10 2 33.719 10.571 33.217 8.788
109 10 2 33.748 10.608 33.246 8.825
110 10 2 33.794 10.617 33.293 8.918
111 10 2 33.823 10.691 33.322 8.992
112 10 2 33.870 10.747 33.369 9.047
113 10 2 33.918 10.783 33.416 9.084
114 10 2 33.965 10.857 33.463 9.158
115 10 2 33.994 10.913 33.492 9.213
116 10 2 34.041 11.006 33.540 9.306
117 10 2 34.088 11.061 33.587 9.361
118 10 2 34.155 11.154 33.653 9.454
119 10 2 34.763 11.183 33.253 9.645
120 10 2 34.277 11.255 33.729 9.565
121 10 2 34.895 11.293 33.423 9.810
122 10 2 34.437 11.383 33.852 9.703
123 10 2 35.101 11.421 33.667 9.919
124 10 2 35.139 11.439 33.686 10.022
125 10 2 34.729 11.557 34.087 9.905
126 10 2 34.786 11.640 34.144 9.988
127 10 2 34.842 11.704 34.201 10.053
128 10 2 34.881 11.807 34.239 10.155
129 10 2 34.937 11.871 34.296 10.219
130 10 2 35.509 12.031 34.101 10.352
131 10 2 35.612 12.105 34.149 10.510
132 10 2 35.660 12.160 34.187 10.594
133 10 2 35.717 12.271 34.187 10.621
134 10 2 35.315 12.258 34.571 10.626
135 10 2 35.344 12.342 34.599 10.710
136 10 2 35.792 12.354 34.302 10.890
137 10 2 35.814 12.662 34.275 10.984
138 10 2 35.833 12.690 34.312 10.974
139 10 2 35.468 12.639 34.668 11.016
140 10 2 35.864 12.979 34.389 11.179
141 10 2 35.865 13.035 34.454 11.196
142 10 2 35.574 12.917 34.745 11.295
143 10 2 35.594 13.029 34.765 11.407
144 10 2 35.613 13.122 34.784 11.500
145 10 2 35.633 13.234 34.804 11.612
146 10 2 35.634 13.346 34.805 11.724
147 10 2 35.654 13.458 34.825 11.835
148 10 2 35.674 13.570 34.845 11.947
149 10 2 35.675 13.682 34.846 12.059
150 10 2 35.676 13.794 34.847 12.171
151 10 2 35.696 13.906 34.867 12.283
152 10 2 35.697 14.018 34.868 12.395
153 10 2 35.698 14.130 34.869 12.507
154 10 2 35.699 14.242 34.870 12.619
155 10 2 35.700 14.355 34.871 12.731
156 10 2 35.701 14.467 34.872 12.843
157 10 2 35.684 14.579 34.854 12.955
158 10 2 35.666 14.692 34.837 13.068
159 10 2 35.649 14.804 34.819 13.180
160 10 2 35.631 14.936 34.802 13.311
161 10 2 35.614 15.048 34.784 13.424
162 10 2 35.577 15.161 34.748 13.536
163 10 2 35.560 15.274 34.730 13.649
164 10 2 35.542 15.386 34.712 13.761
165 10 2 35.506 15.518 34.676 13.893
166 10 2 35.488 15.631 34.659 14.005
167 10 2 35.471 15.743 34.641 14.118
168 10 2 35.435 15.875 34.605 14.249
169 10 2 35.417 15.988 34.587 14.362
170 10 2 35.399 16.101 34.569 14.475
171 10 2 35.363 16.232 34.533 14.606
172 10 2 35.346 16.364 34.516 14.737
173 10 2 35.328 16.477 34.498 14.850
174 10 2 35.292 16.608 34.462 14.982
175 10 2 35.274 16.721 34.444 15.094
176 10 2 35.257 16.853 34.427 15.226
177 10 2 35.221 16.985 34.390 15.358
178 10 2 35.169 17.483 34.251 15.482
179 10 2 35.160 17.511 34.187 15.632
180 10 2 35.094 17.390 34.263 15.734
181 10 2 35.076 17.513 34.245 15.857
182 10 2 35.040 17.616 34.208 15.960
183 10 2 35.003 17.758 34.172 16.101
184 10 2 34.986 17.862 34.154 16.205
185 10 2 34.968 18.003 34.137 16.346
186 10 2 35.096 18.602 33.987 16.405
187 10 2 34.953 18.322 34.121 16.656
188 10 2 34.935 18.454 34.103 16.787
189 10 2 34.899 18.586 34.067 16.919
190 10 2 34.881 18.699 34.049 17.032
191 10 2 34.864 18.831 34.032 17.164
192 10 2 34.846 18.963 34.014 17.296
193 10 2 34.926 19.479 33.948 17.278
194 10 2 34.848 19.208 34.016 17.531
195 10 2 34.936 19.526 33.932 17.523
196 10 2 34.900 19.734 33.886 17.636
197 10 2 34.901 19.762 33.888 17.824
198 10 2 34.893 19.903 33.823 17.957
