0 1 1 27.238 9.367 26.221 8.672
1 1 1 27.265 9.385 26.203 8.663
2 1 1 27.312 9.394 26.249 8.672
3 1 1 27.358 9.404 26.295 8.682
4 1 1 27.376 9.413 26.314 8.691
5 1 1 27.432 9.450 26.369 8.728
6 1 1 27.450 9.450 26.388 8.728
7 1 1 27.525 9.478 26.462 8.756
8 1 1 27.599 9.487 26.536 8.765
9 1 1 27.599 9.496 26.536 8.774
10 1 1 27.654 9.506 26.592 8.784
11 1 1 27.665 9.386 26.584 8.627
12 1 1 27.655 9.377 26.584 8.627
13 1 1 27.702 9.377 26.631 8.627
14 1 1 27.730 9.367 26.658 8.618
15 1 1 27.795 9.377 26.723 8.627
16 1 1 27.860 9.377 26.788 8.627
17 1 1 27.897 9.377 26.826 8.627
18 1 1 27.952 9.377 26.881 8.628
19 1 1 27.980 9.377 26.909 8.628
20 1 1 28.045 9.377 26.974 8.628
21 1 1 28.073 9.377 27.002 8.628
22 1 1 28.120 9.359 27.049 8.609
23 1 1 28.148 9.331 27.077 8.582
24 1 1 28.213 9.304 27.142 8.554
25 1 1 28.241 9.285 27.170 8.536
26 1 1 28.287 9.285 27.217 8.536
27 1 1 28.333 9.304 27.263 8.555
28 1 1 28.380 9.304 27.309 8.555
29 1 1 28.426 9.304 27.356 8.555
30 1 1 28.473 9.304 27.402 8.555
31 1 1 28.519 9.304 27.448 8.555
32 1 1 28.565 9.323 27.495 8.573
33 1 1 28.612 9.323 27.541 8.574
34 1 1 28.658 9.341 27.587 8.592
35 1 1 28.704 9.341 27.634 8.592
36 1 1 28.750 9.341 27.680 8.592
37 1 1 28.778 9.360 27.708 8.611
38 1 1 28.825 9.360 27.754 8.611
39 1 1 28.871 9.379 27.801 8.629
40 1 1 28.917 9.397 27.847 8.648
41 1 1 28.963 9.397 27.893 8.648
42 1 1 29.010 9.397 27.940 8.648
43 1 1 29.037 9.397 27.967 8.648
44 1 1 29.084 9.397 28.014 8.648
45 1 1 29.112 9.397 28.042 8.648
46 1 1 29.176 9.397 28.107 8.649
47 1 1 29.204 9.398 28.134 8.649
48 1 1 29.269 9.398 28.199 8.649
49 1 1 29.297 9.398 28.227 8.649
50 1 1 29.343 9.379 28.274 8.630
51 1 1 29.371 9.379 28.301 8.631
52 1 1 29.417 9.398 28.348 8.649
53 1 1 29.464 9.398 28.394 8.649
54 1 1 29.510 9.398 28.440 8.649
55 1 1 29.538 9.398 28.468 8.649
56 1 1 29.584 9.380 28.515 8.631
57 1 1 29.631 9.343 28.561 8.594
58 1 1 29.677 9.343 28.608 8.594
59 1 1 29.705 9.343 28.636 8.594
60 1 1 29.770 9.343 28.700 8.595
61 1 1 29.797 9.362 28.728 8.613
62 1 1 29.844 9.362 28.774 8.613
63 1 1 29.890 9.362 28.821 8.613
64 1 1 29.936 9.362 28.867 8.613
65 1 1 29.983 9.362 28.913 8.613
66 1 1 30.029 9.380 28.960 8.632
67 1 1 30.056 9.399 28.987 8.650
68 1 1 30.121 9.399 29.052 8.651
69 1 1 30.149 9.399 29.080 8.651
70 1 1 30.214 9.418 29.145 8.669
71 1 1 30.260 9.418 29.191 8.669
72 1 1 30.306 9.436 29.237 8.688
73 1 1 30.371 9.436 29.302 8.688
74 1 1 30.417 9.436 29.348 8.688
75 1 1 30.463 9.455 29.395 8.707
76 1 1 30.509 9.455 29.441 8.707
77 1 1 30.537 9.455 29.469 8.707
78 1 1 30.602 9.455 29.533 8.707
79 1 1 30.630 9.455 29.561 8.707
80 1 1 30.676 9.474 29.607 8.725
81 1 1 30.722 9.474 29.654 8.726
82 1 1 30.768 9.474 29.700 8.726
83 1 1 30.796 9.474 29.728 8.726
84 1 1 30.861 9.455 29.793 8.707
85 1 1 30.889 9.456 29.820 8.707
86 1 1 30.953 9.456 29.885 8.708
87 1 1 31.000 9.474 29.931 8.726
88 1 1 31.046 9.474 29.978 8.726
89 1 1 31.092 9.493 30.024 8.745
90 1 1 31.138 9.511 30.070 8.763
91 1 1 31.184 9.511 30.116 8.763
92 1 1 31.231 9.493 30.163 8.745
93 1 1 31.258 9.493 30.190 8.745
94 1 1 31.305 9.493 30.237 8.745
95 1 1 31.351 9.493 30.283 8.745
96 1 1 31.415 9.512 30.348 8.764
97 1 1 31.443 9.512 30.375 8.764
98 1 1 31.489 9.512 30.422 8.764
99 1 1 31.536 9.512 30.468 8.764
100 1 1 31.582 9.530 30.514 8.783
101 1 1 31.628 9.530 30.560 8.783
102 1 1 31.674 9.530 30.606 8.783
103 1 1 31.720 9.531 30.653 8.783
104 1 1 31.618 9.669 30.754 8.811
105 1 1 31.711 9.604 30.671 8.847
106 1 1 31.747 9.613 30.708 8.857
107 1 1 31.803 9.604 30.763 8.847
108 1 1 31.858 9.595 30.819 8.838
109 1 1 31.895 9.586 30.856 8.829
110 1 1 31.932 9.577 30.893 8.820
111 1 1 31.969 9.568 30.930 8.811
112 1 1 32.025 9.577 30.985 8.820
113 1 1 32.062 9.568 31.022 8.811
114 1 1 32.099 9.577 31.059 8.820
115 1 1 32.136 9.568 31.096 8.811
116 1 1 32.173 9.559 31.133 8.802
117 1 1 32.228 9.550 31.189 8.793
118 1 1 32.265 9.559 31.226 8.802
119 1 1 32.320 9.550 31.281 8.793
120 1 1 32.376 9.559 31.337 8.803
121 1 1 32.431 9.568 31.392 8.812
122 1 1 32.486 9.596 31.447 8.840
123 1 1 32.523 9.605 31.484 8.849
124 1 1 32.560 9.633 31.521 8.877
125 1 1 32.597 9.624 31.558 8.867
126 1 1 32.634 9.615 31.595 8.858
127 1 1 32.689 9.606 31.650 8.849
128 1 1 32.726 9.615 31.687 8.858
129 1 1 32.966 9.578 32.028 8.942
130 1 1 32.994 9.625 31.973 8.896
131 1 1 33.049 9.625 32.029 8.896
132 1 1 33.086 9.625 32.066 8.896
133 1 1 33.141 9.625 32.121 8.896
134 1 1 33.178 9.625 32.158 8.896
135 1 1 33.234 9.625 32.213 8.896
136 1 1 33.289 9.625 32.269 8.896
137 1 1 33.344 9.625 32.324 8.897
138 1 1 33.418 9.625 32.398 8.897
139 1 1 33.455 9.625 32.435 8.897
140 1 1 33.510 9.607 32.490 8.878
141 1 1 33.547 9.570 32.527 8.842
142 1 1 33.584 9.552 32.564 8.823
143 1 1 33.621 9.552 32.601 8.824
144 1 1 33.676 9.552 32.657 8.824
145 1 1 33.713 9.552 32.694 8.824
146 1 1 33.750 9.552 32.730 8.824
147 1 1 33.806 9.534 32.786 8.805
148 1 1 33.843 9.515 32.823 8.787
149 1 1 33.898 9.516 32.878 8.787
150 1 1 33.935 9.516 32.915 8.787
151 1 1 33.990 9.516 32.970 8.787
152 1 1 34.045 9.516 33.026 8.788
153 1 1 34.100 9.516 33.081 8.788
154 1 1 34.156 9.516 33.136 8.788
155 1 1 34.211 9.516 33.192 8.788
0 2 1 25.934 12.761 24.765 12.038
1 2 1 25.971 12.780 24.747 12.029
2 2 1 26.008 12.780 24.784 12.029
3 2 1 26.064 12.780 24.840 12.029
4 2 1 26.101 12.780 24.877 12.029
5 2 1 26.148 12.780 24.924 12.029
6 2 1 26.194 12.780 24.971 12.029
7 2 1 26.232 12.780 25.008 12.029
8 2 1 26.260 12.780 25.036 12.029
9 2 1 26.306 12.780 25.083 12.029
10 2 1 26.344 12.761 25.120 12.010
11 2 1 26.335 12.668 25.112 11.918
12 2 1 26.400 12.724 25.176 11.973
13 2 1 26.437 12.705 25.214 11.955
14 2 1 26.493 12.733 25.270 11.983
15 2 1 26.531 12.687 25.307 11.936
16 2 1 26.586 12.687 25.363 11.936
17 2 1 26.624 12.678 25.401 11.927
18 2 1 26.661 12.687 25.438 11.936
19 2 1 26.717 12.687 25.494 11.936
20 2 1 26.754 12.687 25.531 11.936
21 2 1 26.810 12.705 25.587 11.955
22 2 1 26.847 12.705 25.624 11.955
23 2 1 26.903 12.705 25.680 11.955
24 2 1 26.940 12.705 25.717 11.955
25 2 1 26.977 12.705 25.755 11.955
26 2 1 27.024 12.705 25.801 11.955
27 2 1 27.070 12.705 25.848 11.955
28 2 1 27.108 12.705 25.885 11.955
29 2 1 27.145 12.724 25.922 11.973
30 2 1 27.182 12.724 25.959 11.973
31 2 1 27.219 12.742 25.996 11.992
32 2 1 27.247 12.761 26.024 12.011
33 2 1 27.293 12.779 26.071 12.029
34 2 1 27.349 12.798 26.126 12.048
35 2 1 27.395 12.798 26.173 12.048
36 2 1 27.442 12.779 26.220 12.029
37 2 1 27.498 12.779 26.276 12.029
38 2 1 27.544 12.761 26.322 12.011
39 2 1 27.591 12.761 26.369 12.011
40 2 1 27.628 12.760 26.406 12.011
41 2 1 27.675 12.742 26.453 11.992
42 2 1 27.721 12.742 26.499 11.992
43 2 1 27.777 12.742 26.555 11.992
44 2 1 27.814 12.742 26.592 11.992
45 2 1 27.852 12.742 26.630 11.992
46 2 1 27.889 12.742 26.667 11.992
47 2 1 27.917 12.742 26.695 11.992
48 2 1 27.963 12.723 26.742 11.973
49 2 1 27.973 12.705 26.751 11.955
50 2 1 28.019 12.686 26.798 11.936
51 2 1 28.075 12.668 26.854 11.918
52 2 1 28.103 12.649 26.882 11.899
53 2 1 28.159 12.649 26.938 11.899
54 2 1 28.206 12.631 26.984 11.881
55 2 1 28.261 12.631 27.040 11.881
56 2 1 28.299 12.631 27.077 11.881
57 2 1 28.336 12.612 27.115 11.862
58 2 1 28.373 12.612 27.152 11.862
59 2 1 28.401 12.612 27.180 11.862
60 2 1 28.466 12.612 27.245 11.862
61 2 1 28.494 12.612 27.273 11.862
62 2 1 28.540 12.612 27.319 11.862
63 2 1 28.596 12.612 27.375 11.862
64 2 1 28.624 12.612 27.403 11.862
65 2 1 28.670 12.612 27.449 11.862
66 2 1 28.726 12.612 27.505 11.862
67 2 1 28.735 12.630 27.514 11.881
68 2 1 28.782 12.649 27.561 11.900
69 2 1 28.818 12.686 27.598 11.937
70 2 1 28.874 12.704 27.653 11.955
71 2 1 28.920 12.704 27.700 11.955
72 2 1 28.985 12.723 27.765 11.974
73 2 1 29.013 12.723 27.793 11.974
74 2 1 29.060 12.723 27.839 11.974
75 2 1 29.115 12.723 27.895 11.974
76 2 1 29.143 12.723 27.923 11.974
77 2 1 29.190 12.723 27.969 11.974
78 2 1 29.245 12.723 28.025 11.974
79 2 1 29.273 12.723 28.053 11.974
80 2 1 29.319 12.723 28.099 11.974
81 2 1 29.356 12.741 28.136 11.992
82 2 1 29.412 12.741 28.192 11.992
83 2 1 29.440 12.741 28.220 11.992
84 2 1 29.468 12.723 28.248 11.974
85 2 1 29.505 12.723 28.285 11.974
86 2 1 29.533 12.704 28.313 11.955
87 2 1 29.579 12.704 28.359 11.955
88 2 1 29.607 12.686 28.388 11.937
89 2 1 29.663 12.667 28.443 11.918
90 2 1 29.728 12.667 28.508 11.918
91 2 1 29.756 12.667 28.536 11.918
92 2 1 29.802 12.667 28.583 11.918
93 2 1 29.858 12.667 28.638 11.918
94 2 1 29.886 12.667 28.666 11.918
95 2 1 29.923 12.667 28.703 11.918
96 2 1 29.969 12.686 28.750 11.937
97 2 1 30.025 12.685 28.805 11.937
98 2 1 30.062 12.685 28.843 11.937
99 2 1 30.118 12.685 28.898 11.937
100 2 1 30.145 12.685 28.926 11.937
101 2 1 30.192 12.685 28.972 11.937
102 2 1 30.247 12.685 29.028 11.937
103 2 1 30.275 12.704 29.056 11.955
104 2 1 30.321 12.722 29.102 11.974
105 2 1 30.358 12.741 29.139 11.992
106 2 1 30.395 12.741 29.176 11.992
107 2 1 30.423 12.759 29.204 12.011
108 2 1 30.488 12.778 29.269 12.029
109 2 1 30.534 12.778 29.315 12.029
110 2 1 30.599 12.778 29.380 12.029
111 2 1 30.636 12.778 29.417 12.029
112 2 1 30.673 12.778 29.454 12.029
113 2 1 30.719 12.759 29.501 12.011
114 2 1 30.766 12.759 29.547 12.011
115 2 1 30.794 12.759 29.575 12.011
116 2 1 30.849 12.759 29.631 12.011
117 2 1 30.896 12.759 29.677 12.011
118 2 1 30.923 12.759 29.705 12.011
119 2 1 30.979 12.759 29.760 12.011
120 2 1 31.025 12.759 29.807 12.011
121 2 1 31.053 12.759 29.835 12.011
122 2 1 31.081 12.741 29.863 11.992
123 2 1 31.118 12.722 29.900 11.974
124 2 1 31.155 12.704 29.937 11.955
125 2 1 31.202 12.685 29.984 11.937
126 2 1 31.267 12.648 30.049 11.900
127 2 1 31.313 12.630 30.095 11.881
128 2 1 31.359 12.630 30.141 11.881
129 2 1 31.396 12.630 30.179 11.881
130 2 1 31.452 12.611 30.234 11.863
131 2 1 31.480 12.611 30.262 11.863
132 2 1 31.526 12.611 30.308 11.863
133 2 1 31.554 12.593 30.336 11.844
134 2 1 31.609 12.593 30.392 11.844
135 2 1 31.656 12.592 30.438 11.844
136 2 1 31.711 12.592 30.494 11.844
137 2 1 31.748 12.592 30.531 11.844
138 2 1 31.804 12.592 30.586 11.844
139 2 1 31.859 12.592 30.642 11.844
140 2 1 31.896 12.592 30.679 11.844
141 2 1 31.933 12.611 30.716 11.863
142 2 1 31.989 12.629 30.771 11.881
143 2 1 32.016 12.648 30.799 11.900
144 2 1 32.081 12.648 30.864 11.900
145 2 1 32.109 12.666 30.892 11.918
146 2 1 32.173 12.666 30.956 11.918
147 2 1 32.210 12.666 30.993 11.918
148 2 1 32.247 12.666 31.030 11.918
149 2 1 32.294 12.666 31.077 11.918
150 2 1 32.331 12.666 31.114 11.918
151 2 1 32.368 12.666 31.151 11.918
152 2 1 32.423 12.666 31.206 11.918
153 2 1 32.460 12.666 31.243 11.918
154 2 1 32.497 12.685 31.280 11.937
155 2 1 32.543 12.685 31.327 11.937
0 3 1 25.807 13.420 24.936 12.743
1 3 1 25.834 13.438 24.927 12.734
2 3 1 25.872 13.429 24.964 12.725
3 3 1 25.909 13.420 25.002 12.715
4 3 1 25.946 13.429 25.039 12.724
5 3 1 26.002 13.420 25.095 12.715
6 3 1 26.077 13.410 25.170 12.706
7 3 1 26.114 13.401 25.207 12.697
8 3 1 26.161 13.420 25.253 12.715
9 3 1 26.208 13.401 25.300 12.697
10 3 1 26.245 13.392 25.338 12.687
11 3 1 26.403 13.456 25.320 12.613
12 3 1 26.375 13.438 25.338 12.632
13 3 1 26.403 13.438 25.366 12.632
14 3 1 26.422 13.429 25.385 12.622
15 3 1 26.478 13.438 25.441 12.632
16 3 1 26.506 13.438 25.469 12.632
17 3 1 26.552 13.438 25.515 12.632
18 3 1 26.599 13.438 25.562 12.632
19 3 1 26.627 13.438 25.590 12.632
20 3 1 26.673 13.438 25.637 12.632
21 3 1 26.701 13.438 25.665 12.632
22 3 1 26.748 13.438 25.711 12.631
23 3 1 26.776 13.438 25.739 12.631
24 3 1 26.841 13.437 25.804 12.631
25 3 1 26.869 13.437 25.832 12.631
26 3 1 26.934 13.437 25.898 12.631
27 3 1 26.962 13.437 25.926 12.631
28 3 1 27.008 13.437 25.972 12.631
29 3 1 27.055 13.437 26.019 12.631
30 3 1 27.120 13.437 26.084 12.631
31 3 1 27.167 13.456 26.130 12.650
32 3 1 27.232 13.456 26.196 12.650
33 3 1 27.260 13.456 26.224 12.650
34 3 1 27.288 13.456 26.252 12.650
35 3 1 27.315 13.474 26.279 12.668
36 3 1 27.362 13.456 26.326 12.650
37 3 1 27.390 13.456 26.354 12.650
38 3 1 27.455 13.456 26.419 12.650
39 3 1 27.483 13.455 26.447 12.650
40 3 1 27.530 13.455 26.494 12.650
41 3 1 27.576 13.455 26.540 12.650
42 3 1 27.623 13.437 26.587 12.631
43 3 1 27.651 13.437 26.615 12.631
44 3 1 27.697 13.437 26.661 12.631
45 3 1 27.744 13.418 26.708 12.613
46 3 1 27.790 13.418 26.755 12.613
47 3 1 27.837 13.418 26.801 12.613
48 3 1 27.902 13.418 26.866 12.613
49 3 1 27.930 13.418 26.894 12.613
50 3 1 27.977 13.399 26.941 12.594
51 3 1 28.004 13.399 26.969 12.594
52 3 1 28.032 13.399 26.997 12.594
53 3 1 28.060 13.399 27.025 12.594
54 3 1 28.107 13.399 27.071 12.594
55 3 1 28.135 13.399 27.099 12.594
56 3 1 28.200 13.399 27.164 12.594
57 3 1 28.228 13.399 27.192 12.594
58 3 1 28.274 13.399 27.239 12.594
59 3 1 28.321 13.399 27.285 12.594
60 3 1 28.367 13.399 27.332 12.594
61 3 1 28.395 13.399 27.360 12.594
62 3 1 28.460 13.399 27.425 12.594
63 3 1 28.488 13.399 27.453 12.594
64 3 1 28.534 13.418 27.499 12.612
65 3 1 28.581 13.418 27.546 12.612
66 3 1 28.646 13.417 27.611 12.612
67 3 1 28.692 13.436 27.657 12.631
68 3 1 28.738 13.436 27.704 12.631
69 3 1 28.766 13.436 27.732 12.631
70 3 1 28.794 13.436 27.759 12.631
71 3 1 28.822 13.454 27.787 12.649
72 3 1 28.869 13.436 27.834 12.631
73 3 1 28.915 13.436 27.880 12.631
74 3 1 28.980 13.436 27.945 12.631
75 3 1 29.008 13.436 27.973 12.631
76 3 1 29.054 13.436 28.020 12.631
77 3 1 29.101 13.436 28.066 12.631
78 3 1 29.147 13.436 28.113 12.631
79 3 1 29.194 13.417 28.159 12.612
80 3 1 29.240 13.417 28.206 12.612
81 3 1 29.287 13.398 28.252 12.594
82 3 1 29.352 13.398 28.317 12.594
83 3 1 29.380 13.398 28.345 12.594
84 3 1 29.426 13.398 28.392 12.594
85 3 1 29.454 13.398 28.420 12.594
86 3 1 29.500 13.398 28.466 12.594
87 3 1 29.528 13.398 28.494 12.594
88 3 1 29.556 13.398 28.522 12.594
89 3 1 29.602 13.398 28.568 12.593
90 3 1 29.649 13.398 28.615 12.593
91 3 1 29.677 13.398 28.643 12.593
92 3 1 29.723 13.398 28.689 12.593
93 3 1 29.769 13.398 28.735 12.593
94 3 1 29.816 13.398 28.782 12.593
95 3 1 30.113 13.416 28.995 12.630
96 3 1 30.066 13.416 29.023 12.621
97 3 1 30.103 13.407 29.060 12.612
98 3 1 30.140 13.416 29.097 12.621
99 3 1 30.178 13.407 29.135 12.612
100 3 1 30.215 13.416 29.172 12.621
101 3 1 30.252 13.407 29.209 12.612
102 3 1 30.307 13.416 29.264 12.621
103 3 1 30.382 13.407 29.339 12.612
104 3 1 30.437 13.434 29.394 12.639
105 3 1 30.474 13.425 29.431 12.630
106 3 1 30.493 13.434 29.450 12.639
107 3 1 30.548 13.444 29.506 12.649
108 3 1 30.585 13.434 29.543 12.639
109 3 1 30.641 13.425 29.598 12.630
110 3 1 30.697 13.434 29.654 12.639
111 3 1 30.734 13.443 29.691 12.649
112 3 1 30.752 13.434 29.710 12.639
113 3 1 30.808 13.425 29.765 12.630
114 3 1 30.826 13.434 29.784 12.639
115 3 1 30.882 13.425 29.840 12.630
116 3 1 30.919 13.416 29.877 12.621
117 3 1 30.956 13.406 29.914 12.612
118 3 1 31.012 13.416 29.970 12.621
119 3 1 31.067 13.406 30.025 12.612
120 3 1 31.086 13.415 30.044 12.621
121 3 1 31.142 13.406 30.099 12.611
122 3 1 31.160 13.415 30.118 12.621
123 3 1 31.197 13.406 30.155 12.611
124 3 1 31.234 13.415 30.192 12.621
125 3 1 31.271 13.406 30.229 12.611
126 3 1 31.308 13.415 30.266 12.621
127 3 1 31.345 13.406 30.303 12.611
128 3 1 31.382 13.415 30.340 12.621
129 3 1 31.419 13.406 30.378 12.611
130 3 1 31.457 13.397 30.415 12.602
131 3 1 31.512 13.406 30.470 12.611
132 3 1 31.530 13.415 30.489 12.621
133 3 1 31.586 13.406 30.544 12.611
134 3 1 31.623 13.415 30.581 12.621
135 3 1 31.660 13.406 30.619 12.611
136 3 1 31.697 13.415 30.656 12.621
137 3 1 31.753 13.406 30.711 12.611
138 3 1 31.808 13.415 30.767 12.621
139 3 1 31.845 13.424 30.804 12.630
140 3 1 31.901 13.433 30.859 12.639
141 3 1 31.975 13.424 30.933 12.630
142 3 1 32.012 13.433 30.970 12.639
143 3 1 32.030 13.424 30.989 12.630
144 3 1 32.049 13.433 31.007 12.639
145 3 1 32.123 13.424 31.082 12.630
146 3 1 32.160 13.433 31.119 12.639
147 3 1 32.197 13.424 31.156 12.630
148 3 1 32.234 13.433 31.193 12.639
149 3 1 32.271 13.424 31.230 12.630
150 3 1 32.326 13.414 31.285 12.620
151 3 1 32.345 13.405 31.304 12.611
152 3 1 32.400 13.414 31.359 12.620
153 3 1 32.437 13.405 31.396 12.611
154 3 1 32.475 13.396 31.434 12.602
155 3 1 32.512 13.387 31.471 12.593
0 4 1 28.275 12.094 27.294 11.502
1 4 1 28.303 12.112 27.276 11.492
2 4 1 28.349 12.112 27.322 11.492
3 4 1 28.395 12.112 27.369 11.492
4 4 1 28.433 12.112 27.406 11.492
5 4 1 28.470 12.112 27.443 11.492
6 4 1 28.525 12.112 27.499 11.492
7 4 1 28.600 12.112 27.573 11.492
8 4 1 28.656 12.112 27.629 11.492
9 4 1 28.674 12.112 27.648 11.492
10 4 1 28.730 12.112 27.703 11.492
11 4 1 28.748 12.112 27.722 11.492
12 4 1 28.804 12.112 27.778 11.492
13 4 1 28.823 12.112 27.796 11.492
14 4 1 28.878 12.112 27.852 11.493
15 4 1 28.897 12.131 27.871 11.511
16 4 1 28.953 12.112 27.926 11.493
17 4 1 28.980 12.131 27.954 11.511
18 4 1 29.045 12.131 28.019 11.511
19 4 1 29.101 12.131 28.075 11.511
20 4 1 29.147 12.131 28.121 11.511
21 4 1 29.194 12.131 28.168 11.511
22 4 1 29.249 12.149 28.223 11.530
23 4 1 29.286 12.168 28.260 11.548
24 4 1 29.342 12.149 28.316 11.530
25 4 1 29.398 12.168 28.372 11.548
26 4 1 29.435 12.149 28.409 11.530
27 4 1 29.490 12.168 28.465 11.548
28 4 1 29.528 12.149 28.502 11.530
29 4 1 29.565 12.149 28.539 11.530
30 4 1 29.602 12.149 28.576 11.530
31 4 1 29.658 12.149 28.632 11.530
32 4 1 29.676 12.149 28.651 11.530
33 4 1 29.750 12.149 28.725 11.530
34 4 1 29.787 12.149 28.762 11.530
35 4 1 29.824 12.149 28.799 11.530
36 4 1 29.880 12.149 28.855 11.530
37 4 1 29.917 12.149 28.892 11.530
38 4 1 29.954 12.149 28.929 11.530
39 4 1 30.010 12.149 28.985 11.530
40 4 1 30.066 12.149 29.040 11.530
41 4 1 30.103 12.149 29.078 11.530
42 4 1 30.140 12.149 29.115 11.530
43 4 1 30.195 12.149 29.170 11.530
44 4 1 30.251 12.168 29.226 11.548
45 4 1 30.269 12.149 29.245 11.530
46 4 1 30.306 12.168 29.281 11.548
47 4 1 30.343 12.168 29.319 11.548
48 4 1 30.381 12.168 29.356 11.548
49 4 1 30.436 12.168 29.411 11.549
50 4 1 30.455 12.168 29.430 11.549
51 4 1 30.510 12.186 29.485 11.567
52 4 1 30.547 12.205 29.522 11.585
53 4 1 30.584 12.205 29.559 11.586
54 4 1 30.640 12.205 29.615 11.586
55 4 1 30.695 12.223 29.671 11.604
56 4 1 30.732 12.242 29.708 11.623
57 4 1 30.788 12.242 29.763 11.623
58 4 1 30.843 12.260 29.819 11.641
59 4 1 30.880 12.279 29.856 11.660
60 4 1 30.936 12.279 29.911 11.660
61 4 1 30.991 12.279 29.967 11.660
62 4 1 31.010 12.279 29.985 11.660
63 4 1 31.065 12.279 30.041 11.660
64 4 1 31.102 12.279 30.078 11.660
65 4 1 31.139 12.279 30.115 11.660
66 4 1 31.195 12.279 30.171 11.660
67 4 1 31.250 12.279 30.226 11.660
68 4 1 31.287 12.279 30.263 11.660
69 4 1 31.324 12.279 30.300 11.660
70 4 1 31.380 12.279 30.356 11.660
71 4 1 31.454 12.279 30.430 11.660
72 4 1 31.491 12.297 30.467 11.678
73 4 1 31.546 12.297 30.523 11.678
74 4 1 31.583 12.315 30.560 11.697
75 4 1 31.621 12.297 30.597 11.678
76 4 1 31.676 12.315 30.652 11.697
77 4 1 31.731 12.315 30.708 11.697
78 4 1 31.750 12.315 30.726 11.697
79 4 1 31.805 12.315 30.782 11.697
80 4 1 31.824 12.315 30.800 11.697
81 4 1 31.879 12.315 30.856 11.697
82 4 1 31.898 12.334 30.874 11.715
83 4 1 31.972 12.352 30.948 11.734
84 4 1 32.027 12.334 31.004 11.715
85 4 1 32.046 12.352 31.022 11.734
86 4 1 32.101 12.334 31.078 11.715
87 4 1 32.138 12.352 31.115 11.734
88 4 1 32.194 12.352 31.170 11.734
89 4 1 32.249 12.352 31.226 11.734
90 4 1 32.286 12.352 31.263 11.734
91 4 1 32.342 12.371 31.318 11.752
92 4 1 32.397 12.389 31.374 11.771
93 4 1 32.434 12.389 31.411 11.771
94 4 1 32.489 12.389 31.466 11.771
95 4 1 32.563 12.389 31.540 11.771
96 4 1 32.600 12.389 31.577 11.771
97 4 1 32.656 12.389 31.633 11.771
98 4 1 32.674 12.389 31.651 11.771
99 4 1 32.730 12.389 31.707 11.771
100 4 1 32.767 12.389 31.744 11.771
101 4 1 32.804 12.389 31.781 11.771
102 4 1 32.859 12.389 31.836 11.771
103 4 1 32.914 12.389 31.892 11.771
104 4 1 32.951 12.389 31.929 11.771
105 4 1 33.007 12.389 31.984 11.771
106 4 1 33.062 12.389 32.040 11.771
107 4 1 33.099 12.389 32.077 11.771
108 4 1 33.155 12.389 32.132 11.771
109 4 1 33.210 12.389 32.188 11.771
110 4 1 33.247 12.389 32.225 11.771
111 4 1 33.284 12.407 32.262 11.789
112 4 1 33.321 12.426 32.298 11.808
113 4 1 33.358 12.407 32.336 11.789
114 4 1 33.395 12.407 32.373 11.789
115 4 1 33.432 12.407 32.409 11.789
116 4 1 33.487 12.407 32.465 11.789
117 4 1 33.542 12.407 32.520 11.789
118 4 1 33.561 12.407 32.539 11.789
119 4 1 33.616 12.407 32.594 11.789
120 4 1 33.653 12.407 32.631 11.789
121 4 1 33.709 12.407 32.687 11.789
122 4 1 33.782 12.407 32.761 11.789
123 4 1 33.838 12.407 32.816 11.789
124 4 1 33.875 12.407 32.853 11.789
125 4 1 33.930 12.407 32.908 11.789
126 4 1 33.985 12.389 32.964 11.771
127 4 1 34.022 12.370 33.001 11.753
128 4 1 34.059 12.389 33.038 11.771
129 4 1 34.115 12.370 33.093 11.753
130 4 1 34.188 12.370 33.167 11.753
131 4 1 34.225 12.370 33.204 11.753
132 4 1 34.262 12.352 33.241 11.734
133 4 1 34.318 12.333 33.297 11.716
134 4 1 34.336 12.333 33.315 11.716
135 4 1 34.392 12.333 33.370 11.716
136 4 1 34.429 12.315 33.407 11.697
137 4 1 34.484 12.297 33.463 11.679
138 4 1 34.539 12.297 33.518 11.679
139 4 1 34.576 12.297 33.555 11.679
140 4 1 34.632 12.278 33.611 11.660
141 4 1 34.687 12.260 33.666 11.642
142 4 1 34.724 12.260 33.703 11.642
143 4 1 34.761 12.260 33.740 11.642
144 4 1 34.816 12.260 33.795 11.642
145 4 1 34.871 12.241 33.851 11.624
146 4 1 34.908 12.223 33.888 11.605
147 4 1 34.945 12.241 33.925 11.624
148 4 1 34.982 12.223 33.962 11.605
149 4 1 35.019 12.223 33.998 11.605
150 4 1 35.056 12.223 34.035 11.605
151 4 1 35.093 12.223 34.072 11.605
152 4 1 35.148 12.223 34.128 11.605
153 4 1 35.203 12.204 34.183 11.587
154 4 1 35.240 12.186 34.220 11.568
155 4 1 35.295 12.204 34.275 11.587
0 5 1 28.401 10.125 27.377 9.395
1 5 1 28.392 10.135 27.395 9.376
2 5 1 28.392 10.125 27.414 9.422
3 5 1 28.420 10.116 27.469 9.404
4 5 1 28.420 10.153 27.562 9.459
5 5 1 28.429 10.135 27.599 9.441
6 5 1 28.457 10.181 27.645 9.469
7 5 1 28.512 10.172 27.683 9.460
8 5 1 28.540 10.209 27.738 9.460
9 5 1 28.623 10.227 27.775 9.460
10 5 1 28.762 10.218 27.850 9.478
11 5 1 28.855 10.209 27.831 9.460
12 5 1 28.846 10.181 27.821 9.543
13 5 1 28.911 10.181 27.793 9.552
14 5 1 28.948 10.172 27.849 9.589
15 5 1 29.004 10.181 27.932 9.589
16 5 1 28.911 10.218 28.007 9.552
17 5 1 28.957 10.228 28.053 9.562
18 5 1 28.985 10.218 28.081 9.553
19 5 1 29.125 10.154 28.128 9.525
20 5 1 29.199 10.182 28.109 9.553
21 5 1 29.190 10.154 28.192 9.543
22 5 1 29.199 10.145 28.258 9.507
23 5 1 29.236 10.163 28.314 9.470
24 5 1 29.273 10.163 28.462 9.433
25 5 1 29.347 10.173 28.499 9.433
26 5 1 29.393 10.173 28.546 9.406
27 5 1 29.402 10.200 28.565 9.387
28 5 1 29.440 10.182 28.583 9.378
29 5 1 29.504 10.182 28.546 9.424
30 5 1 29.579 10.164 28.555 9.433
31 5 1 29.746 10.164 28.657 9.424
32 5 1 29.783 10.173 28.759 9.415
33 5 1 29.801 10.164 28.787 9.388
34 5 1 29.792 10.173 28.778 9.388
35 5 1 29.801 10.182 28.806 9.388
36 5 1 29.773 10.210 28.796 9.480
37 5 1 29.810 10.219 28.824 9.461
38 5 1 29.801 10.210 28.861 9.489
39 5 1 29.810 10.228 28.916 9.489
40 5 1 29.856 10.247 29.009 9.480
41 5 1 29.884 10.256 29.074 9.490
42 5 1 29.958 10.266 29.157 9.517
43 5 1 30.023 10.275 29.194 9.499
44 5 1 30.060 10.256 29.213 9.490
45 5 1 30.124 10.284 29.232 9.471
46 5 1 30.162 10.266 29.222 9.471
47 5 1 30.180 10.220 29.240 9.536
48 5 1 30.291 10.229 29.314 9.554
49 5 1 30.208 10.201 29.379 9.564
50 5 1 30.236 10.201 29.407 9.564
51 5 1 30.292 10.211 29.462 9.573
52 5 1 30.551 10.229 29.379 9.573
53 5 1 30.514 10.238 29.398 9.555
54 5 1 30.514 10.220 29.361 9.564
55 5 1 30.523 10.229 29.370 9.545
56 5 1 30.560 10.229 29.481 9.545
57 5 1 30.597 10.239 29.564 9.555
58 5 1 30.643 10.229 29.648 9.564
59 5 1 30.634 10.285 29.778 9.481
60 5 1 30.698 10.276 29.871 9.491
61 5 1 30.763 10.276 29.917 9.500
62 5 1 30.791 10.294 29.973 9.473
63 5 1 30.782 10.257 29.945 9.500
64 5 1 30.828 10.266 30.000 9.491
65 5 1 30.958 10.257 30.111 9.500
66 5 1 31.078 10.248 30.167 9.500
67 5 1 31.152 10.230 30.195 9.482
68 5 1 31.198 10.230 30.194 9.519
69 5 1 31.217 10.239 30.222 9.510
70 5 1 31.235 10.249 30.269 9.501
71 5 1 31.226 10.267 30.269 9.501
72 5 1 31.216 10.295 30.287 9.482
73 5 1 31.235 10.313 30.306 9.482
74 5 1 31.171 10.212 30.351 9.574
75 5 1 31.208 10.212 30.388 9.575
76 5 1 31.254 10.221 30.435 9.584
77 5 1 31.290 10.378 30.538 9.390
78 5 1 31.319 10.203 30.509 9.566
79 5 1 31.356 10.203 30.546 9.566
80 5 1 31.310 10.184 30.500 9.547
81 5 1 31.448 10.203 30.638 9.566
82 5 1 31.485 10.203 30.675 9.566
83 5 1 31.541 10.212 30.731 9.575
84 5 1 31.855 10.249 30.916 9.566
86 5 1 31.938 10.240 30.943 9.575
87 5 1 31.928 10.258 30.981 9.548
88 5 1 31.855 10.222 31.045 9.585
89 5 1 31.910 10.249 31.045 9.548
90 5 1 31.883 10.212 31.073 9.576
91 5 1 32.039 10.305 31.157 9.484
92 5 1 32.104 10.185 31.231 9.456
93 5 1 32.113 10.286 31.277 9.465
94 5 1 32.095 10.185 31.286 9.548
95 5 1 32.132 10.185 31.323 9.548
96 5 1 32.169 10.185 31.360 9.548
97 5 1 32.206 10.185 31.397 9.548
98 5 1 32.252 10.185 31.443 9.549
99 5 1 32.298 10.185 31.489 9.549
100 5 1 32.335 10.185 31.526 9.549
101 5 1 32.382 10.185 31.572 9.549
102 5 1 32.428 10.185 31.618 9.549
103 5 1 32.465 10.185 31.655 9.549
104 5 1 32.511 10.195 31.702 9.558
105 5 1 32.566 10.195 31.757 9.558
106 5 1 32.612 10.204 31.803 9.567
107 5 1 32.649 10.204 31.840 9.568
108 5 1 32.695 10.213 31.886 9.577
109 5 1 32.741 10.223 31.932 9.586
110 5 1 32.778 10.232 31.969 9.595
111 5 1 32.815 10.232 32.006 9.595
113 5 1 32.806 10.223 31.997 9.586
114 5 1 32.852 10.223 32.043 9.586
115 5 1 32.889 10.223 32.080 9.586
116 5 1 32.935 10.214 32.126 9.577
117 5 1 32.981 10.214 32.173 9.577
118 5 1 33.018 10.214 32.209 9.577
119 5 1 33.064 10.214 32.256 9.577
120 5 1 33.111 10.205 32.302 9.568
121 5 1 33.148 10.195 32.339 9.559
122 5 1 33.194 10.195 32.385 9.559
123 5 1 33.240 10.186 32.431 9.550
124 5 1 33.405 10.380 32.590 9.247
126 5 1 33.388 10.131 32.579 9.495
127 5 1 33.425 10.122 32.616 9.486
128 5 1 33.462 10.122 32.653 9.486
129 5 1 33.498 10.113 32.690 9.477
130 5 1 33.545 10.104 32.736 9.468
131 5 1 33.600 10.095 32.792 9.459
132 5 1 33.637 10.095 32.829 9.459
133 5 1 33.683 10.086 32.875 9.450
134 5 1 33.711 10.086 32.902 9.450
136 5 1 33.702 10.076 32.893 9.440
137 5 1 33.738 10.076 32.930 9.440
138 5 1 33.775 10.067 32.967 9.431
139 5 1 34.097 10.160 33.235 9.432
140 5 1 34.061 10.104 33.253 9.469
141 5 1 34.098 10.104 33.290 9.469
142 5 1 34.144 10.105 33.336 9.469
143 5 1 34.190 10.105 33.382 9.469
144 5 1 34.245 10.105 33.437 9.469
145 5 1 34.291 10.105 33.483 9.469
146 5 1 34.328 10.105 33.520 9.469
147 5 1 34.365 10.105 33.557 9.469
148 5 1 34.411 10.105 33.603 9.469
149 5 1 34.466 10.105 33.658 9.469
150 5 1 34.503 10.105 33.695 9.469
151 5 1 34.549 10.114 33.751 9.479
153 5 1 34.613 10.344 33.926 9.396
154 5 1 34.640 10.344 33.908 9.405
155 5 1 34.659 10.188 33.879 9.552
0 6 1 27.398 11.270 26.409 10.594
1 6 1 27.370 11.326 26.437 10.595
2 6 1 27.361 11.307 26.456 10.576
3 6 1 27.379 11.335 26.493 10.613
4 6 1 27.379 11.326 26.474 10.604
5 6 1 27.407 11.335 26.502 10.613
6 6 1 27.435 11.344 26.530 10.622
7 6 1 27.481 11.354 26.576 10.632
8 6 1 27.528 11.363 26.623 10.641
9 6 1 27.574 11.354 26.669 10.632
10 6 1 27.602 11.363 26.697 10.641
11 6 1 27.789 11.261 26.837 10.539
12 6 1 27.770 11.261 26.856 10.539
13 6 1 27.807 11.271 26.893 10.549
14 6 1 27.882 11.261 26.968 10.540
15 6 1 27.919 11.271 27.005 10.549
16 6 1 27.956 11.261 27.042 10.540
17 6 1 27.993 11.308 27.079 10.586
18 6 1 28.030 11.280 27.116 10.558
19 6 1 28.086 11.289 27.172 10.567
20 6 1 28.123 11.261 27.209 10.540
21 6 1 28.160 11.308 27.246 10.586
22 6 1 28.216 11.298 27.302 10.577
23 6 1 28.244 11.308 27.330 10.586
24 6 1 28.290 11.280 27.376 10.558
25 6 1 28.309 11.289 27.395 10.568
26 6 1 28.365 11.280 27.451 10.558
27 6 1 28.402 11.289 27.488 10.568
28 6 1 28.458 11.280 27.544 10.559
29 6 1 28.513 11.289 27.599 10.568
30 6 1 28.550 11.280 27.637 10.559
31 6 1 28.588 11.271 27.674 10.549
32 6 1 28.643 11.262 27.730 10.540
33 6 1 28.699 11.253 27.785 10.531
34 6 1 28.736 11.243 27.823 10.522
35 6 1 28.773 11.234 27.860 10.513
36 6 1 28.811 11.225 27.897 10.503
37 6 1 28.866 11.234 27.953 10.513
38 6 1 28.922 11.225 28.009 10.504
39 6 1 28.940 11.234 28.027 10.513
40 6 1 28.996 11.225 28.083 10.504
41 6 1 29.033 11.234 28.120 10.513
42 6 1 29.070 11.225 28.157 10.504
43 6 1 29.107 11.234 28.194 10.513
44 6 1 29.163 11.225 28.250 10.504
45 6 1 29.219 11.216 28.306 10.495
46 6 1 29.256 11.207 28.343 10.485
47 6 1 29.293 11.216 28.380 10.495
48 6 1 29.349 11.207 28.436 10.485
49 6 1 29.404 11.216 28.491 10.495
50 6 1 29.442 11.207 28.529 10.486
51 6 1 29.479 11.216 28.566 10.495
52 6 1 29.516 11.207 28.603 10.486
53 6 1 29.553 11.216 28.640 10.495
54 6 1 29.590 11.207 28.677 10.486
55 6 1 29.645 11.216 28.733 10.495
56 6 1 29.701 11.207 28.788 10.486
57 6 1 29.720 11.216 28.807 10.495
58 6 1 29.775 11.207 28.863 10.486
59 6 1 29.812 11.216 28.900 10.495
60 6 1 29.849 11.207 28.937 10.486
61 6 1 29.905 11.216 28.992 10.495
62 6 1 29.961 11.207 29.048 10.486
63 6 1 29.998 11.198 29.085 10.477
64 6 1 30.035 11.189 29.122 10.468
65 6 1 30.090 11.198 29.178 10.477
66 6 1 30.146 11.189 29.234 10.468
67 6 1 30.183 11.179 29.271 10.459
68 6 1 30.220 11.170 29.308 10.449
69 6 1 30.257 11.179 29.345 10.459
70 6 1 30.294 11.170 29.382 10.449
71 6 1 30.350 11.179 29.438 10.459
72 6 1 30.406 11.189 29.493 10.468
73 6 1 30.442 11.198 29.530 10.477
74 6 1 30.480 11.189 29.567 10.468
75 6 1 30.535 11.198 29.623 10.477
76 6 1 30.591 11.189 29.679 10.468
77 6 1 30.609 11.217 29.697 10.496
78 6 1 30.665 11.207 29.753 10.487
79 6 1 30.702 11.217 29.790 10.496
80 6 1 30.739 11.226 29.827 10.505
81 6 1 30.794 11.235 29.882 10.515
82 6 1 30.850 11.226 29.938 10.505
83 6 1 30.868 11.235 29.956 10.515
84 6 1 30.924 11.244 30.012 10.524
85 6 1 30.961 11.254 30.049 10.533
86 6 1 30.998 11.244 30.086 10.524
87 6 1 31.035 11.272 30.123 10.552
88 6 1 31.072 11.263 30.160 10.543
89 6 1 31.090 11.272 30.178 10.552
90 6 1 31.146 11.263 30.234 10.543
91 6 1 31.164 11.272 30.252 10.552
92 6 1 31.238 11.281 30.326 10.561
93 6 1 31.275 11.291 30.363 10.570
94 6 1 31.312 11.281 30.400 10.561
95 6 1 31.349 11.309 30.437 10.589
96 6 1 31.404 11.300 30.493 10.580
97 6 1 31.423 11.309 30.511 10.589
98 6 1 31.478 11.300 30.567 10.580
99 6 1 31.515 11.309 30.604 10.589
100 6 1 31.552 11.300 30.641 10.580
101 6 1 31.608 11.309 30.696 10.589
102 6 1 31.663 11.300 30.752 10.580
103 6 1 31.700 11.309 30.789 10.589
104 6 1 31.737 11.319 30.826 10.598
105 6 1 31.793 11.328 30.881 10.608
106 6 1 31.848 11.319 30.937 10.599
107 6 1 31.867 11.328 30.955 10.608
108 6 1 31.922 11.337 31.011 10.617
109 6 1 31.941 11.346 31.029 10.626
110 6 1 31.996 11.337 31.085 10.617
111 6 1 32.033 11.346 31.122 10.626
112 6 1 32.070 11.337 31.159 10.617
113 6 1 32.125 11.365 31.214 10.645
114 6 1 32.181 11.356 31.270 10.636
115 6 1 32.218 11.365 31.307 10.645
116 6 1 32.255 11.356 31.344 10.636
117 6 1 32.310 11.365 31.399 10.645
118 6 1 32.366 11.356 31.455 10.636
119 6 1 32.384 11.383 31.473 10.664
120 6 1 32.440 11.374 31.529 10.654
121 6 1 32.458 11.383 31.547 10.664
122 6 1 32.513 11.374 31.603 10.654
123 6 1 32.550 11.384 31.640 10.664
124 6 1 32.587 11.374 31.677 10.655
125 6 1 32.624 11.384 31.713 10.664
126 6 1 32.661 11.374 31.751 10.655
127 6 1 32.698 11.384 31.787 10.664
128 6 1 32.735 11.374 31.824 10.655
129 6 1 32.790 11.384 31.880 10.664
130 6 1 32.846 11.356 31.935 10.636
131 6 1 32.883 11.365 31.972 10.646
132 6 1 32.938 11.356 32.028 10.636
133 6 1 32.994 11.347 32.083 10.627
134 6 1 33.031 11.338 32.120 10.618
135 6 1 33.086 11.347 32.176 10.627
136 6 1 33.142 11.338 32.231 10.618
137 6 1 33.179 11.328 32.268 10.609
138 6 1 33.216 11.319 32.305 10.600
139 6 1 33.252 11.329 32.342 10.609
140 6 1 33.289 11.319 32.379 10.600
141 6 1 33.326 11.329 32.416 10.609
142 6 1 33.363 11.319 32.453 10.600
143 6 1 33.400 11.329 32.490 10.609
144 6 1 33.456 11.319 32.545 10.600
145 6 1 33.511 11.329 32.601 10.609
146 6 1 33.548 11.319 32.638 10.600
147 6 1 33.603 11.329 32.693 10.609
148 6 1 33.659 11.319 32.749 10.600
149 6 1 33.677 11.329 32.767 10.609
150 6 1 33.751 11.320 32.841 10.600
151 6 1 33.788 11.329 32.878 10.610
152 6 1 33.825 11.320 32.915 10.600
153 6 1 33.861 11.329 32.952 10.610
154 6 1 33.898 11.320 32.989 10.600
155 6 1 33.935 11.329 33.025 10.610
0 7 1 27.795 12.872 26.842 12.196
1 7 1 27.822 12.890 26.823 12.186
2 7 1 27.878 12.899 26.879 12.196
3 7 1 27.897 12.909 26.898 12.205
4 7 1 27.943 12.899 26.944 12.196
5 7 1 27.999 12.909 27.000 12.205
6 7 1 28.036 12.899 27.037 12.196
7 7 1 28.083 12.908 27.084 12.205
8 7 1 28.129 12.899 27.130 12.196
9 7 1 28.176 12.908 27.177 12.205
10 7 1 28.222 12.899 27.224 12.196
11 7 1 28.269 12.908 27.270 12.205
12 7 1 28.334 12.899 27.335 12.196
13 7 1 28.361 12.908 27.363 12.205
14 7 1 28.427 12.899 27.428 12.196
15 7 1 28.473 12.908 27.475 12.205
16 7 1 28.538 12.899 27.540 12.196
17 7 1 28.575 12.908 27.577 12.205
18 7 1 28.631 12.899 27.633 12.196
19 7 1 28.659 12.908 27.661 12.205
20 7 1 28.724 12.899 27.726 12.196
21 7 1 28.752 12.908 27.754 12.205
22 7 1 28.817 12.917 27.819 12.214
23 7 1 28.844 12.927 27.846 12.223
24 7 1 28.891 12.936 27.893 12.233
25 7 1 28.937 12.945 27.939 12.242
26 7 1 28.984 12.936 27.986 12.233
27 7 1 29.030 12.945 28.032 12.242
28 7 1 29.095 12.954 28.097 12.251
29 7 1 29.141 12.963 28.143 12.260
30 7 1 29.206 12.973 28.208 12.270
31 7 1 29.253 12.982 28.255 12.279
32 7 1 29.299 12.973 28.301 12.270
33 7 1 29.345 12.982 28.348 12.279
34 7 1 29.392 12.973 28.394 12.270
35 7 1 29.438 12.982 28.441 12.279
36 7 1 29.485 12.973 28.487 12.270
37 7 1 29.513 12.982 28.515 12.279
38 7 1 29.578 12.972 28.580 12.270
39 7 1 29.605 12.982 28.608 12.279
40 7 1 29.670 12.972 28.673 12.270
41 7 1 29.698 12.982 28.701 12.279
42 7 1 29.763 12.972 28.766 12.270
43 7 1 29.809 12.982 28.812 12.279
44 7 1 29.856 12.972 28.859 12.270
45 7 1 29.902 12.982 28.905 12.279
46 7 1 29.967 12.972 28.970 12.270
47 7 1 30.013 12.981 29.016 12.279
48 7 1 30.078 12.972 29.081 12.270
49 7 1 30.106 12.981 29.109 12.279
50 7 1 30.171 12.972 29.174 12.270
51 7 1 30.199 12.981 29.202 12.279
52 7 1 30.264 12.972 29.267 12.270
53 7 1 30.292 13.000 29.295 12.297
54 7 1 30.357 12.991 29.360 12.288
55 7 1 30.384 13.000 29.387 12.297
56 7 1 30.431 13.009 29.434 12.307
57 7 1 30.477 13.018 29.480 12.316
58 7 1 30.542 13.009 29.545 12.306
59 7 1 30.588 13.037 29.591 12.334
60 7 1 30.634 13.046 29.638 12.343
61 7 1 30.681 13.055 29.684 12.353
62 7 1 30.745 13.064 29.749 12.362
63 7 1 30.792 13.073 29.795 12.371
64 7 1 30.838 13.064 29.842 12.362
65 7 1 30.884 13.073 29.888 12.371
66 7 1 30.949 13.083 29.953 12.380
67 7 1 30.977 13.092 29.980 12.390
68 7 1 31.023 13.083 30.027 12.380
69 7 1 31.069 13.092 30.073 12.390
70 7 1 31.116 13.083 30.120 12.380
71 7 1 31.144 13.092 30.147 12.390
72 7 1 31.208 13.082 30.212 12.380
73 7 1 31.236 13.073 30.240 12.371
74 7 1 31.301 13.064 30.305 12.362
75 7 1 31.347 13.073 30.351 12.371
76 7 1 31.412 13.064 30.416 12.362
77 7 1 31.458 13.073 30.463 12.371
78 7 1 31.505 13.064 30.509 12.362
79 7 1 31.551 13.073 30.555 12.371
80 7 1 31.616 13.064 30.620 12.362
81 7 1 31.644 13.073 30.648 12.371
82 7 1 31.708 13.082 30.713 12.380
83 7 1 31.736 13.091 30.740 12.389
84 7 1 31.801 13.101 30.805 12.399
85 7 1 31.829 13.110 30.833 12.408
86 7 1 31.893 13.101 30.898 12.399
87 7 1 31.921 13.110 30.926 12.408
88 7 1 31.986 13.100 30.990 12.399
89 7 1 32.014 13.110 31.018 12.408
90 7 1 32.078 13.119 31.083 12.417
91 7 1 32.125 13.128 31.129 12.426
92 7 1 32.189 13.119 31.194 12.417
93 7 1 32.236 13.128 31.240 12.426
94 7 1 32.300 13.119 31.305 12.417
95 7 1 32.328 13.128 31.333 12.426
96 7 1 32.393 13.137 31.398 12.436
97 7 1 32.439 13.146 31.444 12.445
98 7 1 32.485 13.137 31.490 12.436
99 7 1 32.531 13.128 31.536 12.426
100 7 1 32.578 13.119 31.583 12.417
101 7 1 32.624 13.128 31.629 12.426
102 7 1 32.670 13.119 31.675 12.417
103 7 1 32.716 13.109 31.722 12.408
104 7 1 32.763 13.100 31.768 12.399
105 7 1 32.809 13.091 31.814 12.389
106 7 1 32.855 13.081 31.861 12.380
107 7 1 32.902 13.072 31.907 12.371
108 7 1 32.966 13.063 31.972 12.362
109 7 1 33.013 13.054 32.018 12.352
110 7 1 33.059 13.044 32.064 12.343
111 7 1 33.105 13.054 32.110 12.352
112 7 1 33.151 13.044 32.157 12.343
113 7 1 33.197 13.035 32.203 12.334
114 7 1 33.244 13.026 32.249 12.325
115 7 1 33.290 13.035 32.296 12.334
116 7 1 33.336 13.044 32.342 12.343
117 7 1 33.382 13.053 32.388 12.352
118 7 1 33.428 13.044 32.434 12.343
119 7 1 33.456 13.053 32.462 12.352
120 7 1 33.521 13.044 32.527 12.343
121 7 1 33.548 13.053 32.554 12.352
122 7 1 33.613 13.044 32.619 12.343
123 7 1 33.659 13.053 32.665 12.352
124 7 1 33.724 13.062 32.730 12.361
125 7 1 33.770 13.072 32.776 12.371
126 7 1 33.816 13.081 32.822 12.380
127 7 1 33.862 13.090 32.868 12.389
128 7 1 33.908 13.081 32.914 12.380
129 7 1 33.954 13.090 32.961 12.389
130 7 1 34.001 13.081 33.007 12.380
131 7 1 34.047 13.090 33.053 12.389
132 7 1 34.093 13.081 33.099 12.380
133 7 1 34.121 13.071 33.127 12.371
134 7 1 34.185 13.062 33.192 12.361
135 7 1 34.213 13.071 33.219 12.371
136 7 1 34.259 13.062 33.266 12.361
137 7 1 34.305 13.071 33.312 12.371
138 7 1 34.370 13.062 33.376 12.361
139 7 1 34.416 13.053 33.423 12.352
140 7 1 34.462 13.044 33.469 12.343
141 7 1 34.508 13.034 33.515 12.334
142 7 1 34.573 13.025 33.580 12.324
143 7 1 34.601 13.016 33.607 12.315
144 7 1 34.665 13.007 33.672 12.306
145 7 1 34.693 13.016 33.700 12.315
146 7 1 34.757 13.006 33.764 12.306
147 7 1 34.785 13.016 33.792 12.315
148 7 1 34.831 13.006 33.838 12.306
149 7 1 34.877 13.016 33.884 12.315
150 7 1 34.923 13.006 33.930 12.306
151 7 1 34.969 13.016 33.977 12.315
152 7 1 35.016 13.006 34.023 12.306
153 7 1 35.062 13.016 34.069 12.315
154 7 1 35.108 13.006 34.115 12.306
155 7 1 35.154 13.015 34.161 12.315
0 11 2 33.115 19.929 32.133 18.065
1 11 2 33.162 19.910 32.021 18.168
2 11 2 33.181 19.873 32.097 18.010
3 11 2 33.162 19.808 32.069 17.935
4 11 2 33.144 19.743 32.097 17.954
5 11 2 33.145 19.622 32.107 17.731
6 11 2 33.173 19.547 32.154 17.731
7 11 2 33.183 19.445 32.155 17.610
8 11 2 33.192 19.426 32.164 17.573
9 11 2 33.229 19.380 32.117 17.731
10 11 2 33.267 19.333 32.126 17.796
11 11 2 33.369 19.249 32.116 17.815
12 11 2 33.258 19.240 32.231 17.127
13 11 2 33.258 19.166 32.214 16.979
14 11 2 33.269 18.989 32.204 17.100
15 11 2 33.278 18.906 32.185 17.100
16 11 2 33.316 18.813 32.204 17.053
17 11 2 33.279 18.841 32.269 16.998
18 11 2 33.232 18.804 32.307 16.895
19 11 2 33.279 18.711 32.345 16.728
20 11 2 33.326 18.534 32.327 16.562
21 11 2 33.327 18.469 32.318 16.636
22 11 2 33.327 18.358 32.374 16.441
23 11 2 33.300 18.293 32.421 16.292
24 11 2 33.263 18.210 32.321 16.015
25 11 2 33.282 18.107 32.367 16.089
26 11 2 33.264 18.015 32.321 15.996
27 11 2 33.302 17.866 32.321 15.959
28 11 2 33.229 17.709 32.303 15.996
29 11 2 33.257 17.671 32.313 15.774
30 11 2 33.192 17.607 32.267 15.728
31 11 2 33.221 17.495 32.314 15.663
32 11 2 33.268 17.319 32.360 15.644
33 11 2 33.305 17.347 32.306 15.477
34 11 2 33.259 17.273 32.352 15.450
35 11 2 33.296 17.180 32.408 15.329
36 11 2 33.353 16.994 32.456 15.079
37 11 2 33.335 16.883 32.420 14.922
38 11 2 33.308 16.726 32.420 14.820
39 11 2 33.411 16.531 32.420 14.838
40 11 2 33.355 16.596 32.467 14.783
41 11 2 33.355 16.494 32.467 14.681
42 11 2 33.356 16.373 32.468 14.561
43 11 2 33.357 16.271 32.469 14.459
44 11 2 33.376 16.151 32.488 14.339
45 11 2 33.376 16.049 32.488 14.237
46 11 2 33.377 15.957 32.519 13.775
47 11 2 33.368 15.920 32.464 13.682
48 11 2 33.368 15.883 32.455 13.664
49 11 2 33.415 15.688 32.510 13.581
50 11 2 33.397 15.549 32.519 13.738
51 11 2 33.500 15.392 32.418 13.581
52 11 2 33.528 15.271 32.409 13.590
53 11 2 33.557 15.096 32.391 13.424
54 11 2 33.408 15.161 32.530 13.368
55 11 2 33.437 15.059 32.558 13.266
56 11 2 33.446 14.938 32.568 13.146
57 11 2 33.475 14.837 32.597 13.045
58 11 2 33.485 14.716 32.607 12.925
59 11 2 33.523 14.393 32.674 12.371
60 11 2 33.533 14.282 32.664 12.481
61 11 2 33.552 14.189 32.683 12.389
62 11 2 33.553 14.060 32.684 12.260
63 11 2 33.572 13.949 32.703 12.149
64 11 2 33.740 13.616 32.565 12.048
65 11 2 33.721 13.561 32.630 11.992
66 11 2 33.601 13.672 32.732 11.891
67 11 2 33.787 13.386 32.844 11.697
68 11 2 33.860 13.422 32.919 11.550
69 11 2 33.981 13.367 32.910 11.559
70 11 2 34.000 13.191 32.984 11.476
71 11 2 34.074 13.099 33.096 11.245
72 11 2 34.056 13.099 33.133 11.135
73 11 2 34.176 13.127 33.189 11.006
74 11 2 34.224 12.776 33.116 11.015
75 11 2 34.205 12.767 33.080 10.748
76 11 2 34.224 12.610 33.182 10.656
77 11 2 34.308 12.472 33.173 10.619
78 11 2 34.308 12.416 33.173 10.619
79 11 2 34.346 12.250 33.146 10.536
80 11 2 34.365 12.186 33.192 10.518
81 11 2 34.365 12.020 33.202 10.297
82 11 2 34.365 12.094 33.212 10.223
83 11 2 34.449 11.900 33.175 10.159
84 11 2 34.440 11.928 33.167 9.984
85 11 2 34.467 11.891 33.149 9.836
86 11 2 34.459 11.799 33.196 9.689
87 11 2 34.542 11.605 33.187 9.671
88 11 2 34.561 11.559 33.178 9.616
89 11 2 34.505 11.615 33.272 9.312
90 11 2 34.276 11.486 33.408 9.754
91 11 2 34.295 11.384 33.427 9.653
92 11 2 34.313 11.283 33.446 9.552
93 11 2 34.332 11.163 33.465 9.432
94 11 2 34.351 11.062 33.484 9.331
95 11 2 34.621 10.593 33.635 8.614
96 11 2 34.684 10.731 33.543 8.522
97 11 2 34.741 10.519 33.599 8.467
98 11 2 34.750 10.400 33.710 8.320
99 11 2 34.769 10.372 33.720 8.192
100 11 2 34.816 10.188 33.702 8.036
101 11 2 34.779 10.170 33.768 7.788
102 11 2 34.679 9.976 33.812 8.247
103 11 2 34.679 9.875 33.812 8.146
104 11 2 34.680 9.774 33.813 8.045
105 11 2 34.680 9.655 33.813 7.926
106 11 2 34.680 9.554 33.814 7.825
107 11 2 34.811 9.260 33.714 7.457
108 11 2 34.802 9.205 33.771 7.274
109 11 2 34.710 9.103 33.844 7.375
110 11 2 34.757 8.910 33.671 6.962
111 11 2 34.729 8.883 33.634 6.971
112 11 2 34.610 8.791 33.744 7.063
113 11 2 34.611 8.681 33.745 6.953
114 11 2 34.658 8.424 33.626 6.641
115 11 2 34.658 8.350 33.691 6.531
116 11 2 34.650 8.231 33.701 6.357
117 11 2 34.604 8.139 33.610 6.292
118 11 2 34.540 8.084 33.674 6.356
119 11 2 34.540 7.983 33.674 6.256
120 11 2 34.541 7.882 33.675 6.155
121 11 2 34.523 7.762 33.657 6.036
122 11 2 34.542 7.661 33.676 5.935
123 11 2 34.524 7.542 33.658 5.816
124 11 2 34.524 7.441 33.659 5.715
125 11 2 34.525 7.313 33.659 5.587
126 11 2 34.525 7.221 33.660 5.495
127 11 2 34.507 7.102 33.642 5.376
128 11 2 34.489 7.001 33.624 5.275
129 11 2 34.553 7.102 33.460 4.936
130 11 2 34.444 6.882 33.579 5.156
131 11 2 34.454 6.772 33.588 5.046
132 11 2 34.491 6.643 33.407 4.523
133 11 2 34.382 6.460 33.516 4.734
134 11 2 34.391 6.350 33.526 4.625
135 11 2 34.383 6.240 33.517 4.515
136 11 2 34.585 6.277 33.418 4.167
137 11 2 34.429 6.093 33.564 4.369
138 11 2 34.430 5.983 33.565 4.259
139 11 2 34.577 5.874 33.502 3.957
140 11 2 34.513 5.846 33.484 3.847
141 11 2 34.606 5.700 33.448 3.709
142 11 2 34.606 5.554 33.485 3.664
143 11 2 34.579 5.526 33.513 3.582
144 11 2 34.597 5.535 33.532 3.426
145 11 2 34.552 5.480 33.524 3.143
146 11 2 34.469 5.352 33.605 3.628
147 11 2 34.479 5.233 33.614 3.509
148 11 2 34.480 5.132 33.615 3.409
149 11 2 34.435 4.729 33.608 2.860
150 11 2 34.500 4.785 33.352 2.667
151 11 2 34.509 4.647 33.298 2.539
152 11 2 34.427 4.638 33.571 2.915
153 11 2 34.436 4.537 33.581 2.814
154 11 2 34.428 4.455 33.572 2.732
155 11 2 34.437 4.354 33.582 2.632
0 13 1 27.128 10.290 26.185 9.577
1 13 1 27.155 10.309 26.167 9.568
2 13 1 26.997 10.373 26.214 9.494
3 13 1 27.044 10.336 26.223 9.503
4 13 1 27.053 10.336 26.242 9.504
5 13 1 27.164 10.346 26.344 9.504
6 13 1 27.192 10.346 26.381 9.485
7 13 1 27.286 10.300 26.465 9.513
8 13 1 27.258 10.318 26.446 9.495
9 13 1 27.313 10.318 26.502 9.495
10 13 1 27.341 10.318 26.530 9.495
11 13 1 27.388 10.300 26.577 9.476
12 13 1 27.434 10.300 26.623 9.476
13 13 1 27.481 10.300 26.670 9.476
14 13 1 27.499 10.300 26.688 9.477
15 13 1 27.555 10.300 26.744 9.477
16 13 1 27.583 10.300 26.772 9.477
26 13 1 28.102 10.448 27.235 9.644
27 13 1 28.139 10.457 27.272 9.653
28 13 1 28.176 10.467 27.309 9.662
29 13 1 28.232 10.458 27.365 9.653
30 13 1 28.269 10.467 27.402 9.662
31 13 1 28.325 10.458 27.458 9.653
32 13 1 28.362 10.467 27.495 9.662
33 13 1 28.362 10.356 27.458 9.616
34 13 1 28.409 10.365 27.524 9.589
35 13 1 28.400 10.356 27.514 9.598
36 13 1 28.446 10.347 27.561 9.589
37 13 1 28.474 10.338 27.589 9.579
38 13 1 28.520 10.347 27.635 9.589
39 13 1 28.567 10.338 27.682 9.580
40 13 1 28.613 10.329 27.728 9.570
41 13 1 28.641 10.319 27.756 9.561
42 13 1 28.706 10.310 27.821 9.552
43 13 1 28.734 10.301 27.849 9.543
44 13 1 28.780 10.310 27.895 9.552
45 13 1 28.808 10.301 27.923 9.543
46 13 1 28.855 10.292 27.970 9.534
47 13 1 28.883 10.283 27.998 9.525
48 13 1 28.929 10.292 28.044 9.534
49 13 1 28.975 10.283 28.090 9.525
50 13 1 29.022 10.292 28.137 9.534
51 13 1 29.049 10.301 28.165 9.543
52 13 1 29.096 10.311 28.211 9.553
53 13 1 29.124 10.302 28.239 9.544
54 13 1 29.170 10.311 28.285 9.553
55 13 1 29.198 10.320 28.313 9.562
56 13 1 29.244 10.348 28.359 9.590
57 13 1 29.290 10.357 28.405 9.599
58 13 1 29.336 10.385 28.452 9.627
59 13 1 29.382 10.394 28.498 9.636
60 13 1 29.429 10.422 28.544 9.664
61 13 1 29.456 10.413 28.572 9.655
62 13 1 29.503 10.422 28.618 9.664
63 13 1 29.549 10.431 28.665 9.673
64 13 1 29.595 10.422 28.711 9.664
65 13 1 29.623 10.413 28.739 9.655
66 13 1 29.670 10.422 28.785 9.664
67 13 1 29.697 10.413 28.813 9.655
68 13 1 29.744 10.422 28.859 9.664
69 13 1 29.790 10.413 28.906 9.655
70 13 1 29.836 10.422 28.952 9.665
71 13 1 29.883 10.413 28.998 9.655
72 13 1 29.929 10.404 29.045 9.646
73 13 1 29.976 10.376 29.091 9.619
74 13 1 30.022 10.367 29.138 9.610
75 13 1 30.068 10.358 29.184 9.600
76 13 1 30.115 10.367 29.231 9.610
77 13 1 30.161 10.358 29.277 9.601
78 13 1 30.207 10.367 29.323 9.610
79 13 1 30.235 10.358 29.351 9.601
80 13 1 30.281 10.367 29.397 9.610
81 13 1 30.309 10.358 29.425 9.601
82 13 1 30.355 10.367 29.471 9.610
83 13 1 30.383 10.358 29.499 9.601
84 13 1 30.429 10.368 29.546 9.610
85 13 1 30.457 10.377 29.573 9.619
86 13 1 30.503 10.386 29.620 9.629
87 13 1 30.531 10.395 29.647 9.638
88 13 1 30.577 10.405 29.694 9.647
89 13 1 30.624 10.414 29.740 9.657
90 13 1 30.670 10.442 29.786 9.684
91 13 1 30.716 10.451 29.832 9.694
92 13 1 30.762 10.460 29.878 9.703
93 13 1 30.790 10.451 29.906 9.694
94 13 1 30.836 10.460 29.952 9.703
95 13 1 30.864 10.451 29.980 9.694
96 13 1 31.067 10.525 30.127 9.851
97 13 1 31.039 10.553 30.146 9.823
98 13 1 31.076 10.553 30.183 9.823
99 13 1 31.113 10.553 30.220 9.823
100 13 1 31.150 10.553 30.257 9.823
101 13 1 31.187 10.553 30.294 9.823
102 13 1 31.224 10.553 30.331 9.823
103 13 1 31.280 10.553 30.387 9.823
104 13 1 31.317 10.553 30.424 9.823
105 13 1 31.354 10.534 30.461 9.805
106 13 1 31.391 10.516 30.498 9.787
107 13 1 31.428 10.516 30.535 9.787
108 13 1 31.465 10.535 30.572 9.805
109 13 1 31.511 10.525 30.628 9.796
111 13 1 31.502 10.516 30.618 9.787
112 13 1 31.529 10.516 30.646 9.787
113 13 1 31.576 10.516 30.692 9.787
114 13 1 31.622 10.516 30.739 9.787
115 13 1 31.687 10.535 30.803 9.806
116 13 1 31.733 10.535 30.850 9.806
117 13 1 31.779 10.553 30.896 9.824
118 13 1 31.807 10.553 30.923 9.824
119 13 1 31.853 10.553 30.970 9.824
120 13 1 31.899 10.572 31.016 9.843
121 13 1 31.945 10.572 31.062 9.843
122 13 1 32.010 10.572 31.127 9.843
123 13 1 32.056 10.572 31.173 9.843
124 13 1 32.102 10.572 31.219 9.843
125 13 1 32.148 10.572 31.265 9.843
126 13 1 32.176 10.572 31.293 9.843
127 13 1 32.204 10.554 31.321 9.825
128 13 1 32.471 10.646 31.552 9.890
129 13 1 32.444 10.628 31.561 9.899
130 13 1 32.490 10.628 31.607 9.899
131 13 1 32.536 10.628 31.653 9.899
132 13 1 32.564 10.628 31.681 9.899
133 13 1 32.610 10.628 31.727 9.899
134 13 1 32.656 10.628 31.773 9.899
135 13 1 32.702 10.628 31.820 9.899
136 13 1 32.748 10.628 31.866 9.899
137 13 1 32.813 10.628 31.931 9.899
138 13 1 32.841 10.628 31.958 9.899
139 13 1 32.887 10.628 32.004 9.899
140 13 1 32.933 10.628 32.051 9.899
141 13 1 32.961 10.628 32.078 9.899
142 13 1 32.988 10.628 32.106 9.899
143 13 1 33.035 10.628 32.152 9.900
144 13 1 33.062 10.628 32.180 9.900
145 13 1 33.127 10.610 32.245 9.890
147 13 1 33.118 10.601 32.235 9.881
148 13 1 33.164 10.610 32.282 9.890
149 13 1 33.210 10.601 32.328 9.881
150 13 1 33.256 10.610 32.374 9.891
151 13 1 33.302 10.619 32.420 9.900
152 13 1 33.348 10.610 32.466 9.891
153 13 1 33.376 10.601 32.494 9.882
154 13 1 33.441 10.610 32.559 9.891
155 13 1 33.468 10.601 32.586 9.882
