0 0 1 39.349 13.061 39.966 13.802
1 0 1 39.420 13.132 39.825 13.432
2 0 1 39.361 13.073 39.954 13.731
3 0 1 39.349 13.061 39.942 13.719
4 0 1 39.349 13.061 39.942 13.719
5 0 1 39.349 13.061 39.942 13.719
6 0 1 39.349 13.061 39.942 13.719
7 0 1 39.349 13.061 39.942 13.719
8 0 1 39.349 13.061 39.942 13.719
9 0 1 39.349 13.061 39.942 13.719
10 0 1 39.349 13.061 39.942 13.719
11 0 1 39.349 13.061 39.942 13.719
12 0 1 39.349 13.061 39.942 13.719
13 0 1 39.349 13.061 39.942 13.719
14 0 1 39.337 13.049 39.930 13.707
15 0 1 39.349 13.061 39.942 13.719
16 0 1 39.349 13.073 39.942 13.731
17 0 1 39.361 13.085 39.954 13.743
18 0 1 39.361 13.073 39.954 13.731
19 0 1 39.361 13.085 39.954 13.743
20 0 1 39.361 13.073 39.954 13.731
21 0 1 39.361 13.085 39.954 13.743
22 0 1 39.361 13.085 39.954 13.743
23 0 1 39.361 13.097 39.954 13.754
24 0 1 39.361 13.085 39.954 13.743
25 0 1 39.361 13.085 39.954 13.743
26 0 1 39.361 13.085 39.954 13.743
27 0 1 39.361 13.085 39.954 13.743
28 0 1 39.361 13.085 39.954 13.743
29 0 1 39.361 13.097 39.954 13.754
30 0 1 39.361 13.097 39.954 13.754
31 0 1 39.361 13.097 39.954 13.754
32 0 1 39.361 13.108 39.954 13.766
33 0 1 39.361 13.097 39.954 13.754
34 0 1 39.361 13.108 39.954 13.766
35 0 1 39.361 13.097 39.954 13.754
36 0 1 39.361 13.108 39.954 13.766
37 0 1 39.361 13.097 39.954 13.754
38 0 1 39.361 13.108 39.954 13.766
39 0 1 39.361 13.097 39.954 13.754
40 0 1 39.361 13.108 39.954 13.766
41 0 1 39.361 13.097 39.954 13.754
42 0 1 39.361 13.108 39.954 13.766
43 0 1 39.361 13.097 39.954 13.754
44 0 1 39.361 13.108 39.954 13.766
45 0 1 39.361 13.097 39.954 13.754
46 0 1 39.361 13.108 39.954 13.766
47 0 1 39.361 13.097 39.954 13.754
48 0 1 39.361 13.108 39.954 13.766
49 0 1 39.361 13.097 39.954 13.754
50 0 1 39.361 13.108 39.954 13.766
51 0 1 39.361 13.097 39.954 13.754
52 0 1 39.361 13.097 39.954 13.754
53 0 1 39.361 13.097 39.954 13.754
54 0 1 39.361 13.097 39.954 13.754
55 0 1 39.361 13.097 39.954 13.754
56 0 1 39.361 13.108 39.954 13.766
57 0 1 39.253 13.180 40.061 13.874
58 0 1 39.372 13.144 39.966 13.802
59 0 1 39.289 13.132 40.073 13.838
60 0 1 39.432 13.133 39.824 13.480
61 0 1 39.373 13.108 39.954 13.754
62 0 1 39.361 13.120 40.049 13.886
63 0 1 39.432 13.144 39.824 13.480
64 0 1 39.385 13.109 39.954 13.743
65 0 1 39.385 13.109 39.954 13.743
66 0 1 39.385 13.109 39.954 13.743
67 0 1 39.385 13.109 39.954 13.743
68 0 1 39.385 13.109 39.954 13.743
69 0 1 39.385 13.109 39.954 13.743
70 0 1 39.241 13.192 40.085 13.767
71 0 1 39.396 13.132 39.966 13.766
72 0 1 39.396 13.132 39.966 13.766
73 0 1 39.396 13.132 39.966 13.766
74 0 1 39.396 13.132 39.966 13.766
75 0 1 39.396 13.132 39.966 13.766
76 0 1 39.396 13.132 39.966 13.766
77 0 1 39.396 13.132 39.966 13.766
78 0 1 39.396 13.132 39.966 13.766
79 0 1 39.396 13.132 39.966 13.766
80 0 1 39.396 13.132 39.966 13.766
81 0 1 39.396 13.132 39.966 13.766
82 0 1 39.396 13.132 39.966 13.766
83 0 1 39.396 13.132 39.966 13.766
84 0 1 39.396 13.132 39.966 13.766
85 0 1 39.396 13.132 39.966 13.766
86 0 1 39.396 13.132 39.966 13.766
87 0 1 39.396 13.132 39.966 13.766
88 0 1 39.396 13.132 39.966 13.766
89 0 1 39.396 13.132 39.966 13.766
90 0 1 39.265 13.216 40.049 13.874
91 0 1 39.396 13.180 39.966 13.814
92 0 1 39.396 13.180 39.966 13.814
93 0 1 39.300 13.216 40.097 13.886
94 0 1 39.313 13.168 40.085 13.850
95 0 1 39.420 13.216 39.989 13.850
96 0 1 39.420 13.216 39.989 13.850
97 0 1 39.420 13.216 39.989 13.850
98 0 1 39.313 13.156 40.026 13.767
99 0 1 39.396 13.168 39.966 13.826
100 0 1 39.372 13.144 39.966 13.802
101 0 1 39.348 13.180 39.930 13.814
102 0 1 39.360 13.156 39.966 13.802
103 0 1 39.384 13.168 39.918 13.850
104 0 1 39.408 13.192 39.942 13.814
105 0 1 39.372 13.168 39.990 13.778
106 0 1 39.360 13.180 39.954 13.814
107 0 1 39.384 13.144 39.978 13.802
108 0 1 39.360 13.180 39.954 13.790
109 0 1 39.360 13.204 39.966 13.802
110 0 1 39.408 13.156 39.978 13.766
111 0 1 39.408 13.144 39.978 13.790
112 0 1 39.420 13.180 39.990 13.814
113 0 1 39.420 13.180 39.990 13.814
114 0 1 39.372 13.192 39.965 13.862
115 0 1 39.444 13.192 39.965 13.874
116 0 1 39.360 13.144 39.978 13.826
117 0 1 39.336 13.180 39.942 13.802
118 0 1 39.336 13.192 39.942 13.814
119 0 1 39.384 13.204 39.954 13.838
120 0 1 39.313 13.144 39.978 13.743
121 0 1 39.348 13.192 39.990 13.755
122 0 1 39.360 13.204 39.978 13.755
123 0 1 39.384 13.180 39.942 13.754
124 0 1 39.372 13.168 39.930 13.766
125 0 1 39.372 13.168 39.978 13.778
126 0 1 39.396 13.204 39.966 13.826
127 0 1 39.372 13.204 39.990 13.814
128 0 1 39.348 13.180 39.942 13.814
129 0 1 39.384 13.192 39.966 13.814
130 0 1 39.324 13.204 39.954 13.826
131 0 1 39.324 13.192 39.989 13.838
132 0 1 39.324 13.192 39.990 13.790
133 0 1 39.372 13.168 39.978 13.778
134 0 1 39.348 13.180 39.942 13.814
135 0 1 39.336 13.204 39.930 13.790
136 0 1 39.360 13.180 39.918 13.790
137 0 1 39.348 13.156 39.942 13.766
138 0 1 39.313 13.156 39.966 13.790
139 0 1 39.336 13.168 39.942 13.790
140 0 1 39.312 13.192 39.930 13.790
141 0 1 39.348 13.180 39.978 13.790
142 0 1 39.336 13.192 39.966 13.802
143 0 1 39.396 13.204 39.954 13.826
144 0 1 39.336 13.204 39.918 13.838
145 0 1 39.312 13.216 39.918 13.850
146 0 1 39.300 13.216 39.918 13.850
147 0 1 39.372 13.204 39.966 13.814
148 0 1 39.384 13.192 39.966 13.838
149 0 1 39.336 13.204 39.930 13.838
150 0 1 39.324 13.204 39.942 13.850
151 0 1 39.300 13.204 39.930 13.838
152 0 1 39.336 13.216 39.989 13.886
153 0 1 39.277 13.204 39.894 13.862
154 0 1 39.312 13.204 39.918 13.886
155 0 1 39.288 13.216 39.918 13.874
156 0 1 39.348 13.216 39.977 13.862
157 0 1 39.360 13.192 39.930 13.874
158 0 1 39.336 13.204 39.882 13.862
159 0 1 39.348 13.180 39.906 13.874
160 0 1 39.372 13.216 39.942 13.874
161 0 1 39.324 13.228 39.965 13.886
162 0 1 39.312 13.204 39.918 13.850
163 0 1 39.313 13.168 39.930 13.826
164 0 1 39.336 13.180 39.942 13.838
165 0 1 39.408 13.168 39.965 13.886
166 0 1 39.324 13.192 39.977 13.886
167 0 1 39.348 13.204 39.965 13.874
168 0 1 39.325 13.156 39.870 13.874
169 0 1 39.372 13.192 39.930 13.850
170 0 1 39.420 13.156 39.954 13.862
171 0 1 39.301 13.156 39.906 13.874
172 0 1 39.324 13.180 39.942 13.790
173 0 1 39.336 13.180 39.882 13.790
174 0 1 39.372 13.168 39.894 13.766
175 0 1 39.360 13.168 39.906 13.778
176 0 1 39.360 13.156 39.906 13.766
177 0 1 39.348 13.168 39.918 13.814
178 0 1 39.337 13.156 39.930 13.754
179 0 1 39.360 13.192 39.906 13.826
180 0 1 39.336 13.168 39.906 13.790
181 0 1 39.360 13.192 39.930 13.814
182 0 1 39.360 13.192 39.930 13.814
183 0 1 39.288 13.204 39.930 13.802
184 0 1 39.336 13.216 39.930 13.802
185 0 1 39.372 13.216 39.942 13.814
186 0 1 39.348 13.192 39.894 13.802
187 0 1 39.360 13.204 39.930 13.766
188 0 1 39.372 13.216 39.942 13.838
189 0 1 39.336 13.168 39.942 13.850
190 0 1 39.372 13.216 39.942 13.838
191 0 1 39.348 13.192 39.966 13.850
192 0 1 39.325 13.144 39.929 13.957
193 0 1 39.277 13.204 39.930 13.850
194 0 1 39.288 13.204 39.930 13.874
195 0 1 39.288 13.240 39.930 13.862
196 0 1 39.288 13.228 39.942 13.850
197 0 1 39.348 13.252 39.918 13.874
198 0 1 39.289 13.156 39.942 13.814
199 0 1 39.313 13.156 39.966 13.814
200 0 1 39.313 13.144 39.930 13.802
201 0 1 39.349 13.132 39.966 13.778
202 0 1 39.337 13.120 39.990 13.778
203 0 1 39.301 13.096 39.978 13.778
204 0 1 39.301 13.084 39.978 13.802
205 0 1 39.384 13.168 39.954 13.790
206 0 1 39.384 13.168 39.954 13.790
207 0 1 39.253 13.144 39.978 13.814
208 0 1 39.384 13.180 39.954 13.802
209 0 1 39.384 13.180 39.954 13.802
210 0 1 39.301 13.144 39.977 13.850
211 0 1 39.349 13.132 40.037 13.874
212 0 1 39.396 13.204 39.966 13.826
213 0 1 39.348 13.156 40.025 13.898
214 0 1 39.313 13.144 40.025 13.922
215 0 1 39.277 13.132 39.977 13.922
216 0 1 39.313 13.144 40.013 13.874
217 0 1 39.396 13.228 39.966 13.850
218 0 1 39.301 13.156 39.990 13.814
219 0 1 39.289 13.132 39.978 13.802
220 0 1 39.349 13.120 40.038 13.767
221 0 1 39.325 13.096 40.026 13.779
222 0 1 39.408 13.168 39.978 13.790
223 0 1 39.408 13.168 39.978 13.790
224 0 1 39.217 13.132 39.990 13.814
225 0 1 39.277 13.120 40.026 13.790
226 0 1 39.301 13.108 39.990 13.802
227 0 1 39.253 13.144 40.002 13.814
228 0 1 39.265 13.120 39.989 13.850
229 0 1 39.205 13.108 39.966 13.790
230 0 1 39.325 13.108 40.014 13.790
231 0 1 39.313 13.108 40.038 13.779
232 0 1 39.384 13.156 39.954 13.778
233 0 1 39.384 13.156 39.954 13.778
234 0 1 39.384 13.156 39.954 13.778
235 0 1 39.384 13.156 39.954 13.778
236 0 1 39.384 13.156 39.954 13.778
237 0 1 39.384 13.156 39.954 13.778
238 0 1 39.384 13.156 39.954 13.778
239 0 1 39.384 13.156 39.954 13.778
240 0 1 39.384 13.156 39.954 13.778
241 0 1 39.384 13.156 39.954 13.778
242 0 1 39.384 13.156 39.954 13.778
243 0 1 39.384 13.156 39.954 13.778
244 0 1 39.384 13.156 39.954 13.778
245 0 1 39.384 13.144 39.954 13.766
246 0 1 39.384 13.156 39.954 13.778
247 0 1 39.384 13.144 39.954 13.766
248 0 1 39.384 13.156 39.954 13.778
249 0 1 39.384 13.144 39.954 13.766
250 0 1 39.384 13.156 39.954 13.778
251 0 1 39.384 13.144 39.954 13.766
252 0 1 39.396 13.156 39.966 13.778
253 0 1 39.384 13.144 39.954 13.766
254 0 1 39.396 13.156 39.966 13.778
255 0 1 39.384 13.144 39.954 13.766
256 0 1 39.396 13.156 39.966 13.778
257 0 1 39.384 13.144 39.954 13.766
258 0 1 39.396 13.156 39.966 13.778
259 0 1 39.384 13.144 39.954 13.766
260 0 1 39.396 13.156 39.966 13.778
261 0 1 39.384 13.144 39.954 13.766
262 0 1 39.396 13.156 39.966 13.778
263 0 1 39.384 13.144 39.954 13.766
264 0 1 39.396 13.144 39.966 13.766
265 0 1 39.384 13.144 39.954 13.766
266 0 1 39.396 13.144 39.966 13.766
267 0 1 39.384 13.144 39.954 13.766
268 0 1 39.396 13.144 39.966 13.766
269 0 1 39.384 13.144 39.954 13.766
270 0 1 39.396 13.144 39.966 13.766
271 0 1 39.384 13.144 39.954 13.766
272 0 1 39.396 13.144 39.966 13.766
273 0 1 39.325 13.108 40.181 13.803
274 0 1 39.420 13.156 39.990 13.778
275 0 1 39.301 13.084 40.169 13.827
276 0 1 39.432 13.168 40.002 13.790
277 0 1 39.432 13.168 40.002 13.790
278 0 1 39.432 13.168 40.002 13.790
279 0 1 39.432 13.168 40.002 13.790
280 0 1 39.432 13.168 40.002 13.790
281 0 1 39.432 13.168 40.002 13.790
282 0 1 39.432 13.168 40.002 13.790
283 0 1 39.432 13.168 40.002 13.790
284 0 1 39.432 13.156 40.002 13.778
285 0 1 39.444 13.144 40.014 13.767
286 0 1 39.432 13.156 40.002 13.778
287 0 1 39.444 13.144 40.014 13.767
288 0 1 39.432 13.156 40.002 13.778
289 0 1 39.444 13.144 40.014 13.767
290 0 1 39.432 13.156 40.002 13.778
291 0 1 39.420 13.109 39.777 13.384
292 0 1 39.456 13.156 40.026 13.779
293 0 1 39.456 13.156 40.026 13.779
294 0 1 39.456 13.156 40.026 13.779
295 0 1 39.456 13.156 40.026 13.779
296 0 1 39.456 13.145 40.026 13.767
297 0 1 39.456 13.156 40.026 13.779
298 0 1 39.456 13.145 40.026 13.767
299 0 1 39.456 13.156 40.026 13.779
300 0 1 39.456 13.145 40.026 13.767
301 0 1 39.456 13.156 40.026 13.779
302 0 1 39.456 13.145 40.026 13.767
303 0 1 39.444 13.156 40.014 13.779
304 0 1 39.432 13.144 40.002 13.767
305 0 1 39.421 13.061 39.777 13.384
306 0 1 39.456 13.156 40.026 13.779
307 0 1 39.456 13.156 40.026 13.779
308 0 1 39.456 13.156 40.026 13.779
309 0 1 39.456 13.156 40.026 13.779
310 0 1 39.456 13.145 40.026 13.767
311 0 1 39.444 13.156 40.014 13.779
312 0 1 39.432 13.144 40.002 13.767
313 0 1 39.444 13.156 40.014 13.779
314 0 1 39.432 13.144 40.002 13.767
315 0 1 39.444 13.156 40.014 13.779
316 0 1 39.432 13.144 40.002 13.767
317 0 1 39.444 13.156 40.014 13.779
318 0 1 39.432 13.144 40.002 13.767
319 0 1 39.444 13.144 40.014 13.767
320 0 1 39.432 13.144 40.002 13.767
321 0 1 39.444 13.144 40.014 13.767
322 0 1 39.432 13.144 40.002 13.767
323 0 1 39.444 13.144 40.014 13.767
324 0 1 39.432 13.144 40.002 13.767
325 0 1 39.432 13.144 40.002 13.767
0 2 2 58.636 13.257 60.733 13.996
1 2 2 58.601 13.292 60.768 13.973
2 2 2 58.307 13.291 60.697 13.937
3 2 2 58.507 13.244 60.780 13.997
4 2 2 58.401 13.232 60.686 13.984
5 2 2 58.283 13.220 60.580 13.972
6 2 2 58.166 13.232 60.463 13.984
7 2 2 58.095 13.243 60.392 13.996
8 2 2 57.954 13.255 60.251 14.007
9 2 2 57.859 13.243 60.157 13.995
10 2 2 57.471 13.218 59.757 13.958
11 2 2 57.376 13.111 59.463 14.041
12 2 2 57.341 13.111 59.440 14.053
13 2 2 57.270 13.194 59.545 13.958
14 2 2 57.377 13.229 59.663 13.994
15 2 2 57.318 13.241 59.604 14.006
16 2 2 57.259 13.253 59.546 14.017
17 2 2 57.176 13.264 59.463 14.029
18 2 2 56.894 13.240 59.028 13.992
19 2 2 56.788 13.275 58.910 13.956
20 2 2 56.588 13.346 58.745 13.944
21 2 2 56.776 13.275 59.063 14.016
22 2 2 56.693 13.287 58.981 14.028
23 2 2 56.599 13.275 58.887 14.016
24 2 2 56.505 13.263 58.792 14.004
25 2 2 56.422 13.251 58.710 13.991
26 2 2 56.316 13.262 58.604 14.003
27 2 2 56.210 13.226 58.498 13.967
28 2 2 56.057 13.214 58.345 13.955
29 2 2 55.974 13.202 58.262 13.943
30 2 2 55.844 13.190 58.133 13.931
31 2 2 55.762 13.178 58.050 13.919
32 2 2 55.632 13.189 57.921 13.930
33 2 2 55.526 13.177 57.815 13.918
34 2 2 55.396 13.188 57.685 13.930
35 2 2 55.290 13.176 57.579 13.918
36 2 2 55.160 13.188 57.450 13.929
37 2 2 55.054 13.199 57.344 13.941
38 2 2 54.924 13.211 57.214 13.952
39 2 2 54.818 13.199 57.108 13.940
40 2 2 54.688 13.210 56.978 13.952
41 2 2 54.582 13.198 56.872 13.940
42 2 2 54.452 13.210 56.743 13.951
43 2 2 54.346 13.197 56.636 13.939
44 2 2 54.216 13.209 56.507 13.950
45 2 2 54.110 13.173 56.401 13.915
46 2 2 53.980 13.185 56.271 13.926
47 2 2 53.873 13.172 56.165 13.914
48 2 2 53.744 13.160 56.035 13.902
49 2 2 53.637 13.124 55.929 13.866
50 2 2 53.472 13.136 55.764 13.877
51 2 2 53.354 13.123 55.646 13.865
52 2 2 53.224 13.135 55.516 13.877
53 2 2 53.082 13.123 55.374 13.865
54 2 2 52.940 13.134 55.233 13.876
55 2 2 52.834 13.122 55.126 13.864
56 2 2 52.656 13.074 54.949 13.816
57 2 2 52.574 13.145 54.867 13.887
58 2 2 52.444 13.180 54.737 13.922
59 2 2 52.172 13.227 54.064 14.039
60 2 2 52.290 13.239 54.572 13.981
61 2 2 52.172 13.251 54.454 13.993
62 2 2 52.077 13.239 54.359 13.981
63 2 2 51.935 13.274 54.217 14.016
64 2 2 51.817 13.285 54.099 14.028
65 2 2 51.699 13.297 53.981 14.039
66 2 2 51.580 13.309 53.863 14.051
67 2 2 51.438 13.320 53.721 14.062
68 2 2 51.296 13.308 53.579 14.050
69 2 2 50.977 13.390 52.847 14.132
70 2 2 51.024 13.355 53.296 14.097
71 2 2 50.882 13.366 53.154 14.109
72 2 2 50.764 13.354 53.036 14.096
73 2 2 50.491 13.484 52.291 14.261
74 2 2 50.456 13.472 52.291 14.237
75 2 2 50.290 13.567 52.161 14.237
76 2 2 50.112 13.590 51.936 14.308
77 2 2 50.124 13.542 52.350 14.273
78 2 2 50.029 13.566 52.255 14.297
79 2 2 49.899 13.566 52.125 14.296
80 2 2 49.792 13.589 52.019 14.320
81 2 2 49.460 13.683 51.237 14.413
82 2 2 49.532 13.660 51.746 14.390
83 2 2 49.413 13.683 51.628 14.414
84 2 2 49.294 13.730 51.510 14.461
85 2 2 49.152 13.754 51.368 14.485
86 2 2 49.033 13.777 51.249 14.508
87 2 2 48.915 13.825 51.131 14.556
88 2 2 48.773 13.848 50.989 14.579
89 2 2 48.630 13.848 50.847 14.579
90 2 2 48.512 13.871 50.728 14.602
91 2 2 48.369 13.919 50.586 14.650
92 2 2 48.227 13.942 50.444 14.673
93 2 2 48.084 13.965 50.301 14.697
94 2 2 47.965 14.013 50.183 14.744
95 2 2 47.823 14.036 50.041 14.767
96 2 2 47.704 14.060 49.922 14.791
97 2 2 47.562 14.107 49.780 14.838
98 2 2 47.419 14.130 49.637 14.862
99 2 2 47.277 14.154 49.495 14.885
100 2 2 47.158 14.201 49.377 14.933
101 2 2 47.015 14.225 49.234 14.956
102 2 2 46.896 14.225 49.115 14.956
103 2 2 46.778 14.248 48.997 14.980
104 2 2 46.635 14.295 48.854 15.027
105 2 2 46.492 14.343 48.712 15.074
106 2 2 46.349 14.366 48.569 15.098
107 2 2 46.231 14.390 48.451 15.121
108 2 2 46.088 14.413 48.308 15.145
109 2 2 45.969 14.437 48.189 15.168
110 2 2 45.826 14.460 48.047 15.192
111 2 2 45.683 14.484 47.904 15.216
112 2 2 45.541 14.507 47.762 15.239
113 2 2 45.398 14.507 47.619 15.239
114 2 2 45.279 14.531 47.500 15.262
115 2 2 45.112 14.578 47.334 15.310
116 2 2 44.969 14.601 47.191 15.333
117 2 2 44.826 14.625 47.049 15.357
118 2 2 44.707 14.672 46.930 15.404
119 2 2 44.564 14.696 46.787 15.428
120 2 2 44.421 14.696 46.644 15.428
121 2 2 44.064 14.731 46.062 15.379
122 2 2 44.195 14.719 46.418 15.451
123 2 2 44.052 14.743 46.276 15.475
124 2 2 43.909 14.742 46.133 15.475
125 2 2 43.766 14.766 45.990 15.498
126 2 2 43.623 14.813 45.847 15.546
127 2 2 43.504 14.837 45.728 15.569
128 2 2 43.337 14.837 45.561 15.569
129 2 2 43.218 14.836 45.442 15.569
130 2 2 43.051 14.860 45.276 15.592
131 2 2 42.931 14.907 45.157 15.640
132 2 2 42.764 14.907 44.990 15.639
133 2 2 42.645 14.931 44.871 15.663
134 2 2 42.478 14.930 44.704 15.663
135 2 2 42.359 14.930 44.585 15.663
136 2 2 42.192 14.954 44.418 15.686
137 2 2 41.905 15.025 43.643 15.745
138 2 2 42.084 14.989 44.311 15.722
139 2 2 41.965 15.013 44.192 15.746
140 2 2 41.822 15.012 44.049 15.745
141 2 2 41.678 15.036 43.906 15.769
142 2 2 41.535 15.036 43.762 15.769
143 2 2 41.368 15.059 43.596 15.792
144 2 2 41.225 15.083 43.452 15.816
145 2 2 41.081 15.107 43.309 15.840
146 2 2 40.914 15.106 43.142 15.839
147 2 2 40.771 15.106 42.999 15.839
148 2 2 40.628 15.106 42.856 15.839
149 2 2 40.484 15.129 42.713 15.862
150 2 2 40.341 15.129 42.570 15.862
151 2 2 40.197 15.129 42.427 15.862
152 2 2 40.054 15.128 42.283 15.862
153 2 2 39.911 15.128 42.140 15.861
154 2 2 39.767 15.128 41.997 15.861
155 2 2 39.624 15.128 41.854 15.861
156 2 2 39.480 15.127 41.710 15.861
157 2 2 39.337 15.127 41.567 15.860
158 2 2 39.193 15.127 41.424 15.860
159 2 2 39.050 15.126 41.281 15.860
160 2 2 38.883 15.126 41.113 15.860
161 2 2 38.739 15.126 40.970 15.859
162 2 2 38.595 15.125 40.827 15.859
163 2 2 38.452 15.125 40.683 15.859
164 2 2 38.308 15.125 40.540 15.859
165 2 2 38.165 15.101 40.397 15.835
166 2 2 37.997 15.100 40.229 15.834
167 2 2 37.854 15.100 40.086 15.834
168 2 2 37.710 15.076 39.943 15.810
169 2 2 37.567 15.076 39.799 15.810
170 2 2 37.423 15.075 39.656 15.809
171 2 2 37.280 15.051 39.512 15.785
172 2 2 37.136 15.027 39.369 15.761
173 2 2 36.968 15.027 39.202 15.761
174 2 2 36.849 15.002 39.082 15.737
175 2 2 36.705 15.002 38.939 15.736
176 2 2 36.537 14.978 38.771 15.712
177 2 2 36.394 14.954 38.628 15.688
178 2 2 36.250 14.929 38.484 15.664
179 2 2 36.107 14.905 38.341 15.639
180 2 2 35.963 14.881 38.198 15.615
181 2 2 35.819 14.857 38.054 15.591
182 2 2 35.676 14.856 37.910 15.591
183 2 2 35.532 14.832 37.767 15.567
184 2 2 35.364 14.808 37.599 15.542
185 2 2 35.245 14.784 37.480 15.518
186 2 2 35.077 14.759 37.312 15.494
187 2 2 34.933 14.735 37.169 15.470
188 2 2 34.789 14.711 37.025 15.446
189 2 2 34.646 14.686 36.882 15.421
190 2 2 34.502 14.662 36.738 15.397
191 2 2 34.358 14.614 36.595 15.349
192 2 2 34.215 14.590 36.451 15.325
193 2 2 34.071 14.565 36.307 15.301
194 2 2 33.927 14.541 36.164 15.276
195 2 2 33.783 14.493 36.020 15.228
196 2 2 33.640 14.469 35.877 15.204
197 2 2 33.496 14.421 35.733 15.156
198 2 2 33.352 14.396 35.589 15.131
199 2 2 33.208 14.348 35.446 15.083
200 2 2 33.065 14.324 35.302 15.059
201 2 2 32.921 14.275 35.159 15.011
202 2 2 32.777 14.251 35.015 14.987
203 2 2 32.633 14.203 34.871 14.938
204 2 2 32.489 14.179 34.728 14.914
205 2 2 32.346 14.130 34.584 14.866
206 2 2 32.202 14.106 34.440 14.842
207 2 2 32.034 14.058 34.273 14.793
208 2 2 31.890 14.034 34.129 14.769
209 2 2 31.770 14.009 34.009 14.745
210 2 2 31.626 13.961 33.866 14.697
211 2 2 31.482 13.937 33.722 14.673
212 2 2 31.339 13.888 33.578 14.624
213 2 2 31.195 13.840 33.434 14.576
214 2 2 31.051 13.816 33.291 14.552
215 2 2 30.907 13.792 33.147 14.528
216 2 2 30.763 13.743 33.003 14.479
217 2 2 30.619 13.719 32.859 14.455
218 2 2 30.475 13.671 32.715 14.407
219 2 2 30.331 13.646 32.572 14.382
220 2 2 30.187 13.622 32.428 14.358
221 2 2 30.019 13.598 32.260 14.334
222 2 2 29.874 13.573 32.116 14.310
223 2 2 29.731 13.525 31.972 14.261
224 2 2 29.562 13.501 31.804 14.237
225 2 2 29.418 13.476 31.660 14.213
226 2 2 29.274 13.452 31.516 14.188
227 2 2 29.130 13.428 31.372 14.164
228 2 2 28.986 13.403 31.228 14.140
229 2 2 28.841 13.403 31.084 14.139
230 2 2 28.697 13.378 30.939 14.115
231 2 2 28.552 13.378 30.795 14.115
232 2 2 28.384 13.354 30.627 14.090
233 2 2 28.240 13.329 30.483 14.066
234 2 2 28.095 13.329 30.339 14.066
235 2 2 27.951 13.305 30.194 14.041
236 2 2 27.807 13.280 30.050 14.017
237 2 2 27.662 13.280 29.906 14.017
238 2 2 27.518 13.255 29.762 13.992
239 2 2 27.349 13.255 29.593 13.992
240 2 2 27.204 13.255 29.449 13.992
241 2 2 27.060 13.254 29.304 13.991
242 2 2 26.915 13.230 29.160 13.967
243 2 2 26.746 13.229 28.991 13.967
244 2 2 26.602 13.229 28.847 13.966
245 2 2 26.457 13.229 28.702 13.966
246 2 2 26.312 13.228 28.558 13.966
247 2 2 26.143 13.228 28.389 13.965
248 2 2 25.998 13.227 28.244 13.965
249 2 2 25.854 13.227 28.100 13.964
250 2 2 25.709 13.227 27.955 13.964
251 2 2 25.564 13.226 27.811 13.964
252 2 2 25.419 13.226 27.666 13.963
253 2 2 25.274 13.225 27.521 13.963
254 2 2 25.129 13.225 27.377 13.963
255 2 2 24.985 13.225 27.232 13.962
256 2 2 24.840 13.224 27.087 13.962
257 2 2 24.695 13.224 26.942 13.962
258 2 2 24.550 13.223 26.798 13.961
259 2 2 24.405 13.223 26.653 13.961
260 2 2 24.259 13.247 26.508 13.985
261 2 2 24.114 13.246 26.363 13.984
262 2 2 23.969 13.246 26.218 13.984
263 2 2 23.824 13.269 26.073 14.008
264 2 2 23.679 13.269 25.928 14.007
265 2 2 23.534 13.269 25.783 14.007
266 2 2 23.389 13.268 25.638 14.006
267 2 2 23.243 13.292 25.493 14.030
268 2 2 23.098 13.292 25.348 14.030
269 2 2 22.953 13.291 25.203 14.029
270 2 2 22.808 13.291 25.058 14.029
271 2 2 22.663 13.290 24.913 14.029
272 2 2 22.518 13.290 24.769 14.028
273 2 2 22.372 13.314 24.623 14.052
274 2 2 22.227 13.313 24.478 14.052
275 2 2 22.082 13.313 24.333 14.051
276 2 2 21.936 13.336 24.188 14.075
277 2 2 21.791 13.336 24.043 14.075
278 2 2 21.646 13.336 23.898 14.074
279 2 2 21.500 13.335 23.753 14.074
280 2 2 21.355 13.335 23.607 14.074
281 2 2 21.209 13.359 23.462 14.097
282 2 2 21.064 13.358 23.317 14.097
283 2 2 20.943 13.358 23.196 14.097
284 2 2 20.797 13.382 23.050 14.120
285 2 2 20.652 13.381 22.905 14.120
286 2 2 20.506 13.381 22.760 14.120
287 2 2 20.361 13.404 22.614 14.143
288 2 2 20.239 13.428 22.493 14.167
289 2 2 20.094 13.428 22.348 14.167
290 2 2 19.948 13.451 22.202 14.191
291 2 2 19.826 13.451 22.081 14.190
292 2 2 19.681 13.475 21.935 14.214
293 2 2 19.535 13.474 21.790 14.214
294 2 2 19.389 13.498 21.644 14.237
295 2 2 19.244 13.498 21.499 14.237
296 2 2 19.098 13.521 21.353 14.261
297 2 2 18.952 13.521 21.208 14.260
298 2 2 18.806 13.545 21.062 14.284
299 2 2 18.660 13.544 20.917 14.284
300 2 2 18.514 13.568 20.771 14.307
301 2 2 18.369 13.568 20.625 14.307
302 2 2 18.247 13.591 20.504 14.331
303 2 2 18.101 13.591 20.358 14.331
304 2 2 17.955 13.615 20.212 14.354
305 2 2 17.809 13.614 20.067 14.354
306 2 2 17.663 13.638 19.921 14.378
307 2 2 17.517 13.638 19.775 14.377
308 2 2 17.371 13.661 19.629 14.401
309 2 2 17.225 13.661 19.484 14.401
310 2 2 17.079 13.685 19.338 14.425
311 2 2 16.933 13.684 19.192 14.424
312 2 2 16.787 13.708 19.046 14.448
313 2 2 16.666 13.708 18.925 14.448
314 2 2 16.520 13.707 18.779 14.447
315 2 2 16.373 13.731 18.633 14.471
316 2 2 16.227 13.755 18.487 14.495
317 2 2 16.056 13.778 18.316 14.519
318 2 2 15.910 13.778 18.171 14.518
319 2 2 15.764 13.802 18.025 14.542
320 2 2 15.618 13.801 17.879 14.542
321 2 2 15.496 13.825 17.757 14.566
322 2 2 15.350 13.825 17.611 14.565
323 2 2 15.228 13.849 17.489 14.589
324 2 2 14.936 13.836 16.967 14.576
325 2 2 15.069 13.860 17.331 14.601
