0 0 1 50.201 13.015 51.113 13.729
1 0 1 50.177 12.992 51.125 13.740
2 0 1 50.154 12.992 51.102 13.740
3 0 1 50.142 12.980 51.090 13.729
4 0 1 50.130 12.992 51.078 13.741
5 0 1 49.836 12.994 50.643 13.779
61 0 1 50.119 12.992 51.066 13.741
62 0 1 50.095 12.993 51.043 13.741
63 0 1 49.553 12.937 50.501 13.686
64 0 1 49.589 12.949 50.525 13.697
65 0 1 49.553 12.949 50.478 13.698
66 0 1 49.518 12.949 50.442 13.698
67 0 1 49.483 12.950 50.407 13.698
68 0 1 49.459 12.950 50.372 13.699
69 0 1 49.412 12.950 50.325 13.699
70 0 1 49.377 12.950 50.289 13.699
71 0 1 49.330 12.951 50.231 13.700
72 0 1 49.294 12.951 50.195 13.700
73 0 1 49.247 12.963 50.148 13.712
74 0 1 49.224 12.975 50.113 13.724
75 0 1 49.189 12.964 50.078 13.712
76 0 1 49.153 12.976 50.042 13.724
77 0 1 49.118 12.964 49.995 13.713
78 0 1 49.083 12.976 49.960 13.725
79 0 1 49.059 12.964 49.936 13.713
80 0 1 49.036 12.976 49.913 13.725
81 0 1 48.988 12.965 49.866 13.714
82 0 1 48.953 12.977 49.831 13.726
83 0 1 48.918 12.965 49.783 13.715
84 0 1 48.894 12.977 49.760 13.727
85 0 1 48.859 12.966 49.725 13.715
86 0 1 48.824 12.978 49.689 13.727
87 0 1 48.788 12.966 49.654 13.716
88 0 1 48.753 12.978 49.619 13.728
89 0 1 48.706 12.967 49.572 13.716
90 0 1 48.671 12.979 49.536 13.728
91 0 1 48.623 12.967 49.489 13.717
92 0 1 48.588 12.968 49.454 13.717
93 0 1 48.553 12.968 49.418 13.717
94 0 1 48.517 12.968 49.383 13.717
95 0 1 48.589 13.074 49.075 13.460
96 0 1 48.435 12.922 49.265 13.636
97 0 1 48.399 12.922 49.229 13.636
98 0 1 48.376 12.922 49.194 13.636
99 0 1 48.340 12.922 49.159 13.636
100 0 1 48.317 12.934 49.135 13.648
101 0 1 48.282 12.934 49.088 13.649
102 0 1 48.258 12.935 49.065 13.649
103 0 1 48.211 12.935 49.017 13.649
104 0 1 48.175 12.935 48.970 13.650
105 0 1 48.140 12.935 48.935 13.650
106 0 1 48.105 12.936 48.900 13.650
107 0 1 48.058 12.936 48.841 13.651
108 0 1 48.034 12.936 48.817 13.651
109 0 1 47.987 12.936 48.770 13.651
110 0 1 47.952 12.937 48.735 13.651
111 0 1 47.916 12.937 48.699 13.652
112 0 1 47.881 12.937 48.664 13.652
113 0 1 47.846 12.937 48.629 13.652
114 0 1 47.798 12.926 48.582 13.641
115 0 1 47.763 12.926 48.546 13.641
116 0 1 47.739 12.915 48.523 13.629
117 0 1 47.716 12.915 48.499 13.629
118 0 1 47.680 12.915 48.464 13.630
119 0 1 47.633 12.904 48.416 13.618
120 0 1 47.598 12.904 48.381 13.618
121 0 1 47.574 12.904 48.358 13.619
122 0 1 47.539 12.892 48.322 13.607
123 0 1 47.492 12.893 48.275 13.607
124 0 1 47.456 12.893 48.240 13.608
125 0 1 47.421 12.893 48.204 13.608
126 0 1 47.374 12.894 48.157 13.608
127 0 1 47.338 12.894 48.122 13.609
128 0 1 47.303 12.894 48.086 13.609
129 0 1 47.256 12.906 48.039 13.621
130 0 1 47.221 12.906 48.004 13.621
131 0 1 47.185 12.907 47.969 13.621
132 0 1 47.138 12.907 47.921 13.622
133 0 1 47.103 12.907 47.886 13.622
134 0 1 47.079 12.907 47.863 13.622
135 0 1 47.044 12.908 47.827 13.622
136 0 1 46.997 12.920 47.780 13.635
137 0 1 46.891 12.991 47.793 13.776
138 0 1 46.950 13.026 47.746 13.741
139 0 1 46.915 13.027 47.710 13.741
140 0 1 46.880 13.027 47.663 13.742
141 0 1 46.856 13.027 47.639 13.742
142 0 1 46.821 13.027 47.604 13.742
143 0 1 46.762 13.028 47.533 13.743
144 0 1 46.738 13.040 47.510 13.755
145 0 1 46.691 13.040 47.463 13.755
146 0 1 46.656 13.040 47.427 13.755
147 0 1 46.608 13.041 47.380 13.756
148 0 1 46.573 13.041 47.345 13.756
149 0 1 46.538 13.053 47.309 13.768
150 0 1 46.491 13.053 47.262 13.768
151 0 1 46.455 13.053 47.227 13.769
152 0 1 46.420 13.042 47.191 13.745
153 0 1 46.384 13.054 47.156 13.757
154 0 1 46.349 13.054 47.121 13.758
155 0 1 46.313 13.031 47.085 13.734
156 0 1 46.278 13.031 47.050 13.734
157 0 1 46.243 13.019 47.014 13.723
158 0 1 46.207 13.032 46.967 13.735
159 0 1 46.184 13.020 46.943 13.723
160 0 1 46.148 13.032 46.908 13.735
161 0 1 46.101 13.009 46.861 13.712
162 0 1 46.054 13.009 46.814 13.712
163 0 1 46.018 13.009 46.778 13.713
164 0 1 45.983 13.009 46.743 13.713
165 0 1 45.947 12.998 46.707 13.701
166 0 1 45.900 13.010 46.660 13.714
167 0 1 45.853 12.999 46.613 13.702
168 0 1 45.806 12.999 46.566 13.702
169 0 1 45.770 12.999 46.530 13.703
170 0 1 45.735 13.011 46.495 13.715
171 0 1 45.700 13.000 46.460 13.703
172 0 1 45.664 13.012 46.424 13.715
173 0 1 45.617 13.000 46.377 13.704
174 0 1 45.582 13.012 46.342 13.716
175 0 1 45.546 13.013 46.306 13.716
176 0 1 45.523 13.025 46.283 13.728
177 0 1 45.476 13.037 46.236 13.740
178 0 1 45.452 13.037 46.212 13.740
179 0 1 45.405 13.025 46.165 13.729
180 0 1 45.357 13.026 46.118 13.729
181 0 1 45.322 13.026 46.082 13.730
182 0 1 45.287 13.038 46.047 13.742
183 0 1 45.239 13.026 45.999 13.730
184 0 1 45.216 13.038 45.976 13.742
185 0 1 45.157 13.027 45.917 13.731
186 0 1 45.121 13.027 45.881 13.731
187 0 1 45.086 13.028 45.846 13.731
188 0 1 45.062 13.040 45.822 13.743
189 0 1 45.015 13.028 45.775 13.732
190 0 1 44.992 13.040 45.752 13.744
191 0 1 44.944 13.029 45.704 13.732
192 0 1 44.909 13.017 45.669 13.721
193 0 1 44.873 13.017 45.633 13.721
194 0 1 44.850 13.017 45.610 13.721
195 0 1 44.814 12.994 45.574 13.698
196 0 1 44.791 13.006 45.551 13.710
197 0 1 44.743 12.995 45.503 13.698
198 0 1 44.708 12.995 45.468 13.699
199 0 1 44.672 12.995 45.433 13.699
200 0 1 44.649 13.007 45.409 13.711
201 0 1 44.601 12.984 45.362 13.688
202 0 1 44.578 12.996 45.338 13.700
203 0 1 44.519 12.984 45.279 13.688
204 0 1 44.483 12.985 45.244 13.688
205 0 1 44.448 12.985 45.208 13.689
206 0 1 44.424 12.997 45.185 13.701
207 0 1 44.377 12.985 45.137 13.689
208 0 1 44.342 12.997 45.102 13.701
209 0 1 44.306 12.998 45.066 13.701
210 0 1 44.271 12.998 45.031 13.702
211 0 1 44.235 12.998 44.996 13.702
212 0 1 44.224 13.010 44.984 13.714
213 0 1 44.176 13.010 44.937 13.714
214 0 1 44.165 13.022 44.925 13.726
215 0 1 44.117 13.023 44.878 13.726
216 0 1 44.082 13.023 44.842 13.727
217 0 1 44.046 13.023 44.807 13.727
218 0 1 44.023 13.035 44.783 13.739
219 0 1 43.976 13.024 44.736 13.728
220 0 1 43.952 13.035 44.712 13.740
221 0 1 43.905 13.024 44.665 13.728
222 0 1 43.857 13.024 44.618 13.728
223 0 1 43.822 13.025 44.582 13.729
224 0 1 43.786 13.037 44.547 13.741
225 0 1 43.751 13.025 44.511 13.729
226 0 1 43.727 13.049 44.488 13.753
227 0 1 43.668 13.037 44.429 13.742
228 0 1 43.633 13.026 44.393 13.730
229 0 1 43.597 13.026 44.358 13.730
230 0 1 43.574 13.038 44.334 13.742
231 0 1 43.538 13.027 44.299 13.731
232 0 1 43.503 13.039 44.263 13.743
233 0 1 43.467 13.015 44.228 13.719
234 0 1 43.432 13.015 44.192 13.720
235 0 1 43.396 13.016 44.157 13.720
236 0 1 43.361 13.016 44.121 13.720
237 0 1 43.325 13.016 44.086 13.720
238 0 1 43.278 13.028 44.039 13.733
239 0 1 43.243 13.017 44.003 13.721
240 0 1 43.207 13.017 43.968 13.721
241 0 1 43.160 13.017 43.920 13.722
242 0 1 43.124 13.018 43.885 13.722
243 0 1 43.089 13.018 43.849 13.722
244 0 1 43.053 13.030 43.814 13.734
245 0 1 43.006 13.018 43.767 13.723
246 0 1 42.971 13.019 43.731 13.723
247 0 1 42.947 13.019 43.707 13.723
248 0 1 42.900 13.019 43.660 13.723
249 0 1 42.864 13.019 43.625 13.724
250 0 1 42.841 13.020 43.601 13.724
251 0 1 42.805 13.020 43.566 13.724
252 0 1 42.781 13.032 43.542 13.736
253 0 1 42.746 13.032 43.507 13.736
254 0 1 42.710 13.032 43.471 13.737
255 0 1 42.675 13.033 43.436 13.737
256 0 1 42.640 13.033 43.400 13.737
257 0 1 42.604 13.033 43.365 13.737
258 0 1 42.569 13.033 43.329 13.738
259 0 1 42.521 13.057 43.282 13.762
260 0 1 42.486 13.046 43.246 13.750
261 0 1 42.450 13.046 43.211 13.750
262 0 1 42.427 13.046 43.187 13.751
263 0 1 42.379 13.046 43.140 13.751
264 0 1 42.344 13.047 43.104 13.751
265 0 1 42.308 13.047 43.069 13.751
266 0 1 42.273 13.047 43.033 13.752
267 0 1 42.249 13.047 43.010 13.752
268 0 1 42.214 13.048 42.974 13.752
269 0 1 42.178 13.048 42.939 13.752
270 0 1 42.154 13.036 42.915 13.741
271 0 1 42.119 13.036 42.880 13.741
272 0 1 42.083 13.037 42.844 13.741
273 0 1 42.048 13.037 42.809 13.741
274 0 1 42.036 13.025 42.797 13.730
275 0 1 41.989 13.026 42.749 13.730
276 0 1 41.953 13.026 42.714 13.730
277 0 1 41.918 13.038 42.678 13.742
278 0 1 41.870 13.026 42.631 13.731
279 0 1 41.835 13.027 42.596 13.731
280 0 1 41.811 13.015 42.572 13.720
281 0 1 41.764 13.015 42.525 13.720
282 0 1 41.728 13.016 42.489 13.720
283 0 1 41.693 13.028 42.454 13.732
284 0 1 41.633 12.957 42.479 14.158
285 0 1 41.682 13.182 42.442 13.886
286 0 1 41.646 13.182 42.407 13.875
287 0 1 41.611 13.182 42.371 13.875
288 0 1 41.587 13.194 42.348 13.887
289 0 1 41.552 13.194 42.312 13.875
290 0 1 41.516 13.195 42.277 13.876
291 0 1 41.492 13.195 42.253 13.876
292 0 1 41.469 13.195 42.229 13.876
293 0 1 41.433 13.195 42.194 13.876
294 0 1 41.398 13.195 42.158 13.876
295 0 1 41.374 13.184 42.135 13.865
296 0 1 41.338 13.184 42.099 13.865
297 0 1 41.291 13.172 42.052 13.854
298 0 1 41.255 13.185 42.016 13.866
299 0 1 41.030 12.985 42.086 13.640
300 0 1 41.018 12.997 41.980 13.700
301 0 1 41.018 13.032 41.921 13.653
302 0 1 41.101 13.008 41.861 13.677
303 0 1 41.065 13.008 41.826 13.678
304 0 1 41.042 13.009 41.790 13.666
305 0 1 40.994 13.009 41.743 13.666
306 0 1 41.018 12.985 41.696 13.761
307 0 1 40.983 13.044 41.708 13.690
308 0 1 40.947 13.045 41.672 13.691
309 0 1 40.900 13.045 41.625 13.691
310 0 1 40.769 13.010 41.435 13.740
311 0 1 40.769 13.058 41.483 13.704
312 0 1 40.734 13.058 41.447 13.704
313 0 1 40.710 13.058 41.423 13.692
314 0 1 40.675 13.058 41.388 13.693
315 0 1 40.615 13.059 41.329 13.693
316 0 1 40.592 13.071 41.305 13.705
317 0 1 40.544 13.071 41.258 13.705
318 0 1 40.284 13.049 41.388 13.681
319 0 1 40.485 13.060 41.186 13.682
320 0 1 40.438 13.060 41.139 13.683
321 0 1 40.402 13.060 41.104 13.683
322 0 1 40.367 13.061 41.068 13.671
323 0 1 40.319 13.073 41.021 13.683
324 0 1 40.296 13.073 40.997 13.684
325 0 1 40.260 13.073 40.950 13.684
326 0 1 40.224 13.073 40.914 13.684
327 0 1 40.201 13.074 40.890 13.684
328 0 1 40.165 13.074 40.843 13.673
329 0 1 40.118 13.074 40.795 13.673
330 0 1 40.094 13.074 40.772 13.673
331 0 1 40.070 13.086 40.736 13.674
332 0 1 40.035 13.087 40.701 13.674
333 0 1 39.988 13.099 40.653 13.686
334 0 1 39.940 13.087 40.594 13.663
335 0 1 39.905 13.099 40.559 13.675
336 0 1 39.869 13.100 40.523 13.675
337 0 1 39.833 13.112 40.487 13.687
338 0 1 39.774 13.100 40.428 13.676
339 0 1 39.739 13.112 40.393 13.688
340 0 1 39.502 13.114 40.475 13.652
341 0 1 39.667 13.101 40.321 13.665
342 0 1 39.549 13.125 40.310 13.807
343 0 1 39.608 13.184 40.251 13.736
344 0 1 39.573 13.185 40.215 13.737
345 0 1 39.537 13.185 40.179 13.737
346 0 1 39.502 13.185 40.132 13.725
347 0 1 39.454 13.091 40.085 13.809
348 0 1 39.347 13.103 39.990 13.821
349 0 1 39.395 13.209 40.013 13.738
350 0 1 39.336 13.198 39.954 13.727
351 0 1 39.300 13.198 39.919 13.727
352 0 1 39.277 13.210 39.895 13.739
353 0 1 39.229 13.199 39.836 13.716
354 0 1 39.194 13.211 39.800 13.728
355 0 1 39.146 13.199 39.753 13.716
356 0 1 39.111 13.200 39.705 13.705
357 0 1 39.063 13.200 39.658 13.705
358 0 1 39.027 13.200 39.610 13.694
359 0 1 38.992 13.212 39.575 13.706
360 0 1 38.956 13.213 39.539 13.706
361 0 1 38.921 13.213 39.503 13.694
362 0 1 38.885 13.213 39.468 13.695
363 0 1 38.850 13.213 39.432 13.695
364 0 1 38.814 13.214 39.397 13.695
365 0 1 38.778 13.214 39.361 13.695
366 0 1 38.743 13.214 39.326 13.696
367 0 1 38.719 13.226 39.302 13.708
368 0 1 38.684 13.214 39.266 13.696
369 0 1 38.648 13.227 39.231 13.708
370 0 1 38.612 13.227 39.195 13.708
371 0 1 38.019 13.077 39.290 13.779
372 0 1 38.043 13.148 39.302 13.802
373 0 1 38.007 13.172 39.290 13.791
374 0 1 37.936 13.066 39.243 13.755
375 0 1 38.304 13.182 38.898 13.663
376 0 1 37.936 13.066 39.219 13.732
377 0 1 38.292 13.170 38.886 13.651
378 0 1 38.304 13.182 38.898 13.663
379 0 1 37.924 13.089 39.100 13.756
380 0 1 38.233 13.194 38.827 13.676
381 0 1 38.244 13.206 38.839 13.687
382 0 1 38.256 13.217 38.851 13.699
383 0 1 38.268 13.229 38.863 13.711
384 0 1 38.280 13.241 38.875 13.723
385 0 1 38.292 13.253 38.887 13.734
386 0 1 38.304 13.265 38.899 13.746
387 0 1 38.316 13.276 38.911 13.758
388 0 1 38.328 13.288 38.922 13.770
389 0 1 38.340 13.300 38.934 13.781
390 0 1 38.352 13.312 38.946 13.793
391 0 1 38.363 13.323 38.958 13.805
392 0 1 38.375 13.335 38.970 13.817
393 0 1 37.520 13.116 38.567 13.843
394 0 1 37.425 13.034 38.519 13.773
181 1 2 16.499 13.371 18.385 14.086
182 1 2 16.511 13.371 18.385 14.086
183 1 2 16.656 13.370 18.529 14.085
184 1 2 16.764 13.345 18.638 14.060
185 1 2 17.174 13.318 18.783 13.927
186 1 2 17.066 13.295 18.867 13.975
187 1 2 17.199 13.282 19.000 13.962
188 1 2 17.331 13.269 19.132 13.949
189 1 2 17.488 13.280 19.289 13.960
190 1 2 17.620 13.267 19.421 13.947
191 1 2 17.753 13.254 19.554 13.934
192 1 2 17.885 13.242 19.686 13.921
193 1 2 18.042 13.252 19.842 13.932
194 1 2 18.174 13.240 19.975 13.919
195 1 2 18.331 13.227 20.131 13.906
196 1 2 18.440 13.214 20.240 13.893
197 1 2 18.596 13.201 20.396 13.880
198 1 2 18.729 13.188 20.528 13.867
199 1 2 18.861 13.175 20.661 13.854
200 1 2 18.994 13.162 20.793 13.841
201 1 2 19.150 13.149 20.949 13.828
202 1 2 19.282 13.136 21.082 13.815
203 1 2 19.439 13.123 21.238 13.802
204 1 2 19.571 13.110 21.370 13.789
205 1 2 19.752 13.097 21.550 13.776
206 1 2 19.884 13.084 21.683 13.763
207 1 2 20.040 13.095 21.839 13.774
208 1 2 20.197 13.082 21.995 13.761
209 1 2 20.353 13.069 22.151 13.748
210 1 2 20.509 13.056 22.307 13.735
211 1 2 20.666 13.067 22.463 13.746
212 1 2 20.798 13.054 22.596 13.733
213 1 2 20.978 13.041 22.776 13.720
214 1 2 21.110 13.028 22.908 13.707
215 1 2 21.291 13.039 23.088 13.717
216 1 2 21.423 13.026 23.220 13.705
217 1 2 21.579 13.037 23.376 13.715
218 1 2 21.735 13.024 23.532 13.702
219 1 2 21.891 13.035 23.688 13.713
220 1 2 22.047 13.022 23.844 13.700
221 1 2 22.227 13.032 24.024 13.711
222 1 2 22.383 13.043 24.179 13.722
223 1 2 22.563 13.054 24.359 13.732
224 1 2 22.719 13.041 24.515 13.719
225 1 2 22.899 13.052 24.695 13.730
226 1 2 23.055 13.039 24.851 13.717
227 1 2 23.235 13.049 25.030 13.727
228 1 2 23.367 13.036 25.162 13.714
229 1 2 23.786 13.165 25.354 13.689
230 1 2 23.667 13.094 25.438 13.760
231 1 2 23.823 13.093 25.593 13.759
232 1 2 23.978 13.092 25.749 13.758
233 1 2 24.158 13.090 25.929 13.757
234 1 2 24.314 13.089 26.085 13.755
235 1 2 24.494 13.088 26.264 13.754
236 1 2 24.674 13.087 26.444 13.753
237 1 2 24.853 13.086 26.623 13.752
238 1 2 25.009 13.085 26.779 13.750
239 1 2 25.213 13.083 26.982 13.749
240 1 2 25.368 13.082 27.138 13.748
241 1 2 25.572 13.081 27.341 13.746
242 1 2 25.752 13.079 27.521 13.745
243 1 2 25.931 13.078 27.700 13.744
244 1 2 26.111 13.077 27.880 13.743
245 1 2 26.290 13.076 28.059 13.741
246 1 2 26.446 13.075 28.215 13.740
247 1 2 27.259 13.140 28.370 13.715
248 1 2 26.913 13.095 28.645 13.749
249 1 2 27.080 13.082 28.812 13.736
250 1 2 27.893 13.160 28.956 13.723
251 1 2 27.547 13.114 29.242 13.757
252 1 2 27.726 13.113 29.422 13.755
253 1 2 27.929 13.112 29.625 13.754
254 1 2 28.108 13.134 29.804 13.776
255 1 2 28.288 13.109 29.983 13.751
256 1 2 28.467 13.132 30.162 13.774
257 1 2 28.670 13.107 30.365 13.748
258 1 2 28.849 13.129 30.544 13.771
259 1 2 29.399 13.197 30.652 13.734
260 1 2 29.172 13.151 30.843 13.781
261 1 2 29.351 13.138 31.022 13.767
262 1 2 29.530 13.148 31.200 13.778
263 1 2 30.270 13.238 31.415 13.729
264 1 2 29.984 13.181 31.630 13.799
265 1 2 30.163 13.179 31.809 13.797
266 1 2 30.366 13.178 32.012 13.796
267 1 2 30.569 13.177 32.214 13.794
268 1 2 30.772 13.175 32.417 13.793
269 1 2 30.951 13.198 32.596 13.815
270 1 2 31.153 13.172 32.798 13.790
271 1 2 31.356 13.195 33.001 13.813
272 1 2 31.559 13.170 33.204 13.787
273 1 2 31.762 13.192 33.406 13.810
274 1 2 31.964 13.167 33.609 13.784
275 1 2 32.167 13.189 33.811 13.807
276 1 2 32.369 13.164 34.013 13.781
277 1 2 32.572 13.186 34.216 13.804
278 1 2 32.775 13.185 34.418 13.802
279 1 2 32.953 13.184 34.597 13.801
280 1 2 33.180 13.182 34.823 13.799
281 1 2 33.168 13.230 34.799 13.800
282 1 2 33.418 13.275 35.025 13.798
283 1 2 33.596 13.298 35.097 13.797
284 1 2 33.513 13.263 35.132 13.845
285 1 2 34.061 13.271 35.561 13.853
286 1 2 33.966 13.283 35.573 13.865
287 1 2 34.156 13.294 35.763 13.876
288 1 2 34.370 13.328 35.977 13.910
289 1 2 34.608 13.338 36.215 13.920
290 1 2 34.930 13.348 36.714 14.070
291 1 2 35.001 13.418 36.619 14.000
292 1 2 35.203 13.429 36.821 14.010
293 1 2 35.429 13.463 37.047 14.044
294 1 2 35.632 13.497 37.249 14.078
295 1 2 35.834 13.531 37.451 14.112
296 1 2 36.036 13.541 37.653 14.123
297 1 2 36.262 13.575 37.879 14.157
298 1 2 36.464 13.610 38.081 14.191
299 1 2 36.832 13.642 38.698 14.245
300 1 2 37.141 13.652 38.758 14.269
301 1 2 37.391 13.674 39.019 14.326
302 1 2 37.367 13.710 38.983 14.291
303 1 2 37.569 13.744 39.185 14.325
304 1 2 37.973 13.824 39.613 14.464
305 1 2 38.282 13.869 39.387 14.442
306 1 2 38.033 13.871 39.636 14.440
307 1 2 38.567 13.926 39.862 14.474
308 1 2 38.733 13.925 40.111 14.496
309 1 2 38.923 13.924 39.969 14.532
310 1 2 39.125 13.982 40.242 14.601
311 1 2 39.386 14.003 40.361 14.624
312 1 2 39.089 14.041 40.609 14.599
313 1 2 39.303 14.063 40.823 14.621
314 1 2 39.517 14.085 41.036 14.643
315 1 2 39.730 14.096 41.250 14.653
316 1 2 39.944 14.130 41.463 14.687
317 1 2 40.169 14.128 41.688 14.685
318 1 2 40.394 14.138 41.913 14.696
319 1 2 40.596 14.160 42.115 14.718
320 1 2 40.821 14.170 42.340 14.728
321 1 2 41.034 14.157 42.553 14.714
322 1 2 41.248 14.167 42.766 14.725
323 1 2 41.910 14.044 43.760 14.741
324 1 2 41.970 14.126 43.500 14.683
325 1 2 42.171 14.113 43.701 14.670
326 1 2 42.396 14.088 43.925 14.645
327 1 2 42.609 14.074 44.138 14.631
328 1 2 42.822 14.061 44.351 14.618
329 1 2 43.047 14.036 44.575 14.592
330 1 2 43.260 14.010 44.788 14.567
331 1 2 43.720 13.936 44.918 14.519
332 1 2 43.555 13.961 45.071 14.518
333 1 2 44.134 13.886 45.473 14.479
334 1 2 44.004 13.910 45.508 14.467
335 1 2 44.217 13.885 45.721 14.442
336 1 2 44.429 13.860 45.933 14.417
337 1 2 44.984 13.797 46.287 14.367
338 1 2 44.866 13.809 46.358 14.366
339 1 2 45.079 13.784 46.570 14.341
340 1 2 45.598 13.709 46.959 14.302
341 1 2 45.515 13.734 46.995 14.290
342 1 2 45.916 13.636 47.584 14.250
343 1 2 46.152 13.611 47.820 14.213
344 1 2 46.341 13.598 48.055 14.152
345 1 2 46.589 13.584 48.232 14.116
346 1 2 46.636 13.584 48.114 14.128
347 1 2 47.036 13.486 48.644 14.089
348 1 2 47.072 13.522 48.550 14.066
349 1 2 47.272 13.496 48.750 14.041
350 1 2 47.496 13.471 48.973 14.016
351 1 2 47.708 13.446 49.185 13.991
352 1 2 48.002 13.385 49.703 13.963
353 1 2 48.202 13.372 49.997 13.926
354 1 2 48.438 13.323 50.150 13.948
355 1 2 48.521 13.369 49.997 13.914
356 1 2 48.920 13.296 49.866 13.773
357 1 2 48.685 13.286 50.149 13.818
358 1 2 48.897 13.272 50.361 13.805
359 1 2 49.437 13.162 51.291 13.881
360 1 2 49.603 13.256 51.078 13.788
361 1 2 49.956 13.206 50.948 13.659
362 1 2 49.732 13.184 51.195 13.704
363 1 2 49.944 13.171 51.407 13.691
364 1 2 50.167 13.157 51.630 13.678
365 1 2 50.367 13.156 51.830 13.676
366 1 2 50.966 13.093 53.017 13.762
367 1 2 51.202 13.173 52.676 13.694
368 1 2 51.425 13.160 52.899 13.680
369 1 2 51.625 13.088 53.463 13.688
370 1 2 51.789 13.134 53.275 13.654
371 1 2 52.013 13.132 53.498 13.652
372 1 2 52.224 13.131 53.709 13.651
373 1 2 52.447 13.118 53.932 13.637
374 1 2 52.659 13.116 54.143 13.636
375 1 2 52.870 13.103 54.354 13.622
376 1 2 53.081 13.101 54.565 13.621
377 1 2 53.292 13.088 54.776 13.608
378 1 2 53.504 13.087 54.987 13.606
379 1 2 53.715 13.085 55.199 13.605
380 1 2 53.926 13.072 55.409 13.591
381 1 2 54.137 13.059 55.620 13.578
382 1 2 54.348 13.045 55.831 13.565
383 1 2 54.559 13.032 56.042 13.551
384 1 2 54.979 12.841 56.793 13.664
386 1 2 55.110 12.993 56.592 13.512
387 1 2 55.332 12.980 56.814 13.499
388 1 2 55.531 12.966 57.013 13.486
389 1 2 55.718 12.941 57.200 13.461
390 1 2 55.929 12.928 57.411 13.447
391 1 2 56.128 12.903 57.610 13.422
392 1 2 56.350 12.890 57.832 13.409
393 1 2 56.618 12.759 58.522 13.369
394 1 2 56.968 12.674 58.557 13.427
