0 1 1 46.041 12.898 47.055 13.792
1 1 1 46.004 12.872 47.067 13.805
2 1 1 45.979 12.872 47.042 13.805
3 1 1 45.942 12.872 47.005 13.804
4 1 1 45.917 12.859 46.980 13.792
5 1 1 45.318 12.979 46.431 13.862
22 1 1 45.294 12.916 46.456 13.824
23 1 1 45.343 12.916 46.469 13.825
24 1 1 45.319 12.904 46.444 13.812
25 1 1 45.269 12.916 46.394 13.824
26 1 1 45.244 12.903 46.369 13.811
27 1 1 45.219 12.915 46.344 13.824
28 1 1 45.169 12.902 46.295 13.811
29 1 1 45.144 12.915 46.269 13.823
30 1 1 45.094 12.902 46.220 13.810
31 1 1 45.069 12.914 46.195 13.822
32 1 1 45.044 12.901 46.170 13.810
33 1 1 44.994 12.913 46.120 13.822
34 1 1 44.970 12.901 46.095 13.809
35 1 1 44.945 12.913 46.070 13.821
36 1 1 44.895 12.900 46.020 13.808
37 1 1 44.870 12.887 45.996 13.796
38 1 1 44.845 12.875 45.971 13.783
39 1 1 44.795 12.887 45.921 13.795
40 1 1 44.770 12.874 45.896 13.782
41 1 1 44.745 12.886 45.871 13.795
42 1 1 44.721 12.873 45.846 13.782
43 1 1 44.671 12.885 45.796 13.794
44 1 1 44.646 12.873 45.771 13.781
45 1 1 44.621 12.885 45.746 13.793
46 1 1 44.571 12.872 45.697 13.781
47 1 1 44.546 12.884 45.671 13.793
48 1 1 44.496 12.871 45.622 13.780
49 1 1 44.471 12.884 45.597 13.792
50 1 1 44.421 12.871 45.547 13.779
51 1 1 44.396 12.883 45.522 13.792
52 1 1 44.346 12.870 45.472 13.779
53 1 1 44.322 12.857 45.447 13.766
54 1 1 44.272 12.845 45.398 13.753
55 1 1 44.222 12.857 45.348 13.765
56 1 1 44.197 12.844 45.323 13.752
57 1 1 44.172 12.856 45.298 13.765
58 1 1 44.122 12.868 45.248 13.777
59 1 1 44.097 12.880 45.223 13.789
60 1 1 44.072 12.893 45.198 13.801
61 1 1 44.047 12.905 45.172 13.813
62 1 1 43.997 12.892 45.123 13.801
63 1 1 43.972 12.904 45.098 13.813
64 1 1 43.922 12.891 45.048 13.800
65 1 1 43.897 12.904 45.023 13.812
66 1 1 43.847 12.891 44.973 13.799
67 1 1 43.822 12.903 44.948 13.812
68 1 1 43.772 12.890 44.898 13.799
69 1 1 43.747 12.902 44.873 13.811
70 1 1 43.722 12.915 44.848 13.823
71 1 1 43.672 12.927 44.798 13.835
72 1 1 43.647 12.914 44.773 13.823
73 1 1 43.622 12.926 44.748 13.835
74 1 1 43.573 12.913 44.698 13.822
75 1 1 43.548 12.925 44.673 13.834
76 1 1 43.498 12.913 44.624 13.821
77 1 1 43.473 12.900 44.599 13.809
78 1 1 43.423 12.887 44.549 13.796
79 1 1 43.398 12.899 44.524 13.808
80 1 1 43.373 12.886 44.499 13.795
81 1 1 43.348 12.899 44.474 13.807
82 1 1 43.298 12.886 44.424 13.795
83 1 1 43.273 12.898 44.399 13.807
84 1 1 43.224 12.885 44.349 13.794
85 1 1 43.198 12.897 44.324 13.806
86 1 1 43.149 12.885 44.275 13.793
87 1 1 43.124 12.897 44.249 13.806
88 1 1 43.099 12.884 44.225 13.793
89 1 1 43.049 12.896 44.175 13.805
90 1 1 43.024 12.883 44.150 13.792
91 1 1 42.974 12.895 44.100 13.804
92 1 1 42.949 12.883 44.075 13.792
93 1 1 42.899 12.895 44.025 13.804
94 1 1 42.874 12.882 44.000 13.791
95 1 1 42.824 12.869 43.950 13.778
96 1 1 42.775 12.856 43.900 13.765
97 1 1 42.749 12.868 43.875 13.777
98 1 1 42.724 12.881 43.850 13.790
99 1 1 42.699 12.893 43.825 13.802
100 1 1 42.674 12.880 43.800 13.789
101 1 1 42.624 12.892 43.750 13.801
102 1 1 42.599 12.880 43.726 13.789
103 1 1 42.574 12.892 43.700 13.801
104 1 1 42.525 12.879 43.651 13.788
105 1 1 42.499 12.891 43.626 13.800
106 1 1 42.450 12.878 43.576 13.787
107 1 1 42.425 12.891 43.551 13.800
108 1 1 42.400 12.878 43.526 13.787
109 1 1 42.350 12.890 43.476 13.799
110 1 1 42.325 12.877 43.451 13.786
111 1 1 42.300 12.889 43.426 13.798
112 1 1 42.275 12.877 43.401 13.786
113 1 1 42.250 12.889 43.376 13.798
114 1 1 42.200 12.876 43.326 13.785
115 1 1 42.323 13.052 43.101 13.783
116 1 1 42.174 12.963 43.275 13.860
117 1 1 42.149 12.963 43.250 13.859
118 1 1 42.149 12.963 43.250 13.859
119 1 1 42.124 12.963 43.225 13.859
120 1 1 42.074 12.962 43.175 13.859
121 1 1 42.049 12.962 43.151 13.859
122 1 1 42.049 12.962 43.151 13.859
123 1 1 42.024 12.962 43.126 13.858
124 1 1 41.974 12.962 43.076 13.858
125 1 1 41.949 12.961 43.051 13.858
126 1 1 41.924 12.961 43.026 13.858
127 1 1 41.899 12.961 43.001 13.857
128 1 1 41.874 12.961 42.976 13.857
129 1 1 41.824 12.960 42.926 13.857
130 1 1 41.799 12.960 42.901 13.856
131 1 1 41.799 12.960 42.901 13.856
132 1 1 41.774 12.960 42.876 13.856
133 1 1 41.724 12.959 42.826 13.856
134 1 1 41.675 12.959 42.776 13.855
135 1 1 41.650 12.959 42.751 13.855
136 1 1 41.650 12.959 42.751 13.855
137 1 1 41.625 12.958 42.726 13.855
138 1 1 41.575 12.958 42.676 13.855
139 1 1 41.525 12.958 42.626 13.854
140 1 1 41.500 12.957 42.601 13.854
141 1 1 41.500 12.957 42.601 13.854
142 1 1 41.475 12.957 42.576 13.854
143 1 1 41.424 12.982 42.526 13.878
144 1 1 41.399 12.981 42.501 13.878
145 1 1 41.399 12.981 42.501 13.878
146 1 1 41.374 12.981 42.476 13.878
147 1 1 41.324 12.981 42.426 13.877
148 1 1 41.299 12.981 42.401 13.877
149 1 1 41.299 12.981 42.401 13.877
150 1 1 41.275 12.955 42.376 13.852
151 1 1 41.225 12.955 42.326 13.852
152 1 1 41.175 12.954 42.276 13.851
153 1 1 41.150 12.954 42.251 13.851
154 1 1 41.150 12.954 42.251 13.851
155 1 1 41.125 12.954 42.226 13.851
156 1 1 41.075 12.954 42.176 13.850
157 1 1 41.050 12.953 42.151 13.850
158 1 1 41.025 12.953 42.126 13.850
159 1 1 40.975 12.953 42.077 13.849
160 1 1 40.950 12.952 42.052 13.849
161 1 1 40.950 12.952 42.052 13.849
162 1 1 40.925 12.952 42.027 13.849
163 1 1 40.875 12.952 41.977 13.849
164 1 1 40.850 12.952 41.952 13.848
165 1 1 40.825 12.951 41.927 13.848
166 1 1 40.775 12.951 41.877 13.848
167 1 1 40.750 12.951 41.852 13.847
168 1 1 40.750 12.951 41.852 13.847
169 1 1 40.725 12.951 41.827 13.847
170 1 1 40.675 12.950 41.777 13.847
171 1 1 40.650 12.950 41.752 13.847
172 1 1 40.625 12.950 41.727 13.846
173 1 1 40.575 12.949 41.677 13.846
174 1 1 40.550 12.949 41.652 13.846
175 1 1 40.550 12.949 41.652 13.846
176 1 1 40.525 12.949 41.627 13.846
177 1 1 40.475 12.948 41.577 13.845
178 1 1 40.425 12.948 41.527 13.845
179 1 1 40.400 12.948 41.502 13.844
180 1 1 40.400 12.948 41.502 13.844
181 1 1 40.375 12.947 41.477 13.844
182 1 1 40.325 12.947 41.427 13.844
183 1 1 40.300 12.947 41.402 13.844
184 1 1 40.300 12.947 41.402 13.844
185 1 1 40.275 12.947 41.377 13.843
186 1 1 40.225 12.946 41.327 13.843
187 1 1 40.200 12.946 41.302 13.843
188 1 1 40.200 12.946 41.302 13.843
189 1 1 40.175 12.946 41.277 13.843
190 1 1 40.125 12.970 41.227 13.867
191 1 1 40.100 12.970 41.202 13.867
192 1 1 40.075 12.970 41.177 13.867
193 1 1 40.025 12.969 41.127 13.866
194 1 1 40.000 12.969 41.102 13.866
195 1 1 40.000 12.969 41.102 13.866
196 1 1 39.950 12.969 41.052 13.866
197 1 1 39.925 12.968 41.027 13.865
0 3 2 56.315 12.926 57.514 13.447
1 3 2 56.278 12.901 57.526 13.447
2 3 2 56.117 12.987 57.366 13.396
3 3 2 55.943 13.023 57.193 13.332
4 3 2 55.782 13.071 57.032 13.318
5 3 2 55.893 13.047 56.635 13.340
6 3 2 55.769 13.033 56.350 13.362
7 3 2 55.584 13.032 56.251 13.386
8 3 2 54.965 12.790 56.733 13.639
9 3 2 54.742 12.788 56.621 13.638
10 3 2 54.544 12.662 56.473 13.599
11 3 2 54.543 12.898 56.127 13.460
12 3 2 54.307 12.946 56.040 13.471
13 3 2 54.220 12.970 55.631 13.430
14 3 2 54.134 12.882 55.594 13.442
15 3 2 54.085 12.832 55.693 13.518
16 3 2 53.923 12.818 55.532 13.504
17 3 2 53.750 12.829 55.358 13.515
18 3 2 53.290 12.900 54.925 13.424
19 3 2 53.167 12.849 54.627 13.397
20 3 2 53.179 12.799 54.776 13.460
21 3 2 52.695 12.832 54.342 13.382
22 3 2 52.583 12.843 54.057 13.354
23 3 2 52.385 12.804 54.069 13.379
24 3 2 52.236 12.828 53.858 13.353
25 3 2 52.075 12.752 53.697 13.351
26 3 2 51.901 12.763 53.449 13.299
27 3 2 51.641 12.698 53.387 13.324
28 3 2 51.541 12.722 53.040 13.271
29 3 2 51.305 12.683 53.064 13.296
30 3 2 51.268 12.657 52.705 13.280
31 3 2 51.045 12.631 52.593 13.267
32 3 2 50.834 12.591 52.481 13.241
33 3 2 50.623 12.602 52.320 13.252
34 3 2 50.449 12.613 52.010 13.187
35 3 2 50.213 12.536 51.886 13.198
36 3 2 50.139 12.548 51.687 13.134
37 3 2 49.903 12.508 51.538 13.133
38 3 2 49.766 12.482 51.365 13.057
39 3 2 49.543 12.443 51.141 13.042
40 3 2 49.443 12.429 50.931 12.991
41 3 2 49.232 12.365 50.819 12.977
42 3 2 49.084 12.314 50.583 12.913
43 3 2 48.823 12.212 50.384 12.924
44 3 2 48.749 12.187 50.198 12.860
45 3 2 48.488 12.134 50.086 12.871
46 3 2 48.215 12.119 50.100 12.772
47 3 2 48.165 12.082 49.714 12.781
48 3 2 47.954 12.080 49.752 12.719
49 3 2 47.842 12.029 49.317 12.677
50 3 2 47.582 11.964 49.143 12.688
51 3 2 47.433 11.913 49.056 12.638
52 3 2 47.519 12.013 49.019 12.575
53 3 2 47.320 11.974 48.821 12.536
54 3 2 47.134 11.948 48.634 12.509
55 3 2 46.947 11.909 48.448 12.470
56 3 2 46.451 11.742 48.000 12.454
57 3 2 46.215 11.678 47.889 12.415
58 3 2 46.004 11.651 47.690 12.376
59 3 2 45.854 11.612 47.441 12.362
60 3 2 45.494 11.571 47.429 12.337
61 3 2 45.407 11.558 47.267 12.323
62 3 2 45.244 11.669 47.056 12.333
63 3 2 44.920 11.628 46.931 12.282
64 3 2 44.609 11.601 46.870 12.194
65 3 2 44.560 11.500 46.583 12.217
66 3 2 44.424 11.400 46.409 12.240
67 3 2 44.697 11.552 46.198 12.114
68 3 2 44.485 11.537 45.987 12.099
69 3 2 44.298 11.523 45.800 12.085
70 3 2 44.086 11.533 45.588 12.096
71 3 2 43.887 11.519 45.389 12.081
72 3 2 43.687 11.530 45.190 12.092
73 3 2 43.488 11.540 44.990 12.103
74 3 2 43.288 11.551 44.791 12.113
75 3 2 43.088 11.549 44.591 12.111
76 3 2 42.889 11.560 44.392 12.122
77 3 2 42.673 11.882 44.176 12.444
78 3 2 42.477 11.593 43.980 12.156
79 3 2 41.878 11.550 43.642 12.253
80 3 2 41.855 11.351 43.359 11.901
81 3 2 41.852 11.638 43.356 12.188
82 3 2 41.640 11.648 43.144 12.198
83 3 2 41.190 11.706 42.731 12.257
84 3 2 41.277 11.732 42.781 12.282
85 3 2 41.077 11.755 42.581 12.305
86 3 2 40.914 11.779 42.418 12.329
87 3 2 40.664 11.814 42.168 12.364
88 3 2 40.464 11.837 41.968 12.387
89 3 2 40.251 11.860 41.756 12.410
90 3 2 40.051 11.896 41.556 12.446
91 3 2 39.850 11.931 41.355 12.482
92 3 2 39.637 11.967 41.143 12.517
93 3 2 39.424 11.990 40.930 12.540
94 3 2 39.224 12.025 40.730 12.576
95 3 2 39.011 12.061 40.517 12.611
96 3 2 38.798 12.096 40.304 12.647
97 3 2 38.597 12.132 40.103 12.683
98 3 2 37.996 12.177 39.727 12.817
99 3 2 37.759 12.162 39.451 12.864
100 3 2 37.770 12.275 39.075 12.911
101 3 2 37.444 12.259 38.949 12.997
102 3 2 37.231 12.295 38.786 13.008
103 3 2 37.305 12.383 38.800 12.934
104 3 2 36.919 12.242 38.533 13.194
105 3 2 37.004 12.443 38.498 12.993
106 3 2 36.416 12.400 38.146 13.153
107 3 2 36.315 12.436 38.008 13.177
108 3 2 36.064 12.447 37.782 13.187
109 3 2 36.213 12.548 37.708 13.099
110 3 2 35.586 12.567 37.344 13.233
111 3 2 35.336 12.578 37.168 13.282
112 3 2 35.548 12.655 37.043 13.206
113 3 2 34.945 12.687 36.691 13.290
114 3 2 34.732 12.685 36.491 13.313
115 3 2 34.895 12.724 36.391 13.275
116 3 2 34.694 12.747 36.190 13.298
117 3 2 34.116 12.805 35.750 13.370
118 3 2 33.940 12.841 35.600 13.381
119 3 2 33.663 12.863 35.336 13.404
120 3 2 33.487 12.937 35.098 13.414
121 3 2 33.587 12.913 35.085 13.439
122 3 2 33.374 12.923 34.871 13.450
123 3 2 33.160 12.934 34.658 13.460
124 3 2 32.934 12.944 34.432 13.471
125 3 2 32.721 12.955 34.219 13.481
126 3 2 32.507 12.966 34.005 13.492
127 3 2 32.281 12.976 33.779 13.503
128 3 2 32.055 12.987 33.553 13.513
129 3 2 31.841 12.985 33.340 13.511
130 3 2 31.627 12.996 33.126 13.522
131 3 2 31.401 12.994 32.900 13.520
132 3 2 31.175 13.004 32.674 13.531
133 3 2 30.961 13.002 32.460 13.529
134 3 2 30.748 13.000 32.247 13.527
135 3 2 30.521 13.011 32.021 13.538
136 3 2 30.308 13.009 31.807 13.536
137 3 2 30.106 13.007 31.606 13.534
138 3 2 29.892 13.018 31.392 13.545
139 3 2 29.654 13.016 31.153 13.543
140 3 2 29.452 13.014 30.952 13.541
141 3 2 29.238 13.012 30.739 13.539
142 3 2 29.012 13.023 30.512 13.550
143 3 2 28.798 13.021 30.298 13.548
144 3 2 28.597 13.019 30.097 13.546
145 3 2 28.383 13.017 29.883 13.544
146 3 2 28.156 13.028 29.657 13.555
147 3 2 27.942 13.026 29.443 13.553
148 3 2 27.728 13.024 29.229 13.551
149 3 2 27.501 13.022 29.003 13.549
150 3 2 27.287 13.033 28.788 13.560
151 3 2 27.086 13.031 28.587 13.558
152 3 2 26.871 13.029 28.373 13.556
153 3 2 26.645 13.040 28.146 13.567
154 3 2 26.430 13.038 27.932 13.565
155 3 2 26.229 13.036 27.731 13.563
156 3 2 26.015 13.034 27.517 13.561
157 3 2 25.800 13.032 27.303 13.560
158 3 2 25.598 13.043 27.101 13.570
159 3 2 25.384 13.041 26.887 13.569
160 3 2 25.157 13.039 26.660 13.567
161 3 2 24.943 13.037 26.446 13.565
162 3 2 24.754 13.036 26.257 13.563
163 3 2 24.526 13.046 26.030 13.574
164 3 2 24.312 13.044 25.815 13.572
165 3 2 24.110 13.042 25.614 13.570
166 3 2 23.896 13.041 25.399 13.568
167 3 2 23.668 13.051 25.172 13.579
168 3 2 22.961 13.070 24.741 13.676
170 3 2 23.124 13.109 24.628 13.637
171 3 2 22.910 13.107 24.414 13.635
172 3 2 22.695 13.118 24.199 13.646
173 3 2 22.153 13.050 23.982 13.770
174 3 2 22.328 13.152 23.833 13.680
175 3 2 22.113 13.163 23.618 13.691
176 3 2 21.911 13.161 23.416 13.689
177 3 2 21.696 13.172 23.201 13.700
178 3 2 21.481 13.170 22.986 13.698
179 3 2 21.279 13.181 22.784 13.709
180 3 2 21.064 13.179 22.569 13.707
181 3 2 20.836 13.190 22.342 13.718
182 3 2 19.953 13.119 21.861 13.752
184 3 2 19.750 13.117 21.747 13.776
185 3 2 19.522 13.141 21.430 13.811
186 3 2 19.345 13.152 21.202 13.821
187 3 2 19.106 13.062 20.988 13.782
188 3 2 18.713 13.096 20.760 13.780
189 3 2 18.662 13.133 20.493 13.840
190 3 2 18.435 13.106 20.340 13.902
191 3 2 18.647 13.246 20.153 13.775
192 3 2 18.431 13.244 19.938 13.773
193 3 2 18.216 13.255 19.723 13.784
194 3 2 18.013 13.266 19.520 13.794
195 3 2 17.798 13.264 19.305 13.793
196 3 2 17.570 13.275 19.077 13.803
197 3 2 17.354 13.273 18.862 13.801
