0 0 1 36.228 16.413 35.484 15.556
1 0 1 36.246 16.395 35.420 15.593
2 0 1 36.264 16.331 35.384 15.584
3 0 1 36.210 16.295 35.429 15.393
4 0 1 36.183 16.250 35.465 15.284
5 0 1 36.228 16.177 35.493 15.266
6 0 1 36.291 16.150 35.502 15.130
7 0 1 36.237 16.168 35.474 15.194
8 0 1 36.246 16.141 35.465 15.130
9 0 1 36.273 16.087 35.465 15.049
10 0 1 36.246 16.023 35.483 15.121
11 0 1 36.255 15.960 35.492 15.058
12 0 1 36.327 15.733 35.574 14.876
13 0 1 36.327 15.760 35.574 14.867
14 0 1 36.336 15.706 35.583 14.813
15 0 1 36.417 15.534 35.547 14.876
16 0 1 36.426 15.515 35.592 14.822
17 0 1 36.417 15.380 35.601 14.568
18 0 1 36.399 15.316 35.628 14.450
19 0 1 36.390 15.307 35.628 14.468
20 0 1 36.408 15.280 35.618 14.333
21 0 1 36.390 15.226 35.628 14.387
22 0 1 36.390 15.162 35.609 14.432
23 0 1 36.381 15.208 35.618 14.378
24 0 1 36.390 15.144 35.627 14.314
25 0 1 36.353 14.991 35.645 14.015
26 0 1 36.398 14.909 35.691 14.169
27 0 1 36.435 14.827 35.636 14.151
28 0 1 36.480 14.836 35.636 14.052
29 0 1 36.426 14.854 35.682 14.051
30 0 1 36.435 14.791 35.691 13.988
31 0 1 36.471 14.582 35.672 13.906
32 0 1 36.498 14.528 35.654 13.861
33 0 1 36.507 14.501 35.609 13.852
34 0 1 36.525 14.419 35.609 13.771
35 0 1 36.434 14.492 35.690 13.725
36 0 1 36.443 14.429 35.699 13.662
37 0 1 36.470 14.374 35.726 13.607
38 0 1 36.570 14.419 35.717 13.408
39 0 1 36.588 14.328 35.799 13.399
40 0 1 36.606 14.301 35.799 13.435
41 0 1 36.606 14.220 35.771 13.426
42 0 1 36.633 14.165 35.780 13.381
43 0 1 36.579 14.156 35.835 13.389
44 0 1 36.606 14.048 35.862 13.281
45 0 1 36.615 14.066 35.871 13.299
46 0 1 36.606 14.029 35.862 13.262
47 0 1 36.615 14.011 35.871 13.244
48 0 1 36.624 13.921 35.880 13.154
49 0 1 36.633 13.884 35.889 13.117
50 0 1 36.624 13.830 35.880 13.063
51 0 1 36.750 13.630 35.888 12.646
52 0 1 36.687 13.531 35.943 12.755
53 0 1 36.705 13.486 35.961 12.709
54 0 1 36.705 13.440 35.961 12.664
55 0 1 36.714 13.377 35.970 12.601
56 0 1 36.723 13.313 35.979 12.537
57 0 1 36.732 13.422 36.078 12.383
58 0 1 36.750 13.341 35.997 12.474
59 0 1 36.714 13.259 36.033 12.455
60 0 1 36.732 13.150 36.078 12.319
61 0 1 36.768 13.087 36.033 12.265
62 0 1 36.786 13.005 36.051 12.274
63 0 1 36.849 12.951 36.060 12.220
64 0 1 36.822 12.906 36.042 12.238
65 0 1 36.777 12.933 36.087 12.156
66 0 1 36.786 12.915 36.078 12.165
67 0 1 36.795 12.860 36.087 12.111
68 0 1 36.876 12.851 36.178 11.884
69 0 1 36.885 12.806 36.169 11.902
70 0 1 36.867 12.724 36.169 11.975
71 0 1 36.912 12.733 36.177 11.757
72 0 1 36.885 12.625 36.187 11.875
73 0 1 36.885 12.570 36.187 11.821
74 0 1 36.912 12.543 36.223 11.585
75 0 1 36.867 12.335 36.214 11.621
76 0 1 36.839 12.262 36.222 11.549
77 0 1 36.857 12.181 36.204 11.494
78 0 1 36.894 12.117 36.177 11.504
79 0 1 36.875 12.108 36.150 11.449
80 0 1 36.839 12.136 36.177 11.431
81 0 1 36.839 12.081 36.177 11.377
82 0 1 36.839 12.027 36.177 11.322
83 0 1 36.920 11.900 36.213 11.114
84 0 1 36.911 11.927 36.240 10.987
85 0 1 36.884 11.891 36.195 11.014
86 0 1 36.866 11.800 36.204 11.096
87 0 1 36.866 11.963 36.204 10.806
88 0 1 36.884 11.882 36.194 10.779
89 0 1 36.857 11.782 36.203 10.742
90 0 1 36.875 11.664 36.203 10.733
91 0 1 36.911 11.538 36.185 10.715
92 0 1 36.866 11.483 36.213 10.779
93 0 1 36.866 11.429 36.212 10.724
94 0 1 36.884 11.284 36.167 10.498
95 0 1 36.865 11.257 36.149 10.416
96 0 1 36.883 11.202 36.158 10.398
97 0 1 36.883 11.157 36.158 10.362
98 0 1 36.865 11.112 36.130 10.344
99 0 1 36.883 11.067 36.139 10.307
100 0 1 36.920 11.103 36.167 10.190
101 0 1 36.920 11.039 36.203 10.063
102 0 1 36.919 10.894 36.221 10.081
103 0 1 36.947 10.940 36.257 9.981
104 0 1 36.937 10.885 36.248 9.917
105 0 1 36.937 10.767 36.221 9.918
106 0 1 36.937 10.686 36.202 9.918
107 0 1 36.937 10.604 36.184 9.809
108 0 1 36.937 10.469 36.184 9.664
109 0 1 36.964 10.387 36.184 9.609
110 0 1 36.991 10.342 36.157 9.564
111 0 1 36.982 10.305 36.130 9.582
112 0 1 36.982 10.269 36.111 9.573
113 0 1 36.955 10.314 36.147 9.374
114 0 1 36.991 10.314 36.157 9.401
115 0 1 36.919 10.315 36.156 9.310
116 0 1 36.928 10.287 36.157 9.401
117 0 1 36.928 10.251 36.184 9.338
118 0 1 36.928 10.161 36.184 9.184
119 0 1 36.928 10.133 36.184 9.184
120 0 1 36.900 10.079 36.165 9.138
121 0 1 36.927 9.988 36.138 9.011
122 0 1 36.900 9.871 36.102 9.002
123 0 1 36.927 9.789 36.156 8.875
124 0 1 36.918 9.680 36.083 8.812
125 0 1 36.936 9.563 35.920 8.731
126 0 1 36.909 9.526 35.893 8.695
127 0 1 36.945 9.535 35.947 8.731
128 0 1 36.873 9.517 35.974 8.694
129 0 1 36.882 9.463 36.101 8.604
130 0 1 36.873 9.463 36.128 8.468
131 0 1 36.900 9.454 36.147 8.558
132 0 1 36.891 9.454 36.137 8.558
133 0 1 36.900 9.418 36.128 8.468
134 0 1 36.872 9.400 36.119 8.440
135 0 1 36.818 9.264 36.165 8.567
136 0 1 36.818 9.209 36.165 8.513
137 0 1 36.881 9.236 36.146 8.150
138 0 1 36.872 9.110 36.146 8.096
139 0 1 36.836 8.956 36.182 8.259
140 0 1 36.836 8.910 36.182 8.214
141 0 1 36.827 8.856 36.173 8.159
142 0 1 36.826 8.811 36.173 8.114
143 0 1 36.817 8.765 36.164 8.069
144 0 1 36.808 8.711 36.155 8.014
146 0 1 36.799 8.702 36.146 8.005
147 0 1 36.790 8.666 36.137 7.969
148 0 1 36.790 8.611 36.137 7.915
149 0 1 36.790 8.557 36.137 7.860
150 0 1 36.781 8.503 36.128 7.806
151 0 1 36.763 8.448 36.109 7.751
153 0 1 36.754 8.439 36.100 7.742
154 0 1 36.753 8.213 35.928 7.407
155 0 1 36.644 8.095 35.955 7.289
156 0 1 36.626 8.041 35.973 7.344
157 0 1 36.626 7.995 35.973 7.298
158 0 1 36.617 7.950 35.964 7.253
159 0 1 36.617 7.905 35.964 7.208
160 0 1 36.617 7.859 35.964 7.162
161 0 1 36.617 7.805 35.964 7.108
162 0 1 36.617 7.760 35.963 7.062
163 0 1 36.617 7.705 35.963 7.008
164 0 1 36.617 7.651 35.963 6.954
165 0 1 36.617 7.597 35.963 6.899
166 0 1 36.617 7.542 35.963 6.845
167 0 1 36.617 7.488 35.963 6.790
168 0 1 36.680 7.606 36.017 6.673
169 0 1 36.707 7.515 36.054 6.591
170 0 1 36.707 7.415 36.017 6.546
171 0 1 36.734 7.324 36.008 6.537
172 0 1 36.689 7.279 36.035 6.582
173 0 1 36.689 7.234 36.035 6.536
174 0 1 36.689 7.189 36.035 6.491
175 0 1 36.689 7.134 36.035 6.437
176 0 1 36.689 7.089 36.035 6.391
177 0 1 36.689 7.207 36.035 6.128
178 0 1 36.689 7.179 36.035 6.092
179 0 1 36.679 6.980 36.026 6.283
180 0 1 36.679 6.926 36.026 6.228
181 0 1 36.670 6.871 36.017 6.174
182 0 1 36.661 6.808 36.008 6.110
183 0 1 36.625 6.980 35.980 5.938
184 0 1 36.598 6.890 35.917 5.866
185 0 1 36.561 6.754 35.898 5.775
186 0 1 36.552 6.618 35.908 5.920
187 0 1 36.570 6.609 35.898 5.648
188 0 1 36.552 6.482 35.908 5.784
189 0 1 36.552 6.436 35.908 5.739
190 0 1 36.543 6.391 35.898 5.693
191 0 1 36.543 6.346 35.898 5.648
192 0 1 36.543 6.300 35.898 5.603
193 0 1 36.543 6.255 35.898 5.557
194 0 1 36.543 6.210 35.898 5.512
195 0 1 36.543 6.155 35.898 5.457
196 0 1 36.543 6.101 35.898 5.403
197 0 1 36.561 6.300 35.916 5.213
198 0 1 36.588 6.255 35.889 5.213
199 0 1 36.606 6.155 35.916 5.194
200 0 1 36.588 6.128 35.925 5.122
201 0 1 36.579 6.046 35.916 5.067
202 0 1 36.560 5.910 35.916 5.213
203 0 1 36.560 5.865 35.916 5.167
204 0 1 36.633 5.684 35.879 4.886
205 0 1 36.578 5.638 35.934 4.940
206 0 1 36.578 5.593 35.934 4.895
207 0 1 36.578 5.548 35.934 4.850
208 0 1 36.578 5.502 35.934 4.804
209 0 1 36.578 5.457 35.934 4.759
210 0 1 36.578 5.403 35.934 4.705
211 0 1 36.578 5.357 35.933 4.659
212 0 1 36.569 5.303 35.924 4.605
213 0 1 36.569 5.258 35.924 4.559
214 0 1 36.560 5.203 35.915 4.505
215 0 1 36.551 5.149 35.906 4.451
216 0 1 36.541 5.094 35.897 4.396
217 0 1 36.532 5.049 35.888 4.351
218 0 1 36.532 5.004 35.888 4.305
219 0 1 36.523 4.949 35.879 4.251
220 0 1 36.523 4.904 35.879 4.206
221 0 1 36.523 4.868 35.878 4.169
222 0 1 36.514 4.822 35.869 4.124
223 0 1 36.514 4.768 35.869 4.070
224 0 1 36.514 4.723 35.869 4.024
225 0 1 36.514 4.677 35.869 3.979
226 0 1 36.514 4.632 35.869 3.934
227 0 1 36.514 4.578 35.869 3.879
228 0 1 36.514 4.532 35.869 3.834
229 0 1 36.514 4.478 35.869 3.779
230 0 1 36.513 4.423 35.869 3.725
231 0 1 36.513 4.369 35.869 3.670
232 0 1 36.513 4.324 35.869 3.625
233 0 1 36.513 4.269 35.869 3.571
234 0 1 36.522 4.224 35.878 3.525
235 0 1 36.522 4.179 35.878 3.480
236 0 1 36.531 4.142 35.887 3.444
237 0 1 36.540 4.097 35.896 3.398
238 0 1 36.549 4.052 35.905 3.353
239 0 1 36.549 4.006 35.905 3.308
240 0 1 36.549 3.961 35.905 3.262
241 0 1 36.549 3.916 35.905 3.217
242 0 1 36.549 3.870 35.905 3.172
243 0 1 36.540 3.825 35.895 3.126
244 0 1 36.540 3.770 35.895 3.072
245 0 1 36.540 3.725 35.895 3.026
246 0 1 36.540 3.671 35.895 2.972
247 0 1 36.531 3.616 35.886 2.918
248 0 1 36.531 3.571 35.886 2.872
249 0 1 36.522 3.526 35.877 2.827
250 0 1 36.512 3.471 35.868 2.772
251 0 1 36.503 3.426 35.859 2.727
252 0 1 36.503 3.380 35.859 2.682
253 0 1 36.494 3.335 35.849 2.636
254 0 1 36.494 3.299 35.849 2.600
255 0 1 36.494 3.253 35.849 2.555
256 0 1 36.494 3.208 35.849 2.509
257 0 1 36.494 3.163 35.849 2.464
258 0 1 36.494 3.127 35.849 2.428
259 0 1 36.494 3.081 35.849 2.382
260 0 1 36.503 3.036 35.858 2.337
261 0 1 36.503 2.990 35.858 2.291
262 0 1 36.503 2.945 35.858 2.246
263 0 1 36.503 2.900 35.858 2.201
264 0 1 36.503 2.845 35.858 2.146
265 0 1 36.512 2.800 35.867 2.101
266 0 1 36.512 2.755 35.867 2.056
267 0 1 36.521 2.709 35.876 2.010
268 0 1 36.530 2.664 35.885 1.965
269 0 1 36.530 2.628 35.885 1.929
270 0 1 36.539 2.582 35.894 1.883
271 0 1 36.548 2.537 35.903 1.838
272 0 1 36.548 2.492 35.903 1.792
273 0 1 36.557 2.455 35.912 1.756
274 0 1 36.557 2.410 35.912 1.711
0 1 1 37.524 17.565 36.853 16.401
1 1 1 37.461 17.420 36.799 16.428
2 1 1 37.470 17.384 36.790 16.537
3 1 1 37.479 17.284 36.808 16.401
4 1 1 37.488 17.221 36.817 16.374
5 1 1 37.515 17.175 36.826 16.346
6 1 1 37.497 17.203 36.826 16.328
7 1 1 37.488 17.167 36.817 16.292
8 1 1 37.478 17.103 36.808 16.229
9 1 1 37.469 17.058 36.798 16.184
10 1 1 37.460 17.022 36.789 16.147
11 1 1 37.451 16.968 36.780 16.093
12 1 1 37.442 16.913 36.771 16.039
13 1 1 37.433 16.877 36.762 16.003
14 1 1 37.424 16.823 36.753 15.948
15 1 1 37.478 16.868 36.834 15.649
16 1 1 37.433 16.787 36.825 15.613
17 1 1 37.514 16.832 36.870 15.595
18 1 1 37.496 16.705 36.834 15.604
19 1 1 37.378 16.588 36.789 15.586
20 1 1 37.414 16.470 36.762 15.604
21 1 1 37.405 16.524 36.771 15.559
22 1 1 37.414 16.488 36.780 15.523
23 1 1 37.405 16.434 36.770 15.469
24 1 1 37.414 16.416 36.780 15.450
25 1 1 37.405 16.380 36.770 15.414
26 1 1 37.414 16.434 36.780 15.468
27 1 1 37.505 16.162 36.834 15.396
28 1 1 37.495 16.099 36.798 15.351
29 1 1 37.640 16.062 37.006 15.132
30 1 1 37.468 16.153 36.834 15.224
31 1 1 37.459 16.026 36.798 15.342
32 1 1 37.405 16.190 36.770 15.278
33 1 1 37.450 16.099 36.815 15.188
34 1 1 37.441 16.045 36.806 15.133
35 1 1 37.450 16.054 36.761 14.934
36 1 1 37.405 15.963 36.679 15.034
37 1 1 37.360 15.955 36.725 15.034
38 1 1 37.350 15.918 36.716 14.998
39 1 1 37.378 15.882 36.743 14.962
40 1 1 37.368 15.837 36.734 14.916
41 1 1 37.377 15.810 36.743 14.889
42 1 1 37.368 15.764 36.734 14.844
43 1 1 37.377 15.719 36.743 14.799
44 1 1 37.386 15.674 36.752 14.753
45 1 1 37.395 15.628 36.761 14.708
46 1 1 37.386 15.583 36.751 14.663
47 1 1 37.395 15.538 36.760 14.617
48 1 1 37.386 15.475 36.751 14.554
49 1 1 37.395 15.429 36.760 14.509
50 1 1 37.386 15.384 36.751 14.464
51 1 1 37.540 15.338 36.778 14.192
52 1 1 37.476 15.239 36.833 14.300
53 1 1 37.485 15.194 36.842 14.255
54 1 1 37.476 15.148 36.832 14.210
55 1 1 37.476 15.103 36.832 14.164
56 1 1 37.476 15.076 36.832 14.137
57 1 1 37.476 15.013 36.832 14.074
58 1 1 37.476 14.985 36.832 14.047
59 1 1 37.476 14.922 36.832 13.983
60 1 1 37.476 14.895 36.832 13.956
61 1 1 37.476 14.832 36.832 13.893
62 1 1 37.476 14.804 36.832 13.866
63 1 1 37.476 14.741 36.832 13.802
64 1 1 37.476 14.696 36.832 13.757
65 1 1 37.476 14.632 36.832 13.693
66 1 1 37.476 14.587 36.832 13.648
67 1 1 37.476 14.524 36.832 13.585
68 1 1 37.476 14.479 36.832 13.539
69 1 1 37.476 14.415 36.832 13.476
70 1 1 37.494 14.370 36.850 13.431
71 1 1 37.512 14.324 36.868 13.385
72 1 1 37.493 14.279 36.850 13.340
73 1 1 37.512 14.234 36.868 13.295
74 1 1 37.493 14.189 36.850 13.250
75 1 1 37.511 14.125 36.868 13.186
76 1 1 37.511 14.080 36.868 13.141
77 1 1 37.511 14.017 36.867 13.077
78 1 1 37.511 13.971 36.867 13.032
79 1 1 37.511 13.908 36.867 12.969
80 1 1 37.511 13.863 36.867 12.924
81 1 1 37.511 13.817 36.867 12.878
82 1 1 37.511 13.772 36.867 12.833
83 1 1 37.493 13.709 36.849 12.770
84 1 1 37.511 13.664 36.867 12.724
85 1 1 37.493 13.600 36.849 12.661
86 1 1 37.493 13.555 36.849 12.616
87 1 1 37.493 13.492 36.849 12.552
88 1 1 37.474 13.446 36.831 12.507
89 1 1 37.456 13.383 36.812 12.444
90 1 1 37.474 13.356 36.830 12.416
91 1 1 37.456 13.293 36.812 12.353
92 1 1 37.456 13.247 36.812 12.308
93 1 1 37.474 13.202 36.830 12.262
94 1 1 37.456 13.157 36.812 12.217
95 1 1 37.456 13.093 36.812 12.154
96 1 1 37.456 13.066 36.812 12.127
97 1 1 37.456 13.003 36.812 12.063
98 1 1 37.456 12.958 36.812 12.018
99 1 1 37.456 12.894 36.812 11.955
100 1 1 37.456 12.849 36.812 11.909
101 1 1 37.456 12.786 36.812 11.846
102 1 1 37.456 12.740 36.812 11.801
103 1 1 37.456 12.677 36.812 11.737
104 1 1 37.456 12.632 36.812 11.692
105 1 1 37.455 12.568 36.812 11.628
106 1 1 37.455 12.523 36.811 11.583
107 1 1 37.455 12.460 36.811 11.520
108 1 1 37.455 12.414 36.811 11.474
109 1 1 37.455 12.351 36.811 11.411
110 1 1 37.455 12.306 36.811 11.366
111 1 1 37.455 12.260 36.811 11.320
112 1 1 37.455 12.215 36.811 11.275
113 1 1 37.455 12.152 36.811 11.212
114 1 1 37.455 12.106 36.811 11.166
115 1 1 37.455 12.043 36.811 11.103
116 1 1 37.455 11.998 36.811 11.058
117 1 1 37.455 11.952 36.811 11.012
118 1 1 37.437 11.907 36.793 10.967
119 1 1 37.418 11.844 36.774 10.904
120 1 1 37.437 11.817 36.793 10.877
121 1 1 37.337 11.835 36.802 10.858
122 1 1 37.382 11.808 36.747 10.868
123 1 1 37.310 11.681 36.792 10.822
124 1 1 37.364 11.717 36.738 10.786
125 1 1 37.400 11.527 36.756 10.723
126 1 1 37.318 11.491 36.675 10.669
127 1 1 37.309 11.536 36.684 10.623
128 1 1 37.309 11.500 36.684 10.587
129 1 1 37.309 11.446 36.683 10.533
130 1 1 37.237 11.328 36.620 10.243
131 1 1 37.282 11.319 36.665 10.188
132 1 1 37.282 11.292 36.647 10.188
133 1 1 37.309 11.310 36.701 10.188
134 1 1 37.309 11.310 36.719 10.170
135 1 1 37.309 11.283 36.728 10.170
136 1 1 37.300 11.247 36.701 10.107
137 1 1 37.291 11.138 36.701 10.224
138 1 1 37.291 11.102 36.701 10.188
139 1 1 37.291 11.047 36.701 10.134
140 1 1 37.291 10.993 36.701 10.080
141 1 1 37.336 10.848 36.755 10.079
142 1 1 37.336 10.920 36.755 10.016
143 1 1 37.327 10.893 36.746 9.989
144 1 1 37.318 10.830 36.737 9.925
145 1 1 37.327 10.803 36.746 9.898
146 1 1 37.318 10.739 36.737 9.835
147 1 1 37.309 10.712 36.728 9.808
148 1 1 37.299 10.667 36.719 9.762
149 1 1 37.309 10.622 36.728 9.717
150 1 1 37.390 10.495 36.737 9.527
151 1 1 37.354 10.567 36.737 9.391
152 1 1 37.335 10.431 36.755 9.527
153 1 1 37.326 10.386 36.746 9.481
154 1 1 37.317 10.341 36.737 9.436
155 1 1 37.326 10.295 36.746 9.391
156 1 1 37.317 10.250 36.736 9.345
157 1 1 37.390 10.277 36.746 9.336
158 1 1 37.353 10.250 36.773 9.345
159 1 1 37.344 10.205 36.764 9.300
160 1 1 37.335 10.160 36.755 9.255
161 1 1 37.344 10.132 36.764 9.228
162 1 1 37.335 9.852 36.600 9.174
163 1 1 37.263 9.969 36.682 9.074
164 1 1 37.272 9.933 36.691 9.037
165 1 1 37.262 9.897 36.682 9.001
166 1 1 37.344 9.824 36.654 8.929
167 1 1 37.344 9.842 36.645 8.883
168 1 1 37.380 9.824 36.663 8.775
169 1 1 37.398 9.833 36.718 8.747
170 1 1 37.344 9.734 36.763 8.838
171 1 1 37.353 9.679 36.772 8.784
172 1 1 37.362 9.625 36.781 8.729
173 1 1 37.353 9.589 36.772 8.693
174 1 1 37.362 9.553 36.781 8.657
175 1 1 37.371 9.498 36.790 8.602
176 1 1 37.380 9.444 36.799 8.548
177 1 1 37.371 9.408 36.790 8.512
178 1 1 37.380 9.371 36.799 8.475
179 1 1 37.371 9.335 36.790 8.439
180 1 1 37.380 9.299 36.799 8.403
181 1 1 37.370 9.244 36.790 8.349
182 1 1 37.379 9.190 36.799 8.294
183 1 1 37.370 9.154 36.790 8.258
184 1 1 37.379 9.118 36.799 8.222
185 1 1 37.370 9.063 36.790 8.167
186 1 1 37.379 9.009 36.799 8.113
187 1 1 37.370 8.973 36.789 8.077
188 1 1 37.361 8.918 36.780 8.022
189 1 1 37.352 8.864 36.771 7.968
190 1 1 37.361 8.846 36.780 7.950
191 1 1 37.352 8.792 36.771 7.895
192 1 1 37.361 8.755 36.780 7.859
193 1 1 37.352 8.719 36.771 7.823
194 1 1 37.343 8.683 36.762 7.787
195 1 1 37.334 8.647 36.753 7.750
196 1 1 37.343 8.610 36.762 7.714
197 1 1 37.352 8.592 36.771 7.696
198 1 1 37.361 8.556 36.780 7.660
199 1 1 37.370 8.538 36.789 7.642
200 1 1 37.397 8.520 36.816 7.623
202 1 1 37.388 8.511 36.807 7.614
203 1 1 37.397 8.492 36.816 7.596
204 1 1 37.451 8.266 36.689 7.306
205 1 1 37.405 8.139 36.807 7.134
206 1 1 37.423 7.985 36.843 7.089
207 1 1 37.414 7.985 36.834 7.089
208 1 1 37.423 7.949 36.843 7.052
209 1 1 37.432 7.894 36.852 6.998
210 1 1 37.441 7.858 36.861 6.962
211 1 1 37.450 7.804 36.870 6.907
212 1 1 37.441 7.768 36.861 6.871
213 1 1 37.450 7.731 36.870 6.835
214 1 1 37.441 7.695 36.861 6.799
215 1 1 37.450 7.641 36.870 6.744
216 1 1 37.441 7.604 36.860 6.708
217 1 1 37.450 7.568 36.869 6.672
218 1 1 37.441 7.514 36.860 6.617
219 1 1 37.450 7.478 36.869 6.581
220 1 1 37.441 7.441 36.860 6.545
221 1 1 37.450 7.387 36.869 6.490
222 1 1 37.441 7.351 36.860 6.454
223 1 1 37.432 7.296 36.851 6.400
224 1 1 37.423 7.260 36.842 6.364
225 1 1 37.432 7.206 36.851 6.309
226 1 1 37.423 7.170 36.842 6.273
227 1 1 37.413 7.115 36.833 6.218
228 1 1 37.404 7.079 36.824 6.182
229 1 1 37.413 7.043 36.833 6.146
230 1 1 37.404 7.006 36.823 6.110
231 1 1 37.395 6.970 36.814 6.073
232 1 1 37.386 6.934 36.805 6.037
233 1 1 37.395 6.880 36.814 5.983
234 1 1 37.386 6.843 36.805 5.947
235 1 1 37.395 6.807 36.814 5.910
236 1 1 37.386 6.771 36.805 5.874
237 1 1 37.395 6.716 36.814 5.820
238 1 1 37.404 6.680 36.823 5.783
239 1 1 37.413 6.626 36.832 5.729
240 1 1 37.404 6.590 36.823 5.693
241 1 1 37.413 6.535 36.832 5.638
242 1 1 37.422 6.481 36.841 5.584
243 1 1 37.431 6.445 36.850 5.548
244 1 1 37.422 6.408 36.841 5.511
245 1 1 37.431 6.354 36.850 5.457
246 1 1 37.422 6.300 36.841 5.403
247 1 1 37.431 6.263 36.850 5.366
248 1 1 37.440 6.227 36.859 5.330
249 1 1 37.449 6.173 36.868 5.276
250 1 1 37.440 6.136 36.859 5.239
251 1 1 37.449 6.082 36.868 5.185
252 1 1 37.439 6.046 36.859 5.149
253 1 1 37.430 6.010 36.850 5.112
254 1 1 37.421 5.955 36.840 5.058
255 1 1 37.430 5.919 36.849 5.022
256 1 1 37.421 5.883 36.840 4.986
257 1 1 37.412 5.828 36.831 4.931
258 1 1 37.403 5.792 36.822 4.895
259 1 1 37.394 5.738 36.813 4.840
260 1 1 37.385 5.701 36.804 4.804
261 1 1 37.376 5.647 36.795 4.750
262 1 1 37.367 5.611 36.786 4.714
263 1 1 37.376 5.556 36.795 4.659
264 1 1 37.366 5.520 36.786 4.623
265 1 1 37.357 5.484 36.776 4.587
266 1 1 37.348 5.448 36.767 4.550
267 1 1 37.357 5.393 36.776 4.496
268 1 1 37.348 5.357 36.767 4.460
269 1 1 37.357 5.321 36.776 4.423
270 1 1 37.348 5.285 36.767 4.387
271 1 1 37.357 5.230 36.776 4.333
272 1 1 37.348 5.194 36.767 4.296
273 1 1 37.357 5.158 36.776 4.260
274 1 1 37.348 5.103 36.767 4.206
0 2 1 38.626 16.401 37.947 15.336
1 2 1 38.645 16.428 37.938 15.318
2 2 1 38.635 16.364 37.929 15.255
3 2 1 38.626 16.337 37.920 15.228
4 2 1 38.581 16.166 37.920 15.164
5 2 1 38.581 16.084 37.883 15.110
6 2 1 38.608 16.048 37.829 15.020
7 2 1 38.572 16.039 37.865 15.038
8 2 1 38.563 16.012 37.856 15.011
9 2 1 38.572 15.949 37.865 14.947
10 2 1 38.563 15.894 37.856 14.893
11 2 1 38.508 15.641 37.784 14.993
12 2 1 38.526 15.587 37.838 14.920
13 2 1 38.526 15.686 37.829 14.812
14 2 1 38.499 15.641 37.802 14.767
15 2 1 38.526 15.578 37.829 14.703
16 2 1 38.526 15.524 37.829 14.649
17 2 1 38.607 15.541 37.874 14.613
18 2 1 38.653 15.496 37.946 14.476
19 2 1 38.625 15.460 37.946 14.513
20 2 1 38.616 15.351 37.937 14.449
21 2 1 38.671 15.260 37.910 14.504
22 2 1 38.634 15.324 37.955 14.449
23 2 1 38.625 15.279 37.946 14.404
24 2 1 38.652 15.233 37.973 14.359
25 2 1 38.652 15.043 37.955 14.151
26 2 1 38.634 14.944 37.955 14.069
27 2 1 38.679 14.908 37.928 14.006
28 2 1 38.643 14.890 37.964 14.015
29 2 1 38.643 14.835 37.964 13.960
30 2 1 38.679 14.853 37.864 13.870
31 2 1 38.652 14.817 37.909 13.961
32 2 1 38.652 14.817 37.946 13.952
33 2 1 38.670 14.808 37.955 13.897
34 2 1 38.724 14.754 37.973 13.788
35 2 1 38.760 14.726 38.009 13.662
36 2 1 38.742 14.582 37.981 13.589
37 2 1 38.787 14.491 37.918 13.617
38 2 1 38.751 14.455 37.891 13.572
39 2 1 38.733 14.364 37.900 13.644
40 2 1 38.715 14.356 37.945 13.571
41 2 1 38.715 14.274 37.963 13.463
42 2 1 38.724 14.165 38.017 13.381
43 2 1 38.706 14.202 38.026 13.363
44 2 1 38.769 14.102 38.026 13.299
45 2 1 38.715 14.066 38.017 13.345
46 2 1 38.706 14.111 38.026 13.290
47 2 1 38.706 14.084 38.026 13.263
48 2 1 38.705 14.021 38.026 13.200
49 2 1 38.687 14.057 38.017 13.019
50 2 1 38.751 13.975 38.044 12.964
51 2 1 38.787 13.876 38.026 13.001
52 2 1 38.823 13.803 38.008 13.028
53 2 1 38.768 13.713 37.981 13.037
54 2 1 38.777 13.586 37.972 13.055
55 2 1 38.705 13.713 38.035 12.919
56 2 1 38.714 13.668 38.044 12.874
57 2 1 38.705 13.641 38.035 12.847
58 2 1 38.714 13.595 38.044 12.802
59 2 1 38.705 13.550 38.035 12.756
60 2 1 38.696 13.487 38.026 12.693
61 2 1 38.687 13.460 38.017 12.666
62 2 1 38.696 13.396 38.026 12.602
63 2 1 38.813 13.342 38.026 12.602
64 2 1 38.759 13.333 37.998 12.557
65 2 1 38.723 13.333 38.053 12.557
66 2 1 38.705 13.288 38.035 12.512
67 2 1 38.714 13.224 38.044 12.448
68 2 1 38.723 13.052 38.007 12.304
69 2 1 38.813 12.989 37.998 12.295
70 2 1 38.732 13.025 38.061 12.267
71 2 1 38.732 12.980 38.061 12.222
72 2 1 38.722 12.944 38.052 12.186
73 2 1 38.731 12.899 38.061 12.141
74 2 1 38.704 12.663 37.907 11.978
75 2 1 38.731 12.636 37.944 11.987
76 2 1 38.713 12.627 37.998 11.960
77 2 1 38.686 12.618 38.025 11.851
78 2 1 38.686 12.600 38.025 11.869
79 2 1 38.686 12.546 38.025 11.815
80 2 1 38.713 12.645 38.025 11.697
81 2 1 38.686 12.609 38.025 11.652
82 2 1 38.704 12.491 38.025 11.616
83 2 1 38.722 12.401 38.034 11.616
84 2 1 38.704 12.283 37.979 11.534
85 2 1 38.667 12.184 37.952 11.516
86 2 1 38.640 12.211 37.979 11.489
87 2 1 38.631 12.166 37.970 11.444
88 2 1 38.613 12.057 37.916 11.299
89 2 1 38.667 11.985 37.925 11.236
90 2 1 38.658 11.894 37.888 11.181
91 2 1 38.613 11.903 37.879 11.100
92 2 1 38.649 11.903 37.888 11.073
93 2 1 38.676 11.958 37.943 11.073
94 2 1 38.658 11.930 37.924 11.027
95 2 1 38.604 11.976 37.888 10.810
96 2 1 38.550 11.940 37.897 10.883
97 2 1 38.577 11.840 37.879 10.810
98 2 1 38.568 11.714 37.870 10.674
99 2 1 38.585 11.578 37.834 10.693
100 2 1 38.531 11.496 37.879 10.783
101 2 1 38.522 11.442 37.870 10.729
102 2 1 38.513 11.397 37.861 10.683
103 2 1 38.513 11.352 37.861 10.638
104 2 1 38.513 11.261 37.779 10.611
105 2 1 38.504 11.198 37.752 10.466
106 2 1 38.540 11.189 37.761 10.312
107 2 1 38.522 11.180 37.743 10.240
108 2 1 38.458 11.062 37.806 10.358
109 2 1 38.486 11.216 37.797 10.004
110 2 1 38.495 11.180 37.815 10.032
111 2 1 38.504 11.116 37.815 10.113
112 2 1 38.495 11.098 37.815 9.995
113 2 1 38.504 11.026 37.824 10.050
114 2 1 38.531 10.890 37.851 9.968
115 2 1 38.549 10.817 37.824 10.022
116 2 1 38.576 10.754 37.833 9.932
117 2 1 38.566 10.618 37.860 9.986
118 2 1 38.530 10.591 37.815 9.941
119 2 1 38.539 10.555 37.833 9.878
120 2 1 38.530 10.528 37.815 9.841
121 2 1 38.539 10.501 37.824 9.678
122 2 1 38.503 10.428 37.851 9.751
123 2 1 38.503 10.392 37.851 9.714
124 2 1 38.503 10.347 37.851 9.669
125 2 1 38.494 10.302 37.842 9.624
126 2 1 38.503 10.247 37.851 9.570
127 2 1 38.485 10.202 37.832 9.524
128 2 1 38.485 10.157 37.832 9.479
129 2 1 38.475 10.102 37.823 9.425
130 2 1 38.475 10.057 37.823 9.379
131 2 1 38.475 10.021 37.823 9.343
132 2 1 38.475 9.976 37.823 9.298
133 2 1 38.466 9.930 37.814 9.253
134 2 1 38.457 9.894 37.805 9.216
135 2 1 38.457 9.858 37.805 9.180
136 2 1 38.457 9.813 37.805 9.135
137 2 1 38.457 9.776 37.805 9.099
138 2 1 38.448 9.731 37.796 9.053
139 2 1 38.484 9.794 37.714 8.664
140 2 1 38.502 9.903 37.677 8.338
141 2 1 38.412 9.568 37.759 8.890
142 2 1 38.430 9.786 37.705 8.727
143 2 1 38.394 9.586 37.741 8.909
144 2 1 38.403 9.740 37.696 8.664
145 2 1 38.375 9.541 37.723 8.863
146 2 1 38.385 9.605 37.669 8.673
147 2 1 38.384 9.541 37.687 8.583
148 2 1 38.366 9.442 37.705 8.519
149 2 1 38.357 9.369 37.723 8.519
150 2 1 38.366 9.215 37.696 8.483
151 2 1 38.348 9.188 37.705 8.510
152 2 1 38.348 9.152 37.705 8.474
153 2 1 38.339 9.116 37.695 8.438
154 2 1 38.330 9.079 37.686 8.401
155 2 1 38.330 9.043 37.686 8.365
156 2 1 38.321 8.998 37.677 8.320
157 2 1 38.321 8.953 37.677 8.275
158 2 1 38.311 8.917 37.668 8.238
159 2 1 38.302 8.871 37.659 8.193
160 2 1 38.411 9.070 37.695 8.066
161 2 1 38.393 9.007 37.686 8.057
162 2 1 38.429 8.907 37.650 8.075
163 2 1 38.438 8.771 37.550 8.094
164 2 1 38.311 8.772 37.668 8.093
165 2 1 38.302 8.735 37.659 8.057
166 2 1 38.293 8.690 37.650 8.012
167 2 1 38.293 8.654 37.650 7.976
168 2 1 38.284 8.618 37.641 7.939
169 2 1 38.275 8.581 37.632 7.903
170 2 1 38.275 8.545 37.632 7.867
171 2 1 38.266 8.500 37.622 7.822
172 2 1 38.266 8.455 37.622 7.776
173 2 1 38.266 8.409 37.622 7.731
174 2 1 38.257 8.364 37.613 7.686
175 2 1 38.257 8.319 37.613 7.640
176 2 1 38.256 8.274 37.613 7.595
177 2 1 38.256 8.228 37.613 7.550
178 2 1 38.256 8.174 37.613 7.496
179 2 1 38.256 8.138 37.613 7.459
180 2 1 38.247 8.092 37.604 7.414
181 2 1 38.247 8.047 37.604 7.369
182 2 1 38.247 8.011 37.604 7.332
183 2 1 38.247 7.975 37.604 7.296
184 2 1 38.247 7.929 37.604 7.251
185 2 1 38.247 7.884 37.604 7.206
186 2 1 38.238 7.848 37.595 7.169
187 2 1 38.238 7.803 37.595 7.124
188 2 1 38.229 7.757 37.585 7.079
189 2 1 38.229 7.721 37.585 7.043
190 2 1 38.220 7.676 37.576 6.997
191 2 1 38.211 7.631 37.567 6.952
192 2 1 38.201 7.585 37.558 6.907
193 2 1 38.192 7.531 37.549 6.852
194 2 1 38.183 7.495 37.540 6.816
195 2 1 38.174 7.449 37.531 6.771
196 2 1 38.165 7.404 37.522 6.725
197 2 1 38.156 7.359 37.513 6.680
198 2 1 38.147 7.323 37.503 6.644
199 2 1 38.138 7.277 37.494 6.599
200 2 1 38.129 7.241 37.485 6.562
201 2 1 38.120 7.205 37.476 6.526
202 2 1 38.120 7.160 37.476 6.481
203 2 1 38.111 7.114 37.467 6.435
204 2 1 38.147 7.069 37.422 6.236
205 2 1 38.101 6.988 37.458 6.309
206 2 1 38.101 6.942 37.458 6.263
207 2 1 38.101 6.888 37.458 6.209
208 2 1 38.101 6.843 37.458 6.164
209 2 1 38.101 6.797 37.458 6.118
210 2 1 38.101 6.752 37.458 6.073
211 2 1 38.101 6.707 37.458 6.028
212 2 1 38.101 6.661 37.457 5.982
213 2 1 38.101 6.625 37.457 5.946
214 2 1 38.101 6.580 37.457 5.901
215 2 1 38.101 6.544 37.457 5.865
216 2 1 38.110 6.498 37.466 5.819
217 2 1 38.110 6.453 37.466 5.774
218 2 1 38.110 6.417 37.466 5.738
219 2 1 38.110 6.372 37.466 5.692
220 2 1 38.101 6.335 37.457 5.656
221 2 1 38.101 6.290 37.457 5.611
222 2 1 38.101 6.245 37.457 5.565
223 2 1 38.091 6.199 37.448 5.520
224 2 1 38.091 6.154 37.448 5.475
225 2 1 38.082 6.100 37.439 5.420
226 2 1 38.073 6.054 37.430 5.375
227 2 1 38.073 6.009 37.430 5.330
228 2 1 38.064 5.964 37.421 5.285
229 2 1 38.064 5.919 37.420 5.239
230 2 1 38.055 5.882 37.411 5.203
231 2 1 38.046 5.837 37.402 5.158
232 2 1 38.046 5.801 37.402 5.121
233 2 1 38.046 5.755 37.402 5.076
234 2 1 38.046 5.719 37.402 5.040
235 2 1 38.046 5.674 37.402 4.994
236 2 1 38.037 5.629 37.393 4.949
237 2 1 38.037 5.583 37.393 4.904
238 2 1 38.036 5.538 37.393 4.858
239 2 1 38.036 5.493 37.393 4.813
240 2 1 38.036 5.438 37.393 4.759
241 2 1 38.036 5.393 37.393 4.713
242 2 1 38.036 5.348 37.393 4.668
243 2 1 38.036 5.302 37.393 4.623
244 2 1 38.036 5.257 37.393 4.577
245 2 1 38.036 5.212 37.393 4.532
246 2 1 38.036 5.166 37.392 4.487
247 2 1 38.036 5.121 37.392 4.442
248 2 1 38.045 5.085 37.401 4.405
249 2 1 38.045 5.040 37.401 4.360
250 2 1 38.036 4.994 37.392 4.315
251 2 1 38.036 4.949 37.392 4.269
252 2 1 38.027 4.904 37.383 4.224
253 2 1 38.018 4.858 37.374 4.179
254 2 1 38.009 4.813 37.365 4.133
255 2 1 37.999 4.768 37.356 4.088
256 2 1 37.990 4.722 37.347 4.043
257 2 1 37.972 4.677 37.329 3.997
258 2 1 37.963 4.632 37.319 3.952
259 2 1 37.954 4.587 37.310 3.907
260 2 1 37.945 4.541 37.301 3.861
261 2 1 37.936 4.505 37.292 3.825
262 2 1 37.936 4.469 37.292 3.789
263 2 1 37.918 4.423 37.274 3.743
264 2 1 37.918 4.387 37.274 3.707
265 2 1 37.909 4.351 37.265 3.671
266 2 1 37.908 4.315 37.265 3.635
267 2 1 37.899 4.269 37.256 3.589
268 2 1 37.899 4.233 37.256 3.553
269 2 1 37.890 4.188 37.246 3.508
270 2 1 37.890 4.142 37.246 3.462
271 2 1 37.890 4.097 37.246 3.417
272 2 1 37.881 4.043 37.237 3.363
273 2 1 37.881 3.997 37.237 3.317
274 2 1 37.881 3.952 37.237 3.272
0 3 2 23.766 10.740 22.041 10.015
1 3 2 23.876 10.767 22.197 10.097
2 3 2 23.922 10.730 22.316 9.996
3 3 2 23.940 10.739 22.326 10.005
4 3 2 24.087 10.757 22.436 10.023
5 3 2 24.178 10.775 22.518 10.078
6 3 2 24.206 10.775 22.528 10.068
7 3 2 24.407 10.738 22.637 10.023
8 3 2 24.544 10.719 22.757 10.041
9 3 2 24.609 10.737 22.922 10.022
10 3 2 24.718 10.746 23.105 10.040
11 3 2 24.764 10.755 23.142 10.040
12 3 2 24.773 10.792 23.142 10.094
13 3 2 24.902 10.800 23.233 10.103
14 3 2 24.993 10.791 23.426 10.066
15 3 2 25.057 10.800 23.499 10.075
16 3 2 25.268 10.790 23.664 10.102
17 3 2 25.377 10.817 23.783 10.084
18 3 2 25.469 10.835 23.829 10.102
19 3 2 25.505 10.826 23.939 10.102
20 3 2 25.761 10.789 24.085 10.083
21 3 2 25.807 10.807 24.159 10.074
22 3 2 25.926 10.788 24.333 10.101
23 3 2 26.018 10.825 24.470 10.100
24 3 2 26.027 10.797 24.452 10.109
25 3 2 26.127 10.806 24.552 10.118
26 3 2 26.246 10.815 24.671 10.127
27 3 2 26.347 10.806 24.772 10.118
28 3 2 26.465 10.832 24.891 10.145
29 3 2 26.758 10.841 25.047 10.163
30 3 2 26.676 10.841 25.102 10.162
31 3 2 26.776 10.841 25.202 10.162
32 3 2 26.877 10.840 25.303 10.162
33 3 2 26.995 10.858 25.422 10.180
34 3 2 27.096 10.858 25.523 10.180
35 3 2 27.215 10.858 25.641 10.179
36 3 2 27.315 10.857 25.742 10.179
37 3 2 27.416 10.857 25.843 10.179
38 3 2 27.516 10.857 25.943 10.179
39 3 2 27.635 10.875 26.062 10.196
40 3 2 27.735 10.874 26.163 10.196
41 3 2 27.854 10.874 26.281 10.196
42 3 2 27.954 10.874 26.382 10.196
43 3 2 28.055 10.874 26.483 10.195
44 3 2 28.155 10.873 26.583 10.195
45 3 2 28.274 10.873 26.702 10.195
46 3 2 28.374 10.873 26.802 10.195
47 3 2 28.474 10.872 26.903 10.194
48 3 2 28.575 10.872 27.003 10.194
49 3 2 28.693 10.872 27.122 10.194
50 3 2 28.775 10.872 27.204 10.194
51 3 2 28.894 10.871 27.323 10.193
52 3 2 28.994 10.871 27.424 10.193
53 3 2 29.095 10.871 27.524 10.193
54 3 2 29.195 10.870 27.624 10.193
55 3 2 29.295 10.870 27.725 10.192
56 3 2 29.395 10.870 27.825 10.192
57 3 2 29.496 10.870 27.926 10.192
58 3 2 29.578 10.851 28.008 10.173
59 3 2 29.678 10.851 28.108 10.173
60 3 2 29.778 10.851 28.209 10.173
61 3 2 29.878 10.850 28.309 10.173
62 3 2 29.960 10.850 28.391 10.173
63 3 2 30.061 10.850 28.491 10.172
64 3 2 30.143 10.831 28.574 10.154
65 3 2 30.243 10.831 28.674 10.154
66 3 2 30.343 10.831 28.774 10.153
67 3 2 30.443 10.831 28.875 10.153
68 3 2 30.525 10.812 28.957 10.135
69 3 2 30.625 10.812 29.057 10.135
70 3 2 30.707 10.812 29.139 10.134
71 3 2 30.807 10.811 29.239 10.134
72 3 2 30.889 10.811 29.321 10.134
73 3 2 30.990 10.811 29.422 10.134
74 3 2 31.053 10.793 29.485 10.115
75 3 2 31.153 10.792 29.586 10.115
76 3 2 31.235 10.792 29.668 10.115
77 3 2 31.335 10.792 29.768 10.115
78 3 2 31.417 10.792 29.850 10.114
79 3 2 31.499 10.791 29.932 10.114
80 3 2 31.581 10.791 30.014 10.114
81 3 2 31.663 10.791 30.096 10.114
82 3 2 31.745 10.791 30.178 10.114
83 3 2 31.827 10.791 30.260 10.113
84 3 2 31.909 10.790 30.342 10.113
85 3 2 31.991 10.790 30.424 10.113
86 3 2 32.045 10.790 30.479 10.113
87 3 2 32.136 10.790 30.570 10.113
88 3 2 32.218 10.808 30.652 10.131
89 3 2 32.291 10.807 30.725 10.130
90 3 2 32.363 10.807 30.797 10.130
91 3 2 32.445 10.807 30.879 10.130
92 3 2 32.509 10.816 30.943 10.139
93 3 2 32.591 10.825 31.025 10.148
94 3 2 32.654 10.825 31.089 10.148
95 3 2 32.736 10.842 31.171 10.166
96 3 2 32.800 10.860 31.234 10.184
97 3 2 32.882 10.860 31.316 10.183
98 3 2 32.945 10.878 31.380 10.201
99 3 2 33.191 10.896 31.407 10.220
100 3 2 33.200 10.905 31.471 10.238
101 3 2 33.164 10.923 31.553 10.237
102 3 2 33.173 10.941 31.662 10.192
103 3 2 33.327 10.986 31.790 10.318
104 3 2 33.391 10.995 31.872 10.255
105 3 2 33.509 10.995 31.917 10.291
106 3 2 33.472 10.967 31.935 10.300
107 3 2 33.527 10.976 31.990 10.309
108 3 2 33.618 11.003 32.081 10.336
109 3 2 33.654 11.030 32.117 10.363
110 3 2 33.754 11.094 32.181 10.345
111 3 2 33.836 11.121 32.263 10.335
112 3 2 33.872 11.157 32.272 10.399
113 3 2 33.891 11.184 32.399 10.408
114 3 2 33.945 11.265 32.445 10.426
115 3 2 33.954 11.175 32.436 10.507
116 3 2 34.091 11.428 32.463 10.317
117 3 2 34.063 11.428 32.672 10.534
118 3 2 34.127 11.555 32.645 10.407
119 3 2 34.145 11.646 32.726 10.334
120 3 2 34.336 11.700 32.772 10.334
121 3 2 34.427 11.681 32.872 10.425
122 3 2 34.636 11.717 32.927 10.579
123 3 2 34.663 11.735 33.018 10.551
124 3 2 34.708 11.771 33.208 10.551
125 3 2 34.699 11.517 33.209 10.805
126 3 2 34.772 11.553 33.282 10.841
127 3 2 34.835 11.589 33.345 10.877
128 3 2 34.936 12.178 33.399 10.659
129 3 2 34.908 11.616 33.418 10.904
130 3 2 35.072 12.141 33.672 10.722
131 3 2 34.980 11.643 33.491 10.931
132 3 2 35.062 11.679 33.572 10.967
133 3 2 35.126 11.715 33.636 11.003
134 3 2 35.225 11.751 33.736 11.039
135 3 2 35.307 11.787 33.818 11.075
136 3 2 35.407 11.823 33.918 11.111
137 3 2 35.389 12.322 34.099 10.957
138 3 2 35.479 11.832 33.990 11.120
139 3 2 35.561 11.850 34.072 11.138
140 3 2 35.652 11.886 34.163 11.174
141 3 2 35.761 11.904 34.272 11.192
142 3 2 35.860 11.939 34.372 11.228
143 3 2 35.942 11.957 34.454 11.246
144 3 2 36.060 11.975 34.572 11.264
145 3 2 36.160 11.993 34.671 11.281
146 3 2 36.640 12.281 34.908 11.498
147 3 2 36.513 12.236 35.016 11.525
148 3 2 36.622 12.236 35.125 11.525
149 3 2 36.731 12.254 35.234 11.543
150 3 2 36.839 12.271 35.343 11.560
151 3 2 36.966 12.253 35.470 11.542
152 3 2 37.084 12.361 35.760 11.532
153 3 2 37.156 12.298 35.670 11.587
154 3 2 37.256 12.297 35.769 11.586
155 3 2 37.356 12.279 35.869 11.568
156 3 2 37.491 12.278 36.005 11.568
157 3 2 37.591 12.260 36.105 11.549
158 3 2 37.709 12.241 36.222 11.531
159 3 2 37.808 12.241 36.322 11.530
160 3 2 37.944 12.222 36.458 11.512
161 3 2 38.043 12.204 36.558 11.493
162 3 2 38.161 12.186 36.675 11.475
163 3 2 38.279 12.167 36.793 11.456
164 3 2 38.396 12.149 36.911 11.438
165 3 2 38.514 12.112 37.029 11.401
166 3 2 38.740 12.057 37.345 11.201
167 3 2 38.848 12.011 37.336 11.192
168 3 2 38.866 11.984 37.418 11.201
169 3 2 39.038 11.902 37.662 11.164
170 3 2 39.219 11.911 37.816 11.118
171 3 2 39.354 11.874 37.925 11.073
172 3 2 39.363 11.883 38.051 11.072
173 3 2 39.454 11.846 38.105 10.991
174 3 2 39.481 11.774 38.060 11.063
175 3 2 39.815 11.746 38.286 11.017
176 3 2 39.969 11.781 38.522 11.035
177 3 2 40.149 11.709 38.630 10.962
178 3 2 40.258 11.654 38.784 10.880
179 3 2 40.447 11.617 38.946 10.798
180 3 2 40.583 11.590 39.037 10.825
181 3 2 40.718 11.571 39.091 10.861
182 3 2 40.601 11.562 39.182 10.852
183 3 2 40.727 11.544 39.308 10.833
184 3 2 40.853 11.525 39.435 10.815
185 3 2 41.332 11.506 39.606 10.796
186 3 2 41.377 11.470 39.724 10.796
187 3 2 41.512 11.469 39.850 10.796
188 3 2 41.566 11.460 39.904 10.732
189 3 2 41.656 11.451 40.031 10.759
190 3 2 41.855 11.441 40.148 10.777
191 3 2 41.981 11.450 40.374 10.740
192 3 2 42.098 11.440 40.519 10.712
193 3 2 42.188 11.422 40.555 10.712
194 3 2 42.261 11.440 40.744 10.712
195 3 2 42.198 11.413 40.780 10.730
196 3 2 42.621 11.385 40.961 10.720
197 3 2 42.774 11.384 41.123 10.738
198 3 2 42.883 11.411 41.223 10.674
199 3 2 42.982 11.365 41.358 10.710
200 3 2 42.864 11.366 41.448 10.710
201 3 2 42.991 11.365 41.575 10.710
202 3 2 43.153 11.365 41.737 10.709
203 3 2 43.261 11.365 41.845 10.709
204 3 2 43.405 11.364 41.990 10.708
205 3 2 43.909 11.372 42.089 10.699
206 3 2 43.693 11.354 42.278 10.699
207 3 2 44.107 11.425 42.558 10.662
208 3 2 44.026 11.362 42.612 10.707
209 3 2 44.152 11.362 42.738 10.706
210 3 2 44.296 11.361 42.882 10.706
211 3 2 44.440 11.343 43.026 10.688
212 3 2 44.917 11.486 43.215 10.488
213 3 2 44.755 11.315 43.342 10.660
214 3 2 44.881 11.315 43.468 10.659
215 3 2 45.025 11.314 43.612 10.659
216 3 2 45.151 11.314 43.738 10.659
217 3 2 45.556 11.493 43.846 10.442
218 3 2 45.394 11.295 43.981 10.640
219 3 2 45.825 11.393 44.071 10.613
220 3 2 45.646 11.321 44.233 10.666
221 3 2 45.772 11.321 44.359 10.666
222 3 2 45.915 11.320 44.503 10.666
223 3 2 46.059 11.320 44.647 10.665
224 3 2 46.203 11.320 44.791 10.665
225 3 2 46.329 11.319 44.917 10.664
226 3 2 46.472 11.319 45.061 10.664
227 3 2 46.598 11.318 45.187 10.664
228 3 2 46.742 11.318 45.331 10.663
229 3 2 46.868 11.318 45.457 10.663
230 3 2 47.011 11.317 45.600 10.663
231 3 2 47.155 11.317 45.744 10.662
232 3 2 47.281 11.334 45.870 10.680
233 3 2 47.424 11.334 46.014 10.680
234 3 2 47.550 11.334 46.140 10.679
235 3 2 47.694 11.333 46.283 10.679
236 3 2 47.819 11.333 46.409 10.678
237 3 2 47.963 11.332 46.553 10.678
238 3 2 48.375 11.385 46.661 10.615
239 3 2 48.510 11.403 46.742 10.641
240 3 2 48.322 11.340 46.912 10.686
241 3 2 48.653 11.402 47.002 10.632
242 3 2 48.528 11.340 47.119 10.686
243 3 2 49.030 11.311 47.235 10.613
244 3 2 49.209 11.311 47.406 10.667
245 3 2 48.994 11.311 47.586 10.666
246 3 2 49.120 11.302 47.711 10.657
247 3 2 49.227 11.311 47.819 10.666
248 3 2 49.370 11.301 47.962 10.656
249 3 2 49.496 11.310 48.088 10.665
250 3 2 49.639 11.300 48.232 10.655
251 3 2 49.783 11.309 48.375 10.664
252 3 2 49.908 11.300 48.501 10.655
253 3 2 50.016 11.308 48.608 10.663
254 3 2 50.159 11.299 48.752 10.654
255 3 2 50.284 11.307 48.877 10.663
256 3 2 50.427 11.298 49.021 10.653
257 3 2 50.571 11.307 49.164 10.662
258 3 2 50.696 11.315 49.290 10.671
259 3 2 50.803 11.324 49.397 10.679
260 3 2 50.929 11.315 49.523 10.670
261 3 2 51.072 11.323 49.666 10.679
262 3 2 51.197 11.332 49.791 10.687
263 3 2 51.322 11.340 49.917 10.696
264 3 2 51.850 11.420 50.042 10.723
265 3 2 51.975 11.392 50.159 10.686
266 3 2 51.761 11.357 50.356 10.713
267 3 2 51.886 11.366 50.481 10.721
268 3 2 52.029 11.374 50.624 10.730
269 3 2 52.154 11.383 50.750 10.739
270 3 2 52.279 11.410 50.875 10.765
271 3 2 52.404 11.418 51.000 10.774
272 3 2 52.547 11.427 51.143 10.783
273 3 2 52.672 11.435 51.269 10.791
274 3 2 52.815 11.462 51.412 10.818
0 4 1 35.846 15.256 35.192 14.062
1 4 1 35.801 15.274 35.183 13.990
2 4 1 35.801 15.274 35.183 13.999
3 4 1 35.792 15.220 35.174 13.945
4 4 1 35.783 15.147 35.165 13.872
5 4 1 35.792 15.093 35.174 13.818
6 4 1 35.782 15.057 35.164 13.782
7 4 1 35.845 14.703 35.146 13.800
8 4 1 35.791 14.631 35.083 13.773
9 4 1 35.764 14.604 35.028 13.673
10 4 1 35.737 14.649 35.064 13.637
11 4 1 35.746 14.604 35.073 13.592
12 4 1 35.737 14.558 35.064 13.546
13 4 1 35.746 14.513 35.073 13.501
14 4 1 35.736 14.468 35.064 13.456
15 4 1 35.764 14.422 35.073 13.347
16 4 1 35.754 14.395 35.082 13.374
17 4 1 35.763 14.341 35.091 13.320
18 4 1 35.754 14.287 35.082 13.265
19 4 1 35.781 14.232 35.109 13.211
20 4 1 35.772 14.178 35.100 13.157
21 4 1 35.781 14.123 35.109 13.102
22 4 1 35.790 14.069 35.118 13.048
23 4 1 35.799 14.033 35.127 13.011
24 4 1 35.808 13.978 35.136 12.957
25 4 1 35.817 13.942 35.145 12.921
26 4 1 35.826 13.906 35.154 12.884
27 4 1 35.835 13.851 35.163 12.830
28 4 1 35.844 13.815 35.172 12.794
29 4 1 35.853 13.779 35.181 12.757
30 4 1 35.844 13.725 35.172 12.703
31 4 1 35.853 13.688 35.181 12.667
32 4 1 35.898 13.516 35.317 12.585
33 4 1 35.926 13.561 35.272 12.558
34 4 1 35.935 13.525 35.281 12.521
35 4 1 35.926 13.471 35.272 12.467
36 4 1 35.953 13.425 35.344 12.494
37 4 1 35.962 13.452 35.317 12.458
38 4 1 35.953 13.434 35.389 12.258
39 4 1 35.971 13.380 35.389 12.204
40 4 1 35.998 13.280 35.353 12.186
41 4 1 35.989 13.244 35.344 12.186
42 4 1 36.016 13.126 35.362 12.204
43 4 1 36.007 12.972 35.344 12.240
44 4 1 36.034 12.872 35.380 12.249
45 4 1 36.016 13.044 35.389 12.086
46 4 1 36.016 12.999 35.389 12.041
47 4 1 36.034 12.972 35.407 12.013
48 4 1 36.016 12.927 35.389 11.968
49 4 1 36.052 12.881 35.425 11.923
50 4 1 36.052 12.818 35.425 11.859
51 4 1 36.161 12.835 35.434 11.769
52 4 1 36.115 12.781 35.479 11.814
53 4 1 36.124 12.727 35.488 11.759
54 4 1 36.133 12.654 35.497 11.687
55 4 1 36.142 12.618 35.506 11.651
56 4 1 36.052 12.709 35.488 11.469
57 4 1 36.106 12.609 35.506 11.506
58 4 1 36.142 12.518 35.533 11.506
59 4 1 36.142 12.410 35.552 11.524
60 4 1 36.087 12.292 35.506 11.506
61 4 1 36.097 12.383 35.506 11.424
62 4 1 36.196 12.138 35.606 11.270
63 4 1 36.187 12.183 35.597 11.233
64 4 1 36.187 12.147 35.597 11.197
65 4 1 36.187 12.092 35.597 11.143
66 4 1 36.187 12.002 35.569 11.107
67 4 1 36.160 11.957 35.551 10.998
68 4 1 36.169 11.966 35.569 11.016
69 4 1 36.160 11.957 35.569 11.016
70 4 1 36.159 11.911 35.569 10.971
71 4 1 36.159 11.839 35.569 10.898
72 4 1 36.277 11.920 35.569 10.835
73 4 1 36.250 11.893 35.587 10.826
74 4 1 36.214 11.784 35.614 10.635
75 4 1 36.186 11.694 35.605 10.581
76 4 1 36.177 11.630 35.578 10.590
77 4 1 36.168 11.585 35.587 10.644
78 4 1 36.150 11.440 35.578 10.572
79 4 1 36.150 11.476 35.578 10.545
80 4 1 36.150 11.440 35.578 10.508
81 4 1 36.240 11.168 35.596 10.399
82 4 1 36.195 11.250 35.623 10.327
83 4 1 36.150 11.223 35.559 10.282
84 4 1 36.141 11.205 35.568 10.282
85 4 1 36.140 11.159 35.568 10.236
86 4 1 36.140 11.087 35.568 10.164
87 4 1 36.140 11.051 35.568 10.128
88 4 1 36.140 10.987 35.568 10.064
89 4 1 36.140 10.942 35.568 10.019
90 4 1 36.158 10.878 35.586 9.955
91 4 1 36.158 10.815 35.586 9.892
92 4 1 36.149 10.752 35.577 9.828
93 4 1 36.158 10.706 35.586 9.783
94 4 1 36.176 10.679 35.568 9.847
95 4 1 36.167 10.561 35.568 9.828
96 4 1 36.131 10.380 35.531 9.792
97 4 1 36.130 10.289 35.504 9.674
98 4 1 36.122 10.462 35.549 9.575
99 4 1 36.167 10.226 35.549 9.538
100 4 1 36.185 10.235 35.540 9.466
101 4 1 36.194 10.235 35.549 9.384
102 4 1 36.203 10.180 35.594 9.112
103 4 1 36.176 10.162 35.567 9.121
104 4 1 36.176 10.162 35.567 9.067
105 4 1 36.130 10.181 35.567 9.013
106 4 1 36.130 10.162 35.558 9.013
107 4 1 36.130 10.126 35.549 9.003
108 4 1 36.121 9.990 35.558 9.130
109 4 1 36.130 10.017 35.485 8.958
110 4 1 36.103 9.963 35.485 8.886
111 4 1 36.084 9.791 35.476 8.813
112 4 1 36.039 9.682 35.421 8.768
113 4 1 35.847 8.541 35.284 7.680
114 4 1 36.066 9.510 35.376 8.786
115 4 1 36.148 9.474 35.367 8.705
116 4 1 36.447 9.799 35.902 8.976
117 4 1 36.021 9.474 35.476 8.650
118 4 1 36.102 9.374 35.421 8.478
119 4 1 36.084 9.338 35.412 8.423
120 4 1 36.075 9.320 35.412 8.414
121 4 1 36.084 9.329 35.421 8.369
122 4 1 36.029 9.256 35.503 8.441
123 4 1 36.020 9.211 35.493 8.396
124 4 1 36.029 9.166 35.502 8.351
125 4 1 36.020 9.111 35.502 8.296
126 4 1 36.020 9.057 35.502 8.242
127 4 1 36.029 9.003 35.511 8.187
128 4 1 36.029 8.957 35.511 8.142
129 4 1 36.029 8.921 35.511 8.106
130 4 1 36.038 8.876 35.520 8.061
131 4 1 36.038 8.821 35.520 8.006
132 4 1 36.038 8.758 35.520 7.952
134 4 1 36.029 8.749 35.511 7.943
135 4 1 36.029 8.722 35.511 7.915
136 4 1 36.020 8.676 35.502 7.870
137 4 1 36.011 8.631 35.493 7.825
138 4 1 36.011 8.586 35.493 7.779
139 4 1 36.001 8.540 35.484 7.734
140 4 1 35.992 8.486 35.474 7.680
142 4 1 35.983 8.477 35.465 7.671
143 4 1 35.974 8.432 35.456 7.625
144 4 1 35.974 8.377 35.456 7.571
145 4 1 35.974 8.323 35.456 7.517
146 4 1 35.965 8.277 35.447 7.471
147 4 1 36.083 8.250 35.383 7.000
149 4 1 35.983 8.042 35.465 7.235
150 4 1 35.974 7.996 35.456 7.190
151 4 1 35.965 7.969 35.447 7.163
152 4 1 36.046 7.688 35.274 7.100
153 4 1 36.028 7.724 35.292 6.991
154 4 1 35.919 7.752 35.401 6.963
155 4 1 35.919 7.715 35.401 6.927
156 4 1 35.919 7.679 35.401 6.891
157 4 1 35.992 7.779 35.301 6.782
158 4 1 35.901 7.670 35.383 6.882
159 4 1 35.901 7.625 35.383 6.836
160 4 1 36.028 7.788 35.337 6.691
161 4 1 35.937 7.625 35.419 6.836
162 4 1 35.937 7.579 35.419 6.791
163 4 1 35.928 7.525 35.410 6.737
164 4 1 35.919 7.471 35.401 6.682
165 4 1 35.955 7.389 35.328 6.528
166 4 1 35.946 7.344 35.301 6.510
167 4 1 35.918 7.298 35.301 6.492
168 4 1 35.945 7.162 35.292 6.437
169 4 1 35.963 7.008 35.237 6.301
170 4 1 35.981 6.936 35.246 6.265
171 4 1 35.972 6.945 35.291 6.229
172 4 1 35.972 6.954 35.309 6.192
173 4 1 35.963 6.954 35.273 6.165
174 4 1 35.873 6.936 35.355 6.183
175 4 1 35.864 6.890 35.346 6.138
176 4 1 35.854 6.845 35.336 6.093
177 4 1 35.945 6.926 35.273 5.893
178 4 1 35.927 6.890 35.273 5.911
179 4 1 35.918 6.827 35.273 5.875
180 4 1 35.909 6.791 35.273 5.739
181 4 1 35.927 6.745 35.272 5.703
182 4 1 35.872 6.691 35.245 5.675
183 4 1 35.836 6.636 35.245 5.721
184 4 1 35.791 6.582 35.191 5.648
185 4 1 35.809 6.428 35.172 5.548
186 4 1 35.817 6.274 35.109 5.449
187 4 1 35.718 6.238 35.200 5.485
188 4 1 35.709 6.201 35.191 5.449
189 4 1 35.708 6.156 35.190 5.403
190 4 1 35.699 6.111 35.181 5.358
191 4 1 35.699 6.065 35.181 5.313
192 4 1 35.699 6.020 35.181 5.267
193 4 1 35.708 5.974 35.190 5.222
194 4 1 35.708 5.929 35.190 5.176
195 4 1 35.708 5.875 35.190 5.122
196 4 1 35.717 5.820 35.199 5.068
197 4 1 35.717 5.766 35.199 5.013
198 4 1 35.717 5.711 35.199 4.959
199 4 1 35.717 5.657 35.199 4.904
200 4 1 35.717 5.612 35.199 4.859
201 4 1 35.726 5.838 35.054 4.759
202 4 1 35.744 5.675 35.035 4.723
203 4 1 35.789 5.557 35.099 4.723
204 4 1 35.699 5.512 35.181 4.759
205 4 1 35.699 5.476 35.181 4.723
206 4 1 35.699 5.430 35.181 4.677
207 4 1 35.708 5.376 35.190 4.623
208 4 1 35.698 5.331 35.180 4.578
209 4 1 35.698 5.285 35.180 4.532
211 4 1 35.689 5.276 35.171 4.523
212 4 1 35.689 5.231 35.171 4.478
213 4 1 35.689 5.176 35.171 4.423
214 4 1 35.680 5.122 35.162 4.369
215 4 1 35.680 5.067 35.162 4.315
216 4 1 35.671 5.004 35.153 4.251
217 4 1 35.662 4.959 35.144 4.206
218 4 1 35.653 4.913 35.135 4.160
220 4 1 35.644 4.904 35.125 4.151
221 4 1 35.716 4.668 35.116 3.734
223 4 1 35.670 4.587 35.152 3.834
224 4 1 35.670 4.550 35.152 3.797
225 4 1 35.670 4.505 35.152 3.752
226 4 1 35.670 4.460 35.152 3.707
227 4 1 35.670 4.414 35.152 3.661
228 4 1 35.670 4.369 35.152 3.616
229 4 1 35.679 4.315 35.161 3.561
230 4 1 35.679 4.269 35.161 3.516
231 4 1 35.688 4.215 35.170 3.462
232 4 1 35.688 4.160 35.170 3.407
233 4 1 35.697 4.097 35.179 3.344
234 4 1 35.697 4.042 35.179 3.289
235 4 1 35.697 3.997 35.179 3.244
236 4 1 35.697 3.952 35.179 3.198
237 4 1 35.706 3.897 35.188 3.144
238 4 1 35.706 3.852 35.188 3.099
239 4 1 35.715 3.807 35.197 3.053
240 4 1 35.724 3.761 35.206 3.008
242 4 1 35.715 3.752 35.197 2.999
243 4 1 35.715 3.716 35.197 2.962
244 4 1 35.715 3.670 35.197 2.917
245 4 1 35.715 3.616 35.196 2.863
246 4 1 35.714 3.571 35.196 2.817
247 4 1 35.714 3.516 35.196 2.763
248 4 1 35.714 3.462 35.196 2.708
249 4 1 35.714 3.407 35.196 2.654
250 4 1 35.714 3.353 35.196 2.599
251 4 1 35.705 3.289 35.187 2.536
252 4 1 35.705 3.244 35.187 2.491
253 4 1 35.705 3.199 35.187 2.445
254 4 1 35.696 3.153 35.178 2.400
256 4 1 35.687 3.144 35.169 2.391
257 4 1 35.687 3.090 35.169 2.336
258 4 1 35.678 3.063 35.159 2.309
260 4 1 35.669 3.053 35.150 2.300
261 4 1 35.714 2.763 35.150 1.910
262 4 1 35.732 2.682 35.159 1.764
263 4 1 35.695 2.600 35.177 1.846
264 4 1 35.695 2.554 35.177 1.801
265 4 1 35.695 2.509 35.177 1.755
266 4 1 35.704 2.464 35.186 1.710
267 4 1 35.704 2.418 35.186 1.665
268 4 1 35.713 2.373 35.195 1.619
269 4 1 35.713 2.319 35.195 1.565
270 4 1 35.713 2.273 35.195 1.519
271 4 1 35.713 2.228 35.195 1.474
272 4 1 35.722 2.192 35.204 1.438
273 4 1 35.722 2.155 35.204 1.401
274 4 1 35.731 2.119 35.213 1.365
25 5 1 34.391 19.521 33.809 18.546
26 5 1 34.410 19.548 33.800 18.528
27 5 1 34.410 19.530 33.800 18.510
28 5 1 34.446 19.439 33.709 18.329
29 5 1 34.437 19.439 33.718 18.338
30 5 1 34.446 19.403 33.727 18.302
31 5 1 34.455 19.348 33.736 18.248
32 5 1 34.473 19.321 33.755 18.220
33 5 1 34.473 19.276 33.754 18.175
34 5 1 34.473 19.249 33.754 18.148
35 5 1 34.473 19.203 33.754 18.102
36 5 1 34.473 19.176 33.754 18.075
37 5 1 34.491 19.131 33.772 18.030
38 5 1 34.509 19.085 33.791 17.984
39 5 1 34.618 19.039 33.899 17.938
40 5 1 34.509 19.013 33.790 17.912
41 5 1 34.491 18.986 33.772 17.885
42 5 1 34.491 18.959 33.772 17.858
43 5 1 34.490 18.913 33.772 17.812
44 5 1 34.509 18.904 33.790 17.803
45 5 1 34.499 18.859 33.781 17.758
46 5 1 34.509 18.832 33.790 17.731
47 5 1 34.490 18.787 33.772 17.685
48 5 1 34.508 18.759 33.790 17.658
49 5 1 34.508 18.714 33.790 17.613
50 5 1 34.508 18.687 33.790 17.586
51 5 1 34.526 18.641 33.808 17.540
52 5 1 34.545 18.614 33.826 17.513
53 5 1 34.544 18.569 33.826 17.468
54 5 1 34.544 18.524 33.826 17.422
55 5 1 34.562 18.478 33.844 17.377
56 5 1 34.581 18.451 33.862 17.350
57 5 1 34.581 18.406 33.862 17.304
58 5 1 34.599 18.360 33.880 17.259
59 5 1 34.617 18.315 33.898 17.213
60 5 1 34.617 18.288 33.898 17.186
61 5 1 34.617 18.242 33.898 17.141
62 5 1 34.617 18.215 33.898 17.114
63 5 1 34.617 18.188 33.898 17.087
64 5 1 34.617 18.161 33.898 17.059
65 5 1 34.616 18.115 33.898 17.014
66 5 1 34.635 18.088 33.916 16.987
67 5 1 34.653 18.043 33.934 16.941
68 5 1 34.653 17.997 33.934 16.896
69 5 1 34.653 17.934 33.934 16.833
70 5 1 34.671 17.907 33.952 16.805
71 5 1 34.671 17.861 33.952 16.760
72 5 1 34.671 17.816 33.952 16.715
73 5 1 34.670 17.771 33.952 16.669
74 5 1 34.670 17.726 33.952 16.624
75 5 1 34.670 17.680 33.952 16.579
76 5 1 34.670 17.653 33.952 16.551
77 5 1 34.670 17.590 33.952 16.488
78 5 1 34.652 17.563 33.934 16.461
79 5 1 34.634 17.517 33.916 16.416
80 5 1 34.634 17.490 33.916 16.389
81 5 1 34.616 17.445 33.897 16.343
82 5 1 34.597 17.418 33.879 16.316
83 5 1 34.597 17.391 33.879 16.289
84 5 1 34.597 17.364 33.879 16.262
85 5 1 34.579 17.318 33.861 16.217
86 5 1 34.561 17.273 33.843 16.171
87 5 1 34.579 17.228 33.861 16.126
88 5 1 34.561 17.201 33.843 16.099
89 5 1 34.579 17.155 33.861 16.053
90 5 1 34.561 17.128 33.842 16.026
91 5 1 34.579 17.083 33.861 15.981
92 5 1 34.561 17.038 33.842 15.936
93 5 1 34.579 16.992 33.860 15.890
94 5 1 34.561 16.965 33.842 15.863
95 5 1 34.579 16.902 33.860 15.800
96 5 1 34.560 16.875 33.842 15.772
97 5 1 34.579 16.829 33.860 15.727
98 5 1 34.560 16.784 33.842 15.682
99 5 1 34.578 16.739 33.860 15.636
100 5 1 34.560 16.711 33.842 15.609
101 5 1 34.578 16.666 33.860 15.564
102 5 1 34.560 16.639 33.842 15.537
103 5 1 34.560 16.594 33.842 15.491
104 5 1 34.560 16.548 33.842 15.446
105 5 1 34.560 16.503 33.842 15.401
106 5 1 34.560 16.458 33.842 15.355
107 5 1 34.560 16.412 33.841 15.310
108 5 1 34.542 16.367 33.823 15.265
109 5 1 34.523 16.322 33.805 15.220
110 5 1 34.542 16.277 33.823 15.174
111 5 1 34.523 16.231 33.805 15.129
112 5 1 34.523 16.204 33.805 15.102
113 5 1 34.523 16.141 33.805 15.038
114 5 1 34.505 16.114 33.787 15.011
115 5 1 34.487 16.050 33.768 14.948
116 5 1 34.487 16.023 33.768 14.921
117 5 1 34.469 15.978 33.750 14.875
118 5 1 34.450 15.933 33.732 14.830
119 5 1 34.450 15.905 33.732 14.803
120 5 1 34.432 15.878 33.714 14.776
121 5 1 34.414 15.833 33.695 14.731
122 5 1 34.414 15.806 33.695 14.703
123 5 1 34.414 15.761 33.695 14.658
124 5 1 34.396 15.734 33.677 14.631
125 5 1 34.377 15.688 33.659 14.586
126 5 1 34.377 15.661 33.659 14.558
127 5 1 34.377 15.616 33.659 14.513
128 5 1 34.377 15.589 33.659 14.486
129 5 1 34.377 15.543 33.659 14.441
130 5 1 34.377 15.516 33.659 14.413
131 5 1 34.377 15.471 33.659 14.368
132 5 1 34.377 15.444 33.659 14.341
133 5 1 34.377 15.398 33.659 14.296
134 5 1 34.377 15.353 33.658 14.250
135 5 1 34.377 15.308 33.658 14.205
136 5 1 34.377 15.280 33.658 14.178
137 5 1 34.377 15.217 33.658 14.114
138 5 1 34.377 15.190 33.658 14.087
139 5 1 34.377 15.145 33.658 14.042
140 5 1 34.377 15.117 33.658 14.014
141 5 1 34.377 15.072 33.658 13.969
142 5 1 34.377 15.045 33.658 13.942
143 5 1 34.358 15.000 33.640 13.897
144 5 1 34.340 14.972 33.622 13.869
145 5 1 34.358 14.927 33.640 13.824
146 5 1 34.358 14.882 33.640 13.779
147 5 1 34.358 14.836 33.640 13.733
148 5 1 34.358 14.809 33.640 13.706
149 5 1 34.358 14.764 33.640 13.661
150 5 1 34.358 14.737 33.640 13.634
151 5 1 34.340 14.691 33.621 13.588
152 5 1 34.358 14.646 33.639 13.543
153 5 1 34.340 14.601 33.621 13.498
154 5 1 34.340 14.556 33.621 13.452
155 5 1 34.340 14.510 33.621 13.407
156 5 1 34.340 14.483 33.621 13.380
157 5 1 34.321 14.438 33.603 13.334
158 5 1 34.303 14.411 33.585 13.307
159 5 1 34.303 14.383 33.585 13.280
160 5 1 34.303 14.356 33.585 13.253
161 5 1 34.303 14.329 33.584 13.226
162 5 1 34.303 14.302 33.584 13.199
163 5 1 34.303 14.275 33.584 13.171
164 5 1 34.303 14.247 33.584 13.144
165 5 1 34.303 14.202 33.584 13.099
166 5 1 34.303 14.175 33.584 13.072
167 5 1 34.303 14.130 33.584 13.026
168 5 1 34.303 14.084 33.584 12.981
169 5 1 34.303 14.039 33.584 12.936
170 5 1 34.321 14.012 33.602 12.908
171 5 1 34.303 13.966 33.584 12.863
172 5 1 34.321 13.939 33.602 12.836
173 5 1 34.321 13.894 33.602 12.790
174 5 1 34.321 13.848 33.602 12.745
175 5 1 34.321 13.803 33.602 12.700
176 5 1 34.321 13.776 33.602 12.672
177 5 1 34.339 13.731 33.620 12.627
178 5 1 34.357 13.703 33.638 12.600
179 5 1 34.339 13.658 33.620 12.554
180 5 1 34.357 13.631 33.638 12.527
181 5 1 34.339 13.586 33.620 12.482
182 5 1 34.357 13.558 33.638 12.455
183 5 1 34.338 13.513 33.620 12.409
184 5 1 34.357 13.486 33.638 12.382
185 5 1 34.338 13.422 33.620 12.319
186 5 1 34.356 13.395 33.638 12.291
187 5 1 34.338 13.350 33.620 12.246
188 5 1 34.356 13.323 33.638 12.219
189 5 1 34.338 13.277 33.619 12.174
190 5 1 34.356 13.232 33.638 12.128
191 5 1 34.338 13.187 33.619 12.083
192 5 1 34.338 13.159 33.619 12.056
193 5 1 34.338 13.114 33.619 12.010
194 5 1 34.338 13.087 33.619 11.983
195 5 1 34.320 13.042 33.601 11.938
196 5 1 34.301 13.014 33.583 11.911
197 5 1 34.301 12.969 33.583 11.865
198 5 1 34.301 12.942 33.583 11.838
199 5 1 34.301 12.897 33.583 11.793
200 5 1 34.301 12.869 33.583 11.765
201 5 1 34.283 12.824 33.564 11.720
202 5 1 34.265 12.815 33.546 11.711
203 5 1 34.283 12.770 33.564 11.666
204 5 1 34.265 12.743 33.546 11.639
205 5 1 34.283 12.697 33.564 11.593
206 5 1 34.265 12.670 33.546 11.566
207 5 1 34.283 12.625 33.564 11.521
208 5 1 34.283 12.597 33.564 11.493
209 5 1 34.283 12.552 33.564 11.448
210 5 1 34.283 12.507 33.564 11.403
211 5 1 34.301 12.461 33.582 11.357
212 5 1 34.319 12.434 33.600 11.330
213 5 1 34.301 12.389 33.582 11.285
214 5 1 34.319 12.343 33.600 11.239
215 5 1 34.319 12.298 33.600 11.194
216 5 1 34.319 12.271 33.600 11.167
217 5 1 34.337 12.226 33.618 11.121
218 5 1 34.355 12.180 33.636 11.076
219 5 1 34.337 12.135 33.618 11.031
220 5 1 34.355 12.108 33.636 11.003
221 5 1 34.355 12.062 33.636 10.958
222 5 1 34.355 12.035 33.636 10.931
223 5 1 34.418 11.745 33.709 11.076
224 5 1 34.409 11.944 33.699 10.867
225 5 1 34.418 11.890 33.708 10.813
226 5 1 34.427 11.853 33.717 10.776
227 5 1 34.436 11.817 33.727 10.740
228 5 1 34.445 11.781 33.736 10.704
229 5 1 34.454 11.745 33.745 10.667
230 5 1 34.463 11.708 33.754 10.631
231 5 1 34.472 11.654 33.763 10.577
232 5 1 34.481 11.618 33.772 10.540
233 5 1 34.490 11.563 33.781 10.486
234 5 1 34.481 11.527 33.772 10.450
235 5 1 34.490 11.491 33.781 10.413
236 5 1 34.481 11.454 33.771 10.377
237 5 1 34.472 11.400 33.762 10.323
238 5 1 34.435 11.191 33.772 10.495
239 5 1 34.408 11.119 33.772 10.440
240 5 1 34.435 11.291 33.744 10.268
241 5 1 34.444 11.255 33.753 10.232
242 5 1 34.435 11.219 33.744 10.196
243 5 1 34.444 11.182 33.753 10.159
244 5 1 34.426 10.838 33.726 10.205
245 5 1 34.489 10.792 33.826 10.096
246 5 1 34.489 10.765 33.780 10.078
247 5 1 34.453 10.765 33.789 10.114
248 5 1 34.489 10.774 33.835 9.996
249 5 1 34.507 10.765 33.844 10.005
250 5 1 34.498 10.847 33.834 9.923
251 5 1 34.507 10.756 33.853 9.950
252 5 1 34.507 10.810 33.853 9.896
253 5 1 34.516 10.774 33.862 9.860
254 5 1 34.507 10.738 33.852 9.823
255 5 1 34.516 10.683 33.861 9.769
256 5 1 34.562 10.593 33.907 9.769
257 5 1 34.543 10.493 33.898 9.751
258 5 1 34.507 10.420 33.880 9.724
259 5 1 34.534 10.402 33.889 9.687
260 5 1 34.561 10.339 33.870 9.642
261 5 1 34.579 10.302 33.843 9.624
262 5 1 34.525 10.393 33.888 9.533
263 5 1 34.534 10.357 33.897 9.497
264 5 1 34.543 10.321 33.906 9.460
265 5 1 34.534 10.284 33.897 9.424
266 5 1 34.561 10.266 33.925 9.406
267 5 1 34.552 10.230 33.915 9.370
268 5 1 34.561 10.194 33.924 9.333
269 5 1 34.552 10.157 33.915 9.297
270 5 1 34.561 10.103 33.924 9.243
271 5 1 34.552 10.048 33.915 9.188
272 5 1 34.561 10.012 33.924 9.152
273 5 1 34.652 10.057 33.951 8.925
274 5 1 34.652 10.003 33.942 8.998
28 6 1 35.171 19.597 34.426 18.488
29 6 1 35.162 19.598 34.426 18.497
30 6 1 35.162 19.552 34.426 18.452
31 6 1 35.162 19.507 34.426 18.407
32 6 1 35.162 19.480 34.426 18.379
33 6 1 35.162 19.435 34.426 18.334
34 6 1 35.162 19.407 34.426 18.307
35 6 1 35.162 19.362 34.426 18.262
36 6 1 35.162 19.353 34.426 18.252
37 6 1 35.162 19.308 34.426 18.207
38 6 1 35.162 19.281 34.426 18.180
39 6 1 35.162 19.235 34.426 18.135
40 6 1 35.144 19.208 34.408 18.108
41 6 1 35.144 19.163 34.408 18.062
42 6 1 35.144 19.136 34.408 18.035
43 6 1 35.144 19.091 34.408 17.990
44 6 1 35.144 19.063 34.408 17.963
45 6 1 35.144 19.018 34.408 17.917
46 6 1 35.162 18.991 34.426 17.890
47 6 1 35.162 18.945 34.426 17.845
48 6 1 35.162 18.918 34.426 17.818
49 6 1 35.180 18.873 34.444 17.772
50 6 1 35.180 18.846 34.444 17.745
51 6 1 35.180 18.800 34.444 17.700
52 6 1 35.198 18.773 34.462 17.672
53 6 1 35.198 18.728 34.462 17.627
54 6 1 35.216 18.683 34.480 17.582
55 6 1 35.234 18.637 34.498 17.536
56 6 1 35.234 18.592 34.498 17.491
57 6 1 35.252 18.546 34.516 17.446
58 6 1 35.252 18.501 34.516 17.400
59 6 1 35.252 18.438 34.516 17.337
60 6 1 35.270 18.411 34.534 17.310
61 6 1 35.270 18.347 34.534 17.246
62 6 1 35.270 18.320 34.534 17.219
63 6 1 35.270 18.275 34.534 17.174
64 6 1 35.270 18.247 34.534 17.147
65 6 1 35.270 18.202 34.534 17.101
66 6 1 35.269 18.175 34.534 17.074
67 6 1 35.269 18.130 34.533 17.029
68 6 1 35.269 18.103 34.533 17.002
69 6 1 35.269 18.057 34.533 16.956
70 6 1 35.269 18.030 34.533 16.929
71 6 1 35.269 17.985 34.533 16.884
72 6 1 35.269 17.958 34.533 16.857
73 6 1 35.269 17.912 34.533 16.811
74 6 1 35.269 17.867 34.533 16.766
75 6 1 35.251 17.822 34.515 16.721
76 6 1 35.251 17.777 34.515 16.675
77 6 1 35.251 17.731 34.515 16.630
78 6 1 35.251 17.686 34.515 16.585
79 6 1 35.251 17.641 34.515 16.540
80 6 1 35.251 17.614 34.515 16.512
81 6 1 35.251 17.568 34.515 16.467
82 6 1 35.251 17.523 34.515 16.422
83 6 1 35.251 17.478 34.514 16.376
84 6 1 35.250 17.451 34.514 16.349
85 6 1 35.250 17.405 34.514 16.304
86 6 1 35.250 17.360 34.514 16.259
87 6 1 35.250 17.315 34.514 16.213
88 6 1 35.250 17.269 34.514 16.168
89 6 1 35.250 17.206 34.514 16.105
90 6 1 35.268 17.179 34.532 16.077
91 6 1 35.268 17.115 34.532 16.014
92 6 1 35.268 17.070 34.532 15.969
93 6 1 35.268 17.007 34.532 15.905
94 6 1 35.268 16.979 34.532 15.878
95 6 1 35.268 16.934 34.532 15.833
96 6 1 35.268 16.889 34.532 15.787
97 6 1 35.250 16.844 34.514 15.742
98 6 1 35.250 16.817 34.514 15.715
99 6 1 35.250 16.771 34.514 15.670
100 6 1 35.231 16.744 34.495 15.642
101 6 1 35.231 16.699 34.495 15.597
102 6 1 35.231 16.672 34.495 15.570
103 6 1 35.231 16.626 34.495 15.525
104 6 1 35.231 16.581 34.495 15.479
105 6 1 35.213 16.536 34.477 15.434
106 6 1 35.213 16.491 34.477 15.389
107 6 1 35.195 16.445 34.459 15.344
108 6 1 35.195 16.400 34.459 15.298
109 6 1 35.177 16.355 34.440 15.253
110 6 1 35.177 16.310 34.440 15.208
111 6 1 35.176 16.264 34.440 15.162
112 6 1 35.158 16.219 34.422 15.117
113 6 1 35.158 16.174 34.422 15.072
114 6 1 35.158 16.147 34.422 15.045
115 6 1 35.158 16.101 34.422 14.999
116 6 1 35.158 16.056 34.422 14.954
117 6 1 35.158 16.011 34.422 14.909
118 6 1 35.158 15.984 34.422 14.881
119 6 1 35.158 15.938 34.422 14.836
120 6 1 35.158 15.911 34.422 14.809
121 6 1 35.158 15.866 34.422 14.764
122 6 1 35.158 15.839 34.422 14.736
123 6 1 35.158 15.775 34.422 14.673
124 6 1 35.158 15.748 34.422 14.646
125 6 1 35.158 15.685 34.421 14.582
126 6 1 35.158 15.639 34.421 14.537
127 6 1 35.158 15.594 34.421 14.492
128 6 1 35.158 15.567 34.421 14.465
129 6 1 35.139 15.522 34.403 14.419
130 6 1 35.139 15.494 34.403 14.392
131 6 1 35.121 15.449 34.385 14.347
132 6 1 35.121 15.422 34.385 14.320
133 6 1 35.121 15.395 34.385 14.292
134 6 1 35.103 15.368 34.367 14.265
135 6 1 35.103 15.341 34.367 14.238
136 6 1 35.103 15.313 34.367 14.211
137 6 1 35.103 15.268 34.366 14.166
138 6 1 35.085 15.241 34.348 14.138
139 6 1 35.066 15.196 34.330 14.093
140 6 1 35.048 15.169 34.312 14.066
141 6 1 35.048 15.123 34.312 14.021
142 6 1 35.030 15.078 34.294 13.976
143 6 1 35.012 15.033 34.275 13.930
144 6 1 35.012 15.006 34.275 13.903
145 6 1 35.012 14.960 34.275 13.858
146 6 1 35.012 14.933 34.275 13.831
147 6 1 35.012 14.888 34.275 13.785
148 6 1 35.012 14.861 34.275 13.758
149 6 1 35.011 14.815 34.275 13.713
150 6 1 35.011 14.788 34.275 13.685
151 6 1 35.011 14.761 34.275 13.658
152 6 1 35.011 14.734 34.275 13.631
153 6 1 35.011 14.689 34.275 13.586
154 6 1 35.011 14.643 34.275 13.540
155 6 1 35.011 14.598 34.275 13.495
156 6 1 35.011 14.553 34.275 13.450
157 6 1 35.029 14.507 34.293 13.404
158 6 1 35.029 14.462 34.293 13.359
159 6 1 35.029 14.417 34.293 13.314
160 6 1 35.029 14.389 34.293 13.287
161 6 1 35.029 14.344 34.293 13.241
162 6 1 35.047 14.335 34.311 13.232
163 6 1 35.047 14.308 34.311 13.205
164 6 1 35.047 14.281 34.311 13.178
165 6 1 35.047 14.235 34.311 13.132
166 6 1 35.047 14.208 34.311 13.105
167 6 1 35.047 14.163 34.311 13.060
168 6 1 35.047 14.136 34.311 13.033
169 6 1 35.065 14.090 34.329 12.987
170 6 1 35.065 14.063 34.329 12.960
171 6 1 35.065 14.018 34.329 12.915
172 6 1 35.065 13.990 34.329 12.887
173 6 1 35.065 13.945 34.328 12.842
174 6 1 35.065 13.900 34.328 12.797
175 6 1 35.065 13.855 34.328 12.751
176 6 1 35.065 13.827 34.328 12.724
177 6 1 35.065 13.782 34.328 12.679
178 6 1 35.065 13.755 34.328 12.652
179 6 1 35.083 13.709 34.346 12.606
180 6 1 35.083 13.682 34.346 12.579
181 6 1 35.101 13.637 34.364 12.534
182 6 1 35.101 13.592 34.364 12.488
183 6 1 35.101 13.546 34.364 12.443
184 6 1 35.119 13.519 34.382 12.416
185 6 1 35.119 13.474 34.382 12.370
186 6 1 35.119 13.447 34.382 12.343
187 6 1 35.119 13.401 34.382 12.298
188 6 1 35.137 13.356 34.400 12.253
189 6 1 35.137 13.310 34.400 12.207
190 6 1 35.155 13.283 34.418 12.180
191 6 1 35.155 13.238 34.418 12.135
192 6 1 35.173 13.193 34.436 12.089
193 6 1 35.173 13.147 34.436 12.044
194 6 1 35.173 13.120 34.436 12.017
195 6 1 35.173 13.075 34.436 11.971
196 6 1 35.191 13.047 34.454 11.944
197 6 1 35.191 13.002 34.454 11.899
198 6 1 35.209 12.975 34.472 11.871
199 6 1 35.209 12.930 34.472 11.826
200 6 1 35.209 12.902 34.472 11.799
201 6 1 35.227 12.857 34.490 11.754
202 6 1 35.227 12.830 34.490 11.726
203 6 1 35.245 12.784 34.509 11.681
204 6 1 35.245 12.757 34.509 11.654
205 6 1 35.245 12.712 34.508 11.608
206 6 1 35.245 12.685 34.508 11.581
207 6 1 35.245 12.639 34.508 11.536
208 6 1 35.263 12.594 34.526 11.490
209 6 1 35.263 12.549 34.526 11.445
210 6 1 35.263 12.503 34.526 11.400
211 6 1 35.263 12.458 34.526 11.354
212 6 1 35.263 12.431 34.526 11.327
213 6 1 35.262 12.404 34.526 11.300
214 6 1 35.281 12.376 34.544 11.273
215 6 1 35.281 12.331 34.544 11.227
216 6 1 35.280 12.286 34.544 11.182
217 6 1 35.299 12.240 34.562 11.137
218 6 1 35.299 12.213 34.562 11.109
219 6 1 35.298 12.168 34.562 11.064
220 6 1 35.317 12.141 34.580 11.037
221 6 1 35.317 12.095 34.580 10.992
222 6 1 35.335 12.068 34.598 10.964
223 6 1 35.335 12.005 34.598 10.901
224 6 1 35.353 11.977 34.616 10.874
225 6 1 35.371 11.914 34.635 10.810
226 6 1 35.371 11.887 34.634 10.783
227 6 1 35.371 11.841 34.634 10.737
228 6 1 35.253 11.660 34.635 10.819
229 6 1 35.307 11.606 34.671 10.756
230 6 1 35.289 11.579 34.625 10.674
231 6 1 35.325 11.533 34.616 10.683
232 6 1 35.316 11.624 34.607 10.583
233 6 1 35.325 11.588 34.616 10.547
234 6 1 35.316 11.551 34.607 10.511
235 6 1 35.325 11.515 34.616 10.475
236 6 1 35.316 11.479 34.607 10.438
237 6 1 35.243 11.370 34.670 10.456
238 6 1 35.325 11.316 34.770 10.393
239 6 1 35.279 11.298 34.734 10.411
240 6 1 35.270 11.252 34.661 10.338
241 6 1 35.261 11.198 34.697 10.311
242 6 1 35.306 11.171 34.688 10.338
243 6 1 35.297 11.080 34.670 10.311
244 6 1 35.279 11.044 34.661 10.293
245 6 1 35.306 10.980 34.679 10.248
246 6 1 35.315 10.926 34.706 10.229
247 6 1 35.333 10.853 34.706 10.193
248 6 1 35.315 10.763 34.706 10.057
249 6 1 35.324 10.708 34.661 9.994
250 6 1 35.333 10.717 34.661 9.948
251 6 1 35.333 10.672 34.688 9.957
252 6 1 35.315 10.672 34.697 9.948
253 6 1 35.342 10.736 34.679 9.849
254 6 1 35.324 10.717 34.661 9.858
255 6 1 35.342 10.645 34.679 9.840
256 6 1 35.378 10.663 34.724 9.812
257 6 1 35.424 10.618 34.760 9.731
258 6 1 35.414 10.599 34.769 9.694
259 6 1 35.405 10.563 34.778 9.504
260 6 1 35.414 10.518 34.778 9.449
261 6 1 35.396 10.418 34.787 9.558
262 6 1 35.369 10.382 34.778 9.404
263 6 1 35.378 10.328 34.778 9.468
264 6 1 35.387 10.237 34.751 9.304
265 6 1 35.405 10.164 34.723 9.250
266 6 1 35.360 10.137 34.760 9.277
267 6 1 35.369 10.101 34.769 9.241
268 6 1 35.378 10.065 34.778 9.205
269 6 1 35.368 10.028 34.769 9.168
270 6 1 35.377 9.992 34.778 9.132
271 6 1 35.368 9.956 34.768 9.096
272 6 1 35.359 9.920 34.759 9.059
273 6 1 35.377 10.010 34.777 8.942
274 6 1 35.396 10.001 34.759 9.032
