0 0 1 27.247 12.491 26.346 11.769
1 0 1 27.274 12.509 26.337 11.760
2 0 1 27.301 12.509 26.365 11.760
3 0 1 27.329 12.508 26.392 11.760
4 0 1 27.338 12.526 26.401 11.778
5 0 1 27.365 12.545 26.428 11.796
6 0 1 27.374 12.526 26.437 11.778
7 0 1 27.420 12.544 26.483 11.796
8 0 1 27.429 12.526 26.492 11.778
9 0 1 27.474 12.544 26.538 11.796
10 0 1 27.502 12.526 26.565 11.777
11 0 1 27.547 12.544 26.610 11.795
12 0 1 27.574 12.526 26.638 11.777
13 0 1 27.602 12.544 26.665 11.795
14 0 1 27.629 12.526 26.692 11.777
15 0 1 27.656 12.525 26.720 11.777
16 0 1 27.683 12.525 26.747 11.777
17 0 1 27.711 12.507 26.774 11.759
18 0 1 27.738 12.489 26.802 11.740
19 0 1 27.783 12.489 26.847 11.740
20 0 1 27.811 12.489 26.874 11.740
21 0 1 27.838 12.489 26.902 11.740
22 0 1 27.883 12.470 26.947 11.722
23 0 1 27.929 12.452 26.993 11.704
24 0 1 27.956 12.452 27.020 11.704
25 0 1 28.002 12.452 27.065 11.704
26 0 1 28.029 12.452 27.093 11.703
27 0 1 28.074 12.452 27.138 11.703
28 0 1 28.102 12.452 27.166 11.703
29 0 1 28.120 12.452 27.184 11.703
30 0 1 28.156 12.470 27.220 11.721
31 0 1 28.183 12.451 27.247 11.703
32 0 1 28.211 12.469 27.275 11.721
33 0 1 28.238 12.469 27.302 11.721
34 0 1 28.265 12.469 27.329 11.721
35 0 1 28.292 12.469 27.357 11.721
36 0 1 28.320 12.469 27.384 11.721
37 0 1 28.347 12.487 27.411 11.739
38 0 1 28.374 12.505 27.438 11.757
39 0 1 28.420 12.505 27.484 11.757
40 0 1 28.447 12.523 27.511 11.775
41 0 1 28.465 12.541 27.529 11.793
42 0 1 28.501 12.541 27.566 11.793
43 0 1 28.529 12.559 27.593 11.811
44 0 1 28.556 12.595 27.620 11.847
45 0 1 28.601 12.613 27.666 11.865
46 0 1 28.628 12.613 27.693 11.865
47 0 1 28.647 12.613 27.711 11.865
48 0 1 28.665 12.613 27.729 11.865
49 0 1 28.692 12.631 27.757 11.883
50 0 1 28.701 12.649 27.766 11.901
51 0 1 28.728 12.630 27.793 11.882
52 0 1 28.756 12.648 27.820 11.900
53 0 1 28.783 12.648 27.847 11.900
54 0 1 28.810 12.648 27.875 11.900
55 0 1 28.855 12.648 27.920 11.900
56 0 1 28.883 12.666 27.947 11.918
57 0 1 28.910 12.684 27.975 11.936
58 0 1 28.937 12.666 28.002 11.918
59 0 1 28.983 12.684 28.047 11.936
60 0 1 29.010 12.666 28.075 11.918
61 0 1 29.037 12.684 28.102 11.936
62 0 1 29.055 12.666 28.120 11.918
63 0 1 29.110 12.683 28.175 11.936
64 0 1 29.137 12.665 28.202 11.917
65 0 1 29.173 12.683 28.238 11.935
66 0 1 29.228 12.665 28.293 11.917
67 0 1 29.273 12.683 28.338 11.935
68 0 1 29.291 12.665 28.356 11.917
69 0 1 29.346 12.683 28.411 11.935
70 0 1 29.355 12.683 28.420 11.935
71 0 1 29.391 12.683 28.456 11.935
72 0 1 29.409 12.682 28.475 11.935
73 0 1 29.455 12.682 28.520 11.935
74 0 1 29.455 12.520 28.556 12.097
75 0 1 29.464 12.646 28.538 11.962
76 0 1 29.491 12.637 28.565 11.953
77 0 1 29.536 12.646 28.611 11.961
78 0 1 29.564 12.637 28.638 11.952
79 0 1 29.609 12.646 28.683 11.961
80 0 1 29.618 12.637 28.693 11.952
81 0 1 29.663 12.645 28.738 11.961
82 0 1 29.691 12.636 28.765 11.952
83 0 1 29.718 12.645 28.792 11.961
84 0 1 29.745 12.636 28.820 11.952
85 0 1 29.790 12.645 28.865 11.961
86 0 1 29.818 12.654 28.892 11.970
87 0 1 29.845 12.663 28.920 11.979
88 0 1 29.872 12.654 28.947 11.969
89 0 1 29.899 12.663 28.974 11.978
90 0 1 29.926 12.654 29.001 11.969
91 0 1 29.972 12.662 29.047 11.978
92 0 1 29.999 12.671 29.074 11.987
93 0 1 30.026 12.680 29.101 11.996
94 0 1 30.053 12.671 29.128 11.987
95 0 1 30.099 12.680 29.174 11.996
96 0 1 30.126 12.689 29.201 12.005
97 0 1 30.171 12.698 29.246 12.014
98 0 1 30.199 12.689 29.274 12.005
99 0 1 30.226 12.698 29.301 12.014
100 0 1 30.253 12.689 29.328 12.005
101 0 1 30.280 12.698 29.355 12.013
102 0 1 30.307 12.688 29.383 12.004
103 0 1 30.353 12.697 29.428 12.013
104 0 1 30.362 12.688 29.437 12.004
105 0 1 30.407 12.697 29.482 12.013
106 0 1 30.434 12.688 29.510 12.004
107 0 1 30.480 12.697 29.555 12.013
108 0 1 30.507 12.688 29.582 12.004
109 0 1 30.534 12.697 29.609 12.013
110 0 1 30.561 12.688 29.637 12.004
111 0 1 30.607 12.696 29.682 12.012
112 0 1 30.616 12.687 29.691 12.003
113 0 1 30.661 12.696 29.736 12.012
114 0 1 30.670 12.687 29.745 12.003
115 0 1 30.697 12.696 29.773 12.012
116 0 1 30.724 12.705 29.800 12.021
117 0 1 30.752 12.714 29.827 12.030
118 0 1 30.779 12.705 29.854 12.021
119 0 1 30.824 12.732 29.900 12.048
120 0 1 30.869 12.741 29.945 12.057
121 0 1 30.896 12.750 29.972 12.066
122 0 1 30.906 12.759 29.981 12.075
123 0 1 30.933 12.768 30.008 12.084
124 0 1 30.942 12.759 30.018 12.075
125 0 1 30.969 12.786 30.045 12.102
126 0 1 30.996 12.795 30.072 12.111
127 0 1 31.041 12.803 30.117 12.120
128 0 1 31.069 12.821 30.144 12.138
129 0 1 31.096 12.839 30.172 12.156
130 0 1 31.123 12.848 30.199 12.165
131 0 1 31.168 12.857 30.244 12.173
132 0 1 31.195 12.866 30.271 12.182
133 0 1 31.223 12.893 30.299 12.209
134 0 1 31.250 12.884 30.326 12.200
135 0 1 31.277 12.911 30.353 12.227
136 0 1 31.304 12.920 30.380 12.236
137 0 1 31.331 12.929 30.407 12.245
138 0 1 31.358 12.938 30.435 12.254
139 0 1 31.386 12.947 30.462 12.263
140 0 1 31.413 12.956 30.489 12.272
141 0 1 31.440 12.965 30.516 12.281
142 0 1 31.467 12.974 30.543 12.290
143 0 1 31.494 12.983 30.571 12.299
144 0 1 31.521 12.991 30.598 12.308
145 0 1 31.549 13.000 30.625 12.317
146 0 1 31.576 13.009 30.652 12.326
147 0 1 31.603 13.018 30.679 12.335
148 0 1 31.630 13.009 30.706 12.326
149 0 1 31.657 13.117 30.734 12.434
150 0 1 31.702 13.027 30.779 12.343
151 0 1 31.730 13.036 30.806 12.352
152 0 1 31.766 13.045 30.842 12.370
153 0 1 31.802 13.036 30.879 12.361
154 0 1 31.829 13.026 30.906 12.352
155 0 1 31.874 13.026 30.951 12.352
156 0 1 31.902 13.026 30.978 12.352
157 0 1 31.947 13.035 31.024 12.361
158 0 1 31.974 13.017 31.051 12.343
159 0 1 32.001 13.035 31.078 12.361
160 0 1 32.028 13.026 31.105 12.351
161 0 1 32.074 13.035 31.150 12.360
162 0 1 32.101 13.026 31.178 12.351
163 0 1 32.128 13.034 31.205 12.360
164 0 1 32.137 13.025 31.214 12.351
165 0 1 32.164 13.034 31.241 12.360
166 0 1 32.191 13.043 31.268 12.369
167 0 1 32.218 13.034 31.295 12.360
168 0 1 32.245 13.025 31.323 12.351
169 0 1 32.273 13.034 31.350 12.360
170 0 1 32.300 13.016 31.377 12.342
171 0 1 32.345 13.016 31.422 12.341
172 0 1 32.372 13.006 31.449 12.332
173 0 1 32.417 13.015 31.495 12.341
174 0 1 32.445 13.006 31.522 12.332
175 0 1 32.472 12.997 31.549 12.323
176 0 1 32.499 12.988 31.576 12.314
177 0 1 32.544 12.997 31.621 12.323
178 0 1 32.553 12.988 31.630 12.314
179 0 1 32.598 12.997 31.676 12.323
180 0 1 32.625 12.988 31.703 12.313
181 0 1 32.671 12.978 31.748 12.304
182 0 1 32.698 12.969 31.775 12.295
183 0 1 32.743 12.978 31.821 12.304
184 0 1 32.770 12.969 31.848 12.295
185 0 1 32.797 12.960 31.875 12.286
186 0 1 32.824 12.951 31.902 12.277
187 0 1 32.852 12.942 31.929 12.268
188 0 1 32.861 12.933 31.938 12.259
189 0 1 32.906 12.923 31.984 12.249
190 0 1 32.915 12.914 31.993 12.240
191 0 1 32.960 12.905 32.038 12.231
192 0 1 32.987 12.896 32.065 12.222
193 0 1 33.014 12.887 32.092 12.213
194 0 1 33.042 12.860 32.119 12.186
195 0 1 33.087 12.851 32.165 12.177
196 0 1 33.114 12.841 32.192 12.167
197 0 1 33.159 12.832 32.237 12.158
198 0 1 33.186 12.805 32.264 12.131
199 0 1 33.231 12.796 32.309 12.122
200 0 1 33.240 12.778 32.319 12.104
201 0 1 33.268 12.778 32.346 12.104
202 0 1 33.295 12.751 32.373 12.077
203 0 1 33.322 12.741 32.400 12.067
204 0 1 33.349 12.732 32.427 12.058
205 0 1 33.394 12.723 32.472 12.049
206 0 1 33.421 12.696 32.500 12.022
207 0 1 33.448 12.705 32.527 12.031
208 0 1 33.457 12.696 32.536 12.022
209 0 1 33.485 12.687 32.563 12.013
210 0 1 33.512 12.678 32.590 12.004
211 0 1 33.539 12.668 32.617 11.995
212 0 1 33.566 12.659 32.644 11.985
213 0 1 33.593 12.650 32.671 11.976
214 0 1 33.620 12.641 32.699 11.967
215 0 1 33.647 12.632 32.726 11.958
216 0 1 33.674 12.623 32.753 11.949
217 0 1 33.720 12.632 32.798 11.958
218 0 1 33.747 12.623 32.825 11.949
219 0 1 33.792 12.614 32.870 11.940
220 0 1 33.819 12.604 32.898 11.931
221 0 1 33.846 12.604 32.925 11.930
222 0 1 33.873 12.604 32.952 11.930
223 0 1 33.900 12.595 32.979 11.921
224 0 1 33.927 12.586 33.006 11.912
225 0 1 33.954 12.577 33.033 11.903
226 0 1 33.982 12.568 33.060 11.894
227 0 1 34.009 12.568 33.087 11.894
228 0 1 34.036 12.568 33.115 11.894
229 0 1 34.063 12.577 33.142 11.903
230 0 1 34.090 12.567 33.169 11.894
231 0 1 34.117 12.558 33.196 11.885
232 0 1 34.144 12.549 33.223 11.875
233 0 1 34.171 12.549 33.250 11.875
234 0 1 34.198 12.549 33.277 11.875
235 0 1 34.225 12.540 33.304 11.866
236 0 1 34.252 12.531 33.332 11.857
237 0 1 34.298 12.540 33.377 11.866
238 0 1 34.325 12.531 33.404 11.857
239 0 1 34.370 12.521 33.449 11.848
240 0 1 34.397 12.512 33.476 11.839
241 0 1 34.424 12.503 33.503 11.829
242 0 1 34.451 12.494 33.530 11.820
243 0 1 34.496 12.485 33.576 11.811
244 0 1 34.505 12.476 33.585 11.802
245 0 1 34.550 12.467 33.630 11.793
246 0 1 34.559 12.458 33.639 11.784
247 0 1 34.605 12.448 33.684 11.775
248 0 1 34.632 12.439 33.711 11.766
249 0 1 34.677 12.448 33.756 11.775
250 0 1 34.686 12.439 33.765 11.766
251 0 1 34.731 12.448 33.810 11.774
252 0 1 34.740 12.439 33.820 11.765
253 0 1 34.785 12.448 33.865 11.774
254 0 1 34.794 12.439 33.874 11.765
255 0 1 34.821 12.430 33.901 11.756
256 0 1 34.848 12.421 33.928 11.747
257 0 1 34.893 12.420 33.973 11.747
258 0 1 34.921 12.420 34.000 11.747
259 0 1 34.966 12.411 34.045 11.738
260 0 1 34.975 12.402 34.054 11.729
261 0 1 35.020 12.411 34.100 11.738
262 0 1 35.047 12.402 34.127 11.728
263 0 1 35.110 12.357 34.054 11.783
0 1 1 27.264 13.341 26.282 12.548
1 1 1 27.292 13.369 26.264 12.539
2 1 1 27.310 13.368 26.282 12.539
3 1 1 27.346 13.368 26.319 12.539
4 1 1 27.365 13.350 26.337 12.521
5 1 1 27.401 13.332 26.373 12.503
6 1 1 27.437 13.350 26.410 12.520
7 1 1 27.474 13.332 26.446 12.502
8 1 1 27.510 13.332 26.482 12.502
9 1 1 27.528 13.331 26.501 12.502
10 1 1 27.565 13.331 26.537 12.502
11 1 1 27.601 13.331 26.573 12.502
12 1 1 27.637 13.331 26.610 12.502
13 1 1 27.674 13.331 26.646 12.502
14 1 1 27.710 13.331 26.683 12.501
15 1 1 27.746 13.331 26.719 12.501
16 1 1 27.783 13.331 26.756 12.501
17 1 1 27.837 13.330 26.810 12.501
18 1 1 27.874 13.330 26.847 12.501
19 1 1 27.892 13.330 26.865 12.501
20 1 1 27.892 13.303 26.865 12.474
21 1 1 27.928 13.312 26.901 12.483
22 1 1 27.965 13.312 26.938 12.483
23 1 1 28.001 13.312 26.974 12.482
24 1 1 28.056 13.329 27.029 12.500
25 1 1 28.092 13.347 27.065 12.518
26 1 1 28.128 13.320 27.101 12.491
27 1 1 28.165 13.347 27.138 12.518
28 1 1 28.219 13.329 27.192 12.500
29 1 1 28.255 13.347 27.229 12.518
30 1 1 28.310 13.329 27.283 12.500
31 1 1 28.364 13.346 27.338 12.517
32 1 1 28.401 13.328 27.374 12.499
33 1 1 28.437 13.346 27.411 12.517
34 1 1 28.474 13.328 27.447 12.499
35 1 1 28.492 13.346 27.465 12.517
36 1 1 28.528 13.346 27.502 12.517
37 1 1 28.546 13.346 27.520 12.517
38 1 1 28.583 13.346 27.556 12.517
39 1 1 28.619 13.345 27.592 12.517
40 1 1 28.655 13.327 27.629 12.498
41 1 1 28.692 13.345 27.665 12.516
42 1 1 28.728 13.327 27.702 12.498
43 1 1 28.782 13.345 27.756 12.516
44 1 1 28.819 13.318 27.793 12.489
45 1 1 28.855 13.345 27.829 12.516
46 1 1 28.910 13.326 27.883 12.498
47 1 1 28.946 13.335 27.920 12.506
48 1 1 28.982 13.344 27.956 12.515
49 1 1 29.018 13.344 27.992 12.515
50 1 1 29.055 13.335 28.029 12.506
51 1 1 29.091 13.344 28.065 12.515
52 1 1 29.127 13.344 28.102 12.515
53 1 1 29.182 13.334 28.156 12.506
54 1 1 29.218 13.361 28.192 12.533
55 1 1 29.218 13.379 28.192 12.551
56 1 1 29.236 13.352 28.211 12.524
57 1 1 29.273 13.397 28.247 12.569
58 1 1 29.309 13.397 28.283 12.569
59 1 1 29.345 13.406 28.320 12.578
60 1 1 29.382 13.397 28.356 12.568
61 1 1 29.400 13.415 28.374 12.586
62 1 1 29.436 13.415 28.410 12.586
63 1 1 29.490 13.433 28.465 12.604
64 1 1 29.527 13.451 28.501 12.622
65 1 1 29.563 13.423 28.538 12.595
66 1 1 29.617 13.450 28.592 12.622
67 1 1 29.654 13.432 28.628 12.604
68 1 1 29.672 13.441 28.647 12.613
69 1 1 29.708 13.432 28.683 12.603
70 1 1 29.744 13.450 28.719 12.621
71 1 1 29.763 13.450 28.737 12.621
72 1 1 29.799 13.450 28.774 12.621
73 1 1 29.835 13.449 28.810 12.621
74 1 1 29.871 13.422 28.846 12.594
75 1 1 29.908 13.431 28.883 12.603
76 1 1 29.944 13.431 28.919 12.603
77 1 1 29.980 13.404 28.955 12.575
78 1 1 30.017 13.395 28.992 12.566
79 1 1 30.053 13.394 29.028 12.566
80 1 1 30.107 13.394 29.083 12.566
81 1 1 30.144 13.376 29.119 12.548
82 1 1 30.180 13.358 29.155 12.530
83 1 1 30.216 13.376 29.192 12.548
84 1 1 30.252 13.357 29.228 12.529
85 1 1 30.289 13.375 29.264 12.547
86 1 1 30.325 13.348 29.300 12.520
87 1 1 30.343 13.375 29.319 12.547
88 1 1 30.379 13.357 29.355 12.529
89 1 1 30.434 13.393 29.409 12.565
90 1 1 30.470 13.393 29.446 12.565
91 1 1 30.452 13.393 29.427 12.565
92 1 1 30.470 13.384 29.446 12.556
93 1 1 30.506 13.411 29.482 12.583
94 1 1 30.524 13.393 29.500 12.565
95 1 1 30.561 13.402 29.536 12.574
96 1 1 30.597 13.410 29.573 12.582
97 1 1 30.633 13.428 29.609 12.600
98 1 1 30.669 13.464 29.645 12.636
99 1 1 30.724 13.482 29.700 12.654
100 1 1 30.760 13.482 29.736 12.654
101 1 1 30.796 13.473 29.772 12.645
102 1 1 30.833 13.482 29.809 12.654
103 1 1 30.851 13.482 29.827 12.654
104 1 1 30.887 13.500 29.863 12.672
105 1 1 30.923 13.518 29.899 12.690
106 1 1 30.959 13.499 29.936 12.672
107 1 1 30.977 13.508 29.954 12.681
108 1 1 30.996 13.517 29.972 12.690
109 1 1 31.032 13.517 30.008 12.689
110 1 1 31.050 13.508 30.026 12.680
111 1 1 31.068 13.517 30.044 12.689
112 1 1 31.086 13.517 30.062 12.689
113 1 1 31.122 13.508 30.099 12.680
114 1 1 31.141 13.517 30.117 12.689
115 1 1 31.177 13.499 30.153 12.671
116 1 1 31.213 13.517 30.189 12.689
117 1 1 31.249 13.498 30.226 12.671
118 1 1 31.286 13.516 30.262 12.689
119 1 1 31.322 13.489 30.298 12.661
120 1 1 31.358 13.516 30.335 12.688
121 1 1 31.394 13.498 30.371 12.670
122 1 1 31.412 13.507 30.389 12.679
123 1 1 31.449 13.516 30.425 12.688
124 1 1 31.467 13.516 30.443 12.688
125 1 1 31.503 13.506 30.480 12.679
126 1 1 31.539 13.533 30.516 12.706
127 1 1 31.575 13.551 30.552 12.724
128 1 1 31.612 13.524 30.588 12.697
129 1 1 31.612 13.551 30.588 12.724
130 1 1 31.630 13.551 30.606 12.724
131 1 1 31.666 13.542 30.643 12.714
132 1 1 31.684 13.569 30.661 12.741
133 1 1 31.720 13.587 30.697 12.759
134 1 1 31.756 13.578 30.733 12.750
135 1 1 31.793 13.605 30.770 12.777
136 1 1 31.829 13.623 30.806 12.795
137 1 1 31.865 13.613 30.842 12.786
138 1 1 31.901 13.622 30.878 12.795
139 1 1 31.919 13.622 30.896 12.795
140 1 1 31.955 13.613 30.933 12.786
141 1 1 31.974 13.640 30.951 12.813
142 1 1 32.010 13.658 30.987 12.831
143 1 1 32.055 13.622 31.032 12.794
144 1 1 32.082 13.676 31.060 12.849
145 1 1 32.100 13.676 31.078 12.848
146 1 1 32.100 13.585 31.078 12.758
147 1 1 32.155 13.675 31.132 12.848
148 1 1 32.173 13.675 31.150 12.848
149 1 1 32.227 13.639 31.204 12.821
150 1 1 32.227 13.666 31.204 12.848
151 1 1 32.263 13.666 31.241 12.848
152 1 1 32.272 13.630 31.250 12.812
153 1 1 32.317 13.648 31.295 12.830
154 1 1 32.354 13.630 31.331 12.811
155 1 1 32.390 13.647 31.367 12.838
156 1 1 32.426 13.629 31.404 12.820
157 1 1 32.462 13.629 31.440 12.820
158 1 1 32.498 13.629 31.476 12.820
159 1 1 32.535 13.629 31.512 12.820
160 1 1 32.571 13.629 31.549 12.820
161 1 1 32.607 13.629 31.585 12.820
162 1 1 32.625 13.628 31.603 12.820
163 1 1 32.661 13.628 31.639 12.819
164 1 1 32.697 13.628 31.675 12.819
165 1 1 32.734 13.628 31.712 12.819
166 1 1 32.770 13.628 31.748 12.819
167 1 1 32.788 13.628 31.766 12.819
168 1 1 32.806 13.628 31.784 12.819
169 1 1 32.824 13.610 31.802 12.801
170 1 1 32.860 13.591 31.838 12.783
171 1 1 32.896 13.609 31.875 12.801
172 1 1 32.933 13.591 31.911 12.782
173 1 1 32.969 13.600 31.947 12.791
174 1 1 33.005 13.609 31.983 12.800
175 1 1 33.041 13.609 32.019 12.800
176 1 1 33.077 13.600 32.056 12.791
177 1 1 33.095 13.591 32.074 12.782
178 1 1 33.131 13.608 32.110 12.800
179 1 1 33.168 13.590 32.155 12.782
180 1 1 33.204 13.608 32.191 12.799
181 1 1 33.240 13.590 32.228 12.781
182 1 1 33.276 13.581 32.264 12.772
183 1 1 33.312 13.590 32.300 12.781
184 1 1 33.330 13.590 32.318 12.781
185 1 1 33.357 13.590 32.345 12.781
186 1 1 33.385 13.571 32.372 12.763
187 1 1 33.421 13.553 32.409 12.745
188 1 1 33.439 13.544 32.427 12.735
189 1 1 33.475 13.553 32.463 12.744
190 1 1 33.511 13.535 32.499 12.726
191 1 1 33.538 13.517 32.526 12.708
192 1 1 33.583 13.516 32.571 12.708
193 1 1 33.620 13.498 32.608 12.690
194 1 1 33.656 13.480 32.644 12.672
195 1 1 33.674 13.480 32.662 12.671
196 1 1 33.710 13.480 32.698 12.671
197 1 1 33.737 13.462 32.725 12.653
198 1 1 33.764 13.444 32.752 12.635
199 1 1 33.800 13.443 32.789 12.635
200 1 1 33.827 13.434 32.816 12.626
201 1 1 33.854 13.443 32.843 12.635
202 1 1 33.891 13.443 32.879 12.635
203 1 1 33.918 13.443 32.906 12.635
204 1 1 33.945 13.425 32.933 12.616
205 1 1 33.963 13.407 32.951 12.598
206 1 1 33.981 13.398 32.969 12.589
207 1 1 33.999 13.407 32.987 12.598
208 1 1 34.035 13.406 33.024 12.598
209 1 1 34.062 13.406 33.051 12.598
210 1 1 34.107 13.406 33.096 12.598
211 1 1 34.144 13.406 33.132 12.598
212 1 1 34.162 13.397 33.150 12.589
213 1 1 34.198 13.406 33.186 12.597
214 1 1 34.216 13.388 33.204 12.579
215 1 1 34.234 13.370 33.223 12.561
216 1 1 34.252 13.388 33.241 12.579
217 1 1 34.288 13.369 33.277 12.561
218 1 1 34.297 13.369 33.286 12.561
219 1 1 34.342 13.369 33.331 12.561
220 1 1 34.360 13.369 33.349 12.561
221 1 1 34.378 13.360 33.367 12.552
222 1 1 34.396 13.369 33.385 12.561
223 1 1 34.414 13.351 33.403 12.543
224 1 1 34.423 13.333 33.412 12.525
225 1 1 34.451 13.333 33.440 12.524
226 1 1 34.469 13.333 33.458 12.524
227 1 1 34.496 13.315 33.485 12.506
228 1 1 34.541 13.296 33.530 12.488
229 1 1 34.559 13.296 33.548 12.488
230 1 1 34.595 13.269 33.584 12.461
231 1 1 34.613 13.260 33.602 12.452
232 1 1 34.649 13.260 33.638 12.452
233 1 1 34.676 13.251 33.665 12.443
234 1 1 34.703 13.242 33.693 12.433
235 1 1 34.739 13.223 33.729 12.415
236 1 1 34.758 13.214 33.747 12.406
237 1 1 34.776 13.205 33.765 12.397
238 1 1 34.812 13.187 33.801 12.379
239 1 1 34.839 13.178 33.828 12.370
240 1 1 34.866 13.187 33.855 12.379
241 1 1 34.884 13.187 33.873 12.379
242 1 1 34.902 13.187 33.891 12.379
243 1 1 34.920 13.187 33.909 12.379
244 1 1 34.938 13.187 33.927 12.379
245 1 1 34.947 13.178 33.937 12.369
246 1 1 34.974 13.187 33.964 12.378
247 1 1 35.010 13.186 34.000 12.378
248 1 1 35.037 13.186 34.027 12.378
249 1 1 35.082 13.186 34.072 12.378
250 1 1 35.118 13.186 34.108 12.378
251 1 1 35.137 13.177 34.126 12.369
252 1 1 35.155 13.186 34.144 12.378
253 1 1 35.173 13.186 34.162 12.378
254 1 1 35.182 13.186 34.171 12.378
255 1 1 35.227 13.186 34.216 12.378
256 1 1 35.263 13.186 34.253 12.377
257 1 1 35.299 13.176 34.289 12.368
258 1 1 35.335 13.203 34.325 12.395
259 1 1 35.353 13.185 34.343 12.377
260 1 1 35.380 13.203 34.370 12.395
261 1 1 35.407 13.185 34.397 12.377
262 1 1 35.425 13.185 34.415 12.377
263 1 1 35.452 13.176 34.442 12.368
0 2 1 27.120 11.577 26.210 10.791
1 2 1 27.147 11.604 26.201 10.782
2 2 1 27.184 11.595 26.238 10.773
3 2 1 27.202 11.604 26.256 10.782
4 2 1 27.238 11.576 26.292 10.755
5 2 1 27.275 11.585 26.329 10.764
6 2 1 27.311 11.558 26.365 10.736
7 2 1 27.329 11.549 26.384 10.727
8 2 1 27.366 11.540 26.420 10.718
9 2 1 27.402 11.531 26.456 10.709
10 2 1 27.420 11.503 26.475 10.682
11 2 1 27.457 11.512 26.511 10.691
12 2 1 27.493 11.485 26.547 10.664
13 2 1 27.511 11.494 26.566 10.673
14 2 1 27.548 11.467 26.602 10.645
15 2 1 27.584 11.476 26.638 10.654
16 2 1 27.620 11.467 26.675 10.645
17 2 1 27.657 11.448 26.711 10.627
18 2 1 27.675 11.448 26.730 10.627
19 2 1 27.711 11.457 26.766 10.636
20 2 1 27.748 11.448 26.802 10.627
21 2 1 27.766 11.457 26.821 10.636
22 2 1 27.802 11.448 26.857 10.627
23 2 1 27.839 11.457 26.893 10.636
24 2 1 27.857 11.448 26.912 10.626
25 2 1 27.893 11.457 26.948 10.635
26 2 1 27.930 11.448 26.984 10.626
27 2 1 27.966 11.457 27.021 10.635
28 2 1 28.002 11.466 27.057 10.644
29 2 1 28.039 11.475 27.094 10.653
30 2 1 28.075 11.483 27.130 10.662
31 2 1 28.093 11.492 27.148 10.671
32 2 1 28.130 11.501 27.184 10.680
33 2 1 28.166 11.510 27.221 10.689
34 2 1 28.184 11.519 27.239 10.698
35 2 1 28.220 11.528 27.275 10.707
36 2 1 28.239 11.519 27.294 10.698
37 2 1 28.275 11.546 27.330 10.725
38 2 1 28.293 11.537 27.348 10.716
39 2 1 28.329 11.546 27.385 10.725
40 2 1 28.348 11.555 27.403 10.734
41 2 1 28.357 11.564 27.412 10.743
42 2 1 28.402 11.573 27.457 10.752
43 2 1 28.420 11.582 27.475 10.761
44 2 1 28.457 11.591 27.512 10.770
45 2 1 28.493 11.600 27.548 10.779
46 2 1 28.511 11.591 27.566 10.770
47 2 1 28.547 11.600 27.603 10.779
48 2 1 28.584 11.591 27.639 10.770
49 2 1 28.620 11.600 27.676 10.779
50 2 1 28.629 11.581 27.685 10.760
51 2 1 28.675 11.581 27.730 10.760
52 2 1 28.711 11.572 27.766 10.751
53 2 1 28.747 11.581 27.803 10.760
54 2 1 28.784 11.572 27.839 10.751
55 2 1 28.802 11.581 27.857 10.760
56 2 1 28.838 11.563 27.894 10.742
57 2 1 28.874 11.581 27.930 10.760
58 2 1 28.893 11.572 27.948 10.751
59 2 1 28.929 11.572 27.985 10.751
60 2 1 28.965 11.590 28.021 10.769
61 2 1 28.983 11.599 28.039 10.778
62 2 1 29.020 11.598 28.076 10.778
63 2 1 29.002 11.445 28.294 10.868
64 2 1 29.083 11.544 28.185 10.777
65 2 1 29.120 11.562 28.221 10.795
66 2 1 29.156 11.562 28.257 10.795
67 2 1 29.174 11.580 28.275 10.813
68 2 1 29.210 11.580 28.312 10.813
69 2 1 29.247 11.598 28.348 10.831
70 2 1 29.283 11.616 28.384 10.849
71 2 1 29.319 11.634 28.421 10.867
72 2 1 29.356 11.634 28.457 10.867
73 2 1 29.392 11.652 28.493 10.885
74 2 1 29.410 11.670 28.512 10.903
75 2 1 29.446 11.688 28.548 10.921
76 2 1 29.483 11.688 28.584 10.921
77 2 1 29.501 11.706 28.602 10.939
78 2 1 29.537 11.705 28.639 10.939
79 2 1 29.555 11.705 28.657 10.939
80 2 1 29.591 11.723 28.693 10.957
81 2 1 29.610 11.723 28.711 10.957
82 2 1 29.646 11.741 28.748 10.975
83 2 1 29.664 11.741 28.766 10.975
84 2 1 29.700 11.759 28.802 10.993
85 2 1 29.737 11.759 28.838 10.993
86 2 1 29.755 11.777 28.857 11.011
87 2 1 29.791 11.777 28.893 11.011
88 2 1 29.827 11.777 28.929 11.011
89 2 1 29.864 11.795 28.966 11.029
90 2 1 29.900 11.795 29.002 11.029
91 2 1 29.936 11.795 29.038 11.029
92 2 1 29.972 11.813 29.075 11.047
93 2 1 29.991 11.813 29.093 11.047
94 2 1 30.027 11.813 29.129 11.046
95 2 1 30.045 11.831 29.147 11.065
96 2 1 30.081 11.830 29.183 11.064
97 2 1 30.099 11.849 29.202 11.082
98 2 1 30.136 11.866 29.238 11.100
99 2 1 30.154 11.866 29.256 11.100
100 2 1 30.172 11.884 29.274 11.118
101 2 1 30.208 11.902 29.310 11.136
102 2 1 30.226 11.920 29.329 11.154
103 2 1 30.244 11.938 29.347 11.173
104 2 1 30.263 11.938 29.365 11.172
105 2 1 30.299 11.956 29.401 11.190
106 2 1 30.317 11.974 29.419 11.208
107 2 1 30.335 11.992 29.438 11.227
108 2 1 30.371 12.010 29.474 11.245
109 2 1 30.389 12.028 29.492 11.263
110 2 1 30.408 12.046 29.510 11.281
111 2 1 30.444 12.082 29.546 11.317
112 2 1 30.462 12.100 29.564 11.335
113 2 1 30.480 12.119 29.583 11.353
114 2 1 30.498 12.137 29.601 11.371
115 2 1 30.516 12.155 29.619 11.389
116 2 1 30.534 12.173 29.637 11.407
117 2 1 30.552 12.191 29.655 11.425
118 2 1 30.571 12.209 29.673 11.443
119 2 1 30.589 12.209 29.691 11.443
120 2 1 30.607 12.227 29.710 11.461
121 2 1 30.625 12.227 29.728 11.461
122 2 1 30.643 12.245 29.746 11.479
123 2 1 30.661 12.244 29.764 11.479
124 2 1 30.697 12.244 29.800 11.479
125 2 1 30.716 12.262 29.818 11.497
126 2 1 30.752 12.262 29.855 11.497
127 2 1 30.770 12.262 29.873 11.497
128 2 1 30.806 12.253 29.909 11.487
129 2 1 30.842 12.262 29.945 11.496
130 2 1 30.879 12.262 29.982 11.496
131 2 1 30.915 12.262 30.018 11.496
132 2 1 30.951 12.262 30.054 11.496
133 2 1 30.987 12.262 30.091 11.496
134 2 1 31.024 12.279 30.127 11.514
135 2 1 31.060 12.279 30.163 11.514
136 2 1 31.078 12.297 30.181 11.532
137 2 1 31.114 12.297 30.217 11.532
138 2 1 31.150 12.297 30.254 11.532
139 2 1 31.169 12.297 30.272 11.532
140 2 1 31.205 12.297 30.308 11.532
141 2 1 31.241 12.297 30.344 11.531
142 2 1 31.259 12.297 30.363 11.531
143 2 1 31.295 12.297 30.399 11.531
144 2 1 31.314 12.297 30.417 11.531
145 2 1 31.332 12.297 30.435 11.531
146 2 1 31.377 12.296 30.480 11.531
147 2 1 31.404 12.296 30.508 11.531
148 2 1 31.440 12.296 30.544 11.531
149 2 1 31.458 12.296 30.562 11.531
150 2 1 31.513 12.296 30.616 11.531
151 2 1 31.549 12.314 30.653 11.549
152 2 1 31.594 12.314 30.698 11.549
153 2 1 31.621 12.314 30.725 11.548
154 2 1 31.658 12.314 30.761 11.548
155 2 1 31.694 12.313 30.798 11.548
156 2 1 31.730 12.313 30.834 11.548
157 2 1 31.766 12.313 30.870 11.548
158 2 1 31.803 12.313 30.906 11.548
159 2 1 31.821 12.313 30.924 11.548
160 2 1 31.857 12.313 30.961 11.548
161 2 1 31.893 12.313 30.997 11.548
162 2 1 31.929 12.313 31.033 11.548
163 2 1 31.947 12.295 31.051 11.529
164 2 1 31.984 12.294 31.088 11.529
165 2 1 32.020 12.276 31.124 11.511
166 2 1 32.038 12.258 31.142 11.493
167 2 1 32.074 12.240 31.178 11.475
168 2 1 32.110 12.222 31.214 11.457
169 2 1 32.147 12.204 31.251 11.439
170 2 1 32.183 12.185 31.287 11.420
171 2 1 32.219 12.167 31.323 11.402
172 2 1 32.255 12.149 31.359 11.384
173 2 1 32.291 12.131 31.396 11.366
174 2 1 32.328 12.113 31.432 11.348
175 2 1 32.364 12.095 31.468 11.330
176 2 1 32.400 12.076 31.504 11.311
177 2 1 32.436 12.058 31.541 11.293
178 2 1 32.472 12.040 31.577 11.275
179 2 1 32.490 12.040 31.595 11.275
180 2 1 32.527 12.022 31.631 11.257
181 2 1 32.563 12.004 31.667 11.239
182 2 1 32.599 11.986 31.704 11.221
183 2 1 32.635 11.985 31.740 11.221
184 2 1 32.671 11.967 31.776 11.202
185 2 1 32.690 11.949 31.794 11.184
186 2 1 32.708 11.931 31.812 11.166
187 2 1 32.744 11.931 31.849 11.166
188 2 1 32.780 11.931 31.885 11.166
189 2 1 32.816 11.913 31.921 11.148
190 2 1 32.852 11.913 31.957 11.148
191 2 1 32.889 11.894 31.993 11.130
192 2 1 32.925 11.894 32.030 11.129
193 2 1 32.961 11.894 32.066 11.129
194 2 1 32.997 11.876 32.102 11.111
195 2 1 33.033 11.876 32.138 11.111
196 2 1 33.069 11.876 32.174 11.111
197 2 1 33.087 11.858 32.193 11.093
198 2 1 33.124 11.840 32.229 11.075
199 2 1 33.160 11.840 32.265 11.075
200 2 1 33.187 11.821 32.292 11.057
201 2 1 33.214 11.803 32.319 11.038
202 2 1 33.232 11.785 32.337 11.020
203 2 1 33.268 11.785 32.374 11.020
204 2 1 33.304 11.767 32.410 11.002
205 2 1 33.323 11.749 32.428 10.984
206 2 1 33.359 11.731 32.464 10.966
207 2 1 33.594 11.604 32.464 10.785
208 2 1 33.531 11.577 32.238 10.759
209 2 1 33.268 11.550 32.518 10.785
210 2 1 33.296 11.532 32.546 10.767
211 2 1 33.323 11.532 32.573 10.767
212 2 1 33.359 11.514 32.609 10.749
213 2 1 33.540 11.496 32.727 10.694
214 2 1 33.494 11.478 32.745 10.712
215 2 1 33.531 11.478 32.781 10.712
216 2 1 33.567 11.459 32.817 10.694
217 2 1 33.585 11.459 32.835 10.694
218 2 1 33.639 11.504 32.944 10.775
219 2 1 33.657 11.513 32.916 10.757
220 2 1 33.684 11.504 32.944 10.748
221 2 1 33.711 11.513 32.971 10.757
222 2 1 33.756 11.504 33.016 10.748
223 2 1 33.766 11.495 33.025 10.739
224 2 1 33.811 11.486 33.070 10.730
225 2 1 34.037 11.422 33.206 10.720
226 2 1 33.982 11.449 33.242 10.702
227 2 1 34.082 11.413 33.278 10.603
228 2 1 34.046 11.386 33.305 10.639
229 2 1 34.073 11.386 33.332 10.639
230 2 1 34.082 11.512 33.387 10.558
231 2 1 34.100 11.404 33.368 10.657
232 2 1 34.136 11.404 33.405 10.657
233 2 1 34.172 11.404 33.441 10.657
234 2 1 34.190 11.422 33.459 10.675
235 2 1 34.208 11.440 33.477 10.693
236 2 1 34.244 11.421 33.513 10.675
237 2 1 34.280 11.439 33.549 10.692
238 2 1 34.316 11.421 33.585 10.674
239 2 1 34.335 11.421 33.603 10.674
240 2 1 34.353 11.421 33.622 10.674
241 2 1 34.389 11.421 33.658 10.674
242 2 1 34.425 11.421 33.694 10.674
243 2 1 34.461 11.421 33.730 10.674
244 2 1 34.497 11.403 33.766 10.656
245 2 1 34.515 11.385 33.784 10.638
246 2 1 34.533 11.385 33.802 10.638
247 2 1 34.587 11.384 33.856 10.638
248 2 1 34.605 11.366 33.875 10.620
249 2 1 34.660 11.348 33.929 10.601
250 2 1 34.678 11.348 33.947 10.601
251 2 1 34.696 11.384 33.938 10.493
252 2 1 34.696 11.348 34.010 10.601
253 2 1 34.732 11.339 34.091 10.538
254 2 1 34.777 11.393 34.100 10.574
255 2 1 34.849 11.321 34.182 10.610
256 2 1 34.876 11.303 34.163 10.655
257 2 1 34.939 11.438 34.254 10.646
258 2 1 34.930 11.284 34.245 10.628
259 2 1 34.921 11.320 34.236 10.601
260 2 1 34.948 11.311 34.263 10.592
261 2 1 34.993 11.293 34.308 10.573
262 2 1 35.075 11.257 34.380 10.600
263 2 1 35.066 11.284 34.380 10.573
0 3 1 28.921 9.971 27.813 9.249
1 3 1 28.957 9.989 27.795 9.240
2 3 1 28.994 9.989 27.831 9.240
3 3 1 29.012 9.989 27.849 9.240
4 3 1 29.030 9.989 27.868 9.240
5 3 1 29.084 9.988 27.922 9.240
6 3 1 29.103 9.988 27.940 9.240
7 3 1 29.139 9.988 27.977 9.239
8 3 1 29.175 9.988 28.013 9.239
9 3 1 29.211 9.988 28.049 9.239
10 3 1 29.230 9.988 28.067 9.239
11 3 1 29.239 9.988 28.077 9.239
12 3 1 29.284 9.988 28.122 9.239
13 3 1 29.320 9.988 28.158 9.239
14 3 1 29.329 9.988 28.167 9.239
15 3 1 29.357 9.988 28.195 9.239
16 3 1 29.411 10.006 28.249 9.257
17 3 1 29.420 9.988 28.258 9.239
18 3 1 29.484 10.006 28.322 9.257
19 3 1 29.484 10.006 28.322 9.257
20 3 1 29.511 10.006 28.349 9.257
21 3 1 29.556 10.006 28.395 9.257
22 3 1 29.593 10.006 28.431 9.257
23 3 1 29.620 10.024 28.458 9.275
24 3 1 29.683 10.041 28.522 9.293
25 3 1 29.738 10.041 28.576 9.293
26 3 1 29.747 10.041 28.585 9.293
27 3 1 29.810 10.041 28.649 9.293
28 3 1 29.828 10.041 28.667 9.293
29 3 1 29.874 10.059 28.713 9.311
30 3 1 29.901 10.077 28.740 9.329
31 3 1 29.955 10.077 28.794 9.329
32 3 1 29.965 10.077 28.803 9.329
33 3 1 30.010 10.077 28.849 9.329
34 3 1 30.046 10.077 28.885 9.329
35 3 1 30.073 10.095 28.912 9.347
36 3 1 30.119 10.113 28.958 9.365
37 3 1 30.155 10.095 28.994 9.346
38 3 1 30.182 10.113 29.021 9.364
39 3 1 30.228 10.113 29.067 9.364
40 3 1 30.264 10.131 29.103 9.382
41 3 1 30.291 10.149 29.130 9.400
42 3 1 30.336 10.149 29.176 9.400
43 3 1 30.391 10.149 29.230 9.400
44 3 1 30.400 10.149 29.239 9.400
45 3 1 30.445 10.148 29.284 9.400
46 3 1 30.481 10.148 29.321 9.400
47 3 1 30.509 10.166 29.348 9.418
48 3 1 30.554 10.184 29.393 9.436
49 3 1 30.590 10.184 29.430 9.436
50 3 1 30.617 10.184 29.457 9.436
51 3 1 30.663 10.202 29.502 9.454
52 3 1 30.699 10.220 29.539 9.472
53 3 1 30.726 10.220 29.566 9.472
54 3 1 30.771 10.220 29.611 9.472
55 3 1 30.808 10.238 29.647 9.490
56 3 1 30.835 10.256 29.675 9.508
57 3 1 30.880 10.256 29.720 9.508
58 3 1 30.916 10.274 29.756 9.526
59 3 1 30.943 10.292 29.783 9.544
60 3 1 30.989 10.292 29.829 9.544
61 3 1 31.025 10.292 29.865 9.544
62 3 1 31.052 10.310 29.892 9.562
63 3 1 31.097 10.328 29.938 9.580
64 3 1 31.134 10.328 29.974 9.580
65 3 1 31.161 10.346 30.001 9.598
66 3 1 31.188 10.364 30.028 9.616
67 3 1 31.206 10.364 30.046 9.616
68 3 1 31.261 10.364 30.101 9.616
69 3 1 31.279 10.364 30.119 9.616
70 3 1 31.333 10.381 30.173 9.634
71 3 1 31.342 10.400 30.183 9.652
72 3 1 31.405 10.381 30.246 9.634
73 3 1 31.414 10.399 30.255 9.652
74 3 1 31.451 10.381 30.291 9.634
75 3 1 31.514 10.399 30.355 9.652
76 3 1 31.523 10.399 30.364 9.652
77 3 1 31.587 10.399 30.427 9.651
78 3 1 31.605 10.399 30.445 9.651
79 3 1 31.659 10.399 30.500 9.651
80 3 1 31.668 10.381 30.509 9.633
81 3 1 31.713 10.399 30.554 9.651
82 3 1 31.750 10.381 30.591 9.633
83 3 1 31.777 10.399 30.618 9.651
84 3 1 31.822 10.398 30.663 9.651
85 3 1 31.840 10.398 30.681 9.651
86 3 1 31.831 10.398 30.672 9.651
87 3 1 31.876 10.416 30.717 9.669
88 3 1 31.894 10.434 30.735 9.687
89 3 1 31.921 10.434 30.763 9.687
90 3 1 31.949 10.434 30.790 9.687
91 3 1 31.967 10.434 30.808 9.687
92 3 1 32.003 10.452 30.844 9.705
93 3 1 32.039 10.470 30.880 9.723
94 3 1 32.057 10.470 30.899 9.723
95 3 1 32.066 10.470 30.908 9.723
96 3 1 32.112 10.488 30.953 9.741
97 3 1 32.148 10.506 30.989 9.759
98 3 1 32.157 10.506 30.998 9.759
99 3 1 32.184 10.524 31.025 9.777
100 3 1 32.220 10.542 31.062 9.795
101 3 1 32.256 10.542 31.098 9.795
102 3 1 32.274 10.560 31.116 9.813
103 3 1 32.292 10.596 31.134 9.849
104 3 1 32.329 10.614 31.170 9.867
105 3 1 32.347 10.614 31.188 9.867
106 3 1 32.365 10.632 31.207 9.885
107 3 1 32.419 10.650 31.261 9.903
108 3 1 32.437 10.650 31.279 9.903
109 3 1 32.473 10.668 31.315 9.921
110 3 1 32.509 10.686 31.351 9.939
111 3 1 32.528 10.686 31.370 9.939
112 3 1 32.546 10.686 31.388 9.939
113 3 1 32.582 10.704 31.424 9.957
114 3 1 32.618 10.722 31.460 9.975
115 3 1 32.627 10.722 31.469 9.975
116 3 1 32.645 10.722 31.487 9.975
117 3 1 32.690 10.722 31.533 9.975
118 3 1 32.727 10.740 31.569 9.993
119 3 1 32.754 10.758 31.596 10.011
120 3 1 32.799 10.757 31.641 10.011
121 3 1 32.835 10.757 31.677 10.010
122 3 1 32.862 10.775 31.705 10.028
123 3 1 32.907 10.793 31.750 10.046
124 3 1 32.944 10.793 31.786 10.046
125 3 1 32.971 10.793 31.813 10.046
126 3 1 33.016 10.811 31.858 10.064
127 3 1 33.052 10.829 31.895 10.082
128 3 1 33.079 10.829 31.922 10.082
129 3 1 33.106 10.829 31.949 10.082
130 3 1 33.124 10.847 31.967 10.100
131 3 1 33.179 10.865 32.021 10.118
132 3 1 33.197 10.865 32.039 10.118
133 3 1 33.251 10.865 32.094 10.118
134 3 1 33.260 10.865 32.103 10.118
135 3 1 33.323 10.864 32.166 10.118
136 3 1 33.332 10.882 32.175 10.136
137 3 1 33.395 10.900 32.238 10.154
138 3 1 33.414 10.900 32.257 10.154
139 3 1 33.468 10.900 32.311 10.154
140 3 1 33.477 10.918 32.320 10.172
141 3 1 33.540 10.936 32.383 10.190
142 3 1 33.549 10.936 32.392 10.190
143 3 1 33.612 10.954 32.456 10.208
144 3 1 33.630 10.972 32.474 10.226
145 3 1 33.685 10.954 32.528 10.207
146 3 1 33.694 10.972 32.537 10.225
147 3 1 33.757 10.954 32.600 10.207
148 3 1 33.766 10.972 32.609 10.225
149 3 1 33.820 10.953 32.673 10.207
150 3 1 33.838 10.971 32.691 10.225
151 3 1 33.892 10.953 32.745 10.207
152 3 1 33.910 10.971 32.763 10.225
153 3 1 33.965 10.953 32.817 10.207
154 3 1 33.983 10.971 32.835 10.225
155 3 1 34.055 10.953 32.917 10.207
156 3 1 34.091 10.971 32.953 10.225
157 3 1 34.127 10.953 32.989 10.206
158 3 1 34.172 10.953 33.034 10.215
159 3 1 34.217 10.952 33.080 10.215
160 3 1 34.254 10.952 33.116 10.215
161 3 1 34.290 10.952 33.152 10.215
162 3 1 34.326 10.952 33.188 10.215
163 3 1 34.362 10.934 33.224 10.197
164 3 1 34.389 10.916 33.251 10.188
165 3 1 34.434 10.925 33.297 10.197
166 3 1 34.470 10.907 33.333 10.179
167 3 1 34.506 10.907 33.369 10.179
168 3 1 34.524 10.907 33.387 10.179
169 3 1 34.579 10.907 33.441 10.178
170 3 1 34.588 10.906 33.450 10.178
171 3 1 34.651 10.906 33.513 10.178
172 3 1 34.687 10.906 33.550 10.178
173 3 1 34.723 10.906 33.586 10.178
174 3 1 34.777 10.906 33.640 10.178
175 3 1 34.831 10.906 33.694 10.178
176 3 1 34.867 10.906 33.730 10.178
177 3 1 34.904 10.906 33.766 10.178
178 3 1 34.940 10.906 33.803 10.178
179 3 1 34.967 10.906 33.830 10.178
180 3 1 34.561 10.907 34.001 10.141
181 3 1 35.003 10.896 33.866 10.169
182 3 1 35.030 10.896 33.893 10.168
183 3 1 35.075 10.878 33.938 10.150
184 3 1 35.102 10.860 33.965 10.132
185 3 1 35.147 10.860 34.010 10.132
186 3 1 35.174 10.842 34.037 10.114
187 3 1 35.219 10.842 34.083 10.114
188 3 1 35.246 10.824 34.110 10.096
189 3 1 35.310 10.824 34.173 10.096
190 3 1 35.337 10.806 34.200 10.078
191 3 1 35.382 10.805 34.245 10.078
192 3 1 35.409 10.787 34.272 10.059
193 3 1 35.454 10.787 34.317 10.059
194 3 1 35.499 10.769 34.363 10.041
195 3 1 35.526 10.769 34.390 10.041
196 3 1 35.553 10.751 34.417 10.023
197 3 1 35.598 10.751 34.462 10.023
198 3 1 35.625 10.733 34.489 10.005
199 3 1 35.652 10.733 34.516 10.005
200 3 1 35.679 10.715 34.543 9.987
201 3 1 35.724 10.714 34.588 9.987
202 3 1 35.490 10.715 34.679 9.950
203 3 1 35.463 10.697 34.670 9.996
204 3 1 35.526 10.715 34.660 10.041
205 3 1 35.625 10.733 34.552 10.023
206 3 1 35.661 10.733 34.588 10.023
207 3 1 35.697 10.715 34.624 10.005
208 3 1 35.733 10.732 34.660 10.023
209 3 1 35.769 10.714 34.697 10.005
210 3 1 35.806 10.732 34.733 10.022
211 3 1 35.842 10.714 34.769 10.004
212 3 1 35.860 10.714 34.787 10.004
213 3 1 35.878 10.714 34.805 10.004
214 3 1 35.914 10.696 34.841 9.986
215 3 1 35.950 10.678 34.877 9.968
216 3 1 35.968 10.696 34.895 9.986
217 3 1 35.986 10.678 34.913 9.968
218 3 1 36.022 10.678 34.949 9.968
219 3 1 35.994 11.444 35.383 9.516
220 3 1 36.049 10.669 34.976 9.959
221 3 1 35.914 10.561 35.175 9.913
222 3 1 36.067 10.588 35.012 9.887
223 3 1 36.004 10.534 35.247 9.922
224 3 1 36.139 10.569 35.103 9.877
225 3 1 36.175 10.569 35.139 9.877
226 3 1 36.139 10.533 35.509 9.760
227 3 1 36.220 10.542 35.184 9.850
228 3 1 36.274 10.524 35.238 9.832
229 3 1 36.292 10.506 35.256 9.814
230 3 1 36.328 10.506 35.292 9.814
231 3 1 36.364 10.506 35.328 9.814
232 3 1 36.382 10.506 35.346 9.814
233 3 1 36.400 10.488 35.364 9.796
234 3 1 36.437 10.470 35.400 9.778
235 3 1 36.455 10.470 35.418 9.778
236 3 1 36.473 10.469 35.437 9.778
237 3 1 36.509 10.469 35.473 9.778
238 3 1 36.545 10.451 35.509 9.760
239 3 1 36.581 10.433 35.545 9.741
240 3 1 36.617 10.451 35.581 9.759
241 3 1 36.653 10.433 35.617 9.741
242 3 1 36.689 10.433 35.653 9.741
243 3 1 36.725 10.433 35.689 9.741
244 3 1 36.761 10.433 35.725 9.741
245 3 1 36.797 10.433 35.761 9.741
246 3 1 36.851 10.433 35.815 9.741
247 3 1 36.869 10.433 35.833 9.741
248 3 1 36.905 10.432 35.869 9.741
249 3 1 36.941 10.432 35.905 9.741
250 3 1 36.959 10.432 35.923 9.741
251 3 1 36.977 10.432 35.941 9.741
252 3 1 37.013 10.414 35.977 9.723
253 3 1 37.049 10.396 36.014 9.705
254 3 1 36.977 10.378 36.320 9.641
255 3 1 37.058 10.387 36.023 9.696
256 3 1 37.094 10.315 36.356 9.641
257 3 1 37.121 10.342 36.329 9.641
258 3 1 37.220 10.324 36.221 9.641
259 3 1 37.139 10.342 36.428 9.587
260 3 1 37.274 10.306 36.293 9.623
261 3 1 37.292 10.315 36.635 9.514
262 3 1 37.247 10.315 36.716 9.604
263 3 1 37.292 10.279 36.311 9.596
0 4 1 28.566 10.831 27.621 10.109
1 4 1 28.593 10.849 27.603 10.100
2 4 1 28.612 10.849 27.621 10.100
3 4 1 28.612 10.849 27.621 10.100
4 4 1 28.648 10.849 27.658 10.100
5 4 1 28.666 10.849 27.676 10.100
6 4 1 28.702 10.849 27.712 10.100
7 4 1 28.739 10.848 27.749 10.100
8 4 1 28.757 10.848 27.767 10.100
9 4 1 28.775 10.848 27.785 10.100
10 4 1 28.811 10.830 27.821 10.081
11 4 1 28.830 10.830 27.840 10.081
12 4 1 28.848 10.830 27.858 10.081
13 4 1 28.884 10.830 27.894 10.081
14 4 1 28.902 10.812 27.912 10.063
15 4 1 28.920 10.812 27.931 10.063
16 4 1 28.957 10.812 27.967 10.063
17 4 1 28.975 10.812 27.985 10.063
18 4 1 28.993 10.812 28.003 10.063
19 4 1 29.029 10.812 28.040 10.063
20 4 1 29.066 10.811 28.076 10.063
21 4 1 29.102 10.829 28.112 10.081
22 4 1 29.138 10.829 28.149 10.081
23 4 1 29.175 10.847 28.185 10.099
24 4 1 29.211 10.865 28.221 10.117
25 4 1 29.265 10.865 28.276 10.117
26 4 1 29.302 10.883 28.312 10.135
27 4 1 29.338 10.883 28.349 10.135
28 4 1 29.392 10.901 28.403 10.153
29 4 1 29.447 10.919 28.458 10.171
30 4 1 29.501 10.937 28.512 10.189
31 4 1 29.574 10.955 28.585 10.207
32 4 1 29.610 10.973 28.621 10.225
33 4 1 29.646 10.973 28.657 10.224
34 4 1 29.683 10.973 28.694 10.224
35 4 1 29.719 10.973 28.730 10.224
36 4 1 29.737 10.955 28.748 10.206
37 4 1 29.755 10.954 28.766 10.206
38 4 1 29.810 10.954 28.821 10.206
39 4 1 29.846 10.954 28.857 10.206
40 4 1 29.882 10.954 28.894 10.206
41 4 1 29.937 10.972 28.948 10.224
42 4 1 30.009 10.972 29.021 10.224
43 4 1 30.064 10.990 29.075 10.242
44 4 1 30.082 11.008 29.211 10.422
45 4 1 30.118 11.062 29.166 10.359
46 4 1 30.100 11.062 29.320 10.431
47 4 1 30.163 11.089 29.247 10.404
48 4 1 30.200 11.098 29.284 10.413
49 4 1 30.109 11.098 29.411 10.539
50 4 1 30.200 11.143 29.320 10.485
51 4 1 30.236 11.161 29.356 10.503
52 4 1 30.327 11.107 29.511 10.485
53 4 1 30.345 11.116 29.474 10.467
54 4 1 30.390 11.125 29.520 10.476
55 4 1 30.435 11.115 29.565 10.467
56 4 1 30.481 11.142 29.610 10.494
57 4 1 30.526 11.133 29.656 10.485
58 4 1 30.553 11.142 29.683 10.494
59 4 1 30.599 11.151 29.728 10.502
60 4 1 30.626 11.160 29.756 10.511
61 4 1 30.671 11.151 29.801 10.502
62 4 1 30.698 11.178 29.828 10.529
63 4 1 30.744 11.169 29.874 10.520
64 4 1 30.753 11.178 29.883 10.529
65 4 1 30.816 11.187 29.946 10.538
66 4 1 30.861 11.196 29.991 10.547
67 4 1 30.943 11.205 30.073 10.556
68 4 1 31.006 11.231 30.137 10.583
69 4 1 31.052 11.240 30.182 10.592
70 4 1 31.079 11.249 30.209 10.601
71 4 1 31.124 11.240 30.254 10.592
72 4 1 31.133 11.231 30.263 10.583
73 4 1 31.178 11.222 30.309 10.574
74 4 1 31.206 11.213 30.336 10.564
75 4 1 31.251 11.204 30.381 10.555
76 4 1 31.278 11.195 30.409 10.546
77 4 1 31.323 11.167 30.454 10.519
78 4 1 31.369 11.158 30.499 10.510
79 4 1 31.414 11.149 30.545 10.501
80 4 1 31.459 11.140 30.590 10.492
81 4 1 31.505 11.131 30.635 10.482
82 4 1 31.532 11.122 30.662 10.473
83 4 1 31.577 11.113 30.708 10.464
84 4 1 31.604 11.122 30.735 10.473
85 4 1 31.631 11.112 30.762 10.464
86 4 1 31.658 11.121 30.789 10.473
87 4 1 31.704 11.130 30.835 10.482
88 4 1 31.731 11.139 30.862 10.491
89 4 1 31.586 11.094 30.971 10.518
90 4 1 31.704 11.121 30.862 10.482
91 4 1 31.740 11.139 30.898 10.500
92 4 1 31.776 11.139 30.934 10.500
93 4 1 31.812 11.139 30.971 10.500
94 4 1 31.830 11.157 30.989 10.518
95 4 1 31.849 11.175 31.007 10.536
96 4 1 31.885 11.175 31.043 10.536
97 4 1 31.921 11.193 31.079 10.554
98 4 1 31.957 11.229 31.115 10.590
99 4 1 31.993 11.265 31.152 10.626
100 4 1 32.030 11.283 31.188 10.644
101 4 1 32.066 11.301 31.224 10.662
102 4 1 32.084 11.319 31.242 10.680
103 4 1 32.120 11.319 31.278 10.680
104 4 1 32.156 11.337 31.315 10.698
105 4 1 32.192 11.373 31.351 10.734
106 4 1 32.247 11.391 31.405 10.752
107 4 1 32.283 11.391 31.441 10.752
108 4 1 32.301 11.391 31.460 10.752
109 4 1 32.337 11.409 31.496 10.770
110 4 1 32.373 11.427 31.532 10.788
111 4 1 32.409 11.426 31.568 10.787
112 4 1 32.645 11.471 31.632 10.769
113 4 1 32.744 11.498 31.731 10.751
114 4 1 32.654 11.444 31.794 10.805
115 4 1 32.672 11.462 31.813 10.823
116 4 1 32.708 11.444 31.849 10.805
117 4 1 32.726 11.462 31.867 10.823
118 4 1 32.744 11.462 31.885 10.823
119 4 1 32.780 11.462 31.921 10.823
120 4 1 32.853 11.525 31.876 10.886
121 4 1 32.789 11.516 31.930 10.877
122 4 1 32.807 11.534 31.948 10.895
123 4 1 32.862 11.534 32.003 10.895
124 4 1 32.880 11.552 32.021 10.913
125 4 1 32.916 11.588 32.057 10.949
126 4 1 32.952 11.605 32.093 10.967
127 4 1 32.970 11.587 32.111 10.949
128 4 1 32.988 11.623 32.129 10.985
129 4 1 33.042 11.641 32.184 11.003
130 4 1 33.079 11.641 32.220 11.003
131 4 1 33.142 11.650 32.283 11.011
133 4 1 33.133 11.641 32.274 11.002
134 4 1 33.178 11.641 32.319 11.002
135 4 1 33.169 11.659 32.310 11.020
136 4 1 33.205 11.677 32.346 11.038
137 4 1 33.205 11.695 32.346 11.056
138 4 1 33.259 11.677 32.401 11.038
139 4 1 33.277 11.695 32.419 11.056
140 4 1 33.332 11.704 32.473 11.065
141 4 1 33.368 11.731 32.509 11.092
142 4 1 33.422 11.767 32.563 11.128
143 4 1 33.485 11.784 32.627 11.146
144 4 1 33.548 11.784 32.690 11.146
145 4 1 33.567 11.802 32.708 11.164
146 4 1 33.621 11.820 32.762 11.182
147 4 1 33.639 11.802 32.781 11.164
148 4 1 33.675 11.820 32.817 11.182
149 4 1 33.711 11.802 32.853 11.163
150 4 1 33.747 11.802 32.889 11.163
151 4 1 33.783 11.802 32.925 11.163
152 4 1 33.819 11.801 32.961 11.163
153 4 1 33.856 11.783 32.998 11.145
154 4 1 33.910 11.765 33.052 11.127
155 4 1 33.964 11.873 33.043 11.244
156 4 1 33.973 11.891 33.043 11.289
157 4 1 34.009 11.882 33.034 11.262
158 4 1 33.991 11.846 33.097 11.253
159 4 1 33.964 11.855 33.106 11.244
160 4 1 34.000 11.864 33.142 11.253
161 4 1 34.054 11.873 33.196 11.262
162 4 1 34.072 11.864 33.214 11.253
163 4 1 34.108 11.873 33.251 11.262
164 4 1 34.145 11.864 33.287 11.253
165 4 1 34.163 11.873 33.305 11.262
166 4 1 34.181 11.864 33.323 11.252
167 4 1 34.235 11.872 33.377 11.261
168 4 1 34.253 11.863 33.395 11.252
169 4 1 34.307 11.872 33.449 11.261
170 4 1 34.307 11.863 33.449 11.252
171 4 1 34.343 11.872 33.486 11.261
172 4 1 34.379 11.863 33.522 11.252
173 4 1 34.415 11.854 33.558 11.243
174 4 1 34.452 11.845 33.594 11.234
175 4 1 34.488 11.854 33.630 11.243
176 4 1 34.777 11.826 33.919 11.197
177 4 1 34.768 11.817 33.910 11.206
178 4 1 34.804 11.808 33.946 11.197
179 4 1 34.840 11.817 33.982 11.206
180 4 1 34.822 11.844 34.091 11.106
181 4 1 34.876 11.780 34.028 11.169
182 4 1 34.921 11.771 34.073 11.160
183 4 1 34.948 11.780 34.100 11.169
184 4 1 34.975 11.753 34.127 11.142
185 4 1 35.020 11.762 34.172 11.151
186 4 1 35.047 11.735 34.199 11.124
187 4 1 35.092 11.744 34.244 11.133
188 4 1 35.101 11.717 34.253 11.106
189 4 1 35.147 11.707 34.299 11.097
190 4 1 35.174 11.698 34.326 11.088
191 4 1 35.201 11.689 34.353 11.078
192 4 1 35.246 11.662 34.398 11.051
193 4 1 35.498 11.679 34.470 11.078
194 4 1 35.399 11.680 34.551 11.078
195 4 1 35.570 11.661 34.488 11.105
196 4 1 35.516 11.643 34.633 11.069
197 4 1 35.489 11.652 34.642 11.069
198 4 1 35.525 11.643 34.678 11.060
199 4 1 35.552 11.634 34.705 11.050
200 4 1 35.516 11.652 34.876 10.996
201 4 1 35.607 11.616 34.768 11.032
202 4 1 35.634 11.589 34.867 10.933
203 4 1 35.670 11.607 34.940 10.815
204 4 1 35.706 11.616 34.985 10.734
205 4 1 35.787 11.570 34.994 10.833
206 4 1 35.859 11.588 35.012 10.743
207 4 1 35.976 11.606 35.066 10.590
208 4 1 35.967 11.489 35.075 10.734
209 4 1 35.913 11.408 35.102 10.824
210 4 1 35.940 11.390 35.129 10.806
211 4 1 35.958 11.381 35.147 10.797
212 4 1 35.994 11.372 35.183 10.788
213 4 1 35.886 11.426 35.075 10.743
214 4 1 35.886 11.372 35.075 10.788
215 4 1 35.913 11.363 35.102 10.779
216 4 1 35.976 11.399 35.147 10.680
217 4 1 35.958 11.327 35.147 10.743
218 4 1 35.967 11.363 35.328 10.706
219 4 1 36.039 11.326 35.237 10.743
220 4 1 36.066 11.317 35.264 10.734
221 4 1 36.094 11.308 35.292 10.724
222 4 1 36.121 11.290 35.319 10.706
223 4 1 36.148 11.281 35.346 10.697
224 4 1 36.202 11.290 35.553 10.607
225 4 1 36.265 11.236 35.472 10.652
226 4 1 36.292 11.227 35.499 10.643
227 4 1 36.400 11.344 35.562 10.490
228 4 1 36.472 11.298 35.562 10.562
229 4 1 36.409 11.343 35.616 10.435
230 4 1 36.391 11.208 35.598 10.625
231 4 1 36.418 11.199 35.625 10.616
232 4 1 36.445 11.181 35.652 10.597
233 4 1 36.472 11.325 35.698 10.084
234 4 1 36.445 11.343 35.725 10.120
235 4 1 36.463 11.154 35.670 10.570
236 4 1 36.571 11.298 35.824 10.056
237 4 1 36.589 11.307 35.851 10.047
238 4 1 36.481 11.127 35.688 10.543
239 4 1 36.661 11.226 36.022 10.452
240 4 1 36.670 11.253 36.076 10.515
241 4 1 36.706 11.117 35.923 10.534
242 4 1 36.733 11.117 35.950 10.534
243 4 1 36.760 11.117 35.977 10.534
244 4 1 36.787 11.117 36.004 10.534
246 4 1 36.778 11.108 35.995 10.525
247 4 1 36.805 11.108 36.022 10.525
248 4 1 36.832 11.108 36.049 10.524
249 4 1 36.868 11.108 36.085 10.524
250 4 1 36.904 11.108 36.121 10.524
251 4 1 36.940 11.108 36.157 10.524
252 4 1 36.976 11.108 36.193 10.524
253 4 1 37.183 11.125 36.292 10.596
254 4 1 37.129 11.206 36.391 10.560
255 4 1 37.093 11.234 36.445 10.542
256 4 1 37.165 11.224 36.518 10.433
257 4 1 37.246 11.224 36.626 10.505
258 4 1 37.309 11.305 36.608 10.379
259 4 1 37.363 11.215 36.698 10.532
260 4 1 37.435 11.260 36.770 10.442
261 4 1 37.516 11.223 36.761 10.541
262 4 1 37.426 11.188 36.851 10.577
263 4 1 37.507 11.160 36.770 10.586
0 5 2 51.477 10.588 49.702 9.912
1 5 2 51.397 10.588 49.658 9.975
2 5 2 51.246 10.562 49.596 9.939
3 5 2 51.131 10.580 49.516 9.895
4 5 2 51.095 10.580 49.480 9.886
5 5 2 51.024 10.598 49.454 9.904
6 5 2 50.962 10.571 49.383 9.850
7 5 2 50.927 10.589 49.267 9.913
8 5 2 50.865 10.590 49.054 9.932
9 5 2 50.909 10.572 49.089 9.922
10 5 2 50.829 10.563 48.974 9.932
11 5 2 50.670 10.545 48.849 9.905
12 5 2 50.545 10.546 49.089 9.905
13 5 2 50.590 10.501 48.716 9.843
14 5 2 50.483 10.483 48.698 9.762
15 5 2 50.368 10.474 48.618 9.816
16 5 2 50.288 10.466 48.485 9.807
17 5 2 50.226 10.430 48.476 9.780
18 5 2 50.075 10.404 48.316 9.781
19 5 2 49.897 10.467 48.716 9.905
20 5 2 49.862 10.431 48.227 9.754
21 5 2 49.800 10.404 48.156 9.763
22 5 2 49.729 10.360 47.862 9.800
23 5 2 49.640 10.378 47.826 9.782
24 5 2 49.613 10.351 47.737 9.773
25 5 2 49.471 10.351 47.684 9.764
26 5 2 49.240 10.432 47.924 9.674
27 5 2 49.169 10.388 47.987 9.781
28 5 2 49.160 10.361 47.551 9.746
29 5 2 48.991 10.415 47.693 9.692
30 5 2 49.187 10.334 47.524 9.737
31 5 2 48.822 10.362 47.746 9.809
32 5 2 48.707 10.389 47.497 9.666
33 5 2 48.645 10.353 47.497 9.782
34 5 2 49.071 10.307 47.408 9.711
35 5 2 48.982 10.308 47.319 9.711
36 5 2 48.858 10.308 47.194 9.711
37 5 2 48.787 10.308 47.123 9.711
38 5 2 48.680 10.326 47.016 9.729
39 5 2 48.591 10.308 46.927 9.712
40 5 2 48.467 10.327 46.802 9.730
41 5 2 48.396 10.327 46.731 9.730
42 5 2 48.289 10.327 46.624 9.730
43 5 2 48.182 10.327 46.517 9.730
44 5 2 48.093 10.327 46.428 9.731
45 5 2 47.968 10.328 46.303 9.731
46 5 2 47.880 10.328 46.214 9.731
47 5 2 47.755 10.328 46.089 9.731
48 5 2 47.666 10.346 46.000 9.749
49 5 2 47.559 10.364 45.893 9.767
50 5 2 47.452 10.347 45.786 9.750
51 5 2 47.363 10.365 45.697 9.768
52 5 2 47.274 10.365 45.608 9.768
53 5 2 47.167 10.365 45.501 9.768
54 5 2 47.060 10.365 45.394 9.768
55 5 2 46.953 10.366 45.287 9.768
56 5 2 46.864 10.366 45.197 9.769
57 5 2 46.775 10.366 45.108 9.769
58 5 2 46.668 10.384 45.001 9.787
59 5 2 46.561 10.402 44.894 9.805
60 5 2 46.454 10.385 44.787 9.787
61 5 2 46.348 10.403 44.680 9.805
62 5 2 46.241 10.403 44.572 9.806
63 5 2 46.134 10.403 44.465 9.806
64 5 2 46.027 10.403 44.358 9.806
65 5 2 45.920 10.422 44.251 9.824
66 5 2 45.812 10.440 44.144 9.842
67 5 2 45.705 10.440 44.036 9.843
68 5 2 45.598 10.458 43.929 9.861
69 5 2 45.491 10.476 43.822 9.879
70 5 2 45.384 10.477 43.715 9.879
71 5 2 45.277 10.477 43.607 9.879
72 5 2 45.170 10.477 43.500 9.879
73 5 2 45.063 10.495 43.393 9.898
74 5 2 44.590 10.505 42.838 9.899
75 5 2 44.313 10.578 42.820 9.872
76 5 2 44.241 10.596 42.704 9.890
77 5 2 44.098 10.578 42.552 9.908
78 5 2 43.938 10.552 42.409 9.891
79 5 2 43.839 10.588 42.382 9.909
80 5 2 43.777 10.552 42.230 9.873
81 5 2 43.723 10.561 42.185 9.864
82 5 2 43.571 10.588 42.024 9.891
83 5 2 43.410 10.589 41.844 9.910
84 5 2 43.428 10.607 41.629 9.955
85 5 2 43.213 10.625 41.710 9.874
86 5 2 43.169 10.616 41.629 9.856
87 5 2 43.061 10.563 41.495 9.856
88 5 2 42.990 10.500 41.316 9.830
89 5 2 42.954 10.536 41.181 9.875
90 5 2 42.856 10.500 41.289 9.902
91 5 2 42.524 10.555 41.092 9.848
92 5 2 42.462 10.600 41.011 9.875
93 5 2 42.363 10.591 40.814 9.876
94 5 2 42.256 10.546 40.697 9.831
95 5 2 42.050 10.547 40.599 9.849
96 5 2 42.032 10.511 40.330 9.886
97 5 2 41.835 10.547 40.267 9.841
98 5 2 41.737 10.494 40.168 9.832
99 5 2 41.683 10.476 40.114 9.823
100 5 2 41.620 10.440 40.007 9.769
101 5 2 41.584 10.404 40.042 9.805
102 5 2 41.468 10.387 39.926 9.787
103 5 2 41.208 10.432 39.558 9.761
104 5 2 41.064 10.450 39.459 9.779
105 5 2 40.930 10.415 39.234 9.753
106 5 2 40.930 10.397 39.046 9.762
107 5 2 40.796 10.343 38.929 9.726
108 5 2 40.840 10.361 39.297 9.762
109 5 2 40.724 10.343 39.181 9.744
110 5 2 40.625 10.307 39.082 9.708
111 5 2 40.491 10.272 38.947 9.672
112 5 2 40.356 10.254 38.812 9.655
113 5 2 40.240 10.236 38.695 9.637
114 5 2 40.123 10.201 38.579 9.601
115 5 2 40.006 10.165 38.462 9.565
116 5 2 39.872 10.147 38.327 9.547
117 5 2 39.737 10.129 38.192 9.530
118 5 2 39.620 10.094 38.075 9.494
119 5 2 39.504 10.076 37.958 9.476
120 5 2 39.387 10.058 37.841 9.458
121 5 2 39.028 10.014 37.491 9.333
122 5 2 39.046 9.960 37.239 9.306
123 5 2 39.028 9.960 37.491 9.360
124 5 2 38.920 9.942 37.383 9.342
125 5 2 38.794 9.906 37.257 9.306
126 5 2 38.650 9.889 37.113 9.288
127 5 2 38.525 9.853 36.987 9.252
128 5 2 38.435 9.835 36.897 9.235
129 5 2 38.291 9.817 36.753 9.217
130 5 2 38.183 9.782 36.645 9.181
131 5 2 38.057 9.764 36.518 9.163
132 5 2 37.706 9.738 36.275 8.992
133 5 2 37.769 9.665 36.239 9.064
134 5 2 37.652 9.648 36.122 9.047
135 5 2 37.535 9.648 36.005 9.047
136 5 2 37.121 9.667 35.744 8.975
137 5 2 37.085 9.604 35.608 8.957
138 5 2 36.977 9.613 35.500 8.912
139 5 2 36.995 9.559 35.491 8.957
140 5 2 36.707 9.514 35.275 8.958
141 5 2 36.509 9.523 35.085 8.823
142 5 2 36.464 9.524 35.031 8.850
143 5 2 36.347 9.497 34.941 8.814
144 5 2 36.248 9.506 34.788 8.850
145 5 2 36.257 9.470 34.797 8.877
146 5 2 36.239 9.488 34.255 8.797
147 5 2 36.131 9.452 34.670 8.859
148 5 2 36.014 9.443 34.553 8.851
149 5 2 35.879 9.416 34.418 8.824
150 5 2 35.761 9.426 34.300 8.833
151 5 2 35.626 9.399 34.165 8.806
152 5 2 35.509 9.408 34.047 8.815
153 5 2 35.374 9.399 33.912 8.806
154 5 2 35.256 9.390 33.794 8.797
155 5 2 35.121 9.382 33.659 8.789
156 5 2 35.004 9.391 33.541 8.798
157 5 2 34.868 9.364 33.406 8.771
158 5 2 34.733 9.373 33.270 8.780
159 5 2 34.598 9.364 33.135 8.771
160 5 2 34.480 9.374 33.017 8.780
161 5 2 34.363 9.365 32.900 8.772
162 5 2 34.246 9.374 32.782 8.781
163 5 2 34.110 9.365 32.647 8.772
164 5 2 33.993 9.374 32.529 8.781
165 5 2 33.839 9.366 32.375 8.772
166 5 2 33.722 9.375 32.257 8.781
167 5 2 33.586 9.366 32.122 8.773
168 5 2 33.469 9.375 32.004 8.782
169 5 2 33.333 9.367 31.868 8.773
170 5 2 33.216 9.376 31.751 8.782
171 5 2 33.080 9.367 31.615 8.773
172 5 2 32.963 9.376 31.497 8.782
173 5 2 32.827 9.385 31.361 8.792
174 5 2 32.691 9.395 31.225 8.801
175 5 2 32.556 9.386 31.090 8.792
176 5 2 32.438 9.395 30.972 8.801
177 5 2 32.302 9.386 30.836 8.792
178 5 2 32.185 9.395 30.718 8.801
179 5 2 32.049 9.387 30.582 8.793
180 5 2 31.913 9.396 30.446 8.802
181 5 2 31.777 9.387 30.310 8.793
182 5 2 31.660 9.396 30.192 8.802
183 5 2 31.524 9.406 30.056 8.811
184 5 2 31.406 9.397 29.938 8.803
185 5 2 31.252 9.388 29.784 8.794
186 5 2 31.134 9.397 29.666 8.803
187 5 2 30.998 9.406 29.530 8.812
188 5 2 30.863 9.416 29.394 8.821
189 5 2 30.727 9.407 29.258 8.812
190 5 2 30.609 9.416 29.140 8.822
191 5 2 30.473 9.407 29.003 8.813
192 5 2 30.355 9.417 28.885 8.822
193 5 2 30.219 9.408 28.749 8.813
194 5 2 30.083 9.417 28.613 8.822
195 5 2 29.947 9.408 28.477 8.814
196 5 2 29.829 9.417 28.359 8.823
197 5 2 29.693 9.427 28.222 8.832
198 5 2 29.575 9.436 28.104 8.841
199 5 2 29.375 9.472 27.622 8.824
200 5 2 29.430 9.418 27.959 8.823
201 5 2 29.312 9.409 27.841 8.814
202 5 2 29.176 9.418 27.704 8.824
203 5 2 29.039 9.410 27.568 8.815
204 5 2 28.921 9.419 27.450 8.824
205 5 2 28.785 9.410 27.313 8.815
206 5 2 28.649 9.419 27.177 8.824
207 5 2 28.513 9.411 27.040 8.815
208 5 2 28.376 9.402 26.904 8.807
209 5 2 28.240 9.393 26.767 8.798
210 5 2 28.104 9.384 26.631 8.789
211 5 2 27.967 9.375 26.494 8.780
212 5 2 27.831 9.366 26.358 8.771
213 5 2 27.695 9.358 26.221 8.762
214 5 2 27.576 9.349 26.103 8.753
215 5 2 27.422 9.340 25.948 8.744
216 5 2 27.304 9.331 25.829 8.736
217 5 2 27.167 9.322 25.693 8.727
218 5 2 27.031 9.313 25.556 8.718
219 5 2 26.894 9.286 25.419 8.691
220 5 2 26.503 9.323 24.845 8.646
221 5 2 26.403 9.242 24.927 8.646
222 5 2 26.011 9.224 24.553 8.656
223 5 2 26.093 9.251 24.398 8.647
224 5 2 25.966 9.252 24.280 8.547
225 5 2 26.011 9.215 24.544 8.628
226 5 2 25.884 9.197 24.416 8.610
227 5 2 25.738 9.180 24.270 8.592
228 5 2 25.610 9.162 24.143 8.574
229 5 2 25.483 9.144 24.015 8.556
230 5 2 25.337 9.108 23.869 8.520
231 5 2 25.209 9.090 23.741 8.502
232 5 2 25.100 9.072 23.631 8.484
233 5 2 24.972 9.054 23.504 8.466
234 5 2 24.827 9.036 23.357 8.448
235 5 2 24.699 9.018 23.230 8.430
236 5 2 24.589 9.000 23.120 8.412
237 5 2 24.462 8.982 22.992 8.394
238 5 2 24.334 8.964 22.864 8.376
239 5 2 24.224 8.946 22.755 8.358
240 5 2 24.097 8.910 22.627 8.322
241 5 2 23.951 8.892 22.480 8.304
242 5 2 23.841 8.856 22.371 8.268
243 5 2 23.713 8.820 22.243 8.232
244 5 2 23.604 8.784 22.133 8.196
245 5 2 23.476 8.748 22.005 8.159
246 5 2 23.330 8.712 21.859 8.123
247 5 2 23.220 8.675 21.749 8.087
248 5 2 23.092 8.621 21.621 8.033
249 5 2 22.983 8.567 21.511 7.978
250 5 2 22.855 8.512 21.383 7.924
251 5 2 22.745 8.476 21.273 7.888
252 5 2 22.672 8.440 21.200 7.851
253 5 2 22.690 8.440 21.218 7.851
254 5 2 22.654 8.422 21.182 7.833
256 5 2 22.645 8.413 21.172 7.824
257 5 2 22.553 8.377 21.081 7.788
258 5 2 22.425 8.322 20.953 7.734
259 5 2 22.316 8.268 20.843 7.679
260 5 2 22.243 8.196 20.770 7.607
262 5 2 22.234 8.186 20.760 7.597
263 5 2 22.215 8.186 20.742 7.597
0 7 1 26.930 10.717 26.102 9.867
1 7 1 27.094 10.635 26.211 9.958
2 7 1 27.075 10.635 26.202 9.949
3 7 1 27.103 10.644 26.229 9.958
4 7 1 27.130 10.635 26.257 9.949
5 7 1 27.157 10.644 26.284 9.958
6 7 1 26.984 10.672 26.220 9.777
7 7 1 26.975 10.771 26.257 9.786
8 7 1 27.012 10.690 26.220 9.858
9 7 1 27.030 10.699 26.238 9.867
10 7 1 27.066 10.689 26.275 9.858
11 7 1 27.103 10.680 26.311 9.849
12 7 1 27.139 10.671 26.348 9.840
13 7 1 27.157 10.680 26.366 9.849
14 7 1 27.194 10.671 26.402 9.840
15 7 1 27.230 10.662 26.439 9.831
16 7 1 27.266 10.653 26.475 9.821
17 7 1 27.303 10.644 26.512 9.812
18 7 1 27.339 10.635 26.548 9.803
19 7 1 27.376 10.625 26.584 9.794
20 7 1 27.412 10.616 26.621 9.785
21 7 1 27.448 10.607 26.657 9.776
22 7 1 27.748 10.552 26.839 9.884
23 7 1 27.685 10.616 26.876 9.821
24 7 1 27.803 10.525 26.876 9.875
25 7 1 27.748 10.579 26.921 9.812
26 7 1 27.785 10.579 26.958 9.811
27 7 1 27.803 10.561 26.976 9.793
28 7 1 27.821 10.579 26.994 9.811
29 7 1 27.876 10.561 27.049 9.793
30 7 1 27.894 10.579 27.067 9.811
31 7 1 27.948 10.561 27.121 9.793
32 7 1 27.967 10.561 27.140 9.793
33 7 1 28.003 10.561 27.176 9.793
34 7 1 28.012 10.588 27.240 9.811
35 7 1 28.030 10.579 27.212 9.811
36 7 1 28.057 10.579 27.240 9.811
37 7 1 28.103 10.579 27.285 9.811
38 7 1 28.130 10.597 27.312 9.829
39 7 1 28.176 10.615 27.358 9.847
40 7 1 28.203 10.596 27.385 9.829
41 7 1 28.248 10.632 27.431 9.865
42 7 1 28.276 10.632 27.458 9.865
43 7 1 28.303 10.650 27.485 9.883
44 7 1 28.330 10.632 27.512 9.865
45 7 1 28.375 10.650 27.558 9.883
46 7 1 28.403 10.650 27.585 9.883
47 7 1 28.385 10.578 27.694 9.901
48 7 1 28.475 10.704 27.731 9.837
49 7 1 28.439 10.596 27.785 9.919
50 7 1 28.494 10.632 27.722 9.882
51 7 1 28.530 10.632 27.758 9.882
52 7 1 28.548 10.632 27.776 9.882
53 7 1 28.584 10.632 27.813 9.882
54 7 1 28.621 10.632 27.849 9.882
55 7 1 28.675 10.631 27.903 9.882
56 7 1 28.712 10.613 27.940 9.864
57 7 1 28.748 10.613 27.976 9.864
58 7 1 28.784 10.613 28.013 9.864
59 7 1 28.821 10.613 28.049 9.864
60 7 1 29.057 10.585 28.022 9.828
61 7 1 28.930 10.577 28.140 9.827
62 7 1 28.966 10.577 28.176 9.827
63 7 1 29.048 10.631 28.149 9.809
64 7 1 28.993 10.595 28.203 9.845
65 7 1 29.011 10.595 28.222 9.845
66 7 1 29.048 10.613 28.258 9.863
67 7 1 29.066 10.613 28.276 9.863
68 7 1 29.084 10.631 28.294 9.881
69 7 1 29.102 10.631 28.312 9.881
70 7 1 29.120 10.649 28.331 9.899
71 7 1 29.138 10.649 28.349 9.899
72 7 1 29.157 10.667 28.367 9.917
73 7 1 29.193 10.666 28.403 9.917
74 7 1 29.211 10.685 28.421 9.935
75 7 1 29.229 10.684 28.440 9.935
76 7 1 29.247 10.703 28.458 9.953
77 7 1 29.265 10.721 28.476 9.972
78 7 1 29.284 10.739 28.494 9.990
79 7 1 29.302 10.757 28.512 10.008
80 7 1 29.302 10.775 28.512 10.026
81 7 1 29.320 10.793 28.530 10.044
82 7 1 29.338 10.793 28.549 10.044
83 7 1 29.356 10.811 28.567 10.062
84 7 1 29.356 10.829 28.567 10.080
85 7 1 29.374 10.847 28.585 10.098
86 7 1 29.392 10.865 28.603 10.116
87 7 1 29.411 10.883 28.621 10.134
88 7 1 29.411 10.901 28.621 10.152
89 7 1 29.429 10.919 28.639 10.170
90 7 1 29.447 10.937 28.657 10.188
91 7 1 29.465 10.955 28.676 10.206
92 7 1 29.483 10.973 28.694 10.224
93 7 1 29.501 10.991 28.712 10.242
94 7 1 29.519 11.009 28.730 10.260
95 7 1 29.537 11.027 28.748 10.279
96 7 1 29.556 11.045 28.766 10.297
97 7 1 29.574 11.082 28.784 10.333
98 7 1 29.592 11.100 28.803 10.351
99 7 1 29.628 11.118 28.839 10.369
100 7 1 29.646 11.154 28.857 10.405
101 7 1 29.664 11.172 28.875 10.423
102 7 1 29.683 11.190 28.893 10.441
103 7 1 29.701 11.208 28.912 10.459
104 7 1 29.719 11.226 28.930 10.477
105 7 1 29.737 11.244 28.948 10.495
106 7 1 29.755 11.262 28.966 10.513
107 7 1 29.773 11.280 28.984 10.531
108 7 1 29.791 11.298 29.002 10.549
109 7 1 29.809 11.316 29.020 10.567
110 7 1 29.828 11.352 29.039 10.604
111 7 1 29.828 11.370 29.039 10.622
112 7 1 29.846 11.388 29.057 10.640
113 7 1 29.864 11.406 29.075 10.658
114 7 1 29.882 11.424 29.093 10.676
115 7 1 29.900 11.460 29.111 10.712
116 7 1 29.900 11.478 29.111 10.730
117 7 1 29.918 11.515 29.129 10.766
118 7 1 29.936 11.533 29.147 10.784
119 7 1 29.954 11.569 29.165 10.820
120 7 1 29.973 11.587 29.184 10.838
121 7 1 29.991 11.605 29.202 10.856
122 7 1 29.991 11.623 29.202 10.874
123 7 1 30.009 11.641 29.220 10.892
124 7 1 30.027 11.659 29.238 10.911
125 7 1 30.045 11.677 29.256 10.929
126 7 1 30.063 11.695 29.274 10.947
127 7 1 30.081 11.695 29.292 10.947
128 7 1 30.099 11.713 29.311 10.965
129 7 1 30.136 11.713 29.347 10.965
130 7 1 30.154 11.731 29.365 10.983
131 7 1 30.190 11.731 29.401 10.982
132 7 1 30.208 11.731 29.420 10.982
133 7 1 30.245 11.749 29.456 11.000
134 7 1 30.281 11.749 29.492 11.000
135 7 1 30.317 11.748 29.528 11.000
136 7 1 30.353 11.748 29.565 11.000
137 7 1 30.408 11.748 29.619 11.000
138 7 1 30.444 11.748 29.655 11.000
139 7 1 30.480 11.748 29.692 11.000
140 7 1 30.517 11.748 29.728 11.000
141 7 1 30.553 11.748 29.764 11.000
142 7 1 30.589 11.748 29.801 11.000
143 7 1 30.625 11.748 29.837 10.999
144 7 1 30.643 11.748 29.855 10.999
145 7 1 30.680 11.747 29.891 10.999
146 7 1 30.716 11.747 29.928 10.999
147 7 1 30.734 11.765 29.946 11.017
148 7 1 30.770 11.765 29.982 11.017
149 7 1 30.807 11.765 30.018 11.017
150 7 1 30.843 11.765 30.055 11.017
151 7 1 30.879 11.765 30.091 11.017
152 7 1 30.915 11.765 30.127 11.017
153 7 1 30.952 11.765 30.163 11.017
154 7 1 31.006 11.783 30.218 11.035
155 7 1 31.042 11.782 30.254 11.035
156 7 1 31.078 11.782 30.290 11.035
157 7 1 31.133 11.800 30.345 11.052
158 7 1 31.305 11.718 30.263 11.016
159 7 1 31.169 11.755 30.281 11.035
160 7 1 31.124 11.755 30.327 11.025
161 7 1 31.151 11.755 30.354 11.025
162 7 1 31.196 11.737 30.399 11.007
163 7 1 31.205 11.737 30.408 11.007
164 7 1 31.251 11.737 30.454 11.007
165 7 1 31.278 11.719 30.481 10.989
166 7 1 31.323 11.718 30.526 10.989
167 7 1 31.350 11.718 30.553 10.989
168 7 1 31.395 11.700 30.599 10.970
169 7 1 31.423 11.682 30.626 10.952
170 7 1 31.468 11.682 30.671 10.952
171 7 1 31.495 11.664 30.698 10.934
172 7 1 31.559 11.646 30.762 10.916
173 7 1 31.586 11.645 30.789 10.916
174 7 1 31.631 11.627 30.834 10.898
175 7 1 31.676 11.609 30.880 10.879
176 7 1 31.722 11.609 30.925 10.879
177 7 1 31.749 11.591 30.952 10.861
178 7 1 31.794 11.591 30.997 10.861
179 7 1 31.821 11.573 31.025 10.843
180 7 1 31.848 11.572 31.052 10.843
181 7 1 31.875 11.554 31.079 10.825
182 7 1 31.921 11.554 31.124 10.825
183 7 1 31.948 11.536 31.152 10.806
184 7 1 31.975 11.536 31.179 10.806
185 7 1 32.002 11.536 31.206 10.806
186 7 1 32.047 11.518 31.251 10.788
187 7 1 32.057 11.518 31.260 10.788
188 7 1 32.102 11.499 31.306 10.770
189 7 1 32.129 11.499 31.333 10.770
190 7 1 32.156 11.481 31.360 10.752
191 7 1 32.183 11.481 31.387 10.752
192 7 1 32.228 11.481 31.432 10.752
193 7 1 32.256 11.463 31.460 10.733
194 7 1 32.301 11.463 31.505 10.733
195 7 1 32.328 11.463 31.532 10.733
196 7 1 32.373 11.445 31.577 10.715
197 7 1 32.382 11.445 31.586 10.715
198 7 1 32.428 11.426 31.632 10.697
199 7 1 32.608 11.507 31.785 10.742
200 7 1 32.581 11.480 31.785 10.751
201 7 1 32.608 11.462 31.813 10.733
202 7 1 32.618 11.462 31.822 10.733
203 7 1 32.663 11.444 31.867 10.714
204 7 1 32.672 11.426 31.876 10.696
205 7 1 32.663 11.489 31.967 10.588
206 7 1 32.735 11.471 31.994 10.543
207 7 1 32.753 11.371 31.976 10.642
208 7 1 32.780 11.353 32.003 10.624
209 7 1 32.726 11.335 32.120 10.606
210 7 1 32.753 11.317 32.148 10.587
211 7 1 32.780 11.299 32.175 10.569
212 7 1 32.826 11.281 32.220 10.551
213 7 1 32.853 11.497 32.139 10.551
214 7 1 32.798 11.380 32.193 10.651
215 7 1 32.826 11.362 32.220 10.632
216 7 1 32.853 11.344 32.247 10.614
217 7 1 32.880 11.326 32.274 10.596
218 7 1 32.907 11.308 32.301 10.578
219 7 1 32.934 11.299 32.329 10.569
220 7 1 33.043 11.307 32.401 10.388
221 7 1 33.016 11.217 32.410 10.488
222 7 1 33.043 11.208 32.437 10.478
223 7 1 33.151 11.199 32.446 10.298
224 7 1 33.097 11.118 32.492 10.388
225 7 1 33.124 11.109 32.519 10.379
226 7 1 33.160 11.100 32.555 10.370
227 7 1 33.187 11.090 32.582 10.361
228 7 1 33.224 11.090 32.618 10.361
229 7 1 33.260 11.081 32.654 10.352
230 7 1 33.296 11.081 32.691 10.351
231 7 1 33.739 11.152 32.664 10.216
232 7 1 33.684 11.125 32.736 10.243
233 7 1 33.684 11.152 32.781 10.225
234 7 1 33.648 11.017 32.709 10.189
235 7 1 33.296 11.045 32.691 10.315
236 7 1 33.540 11.026 32.754 10.207
237 7 1 33.558 10.999 32.817 10.198
238 7 1 33.594 11.008 32.908 10.098
239 7 1 33.585 11.008 32.935 10.152
240 7 1 33.612 11.017 32.989 10.125
241 7 1 33.630 11.035 32.998 10.152
242 7 1 33.657 11.026 32.989 10.170
243 7 1 33.621 10.963 33.016 10.233
244 7 1 33.856 11.080 33.089 10.071
245 7 1 33.639 10.945 33.034 10.215
246 7 1 33.667 10.936 33.061 10.206
247 7 1 33.703 10.927 33.098 10.197
248 7 1 34.037 11.061 33.233 10.053
249 7 1 33.730 10.909 33.125 10.179
250 7 1 33.757 10.900 33.152 10.170
251 7 1 34.037 11.079 33.288 10.061
252 7 1 34.055 11.034 33.297 10.052
253 7 1 33.775 10.881 33.170 10.152
254 7 1 33.811 10.872 33.206 10.143
255 7 1 34.100 10.854 33.423 10.133
256 7 1 34.245 11.007 33.432 10.016
257 7 1 34.245 10.952 33.541 10.043
258 7 1 34.254 10.998 33.532 10.061
259 7 1 34.263 10.961 33.613 10.061
260 7 1 34.308 10.934 33.640 10.043
261 7 1 34.344 10.934 33.676 10.043
262 7 1 34.308 10.844 33.703 10.124
263 7 1 34.335 10.835 33.730 10.115
