0 0 1 38.622 10.708 37.622 10.067
1 0 1 38.656 10.725 37.605 10.058
2 0 1 38.664 10.725 37.614 10.058
3 0 1 38.672 10.725 37.622 10.058
4 0 1 38.664 10.725 37.614 10.058
5 0 1 38.672 10.725 37.622 10.058
6 0 1 38.664 10.725 37.614 10.058
7 0 1 38.672 10.725 37.622 10.058
8 0 1 38.664 10.725 37.614 10.058
9 0 1 38.672 10.725 37.622 10.058
10 0 1 38.664 10.725 37.614 10.058
11 0 1 38.672 10.725 37.622 10.058
12 0 1 38.664 10.709 37.614 10.042
13 0 1 38.672 10.692 37.622 10.025
14 0 1 38.664 10.709 37.614 10.042
15 0 1 38.672 10.692 37.622 10.025
16 0 1 38.664 10.709 37.614 10.042
17 0 1 38.672 10.692 37.622 10.025
18 0 1 38.664 10.709 37.614 10.042
19 0 1 38.672 10.692 37.622 10.025
20 0 1 38.664 10.709 37.614 10.042
21 0 1 38.672 10.692 37.622 10.025
22 0 1 38.664 10.709 37.614 10.042
23 0 1 38.672 10.692 37.622 10.025
24 0 1 38.664 10.709 37.614 10.042
25 0 1 38.672 10.692 37.622 10.025
26 0 1 38.722 10.701 37.756 9.951
27 0 1 38.739 10.676 37.722 9.984
28 0 1 38.739 10.668 37.722 9.976
29 0 1 38.822 10.685 37.805 9.977
30 0 1 38.814 10.677 37.797 9.985
31 0 1 38.814 10.668 37.797 9.977
32 0 1 38.814 10.660 37.797 9.968
33 0 1 38.814 10.668 37.797 9.977
34 0 1 38.814 10.660 37.797 9.968
35 0 1 38.814 10.668 37.797 9.977
36 0 1 38.797 10.660 37.781 9.968
37 0 1 38.797 10.668 37.781 9.976
38 0 1 38.780 10.660 37.764 9.968
39 0 1 38.780 10.668 37.764 9.976
40 0 1 38.764 10.660 37.747 9.968
41 0 1 38.764 10.668 37.747 9.976
42 0 1 38.747 10.659 37.731 9.968
43 0 1 38.747 10.668 37.731 9.976
44 0 1 38.731 10.659 37.714 9.968
45 0 1 38.714 10.668 37.698 9.976
46 0 1 38.697 10.659 37.681 9.967
47 0 1 38.681 10.684 37.664 9.992
48 0 1 38.664 10.675 37.648 9.984
49 0 1 38.647 10.684 37.631 9.992
50 0 1 38.631 10.692 37.614 10.000
51 0 1 38.614 10.700 37.598 10.008
52 0 1 38.598 10.708 37.581 10.016
53 0 1 38.581 10.733 37.564 10.041
54 0 1 38.564 10.725 37.548 10.033
55 0 1 38.531 10.749 37.514 10.057
56 0 1 38.514 10.757 37.497 10.066
57 0 1 38.497 10.766 37.481 10.074
58 0 1 38.481 10.774 37.464 10.082
59 0 1 38.464 10.782 37.447 10.090
60 0 1 38.447 10.790 37.431 10.098
61 0 1 38.364 10.806 37.580 10.183
62 0 1 38.372 10.840 37.530 10.191
63 0 1 38.323 10.848 37.530 10.191
64 0 1 38.289 10.839 37.471 10.199
65 0 1 38.298 10.856 37.455 10.198
66 0 1 38.273 10.822 37.471 10.265
67 0 1 38.248 10.839 37.388 10.190
68 0 1 38.165 10.846 37.289 10.205
69 0 1 38.140 10.829 37.205 10.213
70 0 1 38.115 10.837 37.239 10.205
71 0 1 38.074 10.804 37.122 10.296
72 0 1 38.040 10.829 37.130 10.304
73 0 1 37.916 10.811 37.106 10.229
74 0 1 37.949 10.828 37.081 10.220
75 0 1 37.916 10.819 37.047 10.212
76 0 1 37.974 10.778 36.997 10.253
77 0 1 37.916 10.811 37.047 10.212
78 0 1 37.882 10.811 37.014 10.211
79 0 1 37.783 10.776 37.089 10.245
80 0 1 37.957 10.803 36.856 10.202
81 0 1 37.841 10.802 36.873 10.202
82 0 1 37.858 10.777 36.848 10.185
83 0 1 37.783 10.776 36.915 10.185
84 0 1 37.683 10.750 36.948 10.227
85 0 1 37.725 10.793 36.831 10.218
86 0 1 37.691 10.784 36.790 10.209
87 0 1 37.617 10.800 36.757 10.192
88 0 1 37.500 10.791 36.599 10.183
89 0 1 37.550 10.783 36.523 10.215
90 0 1 37.484 10.790 36.390 10.231
91 0 1 37.442 10.798 36.290 10.230
92 0 1 37.417 10.807 36.199 10.238
93 0 1 37.467 10.807 36.182 10.221
94 0 1 37.392 10.798 36.157 10.254
95 0 1 37.376 10.790 36.166 10.221
96 0 1 37.359 10.789 36.182 10.221
97 0 1 37.243 10.747 36.224 10.229
98 0 1 37.276 10.789 36.215 10.263
99 0 1 37.193 10.763 36.224 10.246
100 0 1 37.193 10.755 36.232 10.229
101 0 1 37.143 10.746 36.224 10.196
102 0 1 37.076 10.754 36.199 10.204
103 0 1 36.985 10.736 36.199 10.179
104 0 1 36.968 10.744 36.191 10.196
105 0 1 36.985 10.761 36.158 10.187
106 0 1 36.927 10.761 36.116 10.203
107 0 1 36.893 10.769 35.974 10.202
108 0 1 36.844 10.735 35.816 10.176
109 0 1 36.769 10.734 35.733 10.167
110 0 1 36.752 10.734 35.667 10.149
111 0 1 36.702 10.751 35.650 10.166
112 0 1 36.685 10.767 35.633 10.174
113 0 1 36.644 10.683 35.817 10.159
114 0 1 36.744 10.759 35.600 10.191
115 0 1 36.595 10.666 35.767 10.142
116 0 1 36.594 10.716 35.609 10.141
117 0 1 36.486 10.724 35.584 10.115
118 0 1 36.477 10.749 35.601 10.082
119 0 1 36.378 10.731 35.567 10.115
120 0 1 36.328 10.706 35.551 10.098
121 0 1 36.303 10.705 35.526 10.098
122 0 1 36.320 10.697 35.492 10.098
123 0 1 36.270 10.722 35.401 10.105
124 0 1 36.311 10.722 35.276 10.113
125 0 1 36.161 10.729 35.092 10.103
126 0 1 36.095 10.729 35.009 10.102
127 0 1 36.212 10.646 35.409 10.122
128 0 1 36.170 10.646 35.367 10.122
129 0 1 36.003 10.711 34.959 10.127
130 0 1 36.003 10.703 34.934 10.143
131 0 1 36.104 10.637 35.301 10.113
132 0 1 35.928 10.761 34.892 10.184
133 0 1 36.054 10.628 35.251 10.104
0 2 1 39.274 9.973 38.523 9.409
1 2 1 39.299 9.990 38.515 9.401
2 2 1 39.299 9.990 38.515 9.401
3 2 1 39.299 9.990 38.515 9.401
4 2 1 39.299 9.990 38.515 9.401
5 2 1 39.299 9.990 38.515 9.401
6 2 1 39.299 9.990 38.515 9.401
7 2 1 39.299 9.990 38.515 9.401
8 2 1 39.299 9.990 38.515 9.401
9 2 1 39.307 9.990 38.523 9.401
10 2 1 39.299 9.990 38.515 9.401
11 2 1 39.307 9.990 38.523 9.401
12 2 1 39.299 9.990 38.515 9.401
13 2 1 39.307 9.990 38.523 9.401
14 2 1 39.299 9.990 38.515 9.401
15 2 1 39.307 9.990 38.523 9.401
16 2 1 39.299 9.990 38.515 9.401
17 2 1 39.307 9.990 38.523 9.401
18 2 1 39.299 9.990 38.515 9.401
19 2 1 39.307 9.990 38.523 9.401
20 2 1 39.299 9.990 38.515 9.401
21 2 1 39.307 9.998 38.523 9.409
22 2 1 39.291 10.006 38.507 9.417
23 2 1 39.291 10.006 38.507 9.417
24 2 1 39.291 10.006 38.507 9.417
25 2 1 39.282 10.015 38.498 9.425
26 2 1 39.291 10.031 38.507 9.442
27 2 1 39.274 10.040 38.490 9.450
28 2 1 39.266 10.048 38.482 9.458
29 2 1 39.274 10.073 38.490 9.483
30 2 1 39.257 10.081 38.473 9.492
31 2 1 39.249 10.106 38.465 9.517
32 2 1 39.249 10.114 38.464 9.525
33 2 1 39.240 10.139 38.456 9.550
34 2 1 39.232 10.156 38.448 9.566
35 2 1 39.232 10.172 38.448 9.583
36 2 1 39.223 10.189 38.439 9.599
37 2 1 39.215 10.205 38.431 9.616
38 2 1 39.215 10.222 38.431 9.633
39 2 1 39.215 10.230 38.431 9.641
40 2 1 39.206 10.247 38.422 9.658
41 2 1 39.190 10.255 38.405 9.666
42 2 1 39.206 10.255 38.422 9.666
43 2 1 39.198 10.264 38.414 9.674
44 2 1 39.206 10.272 38.422 9.683
45 2 1 39.198 10.272 38.414 9.682
46 2 1 39.206 10.272 38.422 9.683
47 2 1 39.198 10.272 38.414 9.682
48 2 1 39.198 10.272 38.414 9.682
49 2 1 39.198 10.272 38.414 9.682
50 2 1 39.190 10.272 38.405 9.682
51 2 1 39.181 10.272 38.397 9.682
52 2 1 39.181 10.280 38.397 9.691
53 2 1 39.165 10.288 38.380 9.699
54 2 1 39.156 10.288 38.372 9.699
55 2 1 39.156 10.297 38.372 9.707
56 2 1 39.148 10.313 38.364 9.724
57 2 1 39.139 10.321 38.355 9.732
58 2 1 39.123 10.321 38.339 9.732
59 2 1 39.098 10.338 38.314 9.748
60 2 1 39.090 10.346 38.305 9.756
61 2 1 39.081 10.371 38.297 9.781
62 2 1 39.073 10.379 38.288 9.789
63 2 1 39.048 10.404 38.263 9.814
64 2 1 39.031 10.412 38.247 9.822
65 2 1 39.014 10.445 38.230 9.856
66 2 1 38.989 10.462 38.205 9.872
67 2 1 38.964 10.486 38.180 9.897
68 2 1 38.956 10.495 38.171 9.905
69 2 1 38.931 10.519 38.146 9.930
70 2 1 38.922 10.528 38.138 9.938
71 2 1 38.881 10.552 38.096 9.963
72 2 1 38.831 10.519 38.080 9.954
73 2 1 38.797 10.610 38.079 9.996
74 2 1 38.715 10.576 38.029 10.045
75 2 1 38.748 10.593 38.004 10.020
76 2 1 38.723 10.601 37.980 10.028
77 2 1 38.706 10.626 37.963 10.053
78 2 1 38.681 10.626 37.938 10.053
79 2 1 38.648 10.634 37.905 10.061
80 2 1 38.615 10.650 37.871 10.077
81 2 1 38.581 10.658 37.838 10.085
82 2 1 38.548 10.658 37.805 10.085
83 2 1 38.515 10.666 37.771 10.093
84 2 1 38.490 10.682 37.746 10.109
85 2 1 38.465 10.682 37.721 10.109
86 2 1 38.432 10.690 37.688 10.117
87 2 1 38.306 10.789 37.605 10.175
88 2 1 38.356 10.748 37.680 10.150
89 2 1 38.373 10.731 37.646 10.158
90 2 1 38.381 10.806 37.521 10.199
91 2 1 38.257 10.772 37.671 10.192
92 2 1 38.223 10.797 37.621 10.192
93 2 1 38.248 10.847 37.305 10.172
94 2 1 38.240 10.839 37.339 10.197
95 2 1 38.148 10.804 37.430 10.232
96 2 1 38.115 10.821 37.289 10.205
97 2 1 38.082 10.812 37.264 10.180
98 2 1 38.073 10.820 37.222 10.196
99 2 1 38.040 10.820 37.172 10.213
100 2 1 38.032 10.837 37.164 10.213
101 2 1 37.957 10.811 37.238 10.238
102 2 1 37.924 10.819 37.205 10.246
103 2 1 37.882 10.877 37.089 10.262
104 2 1 37.841 10.852 37.122 10.279
105 2 1 37.816 10.852 37.038 10.295
106 2 1 37.774 10.851 37.022 10.303
107 2 1 37.732 10.859 37.063 10.287
108 2 1 37.682 10.876 36.980 10.269
109 2 1 37.732 10.893 36.931 10.219
110 2 1 37.674 10.892 37.022 10.286
111 2 1 37.674 10.892 36.806 10.243
112 2 1 37.632 10.900 36.765 10.226
113 2 1 37.558 10.891 36.424 10.231
114 2 1 37.516 10.891 36.457 10.198
115 2 1 37.533 10.824 36.839 10.268
116 2 1 37.441 10.890 36.499 10.190
117 2 1 37.433 10.890 36.465 10.190
118 2 1 37.375 10.898 36.507 10.182
119 2 1 37.358 10.898 36.416 10.189
120 2 1 37.292 10.806 36.598 10.249
121 2 1 37.341 10.923 36.482 10.165
122 2 1 37.250 10.897 36.349 10.205
123 2 1 37.208 10.888 36.374 10.189
124 2 1 37.225 10.938 36.432 10.173
125 2 1 37.167 10.830 36.473 10.273
126 2 1 37.192 10.888 36.424 10.231
127 2 1 37.142 10.871 36.274 10.196
128 2 1 37.059 10.829 36.357 10.231
129 2 1 37.018 10.803 36.240 10.263
130 2 1 36.959 10.928 36.008 10.194
131 2 1 36.926 10.878 35.941 10.169
132 2 1 36.885 10.827 35.974 10.194
133 2 1 36.852 10.785 35.933 10.169
0 3 1 40.229 9.765 39.405 8.968
1 3 1 40.253 9.790 39.397 8.960
2 3 1 40.311 9.849 39.289 8.951
3 3 1 40.303 9.841 39.297 8.951
4 3 1 40.294 9.832 39.289 8.942
5 3 1 40.270 9.824 39.264 8.934
6 3 1 40.278 9.832 39.273 8.942
7 3 1 40.270 9.824 39.264 8.934
8 3 1 40.261 9.832 39.256 8.942
9 3 1 40.253 9.824 39.248 8.934
10 3 1 40.245 9.815 39.240 8.925
11 3 1 40.237 9.807 39.231 8.917
12 3 1 40.228 9.815 39.223 8.925
13 3 1 40.220 9.807 39.215 8.917
14 3 1 40.212 9.815 39.206 8.925
15 3 1 40.204 9.807 39.198 8.916
16 3 1 40.195 9.815 39.190 8.925
17 3 1 40.187 9.806 39.182 8.916
18 3 1 40.179 9.815 39.173 8.925
19 3 1 40.154 9.806 39.148 8.916
20 3 1 40.146 9.814 39.140 8.924
21 3 1 40.137 9.823 39.132 8.932
22 3 1 40.129 9.831 39.123 8.941
23 3 1 40.104 9.822 39.099 8.932
24 3 1 40.096 9.831 39.090 8.940
25 3 1 40.071 9.822 39.065 8.932
26 3 1 40.063 9.830 39.057 8.940
27 3 1 40.054 9.839 39.049 8.948
28 3 1 40.046 9.847 39.040 8.957
29 3 1 40.021 9.838 39.016 8.948
30 3 1 40.013 9.847 39.007 8.956
31 3 1 40.004 9.855 38.999 8.964
32 3 1 39.996 9.863 38.991 8.973
33 3 1 39.988 9.855 38.982 8.964
34 3 1 39.980 9.863 38.974 8.973
35 3 1 39.971 9.871 38.966 8.981
36 3 1 39.963 9.879 38.957 8.989
37 3 1 39.955 9.871 38.949 8.981
38 3 1 39.946 9.879 38.941 8.989
39 3 1 39.938 9.871 38.933 8.980
40 3 1 39.930 9.879 38.924 8.989
41 3 1 39.922 9.871 38.916 8.980
42 3 1 39.913 9.879 38.908 8.989
43 3 1 39.905 9.887 38.899 8.997
44 3 1 39.913 9.896 38.908 9.005
45 3 1 39.905 9.887 38.899 8.997
46 3 1 39.897 9.895 38.891 9.005
47 3 1 39.888 9.887 38.883 8.997
48 3 1 39.897 9.895 38.891 9.005
49 3 1 39.888 9.887 38.883 8.997
50 3 1 39.896 9.912 38.891 9.022
51 3 1 39.872 9.903 38.866 9.013
52 3 1 39.880 9.912 38.874 9.021
53 3 1 39.872 9.903 38.866 9.013
54 3 1 39.880 9.912 38.874 9.021
55 3 1 39.855 9.920 38.849 9.030
56 3 1 39.863 9.928 38.858 9.038
57 3 1 39.855 9.920 38.849 9.030
58 3 1 39.847 9.928 38.841 9.038
59 3 1 39.838 9.920 38.833 9.029
60 3 1 39.847 9.945 38.841 9.054
61 3 1 39.838 9.936 38.833 9.046
62 3 1 39.830 9.945 38.824 9.054
63 3 1 39.822 9.936 38.816 9.046
64 3 1 39.813 9.961 38.808 9.071
65 3 1 39.805 9.953 38.799 9.062
66 3 1 39.797 9.978 38.791 9.087
67 3 1 39.788 9.969 38.783 9.079
68 3 1 39.780 9.994 38.774 9.104
69 3 1 39.772 10.002 38.766 9.112
70 3 1 39.763 10.011 38.758 9.120
71 3 1 39.738 10.019 38.733 9.128
72 3 1 39.730 10.044 38.724 9.153
73 3 1 39.705 10.035 38.699 9.144
74 3 1 39.697 10.060 38.691 9.169
75 3 1 39.672 10.068 38.666 9.177
76 3 1 39.663 10.076 38.658 9.186
77 3 1 39.638 10.084 38.633 9.194
78 3 1 39.630 10.109 38.624 9.219
79 3 1 39.605 10.117 38.599 9.227
80 3 1 39.597 10.126 38.591 9.235
81 3 1 39.572 10.134 38.566 9.243
82 3 1 39.563 10.159 38.558 9.268
83 3 1 39.539 10.150 38.533 9.259
84 3 1 39.530 10.175 38.524 9.284
85 3 1 39.522 10.183 38.516 9.292
86 3 1 39.513 10.191 38.508 9.301
87 3 1 39.489 10.200 38.483 9.309
88 3 1 39.480 10.224 38.474 9.334
89 3 1 39.455 10.233 38.449 9.342
90 3 1 39.447 10.257 38.441 9.367
91 3 1 39.422 10.266 38.416 9.375
92 3 1 39.413 10.290 38.407 9.400
93 3 1 39.388 10.299 38.382 9.408
94 3 1 39.380 10.323 38.374 9.432
95 3 1 39.355 10.348 38.349 9.457
96 3 1 39.347 10.373 38.340 9.482
97 3 1 39.322 10.381 38.315 9.490
98 3 1 39.313 10.423 38.307 9.532
99 3 1 39.288 10.431 38.282 9.540
100 3 1 39.280 10.456 38.273 9.565
101 3 1 39.255 10.464 38.248 9.573
102 3 1 39.246 10.489 38.240 9.598
103 3 1 39.221 10.497 38.215 9.606
104 3 1 39.213 10.522 38.207 9.631
105 3 1 39.188 10.513 38.182 9.622
106 3 1 39.180 10.538 38.173 9.647
107 3 1 39.155 10.546 38.148 9.655
108 3 1 39.146 10.555 38.140 9.663
109 3 1 39.121 10.563 38.115 9.671
110 3 1 39.113 10.571 38.107 9.680
111 3 1 39.088 10.579 38.082 9.688
112 3 1 39.080 10.587 38.073 9.696
113 3 1 39.038 10.579 38.032 9.687
114 3 1 39.030 10.587 38.023 9.696
115 3 1 39.005 10.578 37.999 9.687
116 3 1 38.980 10.586 37.974 9.695
117 3 1 38.955 10.595 37.949 9.703
118 3 1 38.930 10.586 37.924 9.695
119 3 1 38.889 10.594 37.882 9.703
120 3 1 38.864 10.585 37.857 9.694
121 3 1 38.823 10.577 37.816 9.685
122 3 1 38.798 10.577 37.791 9.685
123 3 1 38.756 10.576 37.749 9.685
124 3 1 38.731 10.568 37.725 9.676
125 3 1 38.690 10.559 37.683 9.668
126 3 1 38.665 10.567 37.658 9.676
127 3 1 38.624 10.542 37.617 9.650
128 3 1 38.599 10.550 37.592 9.658
129 3 1 38.574 10.541 37.567 9.650
130 3 1 38.549 10.549 37.542 9.658
131 3 1 38.507 10.541 37.501 9.649
132 3 1 38.499 10.532 37.492 9.641
133 3 1 38.458 10.524 37.451 9.632
0 4 1 38.691 12.870 37.939 12.146
1 4 1 38.717 12.753 37.930 12.238
2 4 1 38.709 12.712 37.947 12.255
3 4 1 38.675 12.728 37.922 12.238
4 4 1 38.683 12.770 37.914 12.221
5 4 1 38.675 12.728 37.889 12.254
6 4 1 38.683 12.770 37.905 12.213
7 4 1 38.667 12.753 37.914 12.221
8 4 1 38.675 12.770 37.906 12.204
9 4 1 38.575 12.803 37.972 12.188
10 4 1 38.634 12.745 37.905 12.221
11 4 1 38.542 12.719 37.964 12.238
12 4 1 38.583 12.794 37.773 12.137
13 4 1 38.542 12.719 37.831 12.212
14 4 1 38.534 12.719 37.822 12.212
15 4 1 38.517 12.710 37.806 12.204
16 4 1 38.501 12.702 37.789 12.195
17 4 1 38.492 12.710 37.781 12.203
18 4 1 38.484 12.693 37.773 12.187
19 4 1 38.459 12.693 37.748 12.186
20 4 1 38.451 12.693 37.739 12.186
21 4 1 38.426 12.685 37.714 12.178
22 4 1 38.409 12.684 37.698 12.178
23 4 1 38.385 12.684 37.673 12.178
24 4 1 38.351 12.676 37.640 12.169
25 4 1 38.326 12.659 37.615 12.152
26 4 1 38.310 12.650 37.598 12.144
27 4 1 38.285 12.650 37.573 12.143
28 4 1 38.243 12.641 37.532 12.135
29 4 1 38.227 12.625 37.515 12.118
30 4 1 38.194 12.616 37.482 12.109
31 4 1 38.169 12.616 37.457 12.109
32 4 1 38.127 12.607 37.415 12.100
33 4 1 38.111 12.590 37.399 12.084
34 4 1 38.086 12.582 37.374 12.075
35 4 1 38.053 12.581 37.341 12.075
36 4 1 38.019 12.573 37.307 12.066
37 4 1 37.994 12.564 37.283 12.058
38 4 1 37.970 12.547 37.299 12.108
39 4 1 37.911 12.539 37.282 12.091
40 4 1 37.903 12.530 37.307 12.100
41 4 1 37.986 12.548 37.150 12.031
42 4 1 37.919 12.580 37.083 12.089
43 4 1 37.853 12.572 37.157 12.090
44 4 1 37.828 12.571 37.132 12.090
45 4 1 37.795 12.563 37.099 12.081
46 4 1 37.770 12.563 37.074 12.081
47 4 1 37.745 12.562 37.049 12.081
48 4 1 37.703 12.562 37.008 12.081
49 4 1 37.678 12.562 36.983 12.080
50 4 1 37.637 12.562 36.941 12.080
51 4 1 37.603 12.561 36.908 12.080
52 4 1 37.570 12.561 36.874 12.080
53 4 1 37.545 12.578 36.575 12.086
54 4 1 37.579 12.528 36.650 12.028
55 4 1 37.462 12.519 36.750 12.037
56 4 1 37.429 12.518 36.717 12.037
57 4 1 37.387 12.577 36.567 12.052
58 4 1 37.387 12.610 36.575 12.060
59 4 1 37.370 12.652 36.617 12.044
60 4 1 37.328 12.593 36.550 12.052
61 4 1 37.237 12.592 36.583 12.035
62 4 1 37.262 12.551 36.558 12.069
63 4 1 37.237 12.550 36.533 12.069
64 4 1 37.204 12.550 36.500 12.068
65 4 1 37.179 12.550 36.475 12.068
66 4 1 37.146 12.550 36.441 12.068
67 4 1 37.112 12.541 36.408 12.059
68 4 1 37.079 12.541 36.375 12.059
69 4 1 37.062 12.641 36.067 12.015
70 4 1 37.037 12.532 36.333 12.050
71 4 1 37.004 12.532 36.300 12.050
72 4 1 36.963 12.523 36.258 12.041
73 4 1 36.921 12.523 36.217 12.041
74 4 1 36.888 12.514 36.183 12.032
75 4 1 36.846 12.514 36.142 12.032
76 4 1 36.854 12.564 36.008 12.073
77 4 1 36.795 12.581 36.041 12.073
78 4 1 36.771 12.564 36.066 12.082
79 4 1 36.737 12.563 36.033 12.081
80 4 1 36.629 12.588 35.950 12.039
81 4 1 36.612 12.579 35.958 12.022
82 4 1 36.570 12.654 35.950 12.031
83 4 1 36.554 12.604 35.925 12.022
84 4 1 36.487 12.620 35.841 12.055
85 4 1 36.462 12.628 35.783 12.046
86 4 1 36.453 12.637 35.700 11.979
87 4 1 36.412 12.594 35.641 12.070
88 4 1 36.354 12.569 35.691 12.087
89 4 1 36.321 12.569 35.658 12.087
90 4 1 36.279 12.568 35.616 12.087
91 4 1 36.237 12.576 35.574 12.095
92 4 1 36.204 12.576 35.541 12.094
93 4 1 36.162 12.576 35.499 12.094
94 4 1 36.112 12.584 35.449 12.102
95 4 1 36.070 12.584 35.407 12.102
96 4 1 36.037 12.592 35.374 12.110
97 4 1 36.003 12.600 35.341 12.118
98 4 1 35.962 12.599 35.299 12.118
99 4 1 35.920 12.608 35.257 12.126
100 4 1 35.895 12.607 35.232 12.125
101 4 1 35.853 12.607 35.190 12.125
102 4 1 35.828 12.607 35.165 12.125
103 4 1 35.795 12.598 35.132 12.116
104 4 1 35.762 12.598 35.099 12.116
105 4 1 35.737 12.598 35.074 12.116
107 4 1 35.728 12.589 35.065 12.107
108 4 1 35.695 12.589 35.032 12.107
109 4 1 35.662 12.589 34.999 12.107
110 4 1 35.620 12.589 34.957 12.107
111 4 1 35.595 12.588 34.932 12.106
112 4 1 35.545 12.588 34.882 12.106
113 4 1 35.503 12.588 34.840 12.106
114 4 1 35.470 12.587 34.807 12.105
115 4 1 35.428 12.579 34.765 12.097
116 4 1 35.386 12.578 34.723 12.096
117 4 1 35.353 12.578 34.690 12.096
118 4 1 35.320 12.578 34.656 12.096
119 4 1 35.278 12.578 34.615 12.096
120 4 1 35.236 12.577 34.573 12.095
121 4 1 35.211 12.586 34.548 12.104
122 4 1 35.178 12.585 34.514 12.103
123 4 1 35.144 12.585 34.481 12.103
124 4 1 35.119 12.585 34.456 12.103
125 4 1 35.078 12.585 34.414 12.102
127 4 1 35.069 12.576 34.406 12.094
128 4 1 35.036 12.576 34.373 12.094
129 4 1 35.003 12.576 34.339 12.094
130 4 1 34.969 12.575 34.306 12.093
131 4 1 34.936 12.575 34.272 12.093
132 4 1 34.894 12.575 34.231 12.093
133 4 1 34.852 12.575 34.189 12.092
0 5 1 38.669 13.589 37.993 12.815
1 5 1 38.694 13.615 37.984 12.807
2 5 1 38.694 13.615 37.984 12.807
3 5 1 38.694 13.615 37.984 12.807
4 5 1 38.694 13.615 37.984 12.807
5 5 1 38.694 13.615 37.984 12.807
6 5 1 38.694 13.615 37.984 12.807
7 5 1 38.694 13.615 37.984 12.807
8 5 1 38.686 13.615 37.976 12.807
9 5 1 38.694 13.598 37.984 12.790
10 5 1 38.694 13.598 37.984 12.790
11 5 1 38.694 13.598 37.984 12.790
12 5 1 38.694 13.598 37.984 12.790
13 5 1 38.678 13.598 37.968 12.790
14 5 1 38.678 13.573 37.968 12.765
15 5 1 38.678 13.581 37.968 12.773
16 5 1 38.678 13.581 37.968 12.773
17 5 1 38.653 13.581 37.943 12.773
18 5 1 38.644 13.598 37.935 12.790
19 5 1 38.628 13.597 37.918 12.789
20 5 1 38.628 13.589 37.918 12.781
21 5 1 38.611 13.597 37.901 12.789
22 5 1 38.595 13.597 37.885 12.789
23 5 1 38.570 13.597 37.860 12.789
24 5 1 38.561 13.597 37.851 12.789
25 5 1 38.528 13.580 37.818 12.772
26 5 1 38.503 13.580 37.793 12.772
27 5 1 38.478 13.580 37.768 12.772
28 5 1 38.428 13.579 37.718 12.771
29 5 1 38.387 13.579 37.677 12.771
30 5 1 38.362 13.562 37.652 12.754
31 5 1 38.329 13.562 37.619 12.754
32 5 1 38.287 13.562 37.577 12.754
33 5 1 38.245 13.545 37.535 12.737
34 5 1 38.212 13.544 37.502 12.736
35 5 1 38.179 13.519 37.469 12.711
36 5 1 38.146 13.527 37.436 12.719
37 5 1 38.129 13.527 37.419 12.719
38 5 1 38.087 13.527 37.377 12.719
39 5 1 38.062 13.527 37.352 12.718
40 5 1 38.029 13.526 37.319 12.718
41 5 1 37.987 13.526 37.277 12.718
42 5 1 37.963 13.526 37.252 12.718
43 5 1 37.929 13.526 37.219 12.717
44 5 1 37.887 13.542 37.177 12.734
45 5 1 37.862 13.542 37.152 12.734
46 5 1 37.829 13.558 37.119 12.750
47 5 1 37.771 13.575 37.061 12.766
48 5 1 37.746 13.575 37.036 12.766
49 5 1 37.696 13.591 36.985 12.783
50 5 1 37.654 13.582 36.944 12.774
51 5 1 37.629 13.591 36.919 12.782
52 5 1 37.579 13.590 36.869 12.782
53 5 1 37.521 13.607 36.810 12.798
54 5 1 37.495 13.623 36.785 12.815
55 5 1 37.462 13.640 36.752 12.831
56 5 1 37.420 13.631 36.710 12.823
57 5 1 37.412 13.639 36.702 12.831
58 5 1 37.395 13.639 36.685 12.831
59 5 1 37.354 13.631 36.644 12.822
60 5 1 37.329 13.639 36.618 12.830
61 5 1 37.295 13.639 36.585 12.830
62 5 1 37.254 13.630 36.543 12.821
63 5 1 37.212 13.638 36.502 12.829
64 5 1 37.179 13.638 36.468 12.829
65 5 1 37.120 13.629 36.410 12.820
66 5 1 37.095 13.637 36.385 12.829
67 5 1 37.045 13.637 36.335 12.828
68 5 1 37.004 13.628 36.293 12.819
69 5 1 36.962 13.636 36.252 12.828
70 5 1 36.912 13.636 36.202 12.827
71 5 1 36.854 13.610 36.143 12.802
72 5 1 36.829 13.619 36.118 12.810
73 5 1 36.795 13.618 36.085 12.810
74 5 1 36.754 13.610 36.043 12.801
75 5 1 36.729 13.618 36.018 12.809
76 5 1 36.695 13.634 35.985 12.826
77 5 1 36.654 13.626 35.943 12.817
78 5 1 36.628 13.634 35.918 12.825
79 5 1 36.595 13.634 35.885 12.825
80 5 1 36.554 13.625 35.843 12.816
81 5 1 36.528 13.633 35.818 12.824
82 5 1 36.478 13.633 35.768 12.824
83 5 1 36.420 13.624 35.710 12.815
84 5 1 36.395 13.649 35.684 12.840
85 5 1 36.345 13.649 35.634 12.840
86 5 1 36.303 13.657 35.593 12.848
87 5 1 36.261 13.665 35.551 12.856
88 5 1 36.228 13.665 35.517 12.856
89 5 1 36.170 13.656 35.459 12.847
90 5 1 36.144 13.664 35.434 12.855
91 5 1 36.094 13.681 35.384 12.872
92 5 1 36.078 13.672 35.367 12.863
93 5 1 36.061 13.680 35.350 12.871
94 5 1 36.044 13.680 35.334 12.871
95 5 1 36.003 13.672 35.292 12.862
96 5 1 35.977 13.680 35.267 12.871
97 5 1 35.944 13.663 35.234 12.854
98 5 1 35.903 13.654 35.192 12.845
99 5 1 35.861 13.662 35.150 12.853
100 5 1 35.827 13.645 35.117 12.836
101 5 1 35.794 13.637 35.084 12.827
102 5 1 35.761 13.628 35.050 12.819
103 5 1 35.727 13.628 35.017 12.819
104 5 1 35.669 13.602 34.959 12.793
105 5 1 35.644 13.611 34.934 12.801
106 5 1 35.586 13.593 34.875 12.784
107 5 1 35.561 13.568 34.850 12.759
108 5 1 35.511 13.576 34.800 12.767
109 5 1 35.478 13.559 34.767 12.750
110 5 1 35.444 13.551 34.734 12.741
111 5 1 35.411 13.559 34.700 12.749
112 5 1 35.377 13.558 34.667 12.749
113 5 1 35.336 13.550 34.625 12.740
114 5 1 35.311 13.558 34.600 12.749
115 5 1 35.277 13.541 34.567 12.732
116 5 1 35.236 13.532 34.525 12.723
117 5 1 35.211 13.541 34.500 12.731
118 5 1 35.152 13.540 34.441 12.731
119 5 1 35.127 13.532 34.417 12.722
120 5 1 35.077 13.540 34.366 12.730
121 5 1 35.027 13.539 34.316 12.730
122 5 1 34.994 13.531 34.283 12.721
123 5 1 34.943 13.539 34.233 12.729
124 5 1 34.910 13.539 34.199 12.729
125 5 1 34.852 13.530 34.141 12.720
126 5 1 34.826 13.538 34.116 12.728
127 5 1 34.768 13.538 34.057 12.728
128 5 1 34.743 13.529 34.032 12.719
129 5 1 34.709 13.537 33.999 12.727
130 5 1 34.693 13.537 33.982 12.727
131 5 1 34.651 13.528 33.940 12.719
132 5 1 34.626 13.537 33.915 12.727
133 5 1 34.592 13.536 33.882 12.727
0 6 2 19.026 10.863 17.238 10.241
1 6 2 19.076 10.880 17.205 10.232
2 6 2 19.263 10.865 17.392 10.217
3 6 2 19.237 10.907 17.926 10.255
4 6 2 19.280 10.899 17.867 10.255
5 6 2 19.475 10.884 18.063 10.240
6 6 2 19.687 10.885 18.275 10.242
7 6 2 19.882 10.887 18.470 10.243
8 6 2 20.400 10.841 18.854 10.146
9 6 2 20.647 10.809 19.126 10.139
10 6 2 20.850 10.794 19.227 10.182
11 6 2 21.020 10.804 19.439 10.184
12 6 2 21.045 10.812 19.593 10.135
13 6 2 21.062 10.787 19.558 10.152
14 6 2 21.266 10.781 19.762 10.145
15 6 2 21.469 10.774 19.966 10.138
16 6 2 21.673 10.750 20.169 10.115
17 6 2 21.876 10.744 20.373 10.108
18 6 2 22.383 10.748 20.831 10.045
19 6 2 22.578 10.741 21.043 10.030
20 6 2 22.790 10.692 21.145 10.039
21 6 2 22.714 10.683 21.204 10.040
22 6 2 23.246 10.721 21.561 9.967
23 6 2 23.222 10.654 21.815 9.970
24 6 2 23.264 10.637 21.763 9.986
25 6 2 23.687 10.599 22.204 9.948
26 6 2 23.806 10.575 22.356 9.941
27 6 2 23.814 10.583 22.331 9.940
28 6 2 24.017 10.568 22.534 9.925
29 6 2 24.220 10.536 22.737 9.894
30 6 2 24.423 10.521 22.940 9.879
31 6 2 24.626 10.506 23.143 9.864
32 6 2 24.828 10.474 23.346 9.832
33 6 2 25.048 10.459 23.566 9.817
34 6 2 25.267 10.444 23.786 9.802
35 6 2 25.453 10.413 23.972 9.770
36 6 2 25.672 10.398 24.191 9.755
37 6 2 25.858 10.382 24.377 9.740
38 6 2 26.389 10.345 24.851 9.661
39 6 2 26.583 10.330 24.994 9.679
40 6 2 26.777 10.298 25.289 9.639
41 6 2 27.038 10.284 25.441 9.607
42 6 2 27.164 10.243 25.585 9.583
43 6 2 27.106 10.234 25.627 9.592
44 6 2 27.719 10.222 25.955 9.578
45 6 2 27.838 10.182 26.174 9.597
46 6 2 27.988 10.225 26.486 9.491
47 6 2 28.409 10.145 26.478 9.491
48 6 2 27.956 10.166 26.469 9.533
49 6 2 28.166 10.143 26.680 9.510
50 6 2 28.359 10.119 26.873 9.486
51 6 2 28.569 10.096 27.084 9.463
52 6 2 28.780 10.073 27.294 9.440
53 6 2 28.989 10.066 27.504 9.433
54 6 2 29.200 10.043 27.715 9.410
55 6 2 29.410 10.019 27.925 9.387
56 6 2 29.619 9.996 28.135 9.364
57 6 2 29.829 9.973 28.345 9.341
58 6 2 30.022 9.950 28.539 9.317
59 6 2 30.249 9.943 28.765 9.311
60 6 2 30.442 9.920 28.958 9.288
61 6 2 30.668 9.897 29.185 9.265
62 6 2 30.878 9.874 29.395 9.242
63 6 2 31.087 9.867 29.604 9.235
64 6 2 31.280 9.827 29.798 9.195
65 6 2 31.506 9.821 30.024 9.189
66 6 2 31.698 9.797 30.217 9.166
67 6 2 31.908 9.774 30.426 9.142
68 6 2 32.117 9.751 30.636 9.119
69 6 2 32.326 9.728 30.845 9.096
70 6 2 32.519 9.704 31.038 9.073
71 6 2 32.987 9.592 31.516 9.002
72 6 2 32.971 9.608 31.499 8.986
73 6 2 33.171 9.593 31.700 8.971
74 6 2 33.613 9.647 32.218 8.926
75 6 2 33.630 9.589 32.168 8.967
76 6 2 33.822 9.558 32.360 8.935
77 6 2 34.014 9.526 32.553 8.904
78 6 2 34.223 9.495 32.762 8.872
79 6 2 34.682 9.482 33.121 8.784
80 6 2 34.615 9.440 33.154 8.818
81 6 2 34.999 9.443 33.640 8.689
82 6 2 35.232 9.395 33.857 8.666
83 6 2 35.440 9.422 33.957 8.609
84 6 2 35.583 9.299 34.215 8.603
85 6 2 35.708 9.241 34.349 8.604
86 6 2 35.733 9.233 34.307 8.612
87 6 2 35.925 9.202 34.499 8.581
88 6 2 36.116 9.187 34.691 8.566
89 6 2 36.324 9.156 34.899 8.534
90 6 2 36.516 9.124 35.091 8.503
91 6 2 36.890 9.111 35.525 8.366
92 6 2 37.223 9.072 35.724 8.376
93 6 2 37.165 9.030 35.749 8.410
94 6 2 37.348 9.015 35.932 8.395
95 6 2 37.547 8.984 36.132 8.363
96 6 2 37.938 8.929 36.531 8.259
97 6 2 37.921 8.904 36.515 8.284
98 6 2 38.112 8.890 36.706 8.269
99 6 2 38.303 8.875 36.897 8.255
100 6 2 38.511 8.860 37.105 8.240
101 6 2 38.701 8.845 37.296 8.225
102 6 2 38.909 8.831 37.503 8.211
103 6 2 39.099 8.816 37.694 8.196
104 6 2 39.307 8.818 37.902 8.198
105 6 2 39.497 8.820 38.092 8.200
106 6 2 39.704 8.822 38.300 8.202
107 6 2 39.894 8.823 38.490 8.204
108 6 2 40.085 8.825 38.681 8.206
109 6 2 40.275 8.844 38.871 8.224
110 6 2 40.482 8.862 39.078 8.243
111 6 2 40.903 8.991 39.476 8.247
112 6 2 41.192 9.068 39.492 8.247
113 6 2 40.862 8.916 39.459 8.296
114 6 2 41.052 8.934 39.649 8.315
115 6 2 41.242 8.969 39.839 8.350
116 6 2 41.432 8.987 40.030 8.368
117 6 2 41.622 9.022 40.220 8.403
118 6 2 41.812 9.057 40.410 8.438
119 6 2 42.002 9.092 40.600 8.473
120 6 2 42.175 9.127 40.773 8.508
121 6 2 42.382 9.162 40.980 8.543
122 6 2 42.555 9.214 41.153 8.595
123 6 2 42.745 9.249 41.343 8.630
124 6 2 42.934 9.300 41.533 8.681
125 6 2 43.453 9.487 41.937 8.776
126 6 2 43.379 9.429 41.978 8.810
127 6 2 43.553 9.463 42.152 8.845
128 6 2 43.742 9.515 42.341 8.896
129 6 2 43.932 9.550 42.531 8.931
130 6 2 44.105 9.601 42.704 8.983
131 6 2 44.294 9.669 42.894 9.051
132 6 2 44.467 9.720 43.067 9.102
133 6 2 44.656 9.755 43.257 9.137
0 8 1 39.112 12.038 38.552 11.333
1 8 1 39.128 12.063 38.560 11.333
2 8 1 39.128 12.063 38.552 11.358
3 8 1 39.095 12.021 38.552 11.316
4 8 1 39.095 12.013 38.494 11.283
5 8 1 39.062 11.988 38.519 11.249
6 8 1 39.062 12.004 38.478 11.224
7 8 1 39.096 11.955 38.336 11.273
8 8 1 39.004 11.962 38.428 11.257
9 8 1 38.988 11.954 38.411 11.248
10 8 1 38.963 11.979 38.403 11.198
11 8 1 38.930 11.978 38.387 11.198
12 8 1 38.921 11.978 38.362 11.198
13 8 1 38.921 11.970 38.362 11.198
14 8 1 38.913 11.937 38.353 11.223
15 8 1 38.897 11.928 38.337 11.215
16 8 1 38.897 11.928 38.270 11.197
17 8 1 38.863 11.919 38.303 11.206
18 8 1 38.897 11.920 38.212 11.163
19 8 1 38.830 11.919 38.221 11.172
20 8 1 38.806 11.894 38.204 11.172
21 8 1 38.839 11.903 38.220 11.189
22 8 1 38.789 11.844 38.236 11.280
23 8 1 38.789 11.911 38.229 11.214
24 8 1 38.772 11.910 38.212 11.213
25 8 1 38.756 11.910 38.195 11.213
26 8 1 38.739 11.910 38.179 11.213
27 8 1 38.714 11.910 38.154 11.213
28 8 1 38.689 11.910 38.129 11.213
29 8 1 38.672 11.918 38.112 11.221
30 8 1 38.647 11.918 38.087 11.221
31 8 1 38.614 11.926 38.054 11.229
32 8 1 38.589 11.934 38.029 11.237
33 8 1 38.564 11.934 38.004 11.237
34 8 1 38.506 11.975 38.005 11.153
35 8 1 38.531 11.917 37.979 11.220
36 8 1 38.506 11.925 37.954 11.228
37 8 1 38.481 11.933 37.929 11.236
38 8 1 38.373 11.899 37.854 11.311
39 8 1 38.390 11.949 37.846 11.261
40 8 1 38.365 11.957 37.821 11.269
41 8 1 38.348 11.966 37.804 11.277
42 8 1 38.331 11.965 37.788 11.277
43 8 1 38.306 11.965 37.763 11.277
44 8 1 38.273 11.965 37.729 11.276
45 8 1 38.248 11.973 37.704 11.284
46 8 1 38.231 11.981 37.688 11.293
47 8 1 38.207 11.973 37.663 11.284
48 8 1 38.173 11.981 37.629 11.292
49 8 1 38.140 11.972 37.596 11.284
50 8 1 38.107 11.972 37.563 11.283
51 8 1 38.074 11.972 37.530 11.283
52 8 1 38.049 11.972 37.505 11.283
53 8 1 38.024 11.963 37.480 11.274
54 8 1 37.982 11.954 37.438 11.266
55 8 1 37.957 11.954 37.413 11.265
56 8 1 37.924 11.946 37.380 11.257
57 8 1 37.891 11.937 37.347 11.248
58 8 1 37.866 11.945 37.322 11.256
59 8 1 37.841 11.937 37.297 11.248
60 8 1 37.808 11.936 37.264 11.247
61 8 1 37.783 11.936 37.239 11.247
62 8 1 37.766 11.936 37.222 11.247
63 8 1 37.741 11.944 37.197 11.255
64 8 1 37.708 11.936 37.164 11.247
65 8 1 37.683 11.944 37.139 11.255
66 8 1 37.674 11.969 37.090 11.204
67 8 1 37.650 11.927 37.106 11.238
68 8 1 37.625 11.935 37.081 11.246
69 8 1 37.591 11.943 37.048 11.254
70 8 1 37.558 11.943 37.014 11.254
71 8 1 37.533 11.951 36.989 11.262
72 8 1 37.508 11.967 36.964 11.278
73 8 1 37.466 11.975 36.922 11.286
74 8 1 37.441 12.009 36.906 11.303
75 8 1 37.408 12.017 36.864 11.253
76 8 1 37.400 11.975 36.864 11.286
77 8 1 37.366 11.991 36.831 11.302
78 8 1 37.341 11.983 36.780 11.344
79 8 1 37.308 12.041 36.663 11.401
80 8 1 37.307 12.133 36.681 11.301
81 8 1 37.258 12.049 36.722 11.377
82 8 1 37.183 12.048 36.614 11.351
83 8 1 37.157 12.090 36.614 11.401
84 8 1 37.149 12.073 36.614 11.401
85 8 1 37.099 12.081 36.572 11.442
86 8 1 37.074 12.106 36.547 11.409
87 8 1 37.082 12.106 36.430 11.391
88 8 1 37.033 12.089 36.488 11.458
89 8 1 37.016 12.097 36.488 11.442
90 8 1 36.924 12.105 36.455 11.450
91 8 1 36.900 12.063 36.296 11.473
92 8 1 36.858 12.088 36.338 11.440
93 8 1 36.816 12.071 36.255 11.465
94 8 1 36.816 12.104 36.313 11.482
95 8 1 36.816 12.104 36.305 11.473
96 8 1 36.724 12.095 36.155 11.497
97 8 1 36.733 12.095 36.180 11.489
98 8 1 36.708 12.095 36.196 11.481
99 8 1 36.683 12.095 36.171 11.481
100 8 1 36.658 12.095 36.146 11.481
101 8 1 36.624 12.094 36.113 11.480
102 8 1 36.599 12.094 36.088 11.480
103 8 1 36.591 12.102 36.080 11.488
104 8 1 36.558 12.102 36.046 11.488
105 8 1 36.533 12.110 36.021 11.496
106 8 1 36.516 12.110 36.005 11.496
107 8 1 36.491 12.118 35.980 11.504
108 8 1 36.458 12.126 35.946 11.512
109 8 1 36.433 12.126 35.921 11.512
110 8 1 36.416 12.135 35.905 11.520
111 8 1 36.391 12.143 35.879 11.529
112 8 1 36.357 12.151 35.846 11.537
113 8 1 36.324 12.167 35.813 11.553
114 8 1 36.315 12.226 35.613 11.493
115 8 1 36.224 12.166 35.713 11.552
116 8 1 36.199 12.175 35.687 11.560
117 8 1 36.174 12.191 35.662 11.577
118 8 1 36.190 12.191 35.613 11.535
119 8 1 36.157 12.199 35.538 11.551
120 8 1 36.099 12.174 35.587 11.560
121 8 1 36.090 12.232 35.495 11.601
122 8 1 36.049 12.215 35.537 11.601
123 8 1 36.090 12.283 35.420 11.642
124 8 1 35.965 12.265 35.412 11.617
125 8 1 35.940 12.265 35.378 11.625
126 8 1 35.915 12.248 35.403 11.633
127 8 1 35.890 12.248 35.378 11.633
128 8 1 35.856 12.247 35.345 11.633
129 8 1 35.831 12.247 35.320 11.633
130 8 1 35.806 12.247 35.295 11.633
131 8 1 35.773 12.247 35.262 11.632
132 8 1 35.798 12.255 35.270 11.632
133 8 1 35.781 12.289 35.270 11.657
0 9 1 40.567 11.591 39.700 10.942
1 9 1 40.591 11.608 39.683 10.934
2 9 1 40.592 11.566 39.683 10.976
3 9 1 40.592 11.583 39.617 10.975
4 9 1 40.583 11.599 39.633 10.992
5 9 1 40.567 11.574 39.700 10.959
6 9 1 40.575 11.608 39.575 10.966
7 9 1 40.567 11.608 39.592 10.966
8 9 1 40.575 11.599 39.575 10.991
9 9 1 40.533 11.607 39.575 11.000
10 9 1 40.533 11.624 39.525 10.983
11 9 1 40.525 11.632 39.525 10.991
12 9 1 40.508 11.615 39.500 10.999
13 9 1 40.442 11.665 39.525 11.024
14 9 1 40.467 11.649 39.492 11.007
15 9 1 40.467 11.607 39.459 11.015
16 9 1 40.450 11.632 39.450 11.015
17 9 1 40.442 11.623 39.492 11.024
18 9 1 40.417 11.665 39.450 10.999
19 9 1 40.483 11.665 39.409 11.023
20 9 1 40.483 11.699 39.359 11.006
21 9 1 40.467 11.682 39.343 11.014
22 9 1 40.384 11.673 39.417 11.015
23 9 1 40.367 11.656 39.401 11.015
24 9 1 40.375 11.681 39.409 11.048
25 9 1 40.367 11.673 39.409 11.040
26 9 1 40.301 11.689 39.409 11.040
27 9 1 40.317 11.681 39.400 11.040
28 9 1 40.268 11.680 39.392 11.023
29 9 1 40.243 11.697 39.401 11.023
30 9 1 40.235 11.672 39.376 11.015
31 9 1 40.218 11.680 39.376 10.998
32 9 1 40.226 11.705 39.368 10.990
33 9 1 40.243 11.647 39.351 11.048
34 9 1 40.218 11.713 39.400 11.165
35 9 1 40.251 11.730 39.367 11.140
36 9 1 40.201 11.763 39.343 11.006
37 9 1 40.210 11.680 39.334 11.089
38 9 1 40.201 11.688 39.325 11.098
39 9 1 40.176 11.696 39.300 11.106
40 9 1 40.275 11.789 39.251 11.064
41 9 1 40.251 11.780 39.184 11.188
42 9 1 40.159 11.771 39.283 11.181
43 9 1 40.234 11.722 39.076 11.137
44 9 1 40.126 11.771 39.250 11.180
45 9 1 40.101 11.779 39.225 11.188
46 9 1 40.060 11.770 39.184 11.180
47 9 1 40.051 11.779 39.175 11.188
48 9 1 40.010 11.770 39.134 11.179
49 9 1 39.869 11.761 39.018 11.112
50 9 1 39.877 11.761 39.010 11.128
51 9 1 39.877 11.736 39.010 11.145
52 9 1 39.844 11.727 38.977 11.136
53 9 1 39.720 11.726 38.985 11.161
54 9 1 39.687 11.734 38.935 11.128
55 9 1 39.728 11.743 38.860 11.119
56 9 1 39.720 11.718 38.869 11.135
57 9 1 39.678 11.717 38.943 11.119
58 9 1 39.662 11.726 38.952 11.111
59 9 1 39.720 11.709 38.885 11.127
60 9 1 39.703 11.709 38.869 11.127
61 9 1 39.637 11.725 38.695 11.084
62 9 1 39.595 11.733 38.620 11.100
63 9 1 39.570 11.733 38.562 11.100
64 9 1 39.537 11.716 38.520 11.108
65 9 1 39.479 11.741 38.445 11.132
66 9 1 39.455 11.691 38.412 11.132
67 9 1 39.404 11.740 38.379 11.148
68 9 1 39.305 11.748 38.287 11.164
69 9 1 39.263 11.731 38.287 11.156
70 9 1 39.238 11.722 38.245 11.180
71 9 1 39.213 11.739 38.237 11.180
72 9 1 39.188 11.763 38.304 11.181
73 9 1 39.114 11.721 38.245 11.189
74 9 1 39.056 11.754 38.262 11.181
75 9 1 39.072 11.738 38.245 11.189
76 9 1 39.064 11.737 38.171 11.146
77 9 1 38.981 11.779 38.245 11.239
78 9 1 39.014 11.770 38.105 11.121
79 9 1 38.997 11.795 38.054 11.154
80 9 1 38.981 11.795 38.005 11.162
81 9 1 38.790 11.760 38.054 11.262
82 9 1 38.707 11.760 37.979 11.245
83 9 1 38.748 11.768 37.946 11.245
84 9 1 38.806 11.777 37.680 11.268
85 9 1 38.765 11.785 37.630 11.250
86 9 1 38.524 11.742 37.879 11.261
87 9 1 38.607 11.759 37.813 11.244
88 9 1 38.565 11.767 37.771 11.252
89 9 1 38.507 11.775 37.713 11.259
90 9 1 38.399 11.782 37.505 11.308
91 9 1 38.291 11.765 37.546 11.283
92 9 1 38.366 11.824 37.497 11.224
93 9 1 38.324 11.840 37.489 11.233
94 9 1 38.257 11.873 37.472 11.258
95 9 1 38.258 11.806 37.471 11.308
96 9 1 38.224 11.814 37.438 11.316
97 9 1 38.183 11.831 37.396 11.332
98 9 1 38.032 11.913 37.197 11.322
99 9 1 38.016 11.863 37.230 11.364
100 9 1 37.974 11.871 37.188 11.372
101 9 1 37.924 11.887 37.138 11.388
102 9 1 37.883 11.895 37.096 11.396
103 9 1 37.833 11.911 37.046 11.413
104 9 1 37.791 11.928 37.005 11.429
105 9 1 37.832 11.962 36.797 11.394
106 9 1 37.807 12.020 36.880 11.386
107 9 1 37.741 12.003 36.680 11.435
108 9 1 37.716 11.919 36.930 11.420
109 9 1 37.748 12.070 36.814 11.369
110 9 1 37.666 11.927 36.880 11.428
111 9 1 37.591 12.035 36.739 11.377
112 9 1 37.441 12.059 36.729 11.502
113 9 1 37.483 12.017 36.704 11.518
114 9 1 37.375 12.008 36.705 11.452
115 9 1 37.425 11.975 36.655 11.476
116 9 1 37.283 12.007 36.496 11.517
117 9 1 37.291 12.016 36.579 11.551
118 9 1 37.216 12.040 36.513 11.509
119 9 1 37.191 12.099 36.454 11.567
120 9 1 37.199 12.065 36.454 11.583
121 9 1 37.166 12.065 36.420 11.583
122 9 1 37.108 11.973 36.404 11.524
123 9 1 37.091 12.031 36.379 11.533
124 9 1 37.199 12.049 36.264 11.431
125 9 1 37.141 12.073 36.297 11.440
126 9 1 37.066 12.073 36.289 11.407
127 9 1 37.075 11.989 36.346 11.516
128 9 1 36.899 12.105 36.273 11.340
129 9 1 36.808 12.021 36.237 11.556
130 9 1 36.800 11.987 36.196 11.514
131 9 1 36.775 12.012 36.104 11.522
132 9 1 36.708 12.062 36.079 11.564
133 9 1 36.691 12.103 36.038 11.547
0 11 1 39.586 9.161 38.680 8.322
3 11 1 39.611 9.186 38.663 8.313
4 11 1 39.611 9.186 38.663 8.313
5 11 1 39.611 9.186 38.663 8.313
6 11 1 39.611 9.186 38.663 8.313
7 11 1 39.611 9.186 38.663 8.313
8 11 1 39.611 9.186 38.663 8.313
9 11 1 39.611 9.186 38.663 8.313
10 11 1 39.611 9.186 38.663 8.313
11 11 1 39.611 9.186 38.663 8.313
12 11 1 39.611 9.186 38.663 8.313
13 11 1 39.611 9.186 38.663 8.313
14 11 1 39.611 9.186 38.663 8.313
15 11 1 39.611 9.186 38.663 8.313
16 11 1 39.611 9.186 38.663 8.313
17 11 1 39.611 9.186 38.663 8.313
18 11 1 39.611 9.186 38.663 8.313
19 11 1 39.611 9.186 38.663 8.313
20 11 1 39.611 9.186 38.663 8.313
21 11 1 39.611 9.186 38.663 8.313
22 11 1 39.611 9.186 38.663 8.313
23 11 1 39.611 9.186 38.663 8.313
24 11 1 39.611 9.186 38.663 8.313
25 11 1 39.611 9.186 38.663 8.313
26 11 1 39.611 9.186 38.663 8.313
27 11 1 39.611 9.186 38.663 8.313
28 11 1 39.611 9.186 38.663 8.313
29 11 1 39.611 9.186 38.663 8.313
30 11 1 39.611 9.203 38.663 8.330
31 11 1 39.611 9.203 38.663 8.330
32 11 1 39.611 9.203 38.663 8.330
33 11 1 39.594 9.219 38.647 8.346
34 11 1 39.577 9.219 38.630 8.346
35 11 1 39.594 9.236 38.647 8.363
36 11 1 39.577 9.236 38.630 8.363
37 11 1 39.577 9.252 38.630 8.379
38 11 1 39.577 9.269 38.630 8.396
39 11 1 39.561 9.269 38.613 8.396
40 11 1 39.544 9.285 38.596 8.412
41 11 1 39.544 9.285 38.596 8.412
42 11 1 39.544 9.302 38.596 8.429
43 11 1 39.544 9.302 38.596 8.429
44 11 1 39.527 9.302 38.580 8.429
45 11 1 39.511 9.302 38.563 8.429
46 11 1 39.527 9.302 38.580 8.429
47 11 1 39.511 9.302 38.563 8.429
48 11 1 39.511 9.302 38.563 8.429
49 11 1 39.511 9.302 38.563 8.429
50 11 1 39.511 9.302 38.563 8.429
51 11 1 39.511 9.302 38.563 8.429
52 11 1 39.511 9.302 38.563 8.429
53 11 1 39.494 9.301 38.547 8.428
54 11 1 39.478 9.301 38.530 8.428
55 11 1 39.494 9.301 38.547 8.428
56 11 1 39.478 9.301 38.530 8.428
57 11 1 39.494 9.301 38.547 8.428
58 11 1 39.478 9.301 38.530 8.428
59 11 1 39.478 9.301 38.530 8.428
60 11 1 39.478 9.301 38.530 8.428
61 11 1 39.478 9.301 38.530 8.428
62 11 1 39.478 9.301 38.530 8.428
63 11 1 39.461 9.301 38.513 8.428
64 11 1 39.444 9.301 38.497 8.428
65 11 1 39.461 9.301 38.513 8.428
66 11 1 39.444 9.318 38.497 8.445
67 11 1 39.444 9.318 38.497 8.445
68 11 1 39.444 9.318 38.497 8.445
69 11 1 39.444 9.334 38.497 8.461
70 11 1 39.444 9.334 38.497 8.461
71 11 1 39.444 9.351 38.497 8.478
72 11 1 39.444 9.351 38.497 8.478
73 11 1 39.444 9.367 38.496 8.494
74 11 1 39.427 9.384 38.480 8.511
75 11 1 39.411 9.400 38.463 8.527
76 11 1 39.427 9.401 38.480 8.527
77 11 1 39.410 9.417 38.463 8.544
78 11 1 39.410 9.434 38.463 8.561
79 11 1 39.410 9.450 38.463 8.577
80 11 1 39.394 9.467 38.446 8.594
81 11 1 39.360 9.483 38.413 8.610
82 11 1 39.344 9.500 38.396 8.626
83 11 1 39.327 9.499 38.379 8.626
84 11 1 39.310 9.516 38.363 8.643
85 11 1 39.310 9.533 38.363 8.659
86 11 1 39.294 9.549 38.346 8.676
87 11 1 39.277 9.565 38.329 8.692
88 11 1 39.277 9.582 38.329 8.709
89 11 1 39.260 9.599 38.312 8.725
90 11 1 39.227 9.615 38.279 8.742
91 11 1 39.210 9.631 38.262 8.758
92 11 1 39.210 9.648 38.262 8.775
93 11 1 39.194 9.648 38.246 8.774
94 11 1 39.160 9.664 38.212 8.791
95 11 1 39.144 9.681 38.196 8.807
96 11 1 39.127 9.697 38.179 8.824
97 11 1 39.094 9.714 38.146 8.840
98 11 1 39.060 9.713 38.113 8.840
99 11 1 39.044 9.730 38.096 8.856
100 11 1 39.027 9.746 38.079 8.873
101 11 1 39.010 9.763 38.062 8.889
102 11 1 38.994 9.763 38.046 8.889
103 11 1 38.961 9.779 38.013 8.905
104 11 1 38.927 9.795 37.979 8.922
105 11 1 38.911 9.812 37.963 8.938
106 11 1 38.894 9.828 37.946 8.955
107 11 1 38.861 9.845 37.912 8.971
108 11 1 38.827 9.861 37.879 8.987
109 11 1 38.777 9.860 37.829 8.987
110 11 1 38.744 9.877 37.796 9.003
111 11 1 38.711 9.876 37.763 9.003
112 11 1 38.661 9.876 37.713 9.002
113 11 1 38.611 9.892 37.663 9.018
114 11 1 38.578 9.892 37.630 9.018
115 11 1 38.545 9.892 37.597 9.018
116 11 1 38.512 9.908 37.563 9.034
117 11 1 38.478 9.908 37.530 9.034
118 11 1 38.445 9.924 37.497 9.050
119 11 1 38.412 9.924 37.464 9.050
120 11 1 38.379 9.940 37.430 9.066
121 11 1 38.345 9.931 37.397 9.057
122 11 1 38.296 9.956 37.347 9.082
123 11 1 38.246 9.956 37.297 9.081
124 11 1 38.213 9.955 37.264 9.081
125 11 1 38.179 9.955 37.231 9.081
126 11 1 38.146 9.955 37.198 9.081
127 11 1 38.096 9.946 37.148 9.072
128 11 1 38.046 9.954 37.098 9.080
129 11 1 38.013 9.954 37.065 9.079
130 11 1 37.963 9.970 37.015 9.095
131 11 1 37.897 9.969 36.948 9.095
132 11 1 37.847 9.969 36.898 9.094
133 11 1 37.814 9.952 36.865 9.077
