0 0 1 18.436 12.998 19.476 13.843
1 0 1 18.398 12.973 19.489 13.855
2 0 1 18.398 12.973 19.489 13.855
3 0 1 18.398 12.973 19.489 13.855
4 0 1 18.398 12.973 19.489 13.855
5 0 1 18.411 12.973 19.501 13.855
6 0 1 18.411 12.973 19.501 13.855
7 0 1 18.411 12.973 19.501 13.855
8 0 1 18.423 12.973 19.514 13.855
9 0 1 18.423 12.961 19.514 13.842
10 0 1 18.424 12.948 19.514 13.830
11 0 1 18.436 12.961 19.526 13.842
12 0 1 18.436 12.948 19.526 13.830
13 0 1 18.448 12.960 19.539 13.842
14 0 1 18.448 12.948 19.539 13.830
15 0 1 18.461 12.948 19.551 13.830
16 0 1 18.473 12.948 19.564 13.830
17 0 1 18.486 12.948 19.576 13.830
18 0 1 18.498 12.948 19.589 13.830
19 0 1 18.511 12.935 19.601 13.817
20 0 1 18.548 12.923 19.638 13.805
21 0 1 18.561 12.935 19.651 13.817
22 0 1 18.586 12.923 19.676 13.804
23 0 1 18.611 12.923 19.701 13.804
24 0 1 18.635 12.922 19.726 13.804
25 0 1 18.673 12.922 19.763 13.804
26 0 1 18.698 12.934 19.775 13.804
28 0 1 18.710 12.947 19.788 13.816
29 0 1 18.760 12.946 19.838 13.816
30 0 1 18.810 12.946 19.887 13.815
31 0 1 18.872 12.946 19.950 13.815
32 0 1 18.922 12.945 19.999 13.815
33 0 1 18.996 12.945 20.074 13.814
34 0 1 19.059 12.945 20.136 13.814
35 0 1 19.133 12.944 20.211 13.813
36 0 1 19.208 12.944 20.286 13.813
37 0 1 19.258 12.968 20.335 13.837
39 0 1 19.270 12.980 20.348 13.850
40 0 1 19.320 12.980 20.397 13.849
41 0 1 19.382 12.980 20.460 13.849
42 0 1 19.444 12.979 20.522 13.849
43 0 1 19.519 12.967 20.597 13.836
44 0 1 19.594 12.966 20.671 13.835
45 0 1 19.669 12.966 20.746 13.835
46 0 1 19.743 12.953 20.821 13.822
47 0 1 19.830 12.953 20.908 13.822
48 0 1 19.918 12.952 20.995 13.821
49 0 1 20.017 12.952 21.094 13.820
50 0 1 20.191 12.914 21.268 13.782
52 0 1 20.204 12.926 21.281 13.795
53 0 1 20.278 12.938 21.355 13.807
54 0 1 20.353 12.937 21.430 13.806
55 0 1 20.440 12.937 21.517 13.806
56 0 1 20.527 12.936 21.604 13.805
57 0 1 20.627 12.948 21.703 13.817
58 0 1 20.726 12.947 21.803 13.816
59 0 1 20.826 12.947 21.902 13.816
60 0 1 20.925 12.946 22.002 13.815
61 0 1 21.024 12.946 22.101 13.814
62 0 1 21.199 12.908 22.275 13.776
64 0 1 21.211 12.920 22.288 13.789
65 0 1 21.286 12.920 22.362 13.788
66 0 1 21.360 12.919 22.437 13.788
67 0 1 21.447 12.919 22.524 13.787
68 0 1 21.547 12.918 22.623 13.786
69 0 1 21.646 12.918 22.722 13.786
70 0 1 21.758 12.905 22.834 13.773
71 0 1 21.870 12.904 22.946 13.772
72 0 1 22.093 12.866 23.169 13.734
74 0 1 22.106 12.878 23.182 13.746
75 0 1 22.193 12.878 23.269 13.746
76 0 1 22.638 13.158 23.802 13.829
77 0 1 22.663 13.096 23.764 13.890
78 0 1 22.750 13.096 23.851 13.890
79 0 1 22.850 13.095 23.951 13.889
80 0 1 22.949 13.095 24.050 13.889
81 0 1 23.048 13.094 24.149 13.888
82 0 1 23.147 13.094 24.248 13.887
83 0 1 23.247 13.093 24.347 13.887
84 0 1 23.421 13.055 24.521 13.849
86 0 1 23.433 13.067 24.534 13.861
87 0 1 23.520 13.067 24.620 13.861
88 0 1 23.594 13.054 24.695 13.848
89 0 1 23.694 13.054 24.794 13.847
90 0 1 23.780 13.041 24.881 13.834
91 0 1 23.880 13.040 24.980 13.834
92 0 1 23.979 13.040 25.079 13.833
93 0 1 24.078 13.039 25.178 13.833
94 0 1 24.190 13.038 25.290 13.832
95 0 1 24.301 13.038 25.401 13.831
96 0 1 24.388 13.037 25.488 13.831
97 0 1 24.562 12.987 25.662 13.780
99 0 1 24.574 12.999 25.674 13.793
100 0 1 24.661 12.999 25.761 13.792
101 0 1 24.760 12.998 25.860 13.791
102 0 1 24.859 12.998 25.959 13.791
103 0 1 24.958 12.997 26.058 13.790
104 0 1 25.057 12.997 26.157 13.790
105 0 1 25.169 12.996 26.268 13.789
106 0 1 25.268 13.008 26.367 13.801
107 0 1 25.367 13.007 26.466 13.800
108 0 1 25.553 12.969 26.652 13.762
110 0 1 25.565 12.981 26.664 13.774
111 0 1 25.652 12.981 26.751 13.774
112 0 1 25.751 12.980 26.850 13.773
113 0 1 25.838 12.980 26.937 13.773
114 0 1 25.937 12.967 27.036 13.760
115 0 1 26.036 12.966 27.135 13.759
116 0 1 26.135 12.966 27.234 13.759
117 0 1 26.246 12.965 27.345 13.758
118 0 1 26.345 12.965 27.444 13.757
119 0 1 26.444 12.964 27.543 13.757
120 0 1 26.655 12.926 27.753 13.718
122 0 1 26.667 12.938 27.766 13.731
123 0 1 26.753 12.938 27.852 13.730
124 0 1 26.852 12.937 27.951 13.730
125 0 1 26.964 12.936 28.062 13.729
126 0 1 27.063 12.948 28.161 13.741
127 0 1 27.174 12.948 28.272 13.740
128 0 1 27.594 13.166 28.729 13.799
129 0 1 27.606 13.105 28.705 13.860
130 0 1 27.693 13.117 28.791 13.872
131 0 1 27.792 13.104 28.890 13.859
132 0 1 27.977 13.066 29.075 13.821
134 0 1 27.990 13.078 29.088 13.833
135 0 1 28.088 13.077 29.186 13.833
136 0 1 28.187 13.089 29.285 13.844
137 0 1 28.274 13.076 29.372 13.832
138 0 1 28.385 13.088 29.483 13.843
139 0 1 28.484 13.087 29.582 13.843
140 0 1 28.595 13.087 29.693 13.842
141 0 1 28.780 13.049 29.878 13.804
143 0 1 28.793 13.061 29.890 13.816
144 0 1 28.879 13.061 29.977 13.816
145 0 1 28.978 13.072 30.075 13.827
146 0 1 29.077 13.084 30.174 13.839
147 0 1 29.175 13.071 30.273 13.826
148 0 1 29.361 13.046 30.458 13.800
150 0 1 29.373 13.058 30.470 13.813
151 0 1 29.472 13.057 30.569 13.812
152 0 1 29.570 13.057 30.668 13.811
153 0 1 30.261 13.274 30.816 13.749
154 0 1 29.990 13.140 31.050 13.870
155 0 1 30.076 13.140 31.136 13.870
156 0 1 30.150 13.139 31.210 13.869
157 0 1 30.236 13.151 31.296 13.881
158 0 1 30.335 13.163 31.395 13.893
159 0 1 30.421 13.150 31.481 13.880
160 0 1 30.520 13.162 31.580 13.892
161 0 1 30.631 13.136 31.691 13.866
162 0 1 30.754 13.136 31.814 13.866
163 0 1 31.272 13.452 31.851 13.927
165 0 1 31.050 13.318 32.073 14.024
166 0 1 31.136 13.318 32.159 14.023
167 0 1 31.223 13.317 32.245 14.023
168 0 1 31.321 13.329 32.344 14.034
169 0 1 31.420 13.340 32.442 14.046
170 0 1 31.519 13.340 32.541 14.045
171 0 1 31.629 13.339 32.652 14.045
172 0 1 31.740 13.338 32.762 14.044
173 0 1 31.851 13.338 32.873 14.043
174 0 1 32.024 13.275 33.046 13.981
176 0 1 32.036 13.288 33.058 13.993
177 0 1 32.122 13.287 33.144 13.993
178 0 1 32.319 13.225 33.341 13.930
180 0 1 32.332 13.237 33.353 13.942
181 0 1 32.418 13.236 33.439 13.942
182 0 1 32.529 13.236 33.550 13.941
183 0 1 32.627 13.235 33.649 13.940
184 0 1 32.738 13.235 33.759 13.940
185 0 1 32.935 13.172 33.956 13.877
187 0 1 32.947 13.184 33.968 13.889
188 0 1 33.132 13.134 34.153 13.839
190 0 1 33.144 13.146 34.165 13.851
191 0 1 33.230 13.146 34.251 13.851
192 0 1 33.316 13.145 34.337 13.850
193 0 1 33.415 13.145 34.436 13.850
194 0 1 33.525 13.132 34.546 13.837
195 0 1 33.636 13.119 34.657 13.824
196 0 1 33.734 13.118 34.755 13.823
197 0 1 33.943 13.093 34.964 13.797
199 0 1 33.956 13.105 34.977 13.810
200 0 1 34.619 13.089 35.652 13.903
201 0 1 34.620 13.138 35.640 13.855
202 0 1 34.718 13.137 35.738 13.854
203 0 1 34.804 13.124 35.824 13.841
204 0 1 34.902 13.124 35.922 13.841
205 0 1 35.000 13.123 36.021 13.840
206 0 1 35.111 13.123 36.131 13.839
207 0 1 35.209 13.122 36.229 13.839
208 0 1 35.381 13.072 36.401 13.789
210 0 1 35.393 13.084 36.413 13.801
211 0 1 35.479 13.084 36.499 13.800
212 0 1 35.578 13.071 36.598 13.787
213 0 1 35.737 13.021 36.757 13.737
215 0 1 35.749 13.033 36.769 13.750
216 0 1 35.835 13.033 36.855 13.749
217 0 1 35.934 13.032 36.953 13.749
218 0 1 36.044 13.019 37.064 13.736
219 0 1 36.216 13.006 37.235 13.722
221 0 1 36.228 13.018 37.248 13.734
222 0 1 36.768 13.076 37.787 13.817
223 0 1 36.756 13.089 37.775 13.805
224 0 1 36.756 13.064 38.008 13.865
225 0 1 36.805 13.101 38.020 13.852
226 0 1 36.927 13.100 38.204 13.839
227 0 1 37.038 13.099 38.266 13.875
228 0 1 37.197 13.110 38.339 13.826
229 0 1 37.259 13.122 38.278 13.838
230 0 1 37.405 13.024 38.511 13.898
231 0 1 37.442 13.109 38.462 13.825
232 0 1 37.541 13.108 38.560 13.824
233 0 1 37.675 13.059 38.694 13.775
235 0 1 37.688 13.071 38.706 13.787
236 0 1 37.773 13.070 38.792 13.786
237 0 1 37.859 13.058 38.878 13.774
238 0 1 38.006 13.020 39.025 13.736
240 0 1 38.018 13.032 39.037 13.748
241 0 1 38.104 13.032 39.123 13.748
242 0 1 38.276 13.006 39.294 13.722
244 0 1 38.288 13.019 39.306 13.734
245 0 1 38.827 13.064 39.821 13.939
246 0 1 38.913 13.101 39.919 13.914
247 0 1 38.962 13.210 39.894 13.767
248 0 1 39.048 13.198 40.041 13.754
249 0 1 39.219 13.172 40.102 13.815
250 0 1 39.170 13.160 40.151 13.839
251 0 1 39.158 13.124 40.285 13.740
252 0 1 39.243 13.123 40.383 13.703
253 0 1 39.317 13.135 40.395 13.728
254 0 1 39.366 13.110 40.347 13.752
255 0 1 39.659 13.096 40.457 13.788
256 0 1 39.574 13.121 40.542 13.763
257 0 1 39.732 13.047 40.701 13.689
259 0 1 39.745 13.059 40.713 13.701
260 0 1 39.806 13.059 40.774 13.701
261 0 1 39.879 13.058 40.848 13.700
262 0 1 39.953 13.058 40.921 13.700
263 0 1 40.026 13.045 40.995 13.687
264 0 1 40.148 13.008 41.117 13.650
266 0 1 40.161 13.020 41.129 13.662
267 0 1 40.234 13.019 41.202 13.662
268 0 1 40.295 13.019 41.263 13.661
269 0 1 40.417 12.982 41.385 13.624
271 0 1 40.429 12.994 41.398 13.636
272 0 1 40.478 12.981 41.446 13.623
273 0 1 40.539 12.981 41.508 13.623
274 0 1 40.588 12.981 41.556 13.623
275 0 1 40.723 12.931 41.691 13.573
277 0 1 40.735 12.943 41.703 13.585
278 0 1 40.784 12.931 41.752 13.573
279 0 1 40.833 12.931 41.801 13.572
280 0 1 40.894 12.930 41.862 13.572
281 0 1 40.955 12.930 41.923 13.572
282 0 1 41.016 12.929 41.984 13.571
283 0 1 41.077 12.941 42.045 13.583
284 0 1 41.175 12.953 42.130 13.595
286 0 1 41.187 12.965 42.143 13.607
287 0 1 41.224 12.965 42.179 13.607
288 0 1 41.370 12.927 42.326 13.569
290 0 1 41.383 12.940 42.338 13.581
291 0 1 41.419 12.939 42.375 13.581
292 0 1 41.456 12.927 42.411 13.569
293 0 1 41.505 12.927 42.460 13.568
294 0 1 41.761 12.950 43.010 13.760
295 0 1 41.896 13.034 42.863 13.676
296 0 1 41.945 13.034 42.912 13.676
297 0 1 41.994 13.046 42.961 13.688
298 0 1 42.043 13.046 43.010 13.687
299 0 1 42.091 13.058 43.059 13.699
300 0 1 42.140 13.057 43.108 13.699
301 0 1 42.177 13.057 43.144 13.699
302 0 1 42.226 13.057 43.193 13.698
303 0 1 42.287 13.069 43.242 13.710
305 0 1 42.299 13.081 43.254 13.722
306 0 1 42.336 13.081 43.291 13.722
307 0 1 42.385 13.080 43.340 13.722
308 0 1 42.433 13.080 43.388 13.722
309 0 1 42.470 13.080 43.425 13.721
310 0 1 42.507 13.080 43.462 13.721
311 0 1 42.568 13.079 43.523 13.721
312 0 1 42.604 13.079 43.559 13.721
313 0 1 42.653 13.079 43.608 13.720
314 0 1 42.702 13.078 43.657 13.720
315 0 1 42.751 13.066 43.705 13.707
316 0 1 42.799 13.066 43.754 13.707
317 0 1 42.836 13.065 43.791 13.707
318 0 1 42.860 13.065 43.815 13.707
319 0 1 42.909 13.065 43.864 13.706
320 0 1 42.946 13.065 43.901 13.706
321 0 1 42.995 13.065 43.949 13.706
322 0 1 43.068 13.052 44.010 13.693
324 0 1 43.080 13.064 44.023 13.705
325 0 1 43.117 13.064 44.059 13.705
326 0 1 43.141 13.064 44.084 13.705
327 0 1 43.178 13.063 44.120 13.705
328 0 1 43.226 13.063 44.169 13.705
329 0 1 43.263 13.063 44.205 13.704
330 0 1 43.300 13.063 44.242 13.704
331 0 1 43.348 13.063 44.291 13.704
332 0 1 43.397 13.062 44.340 13.704
333 0 1 43.446 13.074 44.388 13.715
334 0 1 43.483 13.074 44.425 13.715
335 0 1 43.531 13.074 44.474 13.715
336 0 1 43.568 13.073 44.510 13.715
337 0 1 43.617 13.073 44.559 13.714
338 0 1 43.678 13.085 44.608 13.726
340 0 1 43.690 13.097 44.620 13.738
341 0 1 43.727 13.097 44.657 13.738
342 0 1 43.751 13.109 44.681 13.750
343 0 1 43.848 13.047 44.778 13.689
345 0 1 43.861 13.060 44.790 13.701
346 0 1 43.897 13.059 44.827 13.701
347 0 1 43.934 13.071 44.864 13.713
348 0 1 43.983 13.071 44.912 13.712
349 0 1 44.031 13.071 44.961 13.712
350 0 1 44.080 13.070 45.010 13.712
351 0 1 44.129 13.070 45.059 13.711
352 0 1 44.190 13.070 45.120 13.711
353 0 1 44.226 13.070 45.156 13.711
354 0 1 44.287 13.069 45.217 13.710
355 0 1 44.336 13.081 45.266 13.722
356 0 1 44.373 13.069 45.302 13.710
357 0 1 44.421 13.068 45.351 13.710
358 0 1 44.458 13.056 45.387 13.697
359 0 1 44.482 13.056 45.412 13.697
360 0 1 44.531 13.056 45.460 13.697
361 0 1 44.567 13.055 45.497 13.696
0 2 2 56.868 12.923 58.697 13.750
1 2 2 56.819 12.899 58.733 13.761
2 2 2 56.807 12.912 58.721 13.774
3 2 2 56.819 12.899 58.733 13.761
4 2 2 56.831 12.911 58.745 13.774
5 2 2 56.819 12.899 58.733 13.761
6 2 2 56.831 12.911 58.745 13.774
7 2 2 56.819 12.899 58.733 13.761
8 2 2 56.831 12.911 58.745 13.774
9 2 2 56.819 12.899 58.733 13.761
10 2 2 56.831 12.911 58.745 13.774
11 2 2 56.819 12.899 58.733 13.761
12 2 2 56.831 12.911 58.745 13.774
13 2 2 56.819 12.899 58.733 13.761
14 2 2 56.831 12.911 58.745 13.774
15 2 2 56.819 12.899 58.733 13.761
16 2 2 56.831 12.911 58.745 13.774
17 2 2 56.843 12.899 58.757 13.761
18 2 2 56.831 12.911 58.745 13.774
19 2 2 56.843 12.899 58.757 13.761
20 2 2 56.856 12.911 58.769 13.773
21 2 2 56.843 12.899 58.757 13.761
22 2 2 56.856 12.911 58.769 13.773
23 2 2 56.843 12.899 58.757 13.761
24 2 2 56.856 12.911 58.769 13.773
25 2 2 56.843 12.899 58.757 13.761
26 2 2 56.856 12.911 58.769 13.773
27 2 2 56.843 12.899 58.757 13.761
28 2 2 56.856 12.911 58.769 13.773
29 2 2 56.867 12.899 58.781 13.761
30 2 2 56.880 12.911 58.794 13.773
31 2 2 56.867 12.899 58.781 13.761
32 2 2 56.880 12.911 58.794 13.773
33 2 2 56.867 12.899 58.781 13.761
34 2 2 56.880 12.911 58.794 13.773
35 2 2 56.867 12.899 58.781 13.761
36 2 2 56.880 12.911 58.794 13.773
37 2 2 56.867 12.899 58.781 13.761
38 2 2 56.880 12.911 58.794 13.773
39 2 2 56.867 12.899 58.781 13.761
40 2 2 56.880 12.911 58.794 13.773
41 2 2 56.867 12.899 58.781 13.761
42 2 2 56.856 12.911 58.769 13.773
43 2 2 56.843 12.899 58.757 13.761
44 2 2 56.831 12.911 58.745 13.774
45 2 2 56.819 12.899 58.733 13.761
46 2 2 56.807 12.912 58.721 13.774
47 2 2 56.771 12.900 58.685 13.762
48 2 2 56.759 12.912 58.673 13.774
49 2 2 56.747 12.900 58.661 13.762
50 2 2 56.735 12.912 58.649 13.774
51 2 2 56.699 12.924 58.613 13.786
52 2 2 56.687 12.936 58.601 13.799
53 2 2 56.675 12.924 58.589 13.787
54 2 2 56.687 12.936 58.601 13.799
55 2 2 56.699 12.924 58.613 13.786
56 2 2 56.687 12.936 58.601 13.799
57 2 2 56.675 12.949 58.589 13.811
58 2 2 56.663 12.961 58.577 13.823
59 2 2 56.627 12.949 58.541 13.811
60 2 2 56.591 12.961 58.505 13.824
61 2 2 56.530 12.950 58.445 13.812
62 2 2 56.494 12.962 58.409 13.824
63 2 2 56.434 12.950 58.348 13.812
64 2 2 56.374 12.963 58.288 13.825
65 2 2 56.313 12.951 58.228 13.813
66 2 2 56.253 12.939 58.168 13.801
67 2 2 56.193 12.927 58.107 13.790
68 2 2 56.156 12.940 58.071 13.802
69 2 2 56.096 12.928 58.011 13.790
70 2 2 56.036 12.940 57.951 13.803
71 2 2 55.975 12.928 57.890 13.791
72 2 2 55.939 12.941 57.854 13.803
73 2 2 55.879 12.929 57.794 13.792
74 2 2 55.819 12.941 57.734 13.804
75 2 2 55.734 12.930 57.649 13.792
76 2 2 55.674 12.942 57.589 13.805
77 2 2 55.589 12.931 57.505 13.793
78 2 2 55.529 12.943 57.445 13.806
79 2 2 55.469 12.956 57.385 13.818
80 2 2 55.409 12.968 57.324 13.831
81 2 2 55.324 12.957 57.240 13.819
82 2 2 55.264 12.969 57.180 13.832
83 2 2 55.179 12.957 57.095 13.820
84 2 2 55.095 12.970 57.011 13.833
85 2 2 55.010 12.958 56.926 13.821
86 2 2 54.950 12.971 56.866 13.834
87 2 2 54.865 12.959 56.782 13.822
88 2 2 54.805 12.972 56.721 13.835
89 2 2 54.720 12.960 56.637 13.823
90 2 2 54.660 12.972 56.577 13.835
91 2 2 54.576 12.985 56.492 13.848
92 2 2 54.515 12.998 56.432 13.861
93 2 2 54.431 12.986 56.348 13.849
94 2 2 54.370 12.998 56.287 13.862
95 2 2 54.286 12.987 56.203 13.850
96 2 2 54.201 12.999 56.119 13.863
97 2 2 54.117 12.988 56.034 13.851
98 2 2 54.056 13.000 55.974 13.864
99 2 2 53.947 12.989 55.865 13.852
100 2 2 53.863 13.001 55.781 13.865
101 2 2 53.754 12.990 55.672 13.853
102 2 2 53.669 12.978 55.587 13.842
103 2 2 53.584 12.967 55.503 13.830
104 2 2 53.500 12.979 55.418 13.843
105 2 2 53.391 12.968 55.309 13.831
106 2 2 53.307 12.980 55.225 13.844
107 2 2 53.198 12.969 55.116 13.832
108 2 2 53.113 12.981 55.032 13.845
109 2 2 53.004 12.970 54.923 13.834
110 2 2 52.920 12.983 54.838 13.846
111 2 2 52.811 12.971 54.730 13.835
112 2 2 52.702 12.960 54.621 13.823
113 2 2 52.593 12.948 54.512 13.812
114 2 2 52.508 12.936 54.427 13.800
115 2 2 52.399 12.925 54.318 13.789
116 2 2 52.290 12.913 54.209 13.777
117 2 2 52.181 12.902 54.100 13.766
118 2 2 52.096 12.914 54.016 13.778
119 2 2 51.963 12.879 53.882 13.743
120 2 2 51.878 12.891 53.798 13.755
121 2 2 51.745 12.880 53.665 13.744
122 2 2 51.660 12.893 53.580 13.757
123 2 2 51.526 12.857 53.447 13.721
124 2 2 51.418 12.870 53.338 13.734
125 2 2 51.284 12.858 53.205 13.723
126 2 2 51.175 12.871 53.096 13.735
127 2 2 51.042 12.860 52.963 13.724
128 2 2 50.933 12.872 52.854 13.737
129 2 2 50.800 12.885 52.721 13.750
130 2 2 50.691 12.898 52.612 13.763
131 2 2 50.557 12.887 52.479 13.751
132 2 2 50.448 12.900 52.370 13.764
133 2 2 50.315 12.913 52.237 13.777
134 2 2 50.206 12.925 52.128 13.790
135 2 2 50.073 12.914 51.995 13.779
136 2 2 49.964 12.951 51.886 13.816
137 2 2 49.806 12.940 51.729 13.805
138 2 2 49.697 12.953 51.620 13.817
139 2 2 49.539 12.966 51.462 13.831
140 2 2 49.430 12.978 51.354 13.843
141 2 2 49.273 12.967 51.196 13.832
142 2 2 49.163 12.980 51.087 13.845
143 2 2 49.006 12.969 50.929 13.834
144 2 2 48.872 12.982 50.796 13.847
145 2 2 48.739 12.995 50.663 13.860
146 2 2 48.605 13.008 50.529 13.873
147 2 2 48.447 12.996 50.372 13.862
148 2 2 48.338 13.009 50.263 13.874
149 2 2 48.180 12.998 50.105 13.863
150 2 2 48.071 13.011 49.996 13.876
151 2 2 47.913 12.999 49.838 13.865
152 2 2 47.804 13.012 49.729 13.878
153 2 2 47.646 13.001 49.571 13.867
154 2 2 47.512 12.990 49.437 13.855
155 2 2 47.354 12.978 49.280 13.844
156 2 2 47.220 12.991 49.146 13.857
157 2 2 47.086 12.980 49.012 13.846
158 2 2 46.928 12.993 48.855 13.859
159 2 2 46.770 12.982 48.697 13.848
160 2 2 46.637 12.995 48.563 13.861
161 2 2 46.478 12.983 48.405 13.849
162 2 2 46.369 12.996 48.296 13.862
163 2 2 46.211 12.961 48.138 13.827
164 2 2 46.077 12.949 48.004 13.815
165 2 2 45.918 12.913 47.846 13.780
166 2 2 45.809 12.926 47.736 13.793
167 2 2 45.650 12.891 47.578 13.757
168 2 2 45.541 12.879 47.469 13.745
169 2 2 45.382 12.843 47.310 13.710
170 2 2 45.248 12.832 47.176 13.698
171 2 2 45.090 12.821 47.018 13.687
172 2 2 44.956 12.809 46.884 13.676
173 2 2 44.797 12.798 46.726 13.665
174 2 2 44.663 12.787 46.592 13.653
175 2 2 44.505 12.751 46.434 13.618
176 2 2 44.371 12.764 46.300 13.631
177 2 2 44.212 12.728 46.142 13.595
178 2 2 44.078 12.717 46.008 13.584
179 2 2 43.920 12.681 45.849 13.548
180 2 2 43.761 12.670 45.691 13.537
181 2 2 43.602 12.634 45.532 13.501
182 2 2 43.444 12.623 45.374 13.490
183 2 2 43.285 12.587 45.215 13.454
184 2 2 43.151 12.551 45.081 13.418
185 2 2 42.992 12.515 44.923 13.383
186 2 2 42.858 12.480 44.788 13.347
187 2 2 42.699 12.444 44.630 13.311
188 2 2 42.540 12.408 44.471 13.276
189 2 2 42.381 12.372 44.313 13.240
190 2 2 42.381 12.299 44.117 13.095
191 2 2 42.088 12.276 43.958 13.059
192 2 2 41.783 12.363 43.836 13.035
193 2 2 41.893 12.277 43.677 13.012
194 2 2 41.807 12.180 43.641 12.951
195 2 2 41.587 12.157 43.445 12.891
196 2 2 41.477 12.048 43.177 12.880
197 2 2 41.183 12.025 43.116 12.844
198 2 2 41.134 12.025 42.871 12.809
199 2 2 41.073 11.952 42.786 12.834
200 2 2 41.024 11.794 42.652 12.932
201 2 2 41.012 11.855 42.494 12.909
202 2 2 40.608 11.821 42.176 12.776
203 2 2 40.462 11.834 42.053 12.765
204 2 2 40.388 11.822 41.870 12.790
205 2 2 40.217 11.859 41.821 12.693
206 2 2 40.095 11.738 41.821 12.583
207 2 2 40.071 11.823 41.626 12.633
208 2 2 39.704 11.825 41.356 12.537
209 2 2 39.410 11.778 41.124 12.538
210 2 2 39.251 11.645 40.990 12.575
211 2 2 39.141 11.706 40.953 12.502
212 2 2 38.945 11.646 40.696 12.418
213 2 2 38.688 11.611 40.513 12.395
214 2 2 38.627 11.697 40.268 12.396
215 2 2 38.223 11.662 40.195 12.360
216 2 2 38.186 11.723 40.170 12.360
217 2 2 38.223 11.613 39.975 12.386
218 2 2 38.162 11.614 39.828 12.374
219 2 2 37.843 11.627 39.742 12.375
220 2 2 37.745 11.567 39.387 12.267
221 2 2 37.562 11.641 39.143 12.305
222 2 2 37.378 11.581 39.229 12.378
223 2 2 37.219 11.618 38.812 12.282
224 2 2 37.267 11.533 38.849 12.306
225 2 2 36.949 11.620 38.519 12.345
226 2 2 36.716 11.548 38.384 12.394
227 2 2 36.605 11.475 38.335 12.395
228 2 2 36.446 11.598 38.102 12.335
229 2 2 36.483 11.488 38.115 12.396
230 2 2 36.250 11.636 38.029 12.372
231 2 2 36.066 11.698 37.796 12.508
232 2 2 35.870 11.687 37.698 12.410
233 2 2 35.784 11.724 37.453 12.400
234 2 2 35.735 11.626 37.220 12.413
235 2 2 35.674 11.626 37.073 12.438
236 2 2 35.576 11.688 37.183 12.377
237 2 2 35.208 11.800 36.755 12.550
238 2 2 34.815 11.802 36.620 12.453
239 2 2 34.692 11.827 36.423 12.528
240 2 2 34.778 11.815 36.301 12.602
241 2 2 34.569 11.852 36.154 12.676
242 2 2 34.582 11.926 36.166 12.602
243 2 2 34.434 11.963 36.019 12.640
244 2 2 34.287 11.976 35.872 12.653
245 2 2 34.115 12.014 35.700 12.691
246 2 2 33.967 12.027 35.552 12.704
247 2 2 33.820 12.064 35.405 12.741
248 2 2 33.648 12.078 35.233 12.755
249 2 2 33.500 12.140 35.086 12.817
250 2 2 33.353 12.153 34.939 12.830
251 2 2 33.205 12.190 34.791 12.867
252 2 2 33.058 12.203 34.644 12.880
253 2 2 32.885 12.241 34.472 12.918
254 2 2 32.738 12.278 34.324 12.956
255 2 2 32.590 12.316 34.177 12.993
256 2 2 32.442 12.329 34.029 13.006
257 2 2 32.295 12.367 33.882 13.044
258 2 2 32.122 12.380 33.710 13.057
259 2 2 31.975 12.417 33.562 13.095
260 2 2 31.827 12.455 33.415 13.132
261 2 2 31.679 12.493 33.267 13.170
262 2 2 31.531 12.506 33.119 13.183
263 2 2 31.359 12.543 32.947 13.221
264 2 2 31.211 12.557 32.799 13.234
265 2 2 31.063 12.594 32.652 13.272
266 2 2 30.915 12.607 32.504 13.285
267 2 2 30.767 12.645 32.356 13.323
268 2 2 30.619 12.658 32.208 13.336
269 2 2 30.471 12.696 32.061 13.373
270 2 2 30.299 12.709 31.888 13.387
271 2 2 30.151 12.746 31.740 13.424
272 2 2 30.003 12.760 31.592 13.438
273 2 2 29.855 12.773 31.445 13.451
274 2 2 29.706 12.786 31.297 13.464
275 2 2 29.534 12.824 31.124 13.502
276 2 2 29.386 12.837 30.976 13.515
277 2 2 29.200 12.887 30.286 13.384
278 2 2 28.978 12.802 30.557 13.468
279 2 2 28.818 12.803 30.396 13.469
280 2 2 28.682 12.828 30.261 13.495
281 2 2 28.521 12.829 30.100 13.496
282 2 2 28.385 12.855 29.965 13.521
283 2 2 28.373 12.941 29.360 13.365
284 2 2 28.101 12.832 29.668 13.486
285 2 2 27.953 12.845 29.520 13.499
286 2 2 27.805 12.833 29.372 13.488
287 2 2 27.656 12.847 29.224 13.501
288 2 2 27.483 12.835 29.051 13.489
289 2 2 27.310 12.848 28.878 13.503
290 2 2 27.187 12.861 28.755 13.516
291 2 2 27.013 12.875 28.582 13.529
292 2 2 26.890 12.863 28.458 13.518
293 2 2 26.717 12.876 28.285 13.531
294 2 2 26.593 12.865 28.162 13.519
295 2 2 26.420 12.878 27.989 13.533
296 2 2 26.296 12.867 27.865 13.521
297 2 2 26.123 12.880 27.692 13.534
298 2 2 25.999 12.868 27.568 13.523
299 2 2 25.826 12.882 27.395 13.536
300 2 2 25.702 12.870 27.271 13.525
301 2 2 25.528 12.883 27.098 13.538
302 2 2 25.405 12.872 26.975 13.526
303 2 2 25.231 12.885 26.801 13.540
304 2 2 25.083 12.873 26.653 13.528
305 2 2 24.934 12.887 26.504 13.542
306 2 2 24.785 12.875 26.356 13.530
307 2 2 24.661 12.888 26.232 13.543
308 2 2 24.488 12.877 26.059 13.532
309 2 2 24.364 12.890 25.935 13.545
310 2 2 24.190 12.879 25.761 13.534
311 2 2 24.066 12.892 25.638 13.547
312 2 2 23.893 12.880 25.464 13.535
313 2 2 23.769 12.893 25.340 13.549
314 2 2 23.595 12.882 25.167 13.537
315 2 2 23.471 12.895 25.043 13.550
316 2 2 23.297 12.884 24.869 13.539
317 2 2 23.173 12.897 24.745 13.552
318 2 2 23.024 12.885 24.597 13.541
319 2 2 22.875 12.898 24.448 13.554
320 2 2 22.726 12.887 24.299 13.542
321 2 2 22.577 12.900 24.150 13.556
322 2 2 22.429 12.889 24.002 13.544
323 2 2 22.280 12.877 23.853 13.533
324 2 2 22.131 12.866 23.704 13.521
325 2 2 21.982 12.879 23.555 13.535
326 2 2 21.833 12.867 23.406 13.523
327 2 2 21.708 12.880 23.282 13.536
328 2 2 21.584 12.869 23.158 13.525
329 2 2 21.410 12.857 22.984 13.513
330 2 2 21.286 12.846 22.860 13.502
331 2 2 21.137 12.859 22.711 13.515
332 2 2 20.988 12.823 22.562 13.479
333 2 2 20.839 12.836 22.413 13.492
334 2 2 20.714 12.800 22.289 13.456
335 2 2 20.565 12.850 21.569 13.460
336 2 2 20.304 12.827 21.867 13.471
337 2 2 20.229 12.839 21.494 13.411
338 2 2 20.093 12.816 21.643 13.447
339 2 2 19.943 12.804 21.494 13.436
340 2 2 19.794 12.768 21.345 13.400
341 2 2 19.670 12.756 21.221 13.388
342 2 2 19.545 12.745 21.097 13.377
343 2 2 19.396 12.733 20.947 13.365
344 2 2 19.272 12.697 20.823 13.329
345 2 2 19.173 12.648 20.437 13.430
346 2 2 19.048 12.723 20.587 13.355
347 2 2 18.911 12.711 20.450 13.343
348 2 2 18.949 12.575 19.916 13.174
349 2 2 18.675 12.577 20.202 13.197
350 2 2 18.576 12.504 19.705 13.188
351 2 2 18.401 12.542 19.916 13.162
352 2 2 18.277 12.505 19.792 13.125
353 2 2 18.153 12.469 19.668 13.089
354 2 2 18.028 12.433 19.544 13.053
355 2 2 17.904 12.396 19.419 13.017
356 2 2 17.792 12.360 19.308 12.980
357 2 2 17.680 12.311 19.196 12.932
358 2 2 17.544 12.275 19.059 12.895
359 2 2 17.432 12.226 18.947 12.847
360 2 2 17.307 12.178 18.823 12.798
361 2 2 17.196 12.129 18.711 12.749
