0 0 1 39.788 12.339 38.830 11.723
1 0 1 39.815 12.357 38.812 11.714
2 0 1 39.770 12.330 38.767 11.832
3 0 1 39.743 12.330 38.740 11.787
4 0 1 39.689 12.357 38.685 11.796
5 0 1 39.607 12.367 38.604 11.796
6 0 1 39.562 12.367 38.559 11.787
7 0 1 39.526 12.367 38.522 11.778
8 0 1 39.499 12.367 38.495 11.778
9 0 1 39.408 12.267 38.224 11.651
10 0 1 39.390 12.267 38.242 11.660
11 0 1 39.345 12.303 38.197 11.696
12 0 1 39.282 12.267 38.133 11.660
13 0 1 39.227 12.267 38.079 11.660
14 0 1 39.155 12.222 38.007 11.614
15 0 1 39.137 12.267 37.989 11.660
16 0 1 39.101 12.267 37.952 11.660
17 0 1 39.074 12.276 37.925 11.669
18 0 1 39.047 12.231 37.898 11.623
19 0 1 39.028 12.194 37.880 11.587
20 0 1 38.992 12.158 37.844 11.551
21 0 1 38.938 12.267 37.798 11.642
22 0 1 38.938 12.249 37.798 11.642
23 0 1 38.893 12.249 37.753 11.642
24 0 1 38.847 12.231 37.708 11.623
25 0 1 38.802 12.213 37.663 11.605
26 0 1 38.775 12.213 37.635 11.605
27 0 1 38.730 12.213 37.590 11.605
28 0 1 38.685 12.195 37.545 11.587
29 0 1 38.639 12.195 37.500 11.587
30 0 1 38.612 12.195 37.472 11.587
31 0 1 38.567 12.176 37.427 11.569
32 0 1 38.540 12.176 37.400 11.569
33 0 1 38.495 12.176 37.355 11.569
34 0 1 38.485 12.176 37.346 11.569
35 0 1 38.458 12.176 37.318 11.569
36 0 1 38.449 12.176 37.309 11.569
37 0 1 38.422 12.176 37.282 11.569
38 0 1 38.395 12.195 37.255 11.587
39 0 1 38.196 12.149 37.319 11.478
40 0 1 38.141 12.149 37.264 11.515
41 0 1 38.114 12.104 37.219 11.487
42 0 1 38.024 12.122 37.165 11.496
43 0 1 38.024 12.186 37.138 11.451
44 0 1 38.006 12.149 37.074 11.478
45 0 1 38.042 12.122 37.029 11.505
46 0 1 38.015 12.131 37.001 11.514
47 0 1 38.006 12.140 36.992 11.524
48 0 1 37.978 12.149 36.965 11.533
49 0 1 37.969 12.158 36.956 11.542
50 0 1 37.942 12.167 36.929 11.551
51 0 1 37.915 12.176 36.902 11.560
52 0 1 37.870 12.186 36.856 11.569
53 0 1 37.861 12.195 36.847 11.578
54 0 1 37.833 12.204 36.820 11.587
55 0 1 37.806 12.213 36.793 11.596
56 0 1 37.779 12.222 36.765 11.605
57 0 1 37.924 12.313 36.928 11.696
58 0 1 37.924 12.303 36.919 11.687
59 0 1 37.906 12.313 36.901 11.696
60 0 1 37.887 12.303 36.883 11.687
61 0 1 37.869 12.294 36.865 11.678
62 0 1 37.851 12.285 36.847 11.669
63 0 1 37.833 12.276 36.829 11.660
64 0 1 37.797 12.267 36.792 11.650
65 0 1 37.761 12.276 36.756 11.660
66 0 1 37.743 12.285 36.738 11.669
67 0 1 37.706 12.294 36.702 11.678
68 0 1 37.670 12.304 36.665 11.687
69 0 1 37.652 12.313 36.647 11.696
70 0 1 37.616 12.304 36.611 11.687
71 0 1 37.579 12.331 36.575 11.714
72 0 1 37.543 12.322 36.538 11.705
73 0 1 37.507 12.331 36.502 11.714
74 0 1 37.471 12.322 36.466 11.705
75 0 1 37.434 12.331 36.429 11.714
76 0 1 37.380 12.322 36.375 11.705
77 0 1 37.344 12.331 36.339 11.714
78 0 1 37.307 12.322 36.303 11.705
79 0 1 37.271 12.331 36.266 11.714
80 0 1 37.235 12.322 36.230 11.705
81 0 1 37.217 12.331 36.212 11.714
82 0 1 37.199 12.340 36.194 11.723
83 0 1 37.162 12.349 36.157 11.732
84 0 1 37.126 12.376 36.121 11.759
85 0 1 37.090 12.403 36.084 11.786
86 0 1 37.053 12.431 36.048 11.814
87 0 1 37.017 12.440 36.012 11.823
88 0 1 36.981 12.431 35.975 11.814
89 0 1 36.944 12.422 35.939 11.805
90 0 1 36.890 12.413 35.885 11.795
91 0 1 36.836 12.422 35.830 11.805
92 0 1 36.799 12.413 35.794 11.795
93 0 1 36.745 12.422 35.739 11.805
94 0 1 36.690 12.413 35.685 11.795
95 0 1 36.636 12.422 35.631 11.805
96 0 1 36.582 12.413 35.576 11.795
97 0 1 36.545 12.422 35.540 11.805
98 0 1 36.509 12.431 35.503 11.814
99 0 1 36.473 12.440 35.467 11.823
100 0 1 36.436 12.413 35.431 11.795
101 0 1 36.418 12.404 35.413 11.786
102 0 1 36.364 12.395 35.358 11.777
103 0 1 36.309 12.367 35.304 11.750
104 0 1 36.255 12.358 35.249 11.741
105 0 1 36.219 12.349 35.213 11.732
106 0 1 36.164 12.340 35.159 11.723
107 0 1 36.073 12.413 34.949 11.814
108 0 1 36.019 12.413 35.004 11.805
109 0 1 35.973 12.413 34.958 11.805
110 0 1 35.928 12.413 34.913 11.805
111 0 1 35.883 12.413 34.868 11.804
112 0 1 35.819 12.413 34.804 11.804
113 0 1 35.774 12.413 34.758 11.804
114 0 1 35.728 12.413 34.713 11.804
115 0 1 35.683 12.395 34.668 11.786
116 0 1 35.638 12.395 34.622 11.786
117 0 1 35.610 12.395 34.595 11.786
118 0 1 35.583 12.413 34.568 11.804
119 0 1 35.574 12.449 34.558 11.841
120 0 1 35.528 12.486 34.513 11.877
121 0 1 35.483 12.504 34.467 11.895
122 0 1 35.419 12.504 34.404 11.895
123 0 1 35.392 12.504 34.376 11.895
124 0 1 35.328 12.486 34.313 11.877
125 0 1 35.283 12.468 34.267 11.859
126 0 1 35.219 12.449 34.204 11.841
127 0 1 35.174 12.449 34.158 11.841
128 0 1 35.110 12.431 34.095 11.823
129 0 1 35.065 12.431 34.049 11.823
130 0 1 35.001 12.431 33.986 11.823
131 0 1 34.956 12.431 33.940 11.823
132 0 1 34.911 12.431 33.895 11.823
133 0 1 34.883 12.431 33.867 11.823
134 0 1 34.838 12.431 33.822 11.823
135 0 1 34.792 12.413 33.776 11.804
137 0 1 34.783 12.404 33.767 11.795
138 0 1 34.738 12.404 33.722 11.795
139 0 1 34.674 12.386 33.658 11.777
140 0 1 34.647 12.404 33.631 11.795
141 0 1 34.602 12.386 33.585 11.777
142 0 1 34.556 12.404 33.540 11.795
143 0 1 34.511 12.386 33.494 11.777
144 0 1 34.465 12.386 33.449 11.777
145 0 1 34.402 12.386 33.385 11.777
146 0 1 34.356 12.386 33.340 11.777
147 0 1 34.311 12.386 33.294 11.777
148 0 1 34.265 12.368 33.249 11.759
149 0 1 34.202 12.350 33.185 11.741
150 0 1 34.156 12.350 33.140 11.741
151 0 1 34.111 12.350 33.094 11.741
152 0 1 34.083 12.350 33.067 11.741
0 1 1 39.742 12.992 38.684 12.312
1 1 1 39.769 13.010 38.666 12.303
2 1 1 39.715 13.001 38.612 12.294
3 1 1 39.697 13.010 38.594 12.303
4 1 1 39.651 13.001 38.549 12.294
5 1 1 39.670 12.992 38.567 12.285
6 1 1 39.615 12.983 38.512 12.276
7 1 1 39.606 12.974 38.503 12.267
8 1 1 39.561 12.947 38.458 12.240
9 1 1 39.407 13.019 38.286 12.276
10 1 1 39.407 13.010 38.295 12.276
11 1 1 39.362 13.019 38.250 12.285
12 1 1 39.298 13.029 38.186 12.294
13 1 1 39.244 13.010 38.132 12.276
14 1 1 39.172 13.020 38.060 12.285
15 1 1 39.154 13.011 38.042 12.276
16 1 1 39.117 13.029 38.005 12.294
17 1 1 39.090 13.011 37.978 12.276
18 1 1 39.063 13.011 37.951 12.276
19 1 1 39.027 13.011 37.915 12.276
20 1 1 38.982 12.992 37.869 12.258
21 1 1 38.937 13.002 37.797 12.249
22 1 1 38.927 12.992 37.806 12.258
23 1 1 38.900 12.993 37.779 12.258
24 1 1 38.891 12.993 37.770 12.258
25 1 1 38.882 12.974 37.761 12.240
26 1 1 38.855 12.993 37.734 12.258
27 1 1 38.828 12.974 37.706 12.240
28 1 1 38.801 12.993 37.679 12.258
29 1 1 38.774 12.974 37.652 12.240
30 1 1 38.746 12.993 37.625 12.258
31 1 1 38.701 12.993 37.579 12.258
32 1 1 38.674 12.993 37.552 12.258
33 1 1 38.629 12.993 37.507 12.258
34 1 1 38.620 13.011 37.498 12.276
35 1 1 38.574 13.029 37.452 12.294
36 1 1 38.565 13.029 37.443 12.294
37 1 1 38.520 13.047 37.398 12.313
38 1 1 38.493 13.083 37.371 12.349
39 1 1 38.465 13.102 37.344 12.367
40 1 1 38.456 13.102 37.334 12.367
41 1 1 38.429 13.102 37.307 12.367
42 1 1 38.420 13.102 37.298 12.367
43 1 1 38.411 13.102 37.289 12.367
44 1 1 38.420 13.102 37.298 12.367
45 1 1 38.411 13.102 37.289 12.367
46 1 1 38.402 13.102 37.280 12.367
47 1 1 38.375 13.102 37.253 12.367
48 1 1 38.348 13.102 37.226 12.367
49 1 1 38.320 13.102 37.198 12.367
50 1 1 38.293 13.102 37.171 12.367
51 1 1 38.248 13.102 37.126 12.367
52 1 1 38.221 13.102 37.099 12.367
53 1 1 38.194 13.102 37.072 12.367
54 1 1 38.166 13.102 37.044 12.367
55 1 1 38.121 13.084 36.999 12.349
56 1 1 38.112 13.102 36.990 12.367
57 1 1 37.958 13.120 36.854 12.322
58 1 1 37.967 13.093 36.854 12.349
59 1 1 37.949 13.084 36.836 12.340
60 1 1 37.913 13.075 36.800 12.331
61 1 1 37.895 13.084 36.781 12.340
62 1 1 37.895 13.057 36.781 12.313
63 1 1 37.877 13.066 36.763 12.322
64 1 1 37.858 13.057 36.745 12.313
65 1 1 37.858 13.066 36.745 12.322
66 1 1 37.840 13.057 36.727 12.313
67 1 1 37.786 13.066 36.673 12.322
68 1 1 37.750 13.057 36.636 12.313
69 1 1 37.713 13.066 36.600 12.322
70 1 1 37.677 13.057 36.564 12.313
71 1 1 37.641 13.066 36.527 12.322
72 1 1 37.605 13.057 36.491 12.313
73 1 1 37.550 13.066 36.437 12.322
74 1 1 37.496 13.075 36.382 12.331
75 1 1 37.478 13.102 36.364 12.358
76 1 1 37.423 13.111 36.309 12.367
77 1 1 37.387 13.120 36.273 12.376
78 1 1 37.351 13.130 36.237 12.386
79 1 1 37.314 13.139 36.200 12.395
80 1 1 37.278 13.130 36.164 12.386
81 1 1 37.242 13.157 36.128 12.413
82 1 1 37.205 13.166 36.091 12.422
83 1 1 37.151 13.175 36.037 12.431
84 1 1 37.078 13.184 35.964 12.440
85 1 1 37.042 13.193 35.928 12.449
86 1 1 37.024 13.184 35.910 12.440
87 1 1 37.006 13.193 35.892 12.449
88 1 1 36.951 13.184 35.837 12.440
89 1 1 36.915 13.193 35.801 12.449
90 1 1 36.879 13.184 35.765 12.440
91 1 1 36.824 13.194 35.710 12.449
92 1 1 36.788 13.184 35.674 12.440
93 1 1 36.734 13.175 35.619 12.431
94 1 1 36.697 13.166 35.583 12.422
95 1 1 36.643 13.157 35.528 12.413
96 1 1 36.588 13.148 35.474 12.404
97 1 1 36.552 13.139 35.438 12.395
98 1 1 36.516 13.130 35.401 12.386
99 1 1 36.480 13.121 35.365 12.377
100 1 1 36.443 13.112 35.329 12.368
101 1 1 36.389 13.103 35.274 12.358
102 1 1 36.334 13.094 35.220 12.349
103 1 1 36.298 13.103 35.183 12.359
104 1 1 36.280 13.094 35.165 12.349
105 1 1 36.225 13.103 35.111 12.359
106 1 1 36.189 13.094 35.074 12.349
107 1 1 36.107 13.149 35.011 12.422
108 1 1 36.107 13.149 35.001 12.413
109 1 1 36.062 13.149 34.956 12.413
110 1 1 36.016 13.167 34.911 12.431
111 1 1 35.971 13.167 34.865 12.431
112 1 1 35.926 13.167 34.820 12.431
113 1 1 35.880 13.167 34.774 12.431
114 1 1 35.835 13.167 34.729 12.431
115 1 1 35.789 13.167 34.683 12.431
116 1 1 35.744 13.167 34.638 12.431
117 1 1 35.698 13.167 34.592 12.431
118 1 1 35.653 13.167 34.547 12.431
119 1 1 35.589 13.167 34.483 12.431
120 1 1 35.544 13.167 34.438 12.431
121 1 1 35.480 13.167 34.374 12.431
122 1 1 35.453 13.167 34.347 12.431
123 1 1 35.426 13.167 34.319 12.431
124 1 1 35.380 13.185 34.274 12.450
125 1 1 35.335 13.185 34.228 12.450
126 1 1 35.308 13.167 34.201 12.431
127 1 1 35.262 13.167 34.156 12.431
128 1 1 35.217 13.167 34.110 12.431
129 1 1 35.171 13.167 34.065 12.431
130 1 1 35.144 13.149 34.038 12.413
131 1 1 35.099 13.149 33.992 12.413
132 1 1 35.053 13.149 33.947 12.413
133 1 1 35.008 13.149 33.901 12.413
134 1 1 34.962 13.149 33.856 12.413
135 1 1 34.917 13.131 33.810 12.395
137 1 1 34.808 13.131 33.701 12.395
138 1 1 34.762 13.113 33.656 12.377
139 1 1 34.717 13.095 33.610 12.359
140 1 1 34.690 13.113 33.583 12.377
141 1 1 34.644 13.113 33.537 12.377
142 1 1 34.599 13.113 33.492 12.377
143 1 1 34.553 13.113 33.446 12.377
144 1 1 34.526 13.113 33.419 12.377
145 1 1 34.462 13.113 33.355 12.377
146 1 1 34.417 13.131 33.309 12.395
147 1 1 34.371 13.132 33.264 12.395
148 1 1 34.326 13.132 33.218 12.395
149 1 1 34.280 13.132 33.173 12.395
150 1 1 34.235 13.132 33.127 12.395
151 1 1 34.189 13.132 33.082 12.395
152 1 1 34.144 13.132 33.036 12.395
136 1 1 34.871 13.131 33.765 12.395
0 2 1 37.877 8.953 36.821 8.192
1 2 1 37.904 8.980 36.803 8.183
2 2 1 37.877 8.971 36.776 8.174
3 2 1 37.832 8.998 36.730 8.201
4 2 1 37.805 8.998 36.703 8.201
5 2 1 37.742 8.989 36.640 8.192
6 2 1 37.714 8.998 36.613 8.201
7 2 1 37.651 8.998 36.549 8.200
8 2 1 37.624 8.989 36.522 8.191
9 2 1 37.579 9.016 36.477 8.218
10 2 1 37.552 9.016 36.449 8.218
11 2 1 37.506 8.989 36.404 8.191
12 2 1 37.461 9.052 36.359 8.254
13 2 1 37.416 9.061 36.313 8.263
14 2 1 37.370 9.097 36.268 8.299
15 2 1 37.325 9.070 36.223 8.272
16 2 1 37.298 9.070 36.196 8.272
17 2 1 37.253 9.061 36.150 8.263
18 2 1 37.207 9.070 36.105 8.272
19 2 1 37.144 9.069 36.042 8.272
20 2 1 37.117 9.069 36.015 8.272
21 2 1 37.072 9.051 35.969 8.253
22 2 1 37.026 9.051 35.924 8.253
23 2 1 36.981 9.042 35.879 8.244
24 2 1 36.936 9.051 35.833 8.253
25 2 1 36.891 9.051 35.788 8.253
26 2 1 36.864 9.051 35.761 8.253
27 2 1 36.818 9.051 35.716 8.253
28 2 1 36.773 9.051 35.670 8.253
29 2 1 36.728 9.033 35.625 8.235
30 2 1 36.701 9.014 35.598 8.217
31 2 1 36.655 9.014 35.553 8.216
32 2 1 36.628 9.005 35.525 8.207
33 2 1 36.583 9.014 35.480 8.216
34 2 1 36.556 9.014 35.453 8.216
35 2 1 36.492 9.014 35.389 8.216
36 2 1 36.465 9.014 35.362 8.216
37 2 1 36.420 9.014 35.317 8.216
38 2 1 36.375 9.005 35.272 8.207
39 2 1 36.329 9.014 35.226 8.216
40 2 1 36.302 9.014 35.199 8.216
41 2 1 36.239 9.014 35.136 8.216
42 2 1 36.211 9.014 35.108 8.216
43 2 1 36.166 9.032 35.063 8.234
44 2 1 36.121 9.023 35.018 8.224
45 2 1 36.075 9.032 34.972 8.233
46 2 1 36.048 9.023 34.945 8.224
47 2 1 36.003 9.041 34.900 8.242
48 2 1 35.939 9.068 34.836 8.269
49 2 1 35.894 9.077 34.791 8.278
50 2 1 35.849 9.086 34.745 8.287
51 2 1 35.803 9.085 34.700 8.287
52 2 1 35.776 9.085 34.673 8.287
53 2 1 35.713 9.076 34.609 8.278
54 2 1 35.667 9.085 34.564 8.287
55 2 1 35.622 9.076 34.518 8.278
56 2 1 35.595 9.085 34.491 8.287
57 2 1 35.614 8.913 34.528 8.242
58 2 1 35.613 8.949 34.519 8.205
59 2 1 35.577 8.958 34.482 8.214
60 2 1 35.541 8.967 34.446 8.223
61 2 1 35.505 8.958 34.410 8.214
62 2 1 35.450 8.967 34.355 8.223
63 2 1 35.432 8.976 34.337 8.232
64 2 1 35.378 8.985 34.283 8.241
65 2 1 35.359 8.976 34.265 8.232
66 2 1 35.305 8.967 34.210 8.223
67 2 1 35.269 8.958 34.174 8.214
68 2 1 35.232 8.967 34.138 8.223
69 2 1 35.178 8.958 34.083 8.213
70 2 1 35.124 8.967 34.029 8.222
71 2 1 35.106 8.958 34.010 8.213
72 2 1 35.051 8.967 33.956 8.222
73 2 1 34.942 9.102 33.928 8.286
74 2 1 34.933 9.093 33.892 8.304
75 2 1 34.905 9.111 33.874 8.267
76 2 1 34.942 9.084 33.865 8.285
77 2 1 34.915 9.084 33.874 8.249
78 2 1 34.905 9.084 33.837 8.313
79 2 1 34.896 9.066 33.847 8.313
80 2 1 34.851 9.066 33.801 8.313
81 2 1 34.824 9.066 33.774 8.312
82 2 1 34.760 9.084 33.710 8.330
83 2 1 34.733 9.102 33.683 8.349
84 2 1 34.669 9.102 33.619 8.348
85 2 1 34.624 9.102 33.574 8.348
86 2 1 34.579 9.102 33.529 8.348
87 2 1 34.551 9.084 33.501 8.330
88 2 1 34.506 9.083 33.456 8.330
89 2 1 34.479 9.083 33.429 8.330
90 2 1 34.434 9.065 33.383 8.312
91 2 1 34.406 9.047 33.356 8.294
92 2 1 34.343 9.047 33.293 8.293
93 2 1 34.316 9.029 33.265 8.275
94 2 1 34.270 9.011 33.220 8.257
95 2 1 34.243 9.029 33.193 8.275
96 2 1 34.198 9.011 33.147 8.257
97 2 1 33.880 9.037 33.038 8.211
98 2 1 33.980 9.001 32.947 8.247
99 2 1 33.934 9.001 32.902 8.247
100 2 1 33.907 9.001 32.875 8.247
101 2 1 33.862 9.001 32.829 8.247
102 2 1 33.816 8.983 32.784 8.229
103 2 1 33.771 8.983 32.738 8.229
104 2 1 33.744 8.983 32.711 8.229
105 2 1 33.698 8.983 32.666 8.229
106 2 1 33.516 9.127 32.557 8.201
107 2 1 33.553 9.037 32.529 8.274
108 2 1 33.516 9.028 32.493 8.265
109 2 1 33.480 9.018 32.456 8.256
110 2 1 33.444 9.027 32.420 8.265
111 2 1 33.389 9.018 32.365 8.255
112 2 1 33.353 9.027 32.329 8.264
113 2 1 33.298 9.018 32.274 8.255
114 2 1 33.262 9.027 32.238 8.264
115 2 1 33.207 9.018 32.184 8.255
116 2 1 33.171 9.027 32.147 8.264
117 2 1 33.116 9.018 32.093 8.255
118 2 1 33.080 9.027 32.056 8.264
119 2 1 33.025 9.036 32.001 8.273
120 2 1 32.989 9.045 31.965 8.282
121 2 1 32.934 9.036 31.910 8.273
122 2 1 32.898 9.045 31.874 8.282
123 2 1 32.880 9.018 31.856 8.254
124 2 1 32.844 9.008 31.820 8.245
125 2 1 32.807 8.999 31.783 8.236
126 2 1 32.753 8.990 31.729 8.227
127 2 1 32.698 8.981 31.674 8.218
128 2 1 32.662 8.990 31.638 8.227
129 2 1 32.607 8.981 31.583 8.218
130 2 1 32.571 8.990 31.547 8.227
131 2 1 32.535 8.981 31.510 8.217
132 2 1 32.498 8.990 31.474 8.226
133 2 1 32.462 8.981 31.437 8.217
134 2 1 32.425 8.990 31.401 8.226
135 2 1 32.371 8.980 31.346 8.217
137 2 1 32.280 8.980 31.255 8.217
138 2 1 32.243 8.971 31.219 8.208
139 2 1 32.189 8.962 31.164 8.199
140 2 1 32.152 8.971 31.128 8.208
141 2 1 32.116 8.962 31.092 8.198
142 2 1 32.061 8.971 31.037 8.207
143 2 1 32.025 8.962 31.000 8.198
144 2 1 31.970 8.953 30.946 8.189
145 2 1 31.934 8.943 30.909 8.180
146 2 1 31.879 8.952 30.855 8.189
147 2 1 31.843 8.943 30.818 8.180
148 2 1 31.788 8.952 30.764 8.189
149 2 1 31.752 8.943 30.727 8.180
150 2 1 31.716 8.952 30.691 8.189
151 2 1 31.661 8.943 30.636 8.179
152 2 1 31.606 8.952 30.581 8.188
136 2 1 32.334 8.989 31.310 8.226
0 3 1 37.690 11.596 36.867 10.961
1 3 1 37.717 11.614 36.858 10.952
2 3 1 37.663 11.605 36.804 10.943
3 3 1 37.626 11.596 36.767 10.934
4 3 1 37.572 11.587 36.713 10.925
5 3 1 37.518 11.578 36.659 10.916
6 3 1 37.491 11.578 36.631 10.916
7 3 1 37.436 11.569 36.577 10.907
8 3 1 37.364 11.569 36.505 10.907
9 3 1 37.337 11.560 36.477 10.898
10 3 1 37.273 11.560 36.414 10.898
11 3 1 37.146 11.596 36.287 10.934
12 3 1 37.174 11.551 36.314 10.889
13 3 1 37.137 11.551 36.278 10.889
14 3 1 37.128 11.524 36.269 10.861
15 3 1 37.056 11.542 36.196 10.879
16 3 1 37.010 11.533 36.151 10.870
17 3 1 36.947 11.542 36.087 10.879
18 3 1 36.911 11.523 36.051 10.861
19 3 1 36.865 11.523 36.006 10.861
20 3 1 36.811 11.523 35.951 10.861
21 3 1 36.757 11.514 35.897 10.852
22 3 1 36.702 11.514 35.843 10.852
23 3 1 36.648 11.505 35.788 10.843
24 3 1 36.593 11.496 35.734 10.834
25 3 1 36.548 11.496 35.688 10.834
26 3 1 36.494 11.487 35.634 10.825
27 3 1 36.439 11.478 35.580 10.816
28 3 1 36.403 11.478 35.543 10.816
29 3 1 36.349 11.478 35.489 10.816
30 3 1 36.303 11.478 35.443 10.816
31 3 1 36.249 11.469 35.389 10.806
32 3 1 36.203 11.469 35.344 10.806
34 3 1 36.194 11.460 35.335 10.797
35 3 1 36.149 11.460 35.289 10.797
36 3 1 36.104 11.460 35.244 10.797
37 3 1 36.049 11.460 35.189 10.797
38 3 1 35.940 11.523 34.962 10.842
39 3 1 35.913 11.514 34.998 10.842
40 3 1 35.858 11.523 34.944 10.852
41 3 1 35.840 11.514 34.926 10.842
42 3 1 35.768 11.523 34.853 10.851
43 3 1 35.713 11.532 34.799 10.861
44 3 1 35.677 11.541 34.762 10.870
45 3 1 35.641 11.532 34.726 10.860
46 3 1 35.604 11.541 34.690 10.870
47 3 1 35.568 11.532 34.653 10.860
48 3 1 35.532 11.541 34.617 10.869
49 3 1 35.495 11.532 34.581 10.860
50 3 1 35.459 11.541 34.544 10.869
51 3 1 35.405 11.532 34.490 10.860
52 3 1 35.350 11.541 34.435 10.869
53 3 1 35.314 11.532 34.399 10.860
54 3 1 35.277 11.541 34.362 10.869
55 3 1 35.223 11.532 34.308 10.860
56 3 1 35.168 11.541 34.253 10.869
57 3 1 35.132 11.532 34.217 10.860
58 3 1 35.096 11.523 34.181 10.851
59 3 1 35.041 11.514 34.126 10.842
60 3 1 34.969 11.523 34.053 10.851
61 3 1 34.914 11.514 33.999 10.842
62 3 1 34.896 11.505 33.981 10.833
63 3 1 34.841 11.496 33.926 10.824
64 3 1 34.823 11.505 33.908 10.833
65 3 1 34.769 11.496 33.854 10.824
66 3 1 34.751 11.505 33.835 10.833
67 3 1 34.696 11.496 33.781 10.824
68 3 1 34.660 11.505 33.744 10.833
69 3 1 34.623 11.496 33.708 10.824
70 3 1 34.569 11.505 33.653 10.833
71 3 1 34.514 11.496 33.599 10.823
72 3 1 34.478 11.505 33.562 10.833
73 3 1 34.423 11.496 33.508 10.823
74 3 1 34.369 11.505 33.453 10.832
75 3 1 34.333 11.496 33.417 10.823
76 3 1 34.278 11.505 33.362 10.832
77 3 1 34.223 11.496 33.308 10.823
78 3 1 34.187 11.505 33.271 10.832
79 3 1 34.132 11.496 33.217 10.823
80 3 1 34.078 11.505 33.162 10.832
81 3 1 34.042 11.496 33.126 10.823
82 3 1 34.005 11.505 33.089 10.832
83 3 1 33.969 11.496 33.053 10.823
84 3 1 33.914 11.505 32.998 10.832
85 3 1 33.860 11.496 32.944 10.823
86 3 1 33.823 11.505 32.907 10.832
87 3 1 33.787 11.496 32.871 10.823
88 3 1 33.732 11.505 32.816 10.832
89 3 1 33.678 11.496 32.762 10.823
90 3 1 33.641 11.505 32.725 10.832
91 3 1 33.587 11.495 32.671 10.823
92 3 1 33.532 11.505 32.616 10.832
93 3 1 33.496 11.495 32.580 10.823
94 3 1 33.459 11.505 32.543 10.832
95 3 1 33.405 11.495 32.489 10.823
96 3 1 33.332 11.505 32.416 10.832
97 3 1 33.295 11.514 32.379 10.841
98 3 1 33.259 11.504 32.343 10.832
99 3 1 33.223 11.514 32.306 10.841
100 3 1 33.186 11.523 32.270 10.850
101 3 1 33.150 11.532 32.233 10.859
102 3 1 33.113 11.541 32.197 10.868
103 3 1 33.059 11.532 32.142 10.859
104 3 1 33.040 11.541 32.124 10.868
105 3 1 32.986 11.532 32.069 10.859
106 3 1 32.968 11.541 32.051 10.868
107 3 1 32.931 11.532 32.015 10.859
108 3 1 32.913 11.541 31.997 10.868
109 3 1 32.877 11.550 31.960 10.877
110 3 1 32.822 11.559 31.905 10.886
111 3 1 32.749 11.568 31.832 10.895
112 3 1 32.676 11.577 31.759 10.904
113 3 1 32.603 11.586 31.686 10.913
115 3 1 32.594 11.577 31.677 10.904
116 3 1 32.558 11.586 31.641 10.913
117 3 1 32.539 11.595 31.623 10.922
118 3 1 32.348 11.595 31.468 10.840
119 3 1 32.366 11.559 31.459 10.877
120 3 1 32.321 11.559 31.413 10.877
121 3 1 32.275 11.559 31.368 10.877
122 3 1 32.248 11.559 31.340 10.877
123 3 1 32.221 11.559 31.313 10.877
124 3 1 32.193 11.559 31.286 10.877
125 3 1 32.148 11.559 31.240 10.877
126 3 1 32.120 11.577 31.212 10.895
127 3 1 32.057 11.577 31.149 10.895
128 3 1 31.993 11.595 31.085 10.913
129 3 1 31.910 11.613 31.003 10.931
130 3 1 31.810 11.613 30.902 10.931
131 3 1 31.728 11.613 30.820 10.931
132 3 1 31.701 11.595 30.793 10.913
133 3 1 31.674 11.595 30.765 10.913
134 3 1 31.665 11.577 30.756 10.895
135 3 1 31.637 11.577 30.729 10.894
137 3 1 31.601 11.577 30.693 10.894
138 3 1 31.592 11.577 30.683 10.894
139 3 1 31.564 11.577 30.656 10.894
140 3 1 31.555 11.577 30.647 10.894
141 3 1 31.510 11.577 30.601 10.894
142 3 1 31.464 11.595 30.556 10.913
143 3 1 31.382 11.613 30.473 10.931
144 3 1 31.318 11.631 30.409 10.949
145 3 1 31.053 11.650 30.127 10.912
147 3 1 31.044 11.622 30.136 10.940
148 3 1 30.998 11.622 30.090 10.940
149 3 1 30.989 11.640 30.081 10.958
150 3 1 30.962 11.640 30.053 10.958
151 3 1 30.934 11.640 30.026 10.958
152 3 1 30.889 11.640 29.980 10.958
136 3 1 31.628 11.577 30.720 10.894
0 4 1 37.960 12.412 37.055 11.687
1 4 1 37.987 12.430 37.046 11.678
2 4 1 37.923 12.430 36.983 11.678
3 4 1 37.896 12.430 36.956 11.678
4 4 1 37.842 12.430 36.901 11.678
5 4 1 37.778 12.431 36.838 11.678
6 4 1 37.751 12.412 36.811 11.660
7 4 1 37.697 12.412 36.756 11.660
8 4 1 37.624 12.421 36.684 11.669
9 4 1 37.606 12.394 36.666 11.641
10 4 1 37.552 12.394 36.611 11.641
11 4 1 37.434 12.503 36.493 11.750
12 4 1 37.461 12.394 36.520 11.641
13 4 1 37.425 12.394 36.484 11.641
14 4 1 37.425 12.358 36.484 11.605
15 4 1 37.334 12.412 36.393 11.659
16 4 1 37.298 12.412 36.357 11.659
17 4 1 37.235 12.431 36.294 11.678
18 4 1 37.207 12.413 36.266 11.659
19 4 1 37.153 12.413 36.212 11.659
20 4 1 37.117 12.413 36.176 11.659
21 4 1 37.062 12.413 36.121 11.659
22 4 1 37.026 12.413 36.085 11.659
23 4 1 36.972 12.431 36.030 11.678
24 4 1 36.935 12.431 35.994 11.678
25 4 1 36.881 12.431 35.940 11.678
26 4 1 36.845 12.431 35.903 11.678
27 4 1 36.808 12.431 35.867 11.678
28 4 1 36.772 12.413 35.831 11.659
29 4 1 36.718 12.413 35.776 11.659
30 4 1 36.681 12.413 35.740 11.659
31 4 1 36.627 12.394 35.686 11.641
32 4 1 36.591 12.395 35.649 11.641
33 4 1 36.554 12.376 35.613 11.623
34 4 1 36.500 12.376 35.559 11.623
35 4 1 36.464 12.358 35.522 11.605
36 4 1 36.409 12.340 35.468 11.587
37 4 1 36.373 12.340 35.432 11.587
38 4 1 36.319 12.322 35.377 11.569
39 4 1 36.264 12.304 35.323 11.550
40 4 1 36.228 12.286 35.286 11.532
41 4 1 36.174 12.267 35.232 11.514
42 4 1 36.119 12.268 35.178 11.514
43 4 1 36.083 12.249 35.141 11.496
44 4 1 36.028 12.249 35.087 11.496
45 4 1 35.992 12.231 35.051 11.478
46 4 1 35.938 12.231 34.996 11.478
47 4 1 35.901 12.231 34.960 11.478
48 4 1 35.847 12.231 34.905 11.478
49 4 1 35.811 12.231 34.869 11.478
50 4 1 35.756 12.231 34.814 11.478
51 4 1 35.702 12.231 34.760 11.478
52 4 1 35.665 12.231 34.723 11.478
53 4 1 35.611 12.231 34.669 11.478
54 4 1 35.556 12.231 34.614 11.478
55 4 1 35.502 12.249 34.560 11.496
56 4 1 35.447 12.249 34.505 11.496
57 4 1 35.411 12.268 34.469 11.514
58 4 1 35.356 12.268 34.414 11.514
59 4 1 35.320 12.268 34.378 11.514
60 4 1 35.266 12.268 34.323 11.514
61 4 1 35.229 12.268 34.287 11.514
62 4 1 35.175 12.268 34.232 11.514
63 4 1 35.138 12.268 34.196 11.514
64 4 1 35.084 12.268 34.142 11.514
65 4 1 35.047 12.268 34.105 11.514
66 4 1 34.993 12.268 34.051 11.514
67 4 1 34.938 12.268 33.996 11.514
68 4 1 34.893 12.268 33.951 11.514
69 4 1 34.848 12.268 33.905 11.514
70 4 1 34.793 12.268 33.850 11.514
71 4 1 34.738 12.268 33.796 11.514
72 4 1 34.684 12.268 33.741 11.514
73 4 1 34.629 12.268 33.687 11.514
74 4 1 34.584 12.268 33.641 11.514
75 4 1 34.538 12.268 33.596 11.514
76 4 1 34.502 12.268 33.559 11.514
77 4 1 34.447 12.268 33.505 11.514
78 4 1 34.411 12.286 33.468 11.532
79 4 1 34.375 12.286 33.432 11.532
80 4 1 34.320 12.286 33.377 11.532
81 4 1 34.284 12.304 33.341 11.550
82 4 1 34.229 12.304 33.286 11.550
83 4 1 34.174 12.304 33.232 11.550
84 4 1 34.138 12.322 33.195 11.568
85 4 1 34.083 12.322 33.140 11.568
86 4 1 34.029 12.322 33.086 11.568
87 4 1 33.974 12.341 33.031 11.586
88 4 1 33.920 12.341 32.977 11.586
89 4 1 33.874 12.359 32.931 11.604
90 4 1 33.829 12.359 32.885 11.604
91 4 1 33.792 12.359 32.849 11.604
92 4 1 33.738 12.359 32.794 11.604
93 4 1 33.701 12.377 32.758 11.623
94 4 1 33.665 12.377 32.721 11.623
95 4 1 33.610 12.377 32.667 11.623
96 4 1 33.574 12.377 32.630 11.623
97 4 1 33.519 12.377 32.576 11.623
98 4 1 33.483 12.377 32.539 11.622
99 4 1 33.428 12.377 32.485 11.622
100 4 1 33.373 12.377 32.430 11.622
101 4 1 33.319 12.377 32.375 11.622
102 4 1 33.264 12.377 32.321 11.622
103 4 1 33.210 12.359 32.266 11.604
104 4 1 33.164 12.359 32.220 11.604
105 4 1 33.118 12.359 32.175 11.604
106 4 1 33.055 12.359 32.111 11.604
107 4 1 33.027 12.359 32.084 11.604
108 4 1 32.973 12.359 32.029 11.604
109 4 1 32.936 12.359 31.993 11.604
110 4 1 32.882 12.359 31.938 11.604
111 4 1 32.845 12.359 31.901 11.604
112 4 1 32.809 12.377 31.865 11.622
113 4 1 32.754 12.377 31.810 11.622
114 4 1 32.718 12.377 31.774 11.622
115 4 1 32.663 12.377 31.719 11.622
116 4 1 32.608 12.377 31.664 11.622
117 4 1 32.572 12.395 31.628 11.641
118 4 1 32.517 12.396 31.573 11.641
119 4 1 32.462 12.396 31.518 11.641
120 4 1 32.408 12.414 31.463 11.659
121 4 1 32.353 12.414 31.409 11.659
122 4 1 32.307 12.432 31.363 11.677
123 4 1 32.262 12.432 31.317 11.677
124 4 1 32.225 12.432 31.281 11.677
125 4 1 32.170 12.432 31.226 11.677
126 4 1 32.134 12.432 31.190 11.677
127 4 1 32.097 12.432 31.153 11.677
128 4 1 32.043 12.432 31.098 11.677
129 4 1 32.006 12.432 31.062 11.677
130 4 1 31.970 12.432 31.025 11.677
131 4 1 31.915 12.432 30.971 11.677
132 4 1 31.879 12.432 30.934 11.677
133 4 1 31.824 12.432 30.879 11.677
134 4 1 31.769 12.432 30.825 11.677
135 4 1 31.714 12.432 30.770 11.677
137 4 1 31.605 12.414 30.661 11.659
138 4 1 31.569 12.414 30.624 11.659
139 4 1 31.505 12.414 30.560 11.659
140 4 1 31.468 12.414 30.524 11.659
141 4 1 31.441 12.414 30.496 11.659
142 4 1 31.377 12.414 30.432 11.659
143 4 1 31.350 12.414 30.405 11.659
144 4 1 31.295 12.414 30.350 11.659
145 4 1 31.258 12.414 30.314 11.659
146 4 1 31.213 12.414 30.268 11.659
147 4 1 31.158 12.414 30.213 11.659
148 4 1 31.131 12.432 30.186 11.677
149 4 1 31.076 12.432 30.131 11.677
150 4 1 31.021 12.451 30.076 11.695
151 4 1 30.966 12.451 30.021 11.695
152 4 1 30.911 12.469 29.966 11.713
136 4 1 31.660 12.414 30.715 11.659
0 5 1 38.960 9.859 38.103 9.143
1 5 1 38.987 9.877 38.094 9.134
2 5 1 38.933 9.868 38.040 9.125
3 5 1 38.915 9.877 38.022 9.134
4 5 1 38.789 9.831 38.004 9.089
5 5 1 38.798 9.831 37.995 9.089
6 5 1 38.762 9.840 37.958 9.098
7 5 1 38.707 9.831 37.904 9.089
8 5 1 38.671 9.840 37.868 9.098
9 5 1 38.635 9.849 37.832 9.107
10 5 1 38.581 9.858 37.777 9.116
11 5 1 38.508 9.831 37.705 9.088
12 5 1 38.490 9.858 37.687 9.116
13 5 1 38.454 9.867 37.651 9.125
14 5 1 38.382 9.840 37.461 9.061
15 5 1 38.291 9.795 37.452 9.043
16 5 1 38.255 9.795 37.416 9.043
17 5 1 38.219 9.795 37.380 9.043
18 5 1 38.237 9.876 37.352 9.079
19 5 1 38.128 9.858 37.298 9.079
20 5 1 38.083 9.867 37.262 9.088
21 5 1 38.038 9.867 37.180 9.088
22 5 1 37.984 9.903 37.117 9.088
23 5 1 37.948 9.876 37.117 9.115
24 5 1 37.920 9.867 37.090 9.106
25 5 1 37.875 9.876 36.954 9.178
26 5 1 37.803 9.848 36.872 9.150
27 5 1 37.803 9.857 36.863 9.159
28 5 1 37.757 9.875 36.918 9.141
29 5 1 37.631 9.848 36.764 9.132
30 5 1 37.558 9.884 36.737 9.069
31 5 1 37.586 9.839 36.773 9.069
32 5 1 37.504 9.875 36.746 9.042
33 5 1 37.522 9.884 36.764 8.987
34 5 1 37.495 9.875 36.719 8.978
35 5 1 37.432 9.857 36.646 8.942
36 5 1 37.441 9.776 36.655 9.023
37 5 1 37.314 9.793 36.556 8.960
38 5 1 37.323 9.748 36.547 8.996
39 5 1 37.278 9.748 36.501 8.996
40 5 1 37.233 9.748 36.456 8.996
41 5 1 37.169 9.766 36.257 9.086
42 5 1 37.178 9.802 36.238 9.122
43 5 1 37.151 9.784 36.220 9.104
44 5 1 37.106 9.811 36.202 9.104
45 5 1 36.997 9.784 36.111 9.131
46 5 1 36.943 9.793 36.066 9.113
47 5 1 36.888 9.802 36.111 9.104
48 5 1 36.852 9.802 36.075 9.104
49 5 1 36.861 9.838 35.967 9.068
50 5 1 36.852 9.838 35.948 9.086
51 5 1 36.789 9.811 35.939 9.068
52 5 1 36.753 9.784 35.976 9.086
53 5 1 36.680 9.847 35.840 9.067
54 5 1 36.626 9.802 35.767 9.022
55 5 1 36.580 9.793 35.686 9.067
56 5 1 36.544 9.820 35.686 9.058
57 5 1 36.481 9.720 35.514 8.985
58 5 1 36.418 9.720 35.631 9.022
59 5 1 36.472 9.774 35.577 8.967
60 5 1 36.463 9.756 35.559 8.931
61 5 1 36.345 9.765 35.550 8.949
62 5 1 36.291 9.765 35.496 8.886
63 5 1 36.182 9.738 35.414 8.813
64 5 1 36.164 9.683 35.387 8.859
65 5 1 36.146 9.656 35.342 8.831
66 5 1 36.082 9.674 35.296 8.831
67 5 1 36.037 9.602 35.260 8.768
68 5 1 35.992 9.629 35.224 8.759
69 5 1 35.947 9.629 35.142 8.831
70 5 1 35.910 9.647 35.088 8.876
71 5 1 35.874 9.629 35.015 8.849
72 5 1 35.847 9.665 35.024 8.894
73 5 1 35.820 9.620 35.051 8.921
74 5 1 35.765 9.620 34.997 8.921
75 5 1 35.711 9.601 34.942 8.903
76 5 1 35.656 9.683 34.825 8.894
77 5 1 35.593 9.674 34.752 8.894
78 5 1 35.502 9.692 34.743 8.921
79 5 1 35.447 9.719 34.706 8.921
80 5 1 35.366 9.701 34.661 8.912
81 5 1 35.320 9.746 34.634 8.921
82 5 1 35.348 9.673 34.615 8.975
83 5 1 35.302 9.673 34.570 8.975
84 5 1 35.257 9.664 34.525 8.966
85 5 1 35.212 9.664 34.479 8.966
86 5 1 35.166 9.655 34.434 8.957
87 5 1 35.121 9.646 34.389 8.947
88 5 1 35.076 9.646 34.343 8.947
89 5 1 35.021 9.637 34.289 8.938
90 5 1 34.976 9.628 34.243 8.929
91 5 1 34.931 9.628 34.198 8.929
92 5 1 34.885 9.618 34.153 8.920
93 5 1 34.849 9.618 34.116 8.920
94 5 1 34.721 9.709 34.053 8.811
95 5 1 34.658 9.691 33.990 8.829
96 5 1 34.631 9.627 33.935 8.775
97 5 1 34.640 9.600 33.935 8.775
98 5 1 34.631 9.582 33.899 8.775
99 5 1 34.577 9.582 33.817 8.747
100 5 1 34.513 9.591 33.745 8.774
101 5 1 34.495 9.582 33.663 8.828
102 5 1 34.513 9.627 33.672 8.828
103 5 1 34.504 9.654 33.663 8.828
104 5 1 34.431 9.582 33.726 8.883
105 5 1 34.386 9.582 33.681 8.883
106 5 1 34.350 9.582 33.644 8.883
107 5 1 34.304 9.581 33.599 8.883
108 5 1 34.259 9.591 33.553 8.892
109 5 1 34.204 9.590 33.508 8.892
111 5 1 34.195 9.581 33.499 8.883
112 5 1 34.159 9.590 33.462 8.892
113 5 1 34.113 9.590 33.417 8.891
114 5 1 34.068 9.590 33.372 8.891
115 5 1 34.023 9.599 33.326 8.900
116 5 1 33.986 9.599 33.290 8.900
117 5 1 33.941 9.599 33.244 8.900
118 5 1 33.895 9.599 33.199 8.900
119 5 1 33.841 9.599 33.144 8.900
120 5 1 33.795 9.599 33.099 8.900
121 5 1 33.750 9.599 33.053 8.900
122 5 1 33.576 9.816 32.789 8.936
124 5 1 33.531 9.717 32.834 9.017
125 5 1 33.486 9.716 32.789 9.017
126 5 1 33.486 9.735 32.789 9.035
127 5 1 33.404 9.735 32.707 9.035
128 5 1 33.368 9.734 32.671 9.035
129 5 1 33.313 9.743 32.616 9.044
131 5 1 33.304 9.734 32.607 9.035
132 5 1 33.277 9.734 32.580 9.035
133 5 1 33.222 9.743 32.525 9.044
134 5 1 33.176 9.752 32.480 9.053
135 5 1 33.131 9.752 32.434 9.053
137 5 1 33.031 9.770 32.334 9.071
138 5 1 32.985 9.770 32.288 9.071
139 5 1 32.940 9.770 32.243 9.071
140 5 1 32.894 9.770 32.197 9.071
142 5 1 32.885 9.761 32.188 9.062
143 5 1 32.849 9.761 32.152 9.062
144 5 1 32.804 9.761 32.106 9.062
145 5 1 32.503 9.788 31.760 9.079
147 5 1 32.485 9.779 31.788 9.079
148 5 1 32.449 9.779 31.751 9.079
149 5 1 32.403 9.779 31.706 9.079
150 5 1 32.348 9.779 31.651 9.079
151 5 1 32.303 9.779 31.606 9.079
152 5 1 32.248 9.769 31.551 9.070
136 5 1 33.076 9.761 32.379 9.062
0 6 1 37.946 10.518 37.006 9.893
1 6 1 37.973 10.536 36.988 9.884
2 6 1 37.928 10.545 36.943 9.893
3 6 1 37.883 10.554 36.897 9.902
4 6 1 37.846 10.545 36.861 9.893
5 6 1 37.810 10.554 36.825 9.902
6 6 1 37.774 10.545 36.789 9.892
7 6 1 37.738 10.536 36.752 9.883
8 6 1 37.674 10.527 36.689 9.874
9 6 1 37.647 10.536 36.662 9.883
10 6 1 37.611 10.527 36.626 9.874
11 6 1 37.539 10.436 36.553 9.784
12 6 1 37.539 10.509 36.553 9.856
13 6 1 37.484 10.518 36.499 9.865
14 6 1 37.466 10.545 36.481 9.892
15 6 1 37.394 10.500 36.408 9.847
16 6 1 37.358 10.491 36.372 9.838
17 6 1 37.303 10.472 36.318 9.819
18 6 1 37.267 10.472 36.281 9.819
19 6 1 37.213 10.463 36.227 9.810
20 6 1 37.177 10.454 36.191 9.801
21 6 1 37.140 10.463 36.154 9.810
22 6 1 37.104 10.554 36.209 9.810
23 6 1 37.122 10.518 36.173 9.837
24 6 1 37.086 10.518 36.136 9.837
25 6 1 37.050 10.518 36.100 9.837
26 6 1 37.013 10.499 36.064 9.819
27 6 1 36.977 10.517 36.027 9.837
28 6 1 36.923 10.499 35.973 9.819
29 6 1 36.886 10.517 35.937 9.837
30 6 1 36.850 10.499 35.901 9.819
31 6 1 36.814 10.499 35.864 9.819
32 6 1 36.642 10.490 35.701 9.828
33 6 1 36.578 10.499 35.683 9.810
34 6 1 36.597 10.472 35.574 9.810
35 6 1 36.587 10.472 35.538 9.819
36 6 1 36.533 10.472 35.583 9.819
37 6 1 36.497 10.463 35.547 9.810
38 6 1 36.461 10.454 35.511 9.800
39 6 1 36.406 10.463 35.456 9.809
40 6 1 36.370 10.454 35.420 9.800
41 6 1 36.334 10.445 35.384 9.791
42 6 1 36.279 10.435 35.329 9.782
43 6 1 36.189 10.435 35.375 9.755
44 6 1 36.189 10.417 35.338 9.755
45 6 1 36.225 10.408 35.302 9.755
46 6 1 36.180 10.399 35.257 9.746
47 6 1 36.134 10.408 35.211 9.755
48 6 1 36.089 10.399 35.166 9.746
49 6 1 35.989 10.381 34.866 9.800
50 6 1 35.953 10.399 34.875 9.791
51 6 1 35.935 10.363 34.885 9.791
52 6 1 35.944 10.381 34.766 9.800
53 6 1 35.881 10.381 34.785 9.781
54 6 1 35.781 10.408 34.758 9.736
55 6 1 35.708 10.362 34.804 9.591
56 6 1 35.636 10.362 34.803 9.646
57 6 1 35.690 10.308 34.740 9.691
58 6 1 35.572 10.371 34.694 9.691
59 6 1 35.599 10.335 34.658 9.718
60 6 1 35.554 10.326 34.612 9.709
61 6 1 35.427 10.380 34.558 9.618
62 6 1 35.463 10.308 34.531 9.691
63 6 1 35.427 10.299 34.495 9.681
64 6 1 35.373 10.308 34.440 9.690
65 6 1 35.336 10.317 34.404 9.699
66 6 1 35.236 10.407 34.149 9.763
67 6 1 35.227 10.444 34.176 9.808
68 6 1 35.209 10.462 34.122 9.808
69 6 1 35.136 10.434 34.203 9.817
70 6 1 35.100 10.425 34.167 9.808
71 6 1 35.045 10.434 34.112 9.817
72 6 1 34.945 10.462 34.140 9.763
73 6 1 35.000 10.416 34.076 9.799
74 6 1 34.955 10.407 34.031 9.790
75 6 1 34.909 10.398 33.985 9.781
76 6 1 34.882 10.407 33.958 9.790
77 6 1 34.837 10.398 33.913 9.780
78 6 1 34.646 10.452 33.831 9.735
79 6 1 34.700 10.398 33.785 9.780
80 6 1 34.555 10.434 33.704 9.780
81 6 1 34.582 10.407 33.676 9.789
82 6 1 34.537 10.416 33.631 9.798
83 6 1 34.510 10.425 33.604 9.807
84 6 1 34.510 10.416 33.558 9.771
85 6 1 34.482 10.398 33.576 9.780
86 6 1 34.437 10.389 33.531 9.771
87 6 1 34.392 10.379 33.486 9.762
88 6 1 34.364 10.388 33.458 9.771
89 6 1 34.301 10.379 33.395 9.762
90 6 1 34.274 10.388 33.367 9.771
91 6 1 34.228 10.397 33.322 9.780
92 6 1 34.201 10.406 33.295 9.789
93 6 1 34.155 10.397 33.249 9.780
94 6 1 34.128 10.406 33.222 9.789
95 6 1 34.083 10.415 33.176 9.798
96 6 1 34.037 10.425 33.131 9.807
97 6 1 33.992 10.415 33.085 9.798
98 6 1 33.964 10.443 33.058 9.825
99 6 1 34.000 10.488 32.967 9.834
100 6 1 33.919 10.506 32.985 9.834
101 6 1 33.964 10.506 32.940 9.834
102 6 1 33.764 10.524 32.931 9.834
103 6 1 33.800 10.488 32.903 9.870
104 6 1 33.764 10.497 32.867 9.879
105 6 1 33.728 10.488 32.830 9.870
106 6 1 33.691 10.497 32.794 9.879
107 6 1 33.655 10.506 32.757 9.888
108 6 1 33.619 10.515 32.721 9.897
109 6 1 33.582 10.506 32.685 9.888
110 6 1 33.546 10.515 32.648 9.897
111 6 1 33.491 10.524 32.593 9.906
112 6 1 33.437 10.533 32.539 9.915
113 6 1 33.418 10.524 32.521 9.906
114 6 1 33.364 10.551 32.466 9.933
115 6 1 33.346 10.542 32.448 9.924
116 6 1 33.291 10.551 32.393 9.933
117 6 1 33.255 10.542 32.357 9.924
118 6 1 33.218 10.551 32.320 9.933
119 6 1 33.182 10.542 32.284 9.924
120 6 1 33.145 10.551 32.247 9.933
121 6 1 33.109 10.560 32.211 9.942
122 6 1 33.054 10.551 32.156 9.933
123 6 1 33.000 10.560 32.102 9.942
124 6 1 32.963 10.551 32.065 9.933
125 6 1 32.927 10.560 32.029 9.942
126 6 1 32.890 10.569 31.992 9.951
127 6 1 32.854 10.578 31.956 9.960
128 6 1 32.681 10.659 31.965 9.878
129 6 1 32.626 10.641 31.920 9.896
130 6 1 32.718 10.578 31.838 9.960
131 6 1 32.681 10.587 31.801 9.969
132 6 1 32.645 10.578 31.765 9.959
133 6 1 32.608 10.587 31.728 9.969
134 6 1 32.554 10.596 31.673 9.978
135 6 1 32.499 10.605 31.619 9.987
137 6 1 32.426 10.623 31.546 10.005
138 6 1 32.371 10.614 31.491 9.996
139 6 1 32.317 10.623 31.436 10.005
140 6 1 32.280 10.632 31.400 10.014
141 6 1 32.244 10.641 31.363 10.023
142 6 1 32.207 10.650 31.327 10.032
143 6 1 32.171 10.659 31.290 10.041
144 6 1 32.134 10.650 31.254 10.032
145 6 1 32.098 10.659 31.217 10.041
146 6 1 32.080 10.650 31.199 10.032
147 6 1 32.025 10.659 31.145 10.041
148 6 1 32.007 10.668 31.126 10.050
149 6 1 31.970 10.677 31.090 10.059
150 6 1 31.916 10.686 31.035 10.068
151 6 1 31.897 10.695 31.017 10.077
152 6 1 31.824 10.686 30.944 10.068
136 6 1 32.462 10.614 31.582 9.996
0 7 1 36.989 9.612 35.921 9.022
1 7 1 37.016 9.630 35.903 9.013
2 7 1 36.970 9.639 35.858 9.022
3 7 1 36.925 9.648 35.813 9.031
4 7 1 36.889 9.639 35.831 9.049
5 7 1 36.898 9.639 35.831 9.049
6 7 1 36.798 9.657 35.822 9.004
7 7 1 36.826 9.639 35.794 9.031
8 7 1 36.807 9.666 35.776 9.058
9 7 1 36.771 9.675 35.740 9.067
10 7 1 36.554 9.602 35.713 8.886
11 7 1 36.409 9.611 35.659 8.850
12 7 1 36.427 9.557 35.568 8.877
13 7 1 36.318 9.629 35.541 8.814
14 7 1 36.309 9.629 35.432 8.850
15 7 1 36.309 9.584 35.432 8.895
16 7 1 36.255 9.593 35.378 8.904
17 7 1 36.191 9.584 35.314 8.895
18 7 1 36.174 9.521 35.124 8.795
19 7 1 36.101 9.502 35.206 8.813
20 7 1 35.822 9.049 34.926 8.360
21 7 1 36.101 9.566 34.952 8.894
22 7 1 36.028 9.538 34.970 8.894
23 7 1 36.181 9.892 35.259 9.220
24 7 1 35.929 9.556 35.006 8.885
25 7 1 35.973 9.710 34.970 8.921
26 7 1 35.937 9.674 34.970 8.930
27 7 1 35.901 9.629 34.979 8.948
28 7 1 35.856 9.629 34.933 8.948
29 7 1 35.838 9.629 34.915 8.948
30 7 1 35.765 9.629 34.842 8.948
31 7 1 35.738 9.629 34.815 8.948
32 7 1 35.538 9.701 34.707 8.885
33 7 1 35.556 9.710 34.579 9.011
34 7 1 35.529 9.692 34.615 9.011
35 7 1 35.457 9.701 34.416 9.020
36 7 1 35.402 9.692 34.488 9.011
37 7 1 35.438 9.683 34.389 8.966
38 7 1 35.366 9.664 34.452 8.984
39 7 1 35.293 9.673 34.334 8.938
40 7 1 35.221 9.691 34.298 8.974
41 7 1 35.157 9.637 34.271 8.911
42 7 1 35.076 9.646 34.253 8.911
43 7 1 35.003 9.637 34.189 8.866
44 7 1 34.967 9.682 34.162 8.911
45 7 1 35.003 9.628 34.125 8.947
46 7 1 34.967 9.628 34.089 8.947
47 7 1 34.848 9.718 34.053 8.766
48 7 1 34.858 9.618 33.999 8.757
49 7 1 34.768 9.537 33.917 8.775
50 7 1 34.704 9.510 33.735 8.783
51 7 1 34.704 9.500 33.654 8.810
52 7 1 34.713 9.500 33.626 8.819
53 7 1 34.677 9.537 33.608 8.828
54 7 1 34.641 9.491 33.554 8.801
55 7 1 34.577 9.482 33.526 8.819
56 7 1 34.541 9.509 33.508 8.756
57 7 1 34.504 9.509 33.599 8.846
58 7 1 34.350 9.518 33.454 8.765
59 7 1 34.323 9.554 33.436 8.728
60 7 1 34.305 9.473 33.454 8.801
61 7 1 34.231 9.609 33.409 8.747
62 7 1 34.177 9.581 33.391 8.683
63 7 1 34.205 9.473 33.372 8.801
64 7 1 34.086 9.654 33.355 8.601
65 7 1 34.086 9.563 33.291 8.683
66 7 1 34.068 9.581 33.172 8.773
67 7 1 34.059 9.554 33.081 8.791
68 7 1 34.068 9.545 33.009 8.764
69 7 1 33.977 9.554 32.982 8.691
70 7 1 33.932 9.554 32.954 8.691
71 7 1 33.914 9.536 32.854 8.691
72 7 1 33.850 9.527 32.881 8.718
73 7 1 33.714 9.563 32.818 8.691
74 7 1 33.687 9.517 32.836 8.673
75 7 1 33.614 9.517 32.773 8.682
76 7 1 33.587 9.508 32.763 8.691
77 7 1 33.505 9.508 32.700 8.664
78 7 1 33.496 9.526 32.736 8.637
79 7 1 33.432 9.517 32.673 8.664
80 7 1 33.378 9.535 32.655 8.627
81 7 1 33.323 9.499 32.591 8.691
82 7 1 33.287 9.471 32.509 8.691
83 7 1 33.278 9.417 32.508 8.745
84 7 1 33.187 9.508 32.263 8.717
85 7 1 33.223 9.480 32.181 8.735
86 7 1 33.187 9.435 32.145 8.744
87 7 1 33.187 9.426 32.108 8.753
88 7 1 33.078 9.426 32.081 8.753
89 7 1 33.032 9.489 32.090 8.771
90 7 1 32.941 9.462 32.172 8.790
91 7 1 32.905 9.471 32.135 8.799
92 7 1 32.850 9.462 32.081 8.790
93 7 1 32.814 9.489 32.044 8.817
94 7 1 32.778 9.480 32.008 8.808
95 7 1 32.723 9.489 31.953 8.817
96 7 1 32.687 9.480 31.917 8.807
97 7 1 32.650 9.471 31.880 8.798
98 7 1 32.531 9.597 31.627 8.444
99 7 1 32.522 9.616 31.710 8.390
100 7 1 32.386 9.579 31.591 8.471
101 7 1 32.340 9.561 31.554 8.489
102 7 1 32.295 9.579 31.463 8.453
103 7 1 32.313 9.624 31.455 8.417
104 7 1 32.313 9.570 31.400 8.480
105 7 1 32.241 9.361 31.471 8.689
106 7 1 32.368 9.579 31.427 8.426
107 7 1 32.278 9.343 31.508 8.671
108 7 1 32.223 9.352 31.453 8.680
109 7 1 32.169 9.361 31.398 8.689
110 7 1 32.132 9.352 31.362 8.679
111 7 1 32.096 9.343 31.326 8.670
112 7 1 32.059 9.334 31.289 8.661
113 7 1 32.023 9.343 31.253 8.670
114 7 1 31.968 9.334 31.198 8.661
115 7 1 31.932 9.343 31.162 8.670
116 7 1 31.877 9.333 31.107 8.661
117 7 1 31.841 9.324 31.071 8.652
118 7 1 31.786 9.315 31.016 8.643
119 7 1 31.750 9.324 30.980 8.652
120 7 1 31.695 9.315 30.925 8.642
121 7 1 31.659 9.306 30.889 8.633
122 7 1 31.604 9.297 30.834 8.624
123 7 1 31.568 9.306 30.797 8.633
124 7 1 31.513 9.297 30.743 8.624
125 7 1 31.459 9.306 30.688 8.633
126 7 1 31.404 9.296 30.633 8.624
127 7 1 31.349 9.305 30.579 8.633
128 7 1 31.295 9.314 30.524 8.642
130 7 1 31.285 9.305 30.515 8.633
131 7 1 31.249 9.296 30.478 8.623
132 7 1 31.194 9.305 30.424 8.632
133 7 1 31.140 9.296 30.369 8.623
134 7 1 31.103 9.287 30.333 8.614
135 7 1 31.049 9.278 30.278 8.605
137 7 1 30.958 9.259 30.187 8.587
138 7 1 30.903 9.250 30.132 8.577
139 7 1 30.848 9.241 30.078 8.568
140 7 1 30.812 9.232 30.041 8.559
141 7 1 30.757 9.223 29.987 8.550
142 7 1 30.703 9.214 29.932 8.541
143 7 1 30.666 9.205 29.895 8.532
144 7 1 30.630 9.195 29.859 8.523
145 7 1 30.575 9.168 29.805 8.495
146 7 1 30.521 9.177 29.750 8.504
147 7 1 30.503 9.150 29.732 8.477
148 7 1 30.448 9.141 29.677 8.468
149 7 1 30.412 9.132 29.641 8.459
150 7 1 30.375 9.122 29.604 8.449
151 7 1 30.320 9.113 29.549 8.440
152 7 1 30.266 9.104 29.495 8.431
136 7 1 30.994 9.269 30.223 8.596
0 9 2 33.680 19.101 32.785 17.037
1 9 2 33.717 19.009 32.749 17.073
2 9 2 33.753 18.954 32.758 16.991
3 9 2 33.745 18.872 32.859 16.844
4 9 2 33.772 18.853 32.823 16.881
5 9 2 33.791 18.771 32.841 16.799
6 9 2 33.809 18.688 32.860 16.717
7 9 2 33.873 18.697 33.043 16.634
8 9 2 33.919 18.578 33.098 16.588
9 9 2 33.956 18.578 33.052 16.588
10 9 2 34.030 18.386 33.209 16.268
11 9 2 34.067 18.285 33.219 16.204
12 9 2 34.094 18.203 33.255 16.113
13 9 2 34.149 18.175 33.265 15.994
14 9 2 34.131 18.102 33.265 16.067
15 9 2 34.215 17.818 33.183 15.958
16 9 2 34.215 17.773 33.202 15.930
17 9 2 34.151 17.846 33.266 15.848
18 9 2 34.362 17.562 33.157 15.748
19 9 2 34.444 17.571 33.203 15.629
20 9 2 34.454 17.397 33.276 15.620
21 9 2 34.326 17.489 33.395 15.538
22 9 2 34.362 17.407 33.432 15.455
23 9 2 34.399 17.306 33.469 15.355
24 9 2 34.436 17.242 33.506 15.291
25 9 2 34.528 16.931 33.506 15.127
26 9 2 34.483 17.004 33.552 15.063
27 9 2 34.519 16.931 33.589 14.990
28 9 2 34.666 16.666 33.690 14.862
29 9 2 34.721 16.557 33.553 14.835
30 9 2 34.712 16.511 33.699 14.871
31 9 2 34.666 16.639 33.727 14.744
32 9 2 34.694 16.557 33.754 14.662
33 9 2 34.758 16.456 33.819 14.561
34 9 2 35.087 16.173 33.846 14.479
35 9 2 35.096 16.109 33.929 14.315
36 9 2 34.987 16.155 34.029 14.288
37 9 2 35.288 15.944 33.993 14.224
38 9 2 35.225 15.871 34.094 14.124
39 9 2 35.234 15.798 34.093 14.233
40 9 2 35.398 15.725 34.203 14.042
41 9 2 35.280 15.798 34.313 13.978
42 9 2 35.536 15.515 34.295 13.896
43 9 2 35.590 15.460 34.396 13.768
44 9 2 35.499 15.488 34.460 13.614
45 9 2 35.463 15.452 34.487 13.650
46 9 2 35.509 15.369 34.533 13.568
47 9 2 35.536 15.287 34.561 13.486
48 9 2 35.582 15.187 34.607 13.386
49 9 2 35.628 15.105 34.652 13.304
50 9 2 35.674 15.005 34.698 13.204
51 9 2 35.720 14.923 34.744 13.122
52 9 2 35.765 14.823 34.790 13.022
53 9 2 35.793 14.741 34.818 12.940
54 9 2 35.839 14.640 34.863 12.840
55 9 2 35.866 14.558 34.891 12.758
56 9 2 35.894 14.458 34.919 12.658
57 9 2 35.921 14.358 34.946 12.558
58 9 2 35.949 14.258 34.974 12.459
59 9 2 35.977 14.158 35.002 12.359
60 9 2 36.004 14.058 35.029 12.259
61 9 2 36.032 13.958 35.057 12.159
62 9 2 36.059 13.858 35.085 12.059
63 9 2 36.269 13.730 35.131 11.850
64 9 2 36.269 13.603 35.186 11.723
65 9 2 36.333 13.448 35.223 11.559
66 9 2 36.224 13.448 35.242 11.360
67 9 2 36.270 13.403 35.206 11.287
68 9 2 36.270 13.348 35.270 11.178
69 9 2 36.252 13.330 35.297 11.069
70 9 2 36.271 13.139 35.252 10.988
71 9 2 36.235 13.085 35.243 10.915
72 9 2 36.217 12.885 35.271 10.779
73 9 2 36.236 12.694 35.253 10.679
74 9 2 36.172 12.722 35.227 10.543
75 9 2 36.172 12.685 35.299 10.480
76 9 2 36.154 12.576 35.300 10.262
77 9 2 36.173 12.340 35.237 10.290
78 9 2 36.173 12.358 35.255 10.244
79 9 2 36.137 12.313 35.264 10.145
80 9 2 36.120 12.168 35.256 9.909
81 9 2 36.175 11.977 35.220 9.909
82 9 2 36.175 11.932 35.256 9.855
83 9 2 36.184 11.932 35.267 9.556
84 9 2 36.212 11.623 35.258 9.510
85 9 2 36.149 11.505 35.249 9.456
86 9 2 36.140 11.442 35.258 9.393
87 9 2 36.140 11.387 35.268 9.275
88 9 2 36.122 11.451 35.241 9.076
89 9 2 36.123 11.242 35.269 9.030
90 9 2 36.105 11.034 35.260 9.012
91 9 2 36.087 10.925 35.142 8.894
92 9 2 36.097 10.780 35.088 8.849
93 9 2 36.106 10.752 35.161 8.759
94 9 2 36.107 10.517 35.098 8.650
95 9 2 36.089 10.444 35.071 8.387
96 9 2 36.080 10.254 35.072 8.288
97 9 2 36.081 10.163 35.073 8.107
98 9 2 36.054 10.109 35.037 7.980
99 9 2 35.973 9.928 34.983 7.853
100 9 2 35.973 9.810 34.992 7.772
101 9 2 35.982 9.747 34.938 7.654
102 9 2 35.910 9.629 34.911 7.582
103 9 2 35.901 9.565 34.757 7.500
104 9 2 36.011 9.384 34.658 7.455
105 9 2 35.893 9.348 34.667 7.337
106 9 2 35.758 9.230 34.613 7.337
107 9 2 35.694 9.103 34.614 7.220
108 9 2 35.586 9.085 34.722 7.238
109 9 2 35.577 8.986 34.714 7.139
110 9 2 35.550 8.877 34.687 7.030
111 9 2 35.669 8.642 34.625 6.696
112 9 2 35.697 8.479 34.507 6.560
113 9 2 35.661 8.361 34.562 6.442
114 9 2 35.543 8.325 34.680 6.479
115 9 2 35.516 8.225 34.653 6.380
116 9 2 35.490 8.117 34.626 6.271
117 9 2 35.481 8.008 34.618 6.163
118 9 2 35.454 7.909 34.591 6.063
119 9 2 35.445 7.764 34.583 5.919
120 9 2 35.419 7.674 34.556 5.828
121 9 2 35.392 7.556 34.529 5.711
122 9 2 35.365 7.457 34.502 5.612
123 9 2 35.356 7.339 34.494 5.494
124 9 2 35.330 7.222 34.467 5.377
125 9 2 35.321 7.095 34.458 5.250
126 9 2 35.294 7.005 34.432 5.160
127 9 2 35.267 6.887 34.405 5.043
128 9 2 35.241 6.788 34.378 4.943
129 9 2 35.232 6.670 34.370 4.826
130 9 2 35.205 6.571 34.343 4.727
131 9 2 35.197 6.444 34.334 4.601
132 9 2 35.170 6.354 34.308 4.510
133 9 2 35.161 6.219 34.299 4.375
134 9 2 35.135 6.110 34.272 4.267
135 9 2 35.108 6.002 34.246 4.159
137 9 2 35.063 5.848 33.993 3.887
138 9 2 35.072 5.785 34.003 3.761
139 9 2 34.964 5.694 34.102 3.852
140 9 2 35.107 6.182 34.245 4.339
141 9 2 34.947 5.478 34.085 3.635
142 9 2 34.938 5.360 34.076 3.518
143 9 2 34.902 5.270 34.040 3.437
144 9 2 34.921 5.144 34.059 3.311
145 9 2 34.912 5.027 34.051 3.194
146 9 2 34.895 4.927 34.033 3.095
147 9 2 34.877 4.810 34.015 2.977
148 9 2 34.868 4.711 34.007 2.878
149 9 2 34.878 4.594 34.016 2.761
150 9 2 34.851 4.495 33.989 2.662
151 9 2 34.896 4.486 34.009 2.230
152 9 2 34.861 4.269 34.019 2.104
136 9 2 35.081 5.902 34.219 4.059
