0 0 1 33.355 12.857 34.447 13.968
1 0 1 33.319 12.822 34.459 13.980
2 0 1 33.271 12.834 34.411 13.992
3 0 1 33.223 12.846 34.363 14.005
4 0 1 33.163 12.871 34.303 14.029
5 0 1 32.960 12.992 33.848 13.878
10 0 1 33.127 12.907 34.268 14.065
11 0 1 32.696 12.994 33.765 13.974
12 0 1 32.720 12.970 33.813 13.998
13 0 1 32.696 12.970 33.789 13.998
14 0 1 32.648 12.971 33.741 13.998
15 0 1 32.624 12.971 33.717 13.999
16 0 1 32.600 12.947 33.693 13.975
17 0 1 32.553 12.971 33.645 13.999
18 0 1 32.529 12.948 33.621 13.976
19 0 1 32.481 12.972 33.573 14.000
20 0 1 32.433 12.949 33.525 13.977
21 0 1 32.409 12.973 33.501 14.001
22 0 1 32.361 12.949 33.453 13.977
23 0 1 32.337 12.973 33.429 14.001
24 0 1 32.289 12.950 33.381 13.978
25 0 1 32.265 12.974 33.358 14.002
26 0 1 32.241 12.974 33.334 14.002
27 0 1 32.193 12.975 33.286 14.003
28 0 1 32.145 12.975 33.238 14.003
29 0 1 32.121 12.975 33.214 14.003
30 0 1 32.073 12.976 33.166 14.004
31 0 1 32.025 12.976 33.118 14.004
32 0 1 32.001 12.976 33.094 14.005
33 0 1 31.954 12.977 33.046 14.005
34 0 1 31.930 12.977 33.022 14.005
35 0 1 31.882 12.954 32.974 13.982
36 0 1 31.834 12.978 32.926 14.006
37 0 1 31.810 12.954 32.902 13.982
38 0 1 31.762 12.955 32.854 13.983
39 0 1 31.738 12.955 32.830 13.983
40 0 1 31.690 12.955 32.782 13.984
41 0 1 31.666 12.956 32.759 13.984
42 0 1 31.618 12.980 32.711 14.008
43 0 1 31.594 12.956 32.687 13.985
44 0 1 31.570 12.956 32.663 13.985
45 0 1 31.522 12.957 32.615 13.985
46 0 1 31.498 12.957 32.591 13.985
47 0 1 31.450 12.958 32.543 13.986
48 0 1 31.426 12.982 32.519 14.010
49 0 1 31.378 12.958 32.471 13.987
50 0 1 31.354 12.982 32.447 14.011
51 0 1 31.330 12.959 32.423 13.987
52 0 1 31.282 12.983 32.375 14.011
53 0 1 31.258 12.959 32.351 13.988
54 0 1 31.210 12.960 32.303 13.988
55 0 1 31.162 12.960 32.255 13.989
56 0 1 31.114 12.961 32.207 13.989
57 0 1 31.090 12.961 32.183 13.989
58 0 1 31.042 12.961 32.135 13.990
59 0 1 31.018 12.961 32.111 13.990
60 0 1 30.970 12.962 32.063 13.990
61 0 1 30.923 12.962 32.015 13.991
62 0 1 30.899 12.963 31.991 13.991
63 0 1 30.851 12.963 31.943 13.991
64 0 1 30.827 12.963 31.919 13.992
65 0 1 30.779 12.987 31.872 14.016
66 0 1 30.731 12.964 31.824 13.993
67 0 1 30.707 12.988 31.800 14.017
68 0 1 30.659 12.965 31.752 13.993
69 0 1 30.611 12.989 31.704 14.018
70 0 1 30.563 12.966 31.656 13.994
71 0 1 30.539 12.966 31.632 13.994
72 0 1 30.491 12.966 31.584 13.995
73 0 1 30.467 12.966 31.560 13.995
74 0 1 30.419 12.967 31.512 13.996
75 0 1 30.371 12.943 31.464 13.972
76 0 1 30.347 12.920 31.440 13.948
77 0 1 30.299 12.944 31.392 13.973
78 0 1 30.275 12.920 31.368 13.949
79 0 1 30.227 12.945 31.320 13.973
80 0 1 30.203 12.921 31.296 13.950
81 0 1 30.179 12.945 31.272 13.974
82 0 1 30.155 12.921 31.248 13.950
83 0 1 30.107 12.922 31.200 13.951
84 0 1 30.059 12.922 31.152 13.951
85 0 1 30.011 12.923 31.104 13.952
86 0 1 29.963 12.923 31.056 13.952
87 0 1 29.915 12.947 31.008 13.976
88 0 1 29.891 12.924 30.984 13.953
89 0 1 29.843 12.924 30.936 13.953
90 0 1 29.795 12.925 30.888 13.954
91 0 1 29.747 12.925 30.840 13.954
92 0 1 29.723 12.925 30.816 13.954
93 0 1 29.675 12.926 30.768 13.955
94 0 1 29.627 12.926 30.720 13.955
95 0 1 29.579 12.927 30.672 13.956
96 0 1 29.555 12.927 30.648 13.956
97 0 1 29.506 12.927 30.600 13.956
98 0 1 29.458 12.928 30.552 13.957
99 0 1 29.434 12.928 30.528 13.957
100 0 1 29.386 12.928 30.480 13.957
101 0 1 29.362 12.952 30.456 13.982
102 0 1 29.338 12.929 30.432 13.958
103 0 1 29.290 12.953 30.384 13.982
104 0 1 29.266 12.929 30.360 13.959
105 0 1 29.218 12.954 30.312 13.983
106 0 1 29.194 12.930 30.288 13.959
107 0 1 29.146 12.954 30.240 13.984
108 0 1 29.122 12.931 30.216 13.960
109 0 1 29.074 12.931 30.168 13.960
110 0 1 29.050 12.931 30.144 13.961
111 0 1 29.002 12.932 30.096 13.961
112 0 1 28.954 12.932 30.048 13.962
113 0 1 28.930 12.909 30.024 13.938
114 0 1 28.882 12.885 29.976 13.914
115 0 1 28.858 12.909 29.952 13.939
116 0 1 28.810 12.886 29.903 13.915
117 0 1 28.762 12.910 29.855 13.939
118 0 1 28.738 12.910 29.831 13.940
119 0 1 28.714 12.911 29.807 13.940
120 0 1 28.690 12.887 29.783 13.916
121 0 1 28.642 12.911 29.735 13.941
122 0 1 28.594 12.912 29.687 13.941
123 0 1 28.570 12.912 29.663 13.941
124 0 1 28.522 12.912 29.615 13.942
125 0 1 28.498 12.912 29.591 13.942
126 0 1 28.474 12.913 29.567 13.942
127 0 1 28.425 12.913 29.519 13.943
128 0 1 28.401 12.889 29.495 13.919
129 0 1 28.377 12.914 29.471 13.943
130 0 1 28.329 12.890 29.423 13.920
131 0 1 28.305 12.914 29.399 13.944
132 0 1 28.257 12.891 29.351 13.920
133 0 1 28.233 12.915 29.327 13.944
134 0 1 28.185 12.891 29.279 13.921
135 0 1 28.161 12.915 29.255 13.945
136 0 1 28.113 12.916 29.207 13.946
137 0 1 28.065 12.916 29.159 13.946
138 0 1 28.041 12.917 29.135 13.946
139 0 1 28.017 12.917 29.111 13.946
140 0 1 27.993 12.941 29.087 13.971
141 0 1 27.945 12.965 29.039 13.995
142 0 1 27.921 12.942 29.015 13.971
143 0 1 27.897 12.942 28.991 13.971
144 0 1 27.873 12.942 28.966 13.972
145 0 1 27.825 12.942 28.918 13.972
146 0 1 27.800 12.943 28.894 13.972
147 0 1 27.776 12.943 28.870 13.973
148 0 1 27.728 12.943 28.822 13.973
149 0 1 27.704 12.943 28.798 13.973
150 0 1 27.656 12.920 28.750 13.950
151 0 1 27.632 12.896 28.726 13.926
152 0 1 27.584 12.921 28.678 13.950
153 0 1 27.560 12.897 28.654 13.927
154 0 1 27.512 12.921 28.606 13.951
155 0 1 27.488 12.898 28.582 13.927
156 0 1 27.440 12.922 28.534 13.952
157 0 1 27.392 12.898 28.486 13.928
158 0 1 27.368 12.923 28.462 13.952
159 0 1 27.344 12.899 28.438 13.929
160 0 1 27.320 12.899 28.414 13.929
161 0 1 27.295 12.899 28.390 13.929
162 0 1 27.247 12.900 28.341 13.930
163 0 1 27.223 12.900 28.317 13.930
164 0 1 27.199 12.900 28.293 13.930
165 0 1 27.175 12.900 28.269 13.930
166 0 1 27.151 12.901 28.245 13.931
167 0 1 27.103 12.901 28.197 13.931
168 0 1 27.079 12.877 28.173 13.907
169 0 1 27.055 12.854 28.149 13.884
170 0 1 27.031 12.878 28.125 13.908
171 0 1 26.983 12.854 28.077 13.884
172 0 1 26.959 12.878 28.053 13.908
173 0 1 26.911 12.855 28.005 13.885
174 0 1 26.887 12.879 27.981 13.909
175 0 1 26.838 12.880 27.933 13.910
176 0 1 26.814 12.880 27.909 13.910
177 0 1 26.766 12.880 27.860 13.910
178 0 1 26.742 12.880 27.836 13.911
179 0 1 26.718 12.881 27.812 13.911
180 0 1 26.670 12.905 27.764 13.935
181 0 1 26.646 12.929 27.740 13.959
182 0 1 26.622 12.905 27.716 13.936
183 0 1 26.574 12.930 27.668 13.960
184 0 1 26.550 12.906 27.644 13.936
185 0 1 26.526 12.930 27.620 13.960
186 0 1 26.501 12.906 27.596 13.937
187 0 1 26.477 12.907 27.572 13.937
188 0 1 26.453 12.907 27.548 13.937
189 0 1 26.429 12.907 27.524 13.937
190 0 1 26.405 12.907 27.500 13.938
191 0 1 26.381 12.908 27.475 13.938
192 0 1 26.357 12.884 27.451 13.914
193 0 1 26.333 12.884 27.427 13.914
194 0 1 26.309 12.884 27.403 13.915
195 0 1 26.285 12.884 27.379 13.915
196 0 1 26.261 12.885 27.355 13.915
197 0 1 26.261 12.885 27.355 13.915
198 0 1 26.261 12.861 27.355 13.891
199 0 1 26.261 12.885 27.355 13.915
200 0 1 26.261 12.861 27.355 13.891
201 0 1 26.261 12.861 27.355 13.891
202 0 1 26.261 12.861 27.355 13.891
203 0 1 26.237 12.861 27.331 13.891
204 0 1 26.237 12.861 27.331 13.891
205 0 1 26.237 12.861 27.331 13.891
206 0 1 26.237 12.861 27.331 13.891
207 0 1 26.237 12.837 27.331 13.867
208 0 1 26.237 12.813 27.331 13.843
209 0 1 26.237 12.813 27.331 13.843
210 0 1 26.261 12.813 27.355 13.843
211 0 1 26.261 12.813 27.355 13.843
212 0 1 26.285 12.789 27.379 13.819
213 0 1 26.285 12.765 27.379 13.795
214 0 1 26.285 12.789 27.379 13.819
215 0 1 26.285 12.765 27.379 13.795
216 0 1 26.309 12.789 27.403 13.819
217 0 1 26.309 12.765 27.403 13.795
218 0 1 26.309 12.789 27.403 13.819
219 0 1 26.309 12.789 27.403 13.819
220 0 1 26.333 12.788 27.427 13.819
221 0 1 26.333 12.788 27.427 13.819
222 0 1 26.357 12.788 27.451 13.818
223 0 1 26.381 12.788 27.476 13.818
224 0 1 26.381 12.788 27.476 13.818
225 0 1 26.405 12.788 27.500 13.818
226 0 1 26.405 12.788 27.500 13.818
227 0 1 26.429 12.788 27.524 13.818
228 0 1 26.453 12.787 27.548 13.818
229 0 1 26.453 12.811 27.548 13.841
230 0 1 26.477 12.811 27.572 13.841
231 0 1 26.502 12.835 27.596 13.865
232 0 1 26.526 12.811 27.620 13.841
233 0 1 26.550 12.834 27.644 13.864
234 0 1 26.550 12.834 27.644 13.864
235 0 1 26.574 12.858 27.668 13.888
236 0 1 26.598 12.858 27.692 13.888
237 0 1 26.622 12.858 27.716 13.888
238 0 1 26.646 12.857 27.740 13.887
239 0 1 26.646 12.857 27.740 13.887
240 0 1 26.646 12.857 27.740 13.887
241 0 1 26.670 12.857 27.764 13.887
242 0 1 26.670 12.857 27.764 13.887
243 0 1 26.694 12.857 27.788 13.887
244 0 1 26.718 12.857 27.812 13.887
245 0 1 26.742 12.856 27.836 13.887
246 0 1 26.766 12.856 27.860 13.886
247 0 1 26.790 12.880 27.884 13.910
248 0 1 26.790 12.880 27.884 13.910
249 0 1 26.814 12.880 27.909 13.910
250 0 1 26.838 12.880 27.933 13.910
251 0 1 26.838 12.903 27.933 13.934
252 0 1 26.862 12.927 27.957 13.957
253 0 1 26.887 12.903 27.981 13.933
254 0 1 26.911 12.927 28.005 13.957
255 0 1 26.935 12.903 28.029 13.933
256 0 1 26.959 12.926 28.053 13.956
257 0 1 26.983 12.902 28.077 13.932
258 0 1 27.007 12.926 28.101 13.956
259 0 1 27.031 12.902 28.125 13.932
260 0 1 27.055 12.901 28.149 13.932
261 0 1 27.079 12.901 28.173 13.931
262 0 1 27.079 12.901 28.173 13.931
263 0 1 27.103 12.877 28.197 13.907
264 0 1 27.127 12.877 28.221 13.907
265 0 1 27.151 12.877 28.245 13.907
266 0 1 27.151 12.877 28.245 13.907
267 0 1 27.175 12.877 28.269 13.906
268 0 1 27.175 12.877 28.269 13.906
269 0 1 27.199 12.876 28.293 13.906
270 0 1 27.223 12.876 28.317 13.906
271 0 1 27.247 12.876 28.341 13.906
272 0 1 27.271 12.876 28.365 13.906
273 0 1 27.295 12.875 28.390 13.905
274 0 1 27.320 12.875 28.414 13.905
275 0 1 27.344 12.875 28.438 13.905
276 0 1 27.392 12.875 28.486 13.904
277 0 1 27.416 12.874 28.510 13.904
278 0 1 27.440 12.850 28.534 13.880
279 0 1 27.464 12.874 28.558 13.904
280 0 1 27.488 12.850 28.582 13.880
281 0 1 27.512 12.873 28.606 13.903
282 0 1 27.536 12.849 28.630 13.879
283 0 1 27.560 12.849 28.654 13.879
0 1 1 46.346 0.844 47.154 1.626
1 1 1 46.322 0.821 47.166 1.638
2 1 1 46.322 0.821 47.166 1.638
3 1 1 46.322 0.821 47.166 1.638
4 1 1 46.322 0.821 47.166 1.638
5 1 1 46.322 0.821 47.166 1.638
283 1 1 46.334 0.832 47.178 1.649
26 2 2 15.744 13.351 17.802 14.160
27 2 2 15.744 13.351 17.802 14.160
28 2 2 15.866 13.350 17.923 14.159
29 2 2 15.963 13.325 18.020 14.134
30 2 2 16.084 13.324 18.141 14.133
31 2 2 16.206 13.323 18.262 14.132
32 2 2 16.327 13.322 18.383 14.131
33 2 2 16.448 13.309 18.542 13.997
34 2 2 16.473 13.272 18.529 14.058
35 2 2 16.582 13.271 18.638 14.057
36 2 2 16.909 13.340 18.917 13.970
37 2 2 17.055 13.303 19.002 14.017
38 2 2 17.006 13.292 19.038 14.041
39 2 2 17.152 13.266 19.341 13.978
40 2 2 17.212 13.266 19.256 14.003
41 2 2 17.479 13.275 19.293 13.978
42 2 2 17.370 13.264 19.389 13.990
43 2 2 17.467 13.251 19.486 13.977
44 2 2 17.588 13.238 19.607 13.964
45 2 2 17.710 13.225 19.728 13.950
46 2 2 17.831 13.212 19.850 13.937
47 2 2 17.952 13.223 19.971 13.948
48 2 2 18.097 13.210 20.116 13.935
49 2 2 18.218 13.221 20.237 13.946
50 2 2 18.340 13.207 20.358 13.933
51 2 2 18.461 13.218 20.479 13.943
52 2 2 18.582 13.205 20.600 13.930
53 2 2 18.727 13.216 20.745 13.941
54 2 2 18.848 13.203 20.866 13.928
55 2 2 18.969 13.214 20.987 13.939
56 2 2 19.090 13.201 21.108 13.926
57 2 2 19.211 13.212 21.228 13.936
58 2 2 19.356 13.222 21.373 13.947
59 2 2 19.477 13.233 21.494 13.958
60 2 2 19.598 13.244 21.615 13.969
61 2 2 19.719 13.255 21.736 13.980
62 2 2 19.816 13.266 21.833 13.991
63 2 2 19.937 13.277 21.953 14.002
64 2 2 20.058 13.288 22.074 14.012
65 2 2 20.445 13.380 22.303 14.094
66 2 2 20.348 13.369 22.352 14.082
67 2 2 20.686 13.378 22.521 14.152
68 2 2 20.807 13.425 22.654 14.163
69 2 2 20.722 13.438 22.702 14.150
70 2 2 21.037 13.459 22.883 14.221
71 2 2 20.964 13.483 22.931 14.196
72 2 2 21.085 13.506 23.052 14.219
73 2 2 21.206 13.529 23.173 14.242
74 2 2 21.302 13.576 23.269 14.289
75 2 2 21.423 13.599 23.390 14.312
76 2 2 21.568 13.622 23.534 14.334
77 2 2 21.906 13.690 23.667 14.489
78 2 2 22.063 13.701 23.763 14.560
79 2 2 22.196 13.760 23.860 14.607
80 2 2 22.292 13.843 23.944 14.606
81 2 2 22.159 13.868 24.065 14.581
82 2 2 22.533 13.912 24.137 14.700
83 2 2 22.678 13.923 24.246 14.759
84 2 2 22.859 13.969 24.426 14.865
85 2 2 22.690 14.055 24.559 14.768
86 2 2 23.016 14.063 24.716 14.910
87 2 2 23.173 14.134 24.909 14.896
88 2 2 23.293 14.169 24.969 14.944
89 2 2 23.402 14.144 25.041 15.039
90 2 2 23.462 14.227 25.053 15.027
91 2 2 23.535 14.214 25.125 15.110
92 2 2 23.728 14.320 25.403 15.095
93 2 2 23.945 14.378 25.451 15.143
94 2 2 24.005 14.402 25.620 15.153
95 2 2 24.065 14.413 25.463 15.190
96 2 2 24.294 14.495 25.668 15.200
97 2 2 24.089 14.497 25.825 15.199
98 2 2 24.487 14.577 25.849 15.235
99 2 2 24.548 14.540 26.066 15.256
100 2 2 24.439 14.565 26.150 15.256
101 2 2 24.716 14.575 26.222 15.255
102 2 2 24.620 14.575 26.319 15.254
103 2 2 24.740 14.610 26.439 15.289
104 2 2 25.054 14.643 27.078 15.462
105 2 2 25.186 14.714 26.897 15.392
106 2 2 25.295 14.725 27.005 15.403
107 2 2 25.452 14.783 27.162 15.461
108 2 2 25.717 14.769 27.403 15.483
109 2 2 25.693 14.793 27.391 15.471
110 2 2 25.813 14.828 27.511 15.506
111 2 2 25.958 14.838 27.655 15.516
112 2 2 26.078 14.873 27.776 15.551
113 2 2 26.223 14.883 27.920 15.561
114 2 2 26.343 14.894 28.041 15.572
115 2 2 26.548 14.904 28.161 15.559
116 2 2 26.512 14.893 28.197 15.559
117 2 2 26.644 14.891 28.329 15.557
118 2 2 26.753 14.914 28.438 15.580
119 2 2 26.885 14.913 28.570 15.579
120 2 2 27.018 14.912 28.702 15.578
121 2 2 27.174 14.934 28.859 15.600
122 2 2 27.283 14.933 28.967 15.599
123 2 2 27.439 14.931 29.123 15.597
124 2 2 27.571 14.930 29.256 15.596
125 2 2 27.704 14.929 29.388 15.595
126 2 2 27.836 14.928 29.520 15.593
127 2 2 27.993 14.926 29.677 15.592
128 2 2 28.125 14.925 29.809 15.590
129 2 2 28.257 14.923 29.941 15.589
130 2 2 28.366 14.898 30.049 15.564
131 2 2 28.522 14.897 30.205 15.563
132 2 2 28.943 14.857 30.325 15.466
133 2 2 28.774 14.847 30.446 15.500
134 2 2 28.919 14.833 30.590 15.487
135 2 2 29.039 14.796 30.710 15.450
136 2 2 29.207 14.783 30.878 15.436
137 2 2 29.303 14.746 30.974 15.399
138 2 2 29.424 14.733 31.094 15.386
139 2 2 29.592 14.695 31.262 15.349
140 2 2 29.688 14.682 31.358 15.336
141 2 2 29.832 14.645 31.502 15.298
142 2 2 29.952 14.608 31.622 15.261
143 2 2 30.120 14.570 31.790 15.224
144 2 2 30.240 14.557 31.910 15.211
145 2 2 30.384 14.520 32.054 15.173
146 2 2 30.528 14.483 32.197 15.136
147 2 2 30.648 14.446 32.317 15.099
148 2 2 30.768 14.409 32.437 15.062
149 2 2 30.912 14.372 32.581 15.025
150 2 2 31.056 14.334 32.725 14.987
151 2 2 31.200 14.297 32.869 14.950
152 2 2 31.320 14.260 32.988 14.913
153 2 2 31.440 14.223 33.108 14.876
154 2 2 31.608 14.186 33.276 14.839
155 2 2 31.704 14.149 33.372 14.802
156 2 2 31.848 14.112 33.515 14.765
157 2 2 31.968 14.075 33.635 14.728
158 2 2 32.135 14.037 33.803 14.690
159 2 2 32.231 13.977 33.898 14.630
160 2 2 32.375 13.964 34.042 14.616
161 2 2 32.495 13.903 34.161 14.555
162 2 2 32.662 13.889 34.329 14.542
163 2 2 32.782 13.852 34.449 14.505
164 2 2 32.926 13.815 34.592 14.468
165 2 2 33.070 13.778 34.736 14.431
166 2 2 33.189 13.765 34.855 14.417
167 2 2 33.309 13.728 34.975 14.381
168 2 2 33.453 13.691 35.118 14.343
169 2 2 33.596 13.654 35.262 14.306
170 2 2 33.716 13.641 35.381 14.293
171 2 2 33.835 13.604 35.501 14.256
172 2 2 34.003 13.567 35.668 14.219
173 2 2 34.122 13.530 35.787 14.182
174 2 2 34.266 13.516 35.931 14.169
175 2 2 34.409 13.479 36.074 14.132
176 2 2 34.553 13.466 36.217 14.118
177 2 2 34.673 13.429 36.337 14.081
178 2 2 34.792 13.416 36.456 14.068
179 2 2 34.984 13.450 36.468 14.068
180 2 2 34.912 13.427 36.564 14.067
181 2 2 35.174 13.246 36.898 13.933
182 2 2 35.198 13.293 36.850 13.933
183 2 2 35.330 13.292 36.981 13.932
184 2 2 35.485 13.291 37.136 13.931
185 2 2 35.843 13.156 37.709 13.913
186 2 2 36.023 13.202 37.936 13.959
187 2 2 36.058 13.190 38.008 13.994
188 2 2 36.190 13.225 38.139 13.957
189 2 2 36.345 13.235 38.342 13.967
190 2 2 36.477 13.282 38.438 13.954
191 2 2 36.632 13.232 38.581 14.001
192 2 2 36.715 13.196 38.796 14.022
193 2 2 36.882 13.183 38.867 13.986
194 2 2 37.038 13.229 38.687 13.821
195 2 2 37.038 13.217 38.699 13.845
196 2 2 37.240 13.025 38.783 13.880
197 2 2 37.193 13.156 38.842 13.784
198 2 2 37.324 13.143 38.973 13.771
199 2 2 37.455 13.130 39.104 13.757
200 2 2 37.610 13.140 39.260 13.768
201 2 2 37.765 13.127 39.414 13.755
202 2 2 37.897 13.114 39.545 13.741
203 2 2 38.028 13.101 39.676 13.728
204 2 2 38.183 13.111 39.831 13.739
205 2 2 38.314 13.098 39.962 13.726
206 2 2 38.469 13.085 40.117 13.712
207 2 2 38.600 13.072 40.248 13.699
208 2 2 38.779 13.082 40.427 13.709
209 2 2 38.910 13.069 40.558 13.696
210 2 2 39.065 13.079 40.713 13.707
211 2 2 39.196 13.066 40.844 13.694
212 2 2 39.351 13.077 40.998 13.704
213 2 2 39.482 13.064 41.129 13.691
214 2 2 39.637 13.074 41.284 13.701
215 2 2 39.768 13.061 41.415 13.688
216 2 2 39.923 13.048 41.570 13.675
217 2 2 40.054 13.035 41.700 13.662
218 2 2 40.209 13.045 41.855 13.672
219 2 2 40.339 13.032 41.986 13.659
220 2 2 40.494 13.043 42.141 13.670
221 2 2 40.649 13.029 42.295 13.656
222 2 2 40.804 13.016 42.450 13.643
223 2 2 40.934 13.003 42.580 13.630
224 2 2 41.089 13.013 42.735 13.640
225 2 2 41.220 13.000 42.866 13.627
226 2 2 41.375 13.011 43.020 13.638
227 2 2 41.506 12.998 43.151 13.625
228 2 2 41.660 13.008 43.305 13.635
229 2 2 41.815 12.995 43.460 13.622
230 2 2 41.969 12.982 43.614 13.608
231 2 2 42.100 12.969 43.745 13.595
232 2 2 42.255 12.979 43.899 13.606
233 2 2 42.385 12.966 44.030 13.593
234 2 2 42.540 12.977 44.184 13.603
235 2 2 42.671 12.964 44.315 13.590
236 2 2 42.825 12.974 44.469 13.600
237 2 2 42.980 12.961 44.623 13.587
238 2 2 43.134 12.971 44.778 13.598
239 2 2 43.253 12.958 44.896 13.585
240 2 2 43.419 12.969 45.063 13.595
241 2 2 43.573 12.955 45.217 13.582
242 2 2 43.728 12.966 45.371 13.592
243 2 2 43.858 12.953 45.501 13.579
244 2 2 44.013 12.963 45.656 13.589
245 2 2 44.096 12.903 45.738 13.529
246 2 2 44.298 12.961 45.940 13.587
247 2 2 44.428 12.948 46.071 13.574
248 2 2 44.618 12.982 46.261 13.608
249 2 2 44.737 12.969 46.379 13.595
250 2 2 44.891 12.979 46.533 13.605
251 2 2 45.034 12.966 46.675 13.592
252 2 2 45.200 12.976 46.841 13.602
253 2 2 45.330 12.963 46.972 13.589
254 2 2 45.484 12.974 47.126 13.599
255 2 2 45.615 12.961 47.256 13.586
256 2 2 45.769 12.971 47.410 13.597
257 2 2 45.923 12.958 47.564 13.584
258 2 2 46.077 12.968 47.718 13.594
259 2 2 46.207 12.955 47.848 13.581
260 2 2 46.362 12.966 48.002 13.591
261 2 2 46.516 12.976 48.156 13.602
262 2 2 46.670 12.987 48.310 13.612
263 2 2 46.800 12.974 48.440 13.599
264 2 2 46.954 12.960 48.594 13.586
265 2 2 47.084 12.947 48.724 13.573
266 2 2 47.238 12.958 48.878 13.583
267 2 2 47.368 12.945 49.008 13.570
268 2 2 47.522 12.955 49.162 13.581
269 2 2 47.676 12.942 49.316 13.567
270 2 2 47.830 12.952 49.469 13.578
271 2 2 47.984 12.939 49.623 13.564
272 2 2 48.138 12.950 49.777 13.575
273 2 2 48.268 12.937 49.907 13.562
274 2 2 48.422 12.947 50.061 13.572
275 2 2 48.552 12.934 50.190 13.559
276 2 2 48.706 12.921 50.344 13.546
277 2 2 48.836 12.908 50.474 13.533
278 2 2 48.989 12.918 50.627 13.543
279 2 2 49.143 12.905 50.781 13.530
280 2 2 49.297 12.915 50.935 13.540
281 2 2 49.427 12.902 51.064 13.527
282 2 2 49.604 12.889 51.241 13.514
283 2 2 49.734 12.876 51.371 13.501
