0 0 1 28.444 12.969 29.571 13.836
1 0 1 28.408 12.945 29.583 13.848
2 0 1 28.468 12.945 29.644 13.848
3 0 1 28.480 12.945 29.656 13.848
4 0 1 28.528 12.945 29.704 13.848
5 0 1 28.865 13.173 29.488 13.715
11 0 1 28.768 13.125 29.620 13.824
12 0 1 28.805 13.125 29.656 13.824
13 0 1 28.829 13.125 29.680 13.824
14 0 1 28.865 13.137 29.716 13.836
15 0 1 28.901 13.149 29.752 13.848
16 0 1 28.925 13.137 29.777 13.836
17 0 1 28.961 13.149 29.813 13.848
18 0 1 28.998 13.149 29.849 13.848
19 0 1 29.034 13.150 29.885 13.848
20 0 1 29.095 13.113 30.367 14.016
21 0 1 29.203 13.174 30.235 13.956
22 0 1 29.239 13.174 30.271 13.956
23 0 1 29.287 13.186 30.319 13.968
24 0 1 29.324 13.186 30.355 13.968
25 0 1 29.360 13.186 30.391 13.968
26 0 1 29.408 13.198 30.440 13.980
27 0 1 29.444 13.198 30.476 13.980
28 0 1 29.468 13.198 30.500 13.980
29 0 1 29.505 13.198 30.536 13.980
30 0 1 29.517 13.162 30.537 13.932
32 0 1 29.529 13.174 30.549 13.944
33 0 1 29.553 13.162 30.573 13.932
34 0 1 29.590 13.150 30.609 13.920
35 0 1 29.626 13.162 30.645 13.932
36 0 1 29.662 13.150 30.682 13.920
37 0 1 29.698 13.162 30.718 13.932
38 0 1 29.735 13.150 30.754 13.920
39 0 1 29.771 13.162 30.790 13.933
40 0 1 29.819 13.150 30.839 13.921
41 0 1 29.855 13.162 30.875 13.933
42 0 1 29.904 13.150 30.923 13.921
43 0 1 29.952 13.162 30.971 13.933
44 0 1 30.000 13.150 31.020 13.921
45 0 1 30.036 13.162 31.056 13.933
46 0 1 30.085 13.150 31.104 13.921
47 0 1 30.121 13.162 31.140 13.933
48 0 1 30.157 13.150 31.177 13.921
49 0 1 30.193 13.162 31.213 13.933
50 0 1 30.230 13.150 31.249 13.921
51 0 1 30.254 13.163 31.273 13.933
52 0 1 30.290 13.163 31.309 13.933
53 0 1 30.326 13.163 31.346 13.933
54 0 1 30.362 13.163 31.382 13.933
55 0 1 30.496 13.079 31.586 14.005
57 0 1 30.519 13.151 31.551 13.945
58 0 1 30.568 13.151 31.599 13.945
59 0 1 30.604 13.151 31.635 13.945
60 0 1 30.640 13.151 31.671 13.945
61 0 1 30.700 13.163 31.732 13.957
62 0 1 30.724 13.175 31.756 13.969
63 0 1 30.761 13.175 31.792 13.969
64 0 1 30.809 13.175 31.840 13.969
65 0 1 30.845 13.187 31.876 13.981
66 0 1 30.881 13.175 31.900 13.957
68 0 1 30.893 13.187 31.912 13.969
69 0 1 30.917 13.187 31.937 13.969
70 0 1 30.942 13.187 31.961 13.969
71 0 1 30.978 13.175 31.997 13.957
72 0 1 31.014 13.175 32.033 13.957
73 0 1 31.050 13.175 32.069 13.957
74 0 1 31.099 13.175 32.118 13.957
75 0 1 31.123 13.175 32.142 13.957
76 0 1 31.171 13.175 32.190 13.957
77 0 1 31.207 13.163 32.226 13.945
78 0 1 31.243 13.163 32.262 13.945
79 0 1 31.292 13.163 32.311 13.945
80 0 1 31.328 13.151 32.347 13.933
81 0 1 31.376 13.151 32.395 13.933
82 0 1 31.425 13.151 32.443 13.933
83 0 1 31.473 13.139 32.492 13.921
84 0 1 31.509 13.140 32.528 13.921
85 0 1 31.545 13.128 32.564 13.909
86 0 1 31.594 13.128 32.612 13.909
87 0 1 31.630 13.128 32.649 13.909
88 0 1 31.654 13.128 32.673 13.910
89 0 1 31.690 13.128 32.709 13.910
90 0 1 31.726 13.128 32.745 13.910
91 0 1 31.774 13.140 32.793 13.922
92 0 1 31.811 13.080 32.890 13.946
94 0 1 31.847 13.128 32.866 13.910
95 0 1 31.895 13.128 32.914 13.910
96 0 1 31.931 13.128 32.950 13.910
97 0 1 32.040 13.116 33.251 13.946
98 0 1 32.124 13.140 33.155 13.922
99 0 1 32.160 13.140 33.191 13.922
100 0 1 32.221 13.152 33.251 13.934
101 0 1 32.257 13.152 33.287 13.934
102 0 1 32.317 13.152 33.348 13.934
103 0 1 32.341 13.152 33.372 13.934
104 0 1 32.377 13.152 33.408 13.934
105 0 1 32.425 13.164 33.456 13.946
106 0 1 32.462 13.164 33.492 13.946
107 0 1 32.486 13.164 33.516 13.946
108 0 1 32.522 13.128 33.541 13.898
110 0 1 32.534 13.140 33.553 13.910
111 0 1 32.558 13.140 33.577 13.910
112 0 1 32.606 13.140 33.625 13.910
113 0 1 32.643 13.140 33.661 13.910
114 0 1 32.679 13.140 33.697 13.910
115 0 1 32.715 13.140 33.734 13.910
116 0 1 32.751 13.141 33.770 13.910
117 0 1 32.799 13.141 33.818 13.910
118 0 1 32.835 13.141 33.854 13.910
119 0 1 32.884 13.141 33.902 13.910
120 0 1 32.920 13.141 33.938 13.910
121 0 1 32.968 13.141 33.987 13.910
122 0 1 33.004 13.141 34.023 13.910
123 0 1 33.040 13.141 34.059 13.910
124 0 1 33.076 13.141 34.095 13.910
125 0 1 33.113 13.141 34.131 13.910
126 0 1 33.137 13.141 34.155 13.910
127 0 1 33.173 13.141 34.191 13.910
128 0 1 33.209 13.141 34.227 13.910
129 0 1 33.330 13.117 34.323 14.019
131 0 1 33.317 13.177 34.324 13.946
132 0 1 33.353 13.177 34.360 13.946
133 0 1 33.402 13.177 34.408 13.947
134 0 1 33.438 13.177 34.444 13.947
135 0 1 33.474 13.177 34.480 13.947
136 0 1 33.522 13.177 34.528 13.947
137 0 1 33.558 13.177 34.564 13.947
138 0 1 33.594 13.177 34.601 13.947
139 0 1 33.642 13.189 34.649 13.959
140 0 1 33.679 13.177 34.685 13.947
141 0 1 33.703 13.189 34.709 13.959
142 0 1 33.739 13.177 34.745 13.947
143 0 1 33.775 13.189 34.781 13.959
144 0 1 33.823 13.201 34.817 13.959
146 0 1 33.835 13.213 34.829 13.971
147 0 1 33.859 13.213 34.853 13.971
148 0 1 33.883 13.201 34.877 13.959
149 0 1 33.907 13.202 34.902 13.959
150 0 1 33.943 13.202 34.938 13.959
151 0 1 33.980 13.202 34.974 13.959
152 0 1 34.016 13.202 35.010 13.959
153 0 1 34.052 13.190 35.046 13.947
154 0 1 34.088 13.190 35.082 13.947
155 0 1 34.124 13.190 35.118 13.947
156 0 1 34.160 13.190 35.154 13.947
157 0 1 34.196 13.190 35.191 13.947
158 0 1 34.245 13.202 35.239 13.959
159 0 1 34.281 13.202 35.275 13.959
160 0 1 34.317 13.202 35.311 13.959
161 0 1 34.353 13.202 35.347 13.959
162 0 1 34.389 13.190 35.383 13.947
163 0 1 34.437 13.190 35.431 13.947
164 0 1 34.461 13.190 35.455 13.947
165 0 1 34.497 13.190 35.492 13.947
166 0 1 34.534 13.190 35.528 13.947
167 0 1 34.570 13.190 35.564 13.947
168 0 1 34.606 13.202 35.600 13.959
169 0 1 34.763 13.082 35.744 14.055
171 0 1 34.750 13.190 35.732 13.959
172 0 1 34.786 13.190 35.768 13.959
173 0 1 34.835 13.190 35.816 13.959
174 0 1 34.871 13.190 35.852 13.959
175 0 1 34.895 13.190 35.877 13.959
176 0 1 34.943 13.190 35.925 13.959
177 0 1 35.267 13.311 35.673 13.851
178 0 1 35.255 13.239 35.793 13.911
179 0 1 35.051 13.202 35.997 13.947
180 0 1 35.075 13.214 36.021 13.959
181 0 1 35.111 13.226 36.057 13.971
182 0 1 35.147 13.215 36.093 13.959
183 0 1 35.411 13.311 36.069 13.947
185 0 1 35.436 13.275 36.069 13.971
186 0 1 35.291 13.263 36.213 13.984
187 0 1 35.315 13.263 36.237 13.984
188 0 1 35.340 13.263 36.261 13.984
189 0 1 35.376 13.263 36.297 13.984
190 0 1 35.412 13.263 36.334 13.984
191 0 1 35.448 13.251 36.370 13.972
192 0 1 35.472 13.263 36.394 13.984
193 0 1 35.508 13.251 36.430 13.972
194 0 1 35.544 13.251 36.466 13.972
195 0 1 35.580 13.251 36.502 13.972
196 0 1 35.616 13.251 36.538 13.972
197 0 1 35.652 13.251 36.574 13.972
198 0 1 35.689 13.239 36.610 13.960
199 0 1 35.725 13.227 36.647 13.948
200 0 1 35.761 13.227 36.683 13.948
201 0 1 35.797 13.227 36.719 13.948
202 0 1 35.833 13.227 36.755 13.948
203 0 1 35.869 13.215 36.791 13.936
204 0 1 35.905 13.203 36.827 13.924
205 0 1 35.929 13.215 36.851 13.936
206 0 1 35.965 13.203 36.887 13.924
207 0 1 36.146 13.155 36.899 14.008
209 0 1 36.062 13.227 36.971 13.948
210 0 1 36.098 13.227 37.007 13.948
211 0 1 36.146 13.227 37.055 13.948
212 0 1 36.182 13.227 37.091 13.948
213 0 1 36.206 13.227 37.115 13.948
214 0 1 36.242 13.227 37.152 13.948
215 0 1 36.290 13.227 37.200 13.948
216 0 1 36.326 13.215 37.236 13.936
217 0 1 36.350 13.203 37.260 13.924
218 0 1 36.386 13.203 37.296 13.924
219 0 1 36.447 13.180 37.344 13.888
221 0 1 36.459 13.192 37.356 13.900
222 0 1 36.495 13.192 37.392 13.900
223 0 1 36.519 13.192 37.416 13.900
224 0 1 36.555 13.192 37.452 13.900
225 0 1 36.579 13.180 37.476 13.888
226 0 1 36.603 13.168 37.501 13.876
227 0 1 36.712 13.120 37.596 13.960
229 0 1 36.711 13.192 37.597 13.900
230 0 1 36.747 13.192 37.633 13.900
231 0 1 36.759 13.180 37.645 13.888
232 0 1 36.723 13.144 37.921 13.828
233 0 1 36.868 13.144 37.753 13.840
234 0 1 36.951 13.216 37.910 13.756
235 0 1 36.988 13.144 37.873 13.828
236 0 1 36.771 13.156 37.946 13.780
237 0 1 36.940 13.132 37.825 13.804
238 0 1 36.976 13.132 37.861 13.804
239 0 1 37.024 13.120 37.910 13.792
240 0 1 37.060 13.108 37.946 13.780
241 0 1 37.084 13.108 37.970 13.780
242 0 1 37.120 13.108 38.006 13.781
243 0 1 37.168 13.108 38.054 13.781
244 0 1 37.192 13.096 38.078 13.769
245 0 1 37.229 13.084 38.114 13.757
246 0 1 37.241 13.096 38.126 13.769
247 0 1 37.289 13.084 38.174 13.757
248 0 1 37.481 13.048 38.294 13.829
250 0 1 37.445 13.108 38.318 13.781
251 0 1 37.481 13.096 38.354 13.769
252 0 1 37.505 13.084 38.378 13.757
253 0 1 37.541 13.096 38.414 13.769
254 0 1 37.577 13.085 38.450 13.757
255 0 1 37.613 13.097 38.486 13.769
256 0 1 37.566 12.953 38.751 13.685
257 0 1 37.710 13.001 38.583 13.673
258 0 1 37.734 13.013 38.607 13.685
259 0 1 37.770 13.025 38.643 13.697
260 0 1 37.794 13.013 38.667 13.685
0 1 2 58.548 12.673 60.411 13.532
48 1 2 58.501 12.650 60.447 13.544
49 1 2 58.371 12.650 60.317 13.544
50 1 2 58.264 12.649 60.210 13.544
51 1 2 58.110 12.649 60.056 13.544
52 1 2 58.003 12.673 59.950 13.568
53 1 2 57.850 12.697 59.796 13.591
54 1 2 57.719 12.673 59.666 13.567
55 1 2 57.589 12.696 59.536 13.591
56 1 2 57.458 12.696 59.405 13.591
57 1 2 57.328 12.696 59.275 13.591
58 1 2 57.174 12.732 58.919 13.495
59 1 2 57.008 12.696 58.671 13.543
60 1 2 56.972 12.696 58.801 13.543
61 1 2 56.866 12.696 58.695 13.543
62 1 2 56.735 12.696 58.564 13.543
63 1 2 56.557 12.695 58.386 13.543
64 1 2 56.427 12.695 58.256 13.543
65 1 2 56.249 12.719 58.078 13.566
66 1 2 56.118 12.695 57.948 13.542
67 1 2 55.941 12.719 57.770 13.566
68 1 2 55.786 12.718 57.616 13.566
69 1 2 55.632 12.718 57.462 13.566
70 1 2 55.478 12.718 57.308 13.566
71 1 2 55.323 12.742 57.154 13.589
72 1 2 55.193 12.766 57.023 13.613
73 1 2 55.015 12.765 56.845 13.613
74 1 2 54.884 12.765 56.715 13.613
75 1 2 54.706 12.765 56.537 13.613
76 1 2 54.552 12.789 56.383 13.637
77 1 2 54.374 12.812 56.205 13.660
78 1 2 54.243 12.812 56.074 13.660
79 1 2 54.065 12.812 55.896 13.660
80 1 2 53.910 12.836 55.742 13.684
81 1 2 53.732 12.860 55.564 13.708
82 1 2 53.578 12.859 55.409 13.708
83 1 2 53.399 12.859 55.231 13.707
84 1 2 53.245 12.883 55.077 13.731
85 1 2 53.067 12.907 54.899 13.755
86 1 2 52.912 12.906 54.744 13.755
87 1 2 52.734 12.906 54.566 13.755
88 1 2 52.508 13.109 54.210 13.731
89 1 2 52.472 13.002 54.293 13.826
90 1 2 52.306 13.001 54.127 13.826
91 1 2 52.115 13.025 53.937 13.850
92 1 2 51.925 13.025 53.746 13.850
93 1 2 51.735 13.025 53.556 13.850
94 1 2 51.544 13.025 53.366 13.850
95 1 2 51.187 13.120 53.068 13.778
96 1 2 51.247 13.048 53.068 13.849
97 1 2 51.080 13.048 52.902 13.849
98 1 2 50.675 13.131 52.533 13.801
99 1 2 50.735 13.072 52.557 13.861
100 1 2 50.568 13.060 52.390 13.849
101 1 2 50.401 13.095 52.224 13.885
102 1 2 49.925 13.167 51.760 13.896
103 1 2 49.948 13.143 51.771 13.920
104 1 2 49.758 13.142 51.581 13.920
105 1 2 49.567 13.142 51.390 13.920
106 1 2 49.376 13.166 51.200 13.944
107 1 2 49.186 13.166 51.009 13.944
108 1 2 48.995 13.166 50.819 13.944
109 1 2 48.578 13.285 50.449 13.860
110 1 2 48.637 13.189 50.461 13.955
111 1 2 48.446 13.201 50.271 13.967
112 1 2 48.256 13.189 50.080 13.955
113 1 2 48.065 13.201 49.889 13.967
114 1 2 47.874 13.189 49.699 13.955
115 1 2 47.683 13.201 49.508 13.967
116 1 2 47.492 13.212 49.317 13.979
117 1 2 47.301 13.224 49.126 13.990
118 1 2 47.086 13.212 48.911 13.978
119 1 2 46.919 13.224 48.744 13.990
120 1 2 46.680 13.212 48.506 13.978
121 1 2 46.489 13.224 48.315 13.990
122 1 2 46.298 13.235 48.124 14.002
123 1 2 46.107 13.223 47.933 13.990
124 1 2 45.892 13.235 47.718 14.002
125 1 2 45.700 13.247 47.527 14.014
126 1 2 45.509 13.235 47.336 14.001
127 1 2 45.294 13.246 47.121 14.013
128 1 2 45.055 13.234 46.882 14.001
129 1 2 44.840 13.246 46.667 14.013
130 1 2 44.648 13.258 46.476 14.025
131 1 2 44.433 13.270 46.261 14.037
132 1 2 44.218 13.258 46.046 14.025
133 1 2 44.026 13.269 45.854 14.037
134 1 2 43.787 13.281 45.615 14.048
135 1 2 43.596 13.293 45.424 14.060
136 1 2 43.380 13.281 45.209 14.048
137 1 2 43.141 13.317 44.970 14.084
138 1 2 42.721 13.436 44.431 14.084
139 1 2 42.506 13.424 44.240 14.120
140 1 2 42.506 13.400 44.311 14.144
141 1 2 42.002 13.531 43.821 14.119
142 1 2 41.894 13.567 43.581 14.167
143 1 2 41.631 13.603 43.342 14.167
144 1 2 41.475 13.579 43.162 14.203
145 1 2 41.331 13.651 42.791 14.251
146 1 2 41.067 13.639 42.647 14.287
147 1 2 40.827 13.650 42.527 14.311
148 1 2 40.659 13.674 42.407 14.310
149 1 2 40.695 13.662 42.431 14.310
150 1 2 40.479 13.698 42.215 14.346
151 1 2 40.287 13.734 42.023 14.382
152 1 2 40.071 13.746 41.808 14.394
153 1 2 39.807 13.806 41.544 14.454
154 1 2 39.615 13.817 41.352 14.466
155 1 2 39.194 13.877 40.764 14.502
156 1 2 39.158 13.877 40.884 14.514
157 1 2 38.666 13.901 40.427 14.657
158 1 2 38.486 13.937 40.211 14.669
159 1 2 38.437 14.009 39.935 14.657
160 1 2 38.137 14.009 39.707 14.741
161 1 2 37.980 14.080 39.491 14.693
162 1 2 37.920 14.068 39.611 14.693
163 1 2 37.728 14.104 39.419 14.729
164 1 2 37.511 14.116 39.202 14.741
165 1 2 37.271 14.152 38.962 14.777
166 1 2 37.054 14.188 38.745 14.813
167 1 2 36.813 14.224 38.505 14.849
168 1 2 36.597 14.236 38.289 14.861
169 1 2 36.380 14.272 38.072 14.897
170 1 2 35.839 14.248 37.542 15.137
171 1 2 35.874 14.368 37.566 15.005
172 1 2 35.657 14.392 37.350 15.029
173 1 2 35.440 14.416 37.133 15.053
174 1 2 35.200 14.415 36.893 15.053
175 1 2 34.959 14.415 36.652 15.053
176 1 2 34.742 14.415 36.435 15.053
177 1 2 34.501 14.415 36.195 15.053
178 1 2 34.284 14.415 35.978 15.053
179 1 2 34.067 14.415 35.761 15.053
180 1 2 33.850 14.415 35.545 15.053
181 1 2 33.609 14.391 35.304 15.029
182 1 2 33.392 14.391 35.087 15.028
183 1 2 33.175 14.391 34.870 15.028
184 1 2 32.959 14.367 34.654 15.004
185 1 2 32.718 14.342 34.413 14.980
186 1 2 32.501 14.318 34.196 14.956
187 1 2 32.260 14.294 33.955 14.932
188 1 2 32.042 14.294 33.738 14.932
189 1 2 31.825 14.270 33.521 14.908
190 1 2 31.585 14.198 33.281 14.836
191 1 2 31.344 14.173 33.040 14.812
192 1 2 31.126 14.149 32.823 14.787
193 1 2 30.909 14.125 32.606 14.763
194 1 2 30.152 13.788 32.016 14.619
196 1 2 30.259 13.896 31.956 14.535
197 1 2 30.042 13.848 31.739 14.486
198 1 2 29.476 13.643 31.376 14.619
199 1 2 29.234 13.739 31.039 14.474
200 1 2 29.137 13.799 30.738 14.402
201 1 2 29.125 13.787 30.810 14.426
202 1 2 28.944 13.763 30.629 14.402
203 1 2 28.425 13.630 30.111 14.257
204 1 2 28.473 13.642 30.159 14.269
205 1 2 28.268 13.606 29.954 14.233
206 1 2 27.761 13.509 29.435 14.160
207 1 2 27.544 13.473 29.170 14.136
208 1 2 27.568 13.509 29.242 14.136
209 1 2 27.085 13.353 28.819 14.112
210 1 2 26.855 13.364 28.506 14.016
211 1 2 26.891 13.389 28.554 14.016
212 1 2 26.686 13.376 28.349 14.003
213 1 2 26.456 13.340 28.119 13.967
214 1 2 26.226 13.328 27.890 13.955
215 1 2 25.996 13.292 27.660 13.919
216 1 2 25.791 13.279 27.455 13.907
217 1 2 25.561 13.267 27.225 13.894
218 1 2 25.331 13.255 26.995 13.882
219 1 2 25.101 13.243 26.765 13.870
220 1 2 24.919 13.230 26.584 13.858
221 1 2 24.689 13.218 26.354 13.846
222 1 2 24.459 13.206 26.124 13.834
223 1 2 24.229 13.194 25.894 13.821
224 1 2 24.023 13.206 25.688 13.833
225 1 2 23.792 13.193 25.458 13.821
226 1 2 23.586 13.181 25.252 13.809
227 1 2 23.356 13.169 25.022 13.797
228 1 2 23.150 13.181 24.816 13.809
229 1 2 22.919 13.169 24.585 13.796
230 1 2 22.713 13.181 24.379 13.808
231 1 2 22.482 13.168 24.149 13.796
232 1 2 22.276 13.180 23.943 13.808
233 1 2 22.046 13.168 23.712 13.796
234 1 2 21.839 13.180 23.506 13.808
235 1 2 21.608 13.168 23.276 13.796
236 1 2 21.402 13.179 23.069 13.808
237 1 2 21.171 13.167 22.839 13.795
238 1 2 20.989 13.179 22.656 13.807
239 1 2 20.758 13.167 22.426 13.795
240 1 2 20.527 13.179 22.195 13.807
241 1 2 20.321 13.167 21.989 13.795
242 1 2 20.114 13.178 21.782 13.807
243 1 2 19.883 13.190 21.551 13.819
244 1 2 19.676 13.202 21.345 13.831
245 1 2 19.445 13.214 21.114 13.843
246 1 2 19.238 13.226 20.907 13.855
247 1 2 19.031 13.214 20.700 13.842
248 1 2 18.824 13.250 20.493 13.879
249 1 2 18.593 13.238 20.262 13.866
250 1 2 18.386 13.274 20.055 13.902
251 1 2 18.179 13.261 19.849 13.890
252 1 2 17.972 13.273 19.642 13.902
253 1 2 17.740 13.285 19.411 13.914
254 1 2 17.557 13.321 19.228 13.950
255 1 2 17.350 13.333 19.021 13.962
256 1 2 17.167 13.369 18.837 13.998
257 1 2 16.960 13.357 18.631 13.986
258 1 2 16.752 13.393 18.423 14.022
259 1 2 16.545 13.405 18.216 14.034
260 1 2 16.337 13.417 18.009 14.046
