0 1 1 35.659 18.046 34.930 16.959
1 1 1 35.659 18.028 34.857 16.987
2 1 1 35.677 18.018 34.866 17.005
3 1 1 35.669 17.908 34.848 16.913
4 1 1 35.697 17.825 34.885 16.848
5 1 1 35.698 17.742 34.886 16.793
6 1 1 35.670 17.706 34.868 16.720
7 1 1 35.708 17.660 34.831 16.756
8 1 1 35.708 17.604 34.850 16.664
9 1 1 35.680 17.595 34.822 16.664
10 1 1 35.727 17.549 34.831 16.664
11 1 1 35.727 17.522 34.814 16.581
12 1 1 35.746 17.420 34.833 16.498
13 1 1 35.700 17.402 34.843 16.416
14 1 1 35.719 17.411 34.899 16.232
15 1 1 35.710 17.384 34.926 16.278
16 1 1 35.664 17.374 34.908 16.287
17 1 1 35.655 17.337 34.898 16.360
18 1 1 35.673 17.365 34.899 16.250
19 1 1 35.655 17.347 34.907 16.351
20 1 1 35.756 17.319 34.917 16.305
21 1 1 35.738 17.264 34.945 16.268
22 1 1 35.767 17.135 34.918 16.222
23 1 1 35.786 17.025 34.899 16.222
24 1 1 35.768 16.979 34.891 16.167
25 1 1 35.787 16.924 34.900 16.084
26 1 1 35.760 16.850 34.882 16.093
27 1 1 35.769 16.831 34.928 16.130
28 1 1 35.797 16.859 34.901 16.038
29 1 1 35.760 16.887 34.939 15.826
30 1 1 35.770 16.776 34.912 15.799
31 1 1 35.743 16.712 34.941 15.615
32 1 1 35.789 16.647 34.903 15.762
33 1 1 35.725 16.638 34.958 15.753
34 1 1 35.716 16.601 34.903 15.734
35 1 1 35.735 16.564 34.885 15.716
36 1 1 35.743 16.611 34.904 15.596
37 1 1 35.762 16.620 34.923 15.541
38 1 1 35.717 16.509 34.950 15.642
39 1 1 35.708 16.463 34.941 15.596
40 1 1 35.791 16.436 34.895 15.596
41 1 1 35.726 16.445 34.959 15.587
42 1 1 35.736 16.408 34.969 15.550
43 1 1 35.727 16.371 34.960 15.513
44 1 1 35.736 16.334 34.970 15.476
45 1 1 35.830 16.141 34.879 15.264
46 1 1 35.738 16.141 34.971 15.283
47 1 1 35.747 16.104 34.981 15.246
48 1 1 35.757 16.067 34.990 15.209
49 1 1 35.767 16.012 35.000 15.154
50 1 1 35.776 15.994 35.009 15.136
51 1 1 35.786 15.883 34.947 14.859
52 1 1 35.750 15.810 34.983 14.951
53 1 1 35.759 15.819 34.965 14.859
54 1 1 35.741 15.819 34.955 14.933
55 1 1 35.731 15.800 34.965 14.942
56 1 1 35.787 15.782 34.928 14.896
57 1 1 35.751 15.690 34.947 14.859
58 1 1 35.797 15.635 34.992 14.915
59 1 1 35.798 15.570 34.993 14.878
60 1 1 35.854 15.497 34.994 14.767
61 1 1 35.798 15.543 35.031 14.721
62 1 1 35.863 15.423 35.059 14.638
63 1 1 35.863 15.442 35.069 14.565
64 1 1 35.845 15.405 35.078 14.592
65 1 1 35.855 15.359 35.087 14.546
66 1 1 35.846 15.331 35.078 14.519
67 1 1 35.809 15.294 35.108 14.215
68 1 1 35.855 15.257 35.128 14.077
69 1 1 35.837 15.285 35.070 14.473
70 1 1 35.856 15.230 35.156 14.003
71 1 1 35.828 15.294 35.156 14.058
72 1 1 35.828 15.221 35.061 14.408
73 1 1 35.819 15.174 35.052 14.362
74 1 1 35.810 15.128 35.043 14.316
75 1 1 35.820 15.082 35.053 14.270
76 1 1 35.793 15.036 35.025 14.224
77 1 1 35.802 15.009 35.035 14.196
78 1 1 35.712 14.732 35.110 13.957
79 1 1 35.786 14.760 35.027 13.957
80 1 1 35.786 14.723 35.028 13.920
81 1 1 35.786 14.686 35.028 13.883
82 1 1 35.805 14.650 35.047 13.846
83 1 1 35.787 14.613 35.029 13.809
84 1 1 35.806 14.576 35.047 13.772
85 1 1 35.806 14.539 35.048 13.735
86 1 1 35.788 14.521 35.021 13.551
87 1 1 35.815 14.567 35.077 13.524
88 1 1 35.770 14.428 35.012 13.625
89 1 1 35.742 14.484 35.040 13.487
90 1 1 35.742 14.447 35.031 13.440
91 1 1 35.770 14.382 35.077 13.459
92 1 1 35.789 14.318 35.059 13.514
93 1 1 35.799 14.281 35.068 13.477
94 1 1 35.808 14.244 35.078 13.441
95 1 1 35.818 14.207 35.087 13.404
96 1 1 35.809 14.171 35.078 13.367
97 1 1 35.800 14.134 35.069 13.330
98 1 1 35.809 14.097 35.079 13.293
99 1 1 35.801 14.042 35.070 13.238
100 1 1 35.810 14.005 35.079 13.201
101 1 1 35.801 13.968 35.070 13.164
102 1 1 35.811 13.931 35.080 13.127
103 1 1 35.802 13.894 35.071 13.090
104 1 1 35.793 13.839 35.062 13.035
105 1 1 35.784 13.784 35.053 12.980
106 1 1 35.794 13.747 35.063 12.943
107 1 1 35.803 13.673 35.213 12.676
108 1 1 35.776 13.682 35.045 12.878
109 1 1 35.767 13.645 35.036 12.841
110 1 1 35.796 13.480 35.250 12.584
111 1 1 35.787 13.424 35.213 12.556
112 1 1 35.751 13.314 35.250 12.630
113 1 1 35.826 13.213 35.204 12.584
114 1 1 35.862 13.296 35.159 12.501
115 1 1 35.862 13.268 35.159 12.473
116 1 1 35.862 13.222 35.159 12.427
117 1 1 35.863 13.194 35.159 12.399
118 1 1 35.863 13.148 35.160 12.353
119 1 1 35.882 13.121 35.178 12.326
120 1 1 35.863 13.074 35.160 12.279
121 1 1 35.882 13.028 35.179 12.233
122 1 1 35.883 12.982 35.179 12.187
123 1 1 35.883 12.955 35.180 12.160
124 1 1 35.901 12.955 35.347 11.957
125 1 1 35.856 12.890 35.357 11.921
126 1 1 35.865 12.872 35.162 12.077
127 1 1 35.857 12.752 35.356 12.022
128 1 1 35.856 12.816 35.153 12.021
129 1 1 35.895 12.614 35.238 11.727
130 1 1 35.868 12.558 35.257 11.736
131 1 1 35.904 12.549 35.220 11.754
132 1 1 35.905 12.512 35.220 11.717
133 1 1 35.905 12.466 35.220 11.671
134 1 1 35.905 12.439 35.221 11.643
135 1 1 36.008 12.310 34.751 11.586
136 1 1 35.944 12.218 34.871 11.504
137 1 1 35.887 12.374 35.203 11.579
138 1 1 35.888 12.346 35.203 11.551
139 1 1 35.888 12.319 35.203 11.524
140 1 1 35.888 12.291 35.203 11.496
141 1 1 35.870 12.263 35.185 11.468
142 1 1 35.870 12.236 35.185 11.440
143 1 1 35.870 12.208 35.186 11.413
144 1 1 35.871 12.181 35.186 11.385
145 1 1 35.871 12.134 35.186 11.339
146 1 1 35.889 12.125 35.205 11.330
147 1 1 35.890 12.079 35.205 11.284
148 1 1 35.908 12.052 35.224 11.256
149 1 1 35.927 12.006 35.242 11.210
150 1 1 35.946 11.996 35.261 11.201
151 1 1 35.964 11.950 35.280 11.155
152 1 1 35.965 11.923 35.280 11.127
153 1 1 35.983 11.877 35.299 11.081
154 1 1 36.002 11.868 35.317 11.072
155 1 1 36.011 11.831 35.327 11.035
156 1 1 36.039 11.794 35.355 10.998
157 1 1 36.058 11.766 35.373 10.971
158 1 1 36.077 11.739 35.392 10.943
159 1 1 36.095 11.693 35.411 10.897
160 1 1 36.096 11.665 35.411 10.870
161 1 1 36.114 11.619 35.430 10.824
162 1 1 36.115 11.592 35.430 10.796
163 1 1 36.115 11.545 35.430 10.750
164 1 1 36.115 11.518 35.431 10.722
165 1 1 36.116 11.472 35.431 10.676
166 1 1 36.116 11.426 35.431 10.630
167 1 1 36.014 11.545 35.512 10.861
168 1 1 36.050 11.628 35.487 10.584
169 1 1 36.032 11.517 35.476 10.778
170 1 1 36.088 11.527 35.412 10.740
171 1 1 36.079 11.490 35.403 10.704
172 1 1 35.996 11.434 35.348 10.639
173 1 1 36.005 11.425 35.339 10.639
174 1 1 36.043 11.352 35.331 10.500
175 1 1 36.016 11.250 35.322 10.473
176 1 1 35.998 11.250 35.331 10.473
177 1 1 35.998 11.232 35.331 10.454
178 1 1 36.147 11.048 35.268 10.316
179 1 1 35.998 11.204 35.331 10.427
180 1 1 36.193 11.011 35.260 10.159
181 1 1 35.989 11.185 35.322 10.408
182 1 1 35.980 11.185 35.313 10.408
183 1 1 35.973 10.835 35.298 10.002
184 1 1 36.000 10.900 35.484 9.782
185 1 1 35.936 10.918 35.465 9.911
186 1 1 35.946 10.816 35.279 10.039
187 1 1 35.927 10.890 35.484 9.763
188 1 1 35.937 10.770 35.270 9.993
189 1 1 35.909 10.807 35.420 9.689
190 1 1 36.011 10.678 35.401 9.744
191 1 1 36.030 10.605 35.373 9.827
192 1 1 35.984 10.595 35.469 9.348
193 1 1 36.022 10.476 35.422 9.468
194 1 1 36.022 10.522 35.364 9.744
195 1 1 36.013 10.485 35.356 9.707
196 1 1 36.052 10.171 35.460 9.366
197 1 1 36.004 10.439 35.451 9.246
198 1 1 36.088 10.356 35.424 9.191
199 1 1 36.079 10.319 35.434 9.099
200 1 1 36.088 10.291 35.388 9.108
201 1 1 36.070 10.291 35.342 9.135
202 1 1 36.079 10.264 35.286 9.162
203 1 1 36.052 10.236 35.213 9.134
204 1 1 36.034 10.098 35.111 9.106
0 2 1 35.773 7.079 35.080 6.031
1 2 1 35.791 7.107 35.071 6.013
2 2 1 35.745 7.088 35.081 5.948
3 2 1 35.726 7.134 35.072 5.911
4 2 1 35.726 7.153 35.099 5.911
5 2 1 35.745 7.079 35.070 6.077
6 2 1 35.763 7.097 35.051 6.188
7 2 1 35.735 7.180 35.079 6.087
8 2 1 35.744 7.227 35.088 6.133
9 2 1 35.753 7.273 35.097 6.179
10 2 1 35.762 7.300 35.106 6.207
11 2 1 35.789 7.347 35.134 6.253
12 2 1 35.780 7.374 35.124 6.281
13 2 1 35.788 7.421 35.133 6.327
14 2 1 35.779 7.430 35.124 6.336
15 2 1 35.769 7.476 35.114 6.383
16 2 1 35.760 7.504 35.105 6.410
17 2 1 35.769 7.550 35.113 6.456
18 2 1 35.759 7.577 35.104 6.484
19 2 1 35.768 7.624 35.113 6.530
20 2 1 35.759 7.670 35.103 6.576
21 2 1 35.768 7.716 35.112 6.623
22 2 1 35.758 7.744 35.103 6.650
23 2 1 35.767 7.790 35.112 6.697
24 2 1 35.758 7.817 35.102 6.724
25 2 1 35.766 7.864 35.111 6.770
26 2 1 35.757 7.891 35.102 6.798
27 2 1 35.766 7.937 35.110 6.844
28 2 1 35.775 7.965 35.119 6.872
29 2 1 35.784 8.011 35.128 6.918
30 2 1 35.793 8.039 35.137 6.946
31 2 1 35.802 8.085 35.146 6.992
32 2 1 35.792 8.113 35.137 7.020
33 2 1 35.783 8.141 35.127 7.048
34 2 1 35.773 8.168 35.118 7.075
35 2 1 35.782 8.214 35.127 7.121
36 2 1 35.773 8.242 35.117 7.149
37 2 1 35.782 8.288 35.126 7.195
38 2 1 35.772 8.316 35.117 7.223
39 2 1 35.762 8.362 35.107 7.269
40 2 1 35.753 8.390 35.098 7.297
41 2 1 35.762 8.436 35.107 7.343
42 2 1 35.752 8.482 35.097 7.389
43 2 1 35.761 8.528 35.106 7.435
44 2 1 35.752 8.500 35.040 7.601
45 2 1 35.752 8.546 35.040 7.546
46 2 1 35.724 8.574 35.068 7.518
47 2 1 35.733 8.602 35.077 7.546
48 2 1 35.742 8.611 35.086 7.555
49 2 1 35.751 8.639 35.095 7.583
50 2 1 35.760 8.666 35.105 7.611
51 2 1 35.853 8.612 34.993 7.758
52 2 1 35.751 8.694 35.086 7.657
53 2 1 35.750 8.722 35.085 7.685
54 2 1 35.750 8.731 35.085 7.694
55 2 1 35.750 8.759 35.085 7.721
56 2 1 35.750 8.768 35.085 7.731
57 2 1 35.750 8.796 35.085 7.758
58 2 1 35.750 8.823 35.085 7.786
59 2 1 35.749 8.851 35.084 7.814
60 2 1 35.749 8.879 35.084 7.841
61 2 1 35.749 8.906 35.084 7.869
62 2 1 35.767 8.916 35.102 7.878
63 2 1 35.785 8.962 35.121 7.925
64 2 1 35.831 9.073 35.092 8.072
65 2 1 35.794 9.073 35.129 8.045
66 2 1 35.794 9.091 35.129 8.063
67 2 1 35.812 9.110 35.147 8.082
68 2 1 35.812 9.146 35.147 8.119
69 2 1 35.830 9.183 35.165 8.156
70 2 1 35.848 9.220 35.183 8.193
71 2 1 35.866 9.211 35.255 8.433
72 2 1 35.885 9.221 35.236 8.479
73 2 1 35.848 9.257 35.227 8.516
74 2 1 35.856 9.368 35.218 8.396
75 2 1 35.874 9.405 35.217 8.608
76 2 1 35.882 9.534 35.235 8.664
77 2 1 35.836 9.571 35.225 8.728
78 2 1 35.891 9.590 35.225 8.719
79 2 1 35.882 9.608 35.252 8.775
80 2 1 35.928 9.636 35.234 8.747
81 2 1 35.927 9.645 35.215 8.756
82 2 1 35.946 9.636 35.215 8.756
83 2 1 35.918 9.617 35.197 8.765
84 2 1 35.882 9.571 35.187 8.802
85 2 1 35.919 9.571 35.169 8.793
86 2 1 35.974 9.599 35.187 8.802
87 2 1 35.956 9.590 35.196 8.830
88 2 1 35.946 9.636 35.242 8.895
89 2 1 35.946 9.654 35.233 8.931
90 2 1 35.954 9.728 35.241 8.978
91 2 1 35.973 9.747 35.241 9.015
92 2 1 35.917 9.783 35.288 8.978
93 2 1 35.917 9.811 35.287 9.006
94 2 1 35.917 9.839 35.287 9.033
95 2 1 35.926 9.867 35.296 9.061
96 2 1 35.926 9.885 35.296 9.079
97 2 1 35.925 9.913 35.296 9.107
98 2 1 35.960 10.143 35.350 9.301
99 2 1 35.978 10.226 35.323 9.153
100 2 1 36.015 10.282 35.360 9.181
101 2 1 36.024 10.300 35.369 9.218
102 2 1 36.005 10.337 35.350 9.273
103 2 1 36.005 10.374 35.313 9.282
104 2 1 36.023 10.393 35.340 9.310
105 2 1 36.041 10.402 35.359 9.255
106 2 1 36.014 10.374 35.331 9.273
107 2 1 36.014 10.346 35.303 9.393
108 2 1 36.032 10.383 35.312 9.347
109 2 1 36.087 10.421 35.368 9.292
110 2 1 35.969 10.254 35.348 9.449
111 2 1 35.968 10.282 35.348 9.476
112 2 1 35.968 10.309 35.348 9.504
113 2 1 35.968 10.337 35.348 9.532
114 2 1 35.959 10.365 35.338 9.559
115 2 1 35.958 10.392 35.338 9.587
116 2 1 35.985 10.466 35.281 9.873
117 2 1 35.939 10.558 35.318 9.762
118 2 1 35.938 10.586 35.318 9.790
119 2 1 35.928 10.743 35.262 9.845
120 2 1 35.937 10.780 35.226 9.790
121 2 1 35.918 10.862 35.272 9.725
122 2 1 35.872 10.862 35.308 9.882
123 2 1 35.826 10.871 35.308 9.864
124 2 1 35.862 10.899 35.281 9.836
125 2 1 35.854 10.752 35.252 9.956
126 2 1 35.845 10.788 35.243 9.993
127 2 1 35.880 10.936 35.243 9.937
128 2 1 35.870 11.047 35.242 10.113
129 2 1 35.833 11.093 35.232 10.186
130 2 1 35.834 11.028 35.232 10.232
131 2 1 35.860 11.130 35.222 10.343
132 2 1 35.879 11.111 35.222 10.343
133 2 1 35.842 11.111 35.222 10.334
134 2 1 35.833 11.102 35.231 10.325
135 2 1 35.833 11.129 35.231 10.352
136 2 1 35.833 11.166 35.230 10.389
137 2 1 35.823 11.194 35.221 10.417
138 2 1 35.814 11.212 35.212 10.435
139 2 1 35.823 11.240 35.221 10.463
140 2 1 35.813 11.268 35.211 10.491
141 2 1 35.813 11.277 35.211 10.500
142 2 1 35.804 11.305 35.202 10.527
143 2 1 35.785 11.314 35.183 10.537
144 2 1 35.767 11.341 35.164 10.564
145 2 1 35.757 11.350 35.155 10.573
146 2 1 35.748 11.369 35.146 10.592
147 2 1 35.739 11.397 35.136 10.619
149 2 1 35.729 11.387 35.127 10.610
150 2 1 35.720 11.396 35.118 10.619
151 2 1 35.711 11.406 35.109 10.629
152 2 1 35.683 11.442 35.081 10.665
153 2 1 35.683 11.461 35.081 10.684
154 2 1 35.655 11.488 35.053 10.711
155 2 1 35.636 11.507 35.034 10.730
156 2 1 35.618 11.534 35.015 10.757
157 2 1 35.838 11.683 34.931 10.886
158 2 1 35.773 11.738 34.903 10.932
159 2 1 35.590 11.543 34.988 10.766
160 2 1 35.581 11.562 34.978 10.785
161 2 1 35.562 11.580 34.960 10.803
162 2 1 35.562 11.589 34.960 10.812
164 2 1 35.488 11.580 34.886 10.803
165 2 1 35.450 11.829 34.865 11.172
166 2 1 35.404 11.782 34.884 11.126
167 2 1 35.413 11.819 34.846 11.162
168 2 1 35.421 12.004 34.820 11.033
169 2 1 35.412 11.856 34.838 11.107
170 2 1 35.403 11.884 34.828 11.135
171 2 1 35.437 12.197 34.865 11.181
172 2 1 35.394 11.912 34.819 11.162
173 2 1 35.393 11.948 34.818 11.199
174 2 1 35.438 12.151 34.735 11.208
175 2 1 35.428 12.188 34.772 11.273
176 2 1 35.420 12.133 34.780 11.420
177 2 1 35.419 12.188 34.816 11.458
178 2 1 35.428 12.207 34.751 11.531
179 2 1 35.428 12.197 34.585 11.540
180 2 1 35.364 12.216 34.788 11.494
181 2 1 35.354 12.252 34.779 11.531
182 2 1 35.345 12.289 34.769 11.568
183 2 1 35.335 12.326 34.760 11.605
184 2 1 35.325 12.372 34.750 11.651
186 2 1 35.316 12.363 34.741 11.642
187 2 1 35.323 12.676 34.693 11.900
188 2 1 35.296 12.639 34.721 11.918
189 2 1 35.331 12.824 34.585 11.613
190 2 1 35.277 12.676 34.702 11.955
191 2 1 35.258 12.722 34.683 12.001
192 2 1 35.249 12.778 34.673 12.056
193 2 1 35.239 12.833 34.664 12.112
194 2 1 35.220 12.870 34.645 12.149
195 2 1 35.211 12.916 34.636 12.195
196 2 1 35.192 12.952 34.617 12.231
197 2 1 35.182 12.989 34.607 12.268
198 2 1 35.173 13.026 34.598 12.305
199 2 1 35.163 13.072 34.588 12.351
200 2 1 35.145 13.118 34.569 12.397
201 2 1 35.135 13.146 34.560 12.425
202 2 1 35.126 13.192 34.550 12.471
203 2 1 35.107 13.229 34.532 12.508
204 2 1 35.104 13.560 34.551 12.351
0 5 1 37.557 6.342 36.967 5.221
1 5 1 37.575 6.379 36.958 5.203
2 5 1 37.584 6.425 36.967 5.249
3 5 1 37.574 6.453 36.957 5.277
4 5 1 37.583 6.517 36.966 5.341
5 5 1 37.592 6.563 36.975 5.387
6 5 1 37.600 6.610 36.984 5.434
7 5 1 37.609 6.637 36.993 5.461
8 5 1 37.618 6.674 37.002 5.498
9 5 1 37.609 6.711 36.992 5.535
10 5 1 37.618 6.757 37.001 5.582
11 5 1 37.627 6.803 37.010 5.628
12 5 1 37.635 6.850 37.019 5.674
13 5 1 37.626 6.877 37.009 5.702
14 5 1 37.616 6.914 37.000 5.738
15 5 1 37.607 6.969 36.990 5.794
16 5 1 37.616 7.016 36.999 5.840
17 5 1 37.606 7.052 36.989 5.877
18 5 1 37.615 7.108 36.998 5.932
19 5 1 37.587 7.154 36.970 5.978
20 5 1 37.596 7.191 36.979 6.015
21 5 1 37.586 7.246 36.969 6.071
22 5 1 37.576 7.292 36.960 6.117
23 5 1 37.567 7.329 36.950 6.154
24 5 1 37.557 7.384 36.941 6.209
25 5 1 37.548 7.430 36.931 6.255
26 5 1 37.538 7.467 36.922 6.292
27 5 1 37.529 7.504 36.912 6.329
28 5 1 37.519 7.532 36.903 6.356
29 5 1 37.510 7.578 36.893 6.402
30 5 1 37.500 7.624 36.884 6.448
31 5 1 37.491 7.651 36.874 6.476
32 5 1 37.500 7.688 36.883 6.513
33 5 1 37.490 7.725 36.873 6.550
34 5 1 37.527 7.716 36.844 6.753
35 5 1 37.499 7.781 36.863 6.670
36 5 1 37.489 7.827 36.854 6.716
37 5 1 37.480 7.854 36.844 6.744
38 5 1 37.470 7.900 36.835 6.790
39 5 1 37.479 7.928 36.844 6.817
40 5 1 37.488 7.993 36.852 6.882
41 5 1 37.479 8.020 36.843 6.910
42 5 1 37.487 8.066 36.852 6.956
43 5 1 37.496 8.094 36.861 6.984
44 5 1 37.505 8.140 36.870 7.030
45 5 1 37.496 8.168 36.860 7.057
46 5 1 37.505 8.196 36.869 7.085
47 5 1 37.495 8.223 36.860 7.113
48 5 1 37.504 8.288 36.868 7.177
49 5 1 37.495 8.315 36.859 7.205
50 5 1 37.503 8.362 36.868 7.251
51 5 1 37.587 8.261 36.802 7.435
52 5 1 37.522 8.371 36.858 7.316
53 5 1 37.521 8.399 36.858 7.343
54 5 1 37.521 8.445 36.857 7.390
55 5 1 37.521 8.472 36.857 7.417
56 5 1 37.502 8.518 36.838 7.463
57 5 1 37.456 8.573 36.782 7.638
58 5 1 37.493 8.537 36.782 7.648
59 5 1 37.465 8.592 36.754 7.601
60 5 1 37.475 8.491 36.681 7.629
61 5 1 37.465 8.537 36.690 7.610
62 5 1 37.410 8.555 36.736 7.583
63 5 1 37.446 8.638 36.707 7.758
64 5 1 37.455 8.703 36.743 7.915
65 5 1 37.426 8.767 36.753 7.823
66 5 1 37.445 8.739 36.742 8.026
67 5 1 37.426 8.841 36.752 7.915
68 5 1 37.389 8.859 36.778 8.072
69 5 1 37.396 9.080 36.777 8.229
70 5 1 37.368 9.182 36.759 8.201
71 5 1 37.413 9.311 36.768 8.238
72 5 1 37.385 9.375 36.804 8.275
73 5 1 37.357 9.394 36.777 8.284
74 5 1 37.385 9.292 36.758 8.367
75 5 1 37.385 9.338 36.757 8.413
76 5 1 37.375 9.440 36.804 8.367
77 5 1 37.356 9.449 36.767 8.395
78 5 1 37.366 9.421 36.739 8.385
79 5 1 37.366 9.403 36.774 8.588
80 5 1 37.366 9.449 36.765 8.533
81 5 1 37.356 9.486 36.756 8.570
82 5 1 37.365 9.523 36.765 8.607
83 5 1 37.356 9.541 36.755 8.625
84 5 1 37.328 9.504 36.505 8.855
85 5 1 37.254 9.541 36.487 8.836
86 5 1 37.180 9.632 36.580 8.726
87 5 1 37.171 9.660 36.570 8.754
88 5 1 37.161 9.688 36.561 8.781
89 5 1 37.152 9.715 36.551 8.809
90 5 1 37.142 9.743 36.542 8.836
91 5 1 37.133 9.789 36.532 8.882
92 5 1 37.123 9.817 36.523 8.910
93 5 1 37.114 9.844 36.513 8.938
94 5 1 37.104 9.872 36.504 8.965
95 5 1 37.095 9.899 36.495 8.993
96 5 1 37.086 9.927 36.485 9.021
97 5 1 37.076 9.955 36.476 9.048
98 5 1 37.151 9.752 36.255 8.992
99 5 1 37.076 9.973 36.476 9.067
100 5 1 37.067 10.001 36.466 9.094
101 5 1 37.057 10.028 36.457 9.122
102 5 1 37.066 10.056 36.466 9.150
103 5 1 37.057 10.084 36.456 9.177
104 5 1 37.150 9.955 36.163 8.991
105 5 1 37.149 10.020 36.180 9.148
106 5 1 37.112 10.047 36.089 9.037
107 5 1 37.250 10.121 36.135 9.074
108 5 1 37.011 10.056 36.410 9.149
109 5 1 37.002 10.083 36.401 9.177
110 5 1 37.010 10.111 36.410 9.205
111 5 1 37.001 10.139 36.401 9.232
112 5 1 37.010 10.166 36.410 9.260
113 5 1 37.000 10.212 36.400 9.306
114 5 1 37.028 10.240 36.427 9.334
115 5 1 37.037 10.286 36.436 9.380
116 5 1 37.046 10.314 36.445 9.408
117 5 1 37.054 10.360 36.454 9.454
118 5 1 37.082 10.370 36.482 9.463
119 5 1 37.229 10.407 36.545 9.556
120 5 1 37.174 10.425 36.573 9.528
121 5 1 37.265 10.518 36.637 9.630
122 5 1 37.246 10.518 36.646 9.630
123 5 1 37.237 10.545 36.637 9.658
124 5 1 37.246 10.591 36.645 9.704
125 5 1 37.236 10.619 36.636 9.731
126 5 1 37.252 10.969 36.515 9.888
127 5 1 37.196 11.070 36.497 9.897
128 5 1 37.187 11.024 36.477 10.063
129 5 1 37.132 10.978 36.532 10.091
130 5 1 37.123 11.024 36.522 10.137
131 5 1 37.113 11.070 36.513 10.183
132 5 1 37.085 11.098 36.485 10.210
133 5 1 37.076 11.144 36.475 10.256
134 5 1 37.066 11.171 36.466 10.284
135 5 1 37.057 11.217 36.456 10.330
136 5 1 37.168 11.126 36.392 10.320
137 5 1 37.076 11.171 36.475 10.293
138 5 1 37.066 11.208 36.465 10.330
139 5 1 37.057 11.245 36.456 10.367
140 5 1 37.047 11.282 36.446 10.404
141 5 1 37.056 11.319 36.455 10.441
142 5 1 37.028 11.355 36.427 10.477
143 5 1 37.099 11.623 36.427 10.542
144 5 1 37.054 11.512 36.454 10.634
145 5 1 37.045 11.549 36.444 10.671
146 5 1 37.054 11.586 36.453 10.708
147 5 1 37.061 11.807 36.483 10.450
148 5 1 36.996 11.853 36.353 10.578
149 5 1 37.026 11.623 36.425 10.745
150 5 1 37.035 11.678 36.434 10.800
151 5 1 37.025 11.715 36.425 10.837
152 5 1 37.034 11.752 36.434 10.874
153 5 1 37.025 11.770 36.424 10.892
154 5 1 37.033 11.825 36.433 10.948
155 5 1 37.069 11.927 36.523 11.261
156 5 1 37.069 11.927 36.412 11.298
157 5 1 37.032 12.037 36.440 11.178
158 5 1 37.031 12.074 36.440 11.215
159 5 1 36.948 12.120 36.373 11.482
160 5 1 36.956 12.249 36.466 11.473
161 5 1 37.020 12.323 36.539 11.455
162 5 1 37.057 12.304 36.493 11.464
163 5 1 37.057 12.341 36.493 11.501
164 5 1 36.964 12.488 36.475 11.409
165 5 1 36.954 12.507 36.429 11.418
166 5 1 36.965 12.378 36.419 11.537
167 5 1 36.964 12.424 36.419 11.583
168 5 1 36.955 12.470 36.409 11.630
169 5 1 36.954 12.507 36.409 11.666
170 5 1 37.009 12.525 36.372 11.602
171 5 1 36.964 12.479 36.418 11.639
172 5 1 36.963 12.525 36.418 11.685
173 5 1 36.954 12.562 36.408 11.722
174 5 1 36.963 12.599 36.417 11.759
175 5 1 36.963 12.627 36.417 11.786
176 5 1 36.962 12.673 36.417 11.832
177 5 1 36.962 12.709 36.416 11.869
178 5 1 36.962 12.756 36.416 11.915
179 5 1 36.943 12.792 36.397 11.952
180 5 1 36.952 12.838 36.406 11.998
181 5 1 36.951 12.875 36.406 12.035
182 5 1 36.960 12.921 36.415 12.081
183 5 1 36.967 13.179 36.348 12.385
184 5 1 36.930 13.188 36.385 12.357
185 5 1 36.920 13.354 36.374 12.532
186 5 1 36.930 13.271 36.384 12.450
187 5 1 36.948 13.308 36.402 12.486
188 5 1 36.948 13.317 36.402 12.505
189 5 1 36.956 13.391 36.411 12.579
190 5 1 36.947 13.419 36.401 12.606
191 5 1 36.956 13.474 36.410 12.662
192 5 1 36.955 13.502 36.410 12.689
193 5 1 36.946 13.538 36.400 12.726
194 5 1 36.955 13.575 36.409 12.763
195 5 1 36.945 13.621 36.400 12.809
196 5 1 36.945 13.667 36.399 12.855
197 5 1 36.945 13.704 36.399 12.892
198 5 1 36.935 13.741 36.389 12.929
199 5 1 36.926 13.787 36.380 12.975
200 5 1 36.925 13.842 36.379 13.030
201 5 1 36.916 13.879 36.370 13.067
202 5 1 36.906 13.925 36.360 13.113
203 5 1 36.906 13.962 36.360 13.150
204 5 1 36.896 14.008 36.351 13.196
0 6 2 51.043 11.511 49.349 10.752
1 6 2 50.943 11.519 49.339 10.761
2 6 2 50.934 11.501 49.212 10.770
3 6 2 50.907 11.501 49.248 10.761
4 6 2 50.816 11.491 48.811 10.750
5 6 2 50.525 11.435 48.747 10.768
6 6 2 50.407 11.416 48.747 10.750
7 6 2 50.334 11.407 48.701 10.777
8 6 2 50.216 11.397 48.428 10.758
9 6 2 50.062 11.360 48.228 10.738
10 6 2 49.943 11.369 48.210 10.711
11 6 2 49.752 11.377 48.201 10.720
12 6 2 49.716 11.359 48.110 10.655
13 6 2 49.671 11.349 47.955 10.691
14 6 2 49.580 11.340 47.891 10.645
15 6 2 49.571 11.322 47.654 10.663
16 6 2 49.488 11.431 47.445 10.588
17 6 2 49.269 11.412 47.272 10.551
18 6 2 49.079 11.292 47.454 10.543
19 6 2 49.043 11.274 47.235 10.569
20 6 2 48.987 11.383 47.090 10.523
21 6 2 48.905 11.383 46.934 10.522
22 6 2 48.624 11.245 46.898 10.549
23 6 2 48.550 11.318 46.725 10.438
24 6 2 48.577 11.373 46.680 10.420
25 6 2 48.260 11.216 46.606 10.475
26 6 2 48.132 11.178 46.414 10.465
27 6 2 48.067 11.279 46.269 10.418
28 6 2 48.049 11.306 46.196 10.399
29 6 2 47.722 11.195 46.141 10.399
30 6 2 47.667 11.186 46.068 10.426
31 6 2 47.567 11.167 45.885 10.416
32 6 2 47.467 11.167 45.729 10.453
33 6 2 47.321 11.148 45.638 10.425
34 6 2 47.330 11.129 45.647 10.443
35 6 2 47.146 11.275 45.319 10.377
36 6 2 47.082 11.266 45.181 10.413
37 6 2 46.955 11.275 45.063 10.395
38 6 2 46.974 11.174 45.290 10.487
39 6 2 46.846 11.164 45.163 10.478
40 6 2 46.700 11.173 45.016 10.486
41 6 2 46.572 11.163 44.888 10.477
42 6 2 46.463 11.172 44.778 10.485
43 6 2 46.335 11.162 44.651 10.476
44 6 2 46.189 11.152 44.504 10.466
45 6 2 46.061 11.143 44.376 10.456
46 6 2 45.951 11.151 44.266 10.465
47 6 2 45.823 11.142 44.138 10.455
48 6 2 45.695 11.150 44.010 10.464
49 6 2 45.586 11.141 43.901 10.454
50 6 2 45.440 11.149 43.754 10.462
51 6 2 45.312 11.140 43.626 10.453
52 6 2 45.165 11.148 43.479 10.461
53 6 2 44.918 11.193 43.041 10.358
54 6 2 44.818 11.202 42.977 10.367
55 6 2 44.745 11.128 43.058 10.441
56 6 2 44.443 11.182 42.702 10.338
57 6 2 44.315 11.117 42.656 10.366
58 6 2 44.151 11.098 42.418 10.383
59 6 2 44.123 11.089 42.354 10.383
60 6 2 44.078 11.070 42.399 10.383
61 6 2 43.712 11.087 42.051 10.391
62 6 2 43.629 11.096 41.859 10.362
63 6 2 43.455 11.086 41.740 10.371
64 6 2 43.318 11.104 41.629 10.380
65 6 2 43.089 11.112 41.483 10.370
66 6 2 42.924 11.121 41.428 10.361
67 6 2 42.988 11.149 41.115 10.460
68 6 2 42.823 11.203 41.097 10.433
69 6 2 42.566 11.165 40.978 10.395
70 6 2 42.511 11.230 40.684 10.477
71 6 2 42.264 11.219 40.748 10.422
72 6 2 42.154 11.164 40.574 10.421
73 6 2 41.998 11.200 40.491 10.449
74 6 2 41.805 11.264 40.298 10.503
75 6 2 41.741 11.245 40.051 10.456
76 6 2 41.594 11.235 39.959 10.474
77 6 2 41.567 11.244 39.839 10.501
78 6 2 41.439 11.225 39.692 10.519
79 6 2 41.338 11.243 39.499 10.536
80 6 2 41.365 11.197 39.756 10.510
81 6 2 41.228 11.206 39.618 10.519
82 6 2 41.090 11.196 39.481 10.509
83 6 2 40.934 11.223 39.324 10.536
84 6 2 40.797 11.214 39.187 10.526
85 6 2 40.200 11.239 38.497 10.569
86 6 2 40.328 11.239 38.607 10.569
87 6 2 40.117 11.229 38.414 10.569
88 6 2 39.924 11.256 38.295 10.568
89 6 2 39.722 11.338 38.101 10.604
90 6 2 39.575 11.347 38.019 10.576
91 6 2 39.382 11.355 37.844 10.640
92 6 2 39.262 11.336 37.669 10.612
93 6 2 39.125 11.354 37.513 10.620
94 6 2 38.913 11.381 37.374 10.647
95 6 2 38.830 11.381 37.310 10.638
96 6 2 38.757 11.371 37.181 10.646
97 6 2 38.711 11.390 36.961 10.572
98 6 2 38.748 11.325 37.172 10.665
99 6 2 38.610 11.325 37.034 10.664
100 6 2 38.454 11.324 36.877 10.664
101 6 2 38.316 11.342 36.739 10.681
102 6 2 38.160 11.341 36.582 10.681
103 6 2 38.003 11.341 36.426 10.680
104 6 2 37.847 11.340 36.269 10.680
105 6 2 37.607 11.395 35.855 10.687
106 6 2 37.525 11.367 35.947 10.706
107 6 2 37.332 11.347 35.431 10.722
108 6 2 37.378 11.357 35.799 10.696
109 6 2 37.240 11.356 35.661 10.695
110 6 2 37.102 11.356 35.523 10.695
111 6 2 36.945 11.355 35.366 10.694
112 6 2 36.807 11.355 35.228 10.694
113 6 2 36.632 11.354 35.053 10.693
114 6 2 36.494 11.353 34.915 10.692
115 6 2 36.338 11.353 34.758 10.692
116 6 2 36.181 11.352 34.601 10.691
117 6 2 36.024 11.352 34.444 10.690
118 6 2 35.886 11.351 34.306 10.690
119 6 2 35.730 11.350 34.149 10.689
120 6 2 35.573 11.350 33.992 10.688
121 6 2 35.416 11.349 33.835 10.688
122 6 2 35.278 11.349 33.697 10.687
123 6 2 35.122 11.348 33.540 10.687
124 6 2 34.983 11.329 33.402 10.668
125 6 2 34.808 11.328 33.226 10.667
126 6 2 34.670 11.328 33.088 10.666
127 6 2 34.513 11.327 32.931 10.666
128 6 2 34.356 11.327 32.774 10.665
129 6 2 34.200 11.326 32.617 10.664
130 6 2 34.061 11.307 32.478 10.645
131 6 2 33.904 11.306 32.321 10.645
132 6 2 33.748 11.287 32.164 10.625
133 6 2 33.591 11.287 32.007 10.625
134 6 2 33.452 11.286 31.868 10.624
135 6 2 33.296 11.267 31.711 10.605
136 6 2 33.139 11.266 31.554 10.604
137 6 2 32.982 11.266 31.397 10.604
138 6 2 32.825 11.247 31.240 10.585
139 6 2 32.668 11.228 31.083 10.566
140 6 2 32.529 11.227 30.944 10.565
141 6 2 32.354 11.208 30.768 10.546
142 6 2 32.215 11.207 30.630 10.545
143 6 2 32.058 11.188 30.472 10.526
144 6 2 31.901 11.169 30.315 10.507
145 6 2 31.744 11.169 30.158 10.506
146 6 2 31.606 11.150 30.019 10.487
147 6 2 31.449 11.131 29.862 10.468
148 6 2 31.292 11.111 29.705 10.449
149 6 2 31.134 11.111 29.547 10.448
150 6 2 30.996 11.092 29.408 10.429
151 6 2 30.820 11.073 29.232 10.410
152 6 2 30.682 11.054 29.094 10.391
153 6 2 30.524 11.034 28.936 10.372
154 6 2 29.932 11.023 28.417 10.351
155 6 2 29.959 11.069 28.159 10.211
156 6 2 29.969 11.005 28.389 10.341
157 6 2 29.821 10.985 28.241 10.322
158 6 2 29.673 10.948 28.093 10.285
159 6 2 29.507 10.929 27.926 10.265
160 6 2 29.359 10.910 27.778 10.246
161 6 2 29.211 10.872 27.630 10.209
162 6 2 29.044 10.853 27.463 10.189
163 6 2 28.896 10.834 27.315 10.170
164 6 2 28.748 10.796 27.166 10.133
165 6 2 28.581 10.758 27.000 10.095
166 6 2 28.433 10.739 26.851 10.076
167 6 2 28.285 10.720 26.703 10.056
168 6 2 28.155 10.683 26.573 10.019
169 6 2 28.007 10.645 26.425 9.981
170 6 2 27.841 10.607 26.258 9.943
171 6 2 27.692 10.570 26.109 9.906
172 6 2 27.544 10.551 25.961 9.886
173 6 2 27.396 10.532 25.812 9.867
174 6 2 27.248 10.475 25.664 9.811
175 6 2 26.923 10.418 25.247 9.652
176 6 2 26.710 10.381 25.061 9.577
177 6 2 26.599 10.343 25.034 9.530
178 6 2 26.487 10.343 24.931 9.502
179 6 2 26.599 10.260 25.024 9.595
180 6 2 26.460 10.222 24.885 9.557
181 6 2 26.321 10.184 24.745 9.520
182 6 2 26.145 10.147 24.569 9.482
183 6 2 26.006 10.109 24.430 9.444
184 6 2 25.848 10.090 24.271 9.425
185 6 2 25.709 10.052 24.132 9.387
186 6 2 25.551 10.014 23.974 9.349
187 6 2 25.393 9.977 23.816 9.311
188 6 2 25.236 9.939 23.658 9.274
189 6 2 25.096 9.901 23.519 9.236
190 6 2 24.938 9.882 23.360 9.216
191 6 2 24.799 9.844 23.221 9.179
192 6 2 24.641 9.806 23.063 9.141
193 6 2 24.502 9.769 22.923 9.103
194 6 2 24.344 9.731 22.765 9.065
195 6 2 24.186 9.693 22.607 9.027
196 6 2 24.028 9.655 22.449 8.990
197 6 2 23.889 9.636 22.309 8.970
198 6 2 23.731 9.598 22.151 8.932
199 6 2 23.591 9.561 22.011 8.895
200 6 2 23.452 9.523 21.872 8.857
201 6 2 23.312 9.485 21.732 8.819
202 6 2 23.154 9.447 21.574 8.781
203 6 2 23.015 9.410 21.434 8.743
204 6 2 22.857 9.372 21.276 8.705
0 7 1 37.827 18.214 37.163 17.450
1 7 1 37.781 18.232 37.097 17.551
2 7 1 37.809 18.149 37.098 17.514
3 7 1 37.782 18.177 37.061 17.487
4 7 1 37.828 18.159 37.071 17.385
5 7 1 37.819 18.149 37.062 17.339
6 7 1 37.875 18.030 37.072 17.257
7 7 1 37.829 18.002 37.109 17.293
8 7 1 37.829 17.966 37.109 17.257
9 7 1 37.830 17.920 37.109 17.211
10 7 1 37.894 17.874 37.120 17.073
11 7 1 37.867 17.855 37.111 16.999
12 7 1 37.840 17.809 37.121 16.916
13 7 1 37.831 17.754 37.140 16.852
14 7 1 37.831 17.745 37.112 16.870
15 7 1 37.859 17.708 37.113 16.788
16 7 1 37.831 17.699 37.140 16.788
17 7 1 37.850 17.681 37.131 16.778
18 7 1 37.850 17.653 37.177 16.788
19 7 1 37.860 17.552 37.149 16.824
20 7 1 37.970 17.570 37.131 16.815
21 7 1 37.916 17.451 37.142 16.613
22 7 1 37.925 17.442 37.187 16.668
23 7 1 37.990 17.368 37.151 16.576
24 7 1 37.954 17.304 37.161 16.484
25 7 1 37.936 17.239 37.179 16.604
26 7 1 37.917 17.313 37.126 16.272
27 7 1 37.927 17.285 37.145 16.282
28 7 1 37.955 17.249 37.153 16.383
29 7 1 37.964 17.267 37.189 16.429
30 7 1 37.937 17.138 37.199 16.392
31 7 1 37.947 17.037 37.181 16.319
32 7 1 37.938 16.991 37.172 16.273
33 7 1 37.911 16.954 37.145 16.226
34 7 1 37.967 16.918 37.155 16.153
35 7 1 38.031 16.881 37.145 16.180
36 7 1 37.930 16.890 37.237 16.171
37 7 1 38.023 16.817 37.109 16.107
38 7 1 37.977 16.817 37.147 16.024
39 7 1 37.968 16.780 37.192 16.043
40 7 1 37.959 16.725 37.148 15.831
41 7 1 37.895 16.642 37.203 15.932
42 7 1 37.997 16.596 37.150 15.619
43 7 1 38.034 16.578 37.205 15.665
44 7 1 38.016 16.522 37.222 15.803
45 7 1 38.025 16.458 37.250 15.702
46 7 1 37.970 16.458 37.158 15.730
47 7 1 37.980 16.440 37.177 15.693
48 7 1 37.962 16.375 37.186 15.730
49 7 1 37.962 16.338 37.159 15.674
50 7 1 38.000 16.237 37.260 15.619
51 7 1 37.981 16.219 37.297 15.583
52 7 1 38.028 16.155 37.243 15.500
53 7 1 37.982 16.118 37.197 15.435
54 7 1 38.056 16.118 37.281 15.297
55 7 1 38.047 16.118 37.263 15.288
56 7 1 37.992 16.035 37.308 15.371
57 7 1 38.002 16.017 37.291 15.196
58 7 1 37.965 16.007 37.181 15.205
59 7 1 37.920 15.934 37.235 15.270
60 7 1 37.929 15.888 37.245 15.224
61 7 1 37.939 15.851 37.255 15.187
62 7 1 38.021 15.888 37.329 15.113
63 7 1 38.003 15.823 37.319 15.159
64 7 1 38.114 15.759 37.321 14.929
65 7 1 38.142 15.640 37.376 14.966
66 7 1 38.087 15.621 37.339 14.957
67 7 1 38.097 15.548 37.367 14.920
68 7 1 38.116 15.511 37.349 14.856
69 7 1 38.025 15.409 37.405 14.792
70 7 1 38.098 15.446 37.397 14.607
71 7 1 38.108 15.410 37.379 14.598
72 7 1 38.016 15.382 37.370 14.607
73 7 1 38.172 15.345 37.426 14.488
74 7 1 38.017 15.308 37.351 14.663
75 7 1 38.017 15.271 37.351 14.626
76 7 1 38.008 15.225 37.342 14.580
77 7 1 37.952 15.354 37.354 14.248
78 7 1 37.999 15.170 37.334 14.524
79 7 1 37.990 15.133 37.325 14.488
80 7 1 37.991 15.097 37.325 14.451
81 7 1 37.992 14.977 37.391 14.248
82 7 1 37.955 14.913 37.410 14.184
83 7 1 38.001 14.959 37.374 14.129
84 7 1 38.002 14.867 37.364 14.221
85 7 1 38.011 14.876 37.327 14.147
86 7 1 38.002 14.848 37.299 14.193
87 7 1 38.021 14.811 37.309 14.165
88 7 1 38.030 14.793 37.328 14.110
89 7 1 37.994 14.747 37.347 14.055
90 7 1 37.994 14.673 37.319 13.991
91 7 1 37.994 14.692 37.348 13.908
92 7 1 38.013 14.673 37.357 13.908
93 7 1 38.031 14.618 37.394 13.834
94 7 1 38.050 14.646 37.413 13.853
95 7 1 38.115 14.508 37.440 13.844
96 7 1 38.115 14.517 37.450 13.825
97 7 1 38.125 14.444 37.468 13.853
98 7 1 38.134 14.453 37.477 13.807
99 7 1 38.116 14.444 37.477 13.807
100 7 1 38.072 14.186 37.562 13.568
101 7 1 38.118 14.177 37.571 13.568
102 7 1 38.264 14.223 37.507 13.531
103 7 1 38.219 14.205 37.545 13.448
104 7 1 38.219 14.159 37.581 13.457
105 7 1 38.210 14.168 37.555 13.347
106 7 1 38.210 14.168 37.537 13.264
107 7 1 38.174 14.094 37.564 13.273
108 7 1 38.128 14.048 37.545 13.365
109 7 1 38.128 14.039 37.537 13.236
110 7 1 38.138 14.011 37.527 13.393
111 7 1 38.138 13.965 37.527 13.347
112 7 1 38.174 14.002 37.585 13.052
113 7 1 38.184 13.892 37.566 13.126
114 7 1 38.194 13.846 37.566 13.043
115 7 1 38.158 13.744 37.520 13.052
116 7 1 38.177 13.634 37.520 13.080
117 7 1 38.150 13.662 37.539 13.052
118 7 1 38.150 13.634 37.539 13.024
119 7 1 38.160 13.505 37.549 12.951
120 7 1 38.197 13.496 37.558 12.914
121 7 1 38.234 13.487 37.558 12.896
122 7 1 38.253 13.423 37.532 12.767
123 7 1 38.253 13.432 37.569 12.739
124 7 1 38.262 13.432 37.570 12.638
125 7 1 38.299 13.404 37.542 12.693
126 7 1 38.197 13.468 37.644 12.555
127 7 1 38.262 13.423 37.662 12.528
128 7 1 38.171 13.339 37.560 12.748
129 7 1 38.245 13.257 37.654 12.389
130 7 1 38.162 13.284 37.551 12.693
131 7 1 38.301 13.165 37.718 12.519
132 7 1 38.209 13.091 37.728 12.362
133 7 1 38.265 13.018 37.738 12.334
134 7 1 38.293 12.981 37.700 12.390
135 7 1 38.293 12.944 37.701 12.353
136 7 1 38.303 12.907 37.710 12.316
137 7 1 38.303 12.870 37.711 12.279
138 7 1 38.395 12.862 37.722 12.058
139 7 1 38.432 12.898 37.703 12.132
140 7 1 38.368 12.825 37.666 12.049
141 7 1 38.442 12.751 37.685 11.994
142 7 1 38.424 12.751 37.666 12.040
143 7 1 38.415 12.696 37.695 11.966
144 7 1 38.314 12.640 37.677 11.911
145 7 1 38.379 12.659 37.722 11.957
146 7 1 38.388 12.650 37.732 11.892
147 7 1 38.370 12.613 37.669 11.745
148 7 1 38.344 12.438 37.817 11.681
149 7 1 38.315 12.567 37.722 11.975
150 7 1 38.315 12.521 37.723 11.929
151 7 1 38.315 12.502 37.723 11.911
152 7 1 38.325 12.465 37.732 11.874
153 7 1 38.334 12.429 37.742 11.837
154 7 1 38.355 12.125 37.716 11.561
155 7 1 38.437 12.263 37.718 11.349
156 7 1 38.319 12.134 37.726 11.552
157 7 1 38.464 12.282 37.701 11.183
158 7 1 38.438 12.171 37.858 11.138
159 7 1 38.310 12.079 37.717 11.496
160 7 1 38.483 12.208 37.720 11.146
161 7 1 38.465 12.208 37.702 11.109
162 7 1 38.384 12.005 37.876 11.128
163 7 1 38.402 11.996 37.747 11.238
164 7 1 38.283 11.996 37.690 11.413
165 7 1 38.543 11.684 37.904 11.156
166 7 1 38.432 11.784 37.868 11.064
167 7 1 38.424 11.656 37.859 11.027
168 7 1 38.479 11.619 37.942 11.018
169 7 1 38.489 11.536 38.035 10.834
170 7 1 38.508 11.472 37.989 10.852
171 7 1 38.489 11.554 38.008 10.797
172 7 1 38.545 11.481 37.953 10.779
173 7 1 38.644 11.638 37.861 10.695
174 7 1 38.572 11.536 38.000 10.613
175 7 1 38.489 11.554 37.963 10.631
176 7 1 38.489 11.573 37.918 10.530
177 7 1 38.517 11.527 37.936 10.567
178 7 1 38.627 11.537 37.935 10.677
179 7 1 38.508 11.407 37.964 10.512
180 7 1 38.545 11.389 37.844 10.622
181 7 1 38.564 11.352 37.835 10.594
182 7 1 38.555 11.334 37.881 10.594
183 7 1 38.511 11.131 37.937 10.493
184 7 1 38.556 11.242 37.836 10.419
185 7 1 38.602 11.260 37.836 10.400
186 7 1 38.474 11.094 37.918 10.521
187 7 1 38.466 10.974 37.884 10.226
188 7 1 38.466 11.002 37.781 10.409
189 7 1 38.466 10.965 37.781 10.354
190 7 1 38.484 10.993 37.819 10.253
191 7 1 38.393 10.937 37.837 10.364
192 7 1 38.494 10.956 37.848 10.152
193 7 1 38.531 10.938 37.857 10.124
194 7 1 38.522 10.938 37.849 9.986
195 7 1 38.522 10.919 37.839 10.023
196 7 1 38.588 10.643 37.968 10.042
197 7 1 38.643 10.745 37.793 10.059
198 7 1 38.597 10.680 37.839 10.013
199 7 1 38.533 10.671 37.803 9.995
200 7 1 38.515 10.606 37.959 10.032
201 7 1 38.515 10.569 37.959 9.995
202 7 1 38.544 10.459 37.961 9.793
203 7 1 38.535 10.394 37.907 9.691
204 7 1 38.591 10.330 37.962 9.618
0 8 1 36.718 6.420 36.044 5.455
1 8 1 36.736 6.448 36.035 5.437
2 8 1 36.643 6.558 35.970 5.446
3 8 1 36.652 6.549 35.942 5.501
4 8 1 36.662 6.549 35.950 5.575
5 8 1 36.615 6.585 35.932 5.593
6 8 1 36.653 6.530 35.894 5.676
7 8 1 36.615 6.595 35.923 5.602
8 8 1 36.624 6.632 35.932 5.639
9 8 1 36.615 6.650 35.922 5.658
10 8 1 36.624 6.687 35.931 5.695
11 8 1 36.614 6.724 35.922 5.732
12 8 1 36.623 6.761 35.930 5.769
13 8 1 36.614 6.798 35.921 5.806
14 8 1 36.622 6.853 35.930 5.861
15 8 1 36.613 6.890 35.920 5.898
16 8 1 36.630 7.028 35.873 6.073
17 8 1 36.630 7.065 35.891 6.129
18 8 1 36.564 7.194 35.946 6.129
19 8 1 36.592 7.139 35.909 6.156
20 8 1 36.592 7.185 35.909 6.203
21 8 1 36.592 7.213 35.908 6.230
22 8 1 36.591 7.259 35.908 6.276
23 8 1 36.591 7.287 35.908 6.304
24 8 1 36.591 7.351 35.907 6.369
25 8 1 36.590 7.379 35.907 6.397
26 8 1 36.572 7.425 35.888 6.443
27 8 1 36.571 7.471 35.888 6.489
28 8 1 36.571 7.517 35.888 6.535
29 8 1 36.571 7.545 35.887 6.563
30 8 1 36.570 7.591 35.887 6.609
31 8 1 36.552 7.619 35.868 6.636
32 8 1 36.551 7.665 35.868 6.683
33 8 1 36.653 7.665 35.886 6.793
34 8 1 36.643 7.693 35.886 6.793
35 8 1 36.606 7.720 35.923 6.766
36 8 1 36.800 7.648 35.885 6.849
37 8 1 36.754 7.675 35.885 6.830
38 8 1 36.690 7.656 35.876 6.867
39 8 1 36.662 7.638 35.802 6.885
40 8 1 36.588 7.711 35.876 6.812
41 8 1 36.597 7.748 35.885 6.849
42 8 1 36.606 7.785 35.894 6.886
43 8 1 36.596 7.803 35.885 6.904
44 8 1 36.605 7.840 35.894 6.941
45 8 1 36.614 7.877 35.902 6.978
46 8 1 36.623 7.914 35.911 7.015
47 8 1 36.613 7.951 35.902 7.052
48 8 1 36.622 7.988 35.911 7.089
49 8 1 36.613 8.025 35.901 7.126
50 8 1 36.622 8.062 35.910 7.163
51 8 1 36.631 8.099 35.919 7.200
52 8 1 36.640 8.136 35.928 7.237
53 8 1 36.630 8.173 35.919 7.274
54 8 1 36.639 8.210 35.928 7.311
55 8 1 36.648 8.247 35.936 7.348
56 8 1 36.657 8.283 35.945 7.385
57 8 1 36.647 8.320 35.936 7.421
58 8 1 36.719 8.579 35.869 7.670
59 8 1 36.710 8.551 35.879 7.652
60 8 1 36.746 8.607 35.887 7.707
61 8 1 36.673 8.597 35.961 7.698
62 8 1 36.682 8.634 35.970 7.735
63 8 1 36.691 8.653 35.979 7.754
64 8 1 36.671 8.782 35.867 7.993
65 8 1 36.745 8.810 35.885 7.975
66 8 1 36.726 8.865 35.922 7.975
67 8 1 36.725 8.930 35.931 7.984
68 8 1 36.680 8.892 35.968 8.012
69 8 1 36.661 8.966 35.885 8.058
70 8 1 36.632 9.031 35.922 8.021
71 8 1 36.633 9.003 35.904 8.012
72 8 1 36.651 9.031 35.903 8.021
73 8 1 36.614 9.086 35.838 8.076
74 8 1 36.577 9.012 35.866 8.132
75 8 1 36.586 9.049 35.875 8.169
76 8 1 36.632 9.132 35.948 8.234
77 8 1 36.668 9.141 35.993 8.289
78 8 1 36.678 9.151 35.984 8.280
79 8 1 36.687 9.178 35.993 8.308
80 8 1 36.696 9.188 36.002 8.317
81 8 1 36.686 9.215 35.993 8.345
82 8 1 36.695 9.243 36.002 8.372
83 8 1 36.686 9.271 35.993 8.400
84 8 1 36.695 9.280 36.002 8.409
85 8 1 36.704 9.326 36.011 8.455
86 8 1 36.713 9.335 36.020 8.465
87 8 1 36.703 9.363 36.010 8.492
88 8 1 36.713 9.372 36.019 8.502
89 8 1 36.703 9.418 36.010 8.548
90 8 1 36.712 9.427 36.019 8.557
91 8 1 36.721 9.455 36.028 8.585
92 8 1 36.730 9.483 36.037 8.612
93 8 1 36.721 9.510 36.028 8.640
94 8 1 36.730 9.520 36.037 8.649
95 8 1 36.739 9.547 36.046 8.677
96 8 1 36.748 9.575 36.055 8.705
97 8 1 36.738 9.603 36.045 8.732
98 8 1 36.748 9.612 36.054 8.742
99 8 1 36.738 9.640 36.045 8.769
100 8 1 36.729 9.649 36.036 8.779
101 8 1 36.719 9.676 36.026 8.806
102 8 1 36.729 9.686 36.035 8.815
103 8 1 36.719 9.713 36.026 8.843
104 8 1 36.710 9.723 36.017 8.852
105 8 1 36.700 9.750 36.007 8.880
106 8 1 36.691 9.759 35.998 8.889
107 8 1 36.682 9.787 35.989 8.917
108 8 1 36.672 9.796 35.979 8.926
109 8 1 36.663 9.824 35.970 8.953
110 8 1 36.654 9.833 35.961 8.963
111 8 1 36.644 9.861 35.951 8.990
112 8 1 36.653 9.870 35.960 9.000
113 8 1 36.626 9.897 35.932 9.027
114 8 1 36.635 9.907 35.941 9.036
115 8 1 36.625 9.934 35.932 9.064
116 8 1 36.634 9.943 35.941 9.073
117 8 1 36.625 9.971 35.932 9.101
118 8 1 36.615 9.999 35.922 9.129
119 8 1 36.825 10.230 35.959 9.203
120 8 1 36.705 10.276 35.930 9.276
121 8 1 36.604 10.248 35.903 9.276
122 8 1 36.596 10.192 35.902 9.322
123 8 1 36.557 10.358 35.865 9.350
124 8 1 36.576 10.386 35.912 9.304
125 8 1 36.586 10.275 35.902 9.405
126 8 1 36.585 10.303 35.901 9.433
127 8 1 36.585 10.330 35.901 9.461
128 8 1 36.595 10.257 35.948 9.387
129 8 1 36.604 10.257 35.930 9.387
130 8 1 36.595 10.284 35.920 9.415
131 8 1 36.604 10.312 35.929 9.442
132 8 1 36.686 10.368 35.891 9.580
133 8 1 36.622 10.395 35.947 9.535
134 8 1 36.592 10.570 35.890 9.663
135 8 1 36.584 10.524 35.862 9.719
136 8 1 36.556 10.542 35.881 9.691
137 8 1 36.565 10.570 35.890 9.719
138 8 1 36.555 10.598 35.881 9.746
139 8 1 36.546 10.625 35.871 9.774
140 8 1 36.719 10.810 35.963 9.765
141 8 1 36.665 10.709 35.990 9.858
142 8 1 36.656 10.736 35.981 9.885
143 8 1 36.646 10.764 35.971 9.913
144 8 1 36.655 10.810 35.980 9.959
145 8 1 36.646 10.838 35.971 9.987
146 8 1 36.655 10.865 35.980 10.014
147 8 1 36.645 10.893 35.970 10.042
148 8 1 36.654 10.921 35.979 10.070
149 8 1 36.645 10.930 35.970 10.079
150 8 1 36.654 10.976 35.979 10.125
151 8 1 36.644 10.985 35.970 10.134
152 8 1 36.653 11.031 35.979 10.180
153 8 1 36.662 11.041 35.988 10.190
154 8 1 36.671 11.087 35.996 10.236
155 8 1 36.662 11.096 35.987 10.245
156 8 1 36.671 11.142 35.996 10.291
157 8 1 36.760 11.520 35.987 10.328
158 8 1 36.671 11.142 35.996 10.291
159 8 1 36.680 11.170 36.005 10.319
160 8 1 36.689 11.216 36.014 10.365
161 8 1 36.698 11.244 36.023 10.393
162 8 1 36.725 11.290 36.050 10.439
163 8 1 36.734 11.317 36.059 10.467
164 8 1 36.761 11.364 36.086 10.513
165 8 1 36.770 11.391 36.095 10.540
166 8 1 36.641 11.372 36.095 10.623
167 8 1 36.623 11.400 36.085 10.716
168 8 1 36.677 11.465 36.021 10.632
169 8 1 36.650 11.492 36.093 10.863
170 8 1 36.704 11.529 36.157 10.854
171 8 1 36.741 11.594 36.103 10.780
172 8 1 36.704 11.585 36.120 10.928
173 8 1 36.768 11.649 36.120 10.909
174 8 1 36.776 11.778 36.129 10.937
175 8 1 36.803 11.898 36.166 10.974
176 8 1 36.876 11.935 36.166 10.910
177 8 1 36.784 11.907 36.101 10.955
178 8 1 36.821 11.889 36.147 11.048
179 8 1 36.812 11.926 36.175 11.002
180 8 1 36.793 11.907 36.157 10.965
181 8 1 36.877 11.852 36.229 11.168
182 8 1 36.867 11.889 36.202 11.085
183 8 1 36.895 11.852 36.192 11.186
184 8 1 36.885 11.954 36.256 11.251
185 8 1 36.867 11.963 36.153 11.380
186 8 1 36.820 12.046 36.191 11.288
187 8 1 36.820 12.083 36.190 11.325
188 8 1 36.829 12.119 36.199 11.361
189 8 1 36.838 12.138 36.208 11.380
190 8 1 36.837 12.175 36.208 11.417
191 8 1 36.846 12.212 36.217 11.454
192 8 1 36.846 12.285 36.198 11.537
193 8 1 36.808 12.377 36.225 11.574
194 8 1 36.817 12.423 36.207 11.610
195 8 1 36.891 12.414 36.262 11.574
196 8 1 36.873 12.368 36.262 11.620
197 8 1 36.872 12.424 36.261 11.675
198 8 1 36.890 12.451 36.280 11.703
199 8 1 36.908 12.488 36.298 11.740
200 8 1 36.917 12.525 36.307 11.777
201 8 1 36.926 12.562 36.316 11.813
202 8 1 36.935 12.590 36.325 11.841
203 8 1 36.816 12.488 36.215 11.749
204 8 1 36.943 12.755 36.287 11.961
0 11 1 36.629 18.663 35.894 17.301
1 11 1 36.656 18.700 35.885 17.273
2 11 1 36.685 18.507 35.921 17.402
3 11 1 36.667 18.470 35.931 17.393
4 11 1 36.676 18.470 35.875 17.411
5 11 1 36.677 18.397 35.894 17.375
6 11 1 36.659 18.387 35.922 17.365
7 11 1 36.669 18.240 35.886 17.264
8 11 1 36.678 18.231 35.848 17.301
9 11 1 36.614 18.185 35.822 17.209
10 11 1 36.633 18.157 35.886 17.209
11 11 1 36.577 18.176 35.758 17.163
12 11 1 36.642 18.185 35.850 17.163
13 11 1 36.615 18.093 35.859 17.080
14 11 1 36.670 18.075 35.998 16.979
15 11 1 36.670 18.056 35.971 16.924
16 11 1 36.597 18.084 35.870 16.924
17 11 1 36.681 17.928 35.926 16.795
18 11 1 36.663 17.817 35.945 16.730
19 11 1 36.654 17.826 35.899 16.740
20 11 1 36.719 17.780 35.918 16.703
21 11 1 36.663 17.780 35.936 16.703
22 11 1 36.700 17.753 35.927 16.694
23 11 1 36.765 17.744 35.955 16.666
24 11 1 36.765 17.716 35.964 16.666
25 11 1 36.784 17.624 35.964 16.712
26 11 1 36.766 17.551 35.890 16.675
27 11 1 36.786 17.468 35.946 16.666
28 11 1 36.776 17.449 35.956 16.546
29 11 1 36.749 17.422 35.938 16.482
30 11 1 36.749 17.376 35.911 16.436
31 11 1 36.741 17.256 35.874 16.408
32 11 1 36.704 17.302 35.902 16.335
33 11 1 36.768 17.302 35.893 16.298
34 11 1 36.687 17.182 35.876 16.197
35 11 1 36.742 17.155 35.876 16.150
36 11 1 36.743 17.081 35.886 16.003
37 11 1 36.761 17.072 35.905 15.985
38 11 1 36.678 17.054 35.905 15.939
39 11 1 36.706 17.017 35.933 15.930
40 11 1 36.670 16.943 35.951 15.994
41 11 1 36.678 17.090 35.961 15.874
42 11 1 36.725 17.008 35.933 15.865
43 11 1 36.744 16.943 35.961 15.930
44 11 1 36.726 16.861 35.979 15.957
45 11 1 36.726 16.815 35.970 15.911
46 11 1 36.718 16.769 35.952 15.810
47 11 1 36.700 16.667 35.953 15.727
48 11 1 36.737 16.667 35.888 15.782
49 11 1 36.710 16.575 35.861 15.699
50 11 1 36.646 16.529 35.898 15.644
51 11 1 36.738 16.502 35.899 15.617
52 11 1 36.720 16.502 35.872 15.515
53 11 1 36.646 16.502 35.937 15.469
54 11 1 36.647 16.428 35.936 15.534
55 11 1 36.776 16.373 35.929 15.313
56 11 1 36.758 16.336 35.865 15.221
57 11 1 36.721 16.309 35.920 15.202
58 11 1 36.602 16.281 35.901 15.285
59 11 1 36.666 16.299 35.902 15.156
60 11 1 36.685 16.262 35.911 15.156
61 11 1 36.704 16.226 35.939 15.156
62 11 1 36.713 16.198 35.948 15.156
63 11 1 36.741 16.115 35.976 15.147
64 11 1 36.733 16.014 35.985 15.138
65 11 1 36.751 15.986 35.976 15.166
66 11 1 36.733 15.950 35.976 15.129
67 11 1 36.715 15.931 36.023 15.009
68 11 1 36.688 15.913 35.941 14.972
69 11 1 36.642 15.867 35.996 14.908
70 11 1 36.652 15.793 35.905 14.816
71 11 1 36.670 15.793 35.942 14.751
72 11 1 36.633 15.848 35.962 14.613
73 11 1 36.634 15.692 35.951 14.825
74 11 1 36.634 15.664 35.951 14.797
75 11 1 36.635 15.618 35.951 14.751
76 11 1 36.643 15.765 36.008 14.540
77 11 1 36.597 15.710 36.054 14.586
78 11 1 36.561 15.664 35.981 14.558
79 11 1 36.608 15.563 35.924 14.696
80 11 1 36.617 15.563 35.999 14.512
81 11 1 36.589 15.581 36.054 14.576
82 11 1 36.608 15.508 35.999 14.622
83 11 1 36.572 15.369 36.072 14.586
84 11 1 36.572 15.388 35.990 14.539
85 11 1 36.600 15.388 35.962 14.539
86 11 1 36.583 15.222 36.036 14.549
87 11 1 36.619 15.278 35.945 14.466
88 11 1 36.647 15.278 35.973 14.392
89 11 1 36.611 15.176 35.983 14.282
90 11 1 36.592 15.167 35.919 14.199
91 11 1 36.639 15.158 36.056 14.309
92 11 1 36.612 15.029 36.204 14.291
93 11 1 36.575 15.103 36.084 14.263
94 11 1 36.630 15.103 36.020 14.263
95 11 1 36.640 15.011 35.965 14.189
96 11 1 36.594 15.001 35.891 14.189
97 11 1 36.603 15.029 35.938 14.143
98 11 1 36.649 15.038 36.030 14.097
99 11 1 36.603 14.992 35.975 14.153
100 11 1 36.594 14.974 35.984 14.153
101 11 1 36.669 14.836 36.205 14.144
102 11 1 36.789 14.726 36.214 14.135
103 11 1 36.594 14.918 35.984 14.097
104 11 1 36.604 14.882 35.994 14.061
105 11 1 36.734 14.670 36.187 14.024
106 11 1 36.854 14.707 36.253 13.868
107 11 1 36.762 14.652 36.180 13.840
108 11 1 36.791 14.505 36.300 13.711
109 11 1 36.800 14.542 36.320 13.564
110 11 1 36.782 14.495 36.283 13.527
111 11 1 36.810 14.486 36.311 13.500
112 11 1 36.828 14.459 36.330 13.454
113 11 1 36.791 14.477 36.209 13.674
114 11 1 36.792 14.431 36.209 13.628
115 11 1 36.819 14.413 36.303 13.325
116 11 1 36.865 14.413 36.331 13.352
117 11 1 36.783 14.367 36.200 13.564
118 11 1 36.792 14.321 36.210 13.518
119 11 1 36.858 14.201 36.331 13.306
120 11 1 36.877 14.081 36.368 13.269
121 11 1 36.868 14.026 36.322 13.288
122 11 1 36.877 14.054 36.322 13.260
123 11 1 36.906 13.897 36.451 13.325
124 11 1 36.944 13.833 36.489 13.196
125 11 1 36.981 13.778 36.498 13.132
126 11 1 36.972 13.713 36.508 13.095
127 11 1 37.018 13.686 36.518 13.030
128 11 1 37.036 13.750 36.500 12.975
129 11 1 37.009 13.649 36.473 12.864
130 11 1 36.945 13.630 36.481 12.993
131 11 1 36.992 13.557 36.500 12.947
132 11 1 37.000 13.631 36.482 12.874
133 11 1 37.103 13.520 36.575 12.773
134 11 1 37.084 13.520 36.566 12.773
135 11 1 37.186 13.493 36.576 12.653
136 11 1 37.223 13.429 36.566 12.681
137 11 1 37.278 13.420 36.585 12.635
138 11 1 37.233 13.327 36.622 12.681
139 11 1 37.261 13.309 36.659 12.561
140 11 1 37.326 13.226 36.715 12.497
141 11 1 37.326 13.134 36.770 12.580
142 11 1 37.318 13.079 36.807 12.562
143 11 1 37.364 13.061 36.853 12.497
144 11 1 37.373 13.015 36.864 12.341
145 11 1 37.520 13.024 36.846 12.212
146 11 1 37.438 12.950 36.847 12.147
147 11 1 37.438 13.006 36.848 12.027
148 11 1 37.383 12.904 36.874 12.184
149 11 1 37.447 12.987 36.904 11.853
150 11 1 37.456 12.997 36.877 11.871
151 11 1 37.384 12.849 36.875 12.129
152 11 1 37.530 12.932 36.951 11.834
153 11 1 37.567 12.932 36.979 11.724
154 11 1 37.384 12.785 36.875 12.064
155 11 1 37.496 12.656 36.996 11.880
156 11 1 37.578 12.794 37.034 11.733
157 11 1 37.543 12.509 37.006 11.816
158 11 1 37.580 12.481 37.070 11.807
159 11 1 37.581 12.380 37.043 11.789
160 11 1 37.700 12.472 36.988 11.696
161 11 1 37.609 12.316 37.090 11.687
162 11 1 37.664 12.288 37.127 11.651
163 11 1 37.738 12.252 37.192 11.550
164 11 1 37.619 12.196 37.082 11.485
165 11 1 37.674 12.205 37.166 11.393
166 11 1 37.666 12.132 37.165 11.457
167 11 1 37.675 12.095 37.175 11.420
168 11 1 37.738 12.298 37.068 10.996
169 11 1 37.676 12.040 37.175 11.365
170 11 1 37.685 11.994 37.185 11.319
171 11 1 37.686 11.957 37.185 11.282
172 11 1 37.695 11.911 37.195 11.236
173 11 1 37.705 11.865 37.204 11.190
174 11 1 37.749 12.086 37.178 10.987
175 11 1 37.677 11.883 37.168 11.107
176 11 1 37.687 11.791 37.150 11.107
177 11 1 37.669 11.745 37.187 11.070
178 11 1 37.679 11.625 37.132 11.033
179 11 1 37.688 11.634 37.142 10.969
180 11 1 37.707 11.588 37.124 10.913
181 11 1 37.744 11.588 37.105 10.913
182 11 1 37.771 11.625 37.042 10.710
183 11 1 37.753 11.570 37.061 10.646
184 11 1 37.762 11.616 37.062 10.563
185 11 1 37.615 11.542 37.124 10.877
186 11 1 37.606 11.505 37.115 10.840
187 11 1 37.588 11.468 37.097 10.803
188 11 1 37.745 11.487 36.999 10.443
189 11 1 37.561 11.422 37.070 10.757
190 11 1 37.543 11.385 37.052 10.720
191 11 1 37.662 11.404 37.036 10.397
192 11 1 37.525 11.330 37.034 10.664
193 11 1 37.627 11.275 37.007 10.489
194 11 1 37.572 11.201 37.008 10.443
195 11 1 37.508 11.145 36.990 10.406
196 11 1 37.491 11.062 37.045 10.406
197 11 1 37.473 10.943 37.017 10.415
198 11 1 37.565 10.989 36.871 10.313
199 11 1 37.455 10.850 36.962 10.369
200 11 1 37.565 10.943 36.890 10.157
201 11 1 37.483 10.878 36.873 10.074
202 11 1 37.474 10.795 36.854 10.055
203 11 1 37.436 10.961 36.963 10.314
204 11 1 37.427 10.924 36.954 10.277
