0 0 1 54.180 12.961 55.124 13.700
1 0 1 54.156 12.936 55.136 13.712
2 0 1 54.071 12.936 55.052 13.712
3 0 1 53.975 12.924 54.955 13.700
4 0 1 53.878 12.936 54.859 13.712
5 0 1 53.781 12.924 54.762 13.700
6 0 1 53.697 12.936 54.678 13.712
7 0 1 53.600 12.924 54.581 13.700
8 0 1 53.504 12.888 54.473 13.664
10 0 1 53.516 12.900 54.485 13.676
11 0 1 53.419 12.912 54.388 13.688
12 0 1 53.335 12.900 54.304 13.676
13 0 1 52.840 12.900 53.942 13.761
14 0 1 52.876 12.912 53.942 13.749
15 0 1 52.779 12.912 53.845 13.749
16 0 1 52.671 12.912 53.737 13.749
17 0 1 52.562 12.924 53.628 13.761
18 0 1 52.320 12.924 53.363 13.834
20 0 1 52.321 12.949 53.375 13.810
21 0 1 52.236 12.937 53.290 13.798
22 0 1 52.139 12.937 53.194 13.798
23 0 1 52.030 12.937 53.085 13.798
24 0 1 51.922 12.937 52.976 13.798
25 0 1 51.813 12.937 52.867 13.798
26 0 1 51.692 12.949 52.747 13.810
27 0 1 51.571 12.949 52.626 13.810
28 0 1 51.462 12.937 52.517 13.798
29 0 1 51.341 12.949 52.396 13.811
30 0 1 51.184 12.937 52.082 13.774
32 0 1 51.136 12.937 52.142 13.786
33 0 1 51.039 12.949 52.046 13.799
34 0 1 50.942 12.949 51.949 13.799
35 0 1 50.833 12.937 51.840 13.786
36 0 1 50.725 12.949 51.731 13.799
37 0 1 50.616 12.949 51.622 13.799
38 0 1 50.495 12.949 51.501 13.799
39 0 1 50.386 12.961 51.392 13.811
40 0 1 50.265 12.973 51.272 13.823
41 0 1 50.010 12.925 50.884 13.872
43 0 1 49.974 12.973 50.945 13.835
44 0 1 49.877 12.973 50.848 13.836
45 0 1 49.793 12.961 50.763 13.823
46 0 1 49.272 12.900 50.449 13.860
48 0 1 49.369 12.949 50.364 13.824
49 0 1 49.248 12.949 50.243 13.824
50 0 1 49.126 12.949 50.122 13.824
51 0 1 49.017 12.900 50.012 13.775
53 0 1 49.029 12.913 50.025 13.787
54 0 1 48.920 12.913 49.916 13.787
55 0 1 48.823 12.913 49.819 13.787
56 0 1 48.714 12.925 49.710 13.800
57 0 1 48.036 12.925 49.322 13.861
58 0 1 48.181 12.961 49.213 13.836
59 0 1 48.072 12.949 49.104 13.824
60 0 1 47.951 12.961 48.983 13.836
61 0 1 47.842 12.949 48.874 13.824
62 0 1 47.720 12.961 48.752 13.836
63 0 1 47.611 12.913 48.643 13.788
65 0 1 47.623 12.925 48.655 13.800
66 0 1 47.526 12.925 48.558 13.800
67 0 1 47.429 12.925 48.461 13.800
68 0 1 47.320 12.925 48.352 13.800
69 0 1 47.199 12.925 48.231 13.800
70 0 1 47.089 12.925 48.122 13.800
71 0 1 46.458 12.937 47.891 13.776
72 0 1 46.652 12.925 47.721 13.788
73 0 1 46.543 12.925 47.612 13.788
74 0 1 46.409 12.925 47.478 13.788
75 0 1 46.300 12.901 47.369 13.764
76 0 1 46.191 12.876 47.260 13.740
77 0 1 46.082 12.901 47.151 13.764
78 0 1 45.997 12.876 47.066 13.740
79 0 1 45.887 12.901 46.956 13.764
80 0 1 45.778 12.876 46.847 13.740
81 0 1 45.644 12.901 46.714 13.764
82 0 1 45.559 12.876 46.628 13.740
83 0 1 45.425 12.901 46.495 13.764
84 0 1 45.316 12.876 46.386 13.740
85 0 1 45.207 12.901 46.276 13.765
86 0 1 45.097 12.901 46.167 13.765
87 0 1 44.988 12.901 46.057 13.765
88 0 1 44.903 12.901 45.972 13.765
89 0 1 44.793 12.901 45.863 13.765
90 0 1 44.684 12.876 45.754 13.740
91 0 1 44.574 12.901 45.644 13.765
92 0 1 44.465 12.876 45.535 13.740
93 0 1 44.331 12.876 45.401 13.741
94 0 1 44.222 12.876 45.292 13.741
95 0 1 44.088 12.876 45.158 13.741
96 0 1 43.978 12.876 45.048 13.741
97 0 1 43.869 12.852 44.939 13.716
98 0 1 43.759 12.828 44.829 13.692
99 0 1 43.650 12.852 44.720 13.716
100 0 1 43.540 12.852 44.611 13.717
101 0 1 43.431 12.852 44.501 13.717
102 0 1 43.321 12.852 44.391 13.717
103 0 1 43.187 12.852 44.258 13.717
104 0 1 43.078 12.852 44.148 13.717
105 0 1 42.968 12.852 44.039 13.717
106 0 1 42.858 12.852 43.929 13.717
107 0 1 42.749 12.852 43.819 13.717
108 0 1 42.639 12.876 43.710 13.741
109 0 1 42.529 12.901 43.600 13.766
110 0 1 42.420 12.901 43.491 13.766
111 0 1 42.310 12.901 43.381 13.766
112 0 1 42.200 12.901 43.271 13.766
113 0 1 42.091 12.876 43.162 13.741
114 0 1 41.981 12.901 43.052 13.766
115 0 1 41.871 12.876 42.942 13.742
116 0 1 41.762 12.901 42.833 13.766
117 0 1 41.652 12.876 42.723 13.742
118 0 1 41.542 12.876 42.613 13.742
119 0 1 41.359 12.974 42.223 13.681
120 0 1 41.274 12.901 42.333 13.754
121 0 1 41.176 12.901 42.235 13.754
122 0 1 41.067 12.901 42.126 13.754
123 0 1 40.957 12.913 42.016 13.766
124 0 1 40.847 12.925 41.906 13.779
125 0 1 40.725 12.913 41.784 13.766
126 0 1 40.615 12.925 41.674 13.779
127 0 1 40.505 12.925 41.565 13.779
128 0 1 40.383 12.925 41.443 13.779
129 0 1 40.273 12.925 41.333 13.779
130 0 1 40.163 12.937 41.223 13.791
131 0 1 40.005 12.864 41.028 13.681
133 0 1 39.993 12.852 41.040 13.694
134 0 1 39.895 12.852 40.943 13.694
135 0 1 39.785 12.852 40.833 13.694
136 0 1 39.688 12.840 40.735 13.681
137 0 1 39.565 12.840 40.613 13.682
138 0 1 39.468 12.791 40.516 13.633
140 0 1 39.480 12.803 40.528 13.645
141 0 1 38.954 12.925 39.954 13.731
142 0 1 38.954 12.913 39.990 13.743
143 0 1 38.857 12.913 39.892 13.743
144 0 1 38.747 12.913 39.782 13.743
145 0 1 38.637 12.925 39.672 13.755
146 0 1 38.526 12.950 39.562 13.780
147 0 1 38.416 12.938 39.452 13.767
148 0 1 38.306 12.938 39.342 13.767
149 0 1 38.196 12.950 39.232 13.780
150 0 1 38.086 12.962 39.122 13.792
151 0 1 37.805 12.962 38.829 13.804
153 0 1 37.634 12.791 38.585 13.646
154 0 1 37.560 12.962 38.621 13.780
155 0 1 37.560 12.962 38.621 13.780
156 0 1 37.340 12.925 38.414 13.682
157 0 1 37.144 12.889 38.487 13.743
158 0 1 37.157 12.791 38.327 13.805
159 0 1 37.218 12.913 38.291 13.707
160 0 1 37.108 12.913 38.181 13.707
161 0 1 37.010 12.925 38.083 13.719
162 0 1 36.887 12.938 37.961 13.731
163 0 1 36.802 12.889 37.875 13.683
165 0 1 36.814 12.901 37.887 13.695
166 0 1 36.740 12.889 37.814 13.683
167 0 1 36.606 12.864 37.680 13.658
169 0 1 36.618 12.877 37.692 13.670
170 0 1 36.532 12.877 37.606 13.670
171 0 1 35.870 13.036 36.993 13.878
172 0 1 35.919 13.060 36.993 13.854
173 0 1 35.821 13.060 36.895 13.854
174 0 1 35.723 13.072 36.797 13.866
175 0 1 35.466 13.072 36.454 13.940
177 0 1 35.441 13.109 36.503 13.903
178 0 1 35.355 13.109 36.417 13.903
179 0 1 35.269 13.060 36.332 13.854
181 0 1 35.282 13.072 36.344 13.867
182 0 1 35.208 13.072 36.270 13.867
183 0 1 35.122 13.072 36.185 13.867
184 0 1 35.036 13.072 36.099 13.867
185 0 1 34.926 13.085 35.988 13.879
186 0 1 34.816 13.023 35.878 13.818
188 0 1 34.828 13.036 35.891 13.830
189 0 1 34.694 12.975 35.756 13.769
191 0 1 34.055 13.072 35.093 13.843
192 0 1 34.067 13.060 35.118 13.843
193 0 1 33.994 13.060 35.044 13.843
194 0 1 33.908 13.060 34.958 13.843
195 0 1 33.834 13.072 34.885 13.855
196 0 1 33.748 13.085 34.799 13.867
197 0 1 33.662 13.085 34.713 13.867
198 0 1 33.589 13.085 34.639 13.867
199 0 1 33.515 13.097 34.566 13.880
200 0 1 33.466 13.060 34.517 13.843
202 0 1 33.478 13.073 34.529 13.855
203 0 1 33.429 13.073 34.480 13.855
204 0 1 33.073 13.060 34.026 13.880
206 0 1 33.048 13.085 34.087 13.868
207 0 1 32.987 13.085 34.026 13.868
208 0 1 32.913 13.085 33.952 13.868
209 0 1 32.827 13.085 33.866 13.868
210 0 1 32.754 13.073 33.792 13.856
211 0 1 32.680 13.085 33.719 13.868
212 0 1 32.619 13.024 33.658 13.807
214 0 1 32.631 13.036 33.670 13.819
215 0 1 32.520 13.024 33.547 13.807
217 0 1 32.533 13.036 33.559 13.819
218 0 1 32.496 13.036 33.522 13.819
219 0 1 32.398 12.999 33.424 13.782
221 0 1 31.697 13.024 33.029 14.052
222 0 1 31.868 13.146 32.895 13.929
223 0 1 31.807 13.146 32.834 13.929
224 0 1 31.757 13.146 32.785 13.929
225 0 1 31.684 13.146 32.711 13.930
226 0 1 31.610 13.146 32.637 13.930
227 0 1 31.548 13.158 32.575 13.942
228 0 1 31.499 13.122 32.527 13.905
230 0 1 31.512 13.134 32.539 13.917
231 0 1 31.475 13.134 32.502 13.917
232 0 1 31.414 13.085 32.441 13.868
234 0 1 31.426 13.097 32.453 13.881
235 0 1 31.389 13.097 32.416 13.881
236 0 1 31.340 13.097 32.367 13.881
237 0 1 31.266 13.097 32.293 13.881
238 0 1 31.192 13.110 32.219 13.893
239 0 1 31.118 13.097 32.146 13.881
240 0 1 31.044 13.097 32.072 13.881
241 0 1 30.675 13.097 31.740 13.881
243 0 1 30.527 13.110 31.518 13.942
244 0 1 30.527 13.134 31.543 13.918
245 0 1 30.466 13.134 31.481 13.918
246 0 1 30.416 13.134 31.432 13.918
247 0 1 30.355 13.134 31.370 13.918
248 0 1 30.011 13.073 31.099 13.943
250 0 1 30.059 13.122 31.075 13.906
251 0 1 29.998 13.122 31.013 13.906
252 0 1 29.936 13.122 30.952 13.906
0 1 2 19.060 13.234 20.874 14.083
1 1 2 19.010 13.210 20.911 14.095
2 1 2 19.072 13.222 20.973 14.108
3 1 2 19.110 13.234 21.010 14.120
4 1 2 19.197 13.222 21.097 14.108
5 1 2 19.259 13.234 21.159 14.120
6 1 2 19.321 13.222 21.222 14.107
7 1 2 19.408 13.234 21.308 14.120
8 1 2 19.495 13.222 21.395 14.107
9 1 2 19.557 13.234 21.457 14.120
10 1 2 19.644 13.222 21.544 14.107
11 1 2 19.731 13.234 21.631 14.120
12 1 2 19.818 13.222 21.718 14.107
13 1 2 19.905 13.234 21.805 14.119
14 1 2 20.017 13.222 21.917 14.107
15 1 2 20.103 13.234 22.003 14.119
16 1 2 20.191 13.222 22.090 14.107
17 1 2 20.277 13.234 22.177 14.119
18 1 2 20.389 13.222 22.289 14.107
19 1 2 20.476 13.234 22.375 14.119
20 1 2 20.563 13.197 22.463 14.082
21 1 2 20.625 13.209 22.524 14.094
22 1 2 20.712 13.197 22.611 14.082
23 1 2 20.799 13.209 22.698 14.094
24 1 2 20.911 13.173 22.810 14.057
25 1 2 20.973 13.185 22.872 14.070
26 1 2 21.085 13.172 22.984 14.057
27 1 2 21.172 13.185 23.070 14.070
28 1 2 21.283 13.172 23.182 14.057
29 1 2 21.395 13.185 23.293 14.069
30 1 2 21.507 13.172 23.405 14.057
31 1 2 21.618 13.185 23.516 14.069
32 1 2 21.730 13.172 23.628 14.057
33 1 2 21.841 13.185 23.739 14.069
34 1 2 21.953 13.172 23.851 14.057
35 1 2 22.065 13.185 23.962 14.069
36 1 2 22.176 13.172 24.074 14.057
37 1 2 22.288 13.185 24.185 14.069
38 1 2 22.399 13.172 24.297 14.057
39 1 2 22.486 13.185 24.383 14.069
40 1 2 22.622 13.172 24.519 14.056
41 1 2 22.709 13.185 24.606 14.069
42 1 2 22.821 13.172 24.717 14.056
43 1 2 22.907 13.184 24.804 14.069
44 1 2 23.044 13.172 24.940 14.056
45 1 2 23.155 13.184 25.051 14.068
46 1 2 23.267 13.172 25.163 14.056
47 1 2 23.378 13.184 25.274 14.068
48 1 2 23.490 13.172 25.386 14.056
49 1 2 23.601 13.160 25.497 14.044
50 1 2 23.738 13.147 25.633 14.031
51 1 2 23.849 13.160 25.744 14.043
52 1 2 23.985 13.147 25.880 14.031
53 1 2 24.096 13.160 25.992 14.043
54 1 2 24.232 13.172 26.127 14.056
55 1 2 24.344 13.184 26.239 14.068
56 1 2 24.480 13.172 26.375 14.055
57 1 2 24.616 13.184 26.510 14.068
58 1 2 24.752 13.172 26.646 14.055
59 1 2 24.863 13.184 26.758 14.068
60 1 2 24.999 13.172 26.894 14.055
61 1 2 25.111 13.184 27.005 14.067
62 1 2 25.247 13.172 27.141 14.055
63 1 2 25.358 13.209 27.251 14.092
64 1 2 25.518 13.196 27.412 14.079
65 1 2 25.630 13.209 27.523 14.092
66 1 2 25.766 13.196 27.659 14.079
67 1 2 25.877 13.208 27.770 14.091
68 1 2 26.013 13.196 27.906 14.079
69 1 2 26.124 13.208 28.017 14.091
70 1 2 26.260 13.196 28.153 14.079
71 1 2 26.396 13.208 28.288 14.091
72 1 2 26.532 13.196 28.424 14.079
73 1 2 26.643 13.208 28.535 14.091
74 1 2 26.779 13.196 28.671 14.079
75 1 2 26.890 13.208 28.782 14.091
76 1 2 27.026 13.196 28.918 14.079
77 1 2 27.161 13.208 29.053 14.091
78 1 2 27.297 13.220 29.189 14.103
79 1 2 27.433 13.233 29.324 14.115
80 1 2 27.568 13.220 29.460 14.103
81 1 2 27.679 13.233 29.571 14.115
82 1 2 27.815 13.220 29.706 14.103
83 1 2 27.926 13.233 29.817 14.115
84 1 2 28.062 13.220 29.953 14.103
85 1 2 28.198 13.233 30.088 14.115
86 1 2 28.309 13.220 30.199 14.102
87 1 2 28.420 13.233 30.310 14.115
88 1 2 28.580 13.220 30.470 14.102
89 1 2 28.691 13.232 30.581 14.114
90 1 2 28.827 13.220 30.716 14.102
91 1 2 28.937 13.232 30.827 14.114
92 1 2 29.073 13.220 30.963 14.102
93 1 2 29.184 13.232 31.073 14.114
94 1 2 29.344 13.220 31.234 14.102
95 1 2 29.455 13.232 31.344 14.114
96 1 2 29.591 13.220 31.480 14.102
97 1 2 29.701 13.257 31.590 14.138
98 1 2 29.861 13.245 31.750 14.126
99 1 2 29.972 13.257 31.861 14.138
100 1 2 30.108 13.244 31.996 14.126
101 1 2 30.218 13.257 32.107 14.138
102 1 2 30.354 13.244 32.242 14.126
103 1 2 30.464 13.281 32.353 14.162
104 1 2 30.600 13.269 32.488 14.150
105 1 2 30.710 13.306 32.598 14.187
106 1 2 30.846 13.318 32.734 14.199
107 1 2 30.956 13.330 32.844 14.211
108 1 2 31.092 13.342 32.979 14.223
109 1 2 31.202 13.354 33.090 14.235
110 1 2 31.338 13.367 33.225 14.248
111 1 2 31.448 13.379 33.335 14.260
112 1 2 31.693 13.489 33.557 14.186
113 1 2 32.001 13.526 33.643 14.235
114 1 2 32.001 13.513 33.839 14.296
115 1 2 32.197 13.575 33.851 14.308
116 1 2 32.246 13.562 33.986 14.370
117 1 2 32.418 13.611 34.195 14.357
118 1 2 32.504 13.660 34.305 14.382
119 1 2 32.492 13.636 34.280 14.418
120 1 2 32.798 13.685 34.427 14.480
121 1 2 32.725 13.697 34.501 14.479
122 1 2 33.044 13.770 34.734 14.541
123 1 2 33.154 13.782 34.770 14.577
124 1 2 33.240 13.807 34.832 14.589
125 1 2 33.412 13.868 35.027 14.663
126 1 2 33.559 13.917 35.138 14.687
127 1 2 33.694 13.941 35.236 14.712
128 1 2 33.780 13.941 35.297 14.760
129 1 2 33.927 14.002 35.395 14.773
130 1 2 34.110 14.076 35.616 14.809
131 1 2 34.270 14.112 35.750 14.858
132 1 2 34.429 14.173 35.922 14.882
133 1 2 34.564 14.235 35.959 14.919
134 1 2 34.699 14.234 35.983 14.968
135 1 2 34.858 14.308 36.203 14.980
136 1 2 34.723 14.283 36.326 14.992
137 1 2 34.845 14.296 36.449 15.004
138 1 2 34.943 14.332 36.546 15.041
139 1 2 35.066 14.369 36.669 15.078
140 1 2 35.213 14.381 36.816 15.090
141 1 2 35.360 14.418 36.963 15.126
142 1 2 35.483 14.454 37.085 15.163
143 1 2 35.581 14.491 37.183 15.199
144 1 2 35.728 14.503 37.330 15.212
145 1 2 35.850 14.515 37.452 15.224
146 1 2 35.997 14.527 37.599 15.236
147 1 2 36.120 14.564 37.722 15.272
148 1 2 36.218 14.576 37.820 15.284
149 1 2 36.585 14.649 38.077 15.260
150 1 2 36.524 14.613 38.114 15.309
151 1 2 36.659 14.637 38.248 15.333
152 1 2 36.720 14.600 38.444 15.320
153 1 2 36.781 14.686 38.591 15.320
154 1 2 36.891 14.661 38.481 15.345
155 1 2 37.026 14.673 38.615 15.357
156 1 2 37.136 14.661 38.725 15.345
157 1 2 37.296 14.673 38.884 15.357
158 1 2 37.406 14.661 38.995 15.344
159 1 2 37.430 14.722 39.325 15.295
160 1 2 37.577 14.673 39.166 15.344
161 1 2 37.712 14.673 39.301 15.344
162 1 2 38.042 14.734 39.582 15.307
163 1 2 38.018 14.697 39.594 15.356
164 1 2 38.202 14.672 40.047 15.307
165 1 2 38.336 14.636 40.193 15.306
166 1 2 38.483 14.660 40.047 15.294
167 1 2 38.654 14.697 40.083 15.245
168 1 2 38.533 14.550 40.572 15.233
169 1 2 38.924 14.647 40.389 15.233
170 1 2 38.997 14.623 40.902 15.220
171 1 2 39.230 14.623 40.585 15.220
172 1 2 39.144 14.635 40.670 15.232
173 1 2 39.291 14.598 41.232 15.171
174 1 2 39.487 14.537 41.281 15.244
175 1 2 39.646 14.512 41.452 15.232
176 1 2 39.853 14.549 41.208 15.159
177 1 2 40.000 14.488 41.513 15.146
178 1 2 39.988 14.537 41.501 15.122
179 1 2 40.489 14.316 42.062 15.084
180 1 2 40.599 14.329 42.209 15.084
181 1 2 40.538 14.377 42.331 15.072
182 1 2 40.550 14.292 42.453 15.047
183 1 2 40.758 14.365 42.563 14.999
184 1 2 40.868 14.426 42.343 14.999
185 1 2 40.978 14.365 42.721 14.950
186 1 2 41.112 14.328 42.733 14.925
187 1 2 41.295 14.279 43.002 14.900
188 1 2 41.368 14.230 43.050 14.925
189 1 2 41.576 14.157 43.367 14.863
190 1 2 41.674 14.206 43.331 14.839
191 1 2 41.735 14.120 43.563 14.778
192 1 2 41.930 14.120 43.599 14.814
193 1 2 42.076 14.120 43.733 14.766
194 1 2 42.211 14.083 43.940 14.729
195 1 2 42.442 14.010 44.013 14.717
196 1 2 42.455 13.986 44.159 14.704
197 1 2 42.503 14.095 44.001 14.668
198 1 2 42.698 14.047 44.196 14.619
199 1 2 42.832 14.010 44.330 14.582
200 1 2 42.674 14.132 44.172 14.692
201 1 2 43.113 13.961 44.610 14.521
202 1 2 43.247 13.924 44.732 14.484
203 1 2 43.454 13.875 45.024 14.387
204 1 2 43.478 13.900 45.036 14.411
205 1 2 43.624 13.875 45.182 14.386
206 1 2 43.722 13.863 45.292 14.362
207 1 2 43.880 13.826 45.438 14.325
208 1 2 44.014 13.802 45.571 14.301
209 1 2 44.160 13.765 45.717 14.264
210 1 2 44.306 13.741 45.851 14.240
211 1 2 44.452 13.717 45.997 14.215
212 1 2 44.586 13.692 46.118 14.191
213 1 2 44.720 13.656 46.252 14.154
214 1 2 44.866 13.631 46.398 14.130
215 1 2 45.000 13.607 46.519 14.093
216 1 2 45.146 13.582 46.665 14.069
217 1 2 45.280 13.558 46.799 14.044
218 1 2 45.413 13.546 46.920 14.032
219 1 2 45.547 13.509 47.054 13.995
220 1 2 45.693 13.485 47.199 13.971
221 1 2 45.827 13.460 47.321 13.934
222 1 2 45.985 13.460 47.479 13.934
223 1 2 46.118 13.436 47.612 13.910
224 1 2 46.252 13.412 47.733 13.873
225 1 2 46.398 13.399 47.879 13.861
226 1 2 46.531 13.375 48.012 13.837
227 1 2 46.677 13.363 48.158 13.825
228 1 2 46.823 13.351 48.291 13.812
229 1 2 46.956 13.326 48.425 13.788
230 1 2 47.090 13.326 48.546 13.788
231 1 2 47.235 13.290 48.692 13.751
232 1 2 47.369 13.277 48.825 13.739
233 1 2 47.514 13.265 48.970 13.715
234 1 2 47.648 13.253 49.104 13.703
235 1 2 47.793 13.241 49.249 13.690
236 1 2 47.939 13.229 49.394 13.678
237 1 2 48.060 13.217 49.516 13.666
238 1 2 48.194 13.204 49.649 13.654
239 1 2 48.327 13.204 49.770 13.641
240 1 2 48.472 13.192 49.915 13.629
241 1 2 48.618 13.180 50.061 13.617
242 1 2 48.751 13.180 50.182 13.617
243 1 2 48.897 13.168 50.327 13.605
244 1 2 49.042 13.156 50.472 13.593
245 1 2 49.187 13.143 50.617 13.580
246 1 2 49.321 13.131 50.750 13.568
247 1 2 49.454 13.131 50.884 13.568
248 1 2 49.599 13.119 51.029 13.556
249 1 2 49.732 13.119 51.162 13.556
250 1 2 49.866 13.107 51.295 13.544
251 1 2 50.011 13.107 51.428 13.544
252 1 2 50.156 13.095 51.573 13.532
