0 1 1 44.091 11.794 42.917 11.110
1 1 1 44.128 11.812 42.899 11.101
2 1 1 44.100 11.803 42.872 11.092
3 1 1 44.055 11.775 42.826 11.064
4 1 1 44.046 11.785 42.817 11.073
5 1 1 44.000 11.757 42.771 11.046
6 1 1 43.991 11.748 42.762 11.037
7 1 1 43.964 11.739 42.735 11.028
8 1 1 43.927 11.730 42.699 11.019
9 1 1 43.909 11.703 42.680 10.991
10 1 1 43.900 11.693 42.671 10.982
11 1 1 43.846 11.684 42.617 10.973
12 1 1 43.846 11.675 42.617 10.964
13 1 1 43.818 11.666 42.589 10.955
14 1 1 43.782 11.657 42.553 10.946
15 1 1 43.764 11.648 42.534 10.936
16 1 1 43.755 11.639 42.525 10.927
17 1 1 43.700 11.612 42.471 10.900
18 1 1 43.682 11.602 42.452 10.891
19 1 1 43.673 11.575 42.443 10.863
20 1 1 43.664 11.584 42.434 10.873
21 1 1 43.636 11.575 42.407 10.863
22 1 1 43.627 11.566 42.398 10.854
23 1 1 43.573 11.557 42.343 10.845
24 1 1 43.573 11.566 42.343 10.854
25 1 1 43.545 11.557 42.316 10.845
26 1 1 43.509 11.566 42.279 10.854
27 1 1 43.491 11.557 42.261 10.845
28 1 1 43.481 11.548 42.252 10.836
29 1 1 43.454 11.539 42.225 10.827
30 1 1 43.427 11.548 42.197 10.836
31 1 1 43.399 11.539 42.170 10.827
32 1 1 43.372 11.548 42.142 10.836
33 1 1 43.345 11.539 42.115 10.827
34 1 1 43.317 11.548 42.088 10.837
35 1 1 43.245 11.558 42.015 10.846
36 1 1 43.226 11.567 41.996 10.855
37 1 1 43.181 11.558 41.951 10.846
38 1 1 43.153 11.567 41.923 10.855
39 1 1 43.126 11.576 41.896 10.864
40 1 1 43.117 11.585 41.887 10.873
41 1 1 43.062 11.576 41.832 10.864
42 1 1 43.044 11.585 41.814 10.874
43 1 1 43.017 11.576 41.786 10.864
44 1 1 42.989 11.586 41.759 10.874
45 1 1 42.962 11.576 41.732 10.865
46 1 1 42.935 11.586 41.704 10.874
47 1 1 42.907 11.577 41.677 10.865
48 1 1 42.880 11.586 41.650 10.874
49 1 1 42.853 11.577 41.622 10.865
50 1 1 42.816 11.586 41.586 10.874
51 1 1 42.643 11.541 42.078 11.166
52 1 1 42.789 11.568 41.558 10.856
53 1 1 42.752 11.577 41.522 10.865
54 1 1 42.716 11.586 41.485 10.874
55 1 1 42.679 11.577 41.449 10.865
56 1 1 42.643 11.586 41.412 10.874
57 1 1 42.606 11.577 41.376 10.865
58 1 1 42.570 11.586 41.339 10.874
59 1 1 42.314 11.642 41.677 11.121
60 1 1 42.524 11.587 41.293 10.874
61 1 1 42.506 11.596 41.275 10.884
62 1 1 42.488 11.605 41.257 10.893
63 1 1 42.451 11.614 41.220 10.902
64 1 1 42.433 11.623 41.202 10.911
65 1 1 42.397 11.633 41.166 10.920
66 1 1 42.378 11.642 41.147 10.930
67 1 1 42.342 11.651 41.111 10.939
68 1 1 42.324 11.660 41.092 10.948
69 1 1 42.287 11.669 41.056 10.957
70 1 1 41.959 11.688 41.485 11.204
71 1 1 42.241 11.670 41.010 10.957
72 1 1 42.205 11.679 40.974 10.967
73 1 1 42.168 11.670 40.937 10.958
74 1 1 42.132 11.679 40.901 10.967
75 1 1 42.114 11.688 40.882 10.976
76 1 1 42.059 11.697 40.827 10.985
77 1 1 42.041 11.688 40.809 10.976
78 1 1 41.986 11.698 40.754 10.985
79 1 1 41.968 11.707 40.736 10.995
80 1 1 41.931 11.716 40.699 11.004
81 1 1 41.913 11.707 40.681 10.995
82 1 1 41.895 11.716 40.663 11.004
83 1 1 41.858 11.707 40.626 10.995
84 1 1 41.822 11.716 40.590 11.004
85 1 1 41.785 11.707 40.553 10.995
86 1 1 41.767 11.716 40.535 11.004
87 1 1 41.749 11.707 40.517 10.995
88 1 1 41.712 11.716 40.480 11.004
89 1 1 41.676 11.707 40.444 10.995
90 1 1 41.639 11.717 40.407 11.004
91 1 1 41.603 11.708 40.370 10.995
92 1 1 41.548 11.717 40.316 11.004
93 1 1 41.530 11.726 40.297 11.014
94 1 1 41.475 11.735 40.242 11.023
95 1 1 41.438 11.726 40.206 11.014
96 1 1 41.402 11.735 40.169 11.023
97 1 1 41.365 11.726 40.133 11.014
98 1 1 41.329 11.736 40.096 11.023
99 1 1 41.292 11.745 40.060 11.032
100 1 1 41.274 11.754 40.041 11.042
101 1 1 41.237 11.763 40.005 11.051
102 1 1 41.201 11.773 39.968 11.060
103 1 1 41.182 11.763 39.950 11.051
104 1 1 41.164 11.773 39.931 11.060
105 1 1 41.109 11.764 39.877 11.051
106 1 1 41.109 11.754 39.877 11.042
107 1 1 41.073 11.745 39.840 11.033
108 1 1 41.055 11.736 39.822 11.024
109 1 1 41.000 11.727 39.767 11.015
110 1 1 40.982 11.736 39.749 11.024
111 1 1 40.927 11.727 39.694 11.015
112 1 1 40.908 11.737 39.675 11.024
113 1 1 40.854 11.727 39.621 11.015
114 1 1 40.817 11.737 39.584 11.024
115 1 1 40.781 11.728 39.547 11.015
116 1 1 40.726 11.737 39.492 11.024
117 1 1 40.671 11.746 39.438 11.033
118 1 1 40.653 11.755 39.419 11.043
119 1 1 40.195 11.857 39.748 11.354
120 1 1 40.589 11.737 39.355 11.024
121 1 1 40.552 11.746 39.319 11.034
122 1 1 40.516 11.774 39.282 11.061
123 1 1 40.479 11.765 39.245 11.052
124 1 1 40.461 11.774 39.227 11.061
125 1 1 40.424 11.765 39.190 11.052
126 1 1 40.388 11.756 39.154 11.043
127 1 1 40.351 11.747 39.117 11.034
128 1 1 40.314 11.756 39.081 11.043
129 1 1 40.278 11.747 39.044 11.034
130 1 1 40.241 11.738 39.007 11.025
131 1 1 40.205 11.729 38.971 11.016
132 1 1 40.168 11.720 38.934 11.007
133 1 1 40.113 11.729 38.879 11.016
134 1 1 40.077 11.738 38.843 11.025
135 1 1 39.647 11.758 38.961 11.355
136 1 1 40.031 11.720 38.797 11.007
137 1 1 39.555 11.712 38.934 11.319
138 1 1 40.004 11.702 38.769 10.989
139 1 1 39.985 11.693 38.751 10.980
140 1 1 39.940 11.702 38.705 10.989
141 1 1 39.931 11.693 38.696 10.980
142 1 1 39.912 11.702 38.678 10.989
143 1 1 39.866 11.693 38.632 10.980
144 1 1 39.857 11.684 38.623 10.971
145 1 1 39.821 11.675 38.586 10.962
146 1 1 39.793 11.666 38.559 10.952
147 1 1 39.766 11.656 38.531 10.943
148 1 1 39.729 11.647 38.495 10.934
149 1 1 39.702 11.638 38.467 10.925
150 1 1 39.656 11.647 38.421 10.934
151 1 1 39.620 11.638 38.385 10.925
152 1 1 39.565 11.648 38.330 10.934
153 1 1 39.510 11.657 38.275 10.944
154 1 1 39.455 11.666 38.220 10.953
155 1 1 39.418 11.676 38.183 10.962
156 1 1 39.363 11.685 38.128 10.972
157 1 1 39.327 11.676 38.091 10.962
158 1 1 39.290 11.685 38.055 10.972
159 1 1 39.254 11.676 38.018 10.963
160 1 1 39.235 11.667 38.000 10.953
161 1 1 39.199 11.658 37.963 10.944
162 1 1 39.180 11.667 37.945 10.954
163 1 1 39.144 11.658 37.908 10.944
164 1 1 39.125 11.667 37.890 10.954
165 1 1 39.089 11.676 37.853 10.963
166 1 1 39.052 11.685 37.816 10.972
167 1 1 39.016 11.676 37.780 10.963
168 1 1 38.979 11.686 37.743 10.972
169 1 1 38.942 11.677 37.706 10.963
170 1 1 38.887 11.686 37.651 10.972
171 1 1 38.851 11.677 37.615 10.963
172 1 1 38.814 11.686 37.578 10.973
173 1 1 38.777 11.695 37.541 10.982
174 1 1 38.722 11.704 37.486 10.991
175 1 1 38.686 11.695 37.450 10.982
176 1 1 38.649 11.705 37.413 10.991
177 1 1 38.613 11.696 37.376 10.982
178 1 1 38.576 11.705 37.340 10.991
179 1 1 38.558 11.696 37.321 10.982
180 1 1 38.521 11.705 37.285 10.991
181 1 1 38.503 11.696 37.266 10.982
182 1 1 38.484 11.687 37.248 10.973
183 1 1 38.448 11.678 37.211 10.964
184 1 1 38.429 11.687 37.193 10.973
185 1 1 38.393 11.678 37.156 10.964
186 1 1 38.374 11.669 37.138 10.955
187 1 1 38.338 11.659 37.101 10.946
188 1 1 38.283 11.650 37.046 10.937
189 1 1 38.246 11.660 37.009 10.946
190 1 1 38.210 11.669 36.973 10.955
191 1 1 38.173 11.660 36.936 10.946
192 1 1 38.136 11.669 36.899 10.955
193 1 1 38.081 11.660 36.844 10.946
194 1 1 38.045 11.669 36.808 10.955
195 1 1 38.008 11.660 36.771 10.946
196 1 1 37.971 11.669 36.734 10.956
197 1 1 37.935 11.660 36.697 10.946
198 1 1 37.898 11.670 36.661 10.956
199 1 1 37.861 11.660 36.624 10.947
200 1 1 37.843 11.651 36.606 10.937
201 1 1 37.825 11.642 36.587 10.928
202 1 1 37.788 11.651 36.551 10.938
203 1 1 37.770 11.642 36.532 10.928
204 1 1 37.733 11.652 36.496 10.938
205 1 1 37.696 11.642 36.459 10.929
206 1 1 37.660 11.633 36.422 10.919
207 1 1 37.623 11.624 36.385 10.910
208 1 1 37.568 11.615 36.330 10.901
209 1 1 37.531 11.606 36.294 10.892
210 1 1 37.495 11.615 36.257 10.901
211 1 1 37.458 11.588 36.220 10.874
212 1 1 37.403 11.579 36.165 10.865
213 1 1 37.366 11.551 36.128 10.837
214 1 1 37.330 11.542 36.092 10.828
215 1 1 37.293 11.533 36.055 10.819
216 1 1 37.256 11.542 36.018 10.828
217 1 1 37.220 11.533 35.981 10.819
218 1 1 37.183 11.524 35.945 10.810
219 1 1 37.146 11.515 35.908 10.801
220 1 1 37.110 11.506 35.871 10.792
221 1 1 37.091 11.497 35.853 10.783
222 1 1 37.073 11.488 35.835 10.773
223 1 1 37.036 11.479 35.798 10.764
224 1 1 37.018 11.469 35.779 10.755
225 1 1 36.981 11.460 35.743 10.746
226 1 1 36.945 11.451 35.706 10.737
227 1 1 36.889 11.442 35.651 10.728
228 1 1 36.853 11.433 35.614 10.719
229 1 1 36.798 11.442 35.559 10.728
230 1 1 36.743 11.433 35.504 10.719
231 1 1 36.706 11.424 35.467 10.710
232 1 1 36.651 11.433 35.412 10.719
233 1 1 36.614 11.443 35.375 10.728
234 1 1 36.577 11.452 35.338 10.737
235 1 1 36.541 11.443 35.302 10.728
236 1 1 36.504 11.434 35.265 10.719
237 1 1 36.467 11.425 35.228 10.710
238 1 1 36.431 11.415 35.191 10.701
239 1 1 36.394 11.406 35.155 10.692
240 1 1 36.376 11.397 35.136 10.683
241 1 1 36.357 11.388 35.118 10.673
242 1 1 36.320 11.379 35.081 10.664
243 1 1 36.302 11.370 35.063 10.655
244 1 1 36.265 11.361 35.026 10.646
245 1 1 36.229 11.333 34.989 10.618
246 1 1 36.174 11.324 34.934 10.609
247 1 1 36.137 11.315 34.897 10.600
248 1 1 36.082 11.306 34.842 10.591
249 1 1 36.027 11.297 34.787 10.582
250 1 1 35.972 11.288 34.732 10.573
251 1 1 35.935 11.279 34.695 10.564
252 1 1 35.880 11.269 34.640 10.555
253 1 1 35.843 11.260 34.603 10.545
254 1 1 35.806 11.270 34.566 10.555
255 1 1 35.770 11.261 34.529 10.546
256 1 1 35.751 11.251 34.511 10.536
257 1 1 35.714 11.242 34.474 10.527
258 1 1 35.696 11.233 34.456 10.518
259 1 1 35.678 11.206 34.438 10.491
260 1 1 35.659 11.196 34.419 10.481
0 2 1 43.748 10.331 42.810 9.700
1 2 1 43.775 10.349 42.792 9.691
2 2 1 43.748 10.358 42.764 9.700
3 2 1 43.720 10.367 42.737 9.709
4 2 1 43.693 10.358 42.710 9.700
5 2 1 43.666 10.367 42.682 9.709
6 2 1 43.420 10.358 42.764 9.737
7 2 1 43.465 10.358 42.719 9.728
8 2 1 43.429 10.358 42.682 9.728
9 2 1 43.401 10.358 42.655 9.728
10 2 1 43.365 10.358 42.618 9.728
11 2 1 43.328 10.359 42.582 9.728
12 2 1 43.238 10.276 42.755 9.874
13 2 1 43.310 10.340 42.655 9.792
14 2 1 43.274 10.340 42.618 9.792
15 2 1 43.247 10.331 42.591 9.783
16 2 1 43.155 10.276 42.618 9.883
17 2 1 43.192 10.331 42.573 9.829
18 2 1 43.165 10.331 42.545 9.829
19 2 1 43.137 10.331 42.518 9.829
20 2 1 43.092 10.322 42.472 9.820
21 2 1 43.064 10.313 42.445 9.810
22 2 1 43.028 10.313 42.409 9.810
23 2 1 43.000 10.313 42.381 9.810
24 2 1 42.973 10.313 42.354 9.810
25 2 1 42.937 10.313 42.317 9.811
26 2 1 42.909 10.313 42.290 9.811
27 2 1 42.882 10.313 42.263 9.811
28 2 1 42.846 10.313 42.226 9.811
29 2 1 42.809 10.314 42.190 9.811
30 2 1 42.773 10.323 42.153 9.820
31 2 1 42.736 10.323 42.117 9.820
32 2 1 42.700 10.323 42.080 9.820
33 2 1 42.663 10.332 42.044 9.829
34 2 1 42.627 10.332 42.007 9.829
35 2 1 42.590 10.341 41.971 9.838
36 2 1 42.554 10.341 41.934 9.838
37 2 1 42.517 10.351 41.898 9.848
38 2 1 42.536 10.286 41.478 9.931
39 2 1 42.472 10.341 41.852 9.839
40 2 1 42.435 10.341 41.815 9.839
41 2 1 42.408 10.351 41.788 9.848
42 2 1 42.362 10.351 41.742 9.848
43 2 1 42.253 10.378 41.478 9.894
44 2 1 42.207 10.342 41.523 9.894
45 2 1 42.180 10.360 41.542 9.876
46 2 1 42.107 10.324 41.578 9.921
47 2 1 42.152 10.351 41.532 9.885
48 2 1 42.116 10.351 41.496 9.885
49 2 1 41.988 10.388 41.523 9.894
50 2 1 42.052 10.369 41.450 9.903
51 2 1 42.015 10.370 41.414 9.903
52 2 1 41.979 10.360 41.377 9.894
53 2 1 41.952 10.360 41.350 9.894
54 2 1 41.924 10.361 41.322 9.894
55 2 1 41.879 10.351 41.277 9.885
56 2 1 41.851 10.351 41.249 9.885
57 2 1 41.806 10.352 41.204 9.885
58 2 1 41.778 10.342 41.176 9.876
59 2 1 41.742 10.342 41.140 9.876
60 2 1 41.842 10.388 40.912 9.757
61 2 1 41.678 10.352 40.866 9.858
62 2 1 41.650 10.352 40.894 9.546
63 2 1 41.504 10.315 40.957 9.895
64 2 1 41.459 10.379 40.838 9.821
65 2 1 41.413 10.352 40.820 9.840
66 2 1 41.404 10.297 40.811 9.886
67 2 1 41.404 10.315 40.811 9.867
68 2 1 41.367 10.315 40.774 9.867
69 2 1 41.340 10.316 40.747 9.867
70 2 1 41.303 10.325 40.710 9.876
71 2 1 41.267 10.325 40.674 9.876
72 2 1 41.230 10.325 40.637 9.877
73 2 1 41.194 10.334 40.601 9.886
74 2 1 41.157 10.334 40.564 9.886
75 2 1 41.121 10.343 40.528 9.895
76 2 1 41.084 10.353 40.491 9.904
77 2 1 41.048 10.353 40.454 9.904
78 2 1 41.194 10.352 40.180 9.941
79 2 1 41.157 10.352 40.189 9.969
80 2 1 41.020 10.362 40.262 9.932
81 2 1 40.938 10.362 40.336 9.923
82 2 1 40.911 10.362 40.308 9.923
83 2 1 40.883 10.362 40.281 9.923
84 2 1 40.838 10.362 40.235 9.923
85 2 1 40.819 10.362 40.217 9.923
86 2 1 40.783 10.362 40.180 9.923
87 2 1 40.746 10.353 40.144 9.914
88 2 1 40.710 10.344 40.107 9.905
89 2 1 40.673 10.353 40.070 9.914
90 2 1 40.637 10.344 40.034 9.905
91 2 1 40.600 10.344 39.997 9.905
92 2 1 40.563 10.344 39.961 9.905
93 2 1 40.527 10.344 39.924 9.905
94 2 1 40.490 10.335 39.888 9.896
95 2 1 40.454 10.326 39.851 9.887
96 2 1 40.591 10.353 39.558 9.924
97 2 1 40.408 10.317 39.805 9.877
98 2 1 40.509 10.317 39.522 9.878
99 2 1 40.362 10.299 39.760 9.859
100 2 1 40.317 10.289 39.714 9.850
101 2 1 40.280 10.289 39.677 9.850
102 2 1 40.253 10.290 39.650 9.850
103 2 1 40.143 10.280 39.558 9.859
104 2 1 40.152 10.280 39.558 9.850
105 2 1 40.116 10.281 39.522 9.850
106 2 1 40.033 10.262 39.503 9.878
107 2 1 40.061 10.281 39.476 9.860
108 2 1 40.024 10.281 39.439 9.860
109 2 1 39.988 10.281 39.403 9.860
110 2 1 39.942 10.281 39.357 9.860
111 2 1 39.896 10.281 39.311 9.860
112 2 1 39.859 10.281 39.275 9.860
113 2 1 39.823 10.281 39.238 9.860
114 2 1 39.777 10.281 39.192 9.860
115 2 1 39.731 10.290 39.146 9.869
116 2 1 39.704 10.281 39.119 9.860
117 2 1 39.658 10.290 39.073 9.869
118 2 1 39.622 10.281 39.037 9.860
119 2 1 39.585 10.290 39.000 9.869
120 2 1 39.548 10.281 38.963 9.860
121 2 1 39.475 10.291 38.826 9.906
122 2 1 39.448 10.300 38.863 9.888
123 2 1 39.338 10.291 38.808 9.842
124 2 1 39.365 10.272 38.789 9.860
125 2 1 39.329 10.272 38.753 9.860
126 2 1 39.292 10.263 38.716 9.851
127 2 1 39.256 10.254 38.679 9.842
128 2 1 39.219 10.254 38.643 9.842
129 2 1 39.182 10.245 38.606 9.833
130 2 1 39.146 10.236 38.570 9.824
131 2 1 39.109 10.227 38.533 9.815
132 2 1 39.073 10.218 38.496 9.806
133 2 1 39.036 10.209 38.460 9.796
134 2 1 38.999 10.199 38.423 9.787
135 2 1 38.963 10.190 38.386 9.778
136 2 1 38.926 10.181 38.350 9.769
137 2 1 38.890 10.172 38.313 9.760
138 2 1 38.853 10.163 38.277 9.751
139 2 1 38.826 10.154 38.249 9.742
140 2 1 38.789 10.154 38.212 9.742
141 2 1 38.761 10.145 38.185 9.732
142 2 1 38.734 10.145 38.157 9.732
143 2 1 38.697 10.145 38.121 9.733
144 2 1 38.661 10.136 38.084 9.723
145 2 1 38.633 10.136 38.057 9.723
146 2 1 38.597 10.136 38.020 9.723
147 2 1 38.560 10.136 37.983 9.723
148 2 1 38.523 10.136 37.947 9.724
149 2 1 38.487 10.136 37.910 9.724
150 2 1 38.450 10.136 37.873 9.724
151 2 1 38.413 10.136 37.837 9.724
152 2 1 38.368 10.136 37.791 9.724
153 2 1 38.331 10.145 37.754 9.733
154 2 1 38.294 10.145 37.717 9.733
155 2 1 38.258 10.155 37.681 9.742
156 2 1 38.221 10.155 37.644 9.742
157 2 1 38.184 10.164 37.607 9.751
158 2 1 38.148 10.164 37.571 9.751
159 2 1 38.111 10.164 37.534 9.752
160 2 1 38.074 10.164 37.497 9.752
161 2 1 38.047 10.164 37.470 9.752
162 2 1 38.010 10.155 37.433 9.742
163 2 1 37.974 10.155 37.397 9.742
164 2 1 37.937 10.164 37.360 9.752
165 2 1 37.909 10.155 37.332 9.743
166 2 1 37.873 10.146 37.296 9.733
167 2 1 37.882 10.100 37.305 9.687
168 2 1 37.799 10.146 37.222 9.733
169 2 1 37.763 10.137 37.186 9.724
170 2 1 37.699 10.164 37.140 9.743
171 2 1 37.680 10.137 37.121 9.715
172 2 1 37.644 10.128 37.085 9.706
173 2 1 37.607 10.119 37.057 9.697
174 2 1 37.570 10.119 37.020 9.697
175 2 1 37.534 10.110 36.984 9.688
176 2 1 37.497 10.110 36.947 9.688
177 2 1 37.460 10.100 36.910 9.679
178 2 1 37.644 10.109 36.800 9.679
179 2 1 37.561 10.100 36.736 9.679
180 2 1 37.469 10.128 36.800 9.633
181 2 1 37.414 10.119 36.773 9.605
182 2 1 37.332 10.073 36.764 9.651
183 2 1 37.304 10.119 36.709 9.605
184 2 1 37.222 10.092 36.699 9.651
185 2 1 37.231 10.092 36.635 9.642
186 2 1 37.203 10.073 36.663 9.651
187 2 1 37.176 10.110 36.396 9.642
188 2 1 37.084 10.055 36.341 9.679
189 2 1 37.148 10.055 36.608 9.633
190 2 1 37.158 10.073 36.194 9.679
191 2 1 37.103 10.046 36.562 9.624
192 2 1 37.066 10.046 36.525 9.624
193 2 1 37.203 10.082 36.130 9.679
194 2 1 37.020 10.037 36.488 9.615
195 2 1 36.983 10.037 36.452 9.615
196 2 1 36.947 10.037 36.415 9.615
197 2 1 36.910 10.074 36.148 9.716
198 2 1 36.901 10.028 36.369 9.606
199 2 1 36.818 10.083 36.158 9.670
200 2 1 36.690 10.083 36.112 9.624
201 2 1 36.671 10.056 36.139 9.643
202 2 1 36.635 10.056 36.103 9.643
203 2 1 36.598 10.083 36.029 9.523
204 2 1 36.580 10.010 36.048 9.597
205 2 1 36.543 10.010 36.011 9.597
206 2 1 36.506 10.001 35.974 9.588
207 2 1 36.469 9.991 35.937 9.579
209 2 1 36.460 9.982 35.928 9.569
210 2 1 36.424 9.982 35.891 9.569
211 2 1 36.387 9.973 35.855 9.560
212 2 1 36.350 9.964 35.818 9.551
213 2 1 36.405 10.037 35.496 9.506
214 2 1 36.304 9.946 35.772 9.533
215 2 1 36.267 9.946 35.735 9.533
216 2 1 36.231 9.946 35.699 9.533
217 2 1 36.194 9.937 35.662 9.524
218 2 1 36.194 10.029 35.441 9.423
220 2 1 36.148 9.918 35.616 9.505
221 2 1 36.102 9.909 35.570 9.496
223 2 1 36.093 9.900 35.570 9.487
224 2 1 35.900 10.112 35.111 9.377
225 2 1 36.056 9.891 35.533 9.487
226 2 1 36.038 9.891 35.524 9.487
227 2 1 36.029 9.900 35.515 9.505
228 2 1 35.698 10.057 34.853 9.405
229 2 1 36.029 9.882 35.515 9.487
230 2 1 36.020 9.882 35.506 9.487
231 2 1 36.010 9.882 35.496 9.487
232 2 1 36.010 9.873 35.506 9.478
233 2 1 35.983 9.863 35.478 9.469
234 2 1 35.928 9.845 35.423 9.450
236 2 1 35.919 9.836 35.414 9.441
237 2 1 35.909 9.827 35.405 9.432
238 2 1 35.450 10.020 34.641 9.424
239 2 1 35.404 10.020 34.595 9.424
240 2 1 35.376 10.011 34.568 9.414
241 2 1 35.349 10.011 34.540 9.414
242 2 1 35.303 10.011 34.494 9.414
243 2 1 35.854 9.772 35.350 9.377
244 2 1 35.294 10.002 34.485 9.405
245 2 1 35.266 10.002 34.457 9.405
246 2 1 35.238 10.002 34.430 9.405
247 2 1 35.211 10.002 34.402 9.405
248 2 1 35.809 9.726 35.304 9.331
249 2 1 35.202 9.993 34.393 9.396
250 2 1 35.174 9.984 34.365 9.387
251 2 1 35.064 10.030 34.089 9.369
252 2 1 35.036 10.012 34.135 9.378
253 2 1 35.008 10.012 34.108 9.378
254 2 1 34.981 10.012 34.080 9.378
255 2 1 34.935 10.012 34.034 9.378
256 2 1 34.889 9.993 33.988 9.360
257 2 1 34.825 9.993 33.924 9.360
258 2 1 34.779 9.975 33.878 9.341
259 2 1 34.733 9.975 33.832 9.341
260 2 1 34.742 9.957 33.841 9.323
0 3 1 43.626 12.518 42.688 11.815
1 3 1 43.653 12.536 42.670 11.806
2 3 1 43.626 12.527 42.643 11.797
3 3 1 43.580 12.518 42.597 11.788
4 3 1 43.571 12.527 42.588 11.797
5 3 1 43.525 12.518 42.542 11.788
6 3 1 43.498 12.509 42.515 11.779
7 3 1 43.471 12.500 42.488 11.770
8 3 1 43.443 12.509 42.460 11.779
9 3 1 43.416 12.500 42.433 11.770
10 3 1 43.407 12.509 42.424 11.779
11 3 1 43.380 12.500 42.396 11.770
12 3 1 43.371 12.491 42.387 11.761
13 3 1 43.343 12.482 42.360 11.752
14 3 1 43.316 12.491 42.333 11.761
15 3 1 43.289 12.464 42.305 11.733
16 3 1 43.280 12.454 42.296 11.724
17 3 1 43.252 12.445 42.269 11.715
18 3 1 43.225 12.436 42.241 11.706
19 3 1 43.198 12.409 42.214 11.679
20 3 1 43.170 12.400 42.187 11.670
21 3 1 43.143 12.391 42.159 11.661
22 3 1 43.116 12.382 42.132 11.651
23 3 1 43.070 12.354 42.086 11.624
24 3 1 43.061 12.363 42.077 11.633
25 3 1 43.015 12.336 42.032 11.606
26 3 1 43.006 12.345 42.023 11.615
27 3 1 42.979 12.336 41.995 11.606
28 3 1 42.952 12.327 41.968 11.597
29 3 1 42.906 12.318 41.922 11.588
30 3 1 42.879 12.327 41.895 11.597
31 3 1 42.833 12.318 41.849 11.588
32 3 1 42.806 12.327 41.822 11.597
34 3 1 42.797 12.318 41.813 11.588
35 3 1 42.769 12.309 41.785 11.579
36 3 1 42.724 12.318 41.740 11.588
37 3 1 42.715 12.328 41.731 11.597
38 3 1 42.687 12.337 41.703 11.607
39 3 1 42.660 12.364 41.676 11.634
40 3 1 42.633 12.355 41.648 11.625
41 3 1 42.623 12.364 41.639 11.634
42 3 1 42.578 12.374 41.594 11.643
43 3 1 42.550 12.383 41.566 11.653
44 3 1 42.505 12.392 41.521 11.662
45 3 1 42.496 12.401 41.511 11.671
46 3 1 42.468 12.392 41.484 11.662
47 3 1 42.441 12.383 41.457 11.653
48 3 1 42.395 12.374 41.411 11.644
49 3 1 42.368 12.365 41.384 11.635
50 3 1 42.341 12.356 41.356 11.626
51 3 1 42.313 12.365 41.329 11.635
52 3 1 42.286 12.356 41.301 11.626
53 3 1 42.259 12.365 41.274 11.635
54 3 1 42.213 12.356 41.228 11.626
55 3 1 42.204 12.366 41.219 11.635
56 3 1 42.186 12.356 41.201 11.626
57 3 1 42.149 12.366 41.164 11.635
58 3 1 42.104 12.357 41.119 11.626
59 3 1 42.104 12.366 41.119 11.635
60 3 1 42.031 12.357 41.046 11.626
61 3 1 42.003 12.366 41.018 11.635
62 3 1 41.939 12.357 40.954 11.626
63 3 1 41.930 12.366 40.945 11.636
64 3 1 41.903 12.357 40.918 11.627
65 3 1 41.884 12.375 40.899 11.654
66 3 1 41.848 12.394 40.863 11.672
67 3 1 41.821 12.421 40.835 11.700
68 3 1 41.793 12.412 40.808 11.691
69 3 1 41.766 12.422 40.781 11.700
70 3 1 41.738 12.412 40.753 11.691
71 3 1 41.711 12.431 40.726 11.709
72 3 1 41.684 12.431 40.698 11.709
73 3 1 41.656 12.459 40.671 11.737
74 3 1 41.592 12.459 40.607 11.737
75 3 1 41.565 12.495 40.579 11.774
76 3 1 41.519 12.486 40.534 11.765
77 3 1 41.510 12.496 40.525 11.774
78 3 1 41.483 12.505 40.497 11.783
79 3 1 41.455 12.514 40.470 11.792
80 3 1 41.410 12.505 40.424 11.783
81 3 1 41.382 12.514 40.397 11.793
82 3 1 41.337 12.505 40.351 11.784
83 3 1 41.309 12.514 40.324 11.793
84 3 1 41.264 12.505 40.278 11.784
85 3 1 41.254 12.514 40.269 11.793
86 3 1 41.227 12.505 40.241 11.784
87 3 1 41.200 12.515 40.214 11.793
88 3 1 41.172 12.506 40.186 11.784
89 3 1 41.163 12.515 40.177 11.793
90 3 1 41.117 12.506 40.132 11.784
91 3 1 41.090 12.497 40.104 11.775
92 3 1 41.044 12.488 40.058 11.766
93 3 1 40.999 12.497 40.013 11.775
94 3 1 40.971 12.488 39.985 11.766
95 3 1 40.944 12.497 39.958 11.775
96 3 1 40.898 12.488 39.912 11.766
97 3 1 40.871 12.497 39.885 11.775
98 3 1 40.825 12.488 39.839 11.766
99 3 1 40.798 12.497 39.811 11.776
100 3 1 40.770 12.507 39.784 11.785
101 3 1 40.743 12.516 39.757 11.794
102 3 1 40.715 12.525 39.729 11.803
103 3 1 40.688 12.534 39.702 11.812
104 3 1 40.661 12.525 39.674 11.803
105 3 1 40.633 12.534 39.647 11.813
106 3 1 40.587 12.544 39.601 11.822
107 3 1 40.542 12.562 39.555 11.840
108 3 1 40.478 12.581 39.491 11.859
109 3 1 40.432 12.608 39.445 11.886
110 3 1 40.386 12.618 39.400 11.896
111 3 1 40.359 12.645 39.372 11.923
112 3 1 40.331 12.636 39.345 11.914
113 3 1 40.322 12.645 39.335 11.923
114 3 1 40.295 12.618 39.308 11.896
115 3 1 40.249 12.627 39.262 11.905
116 3 1 40.203 12.627 39.217 11.905
117 3 1 40.158 12.627 39.171 11.905
118 3 1 40.112 12.618 39.125 11.896
119 3 1 40.085 12.628 39.098 11.905
120 3 1 40.057 12.618 39.070 11.896
121 3 1 40.066 12.628 39.079 11.906
122 3 1 40.039 12.618 39.052 11.896
123 3 1 40.011 12.628 39.024 11.906
124 3 1 39.966 12.619 38.979 11.897
125 3 1 39.920 12.610 38.933 11.888
126 3 1 39.856 12.582 38.869 11.860
127 3 1 39.810 12.592 38.823 11.869
128 3 1 39.765 12.573 38.777 11.851
129 3 1 39.737 12.592 38.750 11.870
131 3 1 39.728 12.583 38.741 11.860
132 3 1 39.682 12.583 38.695 11.861
133 3 1 39.618 12.565 38.631 11.842
134 3 1 39.609 12.565 38.622 11.842
136 3 1 39.600 12.555 38.612 11.833
137 3 1 39.554 12.556 38.567 11.833
138 3 1 39.508 12.574 38.521 11.852
139 3 1 39.463 12.611 38.475 11.889
140 3 1 39.399 12.611 38.411 11.889
142 3 1 39.389 12.602 38.402 11.880
143 3 1 39.344 12.602 38.356 11.880
144 3 1 39.334 12.620 38.347 11.898
145 3 1 39.289 12.620 38.301 11.898
146 3 1 39.280 12.620 38.292 11.898
147 3 1 39.234 12.621 38.246 11.898
148 3 1 39.206 12.602 38.218 11.880
149 3 1 39.161 12.584 38.173 11.862
150 3 1 39.133 12.584 38.145 11.862
151 3 1 39.087 12.566 38.099 11.843
152 3 1 39.060 12.566 38.072 11.844
153 3 1 39.014 12.566 38.026 11.844
154 3 1 39.005 12.566 38.017 11.844
155 3 1 38.996 12.566 38.008 11.844
156 3 1 38.987 12.566 37.999 11.844
157 3 1 38.978 12.566 37.989 11.844
158 3 1 38.950 12.548 37.962 11.825
159 3 1 38.904 12.530 37.916 11.807
160 3 1 38.859 12.530 37.870 11.807
161 3 1 38.795 12.512 37.806 11.789
162 3 1 38.749 12.512 37.760 11.789
163 3 1 38.721 12.512 37.733 11.789
164 3 1 38.694 12.512 37.705 11.789
165 3 1 38.648 12.512 37.659 11.789
166 3 1 38.621 12.512 37.632 11.789
167 3 1 38.575 12.512 37.586 11.790
168 3 1 38.547 12.512 37.559 11.790
169 3 1 38.520 12.512 37.531 11.790
170 3 1 38.511 12.512 37.522 11.790
171 3 1 38.465 12.513 37.476 11.790
172 3 1 38.437 12.513 37.449 11.790
173 3 1 38.392 12.513 37.403 11.790
174 3 1 38.346 12.513 37.357 11.790
175 3 1 38.282 12.531 37.293 11.809
176 3 1 38.254 12.531 37.265 11.809
177 3 1 38.190 12.550 37.201 11.827
178 3 1 38.162 12.550 37.173 11.827
179 3 1 38.135 12.550 37.146 11.827
180 3 1 38.107 12.550 37.118 11.827
181 3 1 38.062 12.550 37.072 11.827
182 3 1 38.052 12.532 37.063 11.809
183 3 1 38.007 12.532 37.017 11.809
184 3 1 37.979 12.514 36.990 11.791
185 3 1 37.933 12.514 36.944 11.791
186 3 1 37.906 12.496 36.917 11.773
187 3 1 37.860 12.477 36.871 11.754
188 3 1 37.869 12.477 36.880 11.754
189 3 1 37.860 12.496 36.871 11.773
190 3 1 37.851 12.477 36.861 11.754
191 3 1 37.823 12.477 36.834 11.754
192 3 1 37.814 12.459 36.825 11.736
193 3 1 37.768 12.441 36.779 11.718
194 3 1 37.741 12.423 36.751 11.700
195 3 1 37.659 12.386 36.669 11.663
196 3 1 37.613 12.368 36.623 11.645
197 3 1 37.585 12.368 36.596 11.645
198 3 1 37.558 12.350 36.568 11.626
199 3 1 37.512 12.350 36.522 11.627
200 3 1 37.484 12.331 36.495 11.608
201 3 1 37.439 12.313 36.449 11.590
202 3 1 37.411 12.295 36.421 11.572
203 3 1 37.384 12.295 36.394 11.572
204 3 1 37.374 12.295 36.384 11.572
205 3 1 37.347 12.295 36.357 11.572
206 3 1 37.319 12.295 36.329 11.572
207 3 1 37.274 12.295 36.283 11.572
208 3 1 37.228 12.295 36.238 11.572
210 3 1 37.219 12.286 36.228 11.563
211 3 1 37.173 12.286 36.182 11.563
212 3 1 37.127 12.268 36.137 11.545
213 3 1 37.099 12.250 36.109 11.526
214 3 1 37.053 12.268 36.063 11.545
215 3 1 37.026 12.268 36.036 11.545
216 3 1 36.980 12.268 35.990 11.545
217 3 1 36.952 12.287 35.962 11.563
218 3 1 36.925 12.287 35.934 11.563
219 3 1 36.897 12.269 35.907 11.545
220 3 1 36.870 12.232 35.879 11.508
221 3 1 36.861 12.232 35.870 11.508
222 3 1 36.833 12.250 35.843 11.527
223 3 1 36.374 12.435 35.438 11.610
225 3 1 36.402 12.380 35.420 11.647
226 3 1 36.365 12.389 35.383 11.656
227 3 1 36.328 12.380 35.346 11.647
228 3 1 36.273 12.371 35.291 11.638
229 3 1 36.218 12.362 35.236 11.629
230 3 1 36.181 12.335 35.199 11.602
231 3 1 36.145 12.344 35.163 11.611
232 3 1 36.108 12.335 35.126 11.602
233 3 1 36.090 12.344 35.107 11.611
234 3 1 36.053 12.335 35.071 11.602
235 3 1 36.016 12.344 35.034 11.611
236 3 1 35.961 12.335 34.979 11.602
237 3 1 35.943 12.344 34.960 11.611
238 3 1 35.887 12.335 34.905 11.602
239 3 1 35.869 12.345 34.887 11.612
240 3 1 35.814 12.354 34.831 11.621
241 3 1 35.796 12.363 34.813 11.630
242 3 1 35.740 12.354 34.758 11.621
243 3 1 35.722 12.363 34.739 11.630
244 3 1 35.649 12.373 34.666 11.640
245 3 1 35.612 12.382 34.629 11.649
246 3 1 35.557 12.391 34.574 11.658
247 3 1 35.538 12.419 34.555 11.686
248 3 1 35.483 12.410 34.500 11.677
249 3 1 35.446 12.419 34.463 11.686
250 3 1 35.410 12.428 34.427 11.695
251 3 1 35.391 12.419 34.408 11.686
252 3 1 35.354 12.410 34.371 11.677
253 3 1 35.318 12.419 34.335 11.686
254 3 1 35.281 12.392 34.298 11.659
255 3 1 35.244 12.401 34.261 11.668
256 3 1 35.207 12.392 34.224 11.659
257 3 1 35.171 12.401 34.187 11.668
258 3 1 35.115 12.392 34.132 11.659
259 3 1 35.097 12.383 34.114 11.650
260 3 1 35.042 12.356 34.059 11.622
0 4 1 42.308 9.701 41.470 8.904
1 4 1 42.336 9.728 41.461 8.895
2 4 1 42.299 9.737 41.424 8.904
3 4 1 42.263 9.746 41.388 8.914
4 4 1 42.226 9.756 41.351 8.923
5 4 1 42.171 9.765 41.296 8.932
6 4 1 42.135 9.756 41.260 8.923
7 4 1 42.098 9.765 41.223 8.932
8 4 1 42.062 9.756 41.187 8.923
9 4 1 42.062 9.765 41.187 8.996
10 4 1 42.053 9.765 41.178 8.978
11 4 1 41.962 9.756 41.169 8.868
12 4 1 41.989 9.719 41.150 8.895
13 4 1 41.962 9.728 41.123 8.905
14 4 1 41.916 9.738 41.077 8.914
15 4 1 41.724 9.710 41.159 9.152
16 4 1 41.706 9.720 41.068 9.070
17 4 1 41.715 9.839 40.950 8.712
18 4 1 41.706 9.674 40.968 8.886
19 4 1 41.670 9.683 40.931 8.896
20 4 1 41.633 9.674 40.895 8.886
21 4 1 41.578 9.683 40.840 8.896
22 4 1 41.560 9.674 40.822 8.887
23 4 1 41.505 9.701 40.767 8.914
24 4 1 41.487 9.711 40.748 8.923
25 4 1 41.432 9.720 40.694 8.932
26 4 1 41.414 9.729 40.675 8.942
27 4 1 41.377 9.738 40.639 8.951
28 4 1 41.341 9.729 40.602 8.942
29 4 1 41.304 9.738 40.566 8.951
30 4 1 41.268 9.729 40.529 8.942
31 4 1 41.250 9.738 40.511 8.951
32 4 1 41.231 9.729 40.492 8.942
33 4 1 41.103 9.858 40.319 9.052
34 4 1 41.085 9.839 40.346 9.052
35 4 1 41.140 9.839 40.282 9.061
36 4 1 41.076 9.839 40.328 9.061
37 4 1 41.048 9.839 40.300 9.061
38 4 1 41.012 9.849 40.154 9.125
39 4 1 41.021 9.821 40.136 9.144
40 4 1 40.966 9.803 40.126 9.134
41 4 1 41.003 9.775 40.099 9.171
42 4 1 40.930 9.757 39.998 9.162
43 4 1 40.884 9.757 39.980 9.135
44 4 1 40.711 9.766 39.925 9.180
45 4 1 40.647 9.757 39.907 9.153
46 4 1 40.619 9.739 39.870 9.144
47 4 1 40.528 9.757 39.834 9.171
48 4 1 40.500 9.831 39.761 8.924
49 4 1 40.555 9.785 39.797 9.116
50 4 1 40.519 9.785 39.761 9.116
51 4 1 40.491 9.794 39.733 9.126
52 4 1 40.455 9.803 39.697 9.135
53 4 1 40.418 9.813 39.660 9.144
54 4 1 40.381 9.822 39.623 9.153
55 4 1 40.345 9.831 39.587 9.162
56 4 1 40.308 9.840 39.550 9.172
57 4 1 40.272 9.849 39.514 9.181
58 4 1 40.235 9.868 39.477 9.199
59 4 1 40.336 9.886 39.404 9.153
60 4 1 40.244 9.849 39.486 9.181
61 4 1 40.208 9.859 39.449 9.190
62 4 1 40.025 9.896 39.303 9.163
63 4 1 40.043 9.859 39.294 9.190
64 4 1 39.933 9.960 39.276 9.062
65 4 1 39.997 9.859 39.248 9.190
66 4 1 39.961 9.859 39.212 9.190
67 4 1 39.924 9.868 39.175 9.199
68 4 1 39.888 9.868 39.138 9.199
69 4 1 39.851 9.868 39.102 9.199
70 4 1 39.805 9.868 39.056 9.199
71 4 1 39.760 9.859 39.010 9.190
72 4 1 39.768 10.052 38.754 9.227
73 4 1 39.714 9.850 38.964 9.181
74 4 1 39.677 9.850 38.928 9.181
75 4 1 39.631 9.850 38.882 9.181
76 4 1 39.595 9.841 38.845 9.172
77 4 1 39.549 9.832 38.800 9.163
78 4 1 39.631 9.979 38.625 9.209
79 4 1 39.558 9.924 38.589 9.218
80 4 1 39.384 9.961 38.552 9.200
81 4 1 39.366 9.970 38.506 9.200
82 4 1 39.238 9.961 38.488 9.145
83 4 1 39.238 9.887 38.488 9.218
84 4 1 39.110 9.970 38.461 9.246
85 4 1 39.155 9.933 38.415 9.264
86 4 1 39.119 9.933 38.378 9.264
87 4 1 39.018 9.933 38.296 9.108
88 4 1 38.982 9.943 38.177 9.017
89 4 1 39.018 9.851 38.287 9.182
90 4 1 38.982 9.851 38.250 9.182
91 4 1 38.936 9.860 38.204 9.191
92 4 1 38.881 9.860 38.149 9.191
93 4 1 38.835 9.879 38.103 9.209
94 4 1 38.927 9.961 38.012 9.173
95 4 1 38.798 9.879 38.067 9.209
96 4 1 38.762 9.888 38.030 9.219
97 4 1 38.807 10.025 38.021 9.145
98 4 1 38.771 10.053 37.957 9.081
99 4 1 38.670 10.007 37.948 9.072
100 4 1 38.588 10.099 37.874 9.063
101 4 1 38.689 9.860 37.957 9.191
102 4 1 38.652 9.860 37.920 9.191
103 4 1 38.615 9.860 37.883 9.191
104 4 1 38.579 9.851 37.847 9.182
105 4 1 38.542 9.851 37.810 9.182
106 4 1 38.505 9.842 37.773 9.173
107 4 1 38.469 9.842 37.737 9.173
108 4 1 38.423 9.833 37.691 9.164
109 4 1 38.386 9.962 37.397 9.237
110 4 1 38.395 9.998 37.462 9.146
111 4 1 38.414 9.934 37.379 9.293
112 4 1 38.395 9.916 37.342 9.274
113 4 1 38.341 9.797 37.608 9.127
114 4 1 38.185 9.888 37.305 9.302
115 4 1 38.038 9.889 37.241 9.320
116 4 1 37.937 9.880 37.177 9.293
117 4 1 37.836 9.880 37.131 9.164
118 4 1 37.846 9.843 37.122 9.201
119 4 1 37.717 9.917 37.196 9.192
120 4 1 37.699 9.972 37.150 9.091
121 4 1 37.690 9.990 36.985 9.201
122 4 1 37.634 10.082 36.874 9.357
123 4 1 37.616 10.027 36.782 9.321
124 4 1 37.561 9.990 36.847 9.348
125 4 1 37.552 9.972 36.755 9.275
126 4 1 37.506 9.944 36.792 9.302
127 4 1 37.470 9.944 36.755 9.302
128 4 1 37.534 10.082 36.617 9.238
129 4 1 37.424 9.944 36.709 9.302
130 4 1 37.515 10.055 36.608 9.256
131 4 1 37.387 9.990 36.608 9.293
132 4 1 37.378 9.981 36.590 9.220
133 4 1 37.304 10.073 36.507 9.238
134 4 1 37.332 9.908 36.617 9.266
135 4 1 37.295 9.908 36.581 9.266
136 4 1 37.268 9.908 36.553 9.266
137 4 1 37.029 10.119 36.360 9.165
138 4 1 37.231 9.890 36.516 9.247
139 4 1 37.075 10.000 36.259 9.248
140 4 1 37.084 10.000 36.204 9.238
141 4 1 37.139 10.000 36.177 9.211
142 4 1 37.139 9.991 36.020 9.294
143 4 1 37.139 9.963 36.057 9.303
144 4 1 37.112 9.982 36.039 9.349
145 4 1 37.112 9.972 36.066 9.312
146 4 1 37.094 9.954 36.103 9.257
147 4 1 37.112 9.945 36.085 9.294
148 4 1 37.048 9.917 36.057 9.284
149 4 1 36.956 9.973 36.048 9.220
150 4 1 36.883 9.936 36.039 9.257
151 4 1 36.818 9.964 36.039 9.266
152 4 1 36.717 9.899 35.956 9.220
153 4 1 36.635 9.890 35.929 9.211
154 4 1 36.635 9.872 35.929 9.229
155 4 1 36.598 9.872 35.892 9.229
156 4 1 36.561 9.872 35.855 9.229
157 4 1 36.525 9.863 35.818 9.220
158 4 1 36.479 9.872 35.772 9.230
159 4 1 36.442 9.863 35.736 9.220
160 4 1 36.405 9.872 35.699 9.230
161 4 1 36.359 9.863 35.653 9.220
162 4 1 36.323 9.872 35.616 9.230
163 4 1 36.277 9.872 35.570 9.230
164 4 1 36.240 9.872 35.534 9.230
165 4 1 36.203 9.882 35.497 9.239
166 4 1 36.167 9.891 35.460 9.248
167 4 1 36.185 9.826 35.368 9.120
168 4 1 36.130 9.799 35.423 9.156
169 4 1 36.093 9.799 35.387 9.156
170 4 1 36.056 9.799 35.350 9.156
171 4 1 35.919 9.808 35.203 9.092
172 4 1 35.919 9.772 35.212 9.129
173 4 1 35.900 9.762 35.194 9.120
174 4 1 35.854 9.744 35.148 9.101
175 4 1 35.827 9.735 35.120 9.092
176 4 1 35.790 9.735 35.083 9.092
177 4 1 35.753 9.726 35.047 9.083
178 4 1 35.717 9.707 35.010 9.065
179 4 1 35.680 9.680 34.973 9.037
180 4 1 35.643 9.680 34.936 9.037
181 4 1 35.606 9.671 34.900 9.028
182 4 1 35.570 9.368 34.863 8.734
183 4 1 35.312 9.809 34.826 8.835
184 4 1 35.515 9.634 34.808 9.010
185 4 1 35.468 9.919 34.780 8.826
186 4 1 35.505 9.772 34.808 8.954
187 4 1 35.468 9.763 34.734 8.936
188 4 1 35.331 9.653 34.817 9.193
189 4 1 35.413 9.846 34.698 8.715
190 4 1 35.376 9.837 34.661 8.706
191 4 1 35.358 9.827 34.633 8.697
192 4 1 35.340 9.809 34.624 8.688
193 4 1 35.303 9.800 34.587 8.679
194 4 1 35.275 9.772 34.569 8.660
195 4 1 35.275 9.763 34.569 8.651
196 4 1 35.257 9.736 34.551 8.624
197 4 1 35.248 9.717 34.532 8.614
198 4 1 35.220 9.690 34.514 8.587
199 4 1 35.184 9.680 34.477 8.578
200 4 1 35.147 9.653 34.449 8.559
201 4 1 35.110 9.644 34.413 8.550
202 4 1 35.073 9.635 34.376 8.541
203 4 1 35.018 9.635 34.321 8.550
204 4 1 34.972 9.626 34.284 8.541
205 4 1 34.935 9.635 34.247 8.550
206 4 1 34.697 9.359 34.403 8.982
207 4 1 34.871 9.635 34.192 8.559
208 4 1 34.825 9.644 34.146 8.569
209 4 1 34.797 9.644 34.118 8.578
210 4 1 34.751 9.653 34.081 8.587
211 4 1 34.724 9.663 34.054 8.596
212 4 1 34.696 9.653 34.026 8.596
213 4 1 34.678 9.663 34.017 8.605
214 4 1 34.650 9.653 33.989 8.596
215 4 1 34.623 9.644 33.962 8.587
216 4 1 34.595 9.626 33.943 8.578
217 4 1 34.568 9.635 33.916 8.587
218 4 1 34.494 9.626 33.860 8.578
219 4 1 34.319 9.672 33.418 8.817
220 4 1 34.420 9.608 33.787 8.569
221 4 1 34.374 9.608 33.750 8.578
222 4 1 34.328 9.589 33.704 8.559
223 4 1 34.273 9.589 33.649 8.560
224 4 1 34.236 9.608 33.612 8.578
225 4 1 34.190 9.617 33.575 8.596
226 4 1 34.172 9.599 33.556 8.578
227 4 1 34.154 9.571 33.547 8.541
228 4 1 33.960 9.627 33.142 8.845
229 4 1 34.126 9.516 33.520 8.495
230 4 1 34.117 9.516 33.511 8.495
231 4 1 34.089 9.516 33.492 8.504
232 4 1 34.062 9.498 33.465 8.486
233 4 1 34.034 9.507 33.437 8.504
234 4 1 34.016 9.488 33.428 8.486
235 4 1 33.970 9.507 33.382 8.504
236 4 1 33.942 9.507 33.363 8.504
237 4 1 33.509 9.553 32.644 8.836
238 4 1 33.573 9.636 32.690 8.901
239 4 1 33.527 9.609 32.644 8.845
240 4 1 33.841 9.479 33.280 8.495
241 4 1 33.352 9.581 32.635 8.873
242 4 1 33.352 9.581 32.625 8.882
243 4 1 33.316 9.581 32.588 8.882
244 4 1 33.288 9.581 32.561 8.882
245 4 1 33.251 9.581 32.524 8.882
246 4 1 33.214 9.581 32.487 8.882
247 4 1 33.177 9.581 32.450 8.882
248 4 1 33.141 9.581 32.413 8.882
249 4 1 33.822 9.452 33.308 8.495
250 4 1 33.131 9.572 32.404 8.873
251 4 1 33.094 9.572 32.367 8.873
252 4 1 33.048 9.572 32.321 8.873
253 4 1 32.993 9.581 32.266 8.882
254 4 1 32.947 9.581 32.220 8.882
255 4 1 32.901 9.582 32.174 8.882
256 4 1 33.813 9.452 33.317 8.514
257 4 1 32.892 9.572 32.164 8.873
258 4 1 32.818 9.572 32.091 8.873
259 4 1 33.804 9.443 33.317 8.514
260 4 1 32.809 9.563 32.081 8.864
0 5 1 44.186 9.488 43.322 8.711
1 5 1 44.213 9.516 43.313 8.702
2 5 1 44.186 9.525 43.286 8.711
3 5 1 44.159 9.534 43.258 8.720
4 5 1 44.113 9.525 43.213 8.711
5 5 1 44.086 9.534 43.185 8.720
6 5 1 44.040 9.543 43.140 8.730
7 5 1 44.013 9.553 43.112 8.739
8 5 1 43.967 9.534 43.067 8.720
9 5 1 43.940 9.553 43.039 8.739
10 5 1 43.895 9.543 42.994 8.730
11 5 1 43.867 9.553 42.967 8.739
12 5 1 43.840 9.544 42.939 8.730
13 5 1 43.813 9.553 42.912 8.739
14 5 1 43.758 9.544 42.857 8.730
15 5 1 43.740 9.553 42.839 8.739
16 5 1 43.712 9.544 42.812 8.730
17 5 1 43.685 9.553 42.784 8.739
18 5 1 43.640 9.544 42.739 8.730
19 5 1 43.612 9.553 42.711 8.739
20 5 1 43.567 9.562 42.666 8.748
21 5 1 43.539 9.553 42.638 8.739
22 5 1 43.494 9.562 42.593 8.748
23 5 1 43.466 9.571 42.565 8.757
24 5 1 43.421 9.562 42.520 8.748
25 5 1 43.394 9.571 42.492 8.757
26 5 1 43.348 9.553 42.447 8.739
27 5 1 43.339 9.590 42.438 8.776
28 5 1 43.293 9.599 42.392 8.785
29 5 1 43.257 9.599 42.355 8.785
30 5 1 43.239 9.599 42.337 8.785
31 5 1 43.211 9.626 42.310 8.812
32 5 1 43.157 9.636 42.255 8.822
33 5 1 43.156 9.645 42.255 8.831
34 5 1 43.111 9.654 42.209 8.840
35 5 1 43.074 9.654 42.173 8.840
36 5 1 43.038 9.672 42.136 8.858
37 5 1 43.011 9.682 42.109 8.867
38 5 1 42.965 9.682 42.063 8.867
39 5 1 42.938 9.700 42.036 8.886
40 5 1 42.910 9.709 42.009 8.895
41 5 1 42.883 9.709 41.981 8.895
42 5 1 42.837 9.728 41.936 8.913
43 5 1 42.810 9.737 41.908 8.923
44 5 1 42.764 9.718 41.863 8.904
45 5 1 42.737 9.737 41.835 8.923
46 5 1 42.691 9.728 41.790 8.913
47 5 1 42.664 9.728 41.762 8.913
48 5 1 42.637 9.728 41.735 8.913
49 5 1 42.609 9.737 41.707 8.923
50 5 1 42.555 9.719 41.653 8.904
51 5 1 42.555 9.737 41.653 8.923
52 5 1 42.509 9.746 41.607 8.932
53 5 1 42.473 9.746 41.570 8.932
54 5 1 42.454 9.746 41.552 8.932
55 5 1 42.427 9.755 41.525 8.941
56 5 1 42.372 9.737 41.470 8.923
57 5 1 42.354 9.756 41.452 8.941
58 5 1 42.308 9.746 41.406 8.932
59 5 1 42.272 9.746 41.370 8.932
60 5 1 42.235 9.747 41.333 8.932
61 5 1 42.208 9.756 41.306 8.941
62 5 1 42.181 9.737 41.278 8.923
63 5 1 42.153 9.774 41.251 8.960
64 5 1 41.971 9.884 41.406 8.978
65 5 1 41.989 9.838 41.442 9.014
66 5 1 41.907 9.838 41.360 9.088
67 5 1 41.907 9.866 41.351 8.932
68 5 1 41.989 9.811 41.269 8.996
69 5 1 41.952 9.811 41.232 8.996
70 5 1 41.934 9.829 41.214 9.015
71 5 1 41.879 9.811 41.159 8.996
72 5 1 41.861 9.829 41.141 9.015
73 5 1 41.806 9.829 41.086 9.015
74 5 1 41.788 9.829 41.068 9.015
75 5 1 41.733 9.829 41.013 9.015
76 5 1 41.715 9.848 40.995 9.033
77 5 1 41.660 9.866 40.940 9.051
78 5 1 41.642 9.848 40.922 9.033
79 5 1 41.605 9.866 40.885 9.051
80 5 1 41.569 9.848 40.849 9.033
81 5 1 41.532 9.866 40.812 9.051
82 5 1 41.478 9.866 40.757 9.052
83 5 1 41.459 9.866 40.739 9.052
84 5 1 41.405 9.867 40.684 9.052
85 5 1 41.386 9.885 40.666 9.070
86 5 1 41.332 9.903 40.611 9.088
87 5 1 41.313 9.885 40.593 9.070
88 5 1 41.277 9.903 40.556 9.088
89 5 1 41.240 9.885 40.520 9.070
90 5 1 41.222 9.903 40.501 9.088
91 5 1 41.204 9.885 40.483 9.070
92 5 1 41.149 9.903 40.428 9.088
93 5 1 41.131 9.885 40.410 9.070
94 5 1 41.094 9.885 40.373 9.070
95 5 1 41.058 9.885 40.337 9.070
96 5 1 41.021 9.885 40.300 9.070
97 5 1 40.984 9.885 40.264 9.070
98 5 1 40.948 9.885 40.227 9.070
99 5 1 40.911 9.885 40.191 9.070
100 5 1 40.875 9.885 40.154 9.070
101 5 1 40.857 9.885 40.136 9.070
102 5 1 40.838 9.885 40.117 9.070
103 5 1 40.719 9.941 40.136 8.979
104 5 1 40.774 9.867 40.072 9.043
105 5 1 40.738 9.876 40.035 9.052
106 5 1 40.719 9.886 40.017 9.061
107 5 1 40.701 9.876 39.999 9.052
108 5 1 40.646 9.886 39.944 9.061
109 5 1 40.628 9.858 39.925 9.034
110 5 1 40.573 9.867 39.871 9.043
111 5 1 40.555 9.858 39.852 9.034
112 5 1 40.500 9.868 39.797 9.043
113 5 1 40.464 9.858 39.761 9.034
114 5 1 40.427 9.868 39.724 9.043
115 5 1 40.390 9.858 39.688 9.034
116 5 1 40.354 9.868 39.651 9.043
117 5 1 40.317 9.859 39.614 9.034
118 5 1 40.262 9.868 39.559 9.043
119 5 1 40.208 9.859 39.505 9.034
120 5 1 40.189 9.868 39.486 9.043
121 5 1 40.135 9.859 39.431 9.034
122 5 1 40.116 9.868 39.413 9.043
123 5 1 40.061 9.859 39.358 9.034
124 5 1 40.043 9.868 39.340 9.043
125 5 1 40.006 9.859 39.303 9.034
126 5 1 39.970 9.850 39.267 9.025
127 5 1 39.933 9.841 39.230 9.016
128 5 1 39.915 9.850 39.212 9.025
129 5 1 39.878 9.841 39.175 9.016
130 5 1 39.842 9.850 39.139 9.025
131 5 1 39.805 9.841 39.102 9.016
132 5 1 39.769 9.850 39.065 9.025
133 5 1 39.750 9.841 39.047 9.016
134 5 1 39.695 9.850 38.992 9.025
135 5 1 39.677 9.841 38.974 9.016
136 5 1 39.622 9.850 38.919 9.025
137 5 1 39.604 9.841 38.901 9.016
138 5 1 39.549 9.850 38.846 9.025
139 5 1 39.549 9.841 38.846 9.016
140 5 1 39.513 9.850 38.809 9.025
141 5 1 39.476 9.841 38.772 9.016
142 5 1 39.439 9.832 38.736 9.007
143 5 1 39.421 9.823 38.717 8.998
144 5 1 39.366 9.832 38.662 9.007
145 5 1 39.348 9.805 38.644 8.980
146 5 1 39.311 9.814 38.607 8.989
147 5 1 39.275 9.805 38.571 8.980
148 5 1 39.238 9.796 38.534 8.970
149 5 1 39.201 9.786 38.498 8.961
150 5 1 39.147 9.777 38.443 8.952
151 5 1 39.128 9.768 38.424 8.943
152 5 1 39.009 9.759 38.305 8.934
153 5 1 39.018 9.750 38.314 8.925
154 5 1 38.982 9.741 38.278 8.916
155 5 1 38.973 9.732 38.278 8.906
156 5 1 38.909 9.723 38.214 8.897
157 5 1 38.872 9.695 38.177 8.870
158 5 1 38.826 9.695 38.140 8.870
159 5 1 38.790 9.677 38.104 8.851
160 5 1 38.771 9.668 38.085 8.842
161 5 1 38.753 9.658 38.067 8.833
162 5 1 38.698 9.649 38.012 8.824
163 5 1 38.680 9.622 37.994 8.796
164 5 1 38.625 9.613 37.939 8.787
165 5 1 38.607 9.585 37.921 8.760
166 5 1 38.552 9.576 37.866 8.751
167 5 1 38.533 9.567 37.847 8.741
168 5 1 38.497 9.558 37.811 8.732
169 5 1 38.460 9.530 37.774 8.705
170 5 1 38.423 9.521 37.737 8.696
171 5 1 38.387 9.494 37.701 8.668
172 5 1 38.350 9.503 37.664 8.677
173 5 1 38.332 9.494 37.646 8.668
174 5 1 38.314 9.485 37.627 8.659
175 5 1 38.277 9.475 37.591 8.650
176 5 1 38.240 9.466 37.554 8.641
177 5 1 38.204 9.457 37.517 8.631
178 5 1 38.185 9.448 37.499 8.622
179 5 1 38.167 9.439 37.481 8.613
180 5 1 38.112 9.430 37.426 8.604
181 5 1 38.075 9.421 37.389 8.595
182 5 1 38.039 9.430 37.352 8.604
183 5 1 38.002 9.421 37.316 8.595
184 5 1 37.965 9.411 37.279 8.586
185 5 1 37.910 9.402 37.224 8.576
186 5 1 37.856 9.393 37.169 8.567
187 5 1 37.837 9.384 37.151 8.558
188 5 1 37.764 9.393 37.077 8.567
189 5 1 37.727 9.384 37.041 8.558
190 5 1 37.691 9.375 37.004 8.549
191 5 1 37.654 9.366 36.967 8.540
192 5 1 37.617 9.375 36.930 8.549
193 5 1 37.599 9.347 36.912 8.521
194 5 1 37.581 9.357 36.894 8.531
195 5 1 37.526 9.348 36.839 8.521
196 5 1 37.507 9.338 36.820 8.512
197 5 1 37.452 9.329 36.765 8.503
198 5 1 37.434 9.320 36.747 8.494
199 5 1 37.571 9.256 36.600 8.733
200 5 1 37.370 9.302 36.683 8.476
201 5 1 37.333 9.293 36.646 8.466
202 5 1 37.296 9.302 36.609 8.476
203 5 1 37.260 9.293 36.573 8.466
204 5 1 37.223 9.284 36.536 8.457
205 5 1 37.085 9.238 36.637 8.558
206 5 1 36.994 9.284 36.573 8.439
207 5 1 37.168 9.256 36.481 8.430
208 5 1 37.131 9.247 36.444 8.421
209 5 1 36.920 9.256 36.233 8.356
210 5 1 36.929 9.219 36.251 8.393
211 5 1 36.902 9.210 36.224 8.384
212 5 1 36.856 9.201 36.178 8.375
213 5 1 36.810 9.210 36.132 8.384
214 5 1 36.783 9.201 36.104 8.375
215 5 1 36.718 9.210 36.040 8.384
216 5 1 36.691 9.201 36.013 8.375
217 5 1 36.627 9.211 35.948 8.384
218 5 1 36.599 9.201 35.921 8.375
219 5 1 36.535 9.211 35.856 8.384
220 5 1 36.507 9.201 35.829 8.375
221 5 1 36.443 9.192 35.765 8.366
222 5 1 36.415 9.183 35.737 8.356
223 5 1 36.370 9.192 35.691 8.366
224 5 1 36.342 9.183 35.663 8.356
225 5 1 36.296 9.192 35.618 8.366
226 5 1 36.269 9.183 35.590 8.356
227 5 1 36.223 9.192 35.544 8.366
228 5 1 36.195 9.183 35.516 8.357
229 5 1 36.131 9.193 35.452 8.366
230 5 1 36.103 9.183 35.425 8.357
231 5 1 36.057 9.174 35.379 8.347
232 5 1 36.011 9.165 35.333 8.338
233 5 1 35.965 9.174 35.287 8.347
234 5 1 35.920 9.165 35.241 8.338
235 5 1 35.874 9.174 35.195 8.347
236 5 1 35.846 9.165 35.167 8.338
237 5 1 35.800 9.174 35.121 8.347
238 5 1 35.754 9.165 35.075 8.338
239 5 1 35.708 9.156 35.029 8.329
240 5 1 35.681 9.147 35.002 8.320
241 5 1 35.635 9.156 34.956 8.329
242 5 1 35.607 9.147 34.928 8.320
243 5 1 35.561 9.156 34.882 8.329
244 5 1 35.534 9.147 34.855 8.320
245 5 1 35.488 9.156 34.809 8.329
246 5 1 35.442 9.147 34.763 8.320
247 5 1 35.396 9.156 34.717 8.329
248 5 1 35.350 9.147 34.671 8.320
249 5 1 35.304 9.156 34.625 8.329
250 5 1 35.258 9.147 34.579 8.320
251 5 1 35.212 9.138 34.533 8.311
252 5 1 35.166 9.129 34.487 8.302
253 5 1 35.120 9.138 34.441 8.311
254 5 1 35.074 9.129 34.395 8.302
255 5 1 35.028 9.138 34.349 8.311
256 5 1 35.001 9.129 34.321 8.302
257 5 1 34.973 9.120 34.293 8.293
258 5 1 34.945 9.111 34.266 8.283
259 5 1 34.899 9.120 34.220 8.293
260 5 1 34.853 9.111 34.174 8.283
0 6 2 53.000 10.281 51.259 9.582
1 6 2 53.045 10.299 51.223 9.573
2 6 2 53.000 10.281 51.232 9.600
3 6 2 52.982 10.281 51.205 9.582
4 6 2 52.918 10.336 51.223 9.646
5 6 2 52.945 10.327 51.205 9.637
6 6 2 52.846 10.382 51.141 9.728
7 6 2 52.783 10.391 51.060 9.728
8 6 2 52.783 10.391 51.060 9.719
9 6 2 52.675 10.373 50.952 9.683
10 6 2 52.675 10.364 50.952 9.692
11 6 2 52.621 10.373 50.898 9.701
12 6 2 52.467 10.364 50.744 9.701
13 6 2 52.531 10.382 50.599 9.774
14 6 2 52.440 10.400 50.699 9.747
15 6 2 52.269 10.419 50.454 9.802
16 6 2 52.242 10.428 50.500 9.783
17 6 2 52.188 10.428 50.445 9.783
18 6 2 52.115 10.446 50.373 9.802
19 6 2 52.043 10.428 50.301 9.784
20 6 2 51.989 10.447 50.247 9.802
21 6 2 51.917 10.447 50.174 9.802
22 6 2 51.863 10.447 50.120 9.802
23 6 2 51.646 10.438 49.939 9.775
24 6 2 51.664 10.429 49.930 9.784
25 6 2 51.601 10.429 49.867 9.784
26 6 2 51.538 10.447 49.803 9.802
27 6 2 51.321 10.511 49.848 9.903
28 6 2 51.438 10.520 49.731 9.884
29 6 2 51.312 10.457 49.486 9.867
30 6 2 51.221 10.466 49.423 9.821
31 6 2 51.176 10.466 49.387 9.812
32 6 2 51.041 10.466 49.315 9.812
33 6 2 50.932 10.476 49.260 9.776
34 6 2 50.941 10.457 49.242 9.812
35 6 2 50.932 10.457 49.197 9.785
36 6 2 50.815 10.439 48.998 9.803
37 6 2 50.743 10.467 48.916 9.849
38 6 2 50.625 10.467 48.780 9.867
39 6 2 50.580 10.467 48.690 9.849
40 6 2 50.417 10.458 48.671 9.886
41 6 2 50.336 10.449 48.608 9.849
42 6 2 50.227 10.449 48.608 9.813
43 6 2 50.209 10.440 48.499 9.840
44 6 2 50.055 10.440 48.336 9.822
45 6 2 49.992 10.413 48.218 9.850
46 6 2 49.938 10.422 48.101 9.832
47 6 2 49.802 10.422 48.010 9.850
48 6 2 49.685 10.441 47.928 9.859
49 6 2 49.639 10.450 47.829 9.832
50 6 2 49.359 10.432 47.802 9.823
51 6 2 49.286 10.496 47.765 9.832
52 6 2 49.422 10.405 47.738 9.823
53 6 2 49.323 10.414 47.638 9.832
54 6 2 49.223 10.423 47.538 9.841
55 6 2 49.141 10.433 47.457 9.851
56 6 2 49.024 10.424 47.339 9.842
57 6 2 48.942 10.451 47.257 9.869
58 6 2 48.825 10.442 47.139 9.860
59 6 2 48.743 10.451 47.058 9.869
60 6 2 48.535 10.479 46.649 9.915
61 6 2 48.616 10.452 46.931 9.869
62 6 2 48.516 10.461 46.831 9.879
63 6 2 48.417 10.470 46.731 9.888
64 6 2 48.317 10.479 46.631 9.897
65 6 2 48.217 10.507 46.531 9.925
66 6 2 47.900 10.562 46.277 9.998
67 6 2 47.746 10.581 46.140 9.998
68 6 2 47.782 10.571 46.113 9.998
69 6 2 47.546 10.572 45.995 9.989
70 6 2 47.519 10.608 45.949 10.072
71 6 2 47.564 10.617 45.913 10.053
72 6 2 47.465 10.645 45.813 10.081
73 6 2 47.365 10.654 45.713 10.090
74 6 2 47.247 10.682 45.595 10.118
75 6 2 47.147 10.709 45.495 10.145
76 6 2 47.029 10.737 45.377 10.173
77 6 2 46.929 10.765 45.277 10.200
78 6 2 46.811 10.792 45.158 10.228
79 6 2 46.548 10.902 44.786 10.164
80 6 2 46.702 10.811 45.049 10.246
81 6 2 46.602 10.838 44.949 10.274
82 6 2 46.484 10.884 44.831 10.320
83 6 2 46.384 10.912 44.731 10.347
84 6 2 45.984 11.104 44.458 10.330
85 6 2 46.257 10.948 44.603 10.384
86 6 2 46.157 10.994 44.503 10.430
87 6 2 46.057 11.022 44.403 10.458
88 6 2 45.939 11.068 44.285 10.504
89 6 2 45.839 11.114 44.184 10.549
90 6 2 45.720 11.178 44.066 10.614
91 6 2 45.602 11.224 43.947 10.660
92 6 2 45.484 11.270 43.829 10.706
93 6 2 45.384 11.316 43.729 10.751
94 6 2 45.247 11.380 43.592 10.816
95 6 2 45.147 11.426 43.492 10.862
96 6 2 45.029 11.490 43.373 10.926
97 6 2 44.911 11.536 43.255 10.972
98 6 2 44.792 11.600 43.136 11.036
99 6 2 44.674 11.646 43.017 11.082
100 6 2 44.556 11.710 42.899 11.146
101 6 2 44.437 11.756 42.780 11.192
102 6 2 44.319 11.821 42.662 11.257
103 6 2 44.200 11.885 42.543 11.321
104 6 2 44.082 11.949 42.424 11.385
105 6 2 43.963 11.995 42.306 11.431
106 6 2 43.845 12.060 42.187 11.496
107 6 2 43.726 12.124 42.068 11.560
108 6 2 43.590 12.188 41.931 11.624
109 6 2 43.489 12.234 41.831 11.670
110 6 2 43.353 12.299 41.694 11.735
111 6 2 43.234 12.345 41.575 11.781
112 6 2 43.097 12.409 41.438 11.845
113 6 2 42.979 12.455 41.319 11.891
114 6 2 42.842 12.520 41.182 11.956
115 6 2 42.723 12.566 41.063 12.002
116 6 2 42.587 12.612 40.926 12.048
117 6 2 42.468 12.658 40.807 12.094
118 6 2 42.331 12.704 40.670 12.140
119 6 2 42.212 12.750 40.551 12.186
120 6 2 41.810 13.035 40.332 12.214
121 6 2 42.066 12.787 40.405 12.223
122 6 2 41.929 12.815 40.268 12.251
123 6 2 41.811 12.843 40.149 12.279
124 6 2 41.656 12.889 39.994 12.325
125 6 2 41.519 12.917 39.856 12.353
126 6 2 41.382 12.963 39.719 12.399
127 6 2 41.244 12.991 39.582 12.427
128 6 2 41.107 13.019 39.444 12.455
129 6 2 40.970 13.047 39.307 12.483
130 6 2 40.815 13.075 39.152 12.511
131 6 2 40.678 13.102 39.014 12.539
132 6 2 40.541 13.130 38.877 12.566
133 6 2 40.404 13.158 38.739 12.594
134 6 2 40.248 13.186 38.584 12.622
135 6 2 40.111 13.196 38.446 12.632
136 6 2 39.956 13.205 38.291 12.641
137 6 2 39.818 13.215 38.153 12.651
138 6 2 39.663 13.225 37.997 12.661
139 6 2 39.526 13.234 37.860 12.670
140 6 2 39.370 13.244 37.704 12.680
141 6 2 39.233 13.235 37.566 12.671
142 6 2 39.077 13.245 37.411 12.680
143 6 2 38.940 13.236 37.273 12.672
144 6 2 38.803 13.227 37.135 12.663
145 6 2 38.665 13.218 36.998 12.654
146 6 2 38.510 13.210 36.842 12.645
147 6 2 38.354 13.183 36.686 12.618
148 6 2 38.198 13.174 36.530 12.609
149 6 2 38.061 13.147 36.392 12.582
150 6 2 37.905 13.138 36.236 12.573
151 6 2 37.767 13.111 36.098 12.546
152 6 2 37.612 13.084 35.942 12.519
153 6 2 37.474 13.057 35.805 12.492
154 6 2 37.318 13.030 35.648 12.465
155 6 2 37.181 13.002 35.511 12.437
156 6 2 37.025 12.975 35.354 12.410
157 6 2 36.887 12.930 35.217 12.365
158 6 2 36.731 12.884 35.060 12.319
159 6 2 36.612 12.839 34.941 12.273
160 6 2 36.456 12.812 34.785 12.246
161 6 2 36.337 12.748 34.665 12.182
162 6 2 36.181 12.702 34.509 12.136
163 6 2 36.043 12.657 34.371 12.091
164 6 2 35.887 12.611 34.214 12.045
165 6 2 35.749 12.547 34.077 11.981
166 6 2 35.612 12.501 33.939 11.935
167 6 2 35.474 12.456 33.800 11.890
168 6 2 35.336 12.410 33.662 11.844
169 6 2 35.198 12.346 33.524 11.780
170 6 2 35.060 12.301 33.386 11.734
171 6 2 34.923 12.237 33.248 11.670
172 6 2 34.766 12.191 33.092 11.624
173 6 2 34.647 12.145 32.972 11.579
174 6 2 34.490 12.100 32.815 11.533
175 6 2 34.353 12.036 32.677 11.469
176 6 2 34.215 11.990 32.539 11.423
177 6 2 34.077 11.944 32.401 11.377
178 6 2 33.920 11.899 32.244 11.332
179 6 2 33.782 11.835 32.106 11.267
180 6 2 33.644 11.789 31.967 11.222
181 6 2 33.229 11.882 31.728 11.121
182 6 2 33.497 11.734 31.820 11.167
183 6 2 33.359 11.688 31.681 11.121
184 6 2 33.202 11.661 31.525 11.093
185 6 2 33.064 11.615 31.386 11.048
186 6 2 32.907 11.570 31.229 11.002
187 6 2 32.751 11.524 31.072 10.956
188 6 2 32.594 11.497 30.915 10.929
189 6 2 32.456 11.451 30.777 10.883
190 6 2 32.299 11.424 30.620 10.856
191 6 2 32.161 11.378 30.481 10.810
192 6 2 32.004 11.350 30.324 10.782
193 6 2 31.847 11.305 30.167 10.736
194 6 2 31.691 11.277 30.010 10.709
195 6 2 31.552 11.250 29.872 10.682
196 6 2 31.395 11.223 29.714 10.654
197 6 2 31.257 11.177 29.576 10.608
198 6 2 31.081 11.150 29.400 10.581
199 6 2 30.943 11.122 29.261 10.553
200 6 2 30.786 11.095 29.104 10.526
201 6 2 30.629 11.067 28.947 10.499
202 6 2 30.490 11.040 28.808 10.471
203 6 2 30.333 11.013 28.650 10.444
204 6 2 30.176 10.985 28.493 10.416
205 6 2 30.038 10.958 28.354 10.389
206 6 2 29.862 10.931 28.178 10.361
207 6 2 29.705 10.903 28.021 10.334
208 6 2 29.548 10.894 27.863 10.325
209 6 2 29.390 10.867 27.706 10.297
210 6 2 29.215 10.858 27.530 10.288
211 6 2 29.076 10.830 27.391 10.261
212 6 2 28.900 10.803 27.214 10.233
213 6 2 28.761 10.776 27.075 10.206
214 6 2 28.585 10.767 26.899 10.197
215 6 2 28.446 10.739 26.760 10.169
216 6 2 28.270 10.730 26.584 10.160
217 6 2 28.131 10.703 26.445 10.133
218 6 2 27.955 10.694 26.268 10.124
219 6 2 27.307 10.778 25.470 9.995
220 6 2 27.789 10.657 26.101 10.087
221 6 2 27.631 10.648 25.943 10.078
222 6 2 27.455 10.639 25.767 10.069
223 6 2 27.297 10.612 25.609 10.041
224 6 2 27.140 10.603 25.451 10.032
225 6 2 26.982 10.575 25.293 10.005
226 6 2 26.824 10.566 25.135 9.996
227 6 2 26.667 10.539 24.977 9.968
228 6 2 26.490 10.530 24.801 9.959
229 6 2 26.333 10.521 24.642 9.950
230 6 2 26.156 10.512 24.466 9.941
231 6 2 25.999 10.484 24.308 9.914
232 6 2 25.822 10.475 24.131 9.904
233 6 2 25.664 10.448 23.973 9.877
234 6 2 25.488 10.439 23.796 9.868
235 6 2 25.330 10.430 23.638 9.859
236 6 2 25.172 10.421 23.479 9.850
237 6 2 25.032 10.412 23.340 9.841
238 6 2 24.140 10.395 22.399 9.721
239 6 2 23.926 10.386 22.651 9.721
240 6 2 23.637 10.368 22.222 9.592
241 6 2 23.600 10.349 22.017 9.657
242 6 2 23.367 10.349 22.259 9.647
243 6 2 23.116 10.341 22.185 9.638
244 6 2 22.920 10.313 22.063 9.611
245 6 2 22.752 10.323 21.886 9.620
246 6 2 22.594 10.295 21.718 9.592
247 6 2 22.435 10.286 21.560 9.583
248 6 2 22.277 10.258 21.401 9.556
249 6 2 22.100 10.249 21.224 9.547
250 6 2 21.941 10.222 21.065 9.519
251 6 2 22.184 10.147 20.243 9.492
252 6 2 21.736 10.204 20.860 9.501
253 6 2 21.522 10.195 20.766 9.491
254 6 2 21.326 10.167 20.636 9.464
255 6 2 21.148 10.158 20.495 9.455
256 6 2 20.990 10.130 20.337 9.427
257 6 2 20.803 10.121 20.178 9.418
258 6 2 20.644 10.094 20.019 9.390
259 6 2 20.467 10.085 19.841 9.381
260 6 2 20.308 10.057 19.683 9.353
0 8 1 41.132 8.987 40.530 8.218
1 8 1 41.068 9.097 40.457 8.153
2 8 1 41.068 9.088 40.457 8.153
3 8 1 41.050 9.097 40.439 8.163
4 8 1 41.013 9.088 40.402 8.153
5 8 1 40.977 9.097 40.366 8.163
6 8 1 40.958 9.088 40.347 8.153
7 8 1 40.922 9.097 40.311 8.163
8 8 1 40.885 9.106 40.274 8.172
9 8 1 40.849 9.116 40.238 8.181
10 8 1 40.812 9.106 40.201 8.172
11 8 1 40.776 9.116 40.165 8.181
12 8 1 40.757 9.125 40.146 8.190
13 8 1 40.757 9.070 39.936 8.181
14 8 1 40.757 9.033 39.963 8.227
15 8 1 40.712 9.070 40.009 8.190
16 8 1 40.675 9.079 39.972 8.199
17 8 1 40.657 9.088 39.954 8.208
18 8 1 40.620 9.079 39.918 8.199
19 8 1 40.602 9.198 39.918 8.144
20 8 1 40.529 9.235 39.881 8.144
21 8 1 40.547 9.153 39.863 8.218
22 8 1 40.529 9.162 39.844 8.227
23 8 1 40.474 9.171 39.789 8.236
24 8 1 40.456 9.162 39.771 8.227
25 8 1 40.419 9.171 39.735 8.236
26 8 1 40.382 9.162 39.698 8.227
27 8 1 40.364 9.171 39.680 8.236
28 8 1 40.346 9.162 39.661 8.227
29 8 1 40.291 9.171 39.606 8.236
30 8 1 40.392 9.107 39.387 8.264
31 8 1 40.245 9.144 39.524 8.227
32 8 1 40.209 9.134 39.488 8.218
33 8 1 40.172 9.144 39.451 8.227
34 8 1 40.136 9.134 39.414 8.218
35 8 1 40.117 9.144 39.396 8.227
36 8 1 40.081 9.135 39.359 8.218
37 8 1 40.044 9.144 39.323 8.227
38 8 1 40.008 9.135 39.286 8.218
39 8 1 39.989 9.144 39.268 8.227
40 8 1 39.953 9.153 39.231 8.236
41 8 1 39.934 9.162 39.213 8.245
42 8 1 39.898 9.153 39.176 8.236
43 8 1 39.879 9.181 39.158 8.264
44 8 1 39.843 9.171 39.121 8.255
45 8 1 39.825 9.181 39.103 8.264
46 8 1 39.788 9.190 39.066 8.273
47 8 1 39.751 9.199 39.030 8.282
48 8 1 39.733 9.190 39.011 8.273
49 8 1 39.696 9.217 38.975 8.300
50 8 1 39.678 9.208 38.957 8.291
51 8 1 39.642 9.217 38.920 8.300
52 8 1 39.605 9.227 38.883 8.310
53 8 1 39.587 9.236 38.865 8.319
54 8 1 39.550 9.227 38.828 8.310
55 8 1 39.513 9.236 38.792 8.319
56 8 1 39.477 9.245 38.755 8.328
57 8 1 39.459 9.254 38.737 8.337
58 8 1 39.321 9.190 38.691 8.264
59 8 1 39.358 9.181 38.645 8.264
60 8 1 39.266 9.181 38.636 8.291
61 8 1 39.276 9.190 38.544 8.291
62 8 1 39.257 9.190 38.554 8.291
63 8 1 39.221 9.199 38.517 8.301
64 8 1 39.202 9.190 38.499 8.291
65 8 1 39.147 9.181 38.444 8.282
66 8 1 39.129 9.190 38.425 8.291
67 8 1 39.074 9.181 38.370 8.282
68 8 1 39.038 9.190 38.334 8.291
69 8 1 39.001 9.181 38.297 8.282
70 8 1 39.084 9.025 38.050 8.328
71 8 1 39.074 9.044 38.123 8.310
72 8 1 38.937 9.034 38.077 8.328
73 8 1 38.864 9.117 38.151 8.236
74 8 1 38.781 9.053 38.050 8.301
75 8 1 38.772 9.108 38.059 8.236
76 8 1 38.708 9.191 38.086 8.236
77 8 1 38.745 9.145 38.040 8.273
78 8 1 38.708 9.145 38.004 8.273
79 8 1 38.671 9.145 37.967 8.273
80 8 1 38.635 9.145 37.931 8.273
81 8 1 38.461 9.182 37.729 8.273
82 8 1 38.452 9.154 37.747 8.282
83 8 1 38.488 9.136 37.545 8.282
84 8 1 38.497 9.126 37.555 8.264
85 8 1 38.507 9.136 37.545 8.264
86 8 1 38.488 9.136 37.555 8.246
87 8 1 38.424 9.172 37.536 8.237
88 8 1 38.314 9.200 37.500 8.282
89 8 1 38.268 9.237 37.509 8.255
90 8 1 38.241 9.182 37.527 8.310
91 8 1 38.176 9.264 37.500 8.264
92 8 1 38.186 9.200 37.481 8.328
93 8 1 38.149 9.200 37.444 8.328
94 8 1 38.112 9.200 37.408 8.328
95 8 1 37.966 9.393 37.371 8.246
96 8 1 37.929 9.329 37.335 8.209
97 8 1 37.911 9.366 37.298 8.200
98 8 1 38.067 9.154 37.362 8.283
99 8 1 38.030 9.154 37.325 8.283
100 8 1 37.993 9.136 37.289 8.264
101 8 1 37.957 9.118 37.252 8.246
102 8 1 37.920 9.118 37.215 8.246
103 8 1 37.883 9.099 37.179 8.227
104 8 1 37.828 9.081 37.124 8.209
105 8 1 37.810 9.063 37.105 8.191
106 8 1 37.755 9.044 37.050 8.172
107 8 1 37.737 9.026 37.032 8.154
108 8 1 37.682 9.008 36.977 8.136
109 8 1 37.664 8.989 36.959 8.117
110 8 1 37.526 9.210 36.885 8.007
111 8 1 37.599 8.962 36.894 8.090
112 8 1 37.563 8.944 36.858 8.071
113 8 1 37.526 8.944 36.821 8.071
114 8 1 37.489 8.944 36.784 8.071
115 8 1 37.453 8.925 36.748 8.053
116 8 1 37.416 8.889 36.711 8.016
117 8 1 37.379 8.889 36.674 8.016
118 8 1 37.343 8.870 36.638 7.998
119 8 1 37.306 8.870 36.601 7.998
120 8 1 37.269 8.870 36.564 7.998
121 8 1 37.233 8.852 36.527 7.980
122 8 1 37.178 8.834 36.472 7.961
123 8 1 37.141 8.834 36.436 7.961
124 8 1 37.104 8.834 36.399 7.961
125 8 1 37.068 8.815 36.362 7.943
126 8 1 37.031 8.797 36.325 7.924
127 8 1 36.994 8.797 36.289 7.924
128 8 1 36.958 8.779 36.252 7.906
129 8 1 36.939 8.742 36.234 7.869
130 8 1 36.903 8.742 36.197 7.869
131 8 1 36.866 8.724 36.160 7.851
132 8 1 36.829 8.724 36.124 7.851
133 8 1 36.793 8.724 36.087 7.851
134 8 1 36.756 8.705 36.050 7.833
135 8 1 36.719 8.668 36.013 7.796
136 8 1 36.682 8.650 35.977 7.777
137 8 1 36.646 8.650 35.940 7.777
138 8 1 36.609 8.632 35.903 7.759
139 8 1 36.572 8.595 35.867 7.722
140 8 1 36.536 8.577 35.830 7.704
141 8 1 36.517 8.558 35.811 7.686
142 8 1 36.481 8.540 35.775 7.667
143 8 1 36.444 8.522 35.738 7.649
144 8 1 36.407 8.503 35.701 7.630
145 8 1 36.389 8.503 35.683 7.630
146 8 1 36.371 8.485 35.665 7.612
147 8 1 36.334 8.467 35.628 7.594
148 8 1 36.316 8.467 35.609 7.594
149 8 1 36.279 8.467 35.573 7.594
150 8 1 36.242 8.467 35.536 7.594
151 8 1 36.224 8.467 35.518 7.594
152 8 1 36.187 8.467 35.481 7.594
153 8 1 36.169 8.467 35.462 7.594
154 8 1 36.132 8.467 35.426 7.594
155 8 1 36.095 8.467 35.389 7.594
156 8 1 36.058 8.467 35.352 7.594
157 8 1 36.022 8.467 35.315 7.594
158 8 1 35.985 8.467 35.279 7.594
159 8 1 35.948 8.467 35.242 7.594
160 8 1 35.911 8.467 35.205 7.594
161 8 1 35.875 8.467 35.168 7.594
162 8 1 35.636 8.430 35.058 7.437
163 8 1 35.700 8.375 35.003 7.502
164 8 1 35.673 8.375 34.975 7.502
165 8 1 35.535 8.448 34.948 7.520
166 8 1 35.544 8.375 34.874 7.502
167 8 1 35.553 8.375 34.874 7.502
168 8 1 35.526 8.375 34.847 7.502
169 8 1 35.498 8.375 34.819 7.502
170 8 1 35.452 8.357 34.773 7.483
171 8 1 35.425 8.375 34.745 7.502
172 8 1 35.480 8.292 34.561 7.612
173 8 1 35.369 8.347 34.690 7.474
174 8 1 35.323 8.347 34.644 7.474
175 8 1 35.296 8.347 34.617 7.474
176 8 1 35.140 8.338 34.497 7.501
177 8 1 35.158 8.347 34.488 7.483
178 8 1 35.121 8.357 34.451 7.492
179 8 1 35.084 8.384 34.451 7.437
180 8 1 35.038 8.338 34.350 7.557
181 8 1 34.946 8.412 34.359 7.492
182 8 1 34.891 8.375 34.285 7.465
183 8 1 34.864 8.375 34.239 7.511
184 8 1 34.873 8.366 34.239 7.511
185 8 1 34.836 8.366 34.202 7.511
186 8 1 34.799 8.384 34.166 7.529
187 8 1 34.763 8.366 34.129 7.511
188 8 1 34.726 8.384 34.092 7.529
189 8 1 34.671 8.384 34.037 7.529
190 8 1 34.652 8.384 34.018 7.529
191 8 1 34.597 8.403 33.963 7.547
192 8 1 34.578 8.421 33.945 7.566
193 8 1 34.459 8.486 33.889 7.501
194 8 1 34.422 8.486 33.825 7.511
195 8 1 34.404 8.467 33.742 7.474
196 8 1 34.376 8.394 33.761 7.538
197 8 1 34.302 8.486 33.696 7.474
198 8 1 34.312 8.421 33.659 7.529
199 8 1 34.275 8.495 33.751 7.483
200 8 1 34.238 8.421 33.586 7.474
201 8 1 34.238 8.394 33.576 7.483
202 8 1 34.210 8.366 33.595 7.511
203 8 1 34.183 8.357 33.567 7.501
204 8 1 34.146 8.348 33.530 7.492
205 8 1 34.109 8.348 33.494 7.492
206 8 1 34.063 8.339 33.447 7.483
207 8 1 34.017 8.329 33.401 7.474
208 8 1 33.934 8.339 33.291 7.492
209 8 1 33.916 8.339 33.300 7.492
210 8 1 33.879 8.339 33.263 7.492
211 8 1 33.842 8.339 33.226 7.492
212 8 1 33.796 8.339 33.180 7.492
213 8 1 33.759 8.339 33.143 7.492
214 8 1 33.750 8.403 33.097 7.501
215 8 1 33.723 8.366 33.107 7.520
216 8 1 33.695 8.366 33.079 7.520
217 8 1 33.658 8.375 33.042 7.529
218 8 1 33.547 8.495 32.886 7.363
219 8 1 33.612 8.357 32.996 7.510
220 8 1 33.584 8.357 32.968 7.510
221 8 1 33.548 8.366 32.931 7.520
222 8 1 33.511 8.376 32.895 7.529
223 8 1 33.474 8.376 32.858 7.529
224 8 1 33.428 8.385 32.812 7.538
225 8 1 33.382 8.403 32.765 7.556
226 8 1 33.345 8.412 32.729 7.566
227 8 1 33.308 8.422 32.692 7.575
228 8 1 33.271 8.440 32.655 7.593
229 8 1 33.234 8.449 32.618 7.602
230 8 1 33.197 8.449 32.581 7.602
231 8 1 33.161 8.449 32.544 7.602
232 8 1 33.124 8.458 32.507 7.612
233 8 1 33.087 8.468 32.470 7.621
234 8 1 33.050 8.468 32.433 7.621
236 8 1 33.041 8.459 32.424 7.612
237 8 1 33.022 8.459 32.406 7.612
238 8 1 32.995 8.468 32.378 7.621
239 8 1 32.958 8.459 32.341 7.612
240 8 1 32.921 8.468 32.304 7.621
241 8 1 32.884 8.459 32.267 7.612
242 8 1 32.829 8.468 32.212 7.621
243 8 1 32.783 8.468 32.166 7.621
244 8 1 32.727 8.468 32.111 7.621
245 8 1 32.690 8.468 32.074 7.621
246 8 1 32.644 8.477 32.028 7.630
247 8 1 32.607 8.486 31.991 7.639
248 8 1 32.561 8.496 31.945 7.648
250 8 1 32.552 8.486 31.935 7.639
251 8 1 32.524 8.486 31.908 7.639
252 8 1 32.506 8.486 31.889 7.639
253 8 1 32.478 8.486 31.862 7.639
255 8 1 32.469 8.477 31.852 7.630
256 8 1 32.442 8.477 31.825 7.630
257 8 1 32.414 8.468 31.797 7.621
258 8 1 32.377 8.459 31.760 7.612
259 8 1 32.340 8.468 31.723 7.621
260 8 1 32.294 8.459 31.677 7.612
