0 0 1 37.168 17.539 36.304 16.516
1 0 1 37.130 17.568 36.051 16.654
2 0 1 37.092 17.531 35.946 16.647
3 0 1 37.049 17.257 36.235 16.366
4 0 1 37.135 17.302 36.262 16.299
5 0 1 37.058 17.257 36.234 16.328
6 0 1 37.058 17.257 36.234 16.328
7 0 1 37.057 17.228 36.234 16.299
8 0 1 37.047 17.172 36.289 16.232
9 0 1 37.012 17.334 35.930 16.278
10 0 1 36.993 17.325 35.968 16.296
11 0 1 37.102 17.095 36.335 16.155
12 0 1 36.932 17.136 36.345 16.192
13 0 1 36.932 17.099 36.345 16.154
14 0 1 37.032 16.869 36.332 16.013
15 0 1 37.050 16.840 36.312 15.918
16 0 1 36.984 16.851 36.369 15.917
17 0 1 36.974 16.813 36.358 15.879
18 0 1 36.982 16.756 36.367 15.822
19 0 1 36.982 16.728 36.366 15.794
20 0 1 36.952 16.681 36.337 15.747
21 0 1 36.942 16.634 36.326 15.700
22 0 1 36.960 16.586 36.345 15.652
23 0 1 36.931 16.539 36.315 15.605
24 0 1 36.939 16.492 36.324 15.558
25 0 1 36.938 16.444 36.323 15.510
26 0 1 36.926 16.786 36.159 15.381
27 0 1 36.946 16.368 36.216 15.399
28 0 1 36.927 16.350 36.244 15.341
29 0 1 36.870 16.361 36.245 15.398
30 0 1 36.861 16.370 36.235 15.408
31 0 1 36.850 16.314 36.225 15.351
32 0 1 36.849 16.238 36.223 15.276
33 0 1 36.868 16.237 36.242 15.275
34 0 1 36.876 16.161 36.250 15.199
35 0 1 36.967 15.951 36.179 14.926
36 0 1 36.881 15.924 36.246 14.962
37 0 1 36.880 15.886 36.245 14.924
38 0 1 36.879 15.839 36.244 14.877
39 0 1 36.897 15.772 36.262 14.810
40 0 1 36.877 15.716 36.242 14.754
41 0 1 36.895 15.659 36.260 14.696
42 0 1 36.894 15.602 36.259 14.640
43 0 1 36.911 15.526 36.276 14.563
44 0 1 36.929 15.468 36.294 14.506
45 0 1 36.928 15.393 36.293 14.430
46 0 1 36.945 15.335 36.311 14.373
47 0 1 36.963 15.278 36.328 14.316
48 0 1 36.962 15.202 36.327 14.240
49 0 1 36.961 15.145 36.326 14.183
50 0 1 36.959 15.070 36.324 14.107
51 0 1 36.958 14.994 36.323 14.031
52 0 1 36.975 14.918 36.340 13.955
53 0 1 36.993 14.841 36.358 13.879
54 0 1 36.972 14.766 36.338 13.803
55 0 1 36.990 14.690 36.355 13.727
56 0 1 36.988 14.595 36.353 13.632
57 0 1 36.987 14.519 36.352 13.557
58 0 1 37.004 14.443 36.369 13.480
59 0 1 37.022 14.367 36.387 13.404
60 0 1 37.191 14.325 36.286 13.615
61 0 1 37.172 14.278 36.315 13.614
62 0 1 37.112 14.147 36.360 13.481
63 0 1 37.130 14.061 36.318 13.292
64 0 1 37.129 14.052 36.363 13.177
65 0 1 37.054 14.072 36.420 13.157
66 0 1 37.052 13.968 36.418 13.053
67 0 1 37.069 13.882 36.435 12.967
68 0 1 37.087 13.797 36.453 12.881
69 0 1 37.084 13.673 36.450 12.758
70 0 1 37.062 13.484 36.301 12.382
71 0 1 37.003 13.400 36.369 12.485
72 0 1 37.172 13.283 36.233 12.298
73 0 1 37.019 13.248 36.385 12.333
74 0 1 37.017 13.144 36.383 12.229
75 0 1 37.148 13.047 36.339 11.907
76 0 1 37.051 12.944 36.417 12.029
77 0 1 37.049 12.840 36.415 11.924
78 0 1 37.066 12.735 36.432 11.820
79 0 1 37.222 12.457 36.381 11.631
80 0 1 37.109 12.507 36.476 11.601
81 0 1 37.126 12.412 36.493 11.506
82 0 1 37.125 12.336 36.491 11.430
83 0 1 37.142 12.241 36.508 11.335
84 0 1 37.140 12.127 36.506 11.221
85 0 1 37.157 12.013 36.523 11.107
86 0 1 37.170 11.738 36.424 10.900
87 0 1 37.114 11.777 36.481 10.880
88 0 1 37.113 11.692 36.479 10.795
89 0 1 37.130 11.587 36.496 10.690
90 0 1 37.128 11.502 36.494 10.605
91 0 1 37.126 11.417 36.493 10.520
92 0 1 37.143 11.312 36.510 10.415
93 0 1 37.197 11.150 36.411 10.199
94 0 1 37.121 11.123 36.487 10.226
95 0 1 37.119 11.038 36.486 10.140
96 0 1 37.117 10.914 36.483 10.017
97 0 1 37.115 10.829 36.482 9.932
98 0 1 37.207 10.676 36.362 9.659
99 0 1 37.214 10.524 36.333 9.631
100 0 1 37.090 10.526 36.457 9.629
101 0 1 37.089 10.441 36.455 9.544
102 0 1 37.087 10.337 36.453 9.439
103 0 1 37.231 10.438 36.401 9.175
104 0 1 37.229 10.353 36.408 9.061
105 0 1 37.131 10.156 36.497 9.258
106 0 1 37.129 10.070 36.495 9.173
107 0 1 37.224 10.078 36.376 8.872
108 0 1 37.117 9.929 36.483 9.031
109 0 1 37.115 9.824 36.481 8.927
110 0 1 37.132 9.739 36.499 8.841
111 0 1 37.149 9.653 36.516 8.755
112 0 1 37.166 9.548 36.533 8.651
113 0 1 37.171 9.311 36.449 8.245
114 0 1 37.150 9.179 36.466 8.140
115 0 1 37.120 9.113 36.487 8.216
116 0 1 37.118 9.009 36.485 8.111
117 0 1 37.116 8.905 36.483 8.007
118 0 1 37.096 8.820 36.462 7.922
119 0 1 37.075 8.716 36.441 7.818
120 0 1 37.054 8.631 36.420 7.733
121 0 1 37.033 8.546 36.400 7.648
122 0 1 37.013 8.461 36.379 7.563
124 0 1 37.003 8.452 36.370 7.554
125 0 1 37.092 8.156 36.350 7.052
126 0 1 37.145 7.947 36.369 7.013
127 0 1 37.123 7.757 36.423 6.889
128 0 1 37.085 7.768 36.451 6.879
129 0 1 37.074 7.682 36.440 6.794
130 0 1 37.063 7.607 36.429 6.718
131 0 1 37.052 7.522 36.418 6.633
132 0 1 37.041 7.437 36.407 6.548
133 0 1 37.030 7.361 36.396 6.472
134 0 1 37.019 7.285 36.385 6.397
135 0 1 37.008 7.210 36.374 6.321
136 0 1 36.988 7.144 36.354 6.255
137 0 1 36.977 7.068 36.343 6.179
138 0 1 36.966 7.002 36.332 6.113
139 0 1 36.946 6.926 36.312 6.038
140 0 1 36.935 6.860 36.301 5.972
141 0 1 36.924 6.794 36.291 5.905
142 0 1 36.923 6.718 36.289 5.829
143 0 1 36.921 6.652 36.288 5.763
144 0 1 36.911 6.586 36.277 5.697
145 0 1 36.909 6.510 36.276 5.621
146 0 1 36.898 6.444 36.265 5.555
147 0 1 36.888 6.378 36.254 5.489
148 0 1 37.003 6.432 36.130 5.463
149 0 1 36.878 6.387 36.245 5.498
150 0 1 36.868 6.321 36.234 5.432
151 0 1 36.867 6.264 36.233 5.375
152 0 1 36.865 6.207 36.232 5.318
154 0 1 36.856 6.198 36.222 5.309
155 0 1 36.855 6.151 36.221 5.262
156 0 1 36.854 6.094 36.220 5.205
157 0 1 36.843 6.037 36.210 5.148
158 0 1 36.842 5.980 36.209 5.091
159 0 1 36.831 5.914 36.198 5.025
160 0 1 36.821 5.857 36.187 4.968
161 0 1 36.810 5.791 36.176 4.902
162 0 1 36.799 5.725 36.166 4.836
163 0 1 36.779 5.669 36.146 4.779
164 0 1 36.769 5.621 36.135 4.732
165 0 1 36.749 5.574 36.115 4.685
167 0 1 36.739 5.565 36.106 4.676
168 0 1 36.732 5.186 36.031 4.250
169 0 1 36.694 5.168 36.060 4.278
170 0 1 36.683 5.120 36.050 4.231
171 0 1 36.682 5.073 36.049 4.184
172 0 1 36.672 5.016 36.038 4.127
173 0 1 36.662 4.969 36.028 4.080
174 0 1 36.651 4.912 36.017 4.023
175 0 1 36.640 4.856 36.007 3.966
176 0 1 36.630 4.799 35.996 3.909
177 0 1 36.629 4.751 35.995 3.862
178 0 1 36.628 4.695 35.994 3.805
179 0 1 36.617 4.647 35.984 3.758
180 0 1 36.626 4.590 35.992 3.701
181 0 1 36.634 4.533 36.001 3.644
182 0 1 36.643 4.486 36.009 3.596
183 0 1 36.651 4.438 36.018 3.549
184 0 1 36.650 4.391 36.017 3.501
185 0 1 36.650 4.343 36.016 3.454
186 0 1 36.639 4.296 36.005 3.406
187 0 1 36.638 4.249 36.005 3.359
188 0 1 36.628 4.192 35.994 3.302
189 0 1 36.617 4.145 35.984 3.255
190 0 1 36.607 4.088 35.973 3.198
191 0 1 36.587 4.041 35.953 3.151
192 0 1 36.576 3.994 35.943 3.104
193 0 1 36.566 3.946 35.932 3.057
194 0 1 36.556 3.899 35.922 3.010
195 0 1 36.555 3.852 35.921 2.962
196 0 1 36.545 3.814 35.911 2.924
197 0 1 36.534 3.767 35.900 2.877
198 0 1 36.524 3.729 35.890 2.839
199 0 1 36.523 3.682 35.889 2.792
200 0 1 36.513 3.634 35.879 2.745
201 0 1 36.512 3.597 35.878 2.707
202 0 1 36.511 3.549 35.877 2.659
203 0 1 36.510 3.502 35.876 2.612
204 0 1 36.509 3.454 35.875 2.564
205 0 1 36.508 3.407 35.875 2.517
206 0 1 36.507 3.360 35.874 2.470
207 0 1 36.506 3.312 35.873 2.422
208 0 1 36.506 3.274 35.872 2.384
209 0 1 36.514 3.227 35.881 2.337
210 0 1 36.513 3.179 35.880 2.289
211 0 1 36.522 3.132 35.888 2.242
212 0 1 36.531 3.094 35.897 2.204
213 0 1 36.539 3.046 35.906 2.156
214 0 1 36.548 3.008 35.914 2.118
215 0 1 36.547 2.960 35.913 2.070
216 0 1 36.546 2.923 35.913 2.033
217 0 1 36.546 2.875 35.912 1.985
218 0 1 36.545 2.837 35.911 1.947
219 0 1 36.544 2.799 35.910 1.909
220 0 1 36.543 2.752 35.909 1.862
221 0 1 36.533 2.705 35.899 1.815
222 0 1 36.532 2.667 35.898 1.777
223 0 1 36.522 2.619 35.888 1.729
224 0 1 36.511 2.582 35.878 1.692
225 0 1 36.511 2.544 35.877 1.654
226 0 1 36.501 2.506 35.867 1.616
227 0 1 36.500 2.468 35.866 1.578
228 0 1 36.490 2.430 35.856 1.540
229 0 1 36.489 2.392 35.855 1.502
230 0 1 36.479 2.355 35.845 1.464
231 0 1 36.478 2.317 35.844 1.427
232 0 1 36.477 2.279 35.843 1.389
233 0 1 36.477 2.250 35.843 1.360
234 0 1 36.476 2.212 35.842 1.322
235 0 1 36.475 2.174 35.841 1.284
236 0 1 36.475 2.146 35.841 1.256
237 0 1 36.474 2.108 35.840 1.218
238 0 1 36.473 2.070 35.839 1.180
239 0 1 36.472 2.032 35.839 1.142
240 0 1 36.472 1.994 35.838 1.104
241 0 1 36.471 1.956 35.837 1.066
242 0 1 36.470 1.928 35.837 1.038
0 1 1 36.442 17.745 35.722 16.813
1 1 1 36.461 17.773 35.712 16.804
2 1 1 36.432 17.745 35.778 16.774
3 1 1 36.475 17.536 35.796 16.736
4 1 1 36.485 17.526 35.758 16.756
5 1 1 36.456 17.536 35.778 16.784
6 1 1 36.457 17.545 35.778 16.774
7 1 1 36.466 17.517 35.787 16.745
8 1 1 36.492 17.431 35.815 16.726
9 1 1 36.493 17.450 35.814 16.697
10 1 1 36.397 17.424 35.918 16.667
11 1 1 36.492 17.393 35.867 16.497
12 1 1 36.386 17.339 35.963 16.561
13 1 1 36.395 17.300 35.972 16.523
14 1 1 36.508 17.241 35.864 16.336
15 1 1 36.536 17.240 35.893 16.335
16 1 1 36.450 17.185 35.979 16.381
17 1 1 36.478 17.185 36.007 16.380
18 1 1 36.458 17.128 35.987 16.324
19 1 1 36.448 17.091 35.977 16.286
20 1 1 36.447 17.062 35.977 16.258
21 1 1 36.457 17.043 35.986 16.238
22 1 1 36.456 17.024 35.985 16.219
23 1 1 36.465 17.005 35.995 16.200
24 1 1 36.484 16.986 36.013 16.181
25 1 1 36.483 16.957 36.013 16.152
26 1 1 36.492 16.919 36.021 16.114
27 1 1 36.634 16.878 35.934 15.993
28 1 1 36.614 16.850 35.934 15.993
29 1 1 36.537 16.814 36.029 16.000
30 1 1 36.537 16.795 36.028 15.981
31 1 1 36.546 16.766 36.037 15.953
32 1 1 36.555 16.756 36.047 15.943
33 1 1 36.573 16.699 36.064 15.886
34 1 1 36.582 16.670 36.073 15.857
35 1 1 36.641 16.764 35.989 15.888
36 1 1 36.574 16.728 36.055 15.914
37 1 1 36.583 16.699 36.064 15.886
38 1 1 36.582 16.670 36.064 15.857
39 1 1 36.582 16.642 36.063 15.829
40 1 1 36.591 16.613 36.072 15.800
41 1 1 36.590 16.585 36.072 15.772
42 1 1 36.580 16.557 36.062 15.744
43 1 1 36.579 16.519 36.061 15.706
44 1 1 36.569 16.491 36.051 15.678
45 1 1 36.569 16.453 36.050 15.640
46 1 1 36.558 16.425 36.040 15.611
48 1 1 36.549 16.415 36.030 15.602
49 1 1 36.548 16.377 36.030 15.564
50 1 1 36.538 16.340 36.020 15.527
51 1 1 36.528 16.302 36.009 15.489
52 1 1 36.517 16.255 35.999 15.442
53 1 1 36.516 16.207 35.998 15.394
54 1 1 36.619 16.139 35.889 15.150
55 1 1 36.513 16.056 35.995 15.243
56 1 1 36.513 16.018 35.994 15.205
57 1 1 36.512 15.980 35.994 15.167
58 1 1 36.511 15.952 35.993 15.138
59 1 1 36.511 15.923 35.993 15.110
60 1 1 36.510 15.885 35.992 15.072
61 1 1 36.510 15.857 35.991 15.044
62 1 1 36.509 15.828 35.991 15.015
63 1 1 36.509 15.800 35.990 14.987
64 1 1 36.572 15.656 35.844 14.800
65 1 1 36.572 15.666 35.843 14.743
66 1 1 36.562 15.619 35.794 14.669
67 1 1 36.571 15.581 35.823 14.668
68 1 1 36.618 15.589 35.813 14.659
69 1 1 36.609 15.599 35.839 14.525
70 1 1 36.608 15.551 35.859 14.563
71 1 1 36.647 15.579 35.897 14.572
72 1 1 36.607 15.513 35.896 14.515
73 1 1 36.608 15.523 35.894 14.429
74 1 1 36.510 15.383 35.992 14.570
75 1 1 36.509 15.345 35.991 14.532
76 1 1 36.614 15.352 35.929 14.267
77 1 1 36.603 15.286 35.921 14.334
78 1 1 36.601 15.191 35.884 14.401
79 1 1 36.628 15.124 35.879 14.155
80 1 1 36.627 15.067 35.879 14.117
81 1 1 36.636 15.020 35.907 14.126
82 1 1 36.635 14.963 35.897 14.097
83 1 1 36.615 14.916 35.915 14.021
84 1 1 36.634 14.944 35.923 13.964
85 1 1 36.661 14.868 35.913 13.936
86 1 1 36.652 14.896 35.922 13.879
87 1 1 36.679 14.820 35.903 13.898
88 1 1 36.622 14.812 35.825 13.786
89 1 1 36.669 14.763 35.883 13.832
90 1 1 36.650 14.764 35.911 13.803
91 1 1 36.613 14.793 35.920 13.775
92 1 1 36.603 14.765 35.919 13.765
93 1 1 36.602 14.746 35.920 13.775
94 1 1 36.620 14.688 35.908 13.689
95 1 1 36.609 14.622 35.899 13.680
96 1 1 36.625 14.470 35.850 13.624
97 1 1 36.587 14.452 35.831 13.634
98 1 1 36.587 14.424 35.832 13.644
99 1 1 36.463 14.436 35.945 13.641
100 1 1 36.463 14.398 35.945 13.603
101 1 1 36.462 14.370 35.944 13.575
102 1 1 36.461 14.332 35.943 13.537
103 1 1 36.461 14.294 35.943 13.499
104 1 1 36.460 14.256 35.942 13.461
105 1 1 36.469 14.218 35.951 13.423
106 1 1 36.468 14.180 35.950 13.385
107 1 1 36.477 14.142 35.959 13.347
108 1 1 36.476 14.104 35.958 13.309
109 1 1 36.485 14.056 35.967 13.262
110 1 1 36.493 14.009 35.975 13.214
111 1 1 36.493 13.971 35.974 13.176
112 1 1 36.501 13.923 35.983 13.128
113 1 1 36.500 13.876 35.982 13.081
114 1 1 36.509 13.828 35.991 13.033
115 1 1 36.508 13.781 35.990 12.986
116 1 1 36.508 13.771 35.990 12.986
118 1 1 36.498 13.762 35.980 12.977
119 1 1 36.497 13.734 35.980 12.948
120 1 1 36.497 13.705 35.979 12.920
121 1 1 36.496 13.658 35.978 12.872
122 1 1 36.495 13.620 35.977 12.835
123 1 1 36.495 13.582 35.977 12.797
124 1 1 36.484 13.544 35.966 12.759
125 1 1 36.484 13.506 35.966 12.721
126 1 1 36.483 13.468 35.965 12.683
127 1 1 36.472 13.421 35.955 12.636
128 1 1 36.472 13.374 35.954 12.589
129 1 1 36.461 13.336 35.944 12.551
130 1 1 36.460 13.289 35.943 12.503
131 1 1 36.450 13.232 35.932 12.447
133 1 1 36.440 13.223 35.922 12.437
134 1 1 36.543 13.126 35.775 12.194
135 1 1 36.418 13.053 35.900 12.267
136 1 1 36.528 12.861 35.794 12.175
137 1 1 36.545 12.766 35.784 12.127
138 1 1 36.423 12.835 35.906 12.068
139 1 1 36.423 12.797 35.905 12.030
140 1 1 36.431 12.759 35.914 11.992
141 1 1 36.431 12.721 35.913 11.954
142 1 1 36.430 12.692 35.913 11.926
143 1 1 36.429 12.645 35.912 11.878
144 1 1 36.438 12.607 35.920 11.840
145 1 1 36.437 12.569 35.920 11.802
146 1 1 36.446 12.521 35.928 11.755
147 1 1 36.445 12.474 35.927 11.707
148 1 1 36.454 12.436 35.936 11.669
149 1 1 36.462 12.388 35.945 11.621
150 1 1 36.471 12.331 35.953 11.564
151 1 1 36.470 12.293 35.952 11.526
152 1 1 36.478 12.246 35.961 11.479
153 1 1 36.575 12.310 35.942 11.460
154 1 1 36.562 12.149 35.922 11.451
155 1 1 36.590 12.110 35.920 11.318
156 1 1 36.635 11.996 35.919 11.271
157 1 1 36.682 11.966 35.919 11.252
158 1 1 36.643 11.948 35.909 11.243
159 1 1 36.605 11.920 35.916 11.138
160 1 1 36.567 11.912 35.897 11.091
161 1 1 36.604 11.892 35.886 11.016
162 1 1 36.585 11.883 35.884 10.911
163 1 1 36.623 11.863 35.922 10.958
164 1 1 36.613 11.826 35.902 10.873
165 1 1 36.613 11.826 35.909 10.769
166 1 1 36.631 11.787 35.937 10.721
167 1 1 36.631 11.806 35.955 10.673
168 1 1 36.640 11.749 35.937 10.711
169 1 1 36.658 11.711 35.918 10.740
170 1 1 36.619 11.664 35.907 10.655
171 1 1 36.646 11.607 35.927 10.702
172 1 1 36.626 11.522 35.926 10.645
173 1 1 36.642 11.360 35.954 10.597
174 1 1 36.640 11.275 35.894 10.484
175 1 1 36.639 11.209 35.894 10.465
176 1 1 36.657 11.151 35.885 10.504
177 1 1 36.619 11.162 35.848 10.514
178 1 1 36.619 11.171 35.912 10.408
179 1 1 36.514 11.145 35.998 10.435
180 1 1 36.514 11.107 35.997 10.397
181 1 1 36.522 11.059 36.006 10.349
182 1 1 36.521 11.012 36.005 10.302
183 1 1 36.530 10.964 36.013 10.254
184 1 1 36.538 10.917 36.022 10.207
185 1 1 36.694 11.103 36.081 9.826
186 1 1 36.701 10.999 36.045 9.931
187 1 1 36.747 10.932 36.016 9.922
188 1 1 36.784 10.864 36.017 9.932
189 1 1 36.783 10.817 36.045 9.912
190 1 1 36.800 10.703 36.052 9.817
191 1 1 36.777 10.523 36.042 9.761
192 1 1 36.812 10.361 36.003 9.705
193 1 1 36.794 10.390 35.964 9.648
194 1 1 36.831 10.370 35.963 9.582
195 1 1 36.840 10.332 35.979 9.430
196 1 1 36.811 10.314 35.952 9.535
197 1 1 36.830 10.295 35.978 9.383
198 1 1 36.792 10.276 35.987 9.354
199 1 1 36.811 10.286 36.014 9.287
200 1 1 36.810 10.229 36.069 9.191
201 1 1 36.810 10.257 36.068 9.153
202 1 1 36.810 10.238 36.067 9.115
203 1 1 36.781 10.220 36.029 9.107
204 1 1 36.772 10.220 36.000 9.088
205 1 1 36.732 10.116 35.944 9.089
206 1 1 36.596 9.958 36.080 9.257
207 1 1 36.595 9.901 36.079 9.200
208 1 1 36.717 9.851 35.997 8.908
209 1 1 36.685 9.662 35.921 8.900
210 1 1 36.693 9.605 35.930 8.900
211 1 1 36.570 9.598 36.054 8.897
212 1 1 36.569 9.560 36.053 8.859
213 1 1 36.568 9.513 36.052 8.812
214 1 1 36.577 9.475 36.061 8.774
215 1 1 36.576 9.427 36.060 8.727
216 1 1 36.575 9.380 36.059 8.679
217 1 1 36.584 9.332 36.068 8.632
218 1 1 36.682 9.482 35.960 8.454
219 1 1 36.574 9.314 36.058 8.613
220 1 1 36.573 9.266 36.057 8.565
221 1 1 36.582 9.209 36.065 8.508
222 1 1 36.580 9.152 36.064 8.451
223 1 1 36.743 9.244 35.984 8.206
224 1 1 36.617 9.076 36.101 8.375
225 1 1 36.625 9.028 36.109 8.327
226 1 1 36.625 8.981 36.108 8.280
227 1 1 36.624 8.933 36.107 8.232
229 1 1 36.614 8.924 36.098 8.223
230 1 1 36.614 8.905 36.097 8.204
232 1 1 36.604 8.896 36.088 8.195
233 1 1 36.604 8.886 36.088 8.185
234 1 1 36.712 8.600 36.069 7.702
235 1 1 36.644 8.506 36.128 7.805
236 1 1 36.643 8.459 36.127 7.758
237 1 1 36.632 8.402 36.116 7.701
238 1 1 36.631 8.345 36.115 7.644
239 1 1 36.630 8.289 36.114 7.587
240 1 1 36.629 8.232 36.113 7.531
241 1 1 36.628 8.175 36.112 7.474
242 1 1 36.618 8.137 36.102 7.436
0 2 1 37.100 19.426 36.305 18.525
1 2 1 37.100 19.445 36.295 18.535
2 2 1 37.100 19.445 36.295 18.535
3 2 1 37.099 19.416 36.295 18.507
4 2 1 37.099 19.407 36.295 18.497
5 2 1 37.077 19.246 36.282 18.346
6 2 1 37.124 19.226 36.302 18.393
7 2 1 37.114 19.208 36.302 18.402
8 2 1 37.095 19.208 36.318 18.250
9 2 1 37.066 19.180 36.290 18.241
10 2 1 37.096 19.227 36.288 18.137
11 2 1 37.075 19.123 36.299 18.232
12 2 1 37.113 19.151 36.280 18.242
13 2 1 37.074 19.095 36.287 18.080
14 2 1 37.074 19.066 36.314 18.004
15 2 1 37.120 18.990 36.323 17.994
16 2 1 37.070 18.877 36.314 18.004
17 2 1 37.166 18.932 36.313 17.947
18 2 1 37.156 18.903 36.331 17.937
19 2 1 37.136 18.866 36.331 17.918
20 2 1 37.126 18.838 36.349 17.851
21 2 1 37.107 18.829 36.358 17.823
22 2 1 37.135 18.809 36.329 17.795
23 2 1 37.135 18.809 36.309 17.767
24 2 1 37.153 18.761 36.318 17.757
25 2 1 37.143 18.724 36.318 17.757
26 2 1 37.142 18.657 36.319 17.776
27 2 1 37.132 18.658 36.327 17.691
28 2 1 37.131 18.610 36.317 17.681
29 2 1 37.140 18.572 36.326 17.662
30 2 1 37.111 18.563 36.336 17.662
31 2 1 37.158 18.515 36.324 17.577
32 2 1 37.185 18.457 36.343 17.539
33 2 1 37.185 18.429 36.352 17.529
34 2 1 37.204 18.447 36.368 17.386
35 2 1 37.069 18.327 36.341 17.472
36 2 1 37.175 18.410 36.369 17.443
37 2 1 37.174 18.382 36.332 17.463
38 2 1 37.183 18.363 36.332 17.472
39 2 1 37.193 18.353 36.351 17.482
40 2 1 37.182 18.287 36.303 17.445
41 2 1 37.190 18.230 36.330 17.387
42 2 1 37.171 18.183 36.330 17.378
43 2 1 37.151 18.155 36.347 17.245
44 2 1 37.122 18.127 36.366 17.273
45 2 1 37.131 18.099 36.375 17.244
46 2 1 37.121 18.070 36.365 17.216
47 2 1 37.178 18.088 36.353 17.093
48 2 1 37.168 18.069 36.353 17.083
49 2 1 37.168 18.041 36.334 17.065
50 2 1 37.149 18.022 36.333 17.055
51 2 1 37.138 17.994 36.332 16.989
52 2 1 37.137 17.928 36.331 16.932
53 2 1 37.146 17.871 36.349 16.865
54 2 1 37.145 17.861 36.332 16.998
55 2 1 37.117 17.852 36.361 16.998
56 2 1 37.106 17.796 36.350 16.941
57 2 1 37.105 17.720 36.348 16.837
58 2 1 37.095 17.701 36.339 16.847
59 2 1 37.075 17.654 36.348 16.809
60 2 1 37.111 17.568 36.348 16.799
61 2 1 37.129 17.502 36.328 16.771
62 2 1 37.157 17.482 36.337 16.761
63 2 1 37.111 17.530 36.365 16.713
64 2 1 37.110 17.502 36.364 16.685
65 2 1 37.659 15.007 36.914 14.189
66 2 1 37.174 17.387 36.318 16.724
67 2 1 37.164 17.340 36.334 16.600
68 2 1 36.678 18.232 35.933 17.444
69 2 1 37.181 17.254 36.303 16.449
70 2 1 37.152 17.198 36.301 16.336
71 2 1 37.496 16.877 36.751 16.098
72 2 1 37.093 17.123 36.348 16.344
73 2 1 37.152 17.188 36.299 16.222
74 2 1 37.170 17.188 36.308 16.203
75 2 1 37.178 17.112 36.298 16.184
76 2 1 37.178 17.093 36.316 16.155
77 2 1 37.178 17.074 36.316 16.155
78 2 1 37.195 16.988 36.326 16.155
79 2 1 37.175 16.922 36.315 16.089
80 2 1 37.183 16.875 36.315 16.089
81 2 1 37.164 16.828 36.323 16.032
82 2 1 37.172 16.790 36.295 16.042
83 2 1 37.182 16.780 36.332 16.003
84 2 1 37.181 16.761 36.351 15.993
85 2 1 37.134 16.762 36.389 15.992
86 2 1 37.133 16.734 36.388 15.964
87 2 1 37.132 16.686 36.388 15.917
88 2 1 37.132 16.649 36.387 15.879
89 2 1 37.131 16.620 36.386 15.850
90 2 1 37.130 16.573 36.385 15.803
91 2 1 37.130 16.554 36.385 15.784
92 2 1 37.110 16.497 36.365 15.727
93 2 1 37.148 16.487 36.389 15.518
94 2 1 37.136 16.393 36.391 15.623
95 2 1 37.136 16.355 36.391 15.585
96 2 1 37.147 16.459 36.386 15.348
97 2 1 37.134 16.288 36.389 15.518
98 2 1 37.182 16.306 36.322 15.491
99 2 1 37.125 16.279 36.380 15.509
100 2 1 37.124 16.260 36.379 15.490
101 2 1 37.132 16.175 36.282 15.341
102 2 1 37.112 16.137 36.275 15.473
103 2 1 37.066 16.186 36.321 15.425
104 2 1 37.157 16.003 36.280 15.265
105 2 1 37.147 15.975 36.288 15.198
106 2 1 37.167 16.013 36.305 15.084
107 2 1 37.128 15.976 36.285 14.999
108 2 1 37.118 15.919 36.293 14.952
109 2 1 37.164 15.880 36.312 14.970
110 2 1 37.164 15.852 36.302 14.923
111 2 1 37.154 15.842 36.321 14.904
112 2 1 37.163 15.833 36.331 14.960
113 2 1 37.143 15.776 36.340 14.922
114 2 1 37.152 15.729 36.340 14.903
115 2 1 37.151 15.691 36.331 14.932
116 2 1 37.132 15.663 36.340 14.932
117 2 1 37.148 15.539 36.338 14.837
118 2 1 37.111 15.559 36.367 14.827
119 2 1 37.110 15.531 36.366 14.798
120 2 1 37.110 15.493 36.365 14.760
121 2 1 37.109 15.464 36.365 14.732
122 2 1 37.099 15.436 36.355 14.704
123 2 1 37.098 15.398 36.354 14.666
124 2 1 37.098 15.360 36.353 14.628
125 2 1 37.097 15.322 36.353 14.590
126 2 1 37.096 15.294 36.352 14.562
127 2 1 37.086 15.256 36.342 14.524
128 2 1 37.085 15.218 36.341 14.486
129 2 1 37.075 15.181 36.331 14.448
130 2 1 37.065 15.134 36.321 14.401
131 2 1 37.064 15.096 36.320 14.363
132 2 1 37.054 15.058 36.310 14.326
133 2 1 37.053 15.030 36.309 14.297
134 2 1 37.043 14.992 36.299 14.259
135 2 1 37.042 14.954 36.298 14.221
136 2 1 37.042 14.926 36.298 14.193
137 2 1 37.041 14.888 36.297 14.155
138 2 1 37.010 14.765 36.266 14.023
139 2 1 37.038 14.736 36.256 14.023
140 2 1 37.010 14.746 36.266 14.023
141 2 1 37.067 14.773 36.254 13.910
142 2 1 37.094 14.697 36.234 13.844
143 2 1 37.027 14.642 36.192 13.636
144 2 1 36.977 14.500 36.233 13.777
145 2 1 37.054 14.594 36.230 13.635
146 2 1 37.035 14.575 36.265 13.492
147 2 1 37.044 14.565 36.265 13.502
148 2 1 37.044 14.565 36.274 13.473
149 2 1 37.062 14.489 36.266 13.530
150 2 1 37.042 14.442 36.257 13.549
151 2 1 37.041 14.385 36.238 13.569
152 2 1 37.059 14.338 36.239 13.625
153 2 1 37.077 14.280 36.249 13.635
154 2 1 37.048 14.271 36.237 13.512
155 2 1 37.000 14.244 36.237 13.483
156 2 1 36.962 14.207 36.227 13.493
157 2 1 36.971 14.178 36.237 13.493
158 2 1 36.950 14.065 36.199 13.503
159 2 1 36.948 13.980 36.215 13.370
160 2 1 36.985 13.960 36.250 13.217
161 2 1 37.024 13.997 36.228 13.057
162 2 1 36.984 13.865 36.250 13.189
163 2 1 36.973 13.828 36.240 13.151
164 2 1 36.973 13.790 36.239 13.113
165 2 1 36.962 13.742 36.229 13.066
166 2 1 36.952 13.705 36.218 13.029
167 2 1 36.951 13.667 36.218 12.991
168 2 1 36.906 13.772 36.179 12.972
169 2 1 36.896 13.763 36.177 12.840
170 2 1 36.894 13.640 36.179 12.963
171 2 1 36.893 13.602 36.178 12.925
172 2 1 36.892 13.564 36.178 12.887
173 2 1 36.787 13.509 36.101 12.860
174 2 1 36.806 13.518 36.101 12.851
175 2 1 36.806 13.480 36.100 12.813
176 2 1 36.805 13.443 36.100 12.775
177 2 1 36.804 13.405 36.099 12.737
178 2 1 36.803 13.367 36.098 12.699
179 2 1 36.907 13.317 36.128 12.291
180 2 1 36.856 13.148 36.151 12.480
181 2 1 36.855 13.100 36.150 12.433
182 2 1 36.855 13.072 36.149 12.404
183 2 1 36.863 13.015 36.158 12.347
184 2 1 36.862 12.967 36.157 12.300
185 2 1 36.862 12.939 36.156 12.271
186 2 1 36.861 12.892 36.155 12.224
187 2 1 36.860 12.863 36.155 12.195
188 2 1 36.869 12.816 36.164 12.148
189 2 1 36.868 12.787 36.163 12.119
190 2 1 36.867 12.740 36.162 12.072
191 2 1 36.867 12.711 36.162 12.044
192 2 1 36.878 12.796 36.151 11.987
193 2 1 36.857 12.721 36.152 12.053
194 2 1 36.857 12.683 36.151 12.015
195 2 1 36.856 12.645 36.151 11.977
196 2 1 36.855 12.598 36.150 11.930
197 2 1 36.854 12.550 36.149 11.883
198 2 1 36.853 12.513 36.148 11.845
199 2 1 36.865 12.607 36.200 11.578
200 2 1 36.865 12.598 36.199 11.512
201 2 1 36.855 12.588 36.198 11.493
202 2 1 36.860 12.370 36.183 11.702
203 2 1 36.859 12.332 36.183 11.664
204 2 1 36.859 12.294 36.182 11.626
205 2 1 36.829 12.219 36.132 11.504
206 2 1 36.827 12.143 36.148 11.342
207 2 1 36.827 12.143 36.164 11.209
208 2 1 36.845 12.086 36.146 11.228
209 2 1 36.892 12.047 36.175 11.237
210 2 1 36.921 12.066 36.183 11.171
211 2 1 36.881 11.953 36.213 11.284
212 2 1 36.889 11.915 36.222 11.246
213 2 1 36.883 12.095 36.205 10.848
214 2 1 36.892 12.057 36.207 10.933
215 2 1 36.901 12.009 36.197 10.924
216 2 1 36.947 11.961 36.207 10.933
217 2 1 36.918 11.904 36.233 10.847
218 2 1 36.917 11.848 36.224 10.866
219 2 1 36.924 11.762 36.196 10.848
220 2 1 36.941 11.620 36.177 10.867
221 2 1 36.892 11.583 36.177 10.848
222 2 1 36.863 11.545 36.196 10.877
223 2 1 36.863 11.517 36.194 10.744
224 2 1 36.880 11.441 36.193 10.725
225 2 1 36.880 11.412 36.182 10.649
226 2 1 36.936 11.392 36.217 10.497
227 2 1 36.945 11.345 36.207 10.450
228 2 1 36.936 11.373 36.244 10.392
229 2 1 36.926 11.364 36.196 10.364
230 2 1 36.860 11.365 36.176 10.336
231 2 1 36.860 11.384 36.194 10.289
232 2 1 36.916 11.336 36.147 10.309
233 2 1 36.915 11.288 36.165 10.251
234 2 1 36.884 11.156 36.137 10.271
235 2 1 36.883 11.071 36.165 10.242
236 2 1 36.871 10.976 36.155 10.214
237 2 1 36.861 10.920 36.145 10.166
238 2 1 36.831 10.873 36.164 10.204
239 2 1 36.831 10.835 36.163 10.166
240 2 1 36.830 10.797 36.163 10.128
241 2 1 36.829 10.750 36.162 10.081
242 2 1 36.838 10.721 36.171 10.052
0 3 1 38.614 17.392 37.783 16.520
1 3 1 38.595 17.354 37.806 16.737
2 3 1 38.604 17.344 37.802 16.520
3 3 1 38.594 17.297 37.803 16.586
4 3 1 38.584 17.260 37.793 16.548
5 3 1 38.556 17.289 37.779 16.302
6 3 1 38.554 17.194 37.772 16.407
7 3 1 38.553 17.156 37.771 16.369
8 3 1 38.553 17.137 37.770 16.350
9 3 1 38.584 17.297 37.779 16.312
10 3 1 38.564 17.213 37.781 16.387
11 3 1 38.563 17.156 37.780 16.331
12 3 1 38.544 17.156 37.761 16.331
13 3 1 38.543 17.137 37.760 16.312
14 3 1 38.551 17.061 37.768 16.236
15 3 1 38.542 17.062 37.759 16.236
16 3 1 38.541 17.024 37.758 16.198
17 3 1 38.549 16.948 37.766 16.122
18 3 1 38.540 16.948 37.757 16.123
19 3 1 38.539 16.910 37.756 16.085
20 3 1 38.530 16.910 37.746 16.085
21 3 1 38.538 16.834 37.754 16.009
22 3 1 38.518 16.797 37.735 15.972
23 3 1 38.517 16.740 37.734 15.915
24 3 1 38.516 16.721 37.733 15.896
25 3 1 38.496 16.665 37.713 15.839
26 3 1 38.496 16.627 37.713 15.801
27 3 1 38.495 16.589 37.712 15.764
28 3 1 38.475 16.552 37.692 15.726
29 3 1 38.475 16.514 37.691 15.688
30 3 1 38.474 16.476 37.691 15.650
31 3 1 38.473 16.438 37.690 15.612
32 3 1 38.472 16.400 37.689 15.575
33 3 1 38.472 16.362 37.689 15.537
34 3 1 38.582 16.170 37.742 15.355
35 3 1 38.563 16.161 37.692 15.224
36 3 1 38.524 16.105 37.731 15.280
37 3 1 38.571 16.104 37.711 15.223
38 3 1 38.541 16.001 37.701 15.176
39 3 1 38.531 15.982 37.673 15.205
40 3 1 38.530 15.944 37.682 15.186
41 3 1 38.502 15.973 37.660 15.054
42 3 1 38.501 15.926 37.699 15.110
43 3 1 38.493 15.983 37.651 15.035
44 3 1 38.558 15.906 37.689 15.072
45 3 1 38.595 15.876 37.718 15.091
46 3 1 38.556 15.811 37.670 15.054
47 3 1 38.583 15.754 37.688 15.025
48 3 1 38.573 15.735 37.669 15.016
49 3 1 38.590 15.640 37.705 14.920
50 3 1 38.589 15.554 37.712 14.797
51 3 1 38.542 15.556 37.750 14.796
52 3 1 38.550 15.508 37.759 14.749
53 3 1 38.578 15.460 37.786 14.701
54 3 1 38.568 15.432 37.776 14.672
55 3 1 38.576 15.365 37.784 14.606
56 3 1 38.585 15.337 37.793 14.577
57 3 1 38.593 15.270 37.802 14.511
58 3 1 38.601 15.223 37.810 14.463
59 3 1 38.610 15.156 37.818 14.397
60 3 1 38.618 15.109 37.827 14.349
61 3 1 38.626 15.042 37.835 14.283
62 3 1 38.635 14.976 37.843 14.216
63 3 1 38.643 14.909 37.852 14.150
64 3 1 38.632 14.843 37.841 14.084
65 3 1 38.606 14.957 37.865 13.846
66 3 1 38.622 14.786 37.840 14.017
67 3 1 38.620 14.711 37.838 13.941
68 3 1 38.602 14.749 37.799 13.885
69 3 1 38.591 14.692 37.809 13.923
70 3 1 38.609 14.616 37.827 13.847
71 3 1 38.627 14.559 37.845 13.790
72 3 1 38.625 14.483 37.843 13.714
73 3 1 38.642 14.388 37.860 13.619
74 3 1 38.660 14.312 37.878 13.543
75 3 1 38.677 14.236 37.895 13.466
76 3 1 38.694 14.141 37.912 13.371
77 3 1 38.712 14.065 37.930 13.295
78 3 1 38.710 13.970 37.928 13.200
79 3 1 38.728 13.894 37.946 13.124
80 3 1 38.764 13.817 37.982 13.048
81 3 1 38.782 13.741 38.000 12.971
82 3 1 38.780 13.665 37.998 12.896
83 3 1 38.798 13.589 38.016 12.819
84 3 1 38.815 13.513 38.033 12.743
85 3 1 38.832 13.418 38.050 12.648
86 3 1 38.850 13.342 38.068 12.572
87 3 1 38.848 13.247 38.066 12.477
88 3 1 38.865 13.171 38.083 12.401
89 3 1 38.863 13.076 38.082 12.306
90 3 1 38.881 13.019 38.099 12.249
91 3 1 38.899 12.943 38.117 12.173
92 3 1 38.897 12.867 38.116 12.097
93 3 1 38.915 12.791 38.133 12.021
94 3 1 38.933 12.734 38.151 11.964
95 3 1 38.951 12.676 38.169 11.907
96 3 1 38.949 12.620 38.168 11.850
97 3 1 38.967 12.543 38.185 11.774
98 3 1 38.966 12.487 38.184 11.717
99 3 1 38.984 12.429 38.202 11.659
100 3 1 39.001 12.353 38.219 11.583
101 3 1 39.000 12.296 38.218 11.526
102 3 1 39.018 12.239 38.236 11.469
103 3 1 39.035 12.163 38.254 11.393
104 3 1 39.053 12.106 38.271 11.336
105 3 1 39.052 12.049 38.270 11.279
106 3 1 39.070 11.992 38.288 11.222
107 3 1 39.088 11.935 38.306 11.165
108 3 1 39.150 11.696 38.300 10.871
109 3 1 39.111 11.678 38.330 10.908
110 3 1 39.110 11.622 38.329 10.851
111 3 1 39.109 11.546 38.327 10.776
112 3 1 39.107 11.470 38.326 10.700
113 3 1 39.125 11.413 38.343 10.643
114 3 1 39.105 11.356 38.323 10.586
115 3 1 39.104 11.281 38.322 10.510
116 3 1 39.103 11.224 38.321 10.454
117 3 1 39.102 11.186 38.320 10.416
118 3 1 39.101 11.129 38.319 10.359
119 3 1 39.099 11.053 38.318 10.283
120 3 1 39.098 10.997 38.317 10.226
121 3 1 39.098 10.959 38.316 10.188
122 3 1 39.115 10.901 38.334 10.131
123 3 1 39.095 10.845 38.314 10.075
124 3 1 39.114 10.807 38.332 10.036
125 3 1 39.094 10.750 38.312 9.980
126 3 1 39.111 10.674 38.329 9.904
127 3 1 39.091 10.618 38.309 9.847
128 3 1 39.109 10.580 38.328 9.809
129 3 1 39.108 10.523 38.326 9.752
130 3 1 39.167 10.626 38.332 9.544
131 3 1 39.136 10.465 38.354 9.685
132 3 1 39.135 10.418 38.353 9.638
133 3 1 39.134 10.371 38.352 9.591
134 3 1 39.133 10.323 38.351 9.543
135 3 1 39.151 10.276 38.369 9.496
136 3 1 39.150 10.209 38.368 9.429
137 3 1 39.149 10.162 38.367 9.382
138 3 1 39.148 10.115 38.366 9.335
139 3 1 39.166 10.067 38.384 9.287
140 3 1 39.165 10.020 38.383 9.239
141 3 1 39.164 9.972 38.382 9.192
142 3 1 39.163 9.925 38.381 9.145
143 3 1 39.162 9.877 38.380 9.097
144 3 1 39.161 9.811 38.379 9.031
145 3 1 39.161 9.840 38.432 8.850
146 3 1 39.178 9.735 38.406 8.955
147 3 1 39.171 9.858 38.505 8.687
148 3 1 39.215 9.668 38.452 8.878
149 3 1 39.214 9.630 38.451 8.840
150 3 1 39.213 9.573 38.450 8.783
151 3 1 39.212 9.516 38.449 8.726
152 3 1 39.211 9.479 38.448 8.689
153 3 1 39.210 9.422 38.447 8.632
154 3 1 39.210 9.384 38.446 8.594
155 3 1 39.209 9.327 38.445 8.537
156 3 1 39.208 9.289 38.445 8.499
157 3 1 39.207 9.232 38.444 8.442
158 3 1 39.206 9.195 38.443 8.404
159 3 1 39.224 9.137 38.461 8.347
160 3 1 39.242 9.099 38.479 8.309
161 3 1 39.241 9.042 38.478 8.252
162 3 1 39.240 8.985 38.477 8.195
163 3 1 39.258 8.928 38.495 8.138
164 3 1 39.276 8.871 38.512 8.081
165 3 1 39.274 8.814 38.511 8.024
166 3 1 39.274 8.776 38.511 7.986
167 3 1 39.292 8.738 38.529 7.948
168 3 1 39.310 8.681 38.547 7.891
169 3 1 39.290 8.643 38.527 7.853
170 3 1 39.327 8.586 38.564 7.796
171 3 1 39.326 8.548 38.563 7.758
172 3 1 39.344 8.510 38.581 7.719
173 3 1 39.325 8.472 38.562 7.682
174 3 1 39.343 8.434 38.580 7.644
175 3 1 39.342 8.396 38.579 7.606
176 3 1 39.341 8.339 38.578 7.549
177 3 1 39.340 8.282 38.577 7.492
178 3 1 39.339 8.226 38.576 7.435
179 3 1 39.338 8.169 38.575 7.378
180 3 1 39.337 8.112 38.574 7.322
181 3 1 39.336 8.055 38.573 7.265
182 3 1 39.335 8.017 38.572 7.227
183 3 1 39.315 7.980 38.552 7.189
184 3 1 39.334 7.942 38.570 7.151
185 3 1 39.314 7.885 38.550 7.095
186 3 1 39.312 7.828 38.549 7.038
187 3 1 39.311 7.771 38.548 6.981
188 3 1 39.311 7.753 38.548 6.962
189 3 1 39.310 7.715 38.547 6.924
190 3 1 39.309 7.658 38.546 6.867
191 3 1 39.308 7.620 38.545 6.829
192 3 1 39.327 7.582 38.564 6.791
193 3 1 39.307 7.525 38.544 6.735
194 3 1 39.325 7.487 38.562 6.696
195 3 1 39.324 7.430 38.561 6.640
196 3 1 39.323 7.392 38.560 6.602
197 3 1 39.322 7.335 38.559 6.545
198 3 1 39.340 7.278 38.577 6.488
199 3 1 39.358 7.221 38.595 6.430
200 3 1 39.357 7.183 38.594 6.393
201 3 1 39.356 7.126 38.593 6.336
202 3 1 39.374 7.088 38.611 6.297
203 3 1 39.392 7.050 38.629 6.259
204 3 1 39.373 7.012 38.610 6.222
205 3 1 39.409 6.955 38.646 6.164
206 3 1 39.409 6.917 38.646 6.126
207 3 1 39.408 6.879 38.645 6.088
208 3 1 39.426 6.841 38.663 6.050
209 3 1 39.406 6.803 38.643 6.013
210 3 1 39.443 6.746 38.680 5.955
211 3 1 39.443 6.708 38.679 5.917
212 3 1 39.460 6.651 38.697 5.860
213 3 1 39.440 6.594 38.677 5.803
214 3 1 39.459 6.556 38.695 5.765
215 3 1 39.457 6.499 38.694 5.708
216 3 1 39.456 6.442 38.693 5.652
217 3 1 39.456 6.405 38.693 5.614
218 3 1 39.455 6.367 38.692 5.576
219 3 1 39.454 6.329 38.691 5.538
220 3 1 39.453 6.272 38.690 5.481
221 3 1 39.471 6.215 38.708 5.424
222 3 1 39.489 6.177 38.726 5.386
223 3 1 39.488 6.139 38.725 5.348
224 3 1 39.487 6.082 38.724 5.291
225 3 1 39.506 6.044 38.743 5.253
226 3 1 39.524 6.005 38.761 5.214
227 3 1 39.523 5.949 38.760 5.158
228 3 1 39.541 5.910 38.778 5.119
229 3 1 39.559 5.872 38.796 5.081
230 3 1 39.558 5.815 38.795 5.024
231 3 1 39.576 5.758 38.813 4.967
232 3 1 39.613 5.719 38.850 4.928
233 3 1 39.631 5.662 38.868 4.871
234 3 1 39.630 5.606 38.867 4.814
235 3 1 39.629 5.568 38.866 4.777
236 3 1 39.647 5.529 38.884 4.738
237 3 1 39.665 5.491 38.902 4.700
238 3 1 39.665 5.453 38.902 4.662
239 3 1 39.683 5.415 38.920 4.624
240 3 1 39.701 5.377 38.938 4.586
241 3 1 39.700 5.339 38.937 4.548
242 3 1 39.700 5.301 38.937 4.510
0 5 2 23.959 10.786 22.307 10.048
1 5 2 24.113 10.821 22.490 10.092
2 5 2 24.133 10.859 22.463 10.198
3 5 2 24.219 10.886 22.530 10.196
4 5 2 24.248 10.876 22.701 10.117
5 5 2 24.276 10.847 22.654 10.146
6 5 2 24.554 10.850 22.741 10.173
7 5 2 24.763 10.808 22.961 10.197
8 5 2 24.706 10.828 22.999 10.158
9 5 2 24.880 10.901 23.238 10.144
10 5 2 25.110 10.925 23.307 10.247
11 5 2 25.168 10.942 23.555 10.204
12 5 2 25.396 10.909 23.727 10.182
13 5 2 25.396 10.881 23.709 10.210
14 5 2 25.645 10.885 23.948 10.196
15 5 2 25.588 10.915 23.998 10.328
16 5 2 25.808 10.939 24.197 10.210
17 5 2 25.866 10.966 24.304 10.313
18 5 2 25.904 10.965 24.247 10.314
19 5 2 26.029 10.972 24.371 10.321
20 5 2 26.392 10.974 24.582 10.345
21 5 2 26.535 10.952 24.802 10.341
22 5 2 26.630 10.969 24.898 10.358
23 5 2 26.802 10.966 25.136 10.324
24 5 2 26.822 10.994 25.270 10.331
25 5 2 26.823 11.023 25.299 10.302
26 5 2 26.862 11.069 25.385 10.319
27 5 2 26.957 11.058 25.480 10.308
28 5 2 27.224 11.052 25.652 10.276
29 5 2 27.223 10.976 25.615 10.353
30 5 2 27.357 10.993 25.749 10.369
31 5 2 27.509 10.989 25.902 10.366
32 5 2 27.532 11.151 26.216 10.274
33 5 2 27.684 11.157 26.322 10.329
34 5 2 27.778 11.050 26.200 10.426
35 5 2 27.902 11.048 26.324 10.424
36 5 2 28.426 11.027 26.610 10.427
37 5 2 28.302 11.030 26.715 10.416
38 5 2 28.505 11.140 26.953 10.363
39 5 2 28.513 11.054 26.935 10.440
40 5 2 28.934 11.122 27.156 10.483
41 5 2 28.828 11.105 27.242 10.491
42 5 2 28.962 11.112 27.376 10.497
43 5 2 29.095 11.099 27.509 10.485
44 5 2 29.229 11.106 27.643 10.492
45 5 2 29.381 11.093 27.795 10.479
46 5 2 29.515 11.100 27.929 10.486
47 5 2 29.667 11.087 28.082 10.473
48 5 2 29.801 11.094 28.215 10.480
49 5 2 29.953 11.082 28.368 10.468
50 5 2 30.087 11.088 28.501 10.474
51 5 2 30.239 11.076 28.654 10.462
52 5 2 30.391 11.082 28.807 10.468
53 5 2 30.524 11.070 28.940 10.456
54 5 2 30.677 11.076 29.093 10.462
55 5 2 30.810 11.064 29.226 10.450
56 5 2 30.963 11.070 29.378 10.456
57 5 2 31.115 11.057 29.531 10.444
58 5 2 31.248 11.064 29.664 10.451
59 5 2 31.400 11.052 29.817 10.438
60 5 2 31.553 11.058 29.969 10.444
61 5 2 31.705 11.045 30.121 10.432
62 5 2 31.857 11.052 30.274 10.438
63 5 2 31.990 11.039 30.407 10.426
64 5 2 32.142 11.046 30.560 10.432
65 5 2 32.275 11.033 30.693 10.420
66 5 2 32.409 11.040 30.826 10.427
67 5 2 32.561 11.028 30.978 10.414
68 5 2 32.694 11.034 31.112 10.421
69 5 2 32.866 11.097 31.303 10.436
70 5 2 32.866 11.069 31.293 10.455
71 5 2 32.990 11.076 31.417 10.462
72 5 2 33.322 11.078 31.740 10.389
73 5 2 33.303 11.041 31.731 10.427
74 5 2 33.609 11.129 31.902 10.443
75 5 2 33.799 11.125 32.112 10.467
76 5 2 33.722 11.098 32.151 10.485
77 5 2 33.827 11.106 32.255 10.493
78 5 2 33.942 11.151 32.357 10.339
79 5 2 34.102 11.091 32.404 10.319
80 5 2 34.169 11.108 32.444 10.394
81 5 2 34.292 11.106 32.567 10.372
82 5 2 34.331 11.133 32.729 10.369
83 5 2 34.407 11.132 32.835 10.443
84 5 2 34.396 11.085 32.826 10.471
85 5 2 34.463 11.093 32.892 10.480
86 5 2 34.654 11.136 33.064 10.476
87 5 2 34.645 11.174 33.090 10.381
88 5 2 34.643 11.079 33.082 10.466
89 5 2 34.853 11.141 33.074 10.504
90 5 2 34.844 11.142 33.149 10.493
91 5 2 34.968 11.177 33.207 10.530
92 5 2 35.053 11.166 33.246 10.558
93 5 2 35.054 11.185 33.473 10.525
94 5 2 35.140 11.230 33.616 10.512
95 5 2 35.282 11.227 33.663 10.511
96 5 2 35.234 11.172 33.683 10.558
97 5 2 35.300 11.180 33.750 10.566
98 5 2 35.377 11.206 33.826 10.593
99 5 2 35.434 11.215 33.883 10.602
100 5 2 35.569 11.326 33.948 10.515
101 5 2 35.692 11.304 34.034 10.542
102 5 2 35.624 11.230 34.074 10.617
103 5 2 35.691 11.238 34.141 10.625
104 5 2 35.776 11.246 34.226 10.633
105 5 2 35.843 11.273 34.293 10.660
106 5 2 35.929 11.280 34.379 10.667
107 5 2 36.024 11.307 34.474 10.694
108 5 2 36.081 11.315 34.531 10.702
109 5 2 36.167 11.342 34.617 10.729
110 5 2 36.243 11.350 34.694 10.737
111 5 2 36.319 11.377 34.770 10.764
112 5 2 36.371 11.594 34.882 10.666
113 5 2 34.971 10.835 33.439 10.231
114 5 2 36.473 11.459 34.943 10.855
115 5 2 36.549 11.476 35.019 10.872
116 5 2 36.635 11.522 35.115 10.908
117 5 2 36.730 11.539 35.210 10.925
118 5 2 36.791 11.727 35.389 10.874
119 5 2 36.865 11.612 35.373 11.007
120 5 2 36.922 11.629 35.430 11.025
121 5 2 37.008 11.656 35.516 11.052
122 5 2 37.103 11.692 35.621 11.097
123 5 2 37.198 11.718 35.717 11.124
124 5 2 37.284 11.745 35.803 11.150
125 5 2 37.380 11.790 35.899 11.196
126 5 2 37.495 11.835 36.013 11.241
127 5 2 37.599 11.862 36.118 11.267
128 5 2 37.695 11.907 36.223 11.312
129 5 2 37.781 11.953 36.310 11.358
130 5 2 37.886 11.998 36.415 11.403
131 5 2 37.991 12.024 36.520 11.439
132 5 2 38.115 12.069 36.644 11.484
133 5 2 38.076 12.534 36.848 11.223
134 5 2 38.220 12.086 36.749 11.500
135 5 2 38.409 12.593 37.010 11.296
136 5 2 38.305 12.093 36.834 11.508
137 5 2 38.410 12.129 36.939 11.544
138 5 2 38.533 12.145 37.063 11.560
139 5 2 38.803 12.376 37.332 11.754
140 5 2 39.090 12.550 37.447 11.827
141 5 2 39.233 12.576 37.654 11.756
142 5 2 39.403 12.581 37.882 11.751
143 5 2 39.527 12.645 37.978 11.854
144 5 2 39.593 12.634 37.989 11.901
145 5 2 39.784 12.687 38.084 11.927
146 5 2 40.086 12.671 38.199 11.991
147 5 2 39.858 12.619 38.389 12.035
148 5 2 40.361 12.675 38.417 11.987
149 5 2 40.370 12.693 38.521 11.984
150 5 2 40.389 12.702 38.748 11.989
151 5 2 40.531 12.690 38.871 11.968
152 5 2 40.776 12.637 38.976 12.013
153 5 2 40.596 12.613 39.128 12.028
154 5 2 40.909 12.682 39.269 11.978
155 5 2 40.947 12.700 39.363 11.967
156 5 2 41.145 12.639 39.459 12.012
157 5 2 41.353 12.635 39.562 11.991
158 5 2 41.191 12.600 39.724 12.016
159 5 2 41.323 12.597 39.856 12.013
160 5 2 41.683 12.637 40.195 11.921
161 5 2 41.882 12.661 40.280 11.938
162 5 2 42.070 12.600 40.338 11.965
163 5 2 42.146 12.599 40.451 11.982
164 5 2 42.259 12.615 40.601 11.912
165 5 2 42.371 12.556 40.752 11.900
166 5 2 42.447 12.554 40.855 11.803
167 5 2 42.672 12.483 40.996 11.800
168 5 2 42.777 12.529 41.100 11.807
169 5 2 42.662 12.455 41.196 11.871
170 5 2 42.804 12.433 41.347 11.849
171 5 2 42.945 12.411 41.488 11.827
172 5 2 43.086 12.390 41.630 11.805
173 5 2 43.217 12.349 41.761 11.774
174 5 2 43.349 12.327 41.893 11.752
175 5 2 43.509 12.305 42.053 11.730
176 5 2 43.641 12.274 42.195 11.699
177 5 2 43.781 12.242 42.336 11.667
178 5 2 43.923 12.220 42.477 11.646
179 5 2 44.063 12.189 42.618 11.614
180 5 2 44.186 12.177 42.741 11.602
181 5 2 44.327 12.155 42.882 11.580
182 5 2 44.468 12.133 43.032 11.558
183 5 2 44.609 12.111 43.174 11.536
184 5 2 44.750 12.071 43.314 11.496
185 5 2 44.881 12.049 43.446 11.474
186 5 2 45.032 12.027 43.597 11.452
187 5 2 45.173 12.024 43.738 11.449
188 5 2 45.305 12.002 43.879 11.427
189 5 2 45.464 11.980 44.039 11.405
190 5 2 45.586 11.958 44.161 11.383
191 5 2 45.746 11.936 44.321 11.361
192 5 2 45.887 11.933 44.463 11.358
193 5 2 46.048 11.930 44.623 11.355
194 5 2 46.170 11.908 44.755 11.333
195 5 2 46.330 11.905 44.915 11.330
196 5 2 46.470 11.883 45.056 11.308
197 5 2 46.621 11.870 45.206 11.295
198 5 2 46.753 11.877 45.338 11.302
199 5 2 46.913 11.874 45.499 11.299
200 5 2 47.045 11.871 45.640 11.296
201 5 2 47.186 11.868 45.781 11.293
202 5 2 47.308 11.865 45.904 11.290
203 5 2 47.468 11.871 46.064 11.296
204 5 2 47.591 11.878 46.186 11.303
205 5 2 47.750 11.875 46.346 11.300
206 5 2 47.892 11.881 46.497 11.316
207 5 2 48.033 11.897 46.639 11.332
208 5 2 48.174 11.913 46.781 11.348
209 5 2 48.306 11.910 46.912 11.354
210 5 2 48.457 11.926 47.063 11.370
211 5 2 48.598 11.942 47.205 11.386
212 5 2 48.730 11.949 47.346 11.392
213 5 2 48.871 11.974 47.488 11.418
214 5 2 49.013 11.990 47.629 11.434
215 5 2 49.154 12.006 47.771 11.459
216 5 2 49.475 12.112 47.778 11.355
217 5 2 49.673 12.136 48.003 11.322
218 5 2 49.511 11.998 48.128 11.452
219 5 2 49.633 12.014 48.251 11.468
220 5 2 49.775 12.049 48.392 11.503
221 5 2 49.897 12.066 48.515 11.519
222 5 2 50.039 12.081 48.656 11.535
223 5 2 50.161 12.117 48.779 11.570
224 5 2 50.302 12.132 48.930 11.586
225 5 2 50.424 12.130 49.052 11.583
226 5 2 50.566 12.146 49.193 11.599
227 5 2 50.679 12.181 49.307 11.634
228 5 2 50.829 12.197 49.457 11.650
229 5 2 50.951 12.194 49.579 11.648
230 5 2 51.083 12.210 49.721 11.664
231 5 2 51.206 12.245 49.844 11.699
232 5 2 51.347 12.261 49.985 11.715
233 5 2 51.469 12.259 50.107 11.721
234 5 2 51.610 12.274 50.248 11.737
235 5 2 51.732 12.309 50.371 11.772
236 5 2 51.873 12.316 50.521 11.779
237 5 2 51.977 12.323 50.625 11.786
238 5 2 52.118 12.339 50.766 11.802
239 5 2 52.230 12.346 50.879 11.809
240 5 2 52.380 12.352 51.029 11.815
241 5 2 52.503 12.369 51.151 11.831
242 5 2 52.615 12.376 51.273 11.838
20 7 1 35.179 20.173 34.687 19.284
21 7 1 35.198 20.201 34.687 19.275
22 7 1 35.207 20.163 34.695 19.236
23 7 1 35.207 20.154 34.695 19.227
24 7 1 35.216 20.125 34.704 19.198
25 7 1 35.215 20.078 34.703 19.151
26 7 1 35.214 20.049 34.703 19.122
27 7 1 35.326 19.933 34.641 18.887
28 7 1 35.307 19.933 34.651 18.915
29 7 1 35.306 19.886 34.650 18.868
30 7 1 35.306 19.867 34.650 18.849
31 7 1 35.306 19.876 34.650 18.858
32 7 1 35.304 19.791 34.649 18.773
33 7 1 35.331 19.705 34.682 18.525
34 7 1 35.280 20.038 34.634 18.982
35 7 1 35.378 19.666 34.702 18.601
36 7 1 35.387 19.647 34.703 18.620
37 7 1 33.168 20.345 32.520 19.297
38 7 1 35.357 19.591 34.711 18.582
39 7 1 35.348 19.600 34.701 18.563
40 7 1 35.338 19.563 34.615 18.489
41 7 1 35.366 19.534 34.710 18.496
42 7 1 35.365 19.515 34.709 18.477
43 7 1 35.365 19.496 34.709 18.458
44 7 1 35.364 19.458 34.708 18.420
45 7 1 35.345 19.420 34.689 18.383
46 7 1 35.363 19.382 34.707 18.345
47 7 1 35.343 19.344 34.687 18.307
48 7 1 35.361 19.306 34.705 18.269
49 7 1 35.361 19.268 34.705 18.231
50 7 1 35.360 19.249 34.704 18.212
51 7 1 35.473 19.180 34.757 17.974
52 7 1 35.538 19.112 34.785 17.992
53 7 1 35.509 19.084 34.766 17.945
54 7 1 35.508 19.047 34.756 17.955
55 7 1 35.460 19.019 34.804 17.972
56 7 1 35.460 18.991 34.804 17.944
57 7 1 35.459 18.962 34.803 17.916
58 7 1 35.477 18.915 34.821 17.868
59 7 1 35.477 18.905 34.821 17.858
60 7 1 35.495 18.857 34.839 17.810
61 7 1 35.495 18.829 34.838 17.782
62 7 1 35.492 18.706 34.782 17.793
63 7 1 35.465 18.763 34.809 17.726
64 7 1 35.464 18.725 34.808 17.688
65 7 1 35.464 18.706 34.808 17.669
66 7 1 35.482 18.668 34.826 17.630
67 7 1 35.500 18.611 34.844 17.573
68 7 1 35.499 18.573 34.843 17.535
69 7 1 35.460 18.507 34.715 17.301
70 7 1 35.479 18.507 34.725 17.291
71 7 1 35.421 18.432 34.723 17.206
72 7 1 35.400 18.347 34.744 17.300
73 7 1 35.399 18.319 34.743 17.272
74 7 1 35.398 18.272 34.742 17.225
75 7 1 35.398 18.243 34.742 17.196
76 7 1 35.378 18.196 34.722 17.149
77 7 1 35.359 18.187 34.703 17.140
78 7 1 35.358 18.140 34.702 17.093
79 7 1 35.338 18.112 34.682 17.065
80 7 1 35.319 18.084 34.663 17.037
81 7 1 35.318 18.055 34.662 17.008
82 7 1 35.318 18.027 34.662 16.980
83 7 1 35.317 17.998 34.661 16.951
84 7 1 35.298 17.970 34.641 16.923
85 7 1 35.278 17.942 34.622 16.895
86 7 1 35.296 17.895 34.640 16.847
87 7 1 35.459 17.957 34.772 16.788
88 7 1 35.477 17.919 34.779 16.674
89 7 1 35.447 17.825 34.791 16.778
90 7 1 35.446 17.796 34.790 16.749
91 7 1 35.446 17.768 34.790 16.721
92 7 1 35.445 17.721 34.789 16.673
93 7 1 35.473 17.682 34.711 16.580
94 7 1 35.425 17.683 34.692 16.571
95 7 1 35.434 17.673 34.710 16.533
96 7 1 35.425 17.693 34.700 16.524
97 7 1 35.453 17.663 34.729 16.551
98 7 1 35.432 17.560 34.710 16.552
99 7 1 35.432 17.560 34.719 16.523
100 7 1 35.413 17.522 34.709 16.485
101 7 1 35.487 17.426 34.746 16.437
102 7 1 35.440 17.446 34.784 16.417
103 7 1 35.484 17.302 34.717 16.381
104 7 1 35.455 17.284 34.727 16.409
105 7 1 35.483 17.217 34.717 16.419
106 7 1 35.428 17.313 34.772 16.313
107 7 1 35.427 17.275 34.771 16.275
108 7 1 35.426 17.237 34.771 16.237
109 7 1 35.425 17.199 34.770 16.199
110 7 1 35.444 17.161 34.788 16.161
111 7 1 35.443 17.123 34.788 16.123
112 7 1 35.442 17.085 34.787 16.085
113 7 1 35.441 17.047 34.786 16.047
114 7 1 35.441 17.009 34.785 16.009
115 7 1 35.440 16.953 34.784 15.953
116 7 1 35.420 16.934 34.765 15.934
117 7 1 35.419 16.877 34.764 15.877
118 7 1 35.400 16.859 34.744 15.859
119 7 1 35.399 16.802 34.743 15.802
120 7 1 35.379 16.783 34.724 15.783
121 7 1 35.379 16.745 34.723 15.745
122 7 1 35.359 16.708 34.704 15.708
123 7 1 35.359 16.689 34.703 15.689
124 7 1 35.339 16.670 34.684 15.670
125 7 1 35.338 16.613 34.683 15.613
126 7 1 35.338 16.594 34.682 15.594
127 7 1 35.318 16.557 34.663 15.557
128 7 1 35.317 16.519 34.662 15.519
129 7 1 35.317 16.481 34.661 15.481
130 7 1 35.335 16.443 34.680 15.443
131 7 1 35.334 16.405 34.679 15.405
132 7 1 35.333 16.367 34.678 15.367
133 7 1 35.333 16.329 34.677 15.329
134 7 1 35.332 16.291 34.677 15.291
135 7 1 35.331 16.253 34.676 15.253
136 7 1 35.331 16.215 34.675 15.215
137 7 1 35.349 16.177 34.693 15.177
138 7 1 35.348 16.139 34.693 15.139
139 7 1 35.366 16.101 34.711 15.100
140 7 1 35.366 16.063 34.710 15.063
141 7 1 35.365 16.044 34.710 15.044
142 7 1 35.384 16.024 34.728 15.024
143 7 1 35.383 15.987 34.728 14.986
144 7 1 35.382 15.949 34.727 14.948
145 7 1 35.382 15.911 34.726 14.910
146 7 1 35.400 15.872 34.745 14.872
147 7 1 35.418 15.834 34.763 14.834
148 7 1 35.417 15.796 34.762 14.796
149 7 1 35.397 15.711 34.672 14.580
150 7 1 35.367 15.645 34.712 14.645
151 7 1 35.366 15.608 34.711 14.607
152 7 1 35.366 15.570 34.710 14.569
153 7 1 35.365 15.532 34.710 14.531
154 7 1 35.364 15.494 34.709 14.493
155 7 1 35.439 15.464 34.811 14.377
156 7 1 35.439 15.416 34.793 14.416
157 7 1 35.421 15.483 34.793 14.435
158 7 1 35.392 15.474 34.774 14.445
159 7 1 35.400 15.389 34.728 14.493
160 7 1 35.373 15.437 34.746 14.445
161 7 1 35.362 15.408 34.736 14.417
162 7 1 35.352 15.380 34.726 14.389
163 7 1 35.361 15.352 34.735 14.360
164 7 1 35.351 15.304 34.724 14.313
165 7 1 35.360 15.276 34.733 14.284
166 7 1 35.350 15.229 34.723 14.237
167 7 1 35.359 15.219 34.732 14.227
168 7 1 35.421 14.971 34.756 13.999
169 7 1 35.372 14.925 34.765 13.951
170 7 1 35.382 14.924 34.765 13.951
171 7 1 35.381 14.877 34.764 13.904
172 7 1 35.380 14.849 34.763 13.876
173 7 1 35.379 14.801 34.762 13.828
174 7 1 35.379 14.773 34.762 13.800
175 7 1 35.378 14.725 34.761 13.752
176 7 1 35.410 14.905 34.805 13.590
177 7 1 35.406 14.734 34.799 13.761
178 7 1 35.388 14.735 34.767 13.572
179 7 1 35.423 14.601 34.779 13.686
180 7 1 35.393 14.545 34.789 13.704
181 7 1 35.402 14.488 34.788 13.657
182 7 1 35.393 14.545 34.787 13.600
183 7 1 35.402 14.507 34.795 13.562
184 7 1 35.411 14.468 34.804 13.524
185 7 1 35.401 14.450 34.794 13.505
186 7 1 35.410 14.412 34.803 13.467
187 7 1 35.400 14.393 34.793 13.448
188 7 1 35.415 14.203 34.687 13.346
189 7 1 35.350 14.252 34.743 13.316
190 7 1 35.393 14.052 34.704 13.260
191 7 1 35.347 14.119 34.741 13.193
192 7 1 35.347 14.091 34.740 13.165
193 7 1 35.346 14.053 34.740 13.127
194 7 1 35.345 14.005 34.739 13.079
195 7 1 35.344 13.958 34.738 13.032
196 7 1 35.343 13.920 34.737 12.994
197 7 1 35.343 13.882 34.736 12.956
198 7 1 35.332 13.844 34.726 12.918
199 7 1 35.341 13.806 34.735 12.880
200 7 1 35.331 13.759 34.724 12.833
201 7 1 35.340 13.721 34.733 12.795
202 7 1 35.433 13.633 34.716 12.899
203 7 1 35.368 13.720 34.762 12.804
204 7 1 35.368 13.692 34.761 12.775
205 7 1 35.367 13.663 34.761 12.747
206 7 1 35.366 13.616 34.760 12.699
207 7 1 35.375 13.587 34.769 12.671
208 7 1 35.495 13.385 34.784 12.471
209 7 1 35.513 13.366 34.764 12.443
210 7 1 35.542 13.365 34.802 12.414
211 7 1 35.465 13.348 34.859 12.432
212 7 1 35.474 13.310 34.868 12.393
213 7 1 35.483 13.272 34.877 12.355
214 7 1 35.522 13.319 34.781 12.329
215 7 1 35.454 13.273 34.848 12.356
216 7 1 35.549 13.270 34.829 12.328
217 7 1 35.531 13.328 34.838 12.299
218 7 1 35.483 13.262 34.876 12.346
219 7 1 35.491 13.224 34.885 12.308
220 7 1 35.576 13.175 34.847 12.308
221 7 1 35.592 13.042 34.838 12.318
222 7 1 35.638 12.937 34.837 12.290
223 7 1 35.638 12.927 34.846 12.261
224 7 1 35.545 13.033 34.939 12.155
225 7 1 35.579 12.834 34.852 12.062
226 7 1 35.514 12.892 34.908 12.023
227 7 1 35.513 12.854 34.908 11.985
228 7 1 35.522 12.825 34.916 11.956
229 7 1 35.530 12.787 34.925 11.918
230 7 1 35.520 12.749 34.915 11.880
231 7 1 35.615 12.719 34.863 11.635
232 7 1 35.622 12.586 34.901 11.643
233 7 1 35.593 12.558 34.854 11.654
234 7 1 35.583 12.568 34.929 11.614
235 7 1 35.573 12.549 34.891 11.606
236 7 1 35.535 12.512 34.929 11.643
237 7 1 35.560 12.331 34.900 11.596
238 7 1 35.550 12.341 34.881 11.568
239 7 1 35.513 12.380 34.908 11.529
240 7 1 35.617 12.330 34.909 11.548
241 7 1 35.653 12.235 34.926 11.481
242 7 1 35.624 12.207 34.934 11.396
27 8 1 34.603 19.855 33.845 18.972
28 8 1 34.593 19.855 33.845 18.981
29 8 1 34.593 19.827 33.845 18.953
30 8 1 34.592 19.780 33.844 18.906
31 8 1 34.610 19.751 33.862 18.877
32 8 1 34.610 19.722 33.862 18.848
33 8 1 34.628 19.693 33.880 18.819
34 8 1 34.531 19.601 33.818 18.565
35 8 1 34.614 19.457 33.942 18.609
36 8 1 34.567 19.496 33.875 18.563
37 8 1 34.567 19.477 33.875 18.582
38 8 1 34.567 19.448 33.875 18.554
39 8 1 34.585 19.419 33.893 18.525
40 8 1 34.630 19.266 33.888 18.269
41 8 1 34.610 19.238 33.908 18.316
42 8 1 34.619 19.200 33.917 18.278
43 8 1 34.609 19.182 33.907 18.259
44 8 1 34.618 19.143 33.916 18.221
45 8 1 34.607 19.106 33.906 18.183
46 8 1 34.617 19.087 33.915 18.164
47 8 1 34.606 19.049 33.905 18.126
48 8 1 34.615 19.030 33.914 18.107
49 8 1 34.605 18.992 33.904 18.069
50 8 1 34.614 18.954 33.912 18.031
51 8 1 34.651 18.915 33.924 18.135
52 8 1 34.660 18.867 33.934 18.163
53 8 1 34.631 18.830 33.904 18.117
54 8 1 34.659 18.801 33.838 18.137
55 8 1 34.594 18.888 33.894 18.041
56 8 1 34.584 18.850 33.883 18.003
57 8 1 34.592 18.812 33.892 17.965
58 8 1 34.582 18.774 33.882 17.927
59 8 1 34.591 18.755 33.891 17.908
60 8 1 34.581 18.736 33.881 17.889
61 8 1 34.590 18.679 33.890 17.832
62 8 1 34.599 18.679 33.899 17.832
63 8 1 34.608 18.641 33.908 17.794
64 8 1 34.598 18.603 33.898 17.756
65 8 1 34.607 18.565 33.906 17.718
66 8 1 34.616 18.546 33.915 17.699
67 8 1 34.624 18.489 33.924 17.642
68 8 1 34.633 18.451 33.933 17.604
69 8 1 34.642 18.413 33.941 17.566
70 8 1 34.650 18.374 33.950 17.527
71 8 1 34.659 18.336 33.959 17.489
72 8 1 34.649 18.299 33.949 17.451
73 8 1 34.677 18.260 33.976 17.413
74 8 1 34.666 18.222 33.966 17.375
75 8 1 34.675 18.184 33.975 17.337
76 8 1 34.665 18.146 33.965 17.299
77 8 1 34.674 18.108 33.974 17.261
78 8 1 34.664 18.071 33.963 17.223
79 8 1 34.672 18.032 33.972 17.185
80 8 1 34.662 17.995 33.962 17.148
81 8 1 34.671 17.957 33.971 17.109
82 8 1 34.661 17.938 33.961 17.091
83 8 1 34.670 17.900 33.970 17.053
84 8 1 34.660 17.862 33.959 17.015
85 8 1 34.649 17.824 33.949 16.977
86 8 1 34.639 17.787 33.939 16.939
87 8 1 34.648 17.748 33.948 16.901
88 8 1 34.619 17.711 33.918 16.864
89 8 1 34.627 17.673 33.927 16.826
90 8 1 34.598 17.636 33.898 16.788
91 8 1 34.607 17.598 33.907 16.750
92 8 1 34.597 17.560 33.896 16.713
93 8 1 34.660 17.388 33.828 16.591
94 8 1 34.594 17.418 33.894 16.580
95 8 1 34.603 17.389 33.903 16.551
96 8 1 34.593 17.361 33.893 16.523
97 8 1 34.648 17.255 33.863 16.448
98 8 1 34.648 17.246 33.815 16.411
99 8 1 34.581 17.238 33.881 16.409
100 8 1 34.590 17.200 33.890 16.371
101 8 1 34.599 17.180 33.899 16.352
102 8 1 34.589 17.143 33.889 16.314
103 8 1 34.598 17.124 33.898 16.295
104 8 1 34.607 17.085 33.907 16.257
105 8 1 34.615 17.047 33.915 16.219
106 8 1 34.605 17.010 33.905 16.181
107 8 1 34.585 16.925 33.876 16.125
108 8 1 34.575 16.934 33.875 16.115
109 8 1 34.584 16.906 33.884 16.087
110 8 1 34.593 16.877 33.893 16.058
111 8 1 34.583 16.830 33.883 16.011
112 8 1 34.592 16.801 33.892 15.982
113 8 1 34.581 16.754 33.882 15.935
114 8 1 34.572 16.745 33.872 15.926
115 8 1 34.561 16.697 33.861 15.878
116 8 1 34.570 16.688 33.871 15.869
117 8 1 34.560 16.641 33.860 15.821
118 8 1 34.569 16.631 33.870 15.812
119 8 1 34.559 16.584 33.859 15.765
120 8 1 34.568 16.574 33.869 15.755
121 8 1 34.558 16.546 33.859 15.727
122 8 1 34.567 16.517 33.867 15.698
123 8 1 34.557 16.489 33.857 15.670
124 8 1 34.566 16.460 33.866 15.641
125 8 1 34.556 16.413 33.856 15.594
126 8 1 34.546 16.385 33.846 15.566
127 8 1 34.536 16.357 33.836 15.537
128 8 1 34.545 16.328 33.845 15.509
129 8 1 34.534 16.281 33.834 15.461
130 8 1 34.543 16.252 33.843 15.433
131 8 1 34.533 16.224 33.833 15.405
132 8 1 34.542 16.195 33.842 15.376
133 8 1 34.532 16.148 33.832 15.329
134 8 1 34.541 16.138 33.841 15.319
135 8 1 34.531 16.091 33.831 15.272
136 8 1 34.539 16.062 33.840 15.243
137 8 1 34.548 16.034 33.849 15.214
138 8 1 34.557 16.005 33.858 15.186
139 8 1 34.547 15.977 33.848 15.158
140 8 1 34.556 15.948 33.857 15.129
141 8 1 34.546 15.901 33.846 15.082
142 8 1 34.555 15.872 33.855 15.053
143 8 1 34.544 15.825 33.845 15.006
144 8 1 34.553 15.796 33.854 14.977
145 8 1 34.543 15.749 33.843 14.930
146 8 1 34.552 15.721 33.852 14.901
147 8 1 34.560 15.673 33.861 14.854
148 8 1 34.569 15.644 33.870 14.825
149 8 1 34.559 15.616 33.860 14.797
150 8 1 34.549 15.588 33.850 14.768
151 8 1 34.539 15.541 33.839 14.721
152 8 1 34.548 15.512 33.848 14.693
153 8 1 34.537 15.465 33.838 14.645
154 8 1 34.527 15.437 33.828 14.617
155 8 1 34.517 15.389 33.817 14.570
156 8 1 34.507 15.380 33.808 14.561
157 8 1 34.497 15.333 33.797 14.513
158 8 1 34.506 15.323 33.806 14.504
159 8 1 34.496 15.276 33.796 14.456
160 8 1 34.486 15.248 33.786 14.428
161 8 1 34.475 15.201 33.776 14.381
162 8 1 34.484 15.172 33.785 14.352
163 8 1 34.474 15.106 33.774 14.286
164 8 1 34.483 15.077 33.783 14.257
165 8 1 34.472 15.030 33.772 14.210
166 8 1 34.481 15.001 33.781 14.182
167 8 1 34.471 14.954 33.771 14.134
168 8 1 34.480 14.925 33.780 14.106
169 8 1 34.470 14.897 33.770 14.077
170 8 1 34.479 14.868 33.779 14.049
171 8 1 34.468 14.821 33.768 14.002
172 8 1 34.477 14.812 33.778 13.992
173 8 1 34.486 14.764 33.786 13.944
174 8 1 34.495 14.735 33.795 13.916
175 8 1 34.504 14.688 33.804 13.868
176 8 1 34.513 14.659 33.813 13.839
177 8 1 34.521 14.611 33.821 13.792
178 8 1 34.530 14.583 33.830 13.763
179 8 1 34.519 14.517 33.819 13.697
180 8 1 34.528 14.488 33.828 13.668
181 8 1 34.517 14.422 33.818 13.602
182 8 1 34.526 14.393 33.827 13.573
183 8 1 34.516 14.346 33.816 13.526
184 8 1 34.525 14.317 33.825 13.497
185 8 1 34.515 14.270 33.815 13.450
186 8 1 34.523 14.241 33.824 13.421
187 8 1 34.513 14.194 33.813 13.374
188 8 1 34.522 14.184 33.823 13.365
189 8 1 34.512 14.137 33.812 13.317
190 8 1 34.502 14.109 33.802 13.289
191 8 1 34.492 14.081 33.792 13.261
192 8 1 34.501 14.071 33.801 13.251
193 8 1 34.510 14.023 33.810 13.204
194 8 1 34.519 13.995 33.819 13.175
195 8 1 34.508 13.948 33.809 13.128
196 8 1 34.517 13.900 33.817 13.080
197 8 1 34.507 13.853 33.807 13.033
198 8 1 34.515 13.824 33.816 13.004
199 8 1 34.505 13.758 33.805 12.938
200 8 1 34.514 13.729 33.814 12.909
201 8 1 34.503 13.682 33.803 12.862
202 8 1 34.512 13.653 33.812 12.833
203 8 1 34.521 13.625 33.821 12.805
204 8 1 34.530 13.596 33.830 12.776
205 8 1 34.520 13.549 33.820 12.729
206 8 1 34.529 13.520 33.829 12.700
207 8 1 34.538 13.491 33.838 12.671
208 8 1 34.547 13.463 33.847 12.643
209 8 1 34.555 13.415 33.855 12.595
210 8 1 34.564 13.387 33.864 12.567
211 8 1 34.573 13.339 33.873 12.519
212 8 1 34.582 13.310 33.882 12.490
213 8 1 34.590 13.263 33.890 12.443
214 8 1 34.599 13.215 33.899 12.395
215 8 1 34.588 13.168 33.889 12.348
216 8 1 34.616 13.139 33.917 12.319
217 8 1 34.606 13.073 33.906 12.252
218 8 1 34.614 13.044 33.915 12.224
219 8 1 34.604 12.997 33.904 12.177
220 8 1 34.613 12.968 33.913 12.148
221 8 1 34.603 12.940 33.903 12.120
222 8 1 34.746 12.956 33.943 12.214
223 8 1 34.783 12.917 33.961 12.166
224 8 1 34.717 12.947 34.018 12.146
225 8 1 34.742 12.747 34.055 12.116
226 8 1 34.743 12.832 34.054 12.041
227 8 1 34.743 12.795 34.053 12.003
228 8 1 34.742 12.757 34.052 11.965
229 8 1 34.741 12.719 34.052 11.927
230 8 1 34.740 12.681 34.051 11.889
231 8 1 34.740 12.643 34.050 11.851
232 8 1 34.796 12.604 34.048 11.737
233 8 1 34.728 12.510 34.000 11.729
234 8 1 34.815 12.603 34.066 11.699
235 8 1 34.776 12.538 34.086 11.755
236 8 1 34.775 12.500 34.085 11.717
237 8 1 34.774 12.462 34.085 11.679
238 8 1 34.773 12.424 34.084 11.641
239 8 1 34.773 12.395 34.083 11.613
240 8 1 34.782 12.348 34.092 11.565
241 8 1 34.781 12.319 34.092 11.537
242 8 1 34.790 12.281 34.100 11.499
