0 0 1 41.458 12.801 40.229 12.001
1 0 1 41.491 12.827 40.203 11.988
2 0 1 41.445 12.807 40.156 11.969
3 0 1 41.398 12.814 40.110 11.975
4 0 1 41.352 12.801 40.063 11.963
5 0 1 41.306 12.795 40.017 11.956
6 0 1 41.259 12.789 39.970 11.950
7 0 1 41.200 12.789 39.911 11.950
8 0 1 41.000 12.757 39.599 11.873
9 0 1 40.994 12.751 39.619 11.879
10 0 1 40.941 12.751 39.565 11.880
11 0 1 40.874 12.738 39.499 11.867
12 0 1 40.821 12.739 39.446 11.867
13 0 1 40.768 12.726 39.393 11.854
14 0 1 40.715 12.726 39.340 11.854
15 0 1 40.662 12.713 39.287 11.842
16 0 1 40.622 12.713 39.247 11.842
17 0 1 40.569 12.714 39.194 11.842
18 0 1 40.529 12.714 39.154 11.842
19 0 1 40.490 12.714 39.114 11.843
20 0 1 40.437 12.715 39.061 11.843
21 0 1 40.397 12.715 39.021 11.843
22 0 1 40.344 12.702 38.968 11.830
23 0 1 40.304 12.702 38.928 11.831
24 0 1 40.251 12.703 38.875 11.831
25 0 1 40.198 12.690 38.822 11.818
26 0 1 40.145 12.677 38.769 11.805
27 0 1 40.105 12.677 38.729 11.805
28 0 1 40.052 12.664 38.676 11.792
29 0 1 39.999 12.651 38.623 11.779
30 0 1 39.946 12.638 38.570 11.767
31 0 1 39.893 12.639 38.517 11.767
32 0 1 39.839 12.626 38.464 11.754
33 0 1 39.786 12.626 38.411 11.754
34 0 1 39.747 12.613 38.371 11.741
35 0 1 39.707 12.600 38.331 11.728
36 0 1 39.667 12.587 38.291 11.715
37 0 1 39.627 12.574 38.251 11.702
38 0 1 39.587 12.561 38.211 11.689
39 0 1 39.547 12.548 38.172 11.676
40 0 1 39.507 12.535 38.132 11.663
41 0 1 39.468 12.522 38.092 11.650
42 0 1 39.428 12.509 38.052 11.637
43 0 1 39.375 12.509 37.999 11.638
44 0 1 39.335 12.496 37.959 11.625
45 0 1 39.282 12.484 37.906 11.612
46 0 1 39.242 12.484 37.866 11.612
47 0 1 39.189 12.471 37.813 11.599
48 0 1 39.136 12.458 37.760 11.586
49 0 1 39.096 12.445 37.720 11.573
50 0 1 39.043 12.445 37.667 11.574
51 0 1 39.003 12.432 37.627 11.561
52 0 1 38.963 12.419 37.587 11.548
53 0 1 38.910 12.420 37.534 11.548
54 0 1 38.884 12.420 37.508 11.548
55 0 1 38.844 12.420 37.468 11.548
56 0 1 38.784 12.420 37.408 11.549
57 0 1 38.751 12.421 37.375 11.549
58 0 1 38.711 12.421 37.335 11.549
59 0 1 38.651 12.421 37.275 11.549
60 0 1 38.618 12.421 37.242 11.550
61 0 1 38.565 12.422 37.189 11.550
62 0 1 38.479 12.422 37.103 11.550
63 0 1 38.472 12.422 37.096 11.551
64 0 1 38.611 12.408 36.943 11.532
65 0 1 38.386 12.370 36.996 11.558
66 0 1 38.333 12.390 36.903 11.525
67 0 1 38.293 12.397 36.864 11.532
68 0 1 38.266 12.391 36.837 11.526
69 0 1 38.200 12.398 36.771 11.533
70 0 1 38.147 12.391 36.718 11.526
71 0 1 38.107 12.385 36.678 11.520
72 0 1 38.067 12.379 36.638 11.514
73 0 1 38.014 12.372 36.585 11.507
74 0 1 37.974 12.366 36.545 11.501
75 0 1 37.948 12.373 36.518 11.508
76 0 1 37.908 12.366 36.478 11.501
77 0 1 37.848 12.360 36.419 11.495
78 0 1 37.802 12.354 36.372 11.489
79 0 1 37.748 12.361 36.319 11.496
80 0 1 37.695 12.354 36.266 11.489
81 0 1 37.642 12.348 36.213 11.483
82 0 1 37.589 12.355 36.160 11.490
83 0 1 37.536 12.362 36.107 11.497
84 0 1 37.483 12.356 36.053 11.491
85 0 1 37.430 12.363 36.000 11.498
86 0 1 37.377 12.356 35.947 11.491
87 0 1 37.337 12.363 35.907 11.498
88 0 1 37.297 12.357 35.867 11.492
89 0 1 37.244 12.364 35.814 11.499
90 0 1 37.191 12.371 35.761 11.506
91 0 1 37.151 12.378 35.721 11.513
92 0 1 37.111 12.371 35.682 11.506
93 0 1 37.045 12.392 35.615 11.526
94 0 1 37.018 12.385 35.589 11.520
95 0 1 36.965 12.392 35.535 11.527
96 0 1 36.912 12.399 35.482 11.534
97 0 1 36.859 12.406 35.429 11.541
98 0 1 36.806 12.400 35.376 11.534
99 0 1 36.753 12.393 35.323 11.528
100 0 1 36.700 12.387 35.270 11.522
101 0 1 36.646 12.394 35.217 11.529
102 0 1 36.580 12.388 35.150 11.523
103 0 1 36.514 12.395 35.084 11.530
104 0 1 36.474 12.388 35.044 11.523
105 0 1 36.407 12.396 34.978 11.530
106 0 1 36.368 12.389 34.938 11.524
107 0 1 36.314 12.383 34.884 11.518
108 0 1 36.275 12.363 34.845 11.498
109 0 1 36.235 12.357 34.805 11.492
110 0 1 36.181 12.337 34.752 11.472
111 0 1 36.128 12.331 34.698 11.466
112 0 1 36.088 12.311 34.658 11.446
113 0 1 36.049 12.305 34.619 11.440
114 0 1 35.982 12.299 34.552 11.434
115 0 1 35.942 12.292 34.512 11.427
116 0 1 35.876 12.273 34.446 11.408
117 0 1 35.836 12.280 34.406 11.415
118 0 1 35.770 12.274 34.339 11.408
119 0 1 35.730 12.267 34.300 11.402
120 0 1 35.663 12.261 34.233 11.396
121 0 1 35.623 12.268 34.193 11.403
122 0 1 35.570 12.262 34.140 11.396
123 0 1 35.517 12.255 34.087 11.390
124 0 1 35.477 12.249 34.047 11.384
125 0 1 35.437 12.256 34.007 11.390
126 0 1 35.384 12.250 33.954 11.384
127 0 1 35.344 12.256 33.914 11.391
128 0 1 35.305 12.250 33.874 11.385
129 0 1 35.251 12.257 33.821 11.392
130 0 1 35.198 12.264 33.768 11.399
131 0 1 35.145 12.271 33.715 11.405
132 0 1 35.105 12.265 33.675 11.399
133 0 1 35.065 12.271 33.635 11.406
134 0 1 34.999 12.278 33.569 11.413
135 0 1 34.959 12.285 33.529 11.420
136 0 1 34.906 12.279 33.476 11.414
137 0 1 34.853 12.286 33.422 11.420
138 0 1 34.800 12.280 33.369 11.414
139 0 1 34.747 12.287 33.316 11.421
140 0 1 34.680 12.294 33.250 11.428
141 0 1 34.640 12.301 33.210 11.435
142 0 1 34.587 12.294 33.157 11.429
143 0 1 34.534 12.301 33.103 11.436
144 0 1 34.494 12.282 33.063 11.416
145 0 1 34.454 12.288 33.024 11.423
146 0 1 34.388 12.269 32.957 11.403
147 0 1 34.348 12.276 32.917 11.410
148 0 1 34.295 12.270 32.864 11.404
149 0 1 34.241 12.276 32.811 11.411
150 0 1 34.188 12.270 32.758 11.405
151 0 1 34.135 12.277 32.704 11.412
152 0 1 34.082 12.271 32.651 11.405
153 0 1 34.016 12.265 32.585 11.399
154 0 1 33.976 12.272 32.545 11.406
155 0 1 33.909 12.279 32.478 11.413
156 0 1 33.869 12.272 32.439 11.407
157 0 1 33.803 12.279 32.372 11.414
158 0 1 33.763 12.273 32.332 11.407
159 0 1 33.710 12.280 32.279 11.414
160 0 1 33.670 12.273 32.239 11.408
161 0 1 33.643 12.280 32.213 11.415
162 0 1 33.590 12.274 32.159 11.408
163 0 1 33.550 12.281 32.119 11.415
164 0 1 33.484 12.288 32.053 11.422
165 0 1 33.444 12.308 32.013 11.442
166 0 1 33.391 12.315 31.960 11.449
167 0 1 33.351 12.335 31.920 11.469
168 0 1 33.311 12.342 31.880 11.476
169 0 1 33.258 12.349 31.827 11.483
170 0 1 33.218 12.342 31.787 11.477
171 0 1 33.178 12.336 31.747 11.470
172 0 1 33.125 12.330 31.694 11.464
173 0 1 33.085 12.337 31.654 11.471
174 0 1 33.045 12.330 31.614 11.465
175 0 1 32.992 12.324 31.561 11.458
176 0 1 32.952 12.318 31.521 11.452
177 0 1 32.912 12.311 31.481 11.445
178 0 1 32.859 12.318 31.428 11.452
179 0 1 32.806 12.325 31.375 11.459
180 0 1 32.766 12.319 31.335 11.453
181 0 1 32.726 12.326 31.295 11.460
182 0 1 32.660 12.319 31.228 11.454
183 0 1 32.606 12.326 31.175 11.461
184 0 1 32.553 12.320 31.122 11.454
185 0 1 32.487 12.327 31.055 11.461
186 0 1 32.420 12.321 30.989 11.455
187 0 1 32.354 12.328 30.922 11.462
188 0 1 32.274 12.309 30.843 11.443
189 0 1 32.207 12.302 30.776 11.437
190 0 1 32.167 12.296 30.736 11.430
191 0 1 32.101 12.290 30.670 11.424
192 0 1 32.061 12.270 30.630 11.404
193 0 1 32.008 12.277 30.576 11.411
194 0 1 31.955 12.271 30.523 11.405
195 0 1 31.901 12.264 30.470 11.399
196 0 1 31.848 12.258 30.417 11.392
197 0 1 31.795 12.265 30.363 11.399
198 0 1 31.742 12.259 30.310 11.393
199 0 1 31.689 12.266 30.257 11.400
0 1 1 43.100 10.172 42.072 9.583
1 1 1 43.127 10.192 42.052 9.576
2 1 1 43.081 10.192 42.005 9.577
3 1 1 43.021 10.192 41.946 9.577
4 1 1 42.975 10.206 41.899 9.591
5 1 1 42.902 10.206 41.827 9.591
6 1 1 42.842 10.206 41.767 9.591
7 1 1 42.783 10.220 41.707 9.605
8 1 1 42.577 10.201 41.409 9.547
9 1 1 42.570 10.195 41.422 9.554
10 1 1 42.517 10.202 41.369 9.561
11 1 1 42.425 10.249 41.296 9.627
12 1 1 42.431 10.249 41.290 9.614
13 1 1 42.325 10.236 41.257 9.614
14 1 1 42.305 10.216 41.190 9.628
15 1 1 42.252 10.223 41.137 9.641
16 1 1 42.180 10.217 41.078 9.655
17 1 1 42.186 10.237 41.078 9.628
18 1 1 42.133 10.237 41.025 9.629
19 1 1 42.094 10.237 40.985 9.629
20 1 1 42.014 10.238 40.905 9.629
21 1 1 41.948 10.238 40.839 9.630
22 1 1 41.895 10.238 40.786 9.630
23 1 1 41.828 10.252 40.720 9.644
24 1 1 41.749 10.253 40.640 9.644
25 1 1 41.683 10.253 40.574 9.644
26 1 1 41.643 10.266 40.534 9.658
27 1 1 41.577 10.280 40.468 9.672
28 1 1 41.537 10.280 40.428 9.672
29 1 1 41.451 10.261 40.316 9.679
30 1 1 41.378 10.255 40.309 9.659
31 1 1 41.371 10.248 40.216 9.653
32 1 1 41.345 10.248 40.243 9.653
33 1 1 41.298 10.249 40.196 9.653
34 1 1 41.265 10.249 40.163 9.653
35 1 1 41.192 10.249 40.090 9.654
36 1 1 41.133 10.250 40.030 9.654
37 1 1 41.073 10.237 39.971 9.641
38 1 1 41.013 10.224 39.911 9.628
39 1 1 40.954 10.237 39.851 9.642
40 1 1 40.794 10.265 39.632 9.643
41 1 1 40.788 10.324 39.499 9.518
42 1 1 40.742 10.318 39.427 9.512
43 1 1 40.662 10.305 39.354 9.513
44 1 1 40.576 10.220 39.447 9.598
45 1 1 40.655 10.292 39.221 9.520
46 1 1 40.569 10.286 39.155 9.547
47 1 1 40.523 10.253 39.155 9.547
48 1 1 40.403 10.194 39.089 9.633
49 1 1 40.330 10.221 39.161 9.600
50 1 1 40.284 10.221 39.115 9.600
51 1 1 40.224 10.222 39.055 9.600
52 1 1 40.171 10.255 38.710 9.543
53 1 1 40.038 10.210 38.810 9.602
54 1 1 40.025 10.163 38.757 9.595
55 1 1 40.032 10.309 38.644 9.530
56 1 1 39.979 10.303 38.684 9.543
57 1 1 39.933 10.296 38.624 9.550
58 1 1 39.793 10.257 38.677 9.602
59 1 1 39.826 10.231 38.651 9.622
60 1 1 39.787 10.231 38.611 9.623
61 1 1 39.760 10.231 38.584 9.623
62 1 1 39.707 10.218 38.531 9.610
63 1 1 39.627 10.205 38.452 9.597
64 1 1 39.548 10.206 38.372 9.598
65 1 1 39.442 10.273 38.080 9.507
66 1 1 39.362 10.280 37.994 9.507
67 1 1 39.269 10.194 38.093 9.586
68 1 1 39.229 10.195 38.054 9.586
69 1 1 39.190 10.182 38.014 9.573
70 1 1 39.150 10.182 37.974 9.573
71 1 1 39.097 10.182 37.921 9.574
72 1 1 39.070 10.156 37.900 9.309
73 1 1 39.070 10.043 37.901 9.428
74 1 1 39.037 10.057 37.867 9.442
75 1 1 38.990 10.057 37.821 9.442
76 1 1 38.930 10.051 37.761 9.436
77 1 1 38.871 10.058 37.702 9.443
78 1 1 38.798 10.052 37.629 9.437
79 1 1 38.738 10.059 37.569 9.443
80 1 1 38.646 10.198 37.363 9.570
81 1 1 38.593 10.185 37.417 9.570
82 1 1 38.539 10.192 37.364 9.577
83 1 1 38.473 10.206 37.297 9.591
84 1 1 38.447 10.219 37.271 9.604
85 1 1 38.394 10.226 37.218 9.611
86 1 1 38.268 10.266 37.111 9.592
87 1 1 38.274 10.233 37.105 9.618
88 1 1 38.241 10.227 37.072 9.612
89 1 1 38.234 10.220 37.065 9.605
90 1 1 38.135 10.241 36.965 9.626
91 1 1 38.075 10.248 36.906 9.633
92 1 1 38.022 10.248 36.853 9.633
93 1 1 37.942 10.248 36.773 9.633
94 1 1 37.723 10.230 36.541 9.595
95 1 1 37.703 10.217 36.534 9.602
96 1 1 37.651 10.336 36.401 9.549
97 1 1 37.611 10.250 36.441 9.635
98 1 1 37.551 10.251 36.381 9.636
99 1 1 37.504 10.251 36.335 9.636
100 1 1 37.445 10.258 36.275 9.643
101 1 1 37.398 10.265 36.229 9.650
102 1 1 37.339 10.259 36.169 9.643
103 1 1 37.279 10.266 36.109 9.650
104 1 1 37.219 10.259 36.049 9.644
105 1 1 37.173 10.266 36.003 9.651
106 1 1 37.113 10.260 35.943 9.645
107 1 1 37.053 10.267 35.883 9.652
108 1 1 36.980 10.274 35.810 9.659
109 1 1 36.920 10.281 35.751 9.666
110 1 1 36.847 10.275 35.678 9.659
111 1 1 36.801 10.282 35.631 9.666
112 1 1 36.741 10.289 35.571 9.673
113 1 1 36.682 10.296 35.512 9.680
114 1 1 36.622 10.302 35.452 9.687
115 1 1 36.589 10.283 35.498 9.634
116 1 1 36.529 10.270 35.512 9.627
117 1 1 36.443 10.290 35.498 9.608
118 1 1 36.549 10.257 35.399 9.641
119 1 1 36.496 10.250 35.346 9.635
120 1 1 36.442 10.257 35.292 9.642
121 1 1 36.389 10.251 35.239 9.636
122 1 1 36.323 10.258 35.173 9.643
123 1 1 36.257 10.252 35.106 9.636
124 1 1 36.203 10.245 35.053 9.630
125 1 1 36.150 10.239 35.000 9.624
126 1 1 36.097 10.246 34.947 9.631
127 1 1 36.044 10.240 34.894 9.624
128 1 1 35.991 10.233 34.841 9.618
129 1 1 35.938 10.227 34.788 9.612
130 1 1 35.898 10.234 34.748 9.619
131 1 1 35.858 10.241 34.708 9.625
132 1 1 35.805 10.234 34.655 9.619
133 1 1 35.752 10.228 34.602 9.613
134 1 1 35.699 10.235 34.549 9.620
135 1 1 35.646 10.229 34.495 9.613
136 1 1 35.426 10.223 34.309 9.608
137 1 1 35.440 10.223 34.296 9.608
138 1 1 35.393 10.230 34.250 9.615
139 1 1 35.334 10.237 34.190 9.622
140 1 1 35.287 10.244 34.143 9.629
141 1 1 35.227 10.251 34.084 9.636
142 1 1 35.181 10.258 34.037 9.642
143 1 1 35.108 10.265 33.964 9.649
144 1 1 35.048 10.272 33.904 9.656
145 1 1 35.002 10.292 33.858 9.677
146 1 1 34.955 10.299 33.811 9.683
147 1 1 34.909 10.306 33.765 9.690
148 1 1 34.862 10.300 33.718 9.684
149 1 1 34.802 10.307 33.658 9.691
150 1 1 34.756 10.313 33.612 9.698
151 1 1 34.696 10.320 33.552 9.705
152 1 1 34.636 10.314 33.492 9.699
153 1 1 34.576 10.321 33.433 9.706
154 1 1 34.530 10.315 33.386 9.699
155 1 1 34.470 10.322 33.326 9.706
156 1 1 34.424 10.315 33.280 9.700
157 1 1 34.351 10.322 33.207 9.707
158 1 1 34.304 10.316 33.160 9.700
159 1 1 34.244 10.323 33.100 9.707
160 1 1 34.211 10.317 33.067 9.701
161 1 1 34.165 10.324 33.021 9.708
162 1 1 34.131 10.317 32.987 9.701
163 1 1 34.072 10.324 32.928 9.708
164 1 1 34.038 10.318 32.894 9.702
165 1 1 33.979 10.325 32.834 9.709
166 1 1 33.932 10.318 32.788 9.703
167 1 1 33.859 10.325 32.715 9.710
168 1 1 33.812 10.332 32.668 9.717
169 1 1 33.766 10.339 32.622 9.723
170 1 1 33.719 10.346 32.575 9.730
171 1 1 33.660 10.353 32.515 9.737
172 1 1 33.626 10.360 32.482 9.744
173 1 1 33.567 10.367 32.422 9.751
174 1 1 33.520 10.374 32.376 9.758
175 1 1 33.487 10.380 32.343 9.765
176 1 1 33.467 10.374 32.323 9.758
178 1 1 33.460 10.367 32.316 9.752
179 1 1 33.427 10.374 32.283 9.758
180 1 1 33.394 10.381 32.250 9.765
181 1 1 33.361 10.388 32.216 9.772
182 1 1 33.075 10.350 31.957 9.727
183 1 1 33.088 10.343 31.950 9.727
184 1 1 33.048 10.337 31.911 9.721
185 1 1 33.008 10.344 31.871 9.728
186 1 1 32.968 10.324 31.831 9.708
187 1 1 32.915 10.331 31.778 9.715
188 1 1 32.849 10.311 31.711 9.696
189 1 1 32.769 10.305 31.631 9.689
191 1 1 32.762 10.299 31.625 9.683
192 1 1 32.723 10.306 31.585 9.690
193 1 1 32.696 10.299 31.558 9.683
194 1 1 32.656 10.306 31.518 9.690
195 1 1 32.616 10.300 31.478 9.684
196 1 1 32.576 10.306 31.438 9.691
197 1 1 32.523 10.300 31.385 9.684
198 1 1 32.470 10.307 31.332 9.691
199 1 1 32.417 10.301 31.279 9.685
0 2 1 42.158 9.662 41.076 9.040
1 2 1 42.191 9.681 41.056 9.033
2 2 1 42.138 9.675 41.003 9.027
3 2 1 42.098 9.669 40.963 9.021
4 2 1 42.052 9.676 40.917 9.028
5 2 1 41.972 9.656 40.837 9.008
6 2 1 41.919 9.663 40.784 9.015
7 2 1 41.860 9.657 40.725 9.009
8 2 1 41.588 9.658 40.393 8.971
9 2 1 41.588 9.652 40.406 8.978
10 2 1 41.542 9.652 40.360 8.978
11 2 1 41.482 9.652 40.300 8.978
12 2 1 41.436 9.653 40.254 8.979
13 2 1 41.376 9.653 40.194 8.979
14 2 1 41.316 9.640 40.135 8.966
15 2 1 41.243 9.614 40.062 8.940
16 2 1 41.184 9.601 40.002 8.927
17 2 1 41.151 9.601 39.969 8.927
18 2 1 41.104 9.602 39.922 8.928
19 2 1 41.044 9.589 39.863 8.915
20 2 1 40.998 9.563 39.816 8.888
21 2 1 40.925 9.550 39.743 8.876
22 2 1 40.879 9.563 39.697 8.889
23 2 1 40.825 9.405 39.637 8.718
24 2 1 40.819 9.398 39.637 8.724
25 2 1 40.772 9.385 39.590 8.711
26 2 1 40.712 9.359 39.530 8.685
27 2 1 40.666 9.346 39.484 8.672
28 2 1 40.580 9.320 39.398 8.646
29 2 1 40.546 9.281 39.364 8.607
30 2 1 40.513 9.241 39.331 8.567
31 2 1 40.467 9.202 39.285 8.528
32 2 1 40.394 9.176 39.212 8.502
33 2 1 40.347 9.163 39.165 8.489
34 2 1 40.288 9.150 39.105 8.476
35 2 1 40.241 9.124 39.059 8.450
36 2 1 40.181 9.111 38.999 8.437
37 2 1 40.148 9.085 38.966 8.411
38 2 1 40.088 9.072 38.906 8.398
39 2 1 40.042 9.046 38.860 8.371
40 2 1 39.982 9.020 38.800 8.345
41 2 1 39.916 9.060 38.714 8.293
42 2 1 39.903 9.014 38.720 8.333
43 2 1 39.803 8.875 38.628 8.313
44 2 1 39.810 8.928 38.634 8.260
45 2 1 39.770 8.909 38.594 8.241
46 2 1 39.730 8.915 38.554 8.248
47 2 1 39.677 8.909 38.501 8.241
48 2 1 39.564 8.791 38.435 8.169
49 2 1 39.584 8.810 38.415 8.149
50 2 1 39.537 8.804 38.368 8.143
51 2 1 39.491 8.784 38.322 8.123
52 2 1 39.444 8.758 38.275 8.097
53 2 1 39.398 8.732 38.229 8.071
54 2 1 39.351 8.693 38.182 8.031
55 2 1 39.305 8.680 38.136 8.018
56 2 1 39.258 8.654 38.090 7.992
57 2 1 39.199 8.614 38.030 7.953
58 2 1 39.139 8.588 37.970 7.927
59 2 1 39.112 8.549 37.943 7.887
60 2 1 39.072 8.496 37.903 7.835
61 2 1 39.026 8.470 37.857 7.808
62 2 1 38.960 8.457 37.791 7.796
63 2 1 38.920 8.417 37.751 7.756
64 2 1 38.873 8.391 37.704 7.730
65 2 1 38.426 10.034 37.257 9.373
66 2 1 38.488 8.162 37.292 7.527
72 2 1 38.760 8.359 37.591 7.697
73 2 1 38.488 8.155 37.252 7.468
74 2 1 38.461 8.149 37.286 7.488
75 2 1 38.422 8.136 37.246 7.475
76 2 1 38.355 8.136 37.179 7.475
77 2 1 38.302 8.123 37.126 7.462
78 2 1 38.236 8.110 37.060 7.449
79 2 1 38.169 8.098 36.994 7.436
80 2 1 38.130 8.085 36.954 7.423
81 2 1 38.076 8.058 36.901 7.397
82 2 1 38.037 8.032 36.861 7.371
83 2 1 38.010 8.006 36.834 7.345
84 2 1 37.970 7.980 36.794 7.318
85 2 1 37.917 7.940 36.741 7.279
86 2 1 37.877 7.914 36.701 7.253
87 2 1 37.824 7.888 36.648 7.227
88 2 1 37.744 7.849 36.568 7.187
89 2 1 37.525 7.579 36.329 6.964
91 2 1 37.518 7.599 36.342 6.944
92 2 1 37.465 7.566 36.289 6.911
93 2 1 37.412 7.546 36.236 6.891
94 2 1 37.359 7.527 36.183 6.872
95 2 1 37.306 7.507 36.130 6.852
96 2 1 37.252 7.474 36.076 6.820
97 2 1 37.199 7.455 36.023 6.800
98 2 1 37.133 7.422 35.957 6.767
99 2 1 37.080 7.403 35.904 6.748
100 2 1 37.027 7.383 35.851 6.728
101 2 1 37.000 7.476 35.818 6.808
102 2 1 36.994 7.463 35.818 6.808
103 2 1 36.940 7.443 35.764 6.788
104 2 1 36.887 7.424 35.711 6.769
105 2 1 36.834 7.404 35.658 6.749
106 2 1 36.768 7.385 35.592 6.730
107 2 1 36.728 7.365 35.552 6.710
108 2 1 36.688 7.345 35.512 6.690
109 2 1 36.635 7.339 35.459 6.684
110 2 1 36.595 7.319 35.419 6.664
111 2 1 36.542 7.313 35.366 6.658
112 2 1 36.476 7.280 35.299 6.625
113 2 1 36.409 7.261 35.233 6.606
114 2 1 36.356 7.228 35.180 6.573
115 2 1 36.303 7.209 35.127 6.554
116 2 1 36.250 7.176 35.073 6.521
117 2 1 36.183 7.156 35.007 6.501
118 2 1 36.104 7.110 34.927 6.455
119 2 1 36.064 7.078 34.887 6.423
120 2 1 36.024 7.045 34.847 6.390
121 2 1 35.984 7.012 34.808 6.357
122 2 1 35.931 6.992 34.754 6.337
123 2 1 35.891 6.973 34.715 6.318
124 2 1 35.838 6.966 34.661 6.311
125 2 1 35.785 6.947 34.608 6.292
126 2 1 35.731 6.927 34.555 6.272
127 2 1 35.678 6.908 34.502 6.253
128 2 1 35.625 6.875 34.449 6.220
129 2 1 35.559 6.869 34.382 6.214
130 2 1 35.506 6.849 34.329 6.194
131 2 1 35.453 6.843 34.276 6.188
132 2 1 35.386 6.823 34.210 6.168
133 2 1 35.320 6.817 34.143 6.162
134 2 1 35.267 6.797 34.090 6.142
135 2 1 35.213 6.791 34.037 6.136
136 2 1 35.160 6.785 33.984 6.130
137 2 1 35.120 6.778 33.944 6.123
138 2 1 35.081 6.759 33.904 6.104
139 2 1 35.027 6.752 33.851 6.097
140 2 1 34.974 6.746 33.798 6.091
141 2 1 34.768 6.635 33.618 5.979
142 2 1 34.782 6.635 33.612 5.980
143 2 1 34.735 6.628 33.565 5.973
144 2 1 34.675 6.622 33.505 5.967
145 2 1 34.629 6.602 33.459 5.947
146 2 1 34.556 6.596 33.386 5.941
147 2 1 34.496 6.563 33.326 5.908
148 2 1 34.436 6.544 33.266 5.889
149 2 1 34.390 6.524 33.220 5.869
150 2 1 34.330 6.518 33.160 5.863
151 2 1 34.283 6.512 33.113 5.856
152 2 1 34.224 6.505 33.054 5.850
153 2 1 34.177 6.499 33.007 5.844
154 2 1 34.117 6.506 32.947 5.851
155 2 1 34.058 6.500 32.887 5.844
156 2 1 33.998 6.507 32.828 5.851
157 2 1 33.938 6.500 32.768 5.845
158 2 1 33.878 6.507 32.708 5.852
159 2 1 33.819 6.514 32.648 5.859
160 2 1 33.772 6.521 32.602 5.866
161 2 1 33.726 6.528 32.555 5.873
162 2 1 33.653 6.535 32.482 5.880
163 2 1 33.593 6.542 32.422 5.886
164 2 1 33.533 6.562 32.363 5.907
165 2 1 33.500 6.555 32.330 5.900
166 2 1 33.453 6.562 32.283 5.907
167 2 1 33.407 6.569 32.237 5.914
168 2 1 33.360 6.576 32.190 5.921
169 2 1 33.314 6.583 32.144 5.928
170 2 1 33.254 6.603 32.084 5.948
171 2 1 33.194 6.610 32.024 5.955
172 2 1 33.135 6.630 31.964 5.975
173 2 1 33.088 6.624 31.918 5.968
174 2 1 33.042 6.644 31.871 5.988
175 2 1 32.995 6.651 31.825 5.995
176 2 1 32.922 6.671 31.752 6.016
177 2 1 32.849 6.678 31.679 6.023
178 2 1 32.803 6.685 31.632 6.029
179 2 1 32.756 6.678 31.585 6.023
180 2 1 32.710 6.685 31.539 6.030
181 2 1 32.663 6.692 31.492 6.037
182 2 1 32.617 6.712 31.446 6.057
183 2 1 32.583 6.719 31.413 6.064
184 2 1 32.524 6.739 31.353 6.084
185 2 1 32.378 6.938 31.087 6.211
186 2 1 32.325 6.899 31.147 6.244
187 2 1 32.271 6.919 31.094 6.264
188 2 1 32.218 6.953 31.041 6.297
189 2 1 32.152 6.960 30.974 6.304
190 2 1 32.085 6.980 30.908 6.324
191 2 1 32.032 7.000 30.855 6.344
192 2 1 31.979 7.020 30.802 6.365
193 2 1 31.926 7.040 30.749 6.385
194 2 1 31.873 7.047 30.695 6.392
195 2 1 31.833 7.041 30.656 6.385
196 2 1 31.780 7.061 30.602 6.405
197 2 1 31.740 7.081 30.562 6.425
198 2 1 31.700 7.101 30.523 6.445
199 2 1 31.634 7.121 30.456 6.466
0 3 1 41.725 11.073 40.663 10.484
1 3 1 41.751 11.092 40.643 10.477
2 3 1 41.698 11.093 40.590 10.478
3 3 1 41.645 11.080 40.536 10.465
4 3 1 41.592 11.067 40.483 10.452
5 3 1 41.539 11.080 40.430 10.465
6 3 1 41.473 11.068 40.364 10.452
7 3 1 41.433 11.081 40.324 10.466
8 3 1 41.201 11.049 39.939 10.382
9 3 1 41.188 11.043 39.959 10.389
10 3 1 41.135 11.036 39.906 10.382
11 3 1 41.082 11.043 39.853 10.389
12 3 1 41.029 11.037 39.800 10.383
13 3 1 40.976 11.031 39.747 10.377
14 3 1 40.936 11.024 39.707 10.370
15 3 1 40.896 11.018 39.668 10.364
16 3 1 40.830 10.999 39.601 10.345
17 3 1 40.777 10.992 39.548 10.338
18 3 1 40.724 10.973 39.495 10.319
19 3 1 40.684 10.966 39.455 10.312
20 3 1 40.617 10.960 39.389 10.306
21 3 1 40.578 10.954 39.349 10.300
22 3 1 40.525 10.948 39.296 10.293
23 3 1 40.459 11.034 39.223 10.413
24 3 1 40.452 11.041 39.223 10.400
25 3 1 40.399 11.034 39.170 10.393
26 3 1 40.333 11.041 39.104 10.400
27 3 1 40.279 11.035 39.051 10.394
28 3 1 40.213 11.042 38.984 10.401
29 3 1 40.160 11.036 38.931 10.395
30 3 1 40.107 11.043 38.878 10.402
31 3 1 40.054 11.036 38.825 10.395
32 3 1 40.001 11.043 38.772 10.402
33 3 1 39.948 11.050 38.719 10.409
34 3 1 39.908 11.044 38.679 10.403
35 3 1 39.855 11.038 38.626 10.397
36 3 1 39.802 11.044 38.573 10.403
37 3 1 39.749 11.038 38.520 10.397
38 3 1 39.696 11.045 38.467 10.404
39 3 1 39.630 11.052 38.401 10.411
40 3 1 39.577 11.059 38.348 10.418
41 3 1 39.443 10.908 38.168 10.280
42 3 1 39.424 10.914 38.188 10.280
43 3 1 39.377 10.915 38.142 10.280
44 3 1 39.331 10.915 38.095 10.281
45 3 1 39.284 10.902 38.049 10.268
46 3 1 39.251 11.001 38.042 10.354
47 3 1 39.265 10.988 38.036 10.354
48 3 1 39.218 10.988 37.989 10.354
49 3 1 39.178 10.975 37.949 10.341
50 3 1 39.125 10.976 37.896 10.341
51 3 1 39.072 10.976 37.843 10.342
52 3 1 39.032 10.976 37.803 10.342
53 3 1 38.979 10.977 37.750 10.342
54 3 1 38.926 10.964 37.697 10.329
55 3 1 38.873 10.964 37.644 10.330
56 3 1 38.807 10.964 37.578 10.330
57 3 1 38.754 10.965 37.525 10.330
58 3 1 38.701 10.978 37.472 10.344
59 3 1 38.628 10.979 37.399 10.344
60 3 1 38.581 10.979 37.352 10.345
61 3 1 38.515 10.979 37.286 10.345
62 3 1 38.455 10.980 37.226 10.345
63 3 1 38.396 10.993 37.166 10.359
64 3 1 38.342 11.007 37.113 10.372
65 3 1 38.289 11.020 37.060 10.386
66 3 1 38.250 11.021 37.020 10.386
67 3 1 38.197 11.021 36.967 10.386
68 3 1 38.157 11.021 36.927 10.387
69 3 1 38.104 11.022 36.874 10.387
70 3 1 38.051 11.022 36.821 10.387
71 3 1 37.991 11.036 36.761 10.401
72 3 1 37.918 11.049 36.688 10.415
73 3 1 37.865 11.063 36.635 10.428
74 3 1 37.798 11.076 36.569 10.442
75 3 1 37.745 11.077 36.516 10.442
76 3 1 37.692 11.090 36.463 10.456
77 3 1 37.639 11.091 36.410 10.456
78 3 1 37.586 11.078 36.357 10.443
79 3 1 37.533 11.078 36.303 10.443
80 3 1 37.493 11.078 36.264 10.444
81 3 1 37.453 11.078 36.224 10.444
82 3 1 37.400 11.079 36.171 10.444
83 3 1 37.347 11.079 36.118 10.444
84 3 1 37.294 11.079 36.064 10.445
85 3 1 37.241 11.080 36.011 10.445
86 3 1 37.195 11.159 35.839 10.512
87 3 1 37.135 11.147 35.892 10.512
88 3 1 37.082 11.160 35.839 10.525
89 3 1 37.022 11.160 35.779 10.526
90 3 1 36.936 11.174 35.693 10.540
91 3 1 36.869 11.175 35.626 10.540
92 3 1 36.816 11.188 35.573 10.554
93 3 1 36.763 11.188 35.520 10.554
94 3 1 36.697 11.202 35.454 10.567
95 3 1 36.631 11.216 35.387 10.581
96 3 1 36.564 11.229 35.321 10.595
97 3 1 36.498 11.243 35.255 10.608
98 3 1 36.458 11.256 35.215 10.622
99 3 1 36.405 11.257 35.162 10.622
100 3 1 36.352 11.257 35.109 10.622
101 3 1 36.299 11.271 35.055 10.636
102 3 1 36.232 11.284 34.989 10.650
103 3 1 36.212 11.218 34.949 10.570
104 3 1 36.199 11.212 34.956 10.577
105 3 1 36.146 11.225 34.903 10.591
106 3 1 36.079 11.212 34.836 10.578
107 3 1 36.026 11.226 34.783 10.591
108 3 1 35.973 11.213 34.730 10.578
109 3 1 35.920 11.213 34.677 10.579
110 3 1 35.867 11.200 34.623 10.566
111 3 1 35.814 11.174 34.570 10.540
112 3 1 35.761 11.161 34.517 10.527
113 3 1 35.708 11.294 34.464 10.666
114 3 1 35.708 11.288 34.464 10.659
115 3 1 35.655 11.281 34.411 10.653
116 3 1 35.601 11.288 34.358 10.660
117 3 1 35.548 11.282 34.305 10.654
118 3 1 35.482 11.276 34.238 10.647
119 3 1 35.429 11.269 34.185 10.641
120 3 1 35.362 11.276 34.119 10.648
121 3 1 35.309 11.270 34.066 10.642
122 3 1 35.243 11.277 33.999 10.649
123 3 1 35.190 11.271 33.946 10.643
124 3 1 35.136 11.278 33.893 10.650
125 3 1 35.083 11.285 33.840 10.656
126 3 1 35.030 11.292 33.787 10.663
127 3 1 34.964 11.285 33.720 10.657
128 3 1 34.911 11.306 33.667 10.677
129 3 1 34.857 11.299 33.614 10.671
130 3 1 34.818 11.306 33.574 10.678
131 3 1 34.764 11.300 33.521 10.672
132 3 1 34.711 11.294 33.468 10.665
133 3 1 34.645 11.287 33.401 10.659
134 3 1 34.592 11.307 33.348 10.679
135 3 1 34.525 11.301 33.281 10.673
136 3 1 34.339 11.302 33.075 10.687
137 3 1 34.333 11.302 33.089 10.681
138 3 1 34.279 11.303 33.036 10.681
139 3 1 34.226 11.303 32.982 10.681
140 3 1 34.173 11.317 32.929 10.695
141 3 1 34.120 11.317 32.876 10.695
142 3 1 34.067 11.304 32.823 10.682
143 3 1 34.014 11.291 32.770 10.669
144 3 1 33.960 11.278 32.716 10.657
145 3 1 33.921 11.265 32.677 10.643
146 3 1 33.881 11.265 32.637 10.644
147 3 1 33.828 11.266 32.584 10.644
148 3 1 33.774 11.266 32.530 10.644
149 3 1 33.721 11.253 32.477 10.631
150 3 1 33.655 11.240 32.411 10.619
151 3 1 33.602 11.241 32.357 10.619
152 3 1 33.548 11.228 32.304 10.606
153 3 1 33.482 11.228 32.238 10.606
154 3 1 33.402 11.215 32.158 10.594
155 3 1 33.349 11.216 32.105 10.594
156 3 1 33.296 11.203 32.052 10.581
157 3 1 33.243 11.203 31.998 10.581
158 3 1 33.176 11.190 31.932 10.568
159 3 1 33.136 11.190 31.892 10.569
160 3 1 33.070 11.191 31.825 10.569
161 3 1 33.043 11.191 31.799 10.569
162 3 1 33.003 11.204 31.759 10.583
163 3 1 32.950 11.192 31.706 10.570
164 3 1 32.897 11.179 31.653 10.557
165 3 1 32.830 11.179 31.586 10.557
166 3 1 32.791 11.179 31.546 10.557
167 3 1 32.711 11.180 31.466 10.558
168 3 1 32.658 11.180 31.413 10.558
169 3 1 32.591 11.180 31.347 10.559
170 3 1 32.538 11.181 31.293 10.559
171 3 1 32.485 11.181 31.240 10.559
172 3 1 32.432 11.168 31.187 10.546
173 3 1 32.392 11.168 31.147 10.547
174 3 1 32.352 11.169 31.107 10.547
175 3 1 32.312 11.156 31.067 10.534
177 3 1 32.305 11.149 31.061 10.527
178 3 1 32.279 11.149 31.034 10.527
179 3 1 32.252 11.149 31.007 10.528
180 3 1 32.225 11.150 30.981 10.528
181 3 1 32.185 11.150 30.941 10.528
182 3 1 32.146 11.150 30.901 10.528
183 3 1 32.079 11.150 30.835 10.529
184 3 1 32.026 11.151 30.781 10.529
185 3 1 31.973 11.151 30.728 10.529
186 3 1 31.906 11.138 30.662 10.516
187 3 1 31.813 11.126 30.568 10.504
188 3 1 31.747 11.086 30.502 10.464
189 3 1 31.680 11.087 30.435 10.465
190 3 1 31.627 11.087 30.382 10.465
191 3 1 31.560 11.074 30.316 10.452
193 3 1 31.554 11.067 30.309 10.446
194 3 1 31.514 11.068 30.269 10.446
195 3 1 31.474 11.068 30.229 10.446
196 3 1 31.461 11.068 30.216 10.446
197 3 1 31.421 11.068 30.176 10.446
198 3 1 31.407 11.055 30.163 10.433
199 3 1 31.474 11.002 30.229 10.380
28 4 2 18.572 9.433 17.857 9.132
29 4 2 18.592 9.446 17.844 9.132
30 4 2 18.826 9.690 17.844 9.132
31 4 2 18.852 9.664 17.844 9.125
32 4 2 18.939 9.670 17.837 9.172
33 4 2 19.039 9.662 17.857 9.152
34 4 2 19.139 9.728 17.931 9.158
35 4 2 19.233 9.734 17.951 9.171
36 4 2 19.306 9.807 17.904 9.105
37 4 2 19.406 9.813 17.918 9.098
38 4 2 19.553 9.832 17.911 9.085
39 4 2 19.326 9.747 18.105 9.170
40 4 2 19.947 9.883 17.958 9.071
41 4 2 19.887 9.784 18.138 9.183
42 4 2 19.673 9.772 18.312 9.176
43 4 2 19.787 9.791 18.425 9.195
44 4 2 19.874 9.804 18.512 9.208
45 4 2 20.000 9.796 18.639 9.200
46 4 2 20.401 9.821 18.605 9.187
47 4 2 20.207 9.802 18.786 9.206
48 4 2 20.334 9.814 18.912 9.219
49 4 2 20.421 9.827 18.999 9.231
50 4 2 20.514 9.826 19.093 9.231
51 4 2 20.721 9.839 19.300 9.243
52 4 2 20.955 9.884 19.220 9.237
53 4 2 21.168 9.935 19.326 9.183
54 4 2 20.881 9.818 19.406 9.209
55 4 2 21.322 9.948 19.533 9.215
56 4 2 21.162 9.882 19.673 9.274
57 4 2 21.162 10.022 19.673 9.413
58 4 2 21.622 9.920 19.840 9.286
59 4 2 21.755 9.959 19.874 9.253
60 4 2 21.822 9.945 19.974 9.332
61 4 2 21.669 9.946 20.121 9.338
62 4 2 22.049 9.977 20.147 9.298
63 4 2 21.869 9.938 20.314 9.330
64 4 2 21.975 9.937 20.421 9.330
65 4 2 22.416 9.988 20.521 9.336
66 4 2 22.582 10.000 20.628 9.289
67 4 2 22.556 9.974 20.768 9.301
68 4 2 22.696 9.986 20.895 9.314
69 4 2 22.776 9.966 20.961 9.346
70 4 2 22.656 9.953 21.061 9.346
71 4 2 22.762 9.953 21.168 9.345
72 4 2 22.842 9.952 21.248 9.345
73 4 2 22.976 9.952 21.382 9.344
74 4 2 23.082 9.951 21.488 9.343
75 4 2 23.182 9.950 21.588 9.343
76 4 2 23.536 9.968 21.702 9.269
77 4 2 23.656 10.001 21.822 9.268
78 4 2 23.536 9.935 21.935 9.328
79 4 2 23.822 9.967 22.029 9.261
80 4 2 23.982 9.946 22.169 9.240
81 4 2 24.142 9.938 22.295 9.246
82 4 2 24.009 9.892 22.409 9.285
83 4 2 24.109 9.892 22.509 9.284
84 4 2 24.462 9.930 22.635 9.224
85 4 2 24.589 9.936 22.709 9.230
86 4 2 24.622 9.922 22.775 9.197
87 4 2 24.749 9.948 22.922 9.229
88 4 2 24.629 9.889 23.022 9.282
89 4 2 24.735 9.888 23.129 9.281
90 4 2 24.829 9.874 23.222 9.267
91 4 2 24.962 9.860 23.355 9.253
92 4 2 25.069 9.860 23.462 9.253
93 4 2 25.169 9.859 23.562 9.252
94 4 2 25.295 9.845 23.689 9.238
95 4 2 25.402 9.831 23.795 9.224
96 4 2 25.508 9.831 23.902 9.224
97 4 2 25.628 9.817 24.022 9.210
98 4 2 25.735 9.803 24.129 9.196
99 4 2 25.848 9.802 24.242 9.195
100 4 2 25.975 9.788 24.368 9.181
101 4 2 26.095 9.774 24.488 9.167
102 4 2 26.214 9.774 24.608 9.166
103 4 2 26.447 9.653 24.635 9.060
104 4 2 26.348 9.660 24.735 9.060
105 4 2 26.461 9.653 24.848 9.052
106 4 2 26.574 9.646 24.961 9.045
107 4 2 26.700 9.625 25.088 9.025
108 4 2 26.814 9.618 25.201 9.017
109 4 2 26.940 9.597 25.328 8.997
110 4 2 27.053 9.590 25.441 8.989
111 4 2 27.180 9.569 25.568 8.969
112 4 2 27.293 9.549 25.681 8.948
113 4 2 27.419 9.528 25.807 8.928
114 4 2 27.546 9.508 25.934 8.907
115 4 2 27.672 9.487 26.060 8.887
116 4 2 27.786 9.466 26.174 8.866
117 4 2 27.912 9.446 26.300 8.845
118 4 2 28.038 9.425 26.427 8.825
119 4 2 28.165 9.405 26.553 8.804
120 4 2 28.291 9.384 26.680 8.784
121 4 2 28.418 9.350 26.806 8.750
122 4 2 28.544 9.330 26.933 8.729
123 4 2 28.684 9.309 27.072 8.709
124 4 2 28.797 9.288 27.186 8.688
125 4 2 28.937 9.268 27.325 8.667
126 4 2 29.050 9.247 27.439 8.647
127 4 2 29.190 9.213 27.578 8.613
128 4 2 29.303 9.193 27.691 8.593
129 4 2 29.442 9.172 27.831 8.572
130 4 2 29.569 9.152 27.958 8.551
131 4 2 29.708 9.118 28.097 8.517
132 4 2 29.821 9.110 28.211 8.510
133 4 2 29.961 9.076 28.350 8.476
134 4 2 30.087 9.056 28.477 8.456
135 4 2 30.227 9.035 28.616 8.435
136 4 2 30.353 9.015 28.743 8.414
137 4 2 30.493 8.994 28.882 8.394
138 4 2 30.619 8.973 29.009 8.373
139 4 2 30.759 8.953 29.149 8.353
140 4 2 30.885 8.932 29.275 8.332
141 4 2 31.012 8.912 29.401 8.311
142 4 2 31.138 8.891 29.528 8.291
143 4 2 31.278 8.870 29.667 8.270
144 4 2 31.404 8.850 29.794 8.250
145 4 2 31.543 8.829 29.933 8.229
146 4 2 31.670 8.809 30.060 8.209
147 4 2 31.809 8.788 30.199 8.188
148 4 2 31.936 8.781 30.326 8.181
149 4 2 32.075 8.760 30.465 8.160
150 4 2 32.215 8.739 30.605 8.139
151 4 2 32.354 8.719 30.744 8.119
152 4 2 32.480 8.711 30.871 8.111
153 4 2 32.620 8.691 31.010 8.091
154 4 2 32.746 8.683 31.137 8.083
155 4 2 32.886 8.676 31.276 8.076
156 4 2 33.025 8.682 31.416 8.082
157 4 2 33.165 8.674 31.556 8.074
158 4 2 33.291 8.680 31.682 8.080
159 4 2 33.431 8.673 31.821 8.073
160 4 2 33.557 8.679 31.948 8.079
161 4 2 33.710 8.685 32.101 8.085
162 4 2 33.849 8.690 32.240 8.091
163 4 2 33.989 8.696 32.380 8.096
164 4 2 34.128 8.715 32.519 8.116
165 4 2 34.268 8.721 32.659 8.121
166 4 2 34.407 8.740 32.798 8.140
167 4 2 34.560 8.759 32.951 8.159
168 4 2 34.686 8.778 33.078 8.179
169 4 2 34.839 8.797 33.230 8.198
170 4 2 34.965 8.830 33.357 8.230
171 4 2 35.105 8.849 33.496 8.249
172 4 2 35.231 8.881 33.623 8.281
173 4 2 35.371 8.900 33.762 8.301
174 4 2 35.497 8.933 33.888 8.333
175 4 2 35.636 8.965 34.028 8.365
176 4 2 35.763 8.997 34.154 8.398
177 4 2 35.902 9.043 34.294 8.443
178 4 2 36.042 9.088 34.433 8.489
179 4 2 36.181 9.121 34.573 8.521
180 4 2 36.307 9.166 34.699 8.567
181 4 2 36.447 9.212 34.839 8.612
182 4 2 36.726 9.442 34.905 8.539
183 4 2 36.613 9.290 35.005 8.691
184 4 2 36.739 9.336 35.131 8.736
185 4 2 36.852 9.381 35.244 8.782
186 4 2 36.992 9.440 35.384 8.841
187 4 2 37.104 9.486 35.497 8.886
188 4 2 37.244 9.545 35.636 8.945
189 4 2 37.357 9.590 35.749 8.991
190 4 2 37.496 9.649 35.889 9.050
191 4 2 37.623 9.708 36.015 9.108
192 4 2 37.762 9.767 36.155 9.167
193 4 2 37.935 10.057 36.247 9.087
194 4 2 37.895 9.872 36.288 9.259
195 4 2 38.021 9.917 36.414 9.305
196 4 2 38.294 10.187 36.673 9.270
197 4 2 38.280 10.035 36.673 9.416
198 4 2 38.407 10.087 36.799 9.468
199 4 2 38.533 10.152 36.925 9.533
37 5 2 18.205 7.578 17.858 7.274
38 5 2 18.232 7.604 17.838 7.261
39 5 2 18.238 7.604 17.851 7.254
40 5 2 18.339 7.590 17.945 7.241
41 5 2 18.465 7.576 18.072 7.227
43 5 2 18.459 7.576 18.065 7.227
44 5 2 18.579 7.556 18.185 7.206
45 5 2 18.706 7.548 18.312 7.199
46 5 2 19.800 7.735 17.965 7.048
47 5 2 19.660 7.702 18.092 7.081
48 5 2 19.780 7.702 18.212 7.080
49 5 2 19.920 7.701 18.352 7.079
50 5 2 20.034 7.687 18.465 7.065
51 5 2 20.167 7.686 18.599 7.065
52 5 2 20.594 7.710 18.752 6.991
53 5 2 20.507 7.678 18.826 7.017
54 5 2 20.634 7.677 18.953 7.016
55 5 2 20.788 7.663 19.106 7.002
56 5 2 20.901 7.662 19.220 7.002
57 5 2 21.028 7.662 19.346 7.001
58 5 2 21.408 7.653 19.540 7.020
59 5 2 21.335 7.660 19.607 7.013
60 5 2 21.468 7.659 19.740 7.012
61 5 2 21.615 7.659 19.887 7.011
62 5 2 21.735 7.658 20.007 7.011
63 5 2 21.868 7.657 20.140 7.010
64 5 2 22.008 7.656 20.281 7.009
65 5 2 22.148 7.656 20.421 7.009
66 5 2 22.295 7.655 20.567 7.008
67 5 2 22.441 7.654 20.714 7.007
68 5 2 22.561 7.653 20.834 7.006
69 5 2 22.695 7.653 20.968 7.006
70 5 2 22.861 7.652 21.134 7.005
71 5 2 22.988 7.651 21.261 7.004
72 5 2 23.121 7.664 21.394 7.017
73 5 2 23.281 7.663 21.554 7.016
74 5 2 23.388 7.662 21.661 7.015
75 5 2 23.535 7.661 21.808 7.015
76 5 2 23.788 7.686 22.061 7.040
77 5 2 23.815 7.686 22.088 7.040
78 5 2 23.948 7.686 22.221 7.039
79 5 2 23.988 7.685 22.261 7.039
80 5 2 24.228 7.724 22.501 7.077
81 5 2 24.374 7.736 22.648 7.090
82 5 2 24.481 7.749 22.755 7.102
83 5 2 24.641 7.748 22.914 7.101
84 5 2 24.774 7.774 23.048 7.127
85 5 2 24.894 7.786 23.168 7.140
86 5 2 25.054 7.786 23.328 7.139
87 5 2 25.200 7.798 23.474 7.151
88 5 2 25.320 7.811 23.594 7.164
89 5 2 25.467 7.810 23.741 7.163
90 5 2 25.613 7.809 23.888 7.162
91 5 2 25.753 7.822 24.027 7.175
92 5 2 25.906 7.834 24.181 7.187
93 5 2 26.053 7.833 24.327 7.187
94 5 2 26.179 7.832 24.454 7.186
95 5 2 26.333 7.845 24.607 7.198
96 5 2 26.492 7.857 24.767 7.211
97 5 2 26.632 7.843 24.907 7.197
98 5 2 26.772 7.856 25.047 7.209
99 5 2 26.918 7.855 25.193 7.208
100 5 2 27.072 7.867 25.346 7.221
101 5 2 27.211 7.880 25.486 7.233
102 5 2 27.371 7.866 25.646 7.219
103 5 2 27.511 7.878 25.786 7.232
104 5 2 27.651 7.877 25.926 7.231
105 5 2 27.797 7.877 26.072 7.230
106 5 2 27.937 7.889 26.212 7.243
107 5 2 28.077 7.902 26.352 7.255
108 5 2 28.223 7.901 26.499 7.254
109 5 2 28.363 7.900 26.638 7.254
110 5 2 28.516 7.899 26.791 7.253
111 5 2 28.676 7.898 26.951 7.252
112 5 2 28.815 7.898 27.091 7.251
113 5 2 28.968 7.897 27.244 7.250
114 5 2 29.141 7.896 27.417 7.250
115 5 2 29.274 7.895 27.550 7.249
116 5 2 29.421 7.894 27.697 7.248
117 5 2 29.580 7.893 27.856 7.247
118 5 2 29.733 7.893 28.009 7.246
119 5 2 29.886 7.892 28.162 7.246
120 5 2 30.033 7.891 28.309 7.245
121 5 2 30.186 7.890 28.462 7.244
122 5 2 30.339 7.889 28.615 7.243
123 5 2 30.485 7.888 28.761 7.242
124 5 2 30.651 7.901 28.928 7.255
125 5 2 30.804 7.913 29.081 7.267
126 5 2 30.977 7.899 29.254 7.253
127 5 2 31.123 7.911 29.400 7.265
128 5 2 31.283 7.911 29.560 7.265
129 5 2 31.442 7.923 29.719 7.277
130 5 2 31.589 7.935 29.866 7.289
131 5 2 31.735 7.935 30.012 7.289
132 5 2 31.894 7.947 30.171 7.301
133 5 2 32.054 7.972 30.331 7.327
134 5 2 32.200 7.985 30.477 7.339
135 5 2 32.346 7.984 30.624 7.338
136 5 2 32.393 7.971 30.670 7.305
137 5 2 32.393 7.957 30.670 7.312
138 5 2 32.539 7.970 30.816 7.324
139 5 2 32.692 7.995 30.969 7.350
140 5 2 32.845 8.008 31.122 7.362
141 5 2 32.991 8.007 31.269 7.361
142 5 2 33.150 8.019 31.428 7.374
143 5 2 33.297 8.045 31.574 7.399
144 5 2 33.443 8.071 31.721 7.425
145 5 2 33.602 8.083 31.880 7.437
146 5 2 33.748 8.096 32.026 7.450
147 5 2 33.908 8.134 32.186 7.489
148 5 2 34.054 8.147 32.332 7.501
149 5 2 34.214 8.186 32.492 7.540
150 5 2 34.360 8.198 32.638 7.552
151 5 2 34.506 8.224 32.784 7.578
152 5 2 34.665 8.249 32.944 7.604
153 5 2 34.812 8.288 33.090 7.643
154 5 2 34.958 8.314 33.236 7.668
155 5 2 35.104 8.339 33.382 7.694
156 5 2 35.250 8.378 33.529 7.733
157 5 2 35.396 8.417 33.675 7.772
158 5 2 35.542 8.443 33.821 7.797
159 5 2 35.688 8.468 33.967 7.823
160 5 2 35.848 8.494 34.127 7.849
161 5 2 35.994 8.533 34.273 7.888
162 5 2 36.140 8.585 34.419 7.940
163 5 2 36.286 8.637 34.565 7.992
164 5 2 36.432 8.676 34.711 8.031
165 5 2 36.578 8.715 34.858 8.070
166 5 2 36.725 8.767 35.004 8.122
167 5 2 36.871 8.819 35.150 8.174
168 5 2 37.003 8.871 35.283 8.226
169 5 2 37.150 8.923 35.429 8.278
170 5 2 37.282 8.975 35.562 8.330
171 5 2 37.442 9.028 35.721 8.382
172 5 2 37.575 9.080 35.854 8.434
173 5 2 37.681 9.297 35.974 8.467
174 5 2 37.688 9.211 35.974 8.546
175 5 2 37.814 9.257 36.100 8.592
176 5 2 37.953 9.302 36.240 8.637
177 5 2 38.093 9.361 36.379 8.696
178 5 2 38.306 9.525 36.512 8.715
179 5 2 38.266 9.453 36.545 8.775
180 5 2 38.398 9.498 36.678 8.820
181 5 2 38.531 9.557 36.811 8.879
182 5 2 38.664 9.616 36.944 8.938
183 5 2 38.797 9.661 37.077 8.983
184 5 2 38.930 9.720 37.210 9.042
185 5 2 39.062 9.779 37.342 9.101
186 5 2 39.209 9.851 37.489 9.173
187 5 2 39.341 9.896 37.621 9.218
188 5 2 39.474 9.968 37.754 9.290
189 5 2 39.607 10.014 37.887 9.336
190 5 2 39.740 10.086 38.020 9.408
191 5 2 39.886 10.144 38.166 9.467
192 5 2 40.019 10.216 38.299 9.539
193 5 2 40.271 10.519 38.677 9.622
194 5 2 40.318 10.413 38.611 9.722
195 5 2 40.437 10.472 38.731 9.781
196 5 2 40.696 10.649 39.036 9.786
197 5 2 40.709 10.563 39.010 9.859
198 5 2 40.835 10.622 39.136 9.917
199 5 2 40.961 10.680 39.262 9.976
