0 0 1 39.436 10.451 38.366 9.798
1 0 1 39.338 10.497 38.419 9.896
2 0 1 39.351 10.478 38.425 9.876
3 0 1 39.299 10.491 38.373 9.890
4 0 1 39.241 10.491 38.314 9.890
5 0 1 39.149 10.491 38.197 9.936
6 0 1 39.084 10.583 38.386 9.870
7 0 1 39.169 10.498 38.034 9.917
8 0 1 39.078 10.531 38.034 9.937
9 0 1 39.006 10.531 37.975 9.956
10 0 1 38.915 10.545 37.968 9.950
11 0 1 38.882 10.538 37.988 9.891
12 0 1 38.882 10.506 37.955 9.924
13 0 1 38.797 10.506 37.975 9.878
14 0 1 38.843 10.506 37.845 9.918
15 0 1 38.699 10.487 38.262 9.805
16 0 1 38.608 10.507 38.223 9.903
17 0 1 38.751 10.500 37.779 9.873
18 0 1 38.660 10.487 37.858 9.827
19 0 1 38.562 10.546 37.818 9.879
20 0 1 38.517 10.488 37.740 9.892
21 0 1 38.588 10.481 37.681 9.893
22 0 1 38.549 10.481 37.642 9.893
23 0 1 38.406 10.488 37.440 9.920
24 0 1 38.380 10.495 37.460 9.881
25 0 1 38.321 10.489 37.492 9.854
26 0 1 38.354 10.463 37.453 9.881
27 0 1 38.321 10.456 37.420 9.874
28 0 1 38.230 10.509 37.388 10.044
29 0 1 38.119 10.483 37.381 10.037
30 0 1 38.125 10.490 37.290 10.090
31 0 1 38.151 10.568 37.270 10.005
32 0 1 38.008 10.471 37.466 9.828
33 0 1 38.060 10.399 37.342 9.777
34 0 1 37.930 10.438 37.460 9.757
35 0 1 38.132 10.359 37.270 9.797
36 0 1 38.093 10.353 37.231 9.790
37 0 1 38.060 10.327 37.198 9.764
38 0 1 38.027 10.314 37.166 9.752
39 0 1 37.995 10.301 37.133 9.739
40 0 1 37.975 10.288 37.114 9.726
41 0 1 37.943 10.276 37.081 9.713
42 0 1 37.923 10.263 37.061 9.700
43 0 1 37.766 10.166 36.944 9.596
44 0 1 37.708 10.166 36.892 9.570
45 0 1 37.668 10.140 36.892 9.551
46 0 1 37.629 10.160 36.937 9.557
47 0 1 37.571 10.147 36.924 9.518
48 0 1 37.544 10.134 36.853 9.506
49 0 1 37.518 10.121 36.905 9.492
50 0 1 37.434 10.109 36.820 9.486
51 0 1 37.375 10.096 36.715 9.500
52 0 1 37.303 10.103 36.683 9.480
53 0 1 37.388 10.070 36.598 9.507
54 0 1 37.283 10.018 36.604 9.441
55 0 1 37.368 9.985 36.533 9.422
56 0 1 37.329 9.972 36.533 9.364
57 0 1 37.264 9.992 36.487 9.325
58 0 1 37.257 9.979 36.461 9.325
59 0 1 37.205 9.973 36.396 9.306
60 0 1 37.146 9.947 36.174 9.294
61 0 1 37.042 9.987 36.102 9.326
62 0 1 36.970 9.993 36.115 9.320
63 0 1 36.898 10.065 36.115 9.255
64 0 1 36.931 10.098 36.115 9.261
65 0 1 36.853 10.163 36.076 9.340
66 0 1 36.911 9.915 36.134 9.352
67 0 1 36.977 10.150 35.743 9.217
68 0 1 36.866 9.909 36.089 9.346
69 0 1 36.925 10.163 35.795 9.295
70 0 1 36.820 9.903 36.043 9.340
71 0 1 36.781 9.903 36.004 9.340
72 0 1 36.729 9.903 35.952 9.340
73 0 1 36.689 9.916 35.912 9.353
74 0 1 36.650 9.917 35.873 9.353
75 0 1 36.611 9.917 35.834 9.354
76 0 1 36.428 10.061 35.710 9.426
77 0 1 36.487 10.087 35.651 9.426
78 0 1 36.455 9.996 35.579 9.394
79 0 1 36.455 10.022 35.495 9.375
80 0 1 36.441 10.015 35.442 9.427
81 0 1 36.415 10.015 35.429 9.407
82 0 1 36.350 9.964 35.579 9.400
83 0 1 36.304 9.983 35.214 9.382
84 0 1 36.298 9.944 35.527 9.381
85 0 1 36.252 9.931 35.481 9.368
86 0 1 36.193 9.919 35.423 9.355
87 0 1 36.206 9.971 34.985 9.305
88 0 1 36.115 9.899 35.344 9.336
89 0 1 36.108 9.939 34.933 9.253
90 0 1 36.102 9.926 34.894 9.253
91 0 1 36.030 9.874 35.259 9.310
92 0 1 35.958 9.861 35.188 9.298
93 0 1 35.886 9.848 35.116 9.285
94 0 1 35.815 9.810 35.044 9.246
95 0 1 35.743 9.797 34.972 9.233
96 0 1 35.423 9.785 34.769 9.150
97 0 1 35.482 9.746 34.717 9.182
98 0 1 35.416 9.720 34.652 9.157
99 0 1 35.338 9.681 34.573 9.118
100 0 1 35.135 9.819 34.319 9.015
101 0 1 35.253 9.662 34.489 9.099
102 0 1 35.188 9.636 34.423 9.073
103 0 1 35.070 9.617 34.136 8.924
104 0 1 35.090 9.591 34.325 9.028
105 0 1 34.998 9.553 34.234 8.989
106 0 1 34.920 9.540 34.155 8.976
107 0 1 34.828 9.501 34.064 8.938
108 0 1 34.763 9.475 33.998 8.912
109 0 1 34.698 9.437 33.933 8.873
110 0 1 34.619 9.398 33.855 8.834
111 0 1 34.541 9.359 33.776 8.795
112 0 1 34.449 9.307 33.685 8.744
113 0 1 34.384 9.269 33.619 8.705
114 0 1 34.319 9.230 33.554 8.666
116 0 1 34.312 9.223 33.548 8.660
117 0 1 33.972 9.003 33.188 8.466
118 0 1 33.966 9.016 33.201 8.459
119 0 1 33.914 8.984 33.149 8.427
120 0 1 33.541 8.770 32.874 8.219
121 0 1 33.587 8.770 32.828 8.219
122 0 1 33.515 8.744 32.757 8.194
123 0 1 33.443 8.732 32.685 8.181
124 0 1 33.371 8.732 32.613 8.181
125 0 1 33.299 8.732 32.541 8.182
126 0 1 33.214 8.733 32.456 8.182
127 0 1 33.142 8.733 32.384 8.182
128 0 1 33.358 8.765 31.678 8.094
129 0 1 33.051 8.727 32.292 8.176
130 0 1 32.979 8.727 32.220 8.176
131 0 1 32.894 8.727 32.135 8.177
132 0 1 32.822 8.741 32.063 8.190
133 0 1 32.750 8.741 31.991 8.190
134 0 1 32.678 8.741 31.920 8.191
135 0 1 32.325 8.730 31.488 8.166
136 0 1 32.292 8.723 31.534 8.172
137 0 1 32.233 8.724 31.475 8.173
138 0 1 32.057 8.744 31.259 8.187
139 0 1 31.933 8.770 31.311 8.186
140 0 1 31.998 8.751 31.246 8.200
141 0 1 31.998 8.783 30.866 8.240
142 0 1 31.926 8.757 31.174 8.207
143 0 1 31.861 8.771 31.108 8.220
144 0 1 31.795 8.784 31.043 8.233
145 0 1 31.789 8.856 30.749 8.293
146 0 1 31.697 8.804 30.945 8.253
147 0 1 31.671 8.902 30.605 8.326
148 0 1 31.625 8.811 30.873 8.260
149 0 1 31.560 8.824 30.807 8.273
150 0 1 31.481 8.838 30.729 8.286
151 0 1 31.416 8.851 30.663 8.300
152 0 1 31.363 8.864 30.611 8.313
153 0 1 31.298 8.877 30.546 8.326
154 0 1 31.233 8.891 30.480 8.340
155 0 1 31.180 8.904 30.428 8.353
156 0 1 31.128 8.917 30.375 8.366
157 0 1 31.063 8.930 30.310 8.379
158 0 1 30.984 8.944 30.231 8.393
159 0 1 30.768 9.140 30.035 8.517
160 0 1 30.775 9.101 30.029 8.550
161 0 1 30.716 9.114 29.970 8.563
162 0 1 30.644 9.141 29.898 8.590
163 0 1 30.585 9.154 29.839 8.603
164 0 1 30.526 9.154 29.780 8.603
165 0 1 30.467 9.155 29.721 8.603
166 0 1 30.408 9.155 29.662 8.604
167 0 1 30.362 9.155 29.616 8.604
168 0 1 30.100 9.254 29.472 8.624
169 0 1 30.179 9.175 29.145 8.671
170 0 1 30.153 9.202 29.413 8.650
171 0 1 30.100 9.202 29.361 8.651
172 0 1 30.186 9.273 28.883 8.672
173 0 1 30.081 9.300 28.948 8.581
174 0 1 30.022 9.202 29.282 8.651
175 0 1 29.956 9.202 29.217 8.651
176 0 1 29.891 9.216 29.151 8.664
177 0 1 29.812 9.229 29.073 8.678
178 0 1 29.812 9.307 28.647 8.673
179 0 1 29.740 9.223 29.001 8.672
180 0 1 29.675 9.223 28.935 8.672
181 0 1 29.636 9.236 28.896 8.685
182 0 1 29.583 9.237 28.843 8.685
183 0 1 29.184 9.245 28.555 8.706
184 0 1 29.236 9.245 28.503 8.700
185 0 1 29.190 9.251 28.457 8.706
186 0 1 29.118 9.245 28.385 8.700
187 0 1 29.072 9.265 28.339 8.720
188 0 1 29.000 9.272 28.267 8.727
189 0 1 29.131 9.369 27.854 8.774
190 0 1 29.079 9.467 27.789 8.650
191 0 1 28.928 9.278 28.195 8.734
192 0 1 28.869 9.285 28.136 8.740
193 0 1 28.810 9.305 28.077 8.760
194 0 1 28.738 9.312 28.005 8.767
195 0 1 28.693 9.332 27.959 8.787
196 0 1 28.634 9.338 27.900 8.794
197 0 1 28.588 9.332 27.854 8.787
198 0 1 28.529 9.326 27.795 8.781
199 0 1 28.483 9.346 27.749 8.801
200 0 1 28.424 9.339 27.690 8.794
201 0 1 28.378 9.346 27.644 8.801
202 0 1 28.319 9.353 27.585 8.808
203 0 1 28.273 9.359 27.540 8.815
204 0 1 28.201 9.353 27.468 8.808
205 0 1 28.260 9.529 27.041 8.843
206 0 1 28.136 9.354 27.402 8.809
207 0 1 28.162 9.497 27.022 8.895
208 0 1 28.057 9.354 27.323 8.809
209 0 1 27.985 9.361 27.251 8.816
210 0 1 27.913 9.368 27.179 8.823
211 0 1 27.880 9.361 27.146 8.816
212 0 1 27.821 9.355 27.087 8.810
213 0 1 27.775 9.362 27.041 8.817
214 0 1 27.716 9.355 26.983 8.810
215 0 1 27.376 9.500 26.576 8.884
216 0 1 27.395 9.526 26.399 8.963
217 0 1 27.343 9.455 26.609 8.910
218 0 1 27.297 9.461 26.563 8.916
219 0 1 27.238 9.468 26.504 8.923
220 0 1 27.271 9.592 26.124 8.886
221 0 1 27.257 9.592 26.078 8.853
222 0 1 27.166 9.462 26.432 8.917
223 0 1 27.107 9.469 26.373 8.924
224 0 1 27.035 9.476 26.301 8.931
225 0 1 26.989 9.495 26.255 8.950
226 0 1 26.930 9.515 26.196 8.970
227 0 1 26.897 9.522 26.163 8.977
228 0 1 26.851 9.516 26.117 8.970
229 0 1 26.805 9.509 26.071 8.964
230 0 1 26.759 9.503 26.025 8.958
231 0 1 26.727 9.510 25.992 8.964
232 0 1 26.471 9.687 25.658 9.077
233 0 1 26.563 9.686 25.533 9.038
234 0 1 26.549 9.700 25.481 9.071
235 0 1 26.602 9.725 25.382 9.032
236 0 1 26.582 9.739 25.284 9.033
237 0 1 26.517 9.739 25.297 9.046
238 0 1 26.399 9.615 25.664 9.070
239 0 1 26.340 9.622 25.605 9.077
240 0 1 26.268 9.642 25.533 9.097
241 0 1 26.208 9.649 25.474 9.104
242 0 1 26.176 9.656 25.441 9.110
243 0 1 26.130 9.636 25.396 9.091
244 0 1 25.789 9.618 25.041 9.066
245 0 1 25.795 9.709 24.917 9.099
246 0 1 25.789 9.735 24.903 9.086
247 0 1 25.769 9.755 24.844 9.126
248 0 1 25.782 9.729 24.792 9.107
249 0 1 25.704 9.651 24.969 9.106
250 0 1 25.756 9.840 24.602 9.120
251 0 1 25.651 9.651 24.917 9.106
252 0 1 25.592 9.658 24.858 9.113
253 0 1 25.533 9.678 24.798 9.133
254 0 1 25.461 9.698 24.726 9.153
255 0 1 25.415 9.718 24.680 9.172
256 0 1 25.343 9.737 24.608 9.192
257 0 1 25.297 9.757 24.562 9.212
258 0 1 25.238 9.790 24.503 9.245
259 0 1 25.205 9.797 24.470 9.252
260 0 1 25.159 9.817 24.424 9.271
261 0 1 25.126 9.823 24.392 9.278
262 0 1 25.080 9.843 24.346 9.298
263 0 1 25.047 9.876 24.313 9.331
264 0 1 25.001 9.922 24.267 9.376
265 0 1 24.955 9.941 24.221 9.396
266 0 1 24.896 9.961 24.162 9.416
267 0 1 24.850 9.968 24.116 9.423
268 0 1 24.791 9.988 24.057 9.443
269 0 1 24.877 10.177 23.591 9.425
270 0 1 24.726 9.988 23.991 9.443
271 0 1 24.667 10.008 23.932 9.463
272 0 1 24.562 10.185 23.591 9.471
273 0 1 24.575 10.021 23.840 9.476
274 0 1 24.503 10.054 23.768 9.509
275 0 1 24.470 10.048 23.735 9.503
276 0 1 24.424 10.016 23.689 9.470
277 0 1 24.378 9.983 23.643 9.438
278 0 1 24.082 10.167 23.216 9.544
279 0 1 24.010 10.220 23.072 9.564
280 0 1 24.017 10.115 23.282 9.570
281 0 1 23.971 10.135 23.236 9.590
282 0 1 24.004 10.279 22.842 9.578
283 0 1 23.905 10.135 23.170 9.590
284 0 1 23.984 10.338 22.822 9.624
285 0 1 24.010 10.324 22.704 9.579
286 0 1 23.833 10.142 23.098 9.597
287 0 1 23.774 10.162 23.039 9.617
288 0 1 23.702 10.195 22.967 9.650
289 0 1 23.656 10.228 22.921 9.683
290 0 1 23.610 10.248 22.875 9.702
291 0 1 23.577 10.241 22.842 9.696
292 0 1 23.255 10.478 22.494 9.828
294 0 1 23.281 10.524 22.382 9.868
295 0 1 23.353 10.588 22.244 9.829
296 0 1 23.347 10.523 22.231 9.881
297 0 1 23.222 10.400 22.487 9.854
298 0 1 23.281 10.621 22.119 9.888
299 0 1 23.170 10.400 22.435 9.854
300 0 1 23.111 10.407 22.375 9.861
301 0 1 23.052 10.427 22.316 9.881
302 0 1 22.992 10.433 22.257 9.888
303 0 1 22.743 10.546 21.850 10.105
304 0 1 22.927 10.460 22.191 9.914
305 0 1 22.854 10.493 22.119 9.947
306 0 1 22.769 10.526 22.034 9.980
307 0 1 22.749 10.493 22.014 9.948
308 0 1 22.703 10.461 21.968 9.915
309 0 1 22.671 10.441 21.935 9.896
310 0 1 22.625 10.435 21.889 9.889
311 0 1 22.592 10.442 21.856 9.896
312 0 1 22.533 10.448 21.797 9.903
313 0 1 22.138 10.633 21.416 10.029
314 0 1 22.145 10.600 21.416 10.055
315 0 1 22.197 10.790 21.192 10.154
316 0 1 22.086 10.614 21.357 10.068
317 0 1 22.033 10.634 21.304 10.088
318 0 1 21.967 10.654 21.238 10.108
319 0 1 21.902 10.673 21.173 10.128
320 0 1 21.849 10.706 21.120 10.161
321 0 1 21.797 10.726 21.068 10.181
322 0 1 21.744 10.759 21.015 10.213
323 0 1 21.705 10.779 20.975 10.233
324 0 1 21.665 10.759 20.936 10.214
325 0 1 21.639 10.766 20.910 10.220
327 0 1 21.632 10.760 20.903 10.214
328 0 1 21.415 11.009 20.627 10.346
329 0 1 21.474 11.087 20.515 10.451
330 0 1 21.507 11.120 20.449 10.438
331 0 1 21.560 11.217 20.384 10.393
332 0 1 21.369 10.924 20.640 10.378
333 0 1 21.317 10.944 20.587 10.398
334 0 1 21.264 10.951 20.535 10.405
335 0 1 21.198 10.984 20.469 10.438
336 0 1 21.146 11.004 20.416 10.458
337 0 1 21.080 11.037 20.351 10.491
338 0 1 21.001 11.043 20.272 10.498
339 0 1 20.948 11.024 20.219 10.478
341 0 1 20.942 11.018 20.213 10.472
342 0 1 20.916 11.024 20.186 10.479
343 0 1 20.902 11.018 20.173 10.472
344 0 1 20.876 11.037 20.147 10.492
345 0 1 20.850 11.031 20.121 10.485
346 0 1 20.679 11.248 19.509 10.717
347 0 1 20.817 11.044 20.088 10.499
348 0 1 20.764 11.051 20.035 10.505
349 0 1 20.712 11.058 19.982 10.512
350 0 1 20.646 11.078 19.917 10.532
351 0 1 20.580 11.085 19.851 10.539
352 0 1 20.501 11.105 19.772 10.559
353 0 1 20.436 11.111 19.706 10.566
355 0 1 20.429 11.105 19.700 10.559
356 0 1 20.390 11.125 19.660 10.579
357 0 1 20.350 11.131 19.621 10.586
358 0 1 20.311 11.138 19.581 10.592
359 0 1 20.258 11.132 19.529 10.586
360 0 1 20.205 11.126 19.476 10.580
361 0 1 20.166 11.132 19.436 10.586
362 0 1 20.140 11.126 19.410 10.580
363 0 1 20.113 11.133 19.384 10.587
364 0 1 20.074 11.126 19.344 10.580
365 0 1 20.021 11.133 19.292 10.587
366 0 1 19.969 11.127 19.239 10.581
367 0 1 19.916 11.133 19.186 10.588
368 0 1 19.877 11.127 19.147 10.581
369 0 1 19.837 11.134 19.108 10.588
370 0 1 19.798 11.127 19.068 10.582
371 0 1 19.758 11.121 19.029 10.575
372 0 1 19.706 11.115 18.976 10.569
373 0 1 19.666 11.108 18.937 10.563
374 0 1 19.614 11.102 18.884 10.556
375 0 1 19.561 11.096 18.831 10.550
376 0 1 19.508 11.090 18.779 10.544
377 0 1 19.456 11.083 18.726 10.537
378 0 1 19.403 11.077 18.673 10.531
379 0 1 19.350 11.084 18.621 10.538
380 0 1 19.311 11.077 18.581 10.531
381 0 1 19.278 11.084 18.548 10.538
0 4 1 38.920 8.475 37.720 7.927
1 4 1 38.816 8.469 37.681 7.894
2 4 1 38.757 8.482 37.687 7.888
3 4 1 38.744 8.476 37.667 7.875
4 4 1 38.679 8.470 37.602 7.882
5 4 1 38.633 8.444 37.517 7.901
6 4 1 38.529 8.425 37.557 7.869
7 4 1 38.490 8.386 37.589 7.843
8 4 1 38.450 8.405 37.446 7.856
9 4 1 38.437 8.366 37.387 7.863
10 4 1 38.437 8.392 37.315 7.850
11 4 1 38.353 8.347 37.191 7.877
12 4 1 38.281 8.341 37.061 7.845
13 4 1 38.235 8.341 37.015 7.851
14 4 1 38.118 8.329 37.074 7.832
15 4 1 38.072 8.355 37.002 7.825
16 4 1 38.131 8.426 36.976 7.760
17 4 1 38.007 8.362 36.911 7.826
18 4 1 37.961 8.355 36.911 7.852
19 4 1 37.948 8.342 36.891 7.826
20 4 1 37.889 8.330 36.924 7.826
21 4 1 37.902 8.310 36.787 7.807
22 4 1 37.837 8.349 36.760 7.664
23 4 1 37.798 8.297 36.715 7.722
24 4 1 37.772 8.271 36.656 7.697
25 4 1 37.713 8.363 36.604 7.664
26 4 1 37.661 8.317 36.473 7.632
27 4 1 37.465 8.286 36.578 7.664
28 4 1 37.491 8.286 36.460 7.658
29 4 1 37.537 8.253 36.428 7.652
30 4 1 37.583 8.214 36.284 7.626
31 4 1 37.544 8.201 36.271 7.633
32 4 1 37.478 8.194 36.238 7.627
33 4 1 37.459 8.195 36.193 7.646
34 4 1 37.394 8.214 36.271 7.626
35 4 1 37.309 8.215 36.219 7.601
36 4 1 37.159 8.235 36.304 7.587
37 4 1 37.080 8.196 36.186 7.601
38 4 1 37.126 8.176 36.029 7.588
39 4 1 37.022 8.112 36.101 7.581
40 4 1 37.126 8.118 35.951 7.582
41 4 1 37.022 8.086 36.010 7.523
42 4 1 37.074 8.059 35.814 7.498
43 4 1 36.924 8.047 35.827 7.530
44 4 1 36.937 8.027 35.651 7.466
45 4 1 36.885 8.041 35.866 7.524
46 4 1 36.839 8.021 35.820 7.504
47 4 1 36.787 8.002 35.768 7.485
48 4 1 36.748 7.983 35.729 7.466
49 4 1 36.617 7.957 35.461 7.343
50 4 1 36.480 7.958 35.481 7.336
51 4 1 36.486 7.905 35.474 7.389
52 4 1 36.460 7.899 35.448 7.382
53 4 1 36.415 7.893 35.403 7.376
54 4 1 36.454 7.841 35.246 7.292
55 4 1 36.415 7.776 35.187 7.246
56 4 1 36.336 7.769 35.089 7.208
57 4 1 36.349 7.821 35.337 7.304
58 4 1 36.310 7.815 35.298 7.298
59 4 1 36.264 7.789 35.252 7.272
60 4 1 36.219 7.776 35.207 7.259
61 4 1 36.167 7.757 35.154 7.240
62 4 1 36.082 7.731 35.069 7.214
63 4 1 36.056 7.679 34.834 7.072
64 4 1 36.029 7.699 35.017 7.182
65 4 1 36.180 7.620 35.167 7.103
66 4 1 35.925 7.660 34.913 7.143
67 4 1 35.886 7.641 34.874 7.124
68 4 1 35.853 7.641 34.841 7.124
69 4 1 35.768 7.576 34.756 7.059
70 4 1 35.729 7.557 34.717 7.040
71 4 1 35.683 7.538 34.671 7.020
72 4 1 35.625 7.531 34.612 7.014
73 4 1 35.585 7.512 34.573 6.995
74 4 1 35.527 7.493 34.514 6.975
75 4 1 35.468 7.473 34.455 6.956
76 4 1 35.416 7.454 34.403 6.937
77 4 1 35.357 7.448 34.344 6.930
78 4 1 35.272 7.441 34.259 6.924
79 4 1 35.207 7.435 34.194 6.918
80 4 1 35.154 7.442 34.142 6.925
81 4 1 35.102 7.436 34.090 6.918
82 4 1 35.024 7.442 34.011 6.925
83 4 1 34.959 7.436 33.946 6.919
84 4 1 34.893 7.443 33.881 6.926
85 4 1 34.841 7.437 33.828 6.919
86 4 1 34.789 7.430 33.776 6.913
87 4 1 34.736 7.424 33.724 6.907
88 4 1 34.684 7.431 33.671 6.913
89 4 1 34.632 7.424 33.619 6.907
90 4 1 34.567 7.431 33.554 6.914
91 4 1 34.475 7.438 33.462 6.921
92 4 1 34.423 7.445 33.410 6.927
93 4 1 34.358 7.438 33.345 6.921
94 4 1 34.292 7.445 33.279 6.928
95 4 1 34.240 7.452 33.227 6.935
96 4 1 34.162 7.459 33.149 6.941
97 4 1 34.096 7.465 33.083 6.948
98 4 1 34.018 7.485 33.005 6.968
99 4 1 33.966 7.479 32.953 6.962
100 4 1 33.900 7.486 32.887 6.968
101 4 1 33.848 7.492 32.835 6.975
102 4 1 33.796 7.499 32.783 6.982
103 4 1 33.743 7.506 32.730 6.989
104 4 1 33.678 7.526 32.665 7.008
105 4 1 33.600 7.532 32.586 7.015
106 4 1 33.560 7.565 32.227 6.958
107 4 1 33.528 7.546 32.515 7.028
108 4 1 33.462 7.566 32.449 7.048
109 4 1 33.410 7.572 32.397 7.055
110 4 1 33.358 7.579 32.345 7.062
111 4 1 33.292 7.586 32.279 7.068
112 4 1 33.227 7.593 32.214 7.075
113 4 1 33.175 7.599 32.161 7.082
114 4 1 33.123 7.606 32.109 7.089
116 4 1 33.018 7.632 32.005 7.115
117 4 1 32.953 7.652 31.939 7.135
118 4 1 32.887 7.672 31.874 7.155
119 4 1 32.809 7.679 31.795 7.161
120 4 1 32.730 7.699 31.717 7.181
121 4 1 32.521 7.706 31.501 7.163
122 4 1 32.528 7.693 31.514 7.176
123 4 1 32.462 7.700 31.449 7.182
124 4 1 32.436 7.706 31.422 7.189
125 4 1 32.384 7.713 31.370 7.196
126 4 1 32.332 7.720 31.318 7.202
127 4 1 32.266 7.727 31.252 7.209
128 4 1 32.201 7.720 31.187 7.203
129 4 1 32.148 7.714 31.135 7.196
130 4 1 32.096 7.721 31.082 7.203
131 4 1 32.044 7.727 31.030 7.210
132 4 1 31.978 7.734 30.965 7.217
133 4 1 31.913 7.741 30.899 7.223
134 4 1 31.848 7.748 30.834 7.230
135 4 1 31.769 7.768 30.755 7.250
136 4 1 31.697 7.866 30.520 7.355
137 4 1 31.619 7.859 30.605 7.348
138 4 1 31.566 7.860 30.552 7.349
139 4 1 31.514 7.873 30.500 7.362
140 4 1 31.449 7.886 30.435 7.375
141 4 1 31.396 7.886 30.382 7.375
142 4 1 31.331 7.900 30.317 7.389
143 4 1 31.279 7.926 30.264 7.415
144 4 1 31.213 7.939 30.199 7.428
145 4 1 31.148 7.939 30.133 7.428
146 4 1 31.095 7.940 30.081 7.429
147 4 1 31.030 7.940 30.016 7.429
148 4 1 30.971 8.025 29.728 7.326
149 4 1 30.958 7.947 29.944 7.436
150 4 1 30.879 7.947 29.865 7.436
151 4 1 30.801 7.947 29.787 7.436
152 4 1 30.762 7.934 29.747 7.423
153 4 1 30.749 7.934 29.734 7.423
154 4 1 30.709 7.935 29.695 7.424
155 4 1 30.657 7.935 29.643 7.424
156 4 1 30.605 7.935 29.590 7.424
157 4 1 30.552 7.935 29.538 7.424
158 4 1 30.513 7.935 29.498 7.424
159 4 1 30.461 7.936 29.446 7.424
160 4 1 30.421 7.923 29.407 7.412
161 4 1 30.395 7.923 29.381 7.412
162 4 1 30.356 7.923 29.341 7.412
164 4 1 30.349 7.916 29.335 7.405
165 4 1 29.747 8.030 28.686 7.512
166 4 1 29.754 8.049 28.549 7.474
167 4 1 29.597 8.102 28.556 7.454
168 4 1 29.525 8.063 28.628 7.493
169 4 1 29.551 8.193 28.464 7.337
170 4 1 29.341 8.129 28.484 7.356
171 4 1 29.295 8.097 28.379 7.396
172 4 1 29.295 8.077 28.379 7.415
173 4 1 29.243 8.136 28.195 7.521
174 4 1 29.263 8.136 28.084 7.527
175 4 1 29.250 8.201 28.084 7.456
176 4 1 29.177 8.201 28.045 7.449
177 4 1 29.164 8.110 27.972 7.547
178 4 1 29.151 8.071 27.914 7.528
179 4 1 29.315 8.194 27.691 7.457
180 4 1 29.040 8.111 28.012 7.476
181 4 1 28.961 8.117 27.933 7.482
182 4 1 28.922 8.124 27.894 7.489
183 4 1 28.542 8.126 27.651 7.516
184 4 1 28.601 8.132 27.599 7.503
185 4 1 28.562 8.132 27.560 7.503
186 4 1 28.509 8.145 27.507 7.517
187 4 1 28.457 8.133 27.455 7.504
188 4 1 28.405 8.133 27.402 7.504
189 4 1 28.352 8.133 27.350 7.504
190 4 1 28.287 8.146 27.285 7.517
191 4 1 28.234 8.159 27.232 7.531
192 4 1 28.182 8.173 27.180 7.544
193 4 1 28.116 8.186 27.114 7.557
194 4 1 28.051 8.199 27.049 7.571
195 4 1 27.972 8.213 26.970 7.584
196 4 1 27.894 8.226 26.891 7.597
197 4 1 27.841 8.226 26.839 7.597
198 4 1 27.802 8.213 26.799 7.585
199 4 1 27.736 8.214 26.734 7.585
200 4 1 27.684 8.201 26.681 7.572
201 4 1 27.645 8.188 26.642 7.559
202 4 1 27.592 8.188 26.590 7.559
203 4 1 27.402 8.254 26.413 7.638
204 4 1 27.415 8.221 26.314 7.691
205 4 1 27.363 8.261 26.360 7.645
206 4 1 27.396 8.228 26.229 7.704
207 4 1 27.389 8.241 26.236 7.711
208 4 1 27.317 8.274 26.301 7.671
209 4 1 27.324 8.241 26.144 7.698
210 4 1 27.133 8.255 26.072 7.698
211 4 1 27.114 8.268 26.098 7.679
212 4 1 27.074 8.268 26.059 7.679
213 4 1 27.035 8.269 26.019 7.679
214 4 1 26.996 8.269 25.980 7.679
215 4 1 26.943 8.269 25.927 7.679
216 4 1 26.891 8.282 25.875 7.692
217 4 1 26.839 8.282 25.823 7.693
218 4 1 26.786 8.270 25.770 7.680
219 4 1 26.734 8.270 25.718 7.680
220 4 1 26.681 8.283 25.665 7.693
221 4 1 26.616 8.296 25.600 7.707
222 4 1 26.550 8.310 25.534 7.720
223 4 1 26.498 8.323 25.481 7.733
224 4 1 26.445 8.336 25.429 7.746
225 4 1 26.281 8.363 25.186 7.721
226 4 1 26.229 8.363 25.160 7.747
227 4 1 26.203 8.344 25.186 7.754
228 4 1 26.150 8.344 25.134 7.754
229 4 1 26.111 8.331 25.094 7.741
230 4 1 26.058 8.331 25.042 7.741
231 4 1 25.816 8.384 24.911 7.833
232 4 1 25.842 8.391 24.852 7.853
233 4 1 25.809 8.397 24.786 7.866
234 4 1 25.822 8.410 24.766 7.893
235 4 1 25.763 8.443 24.720 7.814
236 4 1 25.776 8.391 24.583 7.913
237 4 1 25.724 8.417 24.655 7.795
238 4 1 25.639 8.372 24.432 7.874
239 4 1 25.573 8.359 24.373 7.875
240 4 1 25.527 8.359 24.314 7.875
241 4 1 25.396 8.393 24.392 7.907
242 4 1 25.442 8.373 24.301 7.881
243 4 1 25.376 8.393 24.366 7.868
244 4 1 25.330 8.393 24.320 7.868
245 4 1 25.271 8.393 24.261 7.868
246 4 1 25.225 8.393 24.215 7.869
247 4 1 25.166 8.394 24.156 7.869
248 4 1 25.107 8.394 24.097 7.869
249 4 1 25.035 8.407 24.025 7.882
250 4 1 24.976 8.420 23.966 7.896
251 4 1 24.943 8.466 23.684 7.786
252 4 1 24.910 8.427 23.900 7.902
253 4 1 24.864 8.440 23.854 7.916
254 4 1 24.805 8.454 23.795 7.929
255 4 1 24.733 8.454 23.723 7.929
256 4 1 24.674 8.467 23.664 7.943
257 4 1 24.615 8.481 23.605 7.956
258 4 1 24.569 8.481 23.559 7.956
259 4 1 24.523 8.468 23.513 7.943
260 4 1 24.477 8.468 23.467 7.943
261 4 1 24.405 8.455 23.395 7.931
262 4 1 24.346 8.443 23.336 7.918
263 4 1 24.287 8.443 23.277 7.918
264 4 1 24.379 8.423 22.922 8.037
265 4 1 24.221 8.423 23.211 7.899
266 4 1 24.175 8.424 23.165 7.899
267 4 1 24.103 8.437 23.093 7.912
268 4 1 23.985 8.490 22.810 7.979
269 4 1 23.900 8.497 22.850 8.004
270 4 1 23.867 8.510 22.718 7.966
271 4 1 23.801 8.490 22.791 7.979
272 4 1 23.742 8.491 22.732 7.979
273 4 1 23.709 8.478 22.699 7.966
274 4 1 23.663 8.465 22.653 7.953
275 4 1 23.604 8.452 22.594 7.940
276 4 1 23.558 8.439 22.548 7.927
277 4 1 23.499 8.426 22.489 7.914
278 4 1 23.453 8.427 22.443 7.915
279 4 1 23.394 8.427 22.383 7.915
280 4 1 23.335 8.427 22.324 7.915
281 4 1 23.263 8.427 22.252 7.915
282 4 1 23.204 8.428 22.193 7.916
283 4 1 23.145 8.441 22.134 7.929
284 4 1 23.086 8.441 22.075 7.929
285 4 1 23.040 8.441 22.029 7.929
286 4 1 22.994 8.441 21.983 7.930
287 4 1 22.922 8.442 21.911 7.930
288 4 1 22.849 8.455 21.838 7.943
289 4 1 22.803 8.455 21.792 7.943
290 4 1 22.757 8.455 21.746 7.944
291 4 1 22.698 8.456 21.687 7.944
292 4 1 22.626 8.469 21.615 7.957
294 4 1 22.488 8.515 21.299 7.952
295 4 1 22.626 8.580 21.083 7.744
296 4 1 22.567 8.541 21.056 7.783
297 4 1 22.390 8.476 21.378 7.965
298 4 1 22.331 8.477 21.319 7.965
299 4 1 22.271 8.464 21.260 7.952
300 4 1 22.239 8.451 21.227 7.939
301 4 1 22.193 8.451 21.181 7.939
302 4 1 22.133 8.451 21.122 7.939
303 4 1 22.087 8.439 21.076 7.927
304 4 1 22.055 8.426 21.043 7.914
305 4 1 22.022 8.413 21.010 7.901
306 4 1 22.002 8.387 20.991 7.875
307 4 1 22.009 8.360 20.997 7.848
308 4 1 22.028 8.347 21.017 7.835
309 4 1 21.555 8.434 20.412 7.883
310 4 1 21.437 8.441 20.425 7.890
311 4 1 21.404 8.435 20.353 7.884
312 4 1 21.358 8.455 20.287 7.903
313 4 1 21.299 8.442 20.215 7.891
314 4 1 21.227 8.468 20.136 7.917
315 4 1 21.161 8.468 20.064 7.917
316 4 1 21.122 8.482 20.024 7.931
317 4 1 20.970 8.502 19.801 7.932
318 4 1 20.984 8.567 19.775 7.899
319 4 1 20.832 8.561 19.656 7.919
320 4 1 20.688 8.529 19.617 7.958
321 4 1 20.648 8.497 19.597 8.004
322 4 1 20.583 8.530 19.676 8.017
323 4 1 20.596 8.536 19.617 8.017
324 4 1 20.648 8.555 19.564 7.998
325 4 1 20.609 8.549 19.525 7.991
327 4 1 20.491 8.549 19.406 7.992
328 4 1 20.661 8.595 19.354 7.888
329 4 1 20.602 8.575 19.262 7.914
330 4 1 20.491 8.530 19.380 7.959
331 4 1 20.451 8.523 19.340 7.953
332 4 1 20.425 8.530 19.314 7.960
333 4 1 20.385 8.524 19.275 7.953
334 4 1 20.346 8.530 19.235 7.960
335 4 1 20.293 8.524 19.183 7.954
336 4 1 20.241 8.518 19.130 7.947
337 4 1 20.201 8.525 19.091 7.954
115 4 1 33.070 7.613 32.057 7.095
293 4 1 22.495 8.535 21.372 7.945
326 4 1 20.556 8.543 19.472 7.985
338 4 1 20.149 8.531 19.038 7.961
339 4 1 20.096 8.538 18.985 7.967
340 4 1 20.057 8.545 18.946 7.974
341 4 1 20.004 8.551 18.893 7.981
342 4 1 19.951 8.558 18.841 7.988
343 4 1 19.899 8.565 18.788 7.994
344 4 1 19.846 8.572 18.735 8.001
345 4 1 19.794 8.578 18.683 8.008
346 4 1 19.741 8.585 18.630 8.014
347 4 1 19.702 8.579 18.591 8.008
348 4 1 19.682 8.585 18.571 8.015
349 4 1 19.662 8.592 18.551 8.021
350 4 1 19.629 8.599 18.525 8.028
351 4 1 19.603 8.592 18.505 8.022
0 7 1 39.058 9.893 38.196 9.265
1 7 1 38.992 9.874 38.125 9.266
2 7 1 38.940 9.894 38.099 9.285
3 7 1 38.953 9.874 37.916 9.267
4 7 1 39.012 10.030 37.805 9.241
5 7 1 38.849 9.946 37.877 9.338
6 7 1 38.888 9.978 37.655 9.300
7 7 1 38.797 9.959 37.609 9.268
8 7 1 38.764 9.972 37.538 9.255
9 7 1 38.692 9.927 37.525 9.275
10 7 1 38.634 9.849 37.544 9.327
11 7 1 38.536 9.882 37.492 9.340
12 7 1 38.562 9.915 37.492 9.353
13 7 1 38.529 9.993 37.518 9.373
14 7 1 38.438 9.941 37.407 9.340
15 7 1 38.386 9.994 37.407 9.353
16 7 1 38.353 9.981 37.375 9.360
17 7 1 38.334 9.974 37.355 9.347
18 7 1 38.197 10.040 37.277 9.361
19 7 1 38.132 9.982 37.244 9.393
20 7 1 38.112 9.988 37.068 9.374
21 7 1 38.079 9.989 37.042 9.368
22 7 1 38.008 10.002 36.996 9.375
23 7 1 37.975 9.976 36.950 9.388
24 7 1 37.903 9.983 36.924 9.355
25 7 1 37.825 10.048 36.918 9.375
26 7 1 37.799 10.068 36.892 9.382
27 7 1 37.721 10.075 36.813 9.395
28 7 1 37.629 10.114 36.774 9.408
29 7 1 37.708 10.166 36.676 9.337
30 7 1 37.701 10.205 36.650 9.363
31 7 1 37.668 10.166 36.618 9.415
32 7 1 37.577 10.173 36.461 9.410
33 7 1 37.492 10.121 36.415 9.436
34 7 1 37.407 10.102 36.363 9.495
35 7 1 37.342 10.083 36.232 9.515
36 7 1 37.251 10.096 36.232 9.502
37 7 1 37.120 10.064 36.245 9.495
38 7 1 37.107 10.162 36.187 9.437
39 7 1 37.016 10.136 36.154 9.450
40 7 1 36.977 10.143 36.115 9.476
41 7 1 37.003 10.123 36.050 9.509
42 7 1 36.898 10.091 36.010 9.555
43 7 1 36.879 10.117 35.984 9.503
44 7 1 36.840 10.124 35.939 9.483
45 7 1 36.768 10.138 35.808 9.451
46 7 1 36.657 10.131 35.710 9.497
47 7 1 36.631 10.145 35.664 9.517
48 7 1 36.566 10.145 35.658 9.537
49 7 1 36.526 10.152 35.606 9.517
50 7 1 36.500 10.139 35.468 9.537
51 7 1 36.442 10.139 35.410 9.538
52 7 1 36.389 10.133 35.370 9.525
53 7 1 36.324 10.126 35.331 9.551
54 7 1 36.200 10.127 35.279 9.545
55 7 1 36.161 10.140 35.188 9.506
56 7 1 36.037 10.102 35.161 9.493
57 7 1 36.011 10.089 35.090 9.474
58 7 1 35.939 10.135 35.005 9.468
59 7 1 35.887 10.128 34.939 9.481
60 7 1 35.821 10.116 34.822 9.553
61 7 1 35.756 10.103 34.665 9.528
62 7 1 35.762 10.181 34.587 9.528
63 7 1 35.684 10.110 34.600 9.567
64 7 1 35.697 10.233 34.534 9.541
65 7 1 35.554 10.169 34.502 9.542
66 7 1 35.416 10.176 34.463 9.548
67 7 1 35.312 10.196 34.476 9.548
68 7 1 35.168 10.203 34.456 9.548
69 7 1 35.345 10.144 34.436 9.581
70 7 1 35.279 10.144 34.371 9.581
71 7 1 35.103 10.223 34.103 9.433
72 7 1 35.188 10.138 34.280 9.575
73 7 1 35.122 10.138 34.214 9.575
74 7 1 35.038 10.126 34.129 9.563
75 7 1 34.966 10.126 34.057 9.563
76 7 1 34.887 10.126 33.979 9.563
77 7 1 34.802 10.114 33.894 9.551
78 7 1 34.730 10.088 33.822 9.525
79 7 1 34.639 10.075 33.731 9.512
80 7 1 34.534 10.082 33.626 9.519
81 7 1 34.469 10.063 33.561 9.500
82 7 1 34.365 10.024 33.456 9.461
83 7 1 34.175 10.032 33.267 9.469
84 7 1 34.129 10.012 33.221 9.449
85 7 1 34.038 10.000 33.129 9.437
86 7 1 34.012 10.130 32.521 9.329
87 7 1 33.894 10.124 32.541 9.374
88 7 1 33.822 9.988 32.914 9.425
89 7 1 33.796 9.981 32.887 9.418
90 7 1 33.652 9.975 32.744 9.412
91 7 1 33.548 9.963 32.639 9.400
92 7 1 33.476 9.943 32.567 9.380
93 7 1 33.378 9.924 32.469 9.361
95 7 1 33.371 9.918 32.462 9.355
96 7 1 32.861 9.881 32.050 9.285
97 7 1 32.914 9.861 32.011 9.298
98 7 1 32.868 9.848 31.965 9.285
99 7 1 32.835 9.849 31.933 9.285
100 7 1 32.639 9.836 31.435 9.287
101 7 1 32.822 9.816 31.920 9.253
102 7 1 32.750 9.790 31.848 9.227
103 7 1 32.665 9.778 31.763 9.214
104 7 1 32.292 9.760 31.154 9.204
105 7 1 32.116 9.747 31.141 9.191
106 7 1 31.978 9.722 31.095 9.165
107 7 1 31.834 9.696 31.004 9.139
109 7 1 31.553 9.619 30.755 9.127
110 7 1 31.553 9.619 30.755 9.127
111 7 1 31.507 9.613 30.709 9.121
112 7 1 31.449 9.607 30.650 9.115
114 7 1 31.148 9.569 30.244 9.116
116 7 1 31.311 9.790 29.760 8.884
117 7 1 31.049 9.569 30.205 9.097
118 7 1 30.971 9.570 30.127 9.097
119 7 1 30.866 9.570 30.022 9.098
120 7 1 30.761 9.584 29.917 9.111
121 7 1 30.670 9.610 29.825 9.138
122 7 1 30.578 9.624 29.734 9.151
123 7 1 30.487 9.637 29.642 9.165
124 7 1 30.408 9.637 29.564 9.165
125 7 1 30.343 9.638 29.498 9.165
126 7 1 30.277 9.638 29.433 9.165
127 7 1 30.212 9.651 29.367 9.179
128 7 1 30.146 9.665 29.302 9.192
129 7 1 30.081 9.665 29.236 9.192
130 7 1 30.015 9.665 29.171 9.193
131 7 1 29.950 9.665 29.105 9.193
132 7 1 29.871 9.666 29.027 9.193
133 7 1 29.793 9.679 28.948 9.207
134 7 1 29.714 9.666 28.869 9.194
135 7 1 29.288 9.616 28.542 9.065
136 7 1 29.328 9.583 28.516 9.091
137 7 1 29.269 9.577 28.457 9.085
138 7 1 29.210 9.571 28.398 9.078
139 7 1 29.282 9.753 28.064 8.917
140 7 1 29.249 9.740 27.933 8.963
141 7 1 29.138 9.565 28.326 9.072
142 7 1 29.079 9.571 28.267 9.079
143 7 1 29.118 9.780 27.821 8.976
144 7 1 29.013 9.572 28.201 9.079
145 7 1 28.941 9.578 28.129 9.086
146 7 1 28.869 9.585 28.057 9.093
147 7 1 28.810 9.592 27.998 9.100
148 7 1 28.751 9.586 27.939 9.093
149 7 1 28.679 9.606 27.867 9.113
150 7 1 28.647 9.612 27.834 9.120
151 7 1 28.601 9.619 27.789 9.127
152 7 1 28.555 9.613 27.743 9.120
153 7 1 28.522 9.619 27.710 9.127
154 7 1 28.463 9.626 27.651 9.134
155 7 1 28.417 9.633 27.605 9.140
156 7 1 28.358 9.627 27.546 9.134
157 7 1 28.299 9.633 27.487 9.141
158 7 1 28.227 9.627 27.415 9.135
159 7 1 28.273 9.686 27.048 9.110
160 7 1 28.083 9.641 27.245 9.149
161 7 1 28.024 9.635 27.186 9.142
162 7 1 27.978 9.628 27.140 9.136
163 7 1 27.933 9.622 27.094 9.130
164 7 1 27.860 9.616 27.022 9.123
165 7 1 27.815 9.609 26.976 9.117
166 7 1 27.769 9.603 26.930 9.111
167 7 1 27.710 9.610 26.871 9.117
168 7 1 27.651 9.604 26.812 9.111
169 7 1 27.605 9.610 26.766 9.118
170 7 1 27.546 9.617 26.707 9.125
171 7 1 27.500 9.624 26.661 9.131
172 7 1 27.441 9.631 26.602 9.138
173 7 1 27.382 9.650 26.543 9.158
174 7 1 27.415 9.709 26.202 9.088
175 7 1 27.303 9.716 26.235 9.107
176 7 1 27.153 9.730 26.196 9.094
177 7 1 27.153 9.723 26.097 9.082
178 7 1 27.021 9.750 26.124 9.094
179 7 1 26.851 9.718 26.025 9.101
180 7 1 26.877 9.705 25.920 9.082
181 7 1 26.884 9.770 25.960 9.063
182 7 1 26.884 9.763 25.828 9.063
183 7 1 26.825 9.725 25.868 9.135
184 7 1 26.956 9.711 25.671 9.116
185 7 1 26.923 9.731 25.658 9.136
186 7 1 26.930 9.711 25.605 9.142
187 7 1 26.890 9.718 25.566 9.156
188 7 1 26.674 9.745 25.651 9.090
189 7 1 26.589 9.693 25.678 9.149
190 7 1 26.622 9.732 25.573 9.071
191 7 1 26.431 9.720 25.579 9.142
192 7 1 26.267 9.740 25.540 9.143
193 7 1 26.261 9.786 25.291 9.098
194 7 1 26.064 9.793 25.369 9.111
195 7 1 26.058 9.800 25.350 9.143
196 7 1 26.038 9.832 25.087 9.171
197 7 1 26.005 9.761 25.140 9.229
198 7 1 25.953 9.794 24.976 9.151
199 7 1 26.058 9.826 24.871 9.100
200 7 1 26.038 9.845 24.871 9.080
201 7 1 26.031 9.904 24.825 9.093
202 7 1 26.031 9.917 24.733 9.100
203 7 1 25.979 9.930 24.733 9.113
204 7 1 25.946 9.937 24.720 9.126
205 7 1 25.861 9.696 24.995 9.164
206 7 1 25.776 9.905 24.713 9.133
207 7 1 25.795 9.696 24.930 9.165
208 7 1 25.749 9.703 24.884 9.171
209 7 1 25.717 9.697 24.851 9.165
210 7 1 25.658 9.703 24.792 9.172
211 7 1 25.625 9.723 24.759 9.192
212 7 1 25.579 9.743 24.713 9.211
213 7 1 25.546 9.763 24.680 9.231
214 7 1 25.500 9.782 24.634 9.251
215 7 1 25.454 9.789 24.588 9.258
216 7 1 25.461 9.926 24.149 9.194
217 7 1 25.389 9.789 24.523 9.258
218 7 1 25.343 9.796 24.477 9.265
219 7 1 25.297 9.790 24.431 9.258
220 7 1 25.146 9.856 24.168 9.285
221 7 1 25.021 9.863 24.122 9.259
222 7 1 24.982 9.889 23.998 9.169
223 7 1 24.910 9.863 23.866 9.293
224 7 1 24.772 9.884 23.768 9.268
225 7 1 24.627 9.884 23.670 9.255
226 7 1 24.614 9.897 23.591 9.223
227 7 1 24.614 9.910 23.610 9.222
228 7 1 24.608 9.976 23.565 9.138
229 7 1 24.647 9.936 23.460 9.125
230 7 1 24.634 9.962 23.420 9.171
231 7 1 24.621 9.936 23.440 9.138
232 7 1 24.549 9.943 23.361 9.126
233 7 1 24.535 9.956 23.335 9.165
234 7 1 24.581 9.917 23.348 9.204
235 7 1 24.496 9.787 23.630 9.255
236 7 1 24.450 9.793 23.584 9.262
237 7 1 24.417 9.800 23.551 9.268
238 7 1 24.372 9.807 23.505 9.275
239 7 1 24.339 9.814 23.473 9.282
240 7 1 24.293 9.807 23.427 9.275
241 7 1 24.247 9.801 23.381 9.269
242 7 1 24.201 9.808 23.335 9.276
243 7 1 24.168 9.814 23.302 9.283
244 7 1 24.122 9.834 23.256 9.302
245 7 1 24.089 9.854 23.223 9.322
246 7 1 24.050 9.958 22.908 9.284
247 7 1 24.037 9.965 22.908 9.284
248 7 1 24.030 9.848 23.164 9.316
249 7 1 24.063 10.011 22.770 9.161
250 7 1 24.010 10.011 22.770 9.154
251 7 1 23.971 9.841 23.105 9.309
252 7 1 23.925 9.848 23.059 9.316
253 7 1 23.879 9.855 23.013 9.323
254 7 1 23.846 9.848 22.980 9.317
255 7 1 23.814 9.842 22.947 9.310
256 7 1 23.781 9.836 22.914 9.304
257 7 1 23.308 9.975 22.481 9.436
258 7 1 23.374 9.981 22.435 9.345
259 7 1 23.387 10.033 22.258 9.235
260 7 1 23.354 10.027 22.179 9.268
261 7 1 23.341 9.994 22.146 9.327
262 7 1 23.315 9.909 22.455 9.378
263 7 1 23.275 9.916 22.415 9.384
264 7 1 23.262 10.053 22.034 9.360
265 7 1 23.203 9.916 22.343 9.385
266 7 1 23.150 9.923 22.290 9.391
267 7 1 23.111 9.930 22.251 9.398
268 7 1 23.058 9.950 22.198 9.418
269 7 1 22.927 10.114 21.949 9.373
270 7 1 23.012 9.950 22.152 9.418
271 7 1 22.973 9.957 22.113 9.425
272 7 1 22.947 9.963 22.087 9.431
273 7 1 22.920 9.996 22.060 9.464
274 7 1 22.881 10.029 22.021 9.497
275 7 1 22.842 10.036 21.982 9.504
276 7 1 22.815 10.055 21.955 9.523
277 7 1 22.776 10.062 21.916 9.530
278 7 1 22.710 10.069 21.850 9.537
279 7 1 22.658 10.063 21.798 9.531
280 7 1 22.592 10.193 21.443 9.467
281 7 1 22.599 10.063 21.738 9.531
282 7 1 22.520 10.187 21.410 9.415
283 7 1 22.539 10.063 21.679 9.531
284 7 1 22.487 10.070 21.627 9.538
285 7 1 22.434 10.077 21.574 9.545
286 7 1 22.395 10.083 21.535 9.551
287 7 1 22.369 10.077 21.508 9.545
288 7 1 22.329 10.084 21.469 9.552
289 7 1 22.277 10.077 21.416 9.545
290 7 1 22.224 10.071 21.364 9.539
291 7 1 22.172 10.065 21.311 9.533
292 7 1 22.119 10.071 21.259 9.539
294 7 1 22.053 10.072 21.193 9.540
295 7 1 22.014 10.078 21.154 9.546
296 7 1 21.961 10.085 21.101 9.553
297 7 1 21.909 10.092 21.048 9.560
298 7 1 21.856 10.099 20.996 9.567
299 7 1 21.804 10.105 20.943 9.573
300 7 1 21.751 10.125 20.891 9.593
301 7 1 21.712 10.145 20.851 9.613
302 7 1 21.685 10.165 20.825 9.633
303 7 1 21.232 10.252 20.430 9.654
304 7 1 21.363 10.284 20.417 9.641
305 7 1 21.304 10.356 20.457 9.608
306 7 1 21.199 10.291 20.305 9.641
307 7 1 21.159 10.285 20.259 9.648
308 7 1 21.205 10.369 20.174 9.629
309 7 1 21.133 10.285 20.141 9.662
310 7 1 21.113 10.278 20.128 9.642
311 7 1 21.028 10.298 20.069 9.669
312 7 1 21.087 10.363 19.983 9.676
313 7 1 20.995 10.344 20.023 9.603
314 7 1 20.936 10.286 19.977 9.597
315 7 1 20.982 10.312 19.950 9.545
316 7 1 20.916 10.318 19.931 9.565
317 7 1 20.923 10.312 19.865 9.611
318 7 1 20.824 10.338 19.819 9.591
319 7 1 20.857 10.181 20.003 9.649
320 7 1 20.811 10.188 19.957 9.656
321 7 1 20.765 10.201 19.911 9.669
322 7 1 20.732 10.202 19.878 9.669
323 7 1 20.686 10.208 19.832 9.676
324 7 1 20.667 10.195 19.812 9.663
325 7 1 20.607 10.222 19.753 9.690
327 7 1 20.574 10.353 19.411 9.593
328 7 1 20.555 10.425 19.359 9.567
329 7 1 20.522 10.216 19.668 9.683
330 7 1 20.482 10.222 19.628 9.690
331 7 1 20.443 10.216 19.589 9.684
332 7 1 20.397 10.236 19.543 9.704
333 7 1 20.364 10.242 19.510 9.710
334 7 1 20.318 10.262 19.464 9.730
335 7 1 20.285 10.282 19.431 9.750
336 7 1 20.239 10.289 19.385 9.757
337 7 1 20.206 10.282 19.352 9.750
115 7 1 31.121 9.576 30.277 9.103
293 7 1 22.080 10.065 21.219 9.533
326 7 1 20.574 10.215 19.720 9.683
338 7 1 20.173 10.302 19.319 9.770
339 7 1 20.127 10.322 19.273 9.790
341 7 1 20.062 10.335 19.207 9.803
342 7 1 20.029 10.342 19.174 9.810
343 7 1 19.996 10.349 19.141 9.816
344 7 1 19.963 10.355 19.108 9.823
345 7 1 19.930 10.349 19.075 9.817
346 7 1 19.884 10.356 19.029 9.823
347 7 1 19.851 10.349 18.997 9.817
348 7 1 19.818 10.343 18.964 9.811
349 7 1 19.785 10.337 18.931 9.804
350 7 1 19.752 10.330 18.898 9.798
351 7 1 19.720 10.311 18.865 9.778
352 7 1 19.674 10.291 18.819 9.759
353 7 1 19.641 10.285 18.786 9.753
355 7 1 19.575 10.259 18.720 9.727
356 7 1 19.542 10.253 18.687 9.720
357 7 1 19.509 10.246 18.654 9.714
358 7 1 19.476 10.240 18.622 9.708
359 7 1 19.443 10.233 18.589 9.701
360 7 1 19.417 10.240 18.562 9.708
361 7 1 32.129 9.610 31.926 9.044
362 7 1 19.417 10.234 18.562 9.701
363 7 1 19.411 10.227 18.556 9.695
364 7 1 19.384 10.221 18.536 9.688
365 7 1 19.075 10.189 18.523 9.610
366 7 1 19.378 10.221 18.543 9.688
367 7 1 19.345 10.214 18.516 9.682
368 7 1 19.299 10.195 18.477 9.662
369 7 1 19.253 10.202 18.437 9.669
370 7 1 19.213 10.195 18.405 9.663
371 7 1 19.233 10.254 18.431 9.721
372 7 1 19.226 10.247 18.431 9.715
373 7 1 19.226 10.254 18.437 9.721
374 7 1 19.220 10.248 18.437 9.715
375 7 1 19.226 10.254 18.451 9.721
376 7 1 19.213 10.248 18.444 9.715
377 7 1 19.207 10.254 18.444 9.721
378 7 1 19.200 10.248 18.444 9.715
379 7 1 19.193 10.254 18.444 9.721
380 7 1 19.180 10.235 18.437 9.702
381 7 1 19.161 10.228 18.424 9.695
340 7 1 20.094 10.342 19.240 9.809
354 7 1 19.608 10.278 18.753 9.746
0 8 1 39.893 11.874 39.117 11.247
1 8 1 39.828 11.855 39.078 11.253
2 8 1 39.802 11.868 39.104 11.234
3 8 1 39.848 11.875 38.811 11.255
4 8 1 39.665 11.902 39.143 11.240
5 8 1 39.587 11.954 39.098 11.234
6 8 1 39.567 11.954 38.830 11.248
7 8 1 39.580 12.032 38.576 11.210
8 8 1 39.470 12.046 38.628 11.197
9 8 1 39.346 12.014 38.739 11.255
10 8 1 39.437 12.020 38.393 11.244
11 8 1 39.378 12.033 38.367 11.257
12 8 1 39.365 12.059 38.230 11.251
13 8 1 39.320 12.066 38.184 11.258
14 8 1 39.267 12.021 38.126 11.245
15 8 1 39.202 11.949 38.184 11.284
16 8 1 39.202 11.975 38.113 11.284
17 8 1 39.117 11.950 38.047 11.278
18 8 1 39.059 11.957 37.995 11.258
19 8 1 38.974 11.976 37.930 11.278
20 8 1 38.870 11.977 37.976 11.298
21 8 1 38.844 11.964 37.956 11.291
22 8 1 38.733 11.997 37.910 11.259
23 8 1 38.681 12.004 37.949 11.187
24 8 1 38.726 11.997 37.669 11.234
25 8 1 38.687 12.004 37.643 11.267
26 8 1 38.648 11.972 37.571 11.286
27 8 1 38.563 11.978 37.473 11.293
28 8 1 38.420 12.018 37.512 11.274
29 8 1 38.420 11.992 37.415 11.359
30 8 1 38.433 11.986 37.382 11.352
31 8 1 38.407 12.005 37.362 11.359
32 8 1 38.309 11.999 37.323 11.366
33 8 1 38.250 12.039 37.343 11.327
34 8 1 38.270 11.999 37.160 11.380
35 8 1 38.172 12.091 36.964 11.309
36 8 1 38.159 12.006 37.264 11.359
37 8 1 37.956 12.118 37.101 11.328
38 8 1 37.865 12.112 37.023 11.335
39 8 1 37.832 12.119 37.029 11.315
40 8 1 37.839 12.093 36.997 11.367
41 8 1 37.852 12.047 36.984 11.400
42 8 1 37.767 12.158 36.670 11.362
43 8 1 37.793 12.047 36.925 11.400
44 8 1 37.741 12.041 36.873 11.394
45 8 1 37.702 12.035 36.834 11.388
46 8 1 37.650 12.041 36.781 11.394
47 8 1 37.598 12.035 36.729 11.388
48 8 1 37.428 12.030 36.520 11.337
49 8 1 37.487 12.081 36.331 11.292
50 8 1 37.402 12.095 36.305 11.286
51 8 1 37.395 11.991 36.527 11.343
52 8 1 37.343 11.984 36.475 11.337
53 8 1 37.284 11.978 36.416 11.331
54 8 1 37.108 11.992 36.161 11.313
55 8 1 37.030 11.973 36.168 11.319
56 8 1 37.049 11.966 36.076 11.326
57 8 1 36.977 12.006 36.050 11.248
58 8 1 37.043 11.999 35.841 11.242
59 8 1 36.991 11.980 35.802 11.282
60 8 1 36.938 11.934 36.076 11.293
61 8 1 36.893 11.934 36.031 11.294
62 8 1 36.814 11.935 35.952 11.294
63 8 1 36.788 11.948 35.926 11.307
64 8 1 36.729 11.948 35.867 11.307
65 8 1 36.664 11.935 35.802 11.295
66 8 1 36.625 11.949 35.763 11.308
67 8 1 36.566 11.962 35.704 11.321
68 8 1 36.534 11.975 35.671 11.334
69 8 1 36.462 11.976 35.600 11.335
70 8 1 36.390 11.976 35.528 11.335
71 8 1 36.351 11.983 35.489 11.342
72 8 1 36.285 12.002 35.423 11.362
73 8 1 36.227 12.016 35.364 11.375
74 8 1 36.174 12.029 35.312 11.388
75 8 1 36.135 12.029 35.273 11.388
76 8 1 36.077 12.030 35.214 11.389
77 8 1 36.044 12.043 35.182 11.402
78 8 1 35.900 12.115 34.901 11.286
79 8 1 35.979 12.037 35.116 11.396
80 8 1 35.933 12.037 35.070 11.396
81 8 1 35.887 12.037 35.025 11.396
82 8 1 35.828 12.037 34.966 11.396
83 8 1 35.770 12.038 34.907 11.397
84 8 1 35.711 12.038 34.848 11.397
85 8 1 35.665 12.025 34.803 11.384
86 8 1 35.593 12.012 34.731 11.371
87 8 1 35.534 12.110 34.371 11.269
88 8 1 35.528 12.019 34.665 11.378
89 8 1 35.482 12.019 34.620 11.378
90 8 1 35.423 12.020 34.561 11.379
91 8 1 35.378 12.020 34.515 11.379
92 8 1 35.319 12.020 34.456 11.379
93 8 1 35.260 12.033 34.398 11.392
94 8 1 35.201 12.047 34.339 11.406
95 8 1 35.156 12.047 34.293 11.406
96 8 1 34.835 12.042 34.038 11.394
97 8 1 34.868 12.035 34.012 11.394
98 8 1 34.816 12.049 33.960 11.408
99 8 1 34.633 12.252 33.953 11.427
100 8 1 34.653 12.284 33.901 11.362
101 8 1 34.750 12.049 33.894 11.408
102 8 1 34.698 12.062 33.842 11.421
103 8 1 34.646 12.076 33.790 11.434
104 8 1 34.594 12.089 33.737 11.448
105 8 1 34.541 12.102 33.685 11.461
106 8 1 34.489 12.115 33.633 11.474
107 8 1 34.450 12.142 33.594 11.501
108 8 1 34.411 12.155 33.554 11.514
109 8 1 34.208 12.312 33.371 11.534
110 8 1 34.202 12.371 33.378 11.534
111 8 1 34.084 12.306 33.332 11.613
112 8 1 34.012 12.294 33.195 11.652
113 8 1 33.979 12.287 33.058 11.673
114 8 1 33.816 12.288 33.025 11.647
116 8 1 33.757 12.295 33.044 11.686
117 8 1 33.744 12.302 33.097 11.679
118 8 1 33.731 12.315 33.058 11.673
119 8 1 33.724 12.341 33.051 11.699
120 8 1 33.783 12.327 32.986 11.705
121 8 1 33.738 12.334 32.940 11.712
122 8 1 33.692 12.328 32.894 11.706
123 8 1 33.646 12.335 32.848 11.713
124 8 1 33.522 12.348 32.567 11.720
125 8 1 33.450 12.394 32.593 11.740
126 8 1 33.398 12.512 32.547 11.642
127 8 1 33.228 12.493 32.613 11.818
128 8 1 33.247 12.513 32.580 11.818
129 8 1 33.195 12.500 32.449 11.825
130 8 1 33.169 12.617 32.175 11.729
131 8 1 33.149 12.611 32.253 11.800
132 8 1 33.162 12.617 32.240 11.768
133 8 1 33.071 12.650 32.279 11.794
134 8 1 33.031 12.488 32.279 11.852
135 8 1 33.058 12.716 32.181 11.755
136 8 1 33.175 12.669 31.965 11.769
137 8 1 33.045 12.461 32.266 11.839
138 8 1 32.992 12.481 32.214 11.859
139 8 1 32.953 12.501 32.175 11.879
140 8 1 32.901 12.534 32.122 11.912
141 8 1 32.861 12.527 32.083 11.905
142 8 1 32.809 12.547 32.031 11.925
143 8 1 32.757 12.554 31.978 11.932
144 8 1 32.718 12.574 31.939 11.952
145 8 1 32.665 12.594 31.887 11.971
146 8 1 32.613 12.613 31.834 11.991
147 8 1 32.561 12.646 31.782 12.024
148 8 1 32.508 12.666 31.730 12.044
149 8 1 32.456 12.686 31.677 12.064
150 8 1 32.404 12.706 31.625 12.084
151 8 1 32.338 12.713 31.560 12.090
152 8 1 32.286 12.732 31.507 12.110
153 8 1 32.162 12.857 31.252 12.177
154 8 1 32.090 12.870 31.206 12.190
155 8 1 32.024 12.884 31.252 12.183
156 8 1 31.926 12.917 31.246 12.190
157 8 1 31.880 12.924 31.180 12.184
158 8 1 31.854 12.917 31.062 12.217
159 8 1 31.848 13.002 30.892 12.146
160 8 1 31.834 12.865 31.075 12.243
161 8 1 31.789 12.872 31.030 12.250
162 8 1 31.566 13.095 30.951 12.191
163 8 1 31.736 12.872 30.977 12.250
164 8 1 31.690 12.879 30.931 12.257
165 8 1 31.553 13.095 30.670 12.147
166 8 1 31.540 13.134 30.670 12.127
167 8 1 31.618 12.860 30.859 12.237
168 8 1 31.586 12.879 30.827 12.257
169 8 1 31.527 12.886 30.768 12.264
170 8 1 31.481 12.906 30.722 12.284
171 8 1 31.435 12.913 30.676 12.290
172 8 1 31.389 12.920 30.630 12.297
173 8 1 31.344 12.926 30.584 12.304
174 8 1 31.298 12.946 30.539 12.324
175 8 1 31.239 12.940 30.480 12.317
176 8 1 31.193 12.934 30.434 12.311
177 8 1 31.134 12.940 30.375 12.318
178 8 1 30.781 12.962 29.982 12.333
179 8 1 30.774 13.053 29.805 12.223
180 8 1 30.683 13.151 29.884 12.268
181 8 1 30.748 12.942 29.989 12.320
182 8 1 30.676 12.969 29.661 12.328
183 8 1 30.611 13.230 29.720 12.152
184 8 1 30.689 12.936 29.930 12.314
185 8 1 30.643 12.930 29.884 12.307
186 8 1 30.584 12.924 29.825 12.301
187 8 1 30.539 12.904 29.779 12.282
188 8 1 30.480 12.898 29.720 12.275
189 8 1 30.008 12.900 29.340 12.238
190 8 1 30.342 13.081 29.190 12.095
191 8 1 30.159 13.056 29.098 12.142
192 8 1 30.100 13.037 28.915 12.149
193 8 1 30.034 12.861 29.281 12.238
194 8 1 29.995 12.868 29.242 12.245
195 8 1 29.943 12.875 29.190 12.252
196 8 1 29.877 12.868 29.124 12.246
197 8 1 29.812 12.862 29.059 12.240
198 8 1 29.746 12.856 28.993 12.233
199 8 1 29.694 12.850 28.941 12.227
200 8 1 29.799 13.045 28.528 12.112
201 8 1 29.661 13.046 28.594 12.072
202 8 1 29.628 12.831 28.875 12.208
203 8 1 29.576 12.824 28.823 12.202
204 8 1 29.550 12.818 28.797 12.195
205 8 1 29.510 12.825 28.757 12.202
206 8 1 29.471 12.831 28.718 12.209
207 8 1 29.432 12.838 28.679 12.215
208 8 1 29.379 12.832 28.626 12.209
209 8 1 29.327 12.839 28.574 12.216
210 8 1 29.275 12.858 28.521 12.236
211 8 1 29.222 12.878 28.469 12.255
212 8 1 29.170 12.885 28.417 12.262
213 8 1 29.117 12.892 28.364 12.269
214 8 1 29.065 12.886 28.312 12.263
215 8 1 29.000 12.879 28.246 12.257
216 8 1 28.947 12.860 28.194 12.237
218 8 1 28.941 12.854 28.187 12.231
219 8 1 28.901 12.834 28.148 12.211
220 8 1 28.875 12.828 28.122 12.205
221 8 1 28.836 12.821 28.082 12.199
222 8 1 28.783 12.815 28.030 12.192
223 8 1 28.731 12.809 27.978 12.186
224 8 1 28.692 12.803 27.938 12.180
225 8 1 28.652 12.783 27.899 12.160
226 8 1 28.600 12.777 27.846 12.154
227 8 1 28.547 12.771 27.794 12.148
228 8 1 28.495 12.764 27.742 12.142
229 8 1 28.253 12.615 27.375 11.993
230 8 1 28.364 12.739 27.086 11.818
231 8 1 28.174 12.688 27.152 11.877
232 8 1 28.181 12.603 27.427 11.980
233 8 1 28.128 12.597 27.375 11.974
234 8 1 28.089 12.577 27.335 11.954
235 8 1 28.063 12.571 27.309 11.948
236 8 1 28.023 12.551 27.270 11.928
237 8 1 27.971 12.545 27.217 11.922
238 8 1 27.918 12.552 27.165 11.929
239 8 1 27.866 12.559 27.112 11.936
240 8 1 27.814 12.565 27.060 11.942
241 8 1 27.761 12.572 27.007 11.949
242 8 1 27.709 12.566 26.955 11.943
243 8 1 27.656 12.573 26.903 11.950
244 8 1 27.604 12.566 26.850 11.943
245 8 1 27.551 12.560 26.798 11.937
246 8 1 27.499 12.541 26.745 11.918
247 8 1 27.446 12.535 26.693 11.912
248 8 1 27.381 12.502 26.627 11.879
249 8 1 27.342 12.470 26.588 11.847
250 8 1 27.302 12.437 26.549 11.814
251 8 1 27.263 12.418 26.509 11.795
252 8 1 27.211 12.386 26.457 11.763
253 8 1 27.158 12.366 26.404 11.743
254 8 1 27.106 12.347 26.352 11.724
255 8 1 27.053 12.341 26.299 11.718
256 8 1 27.001 12.334 26.247 11.711
257 8 1 26.948 12.328 26.194 11.705
258 8 1 26.896 12.322 26.142 11.699
259 8 1 26.843 12.316 26.089 11.693
260 8 1 26.778 12.296 26.024 11.673
261 8 1 26.725 12.290 25.971 11.667
262 8 1 26.673 12.284 25.919 11.661
263 8 1 26.620 12.291 25.866 11.667
264 8 1 26.568 12.284 25.814 11.661
265 8 1 26.529 12.278 25.775 11.655
266 8 1 26.463 12.272 25.709 11.649
267 8 1 26.424 12.279 25.670 11.655
268 8 1 26.371 12.272 25.617 11.649
269 8 1 26.319 12.305 25.565 11.682
270 8 1 26.266 12.312 25.512 11.689
271 8 1 26.214 12.319 25.460 11.696
272 8 1 26.174 12.325 25.420 11.702
273 8 1 26.122 12.319 25.368 11.696
274 8 1 26.083 12.313 25.329 11.690
275 8 1 26.017 12.320 25.263 11.696
276 8 1 25.965 12.313 25.210 11.690
277 8 1 25.912 12.307 25.158 11.684
278 8 1 25.860 12.301 25.105 11.678
279 8 1 25.794 12.308 25.040 11.684
280 8 1 25.728 12.288 24.974 11.665
281 8 1 25.689 12.269 24.935 11.646
282 8 1 25.637 12.237 24.882 11.613
283 8 1 25.597 12.217 24.843 11.594
284 8 1 25.558 12.185 24.804 11.561
285 8 1 25.505 12.165 24.751 11.542
286 8 1 25.453 12.159 24.699 11.536
287 8 1 25.400 12.153 24.646 11.530
288 8 1 25.348 12.147 24.594 11.523
289 8 1 25.295 12.140 24.541 11.517
290 8 1 25.243 12.134 24.489 11.511
291 8 1 25.190 12.128 24.436 11.504
292 8 1 25.138 12.108 24.384 11.485
294 8 1 25.033 12.096 24.279 11.473
295 8 1 24.981 12.103 24.226 11.479
296 8 1 24.928 12.096 24.174 11.473
297 8 1 24.889 12.103 24.134 11.480
298 8 1 24.836 12.110 24.082 11.486
299 8 1 24.784 12.130 24.029 11.506
300 8 1 24.744 12.150 23.990 11.526
301 8 1 24.692 12.182 23.937 11.559
302 8 1 24.652 12.189 23.898 11.566
303 8 1 24.318 12.027 23.373 11.418
304 8 1 24.606 12.189 23.852 11.566
305 8 1 24.580 12.183 23.826 11.560
306 8 1 24.567 12.190 23.812 11.566
307 8 1 24.554 12.196 23.799 11.573
308 8 1 24.528 12.190 23.773 11.566
309 8 1 24.462 12.197 23.707 11.573
310 8 1 24.370 12.191 23.615 11.567
311 8 1 24.265 12.185 23.510 11.561
312 8 1 24.173 12.178 23.418 11.555
313 8 1 23.779 12.010 22.900 11.433
314 8 1 23.733 12.096 22.749 11.323
315 8 1 23.727 12.122 22.631 11.278
316 8 1 23.707 12.017 22.952 11.400
317 8 1 23.668 12.018 22.913 11.401
318 8 1 23.615 12.018 22.860 11.401
319 8 1 23.563 12.018 22.808 11.401
320 8 1 23.510 12.018 22.755 11.401
321 8 1 23.556 12.292 22.328 11.207
322 8 1 23.608 12.318 22.250 11.162
323 8 1 23.490 12.208 22.328 11.207
324 8 1 23.438 11.999 22.683 11.382
325 8 1 23.385 11.999 22.630 11.382
327 8 1 23.280 12.013 22.525 11.396
328 8 1 23.254 12.013 22.499 11.396
329 8 1 23.215 12.013 22.460 11.396
330 8 1 23.162 12.027 22.407 11.409
331 8 1 23.109 12.040 22.355 11.423
332 8 1 23.096 12.079 22.341 11.462
333 8 1 23.070 12.105 22.315 11.488
334 8 1 23.044 12.119 22.289 11.501
335 8 1 23.031 12.132 22.276 11.515
336 8 1 23.017 12.132 22.262 11.515
337 8 1 22.144 12.031 21.671 11.334
115 8 1 33.901 12.281 32.973 11.673
293 8 1 25.086 12.102 24.331 11.479
326 8 1 23.333 12.000 22.578 11.382
338 8 1 22.157 12.051 21.665 11.321
339 8 1 22.453 12.076 21.356 11.303
341 8 1 22.945 12.139 22.190 11.522
342 8 1 22.866 12.152 22.111 11.535
343 8 1 22.761 12.153 22.006 11.535
344 8 1 22.315 12.076 21.224 11.337
345 8 1 22.203 12.110 21.172 11.350
346 8 1 22.085 12.123 21.126 11.337
347 8 1 22.032 12.123 21.034 11.344
348 8 1 22.006 12.143 20.975 11.325
349 8 1 22.058 12.202 20.909 11.286
350 8 1 22.071 12.241 20.856 11.253
351 8 1 22.038 12.241 20.830 11.234
352 8 1 22.045 12.248 20.718 11.228
353 8 1 22.025 12.248 20.725 11.241
355 8 1 21.986 12.228 20.613 11.287
356 8 1 21.887 12.229 20.580 11.307
357 8 1 21.881 12.216 20.508 11.301
358 8 1 21.703 12.217 20.442 11.294
359 8 1 21.651 12.178 20.396 11.327
360 8 1 21.546 12.172 20.468 11.379
361 8 1 21.526 12.152 20.435 11.406
362 8 1 21.408 12.153 20.383 11.386
363 8 1 21.329 12.160 20.291 11.387
364 8 1 21.316 12.160 20.271 11.413
365 8 1 21.289 12.173 20.225 11.393
366 8 1 21.296 12.173 20.126 11.394
367 8 1 21.316 12.173 20.093 11.394
368 8 1 21.335 12.140 20.061 11.394
369 8 1 21.289 12.127 19.982 11.408
370 8 1 21.270 12.121 19.896 11.343
371 8 1 21.224 12.134 19.850 11.356
372 8 1 21.099 12.004 20.185 11.426
373 8 1 21.099 12.102 19.830 11.343
374 8 1 20.994 12.109 19.745 11.363
375 8 1 20.941 12.135 19.659 11.324
376 8 1 20.803 12.116 19.633 11.377
377 8 1 20.698 12.163 19.541 11.338
378 8 1 20.566 12.104 19.482 11.384
379 8 1 20.586 12.137 19.469 11.351
380 8 1 20.553 12.144 19.449 11.306
381 8 1 20.500 12.216 19.462 11.240
340 8 1 22.998 12.138 22.243 11.521
354 8 1 21.992 12.235 20.672 11.254
0 9 2 28.168 11.748 26.726 10.945
1 9 2 28.351 11.786 26.824 10.991
2 9 2 28.508 11.805 26.936 10.997
3 9 2 28.541 11.864 27.047 10.983
4 9 2 28.731 11.810 27.132 11.094
5 9 2 28.777 11.876 27.316 11.041
6 9 2 29.078 12.037 27.165 10.943
7 9 2 29.183 12.011 27.191 11.015
8 9 2 28.974 11.927 27.388 11.092
9 9 2 29.085 11.952 27.499 11.118
10 9 2 29.209 11.978 27.624 11.144
11 9 2 29.314 12.003 27.729 11.169
12 9 2 29.419 12.029 27.834 11.195
13 9 2 29.517 12.055 27.932 11.220
14 9 2 29.635 12.080 28.050 11.246
15 9 2 29.753 12.119 28.168 11.285
16 9 2 29.792 12.151 28.535 11.296
17 9 2 29.923 12.131 28.378 11.297
18 9 2 30.028 12.163 28.482 11.329
19 9 2 30.139 12.202 28.594 11.367
20 9 2 30.264 12.240 28.718 11.406
21 9 2 30.362 12.279 28.816 11.445
22 9 2 30.486 12.330 28.941 11.496
23 9 2 30.598 12.356 29.052 11.522
24 9 2 30.696 12.382 29.151 11.548
25 9 2 30.794 12.407 29.249 11.573
26 9 2 30.925 12.433 29.380 11.599
27 9 2 31.003 12.471 29.458 11.637
28 9 2 31.128 12.497 29.583 11.663
29 9 2 31.259 12.516 29.714 11.682
30 9 2 31.350 12.561 29.805 11.727
31 9 2 31.448 12.600 29.904 11.766
32 9 2 31.141 12.745 29.596 11.911
33 9 2 31.658 12.651 30.113 11.817
34 9 2 31.782 12.676 30.238 11.842
35 9 2 31.848 12.682 30.303 11.849
36 9 2 31.978 12.754 30.434 11.920
37 9 2 32.116 12.779 30.571 11.945
38 9 2 32.207 12.818 30.663 11.984
39 9 2 32.325 12.856 30.781 12.022
40 9 2 32.449 12.882 30.905 12.048
41 9 2 32.547 12.907 31.003 12.074
42 9 2 32.672 12.933 31.128 12.099
43 9 2 32.770 12.958 31.226 12.125
44 9 2 32.881 12.997 31.337 12.163
45 9 2 33.234 13.041 31.435 12.235
46 9 2 33.110 13.048 31.540 12.221
47 9 2 33.201 13.067 31.632 12.240
48 9 2 33.385 13.131 31.959 12.304
49 9 2 33.502 13.189 32.050 12.349
50 9 2 33.757 13.175 31.991 12.369
51 9 2 33.725 13.195 32.292 12.432
52 9 2 33.868 13.194 32.260 12.485
53 9 2 33.999 13.174 32.345 12.491
54 9 2 34.130 13.212 32.449 12.503
55 9 2 34.280 13.218 32.554 12.522
56 9 2 34.319 13.244 32.737 12.541
57 9 2 34.548 13.275 32.796 12.560
58 9 2 34.600 13.262 32.927 12.553
59 9 2 34.718 13.268 32.966 12.566
60 9 2 34.823 13.261 33.045 12.559
61 9 2 34.895 13.280 33.241 12.591
62 9 2 35.091 13.318 33.286 12.578
63 9 2 35.136 13.344 33.411 12.610
64 9 2 35.202 13.376 33.502 12.629
65 9 2 35.313 13.382 33.633 12.628
66 9 2 35.443 13.440 33.751 12.634
67 9 2 35.672 13.465 33.783 12.582
68 9 2 35.378 13.401 33.796 12.666
69 9 2 35.496 13.401 33.914 12.666
70 9 2 35.633 13.407 34.051 12.672
71 9 2 35.750 13.425 34.169 12.690
72 9 2 35.894 13.431 34.313 12.696
73 9 2 36.018 13.437 34.437 12.702
74 9 2 36.149 13.443 34.568 12.708
75 9 2 36.279 13.449 34.698 12.714
76 9 2 36.417 13.455 34.836 12.720
77 9 2 36.534 13.461 34.953 12.726
78 9 2 36.678 13.466 35.097 12.732
79 9 2 36.802 13.472 35.221 12.737
80 9 2 36.932 13.478 35.352 12.743
81 9 2 37.076 13.484 35.495 12.749
82 9 2 37.722 13.520 35.384 12.658
83 9 2 37.207 13.470 35.626 12.735
84 9 2 37.331 13.463 35.750 12.728
85 9 2 37.455 13.469 35.874 12.734
86 9 2 37.598 13.462 36.018 12.727
87 9 2 37.729 13.467 36.149 12.733
88 9 2 37.879 13.460 36.299 12.726
89 9 2 38.009 13.453 36.429 12.718
90 9 2 38.153 13.446 36.573 12.711
91 9 2 38.290 13.438 36.710 12.704
92 9 2 38.420 13.431 36.841 12.697
93 9 2 38.564 13.424 36.984 12.690
94 9 2 38.714 13.417 37.134 12.682
95 9 2 38.844 13.410 37.265 12.675
96 9 2 39.001 13.402 37.422 12.668
97 9 2 39.138 13.395 37.559 12.661
98 9 2 39.281 13.401 37.702 12.666
99 9 2 39.425 13.394 37.846 12.659
100 9 2 39.575 13.386 37.996 12.652
101 9 2 39.718 13.392 38.139 12.658
102 9 2 39.888 13.398 38.309 12.663
103 9 2 40.038 13.403 38.459 12.669
104 9 2 40.181 13.396 38.603 12.662
105 9 2 40.325 13.402 38.746 12.668
106 9 2 40.474 13.395 38.896 12.660
107 9 2 40.624 13.413 39.046 12.679
108 9 2 40.774 13.419 39.196 12.685
109 9 2 40.924 13.438 39.346 12.704
110 9 2 41.081 13.444 39.503 12.710
111 9 2 41.224 13.462 39.646 12.728
112 9 2 41.387 13.468 39.809 12.734
113 9 2 41.524 13.487 39.946 12.753
114 9 2 41.674 13.506 40.096 12.772
116 9 2 41.960 13.543 40.383 12.809
117 9 2 42.097 13.575 40.520 12.841
118 9 2 42.247 13.594 40.670 12.860
119 9 2 42.371 13.639 40.793 12.905
120 9 2 42.520 13.657 40.943 12.924
121 9 2 42.657 13.702 41.080 12.969
122 9 2 42.807 13.734 41.230 13.000
123 9 2 42.944 13.779 41.367 13.045
124 9 2 43.081 13.824 41.504 13.090
125 9 2 43.204 13.869 41.628 13.135
126 9 2 43.341 13.913 41.764 13.180
127 9 2 43.465 13.958 41.888 13.225
128 9 2 43.602 14.003 42.025 13.270
0 10 2 24.412 8.534 22.929 7.834
1 10 2 24.451 8.553 22.896 7.821
2 10 2 24.582 8.598 23.099 7.827
3 10 2 24.582 8.592 23.099 7.827
4 10 2 24.681 8.598 23.198 7.833
5 10 2 24.943 8.571 23.480 7.858
6 10 2 24.943 8.584 23.474 7.845
7 10 2 25.042 8.590 23.572 7.852
8 10 2 25.337 8.615 23.841 7.805
9 10 2 25.409 8.601 23.999 7.837
10 10 2 25.553 8.614 24.110 7.830
11 10 2 25.579 8.607 24.182 7.836
12 10 2 25.678 8.613 24.274 7.810
13 10 2 25.802 8.600 24.392 7.816
14 10 2 25.927 8.612 24.458 7.822
15 10 2 26.065 8.618 24.609 7.808
16 10 2 26.143 8.625 24.609 7.815
17 10 2 26.170 8.611 24.747 7.847
18 10 2 26.301 8.617 24.917 7.827
19 10 2 26.353 8.624 25.049 7.852
20 10 2 26.648 8.603 25.022 7.898
21 10 2 26.537 8.623 25.121 7.872
22 10 2 26.747 8.629 25.357 7.858
23 10 2 26.904 8.628 25.455 7.870
24 10 2 27.055 8.634 25.580 7.870
25 10 2 27.120 8.660 25.724 7.882
26 10 2 27.330 8.633 25.652 7.909
27 10 2 27.310 8.659 25.895 7.875
28 10 2 27.468 8.665 25.993 7.914
29 10 2 27.520 8.704 26.157 7.920
30 10 2 27.841 8.663 26.111 7.933
31 10 2 27.533 8.671 26.124 7.926
32 10 2 27.671 8.690 26.262 7.945
33 10 2 27.756 8.696 26.347 7.952
34 10 2 27.861 8.696 26.452 7.951
35 10 2 28.025 8.689 26.616 7.944
36 10 2 28.097 8.708 26.688 7.963
37 10 2 28.215 8.720 26.806 7.976
38 10 2 28.077 8.793 26.668 8.048
39 10 2 28.437 8.720 27.029 7.975
40 10 2 28.542 8.732 27.134 7.988
41 10 2 28.627 8.725 27.219 7.981
42 10 2 28.765 8.744 27.356 8.000
43 10 2 28.883 8.744 27.474 7.999
44 10 2 28.974 8.757 27.566 8.012
45 10 2 29.105 8.769 27.697 8.025
46 10 2 29.210 8.769 27.802 8.024
47 10 2 29.315 8.768 27.907 8.024
48 10 2 29.433 8.768 28.025 8.023
49 10 2 29.551 8.780 28.143 8.036
50 10 2 29.655 8.793 28.247 8.049
51 10 2 29.786 8.792 28.379 8.048
52 10 2 29.904 8.792 28.496 8.048
53 10 2 30.015 8.791 28.608 8.047
54 10 2 30.140 8.791 28.732 8.047
55 10 2 30.245 8.790 28.837 8.046
56 10 2 30.356 8.803 28.948 8.059
57 10 2 30.480 8.816 29.073 8.071
58 10 2 30.598 8.802 29.191 8.058
59 10 2 31.069 8.891 29.230 8.051
60 10 2 30.690 8.808 29.282 8.064
61 10 2 30.794 8.808 29.387 8.064
62 10 2 30.906 8.807 29.498 8.063
63 10 2 31.017 8.807 29.610 8.063
64 10 2 31.135 8.806 29.727 8.062
65 10 2 31.233 8.806 29.826 8.062
66 10 2 31.357 8.805 29.950 8.061
67 10 2 31.462 8.805 30.055 8.061
68 10 2 31.573 8.805 30.166 8.061
69 10 2 31.684 8.804 30.277 8.060
70 10 2 31.789 8.804 30.382 8.060
71 10 2 31.893 8.803 30.487 8.059
72 10 2 31.998 8.790 30.591 8.046
73 10 2 32.103 8.789 30.696 8.045
74 10 2 32.207 8.789 30.801 8.045
75 10 2 32.312 8.788 30.906 8.045
76 10 2 32.417 8.775 31.010 8.031
77 10 2 32.521 8.775 31.115 8.031
78 10 2 32.626 8.774 31.220 8.030
79 10 2 32.730 8.774 31.324 8.030
80 10 2 32.835 8.760 31.429 8.016
81 10 2 32.927 8.760 31.521 8.016
82 10 2 33.031 8.746 31.625 8.003
83 10 2 33.136 8.746 31.730 8.002
84 10 2 33.253 8.732 31.848 7.989
85 10 2 33.358 8.732 31.952 7.988
86 10 2 33.463 8.732 32.057 7.988
87 10 2 33.567 8.718 32.161 7.975
88 10 2 33.672 8.718 32.266 7.974
89 10 2 33.776 8.717 32.371 7.974
90 10 2 33.881 8.704 32.475 7.960
91 10 2 33.985 8.703 32.580 7.960
92 10 2 34.077 8.703 32.672 7.959
93 10 2 34.671 8.727 32.541 7.778
94 10 2 34.175 8.696 32.770 7.953
95 10 2 34.266 8.696 32.861 7.952
96 10 2 34.371 8.695 32.966 7.952
97 10 2 34.475 8.708 33.070 7.964
98 10 2 34.567 8.721 33.162 7.977
99 10 2 34.684 8.720 33.279 7.977
100 10 2 34.776 8.733 33.371 7.989
101 10 2 34.894 8.745 33.489 8.002
102 10 2 34.985 8.745 33.580 8.002
103 10 2 35.103 8.757 33.698 8.014
104 10 2 35.194 8.783 33.789 8.040
105 10 2 35.312 8.796 33.907 8.052
106 10 2 35.403 8.808 33.998 8.065
107 10 2 35.521 8.834 34.116 8.091
108 10 2 35.612 8.847 34.207 8.103
109 10 2 35.729 8.859 34.325 8.116
110 10 2 35.821 8.898 34.417 8.155
111 10 2 35.925 8.910 34.521 8.167
112 10 2 36.030 8.949 34.626 8.206
113 10 2 36.134 8.975 34.730 8.231
114 10 2 36.239 9.013 34.835 8.270
116 10 2 36.435 9.104 35.031 8.361
117 10 2 36.539 9.129 35.135 8.386
118 10 2 36.630 9.168 35.227 8.425
119 10 2 36.748 9.220 35.344 8.476
120 10 2 36.839 9.271 35.436 8.528
121 10 2 36.957 9.323 35.553 8.580
122 10 2 37.048 9.374 35.645 8.632
123 10 2 37.153 9.426 35.749 8.683
124 10 2 37.257 9.478 35.853 8.735
125 10 2 37.348 9.542 35.945 8.800
126 10 2 37.427 9.594 36.023 8.851
127 10 2 37.518 9.646 36.115 8.903
128 10 2 37.623 9.711 36.219 8.968
129 10 2 37.714 9.775 36.311 9.033
130 10 2 37.805 9.840 36.402 9.097
131 10 2 37.910 9.905 36.506 9.162
132 10 2 38.001 9.956 36.598 9.214
133 10 2 38.079 10.021 36.676 9.278
134 10 2 38.171 10.099 36.768 9.356
135 10 2 38.262 10.163 36.859 9.421
136 10 2 38.353 10.215 36.950 9.473
137 10 2 38.445 10.280 37.042 9.537
138 10 2 38.523 10.358 37.120 9.615
139 10 2 38.614 10.422 37.212 9.680
140 10 2 38.719 10.487 37.316 9.744
141 10 2 38.810 10.565 37.407 9.822
142 10 2 38.888 10.629 37.486 9.887
143 10 2 38.967 10.694 37.564 9.952
144 10 2 39.058 10.772 37.655 10.029
145 10 2 39.162 10.836 37.760 10.094
146 10 2 39.254 10.901 37.851 10.159
147 10 2 39.319 10.979 37.916 10.237
148 10 2 39.423 11.056 38.021 10.314
149 10 2 39.515 11.121 38.112 10.379
150 10 2 39.593 11.186 38.191 10.444
151 10 2 39.684 11.264 38.282 10.521
152 10 2 39.789 11.341 38.386 10.599
153 10 2 39.893 11.406 38.491 10.664
154 10 2 39.984 11.470 38.582 10.728
155 10 2 40.063 11.548 38.660 10.806
156 10 2 40.154 11.613 38.752 10.871
157 10 2 40.258 11.677 38.856 10.935
158 10 2 40.350 11.755 38.947 11.013
159 10 2 40.441 11.820 39.039 11.078
160 10 2 40.545 11.871 39.143 11.129
161 10 2 40.636 11.936 39.234 11.194
162 10 2 40.715 12.014 39.313 11.272
163 10 2 40.806 12.078 39.404 11.336
164 10 2 40.910 12.130 39.508 11.388
165 10 2 41.002 12.194 39.600 11.453
166 10 2 41.093 12.272 39.691 11.530
167 10 2 41.197 12.337 39.795 11.595
168 10 2 41.301 12.388 39.900 11.647
169 10 2 41.406 12.453 40.004 11.711
170 10 2 41.497 12.517 40.095 11.776
171 10 2 41.588 12.569 40.187 11.827
172 10 2 41.692 12.634 40.291 11.892
173 10 2 41.797 12.698 40.395 11.957
174 10 2 41.888 12.750 40.487 12.008
175 10 2 41.979 12.801 40.578 12.060
176 10 2 42.083 12.866 40.682 12.124
177 10 2 42.188 12.930 40.786 12.189
178 10 2 42.292 12.982 40.891 12.241
179 10 2 42.396 13.033 40.995 12.292
180 10 2 42.500 13.098 41.099 12.357
181 10 2 42.592 13.163 41.191 12.421
182 10 2 42.683 13.201 41.282 12.460
183 10 2 42.800 13.266 41.399 12.524
184 10 2 42.891 13.317 41.490 12.576
185 10 2 43.009 13.369 41.608 12.627
186 10 2 43.386 13.594 41.653 12.692
187 10 2 43.093 13.414 41.692 12.673
188 10 2 43.184 13.465 41.784 12.724
189 10 2 43.289 13.517 41.888 12.776
190 10 2 43.393 13.568 41.992 12.827
191 10 2 43.497 13.607 42.096 12.866
192 10 2 43.601 13.658 42.201 12.917
193 10 2 43.692 13.710 42.292 12.969
115 10 2 36.330 9.065 34.926 8.322
