0 1 1 43.198 8.869 41.779 8.152
1 1 1 43.236 8.888 41.747 8.140
2 1 1 43.109 8.856 41.670 8.146
3 1 1 43.154 8.875 41.677 8.140
4 1 1 43.045 8.831 41.676 8.114
5 1 1 43.096 8.856 41.632 8.127
6 1 1 43.051 8.850 41.581 8.121
7 1 1 43.000 8.831 41.530 8.102
8 1 1 42.949 8.825 41.479 8.096
9 1 1 42.898 8.819 41.428 8.089
10 1 1 42.630 8.717 41.402 8.026
11 1 1 42.790 8.768 41.344 8.045
12 1 1 42.541 8.718 41.325 8.013
13 1 1 42.688 8.749 41.261 8.026
14 1 1 42.426 8.718 41.166 8.014
15 1 1 42.554 8.737 41.140 8.014
16 1 1 42.496 8.737 41.083 8.014
17 1 1 42.420 8.718 41.006 7.995
18 1 1 42.369 8.725 40.955 8.002
19 1 1 42.311 8.712 40.898 7.989
20 1 1 42.069 8.681 40.744 7.913
21 1 1 42.171 8.681 40.764 7.957
22 1 1 41.941 8.681 40.655 7.920
23 1 1 42.050 8.675 40.649 7.951
24 1 1 41.865 8.656 40.546 7.920
25 1 1 41.948 8.669 40.553 7.945
26 1 1 41.743 8.567 40.585 7.990
27 1 1 41.884 8.650 40.502 7.933
28 1 1 41.596 8.574 40.521 7.965
29 1 1 41.782 8.637 40.412 7.927
30 1 1 41.584 8.644 40.317 7.895
31 1 1 41.680 8.638 40.317 7.927
32 1 1 41.622 8.619 40.259 7.908
33 1 1 41.565 8.625 40.202 7.914
34 1 1 41.495 8.613 40.131 7.902
35 1 1 41.437 8.594 40.074 7.883
37 1 1 41.322 8.588 39.959 7.877
38 1 1 41.163 8.569 39.793 7.877
39 1 1 41.214 8.582 39.850 7.871
40 1 1 41.169 8.582 39.806 7.871
41 1 1 41.118 8.563 39.755 7.852
42 1 1 41.080 8.556 39.716 7.846
43 1 1 41.022 8.557 39.659 7.846
44 1 1 40.971 8.557 39.608 7.846
45 1 1 40.920 8.557 39.557 7.846
46 1 1 40.863 8.544 39.499 7.834
47 1 1 40.786 8.526 39.422 7.815
48 1 1 40.748 8.532 39.384 7.821
49 1 1 40.677 8.532 39.314 7.821
50 1 1 40.614 8.526 39.250 7.815
51 1 1 40.563 8.533 39.199 7.822
52 1 1 40.518 8.520 39.154 7.809
53 1 1 40.454 8.495 39.090 7.784
54 1 1 40.416 8.508 39.052 7.797
55 1 1 40.371 8.508 39.007 7.797
56 1 1 40.157 9.173 38.793 8.462
57 1 1 40.281 8.482 38.917 7.771
58 1 1 40.237 8.483 38.873 7.772
59 1 1 40.281 8.374 38.904 7.682
60 1 1 40.141 8.445 38.764 7.753
61 1 1 40.083 8.445 38.707 7.753
62 1 1 40.007 8.458 38.630 7.772
63 1 1 39.955 8.432 38.579 7.747
64 1 1 39.655 8.408 38.527 7.607
65 1 1 39.827 8.375 38.463 7.696
66 1 1 39.770 8.363 38.406 7.684
67 1 1 39.719 8.363 38.355 7.684
68 1 1 39.329 8.332 38.336 7.716
69 1 1 39.604 8.370 38.246 7.690
70 1 1 39.176 8.314 38.304 7.684
71 1 1 39.489 8.357 38.137 7.684
72 1 1 39.054 8.327 38.233 7.671
73 1 1 39.380 8.351 38.035 7.678
74 1 1 39.323 8.345 37.978 7.672
75 1 1 39.278 8.339 37.933 7.666
76 1 1 39.227 8.313 37.882 7.640
77 1 1 39.163 8.307 37.818 7.634
78 1 1 39.099 8.314 37.754 7.641
79 1 1 39.035 8.314 37.690 7.641
80 1 1 38.971 8.314 37.626 7.641
81 1 1 38.907 8.314 37.562 7.641
82 1 1 38.856 8.302 37.511 7.629
83 1 1 38.799 8.308 37.453 7.635
84 1 1 38.754 8.302 37.408 7.629
85 1 1 38.703 8.302 37.357 7.629
86 1 1 38.338 8.208 37.331 7.572
87 1 1 38.587 8.271 37.248 7.604
88 1 1 38.543 8.264 37.203 7.598
89 1 1 38.498 8.271 37.159 7.604
90 1 1 38.440 8.265 37.101 7.598
91 1 1 38.383 8.259 37.044 7.592
92 1 1 38.313 8.252 36.973 7.585
93 1 1 38.255 8.259 36.916 7.592
94 1 1 38.197 8.253 36.858 7.586
95 1 1 38.140 8.246 36.800 7.580
96 1 1 38.069 8.240 36.730 7.573
97 1 1 38.012 8.247 36.672 7.580
98 1 1 37.942 8.241 36.602 7.574
99 1 1 37.897 8.234 36.557 7.567
100 1 1 37.839 8.228 36.499 7.561
101 1 1 37.801 8.228 36.461 7.561
102 1 1 37.750 8.229 36.410 7.562
103 1 1 37.705 8.235 36.365 7.568
104 1 1 37.635 8.242 36.295 7.575
105 1 1 37.577 8.248 36.237 7.581
106 1 1 37.519 8.242 36.179 7.575
107 1 1 37.462 8.249 36.122 7.581
108 1 1 37.391 8.242 36.051 7.575
109 1 1 37.334 8.249 35.994 7.582
110 1 1 37.263 8.243 35.923 7.576
111 1 1 37.206 8.249 35.866 7.582
112 1 1 37.136 8.243 35.795 7.576
113 1 1 37.084 8.250 35.744 7.583
114 1 1 37.033 8.244 35.693 7.576
115 1 1 36.988 8.250 35.648 7.583
116 1 1 36.674 8.130 35.641 7.474
117 1 1 36.879 8.186 35.545 7.526
118 1 1 36.828 8.174 35.494 7.513
119 1 1 36.777 8.161 35.443 7.500
120 1 1 36.713 8.174 35.379 7.513
121 1 1 36.649 8.162 35.315 7.501
122 1 1 36.585 8.175 35.251 7.514
123 1 1 36.534 8.162 35.199 7.501
124 1 1 36.457 8.162 35.122 7.501
125 1 1 36.393 8.156 35.058 7.495
126 1 1 36.329 8.163 34.994 7.502
127 1 1 36.265 8.150 34.930 7.489
128 1 1 35.944 8.087 34.911 7.483
129 1 1 36.149 8.131 34.821 7.477
130 1 1 35.771 8.132 34.937 7.483
131 1 1 36.060 8.131 34.738 7.477
132 1 1 35.675 8.113 34.930 7.451
133 1 1 35.983 8.125 34.667 7.471
134 1 1 35.931 8.119 34.616 7.464
135 1 1 35.880 8.113 34.565 7.458
136 1 1 35.823 8.107 34.507 7.452
137 1 1 35.752 8.100 34.437 7.446
138 1 1 35.694 8.094 34.379 7.439
139 1 1 35.624 8.088 34.308 7.433
140 1 1 35.553 8.088 34.238 7.433
141 1 1 35.483 8.088 34.167 7.434
142 1 1 35.425 8.095 34.110 7.440
143 1 1 35.361 8.089 34.045 7.434
144 1 1 35.310 8.095 33.994 7.440
145 1 1 35.239 8.089 33.924 7.434
146 1 1 35.195 8.096 33.879 7.441
147 1 1 35.124 8.090 33.808 7.435
148 1 1 35.066 8.096 33.750 7.441
149 1 1 35.002 8.090 33.686 7.435
150 1 1 34.951 8.084 33.635 7.429
151 1 1 34.880 8.078 33.564 7.422
152 1 1 34.823 8.078 33.507 7.423
153 1 1 34.752 8.078 33.436 7.423
154 1 1 34.694 8.072 33.378 7.417
155 1 1 34.624 8.065 33.308 7.410
156 1 1 34.566 8.059 33.250 7.404
157 1 1 34.483 8.053 33.166 7.398
158 1 1 34.425 8.053 33.109 7.398
159 1 1 34.367 8.053 33.051 7.398
160 1 1 34.323 8.047 33.006 7.392
161 1 1 34.265 8.041 32.948 7.386
162 1 1 34.207 8.048 32.891 7.392
163 1 1 34.136 8.041 32.820 7.386
164 1 1 34.079 8.042 32.762 7.386
165 1 1 34.021 8.042 32.704 7.386
166 1 1 33.963 8.048 32.647 7.393
167 1 1 33.893 8.042 32.576 7.387
168 1 1 33.835 8.049 32.518 7.393
169 1 1 33.764 8.043 32.448 7.387
170 1 1 33.707 8.043 32.390 7.387
171 1 1 33.636 8.043 32.319 7.388
172 1 1 33.578 8.037 32.261 7.381
173 1 1 33.521 8.030 32.204 7.375
174 1 1 33.463 8.037 32.146 7.382
175 1 1 33.405 8.031 32.088 7.375
176 1 1 33.360 8.031 32.043 7.375
177 1 1 33.290 8.031 31.972 7.376
178 1 1 33.245 8.025 31.927 7.369
179 1 1 33.187 8.019 31.870 7.363
180 1 1 33.142 8.012 31.825 7.357
181 1 1 33.084 8.006 31.767 7.351
182 1 1 33.026 8.006 31.709 7.351
183 1 1 32.968 7.994 31.651 7.338
184 1 1 32.911 8.000 31.593 7.345
185 1 1 32.840 7.994 31.523 7.339
186 1 1 32.782 7.988 31.465 7.332
187 1 1 32.712 7.982 31.394 7.326
188 1 1 32.654 7.975 31.336 7.320
189 1 1 32.596 7.969 31.278 7.314
190 1 1 32.538 7.976 31.221 7.320
191 1 1 32.480 7.957 31.163 7.301
192 1 1 32.435 7.963 31.118 7.308
194 1 1 32.442 7.970 31.124 7.314
195 1 1 32.397 7.963 31.079 7.308
196 1 1 32.339 7.944 31.021 7.289
197 1 1 32.294 7.925 30.976 7.270
198 1 1 32.236 7.906 30.918 7.251
199 1 1 32.204 7.900 30.886 7.244
200 1 1 32.146 7.894 30.828 7.238
201 1 1 32.101 7.887 30.783 7.232
202 1 1 32.043 7.868 30.726 7.213
203 1 1 32.011 7.862 30.693 7.206
204 1 1 31.966 7.843 30.648 7.187
205 1 1 31.934 7.837 30.616 7.181
206 1 1 31.876 7.818 30.558 7.162
207 1 1 31.831 7.811 30.513 7.156
208 1 1 31.786 7.792 30.468 7.137
209 1 1 31.741 7.786 30.423 7.130
210 1 1 31.696 7.767 30.378 7.111
211 1 1 31.651 7.761 30.333 7.105
212 1 1 31.594 7.754 30.275 7.099
213 1 1 31.549 7.748 30.230 7.092
214 1 1 31.491 7.742 30.172 7.086
215 1 1 31.446 7.749 30.127 7.093
216 1 1 31.388 7.742 30.070 7.086
217 1 1 31.330 7.736 30.012 7.080
218 1 1 31.272 7.730 29.954 7.074
219 1 1 31.227 7.736 29.909 7.080
220 1 1 31.169 7.730 29.851 7.074
221 1 1 31.112 7.737 29.793 7.081
222 1 1 31.054 7.730 29.735 7.074
223 1 1 30.996 7.724 29.677 7.068
224 1 1 30.938 7.718 29.619 7.062
225 1 1 30.880 7.725 29.561 7.068
226 1 1 30.822 7.718 29.503 7.062
227 1 1 30.764 7.725 29.445 7.069
228 1 1 30.706 7.731 29.388 7.075
229 1 1 30.649 7.738 29.330 7.082
230 1 1 30.591 7.745 29.272 7.088
231 1 1 30.546 7.751 29.227 7.095
232 1 1 30.475 7.758 29.156 7.102
233 1 1 30.430 7.777 29.111 7.121
234 1 1 30.372 7.784 29.053 7.127
235 1 1 30.314 7.790 28.995 7.134
236 1 1 30.269 7.797 28.950 7.141
237 1 1 30.224 7.816 28.905 7.160
238 1 1 30.166 7.823 28.847 7.166
239 1 1 30.121 7.842 28.802 7.186
240 1 1 30.063 7.849 28.744 7.192
241 1 1 30.005 7.868 28.686 7.212
242 1 1 29.947 7.875 28.628 7.218
243 1 1 29.902 7.881 28.583 7.225
244 1 1 29.832 7.888 28.512 7.231
245 1 1 29.774 7.894 28.454 7.238
246 1 1 29.716 7.901 28.396 7.245
247 1 1 29.658 7.908 28.338 7.251
248 1 1 29.587 7.914 28.267 7.258
249 1 1 29.529 7.921 28.209 7.264
250 1 1 29.471 7.927 28.151 7.271
251 1 1 29.426 7.934 28.106 7.277
252 1 1 29.368 7.940 28.048 7.284
253 1 1 29.310 7.947 27.990 7.291
254 1 1 29.252 7.954 27.932 7.297
255 1 1 29.194 7.960 27.874 7.304
256 1 1 29.123 7.967 27.803 7.310
257 1 1 29.065 7.973 27.745 7.317
258 1 1 28.995 7.967 27.674 7.311
259 1 1 28.937 7.974 27.616 7.317
260 1 1 28.866 7.968 27.545 7.311
261 1 1 28.808 7.974 27.487 7.318
262 1 1 28.750 7.968 27.429 7.311
263 1 1 28.692 7.975 27.371 7.318
264 1 1 28.621 7.981 27.300 7.324
265 1 1 28.563 7.988 27.242 7.331
266 1 1 28.505 7.994 27.184 7.338
267 1 1 28.460 8.014 27.139 7.357
268 1 1 28.415 8.020 27.094 7.364
269 1 1 28.370 8.040 27.049 7.383
270 1 1 28.312 8.046 26.991 7.389
271 1 1 28.254 8.066 26.933 7.409
272 1 1 28.196 8.072 26.875 7.415
273 1 1 28.138 8.079 26.817 7.422
274 1 1 28.080 8.073 26.759 7.416
275 1 1 28.009 8.079 26.688 7.422
276 1 1 27.951 8.073 26.630 7.416
277 1 1 27.893 8.067 26.571 7.410
278 1 1 27.822 8.061 26.501 7.404
279 1 1 27.764 8.067 26.442 7.410
280 1 1 27.706 8.061 26.384 7.404
281 1 1 27.660 8.067 26.339 7.410
282 1 1 27.602 8.074 26.281 7.417
283 1 1 27.557 8.081 26.236 7.424
284 1 1 27.499 8.087 26.178 7.430
285 1 1 27.454 8.094 26.133 7.437
286 1 1 27.396 8.087 26.075 7.430
287 1 1 27.351 8.094 26.029 7.437
288 1 1 27.293 8.088 25.971 7.431
289 1 1 27.248 8.094 25.926 7.437
290 1 1 27.190 8.088 25.868 7.431
291 1 1 27.132 8.095 25.810 7.438
292 1 1 27.074 8.088 25.752 7.431
293 1 1 27.015 8.095 25.694 7.438
294 1 1 26.945 8.089 25.623 7.432
295 1 1 26.886 8.095 25.565 7.438
296 1 1 26.828 8.089 25.507 7.432
297 1 1 26.770 8.096 25.448 7.439
298 1 1 26.725 8.090 25.403 7.432
299 1 1 26.680 8.096 25.358 7.439
300 1 1 26.622 8.090 25.300 7.433
301 1 1 26.590 8.109 25.268 7.452
302 1 1 26.532 8.116 25.209 7.459
303 1 1 26.486 8.122 25.164 7.465
304 1 1 26.428 8.129 25.106 7.472
305 1 1 26.383 8.136 25.061 7.478
306 1 1 26.325 8.142 25.003 7.485
307 1 1 26.267 8.149 24.944 7.491
308 1 1 26.196 8.143 24.873 7.485
309 1 1 26.138 8.149 24.815 7.492
310 1 1 26.067 8.143 24.744 7.486
311 1 1 26.021 8.149 24.699 7.492
312 1 1 25.963 8.143 24.641 7.486
313 1 1 25.918 8.137 24.596 7.480
314 1 1 25.847 8.131 24.525 7.473
315 1 1 25.802 8.137 24.479 7.480
316 1 1 25.744 8.131 24.421 7.474
317 1 1 25.699 8.138 24.376 7.480
318 1 1 25.641 8.144 24.318 7.487
319 1 1 25.595 8.151 24.272 7.493
320 1 1 25.537 8.145 24.214 7.487
321 1 1 25.479 8.151 24.156 7.494
322 1 1 25.421 8.145 24.098 7.487
323 1 1 25.363 8.151 24.040 7.494
324 1 1 25.305 8.145 23.982 7.488
325 1 1 25.246 8.152 23.923 7.494
326 1 1 25.188 8.146 23.865 7.488
327 1 1 25.130 8.139 23.807 7.482
328 1 1 25.072 8.133 23.749 7.475
329 1 1 25.027 8.140 23.704 7.482
330 1 1 24.969 8.133 23.645 7.476
331 1 1 24.923 8.140 23.600 7.482
332 1 1 24.865 8.134 23.542 7.476
333 1 1 24.820 8.140 23.497 7.483
334 1 1 24.762 8.134 23.438 7.476
335 1 1 24.717 8.141 23.393 7.483
336 1 1 24.658 8.141 23.335 7.483
337 1 1 24.613 8.154 23.290 7.496
338 1 1 24.555 8.148 23.231 7.490
339 1 1 24.497 8.154 23.173 7.496
340 1 1 24.426 8.148 23.102 7.490
341 1 1 24.368 8.155 23.044 7.497
342 1 1 24.309 8.142 22.986 7.484
343 1 1 24.264 8.155 22.940 7.497
344 1 1 24.206 8.149 22.882 7.491
345 1 1 24.161 8.142 22.837 7.484
346 1 1 24.102 8.136 22.779 7.478
347 1 1 24.057 8.143 22.733 7.485
348 1 1 23.999 8.130 22.675 7.472
349 1 1 23.941 8.143 22.617 7.485
350 1 1 23.896 8.130 22.572 7.472
351 1 1 23.850 8.143 22.526 7.485
352 1 1 23.792 8.137 22.468 7.479
353 1 1 23.734 8.131 22.410 7.473
354 1 1 23.676 8.118 22.351 7.460
355 1 1 23.630 8.131 22.306 7.473
356 1 1 23.572 8.118 22.248 7.460
357 1 1 23.514 8.119 22.190 7.461
358 1 1 23.456 8.112 22.131 7.454
359 1 1 23.410 8.119 22.086 7.461
360 1 1 23.352 8.106 22.028 7.448
361 1 1 23.307 8.106 21.983 7.448
362 1 1 23.262 8.100 21.937 7.442
363 1 1 23.216 8.094 21.892 7.436
364 1 1 23.158 8.088 21.834 7.429
365 1 1 23.113 8.094 21.788 7.436
366 1 1 23.055 8.081 21.730 7.423
367 1 1 23.022 8.082 21.698 7.423
368 1 1 22.964 8.075 21.639 7.417
369 1 1 22.919 8.069 21.594 7.411
370 1 1 22.861 8.063 21.536 7.405
371 1 1 22.802 8.069 21.478 7.411
372 1 1 22.744 8.057 21.419 7.398
373 1 1 22.686 8.057 21.361 7.399
374 1 1 22.628 8.044 21.303 7.386
375 1 1 22.582 8.044 21.257 7.386
376 1 1 22.537 8.038 21.212 7.380
377 1 1 22.492 8.032 21.167 7.373
378 1 1 22.446 8.019 21.121 7.361
379 1 1 22.401 8.032 21.076 7.374
380 1 1 22.343 8.019 21.018 7.361
381 1 1 22.297 8.019 20.972 7.361
382 1 1 22.239 8.013 20.914 7.355
383 1 1 22.194 8.020 20.869 7.361
384 1 1 22.149 8.007 20.823 7.349
385 1 1 22.103 8.020 20.778 7.362
386 1 1 22.045 8.007 20.720 7.349
387 1 1 22.000 8.007 20.674 7.349
388 1 1 21.941 8.001 20.616 7.343
389 1 1 21.896 8.008 20.571 7.349
390 1 1 21.838 7.995 20.512 7.337
391 1 1 21.792 7.995 20.467 7.337
392 1 1 21.747 7.983 20.422 7.324
393 1 1 21.702 7.996 20.376 7.337
394 1 1 21.656 7.989 20.331 7.331
395 1 1 21.611 7.983 20.285 7.324
396 1 1 21.566 7.970 20.240 7.312
397 1 1 21.520 7.970 20.195 7.312
398 1 1 21.462 7.964 20.136 7.306
399 1 1 21.417 7.958 20.091 7.299
400 1 1 21.371 7.951 20.046 7.293
401 1 1 21.326 7.945 20.000 7.287
402 1 1 21.268 7.932 19.942 7.274
403 1 1 21.223 7.933 19.897 7.274
404 1 1 21.177 7.926 19.851 7.268
405 1 1 21.132 7.920 19.806 7.261
406 1 1 21.074 7.914 19.748 7.255
407 1 1 21.041 7.907 19.715 7.249
408 1 1 21.002 7.882 19.676 7.223
409 1 1 20.976 7.882 19.650 7.223
410 1 1 20.931 7.876 19.605 7.217
411 1 1 20.886 7.882 19.560 7.223
412 1 1 20.840 7.876 19.514 7.217
413 1 1 20.795 7.870 19.469 7.211
414 1 1 20.743 7.857 19.417 7.198
415 1 1 20.704 7.870 19.378 7.211
416 1 1 20.646 7.864 19.320 7.205
417 1 1 20.601 7.857 19.274 7.199
418 1 1 20.542 7.851 19.216 7.192
419 1 1 20.497 7.845 19.171 7.186
420 1 1 20.445 7.832 19.119 7.173
421 1 1 20.419 7.832 19.093 7.173
422 1 1 20.361 7.826 19.034 7.167
36 1 1 41.367 8.600 40.004 7.890
3 2 2 20.331 9.848 20.067 9.520
4 2 2 20.758 10.298 19.381 8.988
5 2 2 20.635 10.163 19.640 9.180
6 2 2 20.907 10.316 19.498 9.084
7 2 2 20.764 10.240 19.647 9.180
8 2 2 21.069 10.400 19.621 9.109
9 2 2 20.926 10.316 19.750 9.218
10 2 2 21.140 10.477 19.834 9.250
11 2 2 21.069 10.406 19.873 9.289
12 2 2 21.153 10.444 19.957 9.327
13 2 2 21.237 10.457 20.042 9.340
14 2 2 21.321 10.515 20.126 9.398
15 2 2 21.418 10.534 20.223 9.417
16 2 2 21.503 10.572 20.307 9.455
17 2 2 21.632 10.720 20.436 9.603
18 2 2 21.684 10.623 20.489 9.506
19 2 2 21.781 10.635 20.586 9.518
20 2 2 21.846 10.603 20.651 9.486
21 2 2 21.963 10.699 20.767 9.582
22 2 2 22.060 10.724 20.865 9.608
23 2 2 22.157 10.763 20.962 9.646
24 2 2 22.254 10.775 21.059 9.658
25 2 2 22.351 10.801 21.156 9.684
26 2 2 22.436 10.820 21.240 9.703
27 2 2 22.546 10.851 21.351 9.735
28 2 2 22.630 10.877 21.435 9.760
29 2 2 22.740 10.902 21.545 9.785
30 2 2 22.837 10.915 21.642 9.798
31 2 2 22.934 10.953 21.739 9.836
32 2 2 23.031 10.965 21.836 9.849
33 2 2 23.142 10.991 21.947 9.874
34 2 2 23.239 11.016 22.044 9.900
35 2 2 23.349 11.041 22.154 9.925
37 2 2 23.569 11.066 22.374 9.950
38 2 2 23.679 11.085 22.484 9.969
39 2 2 23.789 11.117 22.594 10.001
40 2 2 23.899 11.129 22.704 10.013
41 2 2 24.016 11.129 22.821 10.013
42 2 2 24.132 11.141 22.938 10.025
43 2 2 24.255 11.167 23.061 10.050
44 2 2 24.365 11.185 23.171 10.069
45 2 2 24.488 11.204 23.294 10.088
46 2 2 24.598 11.204 23.404 10.088
47 2 2 24.721 11.216 23.527 10.100
48 2 2 24.831 11.241 23.637 10.125
49 2 2 24.954 11.254 23.760 10.138
50 2 2 25.064 11.253 23.870 10.137
51 2 2 25.187 11.266 23.993 10.150
52 2 2 25.310 11.278 24.116 10.162
53 2 2 25.433 11.277 24.239 10.162
54 2 2 25.556 11.290 24.362 10.174
55 2 2 25.692 11.302 24.498 10.186
56 2 2 25.815 11.302 24.621 10.186
57 2 2 25.938 11.301 24.743 10.185
58 2 2 26.060 11.301 24.866 10.185
59 2 2 26.183 11.306 24.989 10.191
60 2 2 26.306 11.325 25.112 10.210
61 2 2 26.429 11.312 25.235 10.196
62 2 2 26.552 11.324 25.358 10.209
63 2 2 26.675 11.324 25.481 10.208
64 2 2 26.797 11.323 25.604 10.208
65 2 2 26.920 11.323 25.726 10.207
66 2 2 27.030 11.322 25.836 10.207
67 2 2 27.153 11.322 25.959 10.206
68 2 2 27.276 11.321 26.082 10.206
69 2 2 27.398 11.320 26.205 10.206
70 2 2 27.508 11.307 26.315 10.192
71 2 2 27.631 11.313 26.437 10.198
72 2 2 27.754 11.306 26.560 10.191
73 2 2 27.876 11.306 26.683 10.191
74 2 2 27.986 11.305 26.793 10.190
75 2 2 28.109 11.305 26.915 10.190
76 2 2 28.218 11.291 27.025 10.177
77 2 2 28.341 11.278 27.148 10.163
78 2 2 28.451 11.290 27.258 10.176
79 2 2 28.561 11.277 27.368 10.162
80 2 2 28.670 11.276 27.477 10.162
81 2 2 28.780 11.276 27.587 10.162
82 2 2 28.890 11.263 27.697 10.148
83 2 2 28.999 11.249 27.807 10.135
84 2 2 29.096 11.249 27.903 10.135
85 2 2 29.206 11.248 28.013 10.134
86 2 2 29.303 11.248 28.110 10.134
87 2 2 29.412 11.235 28.220 10.121
88 2 2 29.496 11.221 28.303 10.107
89 2 2 29.606 11.227 28.413 10.113
90 2 2 29.690 11.208 28.497 10.094
91 2 2 29.786 11.207 28.594 10.093
92 2 2 29.870 11.207 28.678 10.093
93 2 2 29.967 11.206 28.774 10.093
94 2 2 30.482 11.185 28.729 10.209
95 2 2 30.154 11.244 28.955 10.137
96 2 2 30.218 11.250 29.019 10.143
97 2 2 30.308 11.244 29.110 10.136
98 2 2 30.379 11.250 29.180 10.143
99 2 2 30.463 11.243 29.264 10.136
100 2 2 30.540 11.249 29.342 10.142
101 2 2 30.605 11.242 29.406 10.135
102 2 2 30.682 11.248 29.483 10.141
103 2 2 30.759 11.242 29.561 10.135
104 2 2 31.197 11.124 29.477 10.308
105 2 2 30.895 11.267 29.696 10.166
106 2 2 31.294 11.136 29.574 10.289
107 2 2 30.998 11.273 29.799 10.179
108 2 2 31.049 11.279 29.851 10.185
109 2 2 31.101 11.272 29.902 10.178
110 2 2 31.146 11.278 29.947 10.185
111 2 2 31.204 11.272 30.005 10.178
112 2 2 31.255 11.278 30.057 10.184
113 2 2 31.307 11.271 30.108 10.177
114 2 2 31.358 11.278 30.160 10.184
115 2 2 31.410 11.271 30.212 10.177
116 2 2 31.455 11.277 30.257 10.183
117 2 2 31.513 11.270 30.315 10.177
118 2 2 31.564 11.277 30.366 10.183
119 2 2 31.616 11.270 30.418 10.176
120 2 2 31.667 11.276 30.469 10.183
121 2 2 31.719 11.270 30.521 10.176
122 2 2 31.764 11.276 30.566 10.182
123 2 2 31.822 11.269 30.624 10.175
124 2 2 32.086 11.133 30.772 10.258
125 2 2 31.957 11.262 30.759 10.175
126 2 2 32.163 11.184 30.913 10.117
127 2 2 32.073 11.236 30.875 10.149
128 2 2 32.124 11.229 30.926 10.142
129 2 2 32.176 11.248 30.978 10.161
130 2 2 32.253 11.274 31.055 10.187
131 2 2 32.324 11.273 31.126 10.186
132 2 2 32.594 11.234 31.222 10.070
133 2 2 32.459 11.241 31.261 10.154
134 2 2 32.517 11.234 31.319 10.147
135 2 2 32.581 11.253 31.383 10.166
136 2 2 32.646 11.253 31.448 10.166
137 2 2 32.716 11.265 31.518 10.178
138 2 2 32.787 11.265 31.589 10.178
139 2 2 32.864 11.277 31.667 10.191
140 2 2 32.929 11.271 31.731 10.184
141 2 2 32.993 11.277 31.795 10.190
142 2 2 33.057 11.289 31.860 10.203
143 2 2 33.115 11.289 31.917 10.203
144 2 2 33.186 11.289 31.988 10.202
145 2 2 33.263 11.301 32.065 10.215
146 2 2 33.327 11.295 32.130 10.208
147 2 2 33.405 11.314 32.207 10.227
148 2 2 33.482 11.326 32.284 10.240
149 2 2 33.552 11.339 32.355 10.252
150 2 2 33.636 11.351 32.438 10.265
151 2 2 33.713 11.364 32.516 10.277
152 2 2 33.790 11.370 32.593 10.283
153 2 2 33.867 11.376 32.670 10.289
154 2 2 33.957 11.388 32.760 10.302
155 2 2 34.041 11.401 32.844 10.314
156 2 2 34.125 11.413 32.927 10.327
157 2 2 34.215 11.413 33.017 10.327
158 2 2 34.305 11.419 33.107 10.333
159 2 2 34.395 11.438 33.197 10.352
160 2 2 34.484 11.437 33.287 10.351
161 2 2 34.562 11.450 33.364 10.364
162 2 2 34.651 11.449 33.454 10.363
163 2 2 34.741 11.449 33.544 10.363
164 2 2 34.831 11.455 33.634 10.369
165 2 2 34.921 11.461 33.724 10.375
166 2 2 35.345 11.434 33.667 10.632
167 2 2 35.082 11.544 33.885 10.464
168 2 2 35.172 11.550 33.975 10.470
169 2 2 35.262 11.556 34.065 10.476
170 2 2 35.358 11.568 34.161 10.489
171 2 2 35.480 11.581 34.283 10.501
172 2 2 36.019 11.553 34.187 10.720
173 2 2 35.576 11.606 34.380 10.526
174 2 2 35.666 11.612 34.469 10.533
175 2 2 35.782 11.618 34.585 10.538
176 2 2 35.878 11.630 34.681 10.551
177 2 2 35.987 11.643 34.791 10.563
178 2 2 36.090 11.661 34.893 10.582
179 2 2 36.193 11.667 34.996 10.588
180 2 2 36.295 11.686 35.099 10.607
181 2 2 36.411 11.692 35.214 10.613
182 2 2 36.507 11.704 35.311 10.625
183 2 2 36.629 11.717 35.433 10.638
184 2 2 36.745 11.723 35.548 10.644
185 2 2 36.860 11.728 35.664 10.650
186 2 2 36.976 11.747 35.779 10.668
187 2 2 37.091 11.753 35.895 10.674
188 2 2 37.200 11.765 36.004 10.687
189 2 2 37.322 11.778 36.125 10.699
190 2 2 37.437 11.796 36.241 10.718
191 2 2 37.553 11.802 36.356 10.724
192 2 2 37.668 11.821 36.472 10.742
194 2 2 37.893 11.852 36.696 10.774
195 2 2 38.014 11.864 36.818 10.786
196 2 2 38.130 11.883 36.934 10.805
197 2 2 38.258 11.889 37.062 10.810
198 2 2 38.373 11.908 37.177 10.829
199 2 2 38.501 11.926 37.305 10.848
200 2 2 38.623 11.938 37.427 10.860
201 2 2 38.758 11.951 37.562 10.872
202 2 2 38.886 11.969 37.690 10.891
203 2 2 39.014 11.988 37.818 10.910
204 2 2 39.142 12.007 37.946 10.929
205 2 2 39.257 12.025 38.062 10.947
206 2 2 39.379 12.038 38.183 10.960
207 2 2 39.514 12.063 38.318 10.985
208 2 2 40.141 12.124 38.178 11.094
209 2 2 39.648 12.081 38.453 11.003
210 2 2 39.763 12.100 38.568 11.022
211 2 2 39.879 12.119 38.683 11.041
212 2 2 40.000 12.131 38.805 11.053
213 2 2 40.135 12.169 38.939 11.091
214 2 2 40.263 12.181 39.067 11.103
215 2 2 40.391 12.206 39.196 11.128
216 2 2 40.519 12.237 39.324 11.160
217 2 2 40.647 12.269 39.452 11.191
218 2 2 40.769 12.281 39.573 11.204
219 2 2 40.903 12.319 39.708 11.241
220 2 2 41.031 12.331 39.836 11.254
221 2 2 41.159 12.369 39.964 11.292
222 2 2 41.287 12.388 40.092 11.310
223 2 2 41.415 12.406 40.220 11.329
224 2 2 41.537 12.418 40.341 11.341
225 2 2 41.658 12.456 40.463 11.379
226 2 2 41.773 12.469 40.578 11.391
227 2 2 41.914 12.506 40.719 11.429
228 2 2 42.016 12.538 40.822 11.461
229 2 2 42.144 12.569 40.950 11.492
230 2 2 42.260 12.594 41.065 11.517
231 2 2 42.388 12.632 41.193 11.555
232 2 2 42.515 12.657 41.321 11.580
233 2 2 42.631 12.695 41.436 11.618
234 2 2 42.746 12.727 41.551 11.650
235 2 2 42.874 12.771 41.679 11.694
236 2 2 42.982 12.783 41.788 11.706
237 2 2 43.091 12.834 41.897 11.757
238 2 2 43.219 12.859 42.025 11.782
239 2 2 43.334 12.897 42.140 11.820
240 2 2 43.411 12.851 42.403 12.075
241 2 2 43.418 12.980 42.236 11.909
242 2 2 43.391 12.832 42.614 12.125
243 2 2 43.379 12.845 42.608 12.099
245 2 2 43.444 13.018 42.281 11.960
246 2 2 43.384 12.659 42.614 12.157
247 2 2 43.425 13.044 42.275 11.986
248 2 2 43.470 13.082 42.326 12.024
249 2 2 43.515 13.114 42.377 12.056
250 2 2 43.572 13.145 42.442 12.087
251 2 2 43.624 13.222 42.500 12.164
252 2 2 43.682 13.273 42.564 12.215
253 2 2 43.701 13.260 42.589 12.202
255 2 2 43.535 13.267 42.430 12.209
256 2 2 43.560 13.280 42.462 12.222
257 2 2 43.586 13.280 42.493 12.222
258 2 2 43.631 13.292 42.545 12.234
259 2 2 43.682 13.311 42.602 12.253
260 2 2 43.733 13.343 42.660 12.285
261 2 2 43.771 13.337 42.705 12.278
263 2 2 43.574 13.344 42.513 12.286
264 2 2 43.567 13.344 42.513 12.286
265 2 2 43.567 13.338 42.519 12.279
266 2 2 43.554 13.338 42.513 12.279
267 2 2 43.554 13.338 42.519 12.279
268 2 2 43.548 13.344 42.519 12.286
269 2 2 43.548 13.344 42.526 12.286
270 2 2 43.542 13.344 42.526 12.286
271 2 2 43.542 13.338 42.532 12.279
272 2 2 43.529 13.338 42.526 12.279
273 2 2 43.529 13.338 42.532 12.279
274 2 2 43.523 13.344 42.532 12.286
275 2 2 43.523 13.344 42.539 12.285
276 2 2 43.516 13.357 42.539 12.298
277 2 2 43.516 13.351 42.545 12.292
278 2 2 43.510 13.351 42.545 12.292
279 2 2 43.510 13.351 42.551 12.292
280 2 2 43.504 13.357 42.551 12.298
281 2 2 43.504 13.357 42.558 12.298
282 2 2 43.497 13.357 42.558 12.298
283 2 2 43.497 13.351 42.564 12.292
284 2 2 43.491 13.351 42.564 12.292
285 2 2 43.491 13.351 42.571 12.292
286 2 2 43.491 13.357 42.577 12.298
287 2 2 43.478 13.357 42.571 12.298
288 2 2 43.472 13.357 42.571 12.298
289 2 2 43.472 13.351 42.577 12.292
290 2 2 43.465 13.351 42.577 12.292
291 2 2 43.465 13.351 42.583 12.292
292 2 2 43.465 13.357 42.590 12.298
293 2 2 43.459 13.357 42.590 12.298
294 2 2 43.459 13.357 42.596 12.298
295 2 2 43.452 13.351 42.596 12.292
296 2 2 43.446 13.351 42.596 12.292
297 2 2 43.446 13.351 42.603 12.292
298 2 2 43.446 13.358 42.609 12.298
299 2 2 43.440 13.358 42.609 12.298
300 2 2 43.440 13.370 42.615 12.311
301 2 2 43.433 13.364 42.615 12.304
302 2 2 43.427 13.364 42.615 12.304
303 2 2 43.427 13.364 42.622 12.304
304 2 2 43.433 13.370 42.635 12.311
305 2 2 43.427 13.370 42.635 12.311
306 2 2 43.427 13.370 42.641 12.311
307 2 2 43.421 13.364 42.641 12.304
308 2 2 43.414 13.364 42.641 12.304
309 2 2 43.414 13.364 42.647 12.304
310 2 2 43.414 13.371 42.654 12.311
311 2 2 43.408 13.371 42.654 12.311
312 2 2 43.408 13.371 42.660 12.311
313 2 2 43.401 13.364 42.660 12.304
314 2 2 43.395 13.371 42.660 12.311
315 2 2 43.395 13.364 42.660 12.304
316 2 2 43.395 13.371 42.660 12.311
317 2 2 43.395 13.371 42.660 12.311
318 2 2 43.395 13.371 42.660 12.311
319 2 2 43.395 13.364 42.660 12.304
320 2 2 43.395 13.371 42.660 12.311
321 2 2 43.395 13.364 42.660 12.304
322 2 2 43.395 13.371 42.660 12.311
323 2 2 43.395 13.371 42.660 12.311
324 2 2 43.395 13.371 42.660 12.311
325 2 2 43.395 13.364 42.660 12.304
326 2 2 43.395 13.371 42.660 12.311
327 2 2 43.395 13.364 42.660 12.304
328 2 2 43.395 13.371 42.660 12.311
329 2 2 43.401 13.371 42.673 12.310
330 2 2 43.395 13.358 42.666 12.298
331 2 2 43.389 13.351 42.660 12.291
332 2 2 43.389 13.358 42.660 12.298
333 2 2 43.389 13.351 42.660 12.291
334 2 2 43.395 13.358 42.666 12.298
335 2 2 43.395 13.358 42.666 12.298
336 2 2 43.395 13.358 42.666 12.298
337 2 2 43.389 13.351 42.660 12.291
338 2 2 43.389 13.358 42.660 12.298
339 2 2 43.389 13.351 42.660 12.291
340 2 2 43.395 13.358 42.666 12.298
341 2 2 43.395 13.358 42.666 12.298
342 2 2 43.395 13.358 42.666 12.298
343 2 2 43.389 13.351 42.660 12.291
344 2 2 43.389 13.358 42.660 12.298
345 2 2 43.389 13.351 42.660 12.291
346 2 2 43.395 13.358 42.666 12.298
347 2 2 43.395 13.358 42.666 12.298
348 2 2 43.395 13.358 42.666 12.298
349 2 2 43.389 13.351 42.660 12.291
350 2 2 43.389 13.358 42.660 12.298
351 2 2 43.389 13.351 42.660 12.291
352 2 2 43.395 13.358 42.666 12.298
353 2 2 43.395 13.358 42.666 12.298
354 2 2 43.395 13.358 42.666 12.298
355 2 2 43.389 13.358 42.660 12.298
356 2 2 43.389 13.345 42.660 12.285
357 2 2 43.389 13.345 42.660 12.285
358 2 2 43.395 13.345 42.666 12.285
359 2 2 43.395 13.345 42.666 12.285
360 2 2 43.395 13.345 42.666 12.285
361 2 2 43.389 13.345 42.660 12.285
362 2 2 43.395 13.345 42.666 12.285
363 2 2 43.389 13.345 42.660 12.285
364 2 2 43.395 13.345 42.666 12.285
365 2 2 43.395 13.345 42.666 12.285
366 2 2 43.395 13.332 42.666 12.272
367 2 2 43.395 13.345 42.666 12.285
368 2 2 43.395 13.345 42.666 12.285
369 2 2 43.395 13.345 42.666 12.285
370 2 2 43.395 13.345 42.666 12.285
371 2 2 43.395 13.345 42.666 12.285
372 2 2 43.401 13.345 42.679 12.285
373 2 2 43.395 13.345 42.673 12.285
374 2 2 43.395 13.345 42.673 12.285
375 2 2 43.395 13.345 42.673 12.285
376 2 2 43.395 13.345 42.673 12.285
377 2 2 43.395 13.345 42.673 12.285
378 2 2 43.395 13.345 42.673 12.285
379 2 2 43.401 13.345 42.685 12.285
380 2 2 43.395 13.345 42.685 12.285
381 2 2 43.395 13.345 42.685 12.285
382 2 2 43.395 13.345 42.685 12.285
383 2 2 43.395 13.345 42.685 12.285
384 2 2 43.395 13.345 42.685 12.285
385 2 2 43.401 13.345 42.698 12.285
386 2 2 43.395 13.345 42.698 12.285
387 2 2 43.395 13.345 42.698 12.285
388 2 2 43.395 13.345 42.698 12.285
389 2 2 43.401 13.345 42.711 12.285
390 2 2 43.401 13.345 42.717 12.285
391 2 2 43.395 13.345 42.711 12.285
392 2 2 43.395 13.345 42.711 12.285
393 2 2 43.395 13.345 42.711 12.285
394 2 2 43.395 13.345 42.711 12.285
395 2 2 43.395 13.345 42.711 12.285
396 2 2 43.395 13.345 42.711 12.285
397 2 2 43.395 13.345 42.711 12.285
398 2 2 43.395 13.345 42.711 12.285
399 2 2 43.395 13.345 42.711 12.285
400 2 2 43.395 13.345 42.711 12.285
401 2 2 43.395 13.345 42.711 12.285
402 2 2 43.395 13.345 42.711 12.285
403 2 2 43.401 13.345 42.724 12.285
404 2 2 43.395 13.345 42.724 12.285
405 2 2 43.395 13.345 42.730 12.285
406 2 2 43.389 13.345 42.724 12.285
407 2 2 43.389 13.345 42.724 12.285
408 2 2 43.389 13.345 42.724 12.285
409 2 2 43.382 13.345 42.717 12.285
410 2 2 43.389 13.345 42.724 12.285
411 2 2 43.382 13.345 42.717 12.285
412 2 2 43.389 13.345 42.724 12.285
413 2 2 43.389 13.345 42.724 12.285
414 2 2 43.389 13.345 42.724 12.285
415 2 2 43.382 13.345 42.717 12.285
416 2 2 43.389 13.345 42.724 12.285
417 2 2 43.382 13.345 42.717 12.285
418 2 2 43.389 13.345 42.724 12.285
419 2 2 43.389 13.345 42.724 12.285
420 2 2 43.389 13.345 42.724 12.285
421 2 2 43.382 13.345 42.717 12.285
422 2 2 43.389 13.345 42.724 12.285
36 2 2 23.459 11.054 22.264 9.937
193 2 2 37.784 11.840 36.587 10.761
31 3 1 42.629 10.519 41.158 9.904
32 3 1 42.540 10.602 41.183 9.891
33 3 1 42.604 10.589 41.170 9.898
34 3 1 42.400 10.609 41.081 9.885
35 3 1 42.489 10.602 41.075 9.898
37 3 1 42.381 10.609 40.979 9.905
38 3 1 42.170 10.604 40.876 9.880
39 3 1 42.266 10.610 40.877 9.905
40 3 1 42.221 10.604 40.832 9.899
41 3 1 42.164 10.597 40.774 9.893
42 3 1 42.081 10.591 40.691 9.887
43 3 1 42.049 10.585 40.659 9.881
44 3 1 41.787 10.509 40.723 9.912
45 3 1 42.030 10.592 40.666 9.900
46 3 1 41.665 10.497 40.513 9.913
47 3 1 41.838 10.567 40.481 9.881
48 3 1 41.653 10.516 40.288 9.799
49 3 1 41.647 10.542 40.289 9.856
50 3 1 41.525 10.510 40.256 9.793
51 3 1 41.589 10.523 40.238 9.837
52 3 1 41.397 10.441 40.301 9.837
53 3 1 41.538 10.504 40.199 9.825
54 3 1 41.385 10.505 40.135 9.761
55 3 1 41.467 10.491 40.135 9.812
56 3 1 41.237 10.416 40.199 9.818
57 3 1 41.404 10.473 40.084 9.800
58 3 1 41.173 10.435 40.346 9.786
59 3 1 41.391 10.466 40.090 9.800
60 3 1 41.346 10.454 40.046 9.787
61 3 1 41.288 10.454 39.988 9.787
62 3 1 41.231 10.460 39.931 9.794
63 3 1 41.174 10.454 39.873 9.788
64 3 1 41.116 10.461 39.816 9.794
65 3 1 41.071 10.442 39.771 9.775
66 3 1 41.020 10.448 39.720 9.782
67 3 1 40.982 10.429 39.681 9.763
68 3 1 40.937 10.423 39.636 9.757
69 3 1 40.892 10.411 39.592 9.744
70 3 1 40.522 10.444 39.553 9.789
71 3 1 40.771 10.437 39.477 9.770
72 3 1 40.726 10.430 39.432 9.764
73 3 1 40.682 10.424 39.387 9.757
74 3 1 40.324 10.406 39.438 9.783
75 3 1 40.560 10.425 39.278 9.764
76 3 1 40.177 10.394 39.381 9.758
77 3 1 40.458 10.419 39.189 9.765
78 3 1 40.010 10.369 39.298 9.739
79 3 1 40.336 10.400 39.080 9.752
80 3 1 40.285 10.387 39.029 9.740
81 3 1 40.234 10.388 38.978 9.740
82 3 1 40.183 10.375 38.927 9.727
83 3 1 40.132 10.362 38.875 9.715
84 3 1 40.087 10.356 38.831 9.708
85 3 1 40.055 10.363 38.799 9.715
86 3 1 40.004 10.363 38.747 9.715
87 3 1 39.966 10.363 38.709 9.715
88 3 1 39.927 10.363 38.671 9.715
89 3 1 39.876 10.363 38.620 9.716
90 3 1 39.825 10.351 38.568 9.703
91 3 1 39.774 10.351 38.517 9.703
92 3 1 39.722 10.338 38.466 9.691
93 3 1 39.671 10.339 38.415 9.691
94 3 1 39.620 10.326 38.363 9.678
95 3 1 39.556 10.326 38.300 9.678
96 3 1 39.518 10.314 38.261 9.666
97 3 1 39.441 10.314 38.184 9.666
98 3 1 39.390 10.301 38.133 9.653
99 3 1 39.332 10.302 38.075 9.654
100 3 1 39.287 10.302 38.031 9.654
101 3 1 39.236 10.289 37.979 9.641
102 3 1 39.198 10.277 37.941 9.628
103 3 1 39.159 10.264 37.903 9.616
104 3 1 39.095 10.251 37.838 9.603
105 3 1 39.063 10.245 37.806 9.597
106 3 1 39.019 10.239 37.762 9.591
107 3 1 38.967 10.226 37.710 9.578
108 3 1 38.916 10.214 37.659 9.566
109 3 1 38.878 10.201 37.621 9.553
110 3 1 38.801 10.188 37.544 9.540
111 3 1 38.750 10.169 37.492 9.521
112 3 1 38.698 10.150 37.441 9.502
113 3 1 38.634 10.138 37.377 9.490
114 3 1 38.589 10.125 37.332 9.477
115 3 1 38.532 10.100 37.275 9.452
116 3 1 38.480 10.087 37.223 9.439
117 3 1 38.429 10.068 37.172 9.420
118 3 1 38.391 10.062 37.133 9.414
119 3 1 38.327 10.049 37.069 9.401
120 3 1 38.288 10.037 37.031 9.389
121 3 1 38.237 10.024 36.980 9.376
122 3 1 38.186 10.024 36.928 9.376
123 3 1 38.135 10.005 36.877 9.357
124 3 1 38.083 9.999 36.826 9.351
125 3 1 38.045 9.987 36.787 9.338
126 3 1 37.994 9.974 36.736 9.326
127 3 1 37.942 9.961 36.685 9.313
128 3 1 37.891 9.949 36.634 9.300
129 3 1 37.840 9.930 36.582 9.281
130 3 1 37.776 9.924 36.518 9.275
131 3 1 37.712 9.911 36.454 9.263
132 3 1 37.654 9.911 36.396 9.263
133 3 1 37.596 9.899 36.339 9.250
134 3 1 37.532 9.886 36.275 9.238
135 3 1 37.481 9.867 36.223 9.219
136 3 1 37.443 9.861 36.185 9.212
137 3 1 37.378 9.848 36.121 9.200
138 3 1 37.334 9.836 36.076 9.187
139 3 1 37.276 9.823 36.018 9.175
140 3 1 37.237 9.810 35.980 9.162
141 3 1 37.173 9.791 35.915 9.143
142 3 1 37.135 9.772 35.877 9.124
143 3 1 37.071 9.760 35.813 9.111
144 3 1 37.026 9.747 35.768 9.099
145 3 1 36.968 9.735 35.710 9.086
146 3 1 36.917 9.722 35.659 9.073
147 3 1 36.853 9.703 35.595 9.054
148 3 1 36.789 9.684 35.531 9.035
149 3 1 36.737 9.671 35.479 9.023
150 3 1 36.667 9.659 35.409 9.010
151 3 1 36.609 9.633 35.351 8.985
152 3 1 36.558 9.621 35.300 8.972
153 3 1 36.506 9.602 35.248 8.953
154 3 1 36.468 9.608 35.210 8.960
155 3 1 36.404 9.596 35.146 8.947
156 3 1 36.365 9.583 35.107 8.934
157 3 1 36.301 9.583 35.043 8.935
158 3 1 36.263 9.571 35.004 8.922
159 3 1 36.199 9.552 34.940 8.903
160 3 1 36.160 9.545 34.902 8.897
161 3 1 36.096 9.546 34.838 8.897
162 3 1 36.058 9.533 34.799 8.884
163 3 1 35.993 9.520 34.735 8.872
164 3 1 35.955 9.508 34.696 8.859
165 3 1 35.878 9.489 34.619 8.840
166 3 1 35.827 9.483 34.568 8.834
167 3 1 35.775 9.470 34.517 8.821
168 3 1 35.711 9.470 34.453 8.821
169 3 1 35.673 9.457 34.414 8.809
170 3 1 35.609 9.445 34.350 8.796
171 3 1 35.583 9.426 34.324 8.777
172 3 1 35.532 9.420 34.273 8.771
173 3 1 35.493 9.407 34.234 8.758
174 3 1 35.442 9.381 34.183 8.733
175 3 1 35.403 9.369 34.144 8.720
176 3 1 35.365 9.343 34.106 8.694
177 3 1 35.313 9.311 34.054 8.663
178 3 1 35.262 9.305 34.003 8.656
179 3 1 35.223 9.280 33.965 8.631
180 3 1 35.178 9.254 33.920 8.605
181 3 1 35.134 9.229 33.875 8.580
182 3 1 34.723 9.185 33.919 8.439
183 3 1 35.024 9.165 33.772 8.516
184 3 1 34.697 9.224 33.765 8.260
185 3 1 34.915 9.108 33.669 8.459
186 3 1 34.652 9.154 33.707 8.248
187 3 1 34.844 9.057 33.605 8.408
188 3 1 34.479 9.013 33.694 8.235
189 3 1 34.748 8.980 33.515 8.331
190 3 1 34.331 8.924 33.675 8.126
191 3 1 34.658 8.897 33.431 8.248
192 3 1 34.619 8.866 33.393 8.216
194 3 1 34.549 8.815 33.322 8.165
195 3 1 34.491 8.796 33.264 8.146
196 3 1 34.459 8.770 33.232 8.121
197 3 1 34.401 8.745 33.174 8.096
198 3 1 34.363 8.726 33.136 8.076
199 3 1 34.311 8.700 33.084 8.051
200 3 1 34.266 8.675 33.039 8.026
201 3 1 34.208 8.668 32.981 8.019
202 3 1 34.163 8.643 32.936 7.994
203 3 1 34.093 8.630 32.866 7.981
204 3 1 34.041 8.599 32.814 7.949
205 3 1 33.990 8.592 32.763 7.943
206 3 1 33.958 8.573 32.731 7.924
207 3 1 33.913 8.567 32.686 7.918
208 3 1 33.881 8.554 32.654 7.905
209 3 1 33.823 8.542 32.596 7.892
210 3 1 33.791 8.523 32.564 7.873
211 3 1 33.733 8.516 32.506 7.867
212 3 1 33.688 8.497 32.461 7.848
213 3 1 33.631 8.504 32.403 7.855
214 3 1 33.586 8.504 32.358 7.855
215 3 1 33.528 8.504 32.300 7.855
216 3 1 33.470 8.498 32.243 7.849
217 3 1 33.412 8.505 32.185 7.855
218 3 1 33.355 8.505 32.127 7.855
219 3 1 33.297 8.505 32.069 7.856
220 3 1 33.239 8.505 32.011 7.856
221 3 1 33.181 8.505 31.954 7.856
222 3 1 33.130 8.499 31.902 7.850
223 3 1 33.078 8.506 31.851 7.856
224 3 1 33.034 8.506 31.806 7.856
225 3 1 32.976 8.506 31.748 7.856
226 3 1 32.931 8.506 31.703 7.857
227 3 1 32.860 8.519 31.632 7.870
228 3 1 32.809 8.513 31.581 7.863
229 3 1 32.745 8.532 31.517 7.883
230 3 1 32.700 8.539 31.472 7.889
231 3 1 32.642 8.558 31.414 7.909
232 3 1 32.597 8.571 31.369 7.922
233 3 1 32.539 8.584 31.311 7.935
234 3 1 32.481 8.591 31.253 7.941
235 3 1 32.423 8.610 31.195 7.961
236 3 1 32.366 8.617 31.137 7.967
237 3 1 32.308 8.636 31.080 7.987
238 3 1 32.250 8.649 31.022 8.000
239 3 1 32.179 8.662 30.951 8.013
240 3 1 32.122 8.669 30.893 8.019
241 3 1 32.064 8.688 30.835 8.039
242 3 1 32.019 8.701 30.790 8.052
243 3 1 31.961 8.701 30.732 8.052
244 3 1 31.903 8.714 30.674 8.065
245 3 1 31.845 8.728 30.617 8.078
246 3 1 31.800 8.734 30.571 8.084
247 3 1 31.729 8.734 30.501 8.084
248 3 1 31.672 8.747 30.443 8.097
249 3 1 31.614 8.767 30.385 8.117
250 3 1 31.286 8.742 30.327 8.040
251 3 1 31.485 8.748 30.263 8.098
252 3 1 31.427 8.755 30.205 8.105
253 3 1 31.363 8.755 30.140 8.105
254 3 1 31.151 8.762 30.031 8.169
255 3 1 31.260 8.787 30.044 8.144
256 3 1 31.119 8.781 29.857 8.080
257 3 1 31.157 8.781 29.941 8.137
258 3 1 30.836 8.769 29.838 8.138
259 3 1 31.009 8.782 29.799 8.138
260 3 1 30.958 8.788 29.748 8.144
261 3 1 30.906 8.801 29.696 8.157
262 3 1 30.855 8.808 29.645 8.164
263 3 1 30.791 8.827 29.580 8.183
264 3 1 30.726 8.827 29.516 8.184
265 3 1 30.688 8.834 29.477 8.190
266 3 1 30.610 8.853 29.400 8.210
267 3 1 30.546 8.866 29.336 8.223
268 3 1 30.507 8.873 29.297 8.229
269 3 1 30.430 8.880 29.220 8.236
270 3 1 30.366 8.893 29.155 8.249
271 3 1 30.314 8.899 29.104 8.255
272 3 1 30.250 8.906 29.039 8.262
273 3 1 30.186 8.919 28.975 8.275
274 3 1 30.134 8.926 28.924 8.282
275 3 1 30.083 8.932 28.872 8.288
276 3 1 30.025 8.932 28.814 8.288
277 3 1 29.980 8.926 28.769 8.282
278 3 1 29.928 8.933 28.717 8.289
279 3 1 29.889 8.933 28.679 8.289
280 3 1 29.825 8.939 28.614 8.295
281 3 1 29.786 8.946 28.576 8.302
282 3 1 29.722 8.946 28.511 8.302
283 3 1 29.670 8.953 28.460 8.309
284 3 1 29.619 8.959 28.408 8.315
285 3 1 29.567 8.960 28.356 8.316
286 3 1 29.503 8.966 28.292 8.322
287 3 1 29.439 8.960 28.228 8.316
288 3 1 29.387 8.960 28.176 8.316
289 3 1 29.323 8.954 28.112 8.310
290 3 1 29.245 8.948 28.034 8.304
291 3 1 29.181 8.948 27.970 8.304
292 3 1 29.084 8.923 27.983 8.362
293 3 1 29.149 8.967 27.944 8.330
294 3 1 29.097 8.961 27.892 8.323
295 3 1 29.058 8.974 27.854 8.336
296 3 1 29.007 8.974 27.802 8.337
297 3 1 28.955 8.981 27.750 8.343
298 3 1 28.897 8.994 27.692 8.356
299 3 1 28.839 9.020 27.634 8.382
300 3 1 28.775 9.014 27.570 8.376
301 3 1 28.736 9.014 27.531 8.376
302 3 1 28.672 9.027 27.467 8.389
303 3 1 28.633 9.033 27.428 8.395
304 3 1 28.562 9.034 27.357 8.396
305 3 1 28.504 9.047 27.299 8.409
306 3 1 28.440 9.053 27.234 8.415
307 3 1 28.388 9.053 27.183 8.415
308 3 1 28.311 9.067 27.105 8.429
309 3 1 28.272 9.086 27.067 8.448
310 3 1 28.214 9.073 27.009 8.435
311 3 1 28.169 9.086 26.963 8.448
312 3 1 28.104 9.080 26.899 8.442
313 3 1 28.053 9.080 26.847 8.442
314 3 1 27.988 9.081 26.783 8.442
315 3 1 27.950 9.087 26.744 8.449
316 3 1 27.892 9.100 26.686 8.462
317 3 1 27.846 9.113 26.641 8.475
318 3 1 27.769 9.094 26.563 8.456
319 3 1 27.730 9.114 26.524 8.475
320 3 1 27.672 9.094 26.466 8.456
321 3 1 27.614 9.114 26.408 8.476
322 3 1 27.543 9.101 26.337 8.463
323 3 1 27.498 9.114 26.292 8.476
324 3 1 27.421 9.095 26.215 8.457
325 3 1 27.369 9.102 26.163 8.464
326 3 1 27.304 9.096 26.098 8.457
327 3 1 27.266 9.102 26.060 8.464
328 3 1 27.208 9.103 26.001 8.464
329 3 1 27.162 9.103 25.956 8.464
330 3 1 27.111 9.096 25.905 8.458
331 3 1 27.085 9.103 25.879 8.465
332 3 1 27.020 9.097 25.814 8.458
333 3 1 26.969 9.116 25.763 8.478
334 3 1 26.911 9.116 25.704 8.478
335 3 1 26.865 9.117 25.659 8.478
336 3 1 26.801 9.117 25.595 8.478
337 3 1 26.756 9.130 25.549 8.491
338 3 1 26.685 9.143 25.478 8.504
339 3 1 26.646 9.143 25.439 8.505
340 3 1 26.530 9.182 25.149 8.371
341 3 1 26.504 9.131 25.297 8.492
342 3 1 26.413 9.195 25.188 8.422
343 3 1 26.426 9.131 25.220 8.492
344 3 1 26.116 9.190 25.175 8.460
345 3 1 26.304 9.151 25.103 8.512
346 3 1 26.252 9.151 25.052 8.512
347 3 1 26.213 9.151 25.013 8.512
348 3 1 26.155 9.145 24.955 8.506
349 3 1 26.103 9.151 24.903 8.513
350 3 1 25.755 9.185 24.916 8.474
351 3 1 25.987 9.158 24.793 8.519
352 3 1 25.761 9.153 24.767 8.507
353 3 1 25.897 9.158 24.709 8.520
354 3 1 25.722 9.133 24.593 8.533
355 3 1 25.813 9.159 24.625 8.526
356 3 1 25.638 9.127 24.541 8.540
357 3 1 25.729 9.159 24.547 8.533
358 3 1 25.535 9.108 24.463 8.546
359 3 1 25.632 9.153 24.457 8.533
360 3 1 25.367 9.141 24.379 8.495
361 3 1 25.509 9.141 24.341 8.521
362 3 1 25.199 9.109 24.302 8.450
363 3 1 25.386 9.115 24.224 8.496
364 3 1 25.348 9.109 24.185 8.489
365 3 1 25.296 9.103 24.134 8.483
366 3 1 25.251 9.103 24.088 8.483
367 3 1 25.218 9.097 24.056 8.477
368 3 1 25.160 9.090 23.998 8.471
369 3 1 25.128 9.090 23.966 8.471
370 3 1 25.089 9.097 23.927 8.477
371 3 1 25.037 9.091 23.875 8.471
372 3 1 24.986 9.091 23.823 8.471
373 3 1 24.934 9.085 23.772 8.465
374 3 1 24.772 9.092 23.500 8.356
375 3 1 24.779 9.066 23.616 8.446
376 3 1 24.721 9.073 23.455 8.305
377 3 1 24.695 9.028 23.532 8.408
378 3 1 24.456 9.022 23.403 8.415
379 3 1 24.578 9.028 23.422 8.408
380 3 1 24.287 9.061 23.403 8.402
381 3 1 24.468 9.048 23.319 8.428
382 3 1 24.410 9.054 23.261 8.434
383 3 1 24.378 9.061 23.228 8.441
384 3 1 24.326 9.048 23.176 8.428
385 3 1 24.274 9.055 23.125 8.435
386 3 1 24.223 9.049 23.073 8.429
387 3 1 24.177 9.062 23.027 8.442
388 3 1 24.028 9.068 22.821 8.326
389 3 1 24.061 9.030 22.911 8.410
390 3 1 24.016 9.049 22.788 8.301
391 3 1 24.003 8.998 22.853 8.378
392 3 1 23.828 8.979 22.782 8.372
393 3 1 23.912 8.998 22.769 8.378
394 3 1 23.757 8.960 22.652 8.378
395 3 1 23.815 8.992 22.678 8.378
396 3 1 23.679 8.954 22.549 8.366
397 3 1 23.718 8.979 22.581 8.372
398 3 1 23.673 8.973 22.536 8.366
399 3 1 23.628 8.973 22.490 8.366
400 3 1 23.576 8.980 22.439 8.373
401 3 1 23.537 8.961 22.400 8.353
402 3 1 23.492 8.948 22.355 8.341
403 3 1 23.453 8.948 22.316 8.341
404 3 1 23.414 8.935 22.277 8.328
405 3 1 23.369 8.936 22.232 8.328
406 3 1 23.330 8.929 22.193 8.322
407 3 1 23.304 8.923 22.167 8.316
408 3 1 23.246 8.923 22.108 8.316
409 3 1 23.194 8.917 22.057 8.310
410 3 1 23.039 8.879 21.869 8.297
411 3 1 23.084 8.911 21.947 8.310
412 3 1 23.084 8.937 21.675 8.201
413 3 1 22.987 8.892 21.849 8.291
414 3 1 22.909 8.931 21.571 8.208
415 3 1 22.864 8.879 21.726 8.278
416 3 1 22.819 8.880 21.681 8.279
417 3 1 22.773 8.886 21.636 8.285
418 3 1 22.722 8.886 21.584 8.285
419 3 1 22.670 8.887 21.532 8.285
420 3 1 22.611 8.880 21.474 8.279
421 3 1 22.592 8.880 21.454 8.279
422 3 1 22.534 8.881 21.396 8.279
36 3 1 42.285 10.603 40.979 9.886
193 3 1 34.581 8.847 33.354 8.197
