0 0 1 33.189 7.964 32.477 6.963
1 0 1 33.208 7.995 32.465 6.944
2 0 1 33.214 7.982 32.471 6.932
3 0 1 33.221 7.994 32.477 6.944
4 0 1 33.214 7.988 32.471 6.938
5 0 1 33.221 7.988 32.477 6.938
6 0 1 33.214 7.988 32.471 6.938
7 0 1 33.221 7.982 32.477 6.932
8 0 1 33.214 7.970 32.471 6.920
9 0 1 33.221 7.982 32.477 6.932
10 0 1 33.214 7.976 32.471 6.926
11 0 1 33.220 7.957 32.477 6.907
12 0 1 33.214 7.976 32.471 6.926
13 0 1 33.221 7.982 32.477 6.932
14 0 1 33.214 7.988 32.471 6.938
15 0 1 33.221 7.982 32.477 6.932
16 0 1 33.214 7.976 32.471 6.926
17 0 1 33.221 7.970 32.477 6.920
18 0 1 33.214 7.964 32.471 6.913
19 0 1 33.221 7.970 32.477 6.920
20 0 1 33.214 7.964 32.471 6.913
21 0 1 33.208 7.970 32.465 6.920
22 0 1 33.202 7.958 32.458 6.907
23 0 1 33.208 7.964 32.465 6.914
24 0 1 33.202 7.964 32.458 6.914
25 0 1 33.208 7.970 32.465 6.920
26 0 1 33.202 7.964 32.458 6.914
27 0 1 33.196 7.970 32.452 6.920
28 0 1 33.189 7.958 32.446 6.908
29 0 1 33.196 7.964 32.452 6.914
30 0 1 33.189 7.964 32.446 6.914
31 0 1 33.183 7.970 32.440 6.920
32 0 1 33.177 7.964 32.433 6.914
33 0 1 33.183 7.970 32.440 6.920
34 0 1 33.177 7.958 32.433 6.908
35 0 1 33.171 7.964 32.427 6.914
36 0 1 33.165 7.964 32.421 6.914
37 0 1 33.171 7.970 32.427 6.920
38 0 1 33.165 7.964 32.421 6.914
39 0 1 33.158 7.958 32.415 6.908
40 0 1 33.152 7.952 32.409 6.902
41 0 1 33.158 7.952 32.415 6.902
42 0 1 33.152 7.952 32.409 6.902
43 0 1 33.146 7.940 32.402 6.890
44 0 1 33.139 7.940 32.396 6.890
45 0 1 33.146 7.946 32.402 6.896
46 0 1 33.139 7.921 32.396 6.871
47 0 1 33.146 7.927 32.402 6.877
48 0 1 33.139 7.927 32.396 6.877
49 0 1 33.133 7.915 32.390 6.865
50 0 1 33.127 7.915 32.383 6.865
51 0 1 33.133 7.921 32.390 6.871
52 0 1 33.127 7.909 32.383 6.859
53 0 1 33.133 7.915 32.390 6.865
54 0 1 33.114 7.915 32.371 6.865
55 0 1 33.120 7.903 32.377 6.853
56 0 1 33.114 7.903 32.371 6.853
57 0 1 33.108 7.909 32.365 6.859
58 0 1 33.102 7.897 32.358 6.847
59 0 1 33.108 7.903 32.365 6.853
60 0 1 33.102 7.903 32.358 6.853
61 0 1 33.095 7.891 32.352 6.841
62 0 1 33.089 7.891 32.346 6.841
63 0 1 33.096 7.897 32.352 6.847
64 0 1 33.077 7.885 32.333 6.835
65 0 1 33.083 7.891 32.340 6.841
66 0 1 33.077 7.891 32.333 6.841
67 0 1 33.083 7.879 32.339 6.828
68 0 1 33.077 7.879 32.333 6.828
69 0 1 33.071 7.885 32.327 6.835
70 0 1 33.064 7.873 32.321 6.822
71 0 1 33.070 7.879 32.327 6.829
72 0 1 33.064 7.873 32.321 6.822
73 0 1 33.058 7.885 32.315 6.835
74 0 1 33.052 7.879 32.308 6.829
75 0 1 33.058 7.873 32.315 6.823
76 0 1 33.052 7.867 32.308 6.816
77 0 1 33.046 7.867 32.302 6.817
78 0 1 33.039 7.861 32.296 6.810
79 0 1 33.046 7.873 32.302 6.823
80 0 1 33.039 7.867 32.296 6.817
81 0 1 33.045 7.860 32.302 6.810
82 0 1 33.039 7.854 32.296 6.804
83 0 1 33.045 7.854 32.302 6.804
84 0 1 33.039 7.848 32.296 6.798
85 0 1 33.045 7.860 32.302 6.810
86 0 1 33.039 7.854 32.296 6.804
87 0 1 33.045 7.860 32.302 6.810
88 0 1 33.039 7.867 32.296 6.817
89 0 1 33.046 7.867 32.302 6.817
90 0 1 33.039 7.861 32.296 6.810
91 0 1 33.046 7.873 32.302 6.823
92 0 1 33.039 7.873 32.296 6.823
93 0 1 33.046 7.885 32.302 6.835
94 0 1 33.039 7.885 32.296 6.835
95 0 1 33.046 7.898 32.302 6.847
96 0 1 33.040 7.892 32.296 6.841
97 0 1 33.046 7.910 32.302 6.860
98 0 1 33.040 7.898 32.296 6.848
99 0 1 33.046 7.923 32.303 6.872
100 0 1 33.040 7.910 32.296 6.860
101 0 1 33.046 7.935 32.303 6.885
102 0 1 33.040 7.929 32.296 6.879
103 0 1 33.046 7.947 32.303 6.897
104 0 1 33.052 7.935 32.309 6.885
105 0 1 33.059 7.960 32.315 6.909
106 0 1 33.053 7.947 32.309 6.897
107 0 1 33.059 7.972 32.315 6.922
108 0 1 33.053 7.966 32.309 6.916
109 0 1 33.059 7.972 32.315 6.922
110 0 1 33.065 7.972 32.322 6.922
111 0 1 33.071 7.978 32.328 6.928
112 0 1 33.065 7.972 32.322 6.922
113 0 1 33.072 7.990 32.328 6.940
114 0 1 33.078 7.984 32.334 6.934
115 0 1 33.084 7.996 32.341 6.946
116 0 1 33.078 7.990 32.334 6.940
117 0 1 33.084 8.009 32.341 6.959
118 0 1 33.090 7.996 32.347 6.946
119 0 1 33.097 8.009 32.353 6.958
120 0 1 33.090 8.003 32.347 6.952
121 0 1 33.097 8.009 32.353 6.958
122 0 1 33.103 8.009 32.359 6.958
123 0 1 33.109 8.015 32.366 6.964
124 0 1 33.103 8.009 32.359 6.958
125 0 1 33.109 8.021 32.366 6.971
126 0 1 33.103 8.015 32.359 6.965
127 0 1 33.109 8.021 32.366 6.971
128 0 1 33.115 8.021 32.372 6.971
129 0 1 33.122 8.027 32.378 6.977
130 0 1 33.115 8.021 32.372 6.971
131 0 1 33.122 8.033 32.378 6.983
132 0 1 33.116 8.039 32.372 6.989
133 0 1 33.122 8.046 32.378 6.995
134 0 1 33.116 8.039 32.372 6.989
135 0 1 33.122 8.046 32.378 6.995
136 0 1 33.128 8.033 32.384 6.983
137 0 1 33.134 8.039 32.391 6.989
138 0 1 33.128 8.033 32.384 6.983
139 0 1 33.134 8.045 32.391 6.995
140 0 1 33.128 8.052 32.385 7.001
141 0 1 33.134 8.058 32.391 7.008
142 0 1 33.128 8.045 32.385 6.995
143 0 1 33.134 8.052 32.391 7.001
144 0 1 33.128 8.058 32.385 7.008
145 0 1 33.134 8.064 32.391 7.014
146 0 1 33.128 8.064 32.385 7.014
147 0 1 33.135 8.070 32.391 7.020
148 0 1 33.128 8.058 32.385 7.008
149 0 1 33.134 8.064 32.391 7.014
150 0 1 33.128 8.070 32.385 7.020
151 0 1 33.135 8.076 32.391 7.026
152 0 1 33.128 8.076 32.385 7.026
153 0 1 33.122 8.083 32.379 7.032
154 0 1 33.116 8.070 32.372 7.020
155 0 1 33.122 8.077 32.379 7.026
156 0 1 33.116 8.083 32.372 7.033
157 0 1 33.122 8.089 32.379 7.039
158 0 1 33.116 8.089 32.373 7.039
159 0 1 33.110 8.095 32.366 7.045
160 0 1 33.104 8.083 32.360 7.033
161 0 1 33.110 8.089 32.366 7.039
162 0 1 33.104 8.083 32.360 7.033
163 0 1 33.097 8.095 32.354 7.045
164 0 1 33.091 8.089 32.348 7.039
165 0 1 33.097 8.095 32.354 7.045
166 0 1 33.091 8.083 32.348 7.033
167 0 1 33.097 8.089 32.354 7.039
168 0 1 33.091 8.083 32.348 7.033
169 0 1 33.097 8.095 32.354 7.045
170 0 1 33.091 8.089 32.348 7.039
171 0 1 33.097 8.095 32.354 7.045
172 0 1 33.091 8.083 32.348 7.033
173 0 1 33.097 8.089 32.354 7.039
174 0 1 33.091 8.083 32.348 7.033
175 0 1 33.097 8.095 32.354 7.045
176 0 1 33.091 8.089 32.348 7.039
177 0 1 33.097 8.095 32.354 7.045
178 0 1 33.091 8.083 32.348 7.033
179 0 1 33.097 8.089 32.354 7.039
180 0 1 33.091 8.083 32.348 7.033
181 0 1 33.097 8.095 32.354 7.045
182 0 1 33.091 8.089 32.348 7.039
183 0 1 33.097 8.083 32.354 7.033
184 0 1 33.091 8.077 32.348 7.027
185 0 1 33.097 8.077 32.354 7.027
186 0 1 33.091 8.071 32.347 7.021
187 0 1 33.097 8.083 32.354 7.033
188 0 1 33.091 8.077 32.348 7.027
189 0 1 33.097 8.071 32.354 7.020
190 0 1 33.091 8.065 32.347 7.014
191 0 1 33.097 8.064 32.354 7.014
192 0 1 33.091 8.058 32.347 7.008
193 0 1 33.085 8.052 32.341 7.002
194 0 1 33.078 8.052 32.335 7.002
195 0 1 33.085 8.058 32.341 7.008
196 0 1 33.078 8.046 32.335 6.996
197 0 1 33.084 8.040 32.341 6.990
198 0 1 33.078 8.034 32.335 6.983
199 0 1 33.085 8.046 32.341 6.996
200 0 1 33.078 8.040 32.335 6.990
201 0 1 33.072 8.034 32.328 6.984
202 0 1 33.066 8.028 32.322 6.977
203 0 1 33.072 8.028 32.328 6.977
204 0 1 33.066 8.022 32.322 6.971
205 0 1 33.072 8.015 32.328 6.965
206 0 1 33.066 8.015 32.322 6.965
207 0 1 33.059 8.022 32.316 6.971
208 0 1 33.053 7.997 32.309 6.947
209 0 1 33.059 8.003 32.316 6.953
210 0 1 33.053 7.997 32.309 6.947
211 0 1 33.059 7.991 32.316 6.940
212 0 1 33.053 7.991 32.309 6.940
213 0 1 33.047 7.997 32.303 6.947
214 0 1 33.040 7.972 32.297 6.922
215 0 1 33.047 7.978 32.303 6.928
216 0 1 33.040 7.972 32.297 6.922
217 0 1 33.046 7.966 32.303 6.916
218 0 1 33.040 7.966 32.297 6.916
219 0 1 33.034 7.972 32.291 6.922
220 0 1 33.028 7.960 32.284 6.910
221 0 1 33.034 7.966 32.291 6.916
222 0 1 33.028 7.960 32.284 6.910
223 0 1 33.022 7.972 32.278 6.922
224 0 1 33.015 7.966 32.272 6.916
225 0 1 33.022 7.972 32.278 6.922
226 0 1 33.015 7.960 32.272 6.910
227 0 1 33.022 7.966 32.278 6.916
228 0 1 33.015 7.960 32.272 6.910
229 0 1 33.009 7.973 32.266 6.922
230 0 1 33.003 7.967 32.259 6.916
231 0 1 33.009 7.973 32.266 6.922
232 0 1 33.003 7.967 32.259 6.916
233 0 1 33.009 7.966 32.266 6.916
234 0 1 33.003 7.960 32.259 6.910
235 0 1 33.009 7.973 32.266 6.922
236 0 1 33.003 7.979 32.260 6.929
237 0 1 33.009 7.985 32.266 6.935
238 0 1 33.003 7.973 32.260 6.922
239 0 1 32.997 7.979 32.253 6.929
240 0 1 32.991 7.973 32.247 6.923
241 0 1 32.997 7.985 32.253 6.935
242 0 1 32.991 7.985 32.247 6.935
243 0 1 32.997 7.998 32.254 6.947
244 0 1 32.991 7.985 32.247 6.935
245 0 1 32.997 7.998 32.254 6.947
246 0 1 32.991 8.004 32.247 6.954
247 0 1 32.997 8.010 32.254 6.960
248 0 1 32.991 8.004 32.247 6.954
249 0 1 32.997 8.010 32.254 6.960
250 0 1 32.991 8.016 32.247 6.966
251 0 1 32.997 8.016 32.254 6.966
252 0 1 32.991 8.010 32.247 6.960
253 0 1 32.997 8.022 32.254 6.972
254 0 1 32.991 8.016 32.247 6.966
255 0 1 32.985 8.023 32.241 6.972
256 0 1 32.979 8.029 32.235 6.979
257 0 1 32.985 8.029 32.241 6.979
258 0 1 32.979 8.023 32.235 6.972
259 0 1 32.985 8.029 32.241 6.979
260 0 1 32.979 8.029 32.235 6.979
261 0 1 32.985 8.035 32.241 6.985
262 0 1 32.979 8.029 32.235 6.979
263 0 1 32.985 8.029 32.241 6.979
264 0 1 32.979 8.023 32.235 6.972
265 0 1 32.985 8.035 32.241 6.985
266 0 1 32.979 8.029 32.235 6.979
267 0 1 32.985 8.035 32.241 6.985
268 0 1 32.979 8.029 32.235 6.979
269 0 1 32.985 8.029 32.241 6.979
270 0 1 32.979 8.023 32.235 6.972
271 0 1 32.985 8.035 32.241 6.985
272 0 1 32.979 8.029 32.235 6.979
273 0 1 32.985 8.035 32.241 6.985
274 0 1 32.979 8.029 32.235 6.979
275 0 1 32.985 8.029 32.241 6.979
276 0 1 32.979 8.023 32.235 6.972
277 0 1 32.985 8.035 32.241 6.985
278 0 1 32.979 8.029 32.235 6.979
279 0 1 32.985 8.035 32.241 6.985
280 0 1 32.979 8.029 32.235 6.979
281 0 1 32.985 8.029 32.241 6.979
282 0 1 32.979 8.023 32.235 6.972
283 0 1 32.985 8.035 32.241 6.985
284 0 1 32.979 8.029 32.235 6.979
285 0 1 32.985 8.035 32.241 6.985
286 0 1 32.979 8.029 32.235 6.979
287 0 1 32.985 8.029 32.241 6.979
288 0 1 32.979 8.023 32.235 6.972
289 0 1 32.973 8.035 32.229 6.985
290 0 1 32.966 8.042 32.223 6.991
291 0 1 32.973 8.048 32.229 6.997
292 0 1 32.966 8.035 32.223 6.985
293 0 1 32.973 8.041 32.229 6.991
294 0 1 32.966 8.035 32.223 6.985
295 0 1 32.973 8.048 32.229 6.997
296 0 1 32.966 8.042 32.223 6.991
297 0 1 32.973 8.048 32.229 6.997
298 0 1 32.966 8.042 32.223 6.991
299 0 1 32.973 8.041 32.229 6.991
300 0 1 32.966 8.035 32.223 6.985
301 0 1 32.973 8.048 32.229 6.997
302 0 1 32.966 8.042 32.223 6.991
303 0 1 32.973 8.048 32.229 6.997
304 0 1 32.966 8.042 32.223 6.991
305 0 1 32.973 8.029 32.229 6.979
306 0 1 32.966 8.029 32.223 6.979
307 0 1 32.973 8.035 32.229 6.985
308 0 1 32.966 8.029 32.223 6.979
309 0 1 32.973 8.035 32.229 6.985
310 0 1 32.966 8.023 32.223 6.973
311 0 1 32.973 8.029 32.229 6.979
312 0 1 32.966 8.023 32.223 6.973
313 0 1 32.973 8.035 32.229 6.985
314 0 1 32.966 8.029 32.223 6.979
315 0 1 32.973 8.035 32.229 6.985
316 0 1 32.966 8.029 32.223 6.979
317 0 1 32.973 8.029 32.229 6.979
318 0 1 32.966 8.023 32.223 6.973
319 0 1 32.960 8.029 32.217 6.979
320 0 1 32.954 8.029 32.210 6.979
321 0 1 32.960 8.035 32.217 6.985
322 0 1 32.954 8.023 32.210 6.973
323 0 1 32.960 8.029 32.217 6.979
324 0 1 32.954 8.023 32.210 6.973
325 0 1 32.960 8.029 32.217 6.979
326 0 1 32.954 8.029 32.210 6.979
327 0 1 32.960 8.035 32.217 6.985
328 0 1 32.954 8.029 32.210 6.979
329 0 1 32.948 8.029 32.204 6.979
330 0 1 32.941 8.023 32.198 6.973
331 0 1 32.948 8.036 32.204 6.985
332 0 1 32.941 8.029 32.198 6.979
333 0 1 32.948 8.036 32.204 6.985
334 0 1 32.941 8.029 32.198 6.979
335 0 1 32.948 8.029 32.204 6.979
336 0 1 32.941 8.023 32.198 6.973
337 0 1 32.948 8.029 32.204 6.979
338 0 1 32.941 8.029 32.198 6.979
339 0 1 32.948 8.036 32.204 6.985
340 0 1 32.941 8.023 32.198 6.973
341 0 1 32.948 8.029 32.204 6.979
342 0 1 32.941 8.023 32.198 6.973
343 0 1 32.948 8.029 32.204 6.979
344 0 1 32.941 8.029 32.198 6.979
345 0 1 32.948 8.036 32.204 6.985
346 0 1 32.941 8.029 32.198 6.979
347 0 1 32.948 8.029 32.204 6.979
348 0 1 32.941 8.023 32.198 6.973
349 0 1 32.948 8.036 32.204 6.985
350 0 1 32.941 8.029 32.198 6.979
351 0 1 32.948 8.036 32.204 6.985
352 0 1 32.941 8.029 32.198 6.979
353 0 1 32.948 8.029 32.204 6.979
354 0 1 32.941 8.023 32.198 6.973
355 0 1 32.935 8.017 32.192 6.967
356 0 1 32.929 8.017 32.185 6.967
357 0 1 32.935 8.023 32.192 6.973
358 0 1 32.929 8.017 32.185 6.967
359 0 1 32.935 8.017 32.192 6.967
360 0 1 32.929 8.011 32.185 6.961
361 0 1 32.935 8.017 32.192 6.967
362 0 1 32.929 8.017 32.185 6.967
0 1 1 32.232 8.629 31.474 8.069
1 1 1 32.257 8.648 31.461 8.063
2 1 1 32.263 8.641 31.467 8.057
3 1 1 32.257 8.648 31.461 8.063
4 1 1 32.263 8.648 31.467 8.063
5 1 1 32.257 8.641 31.461 8.057
6 1 1 32.263 8.648 31.467 8.063
7 1 1 32.251 8.635 31.455 8.051
8 1 1 32.263 8.648 31.467 8.063
9 1 1 32.257 8.635 31.461 8.050
10 1 1 32.263 8.648 31.467 8.063
11 1 1 32.251 8.629 31.455 8.044
12 1 1 32.263 8.648 31.467 8.063
13 1 1 32.251 8.635 31.455 8.051
14 1 1 32.257 8.648 31.461 8.063
15 1 1 32.257 8.635 31.461 8.050
16 1 1 32.245 8.648 31.449 8.063
17 1 1 32.245 8.635 31.449 8.051
18 1 1 32.251 8.648 31.455 8.063
19 1 1 32.238 8.635 31.442 8.051
20 1 1 32.238 8.635 31.442 8.051
21 1 1 32.232 8.636 31.436 8.051
22 1 1 32.238 8.635 31.442 8.051
23 1 1 32.226 8.636 31.430 8.051
24 1 1 32.226 8.636 31.430 8.051
25 1 1 32.213 8.636 31.418 8.051
26 1 1 32.220 8.636 31.424 8.051
27 1 1 32.220 8.636 31.424 8.051
28 1 1 32.207 8.636 31.411 8.051
29 1 1 32.207 8.636 31.411 8.051
30 1 1 32.213 8.636 31.418 8.051
31 1 1 32.201 8.636 31.405 8.051
32 1 1 32.201 8.636 31.405 8.051
33 1 1 32.195 8.636 31.399 8.051
34 1 1 32.201 8.636 31.405 8.051
35 1 1 32.189 8.636 31.393 8.051
36 1 1 32.189 8.636 31.393 8.051
37 1 1 32.176 8.636 31.380 8.052
38 1 1 32.182 8.636 31.386 8.052
39 1 1 32.182 8.636 31.386 8.052
40 1 1 32.170 8.624 31.374 8.039
41 1 1 32.170 8.612 31.374 8.027
42 1 1 32.176 8.624 31.380 8.039
43 1 1 32.163 8.612 31.368 8.027
44 1 1 32.163 8.612 31.368 8.027
45 1 1 32.157 8.612 31.361 8.027
46 1 1 32.163 8.612 31.368 8.027
47 1 1 32.151 8.606 31.355 8.021
48 1 1 32.163 8.599 31.367 8.015
49 1 1 32.151 8.587 31.355 8.002
50 1 1 32.151 8.593 31.355 8.009
51 1 1 32.145 8.587 31.349 8.002
52 1 1 32.151 8.599 31.355 8.015
53 1 1 32.138 8.587 31.342 8.003
54 1 1 32.151 8.599 31.355 8.015
55 1 1 32.126 8.581 31.330 7.996
56 1 1 32.138 8.587 31.342 8.003
57 1 1 32.132 8.587 31.336 8.003
58 1 1 32.138 8.587 31.342 8.003
59 1 1 32.120 8.581 31.324 7.997
60 1 1 32.126 8.587 31.330 8.003
61 1 1 32.113 8.588 31.318 8.003
62 1 1 32.113 8.588 31.318 8.003
63 1 1 32.107 8.588 31.311 8.003
64 1 1 32.113 8.588 31.318 8.003
65 1 1 32.101 8.582 31.305 7.997
66 1 1 32.107 8.575 31.311 7.991
67 1 1 32.101 8.563 31.305 7.978
68 1 1 32.101 8.569 31.305 7.984
69 1 1 32.095 8.563 31.299 7.978
70 1 1 32.101 8.563 31.305 7.978
71 1 1 32.088 8.557 31.292 7.972
72 1 1 32.082 8.563 31.286 7.978
73 1 1 32.076 8.563 31.280 7.979
74 1 1 32.082 8.563 31.286 7.978
75 1 1 32.076 8.563 31.280 7.979
76 1 1 32.070 8.563 31.274 7.979
77 1 1 32.070 8.557 31.274 7.972
78 1 1 32.076 8.563 31.280 7.979
79 1 1 32.063 8.545 31.267 7.960
80 1 1 32.069 8.539 31.273 7.954
81 1 1 32.063 8.551 31.267 7.966
82 1 1 32.076 8.532 31.280 7.948
83 1 1 32.069 8.545 31.274 7.960
84 1 1 32.076 8.538 31.280 7.954
85 1 1 32.063 8.551 31.267 7.966
86 1 1 32.069 8.539 31.273 7.954
87 1 1 32.063 8.551 31.267 7.966
88 1 1 32.076 8.532 31.280 7.948
89 1 1 32.069 8.545 31.274 7.960
90 1 1 32.076 8.551 31.280 7.966
91 1 1 32.063 8.545 31.267 7.960
92 1 1 32.070 8.551 31.274 7.966
93 1 1 32.063 8.563 31.267 7.979
94 1 1 32.076 8.576 31.280 7.991
95 1 1 32.070 8.576 31.274 7.991
96 1 1 32.076 8.576 31.280 7.991
97 1 1 32.064 8.576 31.268 7.991
98 1 1 32.070 8.582 31.274 7.997
99 1 1 32.064 8.601 31.268 8.016
100 1 1 32.076 8.594 31.280 8.010
101 1 1 32.076 8.601 31.280 8.016
102 1 1 32.089 8.613 31.293 8.028
103 1 1 32.076 8.625 31.280 8.041
104 1 1 32.089 8.613 31.293 8.028
105 1 1 32.095 8.638 31.299 8.053
106 1 1 32.101 8.631 31.305 8.046
107 1 1 32.095 8.638 31.299 8.053
108 1 1 32.102 8.650 31.306 8.065
109 1 1 32.108 8.631 31.312 8.046
110 1 1 32.108 8.644 31.312 8.059
111 1 1 32.114 8.650 31.318 8.065
112 1 1 32.120 8.643 31.324 8.059
113 1 1 32.120 8.650 31.324 8.065
114 1 1 32.126 8.650 31.331 8.065
115 1 1 32.133 8.649 31.337 8.065
116 1 1 32.133 8.643 31.337 8.058
117 1 1 32.127 8.662 31.331 8.077
118 1 1 32.152 8.668 31.356 8.083
119 1 1 32.145 8.662 31.349 8.077
120 1 1 32.152 8.674 31.356 8.089
121 1 1 32.139 8.656 31.343 8.071
122 1 1 32.158 8.668 31.362 8.083
123 1 1 32.151 8.662 31.356 8.077
124 1 1 32.164 8.674 31.368 8.089
125 1 1 32.158 8.674 31.362 8.089
126 1 1 32.164 8.674 31.368 8.089
127 1 1 32.170 8.674 31.374 8.089
128 1 1 32.170 8.674 31.374 8.089
129 1 1 32.164 8.674 31.368 8.089
130 1 1 32.176 8.674 31.381 8.089
131 1 1 32.183 8.680 31.387 8.095
132 1 1 32.189 8.698 31.393 8.114
133 1 1 32.177 8.680 31.381 8.095
134 1 1 32.183 8.698 31.387 8.114
135 1 1 32.177 8.686 31.381 8.101
136 1 1 32.189 8.698 31.393 8.114
137 1 1 32.183 8.692 31.387 8.107
138 1 1 32.189 8.698 31.393 8.114
139 1 1 32.195 8.692 31.399 8.107
140 1 1 32.195 8.698 31.399 8.113
141 1 1 32.189 8.698 31.393 8.114
142 1 1 32.202 8.711 31.406 8.126
143 1 1 32.196 8.717 31.400 8.132
144 1 1 32.202 8.704 31.406 8.120
145 1 1 32.189 8.723 31.393 8.138
146 1 1 32.195 8.711 31.400 8.126
147 1 1 32.189 8.723 31.393 8.138
148 1 1 32.202 8.723 31.406 8.138
149 1 1 32.196 8.723 31.400 8.138
150 1 1 32.202 8.723 31.406 8.138
151 1 1 32.189 8.723 31.393 8.138
152 1 1 32.196 8.717 31.400 8.132
153 1 1 32.189 8.736 31.394 8.151
154 1 1 32.202 8.742 31.406 8.157
155 1 1 32.196 8.735 31.400 8.151
156 1 1 32.202 8.748 31.406 8.163
157 1 1 32.190 8.748 31.394 8.163
158 1 1 32.183 8.748 31.387 8.163
159 1 1 32.177 8.748 31.381 8.163
160 1 1 32.190 8.748 31.394 8.163
161 1 1 32.183 8.742 31.387 8.157
162 1 1 32.190 8.748 31.394 8.163
163 1 1 32.177 8.761 31.381 8.176
164 1 1 32.177 8.767 31.381 8.182
165 1 1 32.171 8.754 31.375 8.170
166 1 1 32.177 8.773 31.381 8.188
167 1 1 32.165 8.761 31.369 8.176
168 1 1 32.177 8.773 31.381 8.188
169 1 1 32.165 8.755 31.369 8.170
170 1 1 32.165 8.767 31.369 8.182
171 1 1 32.159 8.755 31.363 8.170
172 1 1 32.165 8.773 31.369 8.188
173 1 1 32.152 8.761 31.356 8.176
174 1 1 32.159 8.773 31.363 8.189
175 1 1 32.152 8.755 31.356 8.170
176 1 1 32.165 8.767 31.369 8.182
177 1 1 32.159 8.755 31.363 8.170
178 1 1 32.153 8.773 31.357 8.189
179 1 1 32.140 8.761 31.344 8.176
180 1 1 32.146 8.773 31.350 8.189
181 1 1 32.140 8.755 31.344 8.170
182 1 1 32.152 8.767 31.356 8.182
183 1 1 32.146 8.755 31.350 8.170
184 1 1 32.152 8.761 31.356 8.176
185 1 1 32.140 8.761 31.344 8.176
186 1 1 32.152 8.761 31.356 8.176
187 1 1 32.140 8.761 31.344 8.176
188 1 1 32.152 8.755 31.356 8.170
189 1 1 32.140 8.749 31.344 8.164
190 1 1 32.152 8.730 31.356 8.145
191 1 1 32.140 8.742 31.344 8.158
192 1 1 32.152 8.730 31.356 8.145
193 1 1 32.140 8.736 31.344 8.152
194 1 1 32.140 8.736 31.344 8.152
195 1 1 32.133 8.736 31.338 8.152
196 1 1 32.140 8.718 31.344 8.133
197 1 1 32.127 8.712 31.331 8.127
198 1 1 32.133 8.724 31.337 8.139
199 1 1 32.127 8.705 31.331 8.121
200 1 1 32.139 8.711 31.344 8.127
201 1 1 32.133 8.712 31.337 8.127
202 1 1 32.127 8.693 31.331 8.108
203 1 1 32.114 8.687 31.318 8.102
204 1 1 32.121 8.687 31.325 8.102
205 1 1 32.114 8.687 31.318 8.102
206 1 1 32.114 8.675 31.318 8.090
207 1 1 32.108 8.662 31.312 8.077
208 1 1 32.102 8.662 31.306 8.078
209 1 1 32.089 8.644 31.293 8.059
210 1 1 32.095 8.619 31.299 8.034
211 1 1 32.076 8.613 31.280 8.028
212 1 1 32.076 8.607 31.280 8.022
213 1 1 32.070 8.607 31.274 8.022
214 1 1 32.064 8.595 31.268 8.010
215 1 1 32.051 8.576 31.255 7.991
216 1 1 32.045 8.564 31.249 7.979
217 1 1 32.039 8.564 31.243 7.979
218 1 1 32.038 8.558 31.243 7.973
219 1 1 32.020 8.545 31.224 7.961
220 1 1 32.026 8.533 31.230 7.948
221 1 1 32.001 8.540 31.205 7.955
222 1 1 32.007 8.527 31.211 7.942
223 1 1 31.988 8.515 31.192 7.930
224 1 1 31.988 8.509 31.192 7.924
225 1 1 31.982 8.509 31.186 7.924
226 1 1 31.976 8.509 31.180 7.924
227 1 1 31.963 8.503 31.167 7.918
228 1 1 31.957 8.490 31.161 7.906
229 1 1 31.951 8.503 31.155 7.918
230 1 1 31.951 8.484 31.155 7.900
231 1 1 31.945 8.497 31.149 7.912
232 1 1 31.938 8.485 31.142 7.900
233 1 1 31.926 8.503 31.130 7.919
234 1 1 31.920 8.491 31.124 7.906
235 1 1 31.913 8.504 31.117 7.919
236 1 1 31.920 8.485 31.124 7.900
237 1 1 31.913 8.504 31.117 7.919
238 1 1 31.907 8.497 31.111 7.913
239 1 1 31.907 8.504 31.111 7.919
240 1 1 31.913 8.504 31.117 7.919
241 1 1 31.889 8.504 31.093 7.919
242 1 1 31.895 8.498 31.099 7.913
243 1 1 31.889 8.510 31.093 7.925
244 1 1 31.901 8.522 31.105 7.938
245 1 1 31.895 8.516 31.099 7.931
246 1 1 31.901 8.529 31.105 7.944
247 1 1 31.895 8.529 31.099 7.944
248 1 1 31.895 8.522 31.099 7.938
249 1 1 31.901 8.541 31.105 7.956
250 1 1 31.908 8.553 31.112 7.969
251 1 1 31.920 8.541 31.124 7.956
252 1 1 31.926 8.553 31.130 7.968
253 1 1 31.933 8.553 31.137 7.968
254 1 1 31.945 8.547 31.149 7.962
255 1 1 31.951 8.553 31.155 7.968
256 1 1 31.957 8.546 31.161 7.962
257 1 1 31.970 8.552 31.174 7.968
258 1 1 31.989 8.552 31.193 7.967
259 1 1 31.995 8.552 31.199 7.967
260 1 1 32.007 8.558 31.211 7.973
261 1 1 32.014 8.570 31.218 7.986
262 1 1 32.038 8.558 31.243 7.973
263 1 1 32.032 8.576 31.236 7.992
264 1 1 32.051 8.564 31.255 7.979
265 1 1 32.039 8.576 31.243 7.991
266 1 1 32.057 8.557 31.261 7.973
267 1 1 32.051 8.570 31.255 7.985
268 1 1 32.057 8.557 31.261 7.973
269 1 1 32.057 8.576 31.261 7.991
270 1 1 32.076 8.563 31.280 7.979
271 1 1 32.064 8.576 31.268 7.991
272 1 1 32.070 8.557 31.274 7.972
273 1 1 32.064 8.576 31.268 7.991
274 1 1 32.076 8.557 31.280 7.972
275 1 1 32.070 8.576 31.274 7.991
276 1 1 32.076 8.563 31.280 7.979
277 1 1 32.082 8.576 31.286 7.991
278 1 1 32.082 8.557 31.286 7.972
279 1 1 32.076 8.576 31.280 7.991
280 1 1 32.082 8.557 31.286 7.972
281 1 1 32.082 8.576 31.286 7.991
282 1 1 32.088 8.563 31.292 7.978
283 1 1 32.082 8.576 31.286 7.991
284 1 1 32.082 8.569 31.286 7.985
285 1 1 32.076 8.570 31.280 7.985
286 1 1 32.088 8.569 31.292 7.985
287 1 1 32.082 8.576 31.286 7.991
288 1 1 32.089 8.588 31.293 8.003
289 1 1 32.082 8.600 31.286 8.016
290 1 1 32.082 8.588 31.286 8.003
291 1 1 32.076 8.601 31.280 8.016
292 1 1 32.089 8.594 31.293 8.009
293 1 1 32.082 8.594 31.286 8.010
294 1 1 32.089 8.600 31.293 8.016
295 1 1 32.082 8.594 31.286 8.010
296 1 1 32.082 8.600 31.286 8.016
297 1 1 32.076 8.601 31.280 8.016
298 1 1 32.082 8.600 31.286 8.016
299 1 1 32.082 8.594 31.286 8.010
300 1 1 32.089 8.600 31.293 8.016
301 1 1 32.076 8.594 31.280 8.010
302 1 1 32.082 8.600 31.286 8.016
303 1 1 32.076 8.601 31.280 8.016
304 1 1 32.082 8.600 31.286 8.016
305 1 1 32.082 8.600 31.286 8.016
306 1 1 32.088 8.582 31.293 7.997
307 1 1 32.082 8.600 31.286 8.016
308 1 1 32.082 8.582 31.286 7.997
309 1 1 32.076 8.601 31.280 8.016
310 1 1 32.088 8.582 31.293 7.997
311 1 1 32.082 8.600 31.286 8.016
312 1 1 32.088 8.582 31.293 7.997
313 1 1 32.064 8.601 31.268 8.016
314 1 1 32.070 8.582 31.274 7.997
315 1 1 32.064 8.601 31.268 8.016
316 1 1 32.070 8.582 31.274 7.997
317 1 1 32.070 8.601 31.274 8.016
318 1 1 32.076 8.582 31.280 7.997
319 1 1 32.051 8.601 31.255 8.016
320 1 1 32.057 8.582 31.261 7.997
321 1 1 32.051 8.601 31.255 8.016
322 1 1 32.057 8.582 31.261 7.997
323 1 1 32.058 8.601 31.262 8.016
324 1 1 32.064 8.582 31.268 7.997
325 1 1 32.051 8.601 31.255 8.016
326 1 1 32.057 8.582 31.261 7.997
327 1 1 32.039 8.601 31.243 8.016
328 1 1 32.051 8.582 31.255 7.998
329 1 1 32.045 8.601 31.249 8.016
330 1 1 32.051 8.582 31.255 7.998
331 1 1 32.039 8.601 31.243 8.016
332 1 1 32.045 8.582 31.249 7.998
333 1 1 32.039 8.601 31.243 8.016
334 1 1 32.033 8.595 31.237 8.010
335 1 1 32.033 8.601 31.237 8.016
336 1 1 32.039 8.601 31.243 8.016
337 1 1 32.033 8.601 31.237 8.016
338 1 1 32.033 8.595 31.237 8.010
339 1 1 32.026 8.595 31.230 8.010
340 1 1 32.033 8.595 31.237 8.010
341 1 1 32.033 8.601 31.237 8.016
342 1 1 32.026 8.601 31.230 8.017
343 1 1 32.020 8.601 31.224 8.017
344 1 1 32.020 8.595 31.224 8.010
345 1 1 32.014 8.601 31.218 8.017
346 1 1 32.020 8.595 31.224 8.010
347 1 1 32.020 8.601 31.224 8.017
348 1 1 32.026 8.601 31.230 8.017
349 1 1 32.020 8.601 31.224 8.017
350 1 1 32.020 8.595 31.224 8.010
351 1 1 32.014 8.601 31.218 8.017
352 1 1 32.020 8.595 31.224 8.010
353 1 1 32.020 8.601 31.224 8.017
354 1 1 32.014 8.601 31.218 8.017
355 1 1 32.008 8.602 31.212 8.017
356 1 1 32.008 8.602 31.212 8.017
357 1 1 32.002 8.602 31.206 8.017
358 1 1 32.008 8.602 31.212 8.017
359 1 1 32.008 8.602 31.212 8.017
360 1 1 32.014 8.601 31.218 8.017
361 1 1 32.008 8.583 31.212 7.998
362 1 1 32.008 8.595 31.212 8.011
0 2 1 42.135 12.035 41.148 11.550
1 2 1 42.054 12.036 41.074 11.557
2 2 1 42.042 12.037 40.957 11.534
3 2 1 41.999 12.043 40.993 11.527
4 2 1 41.987 12.050 40.975 11.534
5 2 1 41.974 12.038 40.950 11.522
6 2 1 41.950 12.038 40.950 11.516
7 2 1 41.919 12.026 40.888 11.517
8 2 1 41.894 12.033 40.814 11.518
9 2 1 41.863 12.021 40.851 11.523
10 2 1 41.826 12.022 40.814 11.524
11 2 1 41.771 12.010 40.759 11.513
12 2 1 41.727 12.011 40.716 11.513
13 2 1 41.678 12.012 40.666 11.514
14 2 1 41.641 12.000 40.629 11.502
15 2 1 41.592 12.001 40.580 11.503
16 2 1 41.542 12.001 40.530 11.504
17 2 1 41.420 12.047 40.309 11.557
18 2 1 41.408 12.066 40.247 11.527
19 2 1 41.339 12.042 40.315 11.551
20 2 1 41.340 12.116 40.178 11.460
21 2 1 41.266 12.118 40.172 11.442
22 2 1 41.192 12.057 40.265 11.502
23 2 1 41.149 12.082 40.234 11.496
24 2 1 41.198 12.044 40.191 11.528
25 2 1 41.093 12.071 40.209 11.484
26 2 1 41.148 12.033 40.154 11.516
27 2 1 41.105 12.027 40.111 11.511
28 2 1 41.062 12.034 40.068 11.518
29 2 1 41.031 12.029 40.037 11.512
30 2 1 40.963 12.036 39.969 11.519
31 2 1 40.907 12.031 39.913 11.514
32 2 1 40.822 12.075 40.111 11.542
33 2 1 40.939 12.061 39.963 11.544
34 2 1 40.889 12.068 39.914 11.551
35 2 1 40.840 12.075 39.864 11.558
36 2 1 40.778 12.070 39.802 11.553
37 2 1 40.717 12.077 39.741 11.560
38 2 1 40.543 12.012 39.296 11.580
39 2 1 40.525 12.006 39.296 11.586
40 2 1 40.408 12.045 39.413 11.541
41 2 1 40.364 12.040 39.370 11.535
42 2 1 40.334 12.046 39.339 11.542
43 2 1 40.247 12.023 39.327 11.561
44 2 1 40.191 12.024 39.265 11.568
45 2 1 40.192 12.036 39.148 11.576
46 2 1 40.161 12.049 39.179 11.563
47 2 1 40.105 12.050 39.123 11.564
48 2 1 40.050 12.051 39.067 11.565
49 2 1 40.006 12.052 39.024 11.566
50 2 1 39.939 12.053 38.956 11.567
51 2 1 39.895 12.054 38.913 11.567
52 2 1 39.827 12.055 38.845 11.568
53 2 1 39.772 12.056 38.789 11.569
54 2 1 39.716 12.057 38.734 11.570
55 2 1 39.673 12.057 38.690 11.571
56 2 1 39.617 12.058 38.635 11.572
57 2 1 39.574 12.059 38.591 11.573
58 2 1 39.531 12.060 38.548 11.573
59 2 1 39.296 12.051 38.474 11.568
60 2 1 39.283 12.039 38.480 11.568
61 2 1 39.364 12.044 38.399 11.570
62 2 1 39.314 12.045 38.350 11.570
63 2 1 39.265 12.045 38.301 11.571
64 2 1 39.215 12.034 38.251 11.560
65 2 1 39.153 12.022 38.189 11.548
66 2 1 39.091 12.023 38.127 11.549
67 2 1 39.030 12.024 38.065 11.550
68 2 1 38.968 12.013 38.003 11.539
69 2 1 38.906 12.002 37.941 11.527
70 2 1 38.844 12.003 37.879 11.528
71 2 1 38.782 12.004 37.817 11.529
72 2 1 38.720 12.005 37.755 11.530
73 2 1 38.689 11.974 37.700 11.587
74 2 1 38.609 12.013 37.657 11.588
75 2 1 38.504 12.002 37.620 11.576
76 2 1 38.436 12.003 37.589 11.558
77 2 1 38.485 12.009 37.539 11.559
78 2 1 38.374 12.017 37.551 11.559
79 2 1 38.331 12.024 37.495 11.522
80 2 1 38.380 11.998 37.446 11.548
81 2 1 38.337 11.999 37.403 11.549
82 2 1 38.281 11.987 37.347 11.537
83 2 1 38.225 11.976 37.291 11.525
84 2 1 38.169 11.989 37.235 11.539
85 2 1 38.114 11.978 37.179 11.527
86 2 1 38.058 11.991 37.124 11.541
87 2 1 38.002 11.979 37.068 11.529
88 2 1 37.934 11.993 37.000 11.543
89 2 1 37.891 11.981 36.956 11.531
90 2 1 37.823 11.995 36.888 11.544
91 2 1 37.779 11.996 36.845 11.545
92 2 1 37.724 11.996 36.789 11.546
93 2 1 37.693 11.997 36.758 11.547
94 2 1 37.649 11.998 36.715 11.547
95 2 1 37.606 11.998 36.672 11.548
96 2 1 37.563 11.999 36.628 11.549
97 2 1 37.520 12.012 36.585 11.562
98 2 1 37.476 12.025 36.542 11.575
99 2 1 37.433 12.014 36.498 11.563
100 2 1 37.377 12.027 36.442 11.577
101 2 1 37.334 12.015 36.399 11.565
102 2 1 37.266 12.029 36.331 11.578
103 2 1 37.222 12.030 36.287 11.579
104 2 1 37.154 12.018 36.219 11.568
105 2 1 37.111 12.031 36.176 11.581
106 2 1 37.055 12.032 36.120 11.582
107 2 1 37.012 12.033 36.077 11.583
108 2 1 36.956 12.034 36.021 11.583
109 2 1 36.913 12.035 35.977 11.584
110 2 1 36.857 12.036 35.922 11.585
111 2 1 36.826 12.036 35.891 11.586
112 2 1 36.782 12.037 35.847 11.586
113 2 1 36.751 12.037 35.816 11.587
114 2 1 36.708 12.038 35.773 11.587
115 2 1 36.677 12.051 35.742 11.600
116 2 1 36.622 12.064 35.686 11.614
117 2 1 36.591 12.065 35.655 11.614
118 2 1 36.547 12.078 35.612 11.627
119 2 1 36.516 12.091 35.581 11.640
120 2 1 36.461 12.092 35.525 11.641
121 2 1 36.417 12.093 35.482 11.642
122 2 1 36.374 12.093 35.438 11.643
123 2 1 36.331 12.106 35.395 11.656
124 2 1 36.275 12.120 35.339 11.669
125 2 1 36.231 12.121 35.296 11.670
126 2 1 36.176 12.121 35.240 11.671
127 2 1 36.132 12.122 35.196 11.671
128 2 1 36.089 12.123 35.153 11.672
129 2 1 36.058 12.123 35.122 11.673
130 2 1 36.014 12.124 35.078 11.673
131 2 1 35.983 12.125 35.047 11.674
132 2 1 35.940 12.125 35.004 11.675
133 2 1 35.909 12.126 34.973 11.675
134 2 1 35.853 12.127 34.917 11.676
135 2 1 35.822 12.127 34.886 11.676
136 2 1 35.766 12.128 34.830 11.677
137 2 1 35.723 12.117 34.786 11.666
138 2 1 35.667 12.117 34.730 11.667
139 2 1 35.623 12.118 34.687 11.667
140 2 1 35.567 12.119 34.631 11.668
141 2 1 35.524 12.120 34.588 11.669
142 2 1 35.468 12.121 34.532 11.670
143 2 1 35.425 12.121 34.488 11.671
144 2 1 35.356 12.110 34.420 11.659
145 2 1 35.357 12.160 34.513 11.620
146 2 1 35.394 12.110 34.463 11.659
147 2 1 35.344 12.110 34.413 11.659
148 2 1 35.294 12.111 34.364 11.660
149 2 1 35.244 12.112 34.314 11.661
150 2 1 35.195 12.113 34.264 11.662
151 2 1 35.145 12.114 34.215 11.663
152 2 1 35.083 12.115 34.152 11.664
153 2 1 35.021 12.116 34.090 11.665
154 2 1 34.971 12.117 34.041 11.665
155 2 1 34.909 12.118 33.978 11.666
156 2 1 34.859 12.118 33.929 11.667
157 2 1 34.797 12.119 33.867 11.668
158 2 1 34.735 12.120 33.804 11.669
159 2 1 34.673 12.134 33.742 11.683
160 2 1 34.611 12.147 33.680 11.696
161 2 1 34.537 12.149 33.606 11.697
162 2 1 34.474 12.150 33.543 11.698
163 2 1 34.412 12.151 33.481 11.699
164 2 1 34.338 12.152 33.407 11.701
165 2 1 34.263 12.153 33.332 11.702
166 2 1 34.189 12.154 33.257 11.703
167 2 1 34.114 12.156 33.183 11.704
168 2 1 34.039 12.157 33.108 11.705
169 2 1 33.965 12.158 33.033 11.707
170 2 1 33.890 12.172 32.959 11.720
171 2 1 33.816 12.185 32.884 11.734
172 2 1 33.741 12.174 32.809 11.723
173 2 1 33.654 12.176 32.722 11.724
174 2 1 33.554 12.165 32.622 11.713
176 2 1 33.548 12.159 32.616 11.707
177 2 1 33.436 12.161 32.504 11.709
178 2 1 33.337 12.175 32.404 11.723
179 2 1 33.249 12.176 32.317 11.725
180 2 1 32.802 12.277 31.756 11.734
181 2 1 32.758 12.228 31.825 11.776
182 2 1 32.671 12.229 31.738 11.778
183 2 1 32.584 12.218 31.651 11.767
184 2 1 32.484 12.208 31.551 11.756
185 2 1 32.371 12.185 31.438 11.733
186 2 1 32.259 12.174 31.326 11.722
187 2 1 32.159 12.176 31.226 11.724
188 2 1 32.047 12.165 31.114 11.713
189 2 1 31.947 12.142 31.014 11.690
190 2 1 31.835 12.119 30.901 11.667
191 2 1 31.735 12.120 30.802 11.668
192 2 1 31.623 12.110 30.689 11.658
193 2 1 31.511 12.112 30.577 11.660
194 2 1 31.223 12.091 30.214 11.591
196 2 1 31.192 12.067 30.258 11.615
197 2 1 31.079 12.031 30.145 11.579
198 2 1 30.954 11.984 30.020 11.531
199 2 1 30.842 11.961 29.907 11.508
200 2 1 30.741 11.925 29.807 11.473
201 2 1 30.654 11.914 29.720 11.461
202 2 1 30.579 11.927 29.645 11.475
204 2 1 30.573 11.921 29.638 11.469
205 2 1 30.523 11.935 29.589 11.482
206 2 1 30.461 11.948 29.526 11.496
207 2 1 30.361 11.912 29.426 11.460
208 2 1 30.298 11.888 29.363 11.436
209 2 1 30.235 11.865 29.301 11.412
210 2 1 30.172 11.828 29.238 11.376
211 2 1 30.135 11.816 29.200 11.364
213 2 1 29.772 11.797 28.799 11.283
214 2 1 29.760 11.766 28.825 11.314
215 2 1 29.710 11.755 28.775 11.302
216 2 1 29.672 11.755 28.737 11.303
217 2 1 29.647 11.768 28.712 11.316
218 2 1 29.622 11.769 28.687 11.316
219 2 1 29.585 11.769 28.650 11.317
220 2 1 29.234 11.688 28.305 11.222
221 2 1 29.240 11.681 28.311 11.228
222 2 1 29.196 11.682 28.267 11.229
223 2 1 29.128 11.671 28.198 11.218
224 2 1 29.046 11.659 28.117 11.207
225 2 1 28.952 11.649 28.023 11.196
226 2 1 28.883 11.637 27.954 11.184
227 2 1 28.802 11.626 27.873 11.173
228 2 1 28.746 11.614 27.816 11.162
229 2 1 28.677 11.603 27.747 11.150
230 2 1 28.620 11.592 27.691 11.139
231 2 1 28.552 11.593 27.622 11.140
232 2 1 28.483 11.594 27.553 11.141
233 2 1 28.414 11.582 27.484 11.129
234 2 1 28.345 11.571 27.415 11.118
235 2 1 28.276 11.560 27.346 11.107
236 2 1 28.220 11.548 27.290 11.095
237 2 1 28.151 11.537 27.221 11.084
238 2 1 28.082 11.525 27.152 11.072
239 2 1 28.000 11.514 27.070 11.061
240 2 1 27.931 11.503 27.001 11.050
241 2 1 27.850 11.492 26.920 11.039
242 2 1 27.793 11.480 26.863 11.027
243 2 1 27.737 11.469 26.807 11.015
244 2 1 27.681 11.457 26.750 11.004
245 2 1 27.612 11.446 26.681 10.992
246 2 1 27.568 11.434 26.637 10.981
247 2 1 27.511 11.435 26.581 10.981
248 2 1 27.455 11.436 26.524 10.982
249 2 1 27.399 11.437 26.468 10.983
250 2 1 27.342 11.425 26.411 10.972
251 2 1 27.286 11.426 26.355 10.973
252 2 1 27.229 11.414 26.299 10.961
253 2 1 27.160 11.415 26.230 10.962
254 2 1 27.091 11.404 26.160 10.951
255 2 1 27.023 11.405 26.092 10.952
256 2 1 26.953 11.394 26.022 10.940
257 2 1 26.872 11.383 25.941 10.929
258 2 1 26.803 11.384 25.872 10.930
259 2 1 26.747 11.372 25.815 10.919
260 2 1 26.703 11.373 25.771 10.919
261 2 1 26.659 11.374 25.727 10.920
262 2 1 26.602 11.374 25.671 10.921
263 2 1 26.546 11.375 25.615 10.922
264 2 1 26.502 11.376 25.571 10.923
265 2 1 26.446 11.377 25.514 10.923
266 2 1 26.402 11.378 25.470 10.924
267 2 1 26.345 11.379 25.414 10.925
268 2 1 26.289 11.367 25.357 10.913
269 2 1 26.232 11.368 25.301 10.914
270 2 1 26.188 11.369 25.257 10.915
271 2 1 26.119 11.357 25.188 10.904
272 2 1 26.063 11.358 25.131 10.904
273 2 1 25.994 11.347 25.062 10.893
274 2 1 25.937 11.335 25.005 10.881
275 2 1 25.868 11.324 24.936 10.870
276 2 1 25.812 11.325 24.880 10.871
277 2 1 25.743 11.326 24.811 10.872
278 2 1 25.699 11.314 24.767 10.860
279 2 1 25.630 11.315 24.698 10.861
280 2 1 25.586 11.303 24.653 10.850
281 2 1 25.529 11.304 24.597 10.850
282 2 1 25.485 11.292 24.553 10.839
283 2 1 25.429 11.281 24.496 10.827
284 2 1 25.385 11.269 24.452 10.815
285 2 1 25.328 11.270 24.396 10.816
286 2 1 25.284 11.271 24.352 10.817
287 2 1 25.228 11.259 24.295 10.805
288 2 1 25.171 11.260 24.239 10.806
289 2 1 25.102 11.261 24.169 10.807
290 2 1 25.045 11.262 24.113 10.808
291 2 1 24.976 11.263 24.044 10.809
292 2 1 24.907 11.264 23.975 10.810
293 2 1 24.838 11.253 23.905 10.799
294 2 1 24.782 11.254 23.849 10.800
295 2 1 24.725 11.242 23.792 10.788
296 2 1 24.681 11.230 23.748 10.776
297 2 1 24.624 11.231 23.691 10.777
298 2 1 24.568 11.220 23.635 10.766
299 2 1 24.511 11.220 23.578 10.766
300 2 1 24.467 11.209 23.534 10.755
301 2 1 24.423 11.209 23.490 10.755
302 2 1 24.379 11.198 23.446 10.743
303 2 1 24.335 11.186 23.402 10.732
304 2 1 24.291 11.174 23.358 10.720
305 2 1 24.234 11.175 23.301 10.721
306 2 1 24.372 11.091 23.301 10.633
307 2 1 24.347 11.067 23.238 10.609
308 2 1 24.341 11.054 23.256 10.603
309 2 1 24.278 11.055 23.131 10.592
310 2 1 24.227 11.037 23.061 10.599
311 2 1 24.114 11.046 23.181 10.598
312 2 1 24.058 11.040 23.124 10.592
313 2 1 24.014 11.022 23.080 10.574
314 2 1 23.957 11.017 23.024 10.569
315 2 1 23.913 10.999 22.979 10.551
316 2 1 23.869 10.981 22.935 10.533
317 2 1 23.837 10.975 22.904 10.527
318 2 1 23.793 10.982 22.860 10.534
319 2 1 23.737 10.964 22.803 10.516
320 2 1 23.692 10.946 22.759 10.498
321 2 1 23.648 10.928 22.715 10.480
322 2 1 23.592 10.923 22.658 10.474
323 2 1 23.485 10.962 22.287 10.543
324 2 1 23.366 10.970 22.432 10.528
325 2 1 23.309 10.971 22.375 10.529
326 2 1 23.252 10.972 22.318 10.530
327 2 1 23.183 10.960 22.249 10.518
328 2 1 23.114 10.961 22.180 10.519
329 2 1 23.057 10.962 22.123 10.520
330 2 1 23.001 10.963 22.066 10.521
331 2 1 22.944 10.964 22.010 10.522
332 2 1 22.887 10.965 21.953 10.523
333 2 1 22.856 10.953 21.921 10.511
334 2 1 22.799 10.954 21.865 10.512
335 2 1 22.755 10.967 21.821 10.525
336 2 1 22.698 10.968 21.764 10.526
337 2 1 22.667 10.981 21.732 10.539
338 2 1 22.610 10.944 21.468 10.537
339 2 1 22.572 10.945 21.367 10.519
340 2 1 22.566 10.945 21.316 10.527
341 2 1 22.566 10.945 21.310 10.508
342 2 1 22.402 10.935 21.468 10.512
343 2 1 22.358 10.929 21.423 10.506
344 2 1 22.314 10.924 21.379 10.501
345 2 1 22.245 10.919 21.310 10.495
346 2 1 22.188 10.913 21.253 10.490
347 2 1 22.119 10.908 21.184 10.485
348 2 1 22.062 10.903 21.127 10.479
349 2 1 22.005 10.897 21.070 10.474
350 2 1 21.961 10.892 21.026 10.468
351 2 1 21.904 10.887 20.969 10.463
352 2 1 21.860 10.868 20.925 10.445
353 2 1 21.816 10.863 20.881 10.439
354 2 1 21.772 10.857 20.837 10.434
355 2 1 21.715 10.852 20.780 10.428
356 2 1 21.671 10.834 20.736 10.410
357 2 1 21.702 10.796 20.433 10.377
358 2 1 21.696 10.783 20.363 10.379
359 2 1 21.501 10.793 20.565 10.375
360 2 1 21.456 10.793 20.521 10.376
361 2 1 21.400 10.794 20.464 10.377
362 2 1 21.356 10.795 20.420 10.378
0 3 1 42.660 13.098 41.313 12.346
1 3 1 42.698 13.122 41.288 12.334
2 3 1 42.667 13.116 41.257 12.328
3 3 1 42.623 13.099 41.213 12.311
4 3 1 42.580 13.093 41.170 12.305
5 3 1 42.537 13.075 41.127 12.287
6 3 1 42.395 13.034 41.127 12.331
7 3 1 42.346 13.054 41.170 12.305
8 3 1 42.382 13.047 41.133 12.312
9 3 1 42.345 13.041 41.096 12.306
10 3 1 42.321 13.023 41.071 12.288
11 3 1 42.284 13.030 41.034 12.295
12 3 1 42.061 12.941 41.120 12.263
13 3 1 42.172 12.964 41.009 12.246
14 3 1 42.135 12.964 40.972 12.246
15 3 1 42.086 12.965 40.923 12.247
16 3 1 42.048 12.954 40.885 12.236
17 3 1 42.011 12.942 40.848 12.224
18 3 1 41.950 12.955 40.787 12.237
19 3 1 41.925 12.943 40.762 12.225
20 3 1 41.876 12.956 40.713 12.238
21 3 1 41.839 12.957 40.676 12.239
22 3 1 41.777 12.958 40.614 12.240
23 3 1 41.740 12.959 40.577 12.241
24 3 1 41.691 12.960 40.528 12.241
25 3 1 41.642 12.960 40.478 12.242
26 3 1 41.604 12.955 40.448 12.261
27 3 1 41.605 12.961 40.447 12.249
28 3 1 41.574 12.955 40.416 12.243
29 3 1 41.530 12.950 40.373 12.238
30 3 1 41.500 12.957 40.342 12.245
31 3 1 41.456 12.951 40.299 12.239
32 3 1 41.413 12.946 40.256 12.234
33 3 1 41.357 12.941 40.200 12.228
34 3 1 41.327 12.935 40.169 12.223
35 3 1 41.271 12.930 40.114 12.217
36 3 1 41.240 12.924 40.083 12.212
37 3 1 41.067 12.871 40.053 12.305
38 3 1 40.992 12.860 39.942 12.307
39 3 1 40.992 12.854 39.935 12.301
40 3 1 41.018 12.903 39.904 12.246
41 3 1 40.968 12.891 39.854 12.234
42 3 1 40.919 12.905 39.805 12.247
43 3 1 40.869 12.881 39.755 12.223
44 3 1 40.832 12.881 39.718 12.224
45 3 1 40.771 12.957 39.631 12.182
46 3 1 40.758 12.901 39.644 12.238
47 3 1 40.771 12.944 39.545 12.190
48 3 1 40.715 12.902 39.595 12.232
49 3 1 40.672 12.903 39.552 12.233
50 3 1 40.512 12.943 39.316 12.193
51 3 1 40.480 12.900 39.360 12.230
52 3 1 40.437 12.900 39.317 12.231
53 3 1 40.394 12.901 39.273 12.231
54 3 1 40.338 12.902 39.218 12.232
55 3 1 40.295 12.903 39.174 12.233
56 3 1 40.240 12.916 39.119 12.246
57 3 1 40.184 12.917 39.063 12.247
58 3 1 40.129 12.918 39.008 12.248
59 3 1 40.085 12.919 38.964 12.249
60 3 1 40.042 12.920 38.921 12.250
61 3 1 39.999 12.920 38.878 12.250
62 3 1 39.987 12.952 38.914 12.182
63 3 1 39.913 12.959 38.908 12.169
64 3 1 39.814 12.979 38.802 12.121
65 3 1 39.845 12.985 38.747 12.153
66 3 1 39.808 12.948 38.555 12.113
67 3 1 39.739 12.881 38.636 12.180
68 3 1 39.689 12.882 38.586 12.181
69 3 1 39.640 12.871 38.537 12.169
70 3 1 39.590 12.853 38.487 12.151
71 3 1 39.522 12.848 38.419 12.146
72 3 1 39.479 12.830 38.375 12.128
73 3 1 39.417 12.837 38.313 12.136
74 3 1 39.324 12.820 38.220 12.119
75 3 1 39.305 12.827 38.202 12.125
76 3 1 39.256 12.821 38.152 12.120
77 3 1 39.188 12.829 38.047 12.078
78 3 1 39.106 12.731 38.103 12.114
79 3 1 39.051 12.725 38.084 12.121
80 3 1 39.008 12.745 38.060 12.121
81 3 1 38.939 12.740 38.004 12.097
82 3 1 39.014 12.757 37.935 12.080
83 3 1 38.971 12.758 37.892 12.081
84 3 1 38.940 12.771 37.861 12.094
85 3 1 38.878 12.766 37.799 12.088
86 3 1 38.853 12.785 37.775 12.107
87 3 1 38.804 12.792 37.725 12.114
88 3 1 38.755 12.799 37.676 12.121
89 3 1 38.705 12.806 37.626 12.128
90 3 1 38.656 12.825 37.577 12.148
91 3 1 38.619 12.832 37.540 12.155
92 3 1 38.416 12.972 37.435 12.175
93 3 1 38.465 12.909 37.392 12.232
94 3 1 38.342 12.930 37.473 12.237
95 3 1 38.304 12.937 37.466 12.243
96 3 1 38.237 12.950 37.442 12.243
97 3 1 38.360 12.930 37.324 12.251
98 3 1 38.317 12.937 37.281 12.258
99 3 1 38.286 12.943 37.250 12.265
100 3 1 38.020 12.936 37.095 12.299
101 3 1 38.082 12.953 37.052 12.281
102 3 1 38.032 12.954 37.002 12.282
103 3 1 37.859 12.932 37.034 12.318
104 3 1 37.871 12.944 36.947 12.295
105 3 1 37.915 12.950 36.903 12.290
106 3 1 37.871 12.950 36.860 12.290
107 3 1 37.828 12.951 36.816 12.291
108 3 1 37.772 12.952 36.761 12.292
109 3 1 37.729 12.953 36.717 12.293
110 3 1 37.568 12.980 36.717 12.318
111 3 1 37.525 12.981 36.699 12.305
112 3 1 37.549 12.975 36.693 12.324
113 3 1 37.407 12.996 36.625 12.338
114 3 1 37.512 12.988 36.525 12.333
115 3 1 37.469 12.995 36.482 12.340
116 3 1 37.426 12.989 36.439 12.335
117 3 1 37.382 13.009 36.395 12.354
118 3 1 37.327 13.003 36.339 12.349
119 3 1 37.283 13.023 36.296 12.368
120 3 1 37.228 13.030 36.240 12.375
121 3 1 37.184 13.037 36.197 12.382
122 3 1 37.129 13.044 36.141 12.389
123 3 1 37.085 13.063 36.098 12.409
124 3 1 37.030 13.058 36.042 12.403
125 3 1 36.986 13.065 35.999 12.410
126 3 1 36.943 13.072 35.956 12.417
127 3 1 36.900 13.079 35.912 12.424
128 3 1 36.856 13.073 35.869 12.419
129 3 1 36.813 13.068 35.825 12.413
130 3 1 36.769 13.063 35.782 12.408
131 3 1 36.738 13.069 35.751 12.414
132 3 1 36.682 13.064 35.695 12.409
133 3 1 36.639 13.071 35.651 12.416
134 3 1 36.583 13.066 35.595 12.411
135 3 1 36.540 13.060 35.552 12.405
136 3 1 36.484 13.055 35.496 12.400
137 3 1 36.428 13.062 35.440 12.407
138 3 1 36.372 13.057 35.384 12.402
139 3 1 36.316 13.064 35.328 12.409
140 3 1 36.260 13.059 35.272 12.404
141 3 1 36.217 13.066 35.229 12.411
142 3 1 36.161 13.061 35.173 12.406
143 3 1 36.118 13.080 35.130 12.425
144 3 1 36.074 13.074 35.086 12.419
145 3 1 36.031 13.094 35.043 12.439
146 3 1 35.975 13.101 34.987 12.446
147 3 1 35.932 13.108 34.944 12.453
148 3 1 35.876 13.115 34.888 12.460
149 3 1 35.821 13.135 34.832 12.480
150 3 1 35.765 13.130 34.776 12.474
151 3 1 35.709 13.149 34.720 12.494
152 3 1 35.641 13.157 34.652 12.501
153 3 1 35.597 13.164 34.609 12.508
154 3 1 35.636 13.256 34.553 12.503
155 3 1 35.630 13.275 34.509 12.491
156 3 1 35.561 13.208 34.572 12.552
157 3 1 35.492 13.215 34.504 12.560
158 3 1 35.424 13.222 34.435 12.567
159 3 1 35.356 13.230 34.367 12.575
160 3 1 35.287 13.225 34.299 12.569
161 3 1 35.207 13.232 34.218 12.577
162 3 1 35.126 13.228 34.137 12.572
163 3 1 35.045 13.223 34.056 12.567
164 3 1 34.964 13.218 33.975 12.562
165 3 1 34.883 13.213 33.894 12.558
166 3 1 34.803 13.208 33.813 12.553
167 3 1 34.709 13.204 33.720 12.548
168 3 1 34.628 13.186 33.639 12.531
169 3 1 34.547 13.182 33.558 12.526
170 3 1 34.466 13.177 33.477 12.521
171 3 1 34.386 13.184 33.396 12.529
172 3 1 34.305 13.179 33.315 12.524
173 3 1 34.212 13.187 33.222 12.532
174 3 1 34.118 13.170 33.128 12.514
175 3 1 34.012 13.166 33.022 12.510
176 3 1 33.894 13.149 32.904 12.493
177 3 1 33.776 13.145 32.785 12.489
178 3 1 33.670 13.141 32.680 12.485
179 3 1 33.539 13.124 32.549 12.468
180 3 1 33.408 13.108 32.418 12.452
181 3 1 33.290 13.091 32.299 12.435
182 3 1 33.158 13.062 32.168 12.406
183 3 1 33.040 13.058 32.049 12.402
184 3 1 32.909 13.041 31.918 12.385
185 3 1 32.766 13.038 31.775 12.381
186 3 1 32.635 13.021 31.644 12.365
187 3 1 32.491 13.005 31.500 12.349
188 3 1 32.373 12.976 31.381 12.319
189 3 1 32.229 12.960 31.238 12.303
190 3 1 31.930 12.977 31.008 11.721
191 3 1 32.117 12.924 31.125 12.268
192 3 1 32.011 12.932 31.019 12.276
193 3 1 31.867 12.928 30.876 12.272
194 3 1 31.736 12.912 30.744 12.255
195 3 1 31.380 12.899 30.301 12.206
196 3 1 31.343 12.881 30.351 12.224
197 3 1 31.224 12.877 30.232 12.220
198 3 1 31.081 12.861 30.088 12.204
199 3 1 30.924 12.845 29.932 12.188
200 3 1 30.768 12.828 29.776 12.171
201 3 1 30.637 12.812 29.644 12.155
202 3 1 30.506 12.795 29.513 12.138
203 3 1 30.374 12.767 29.381 12.109
204 3 1 30.243 12.725 29.250 12.068
205 3 1 30.124 12.696 29.131 12.039
206 3 1 30.005 12.679 29.012 12.022
207 3 1 29.873 12.650 28.880 11.993
208 3 1 29.742 12.621 28.748 11.964
209 3 1 29.272 12.517 28.716 11.871
210 3 1 29.241 12.555 28.623 11.854
211 3 1 29.422 12.527 28.454 11.875
212 3 1 29.341 12.528 28.372 11.876
213 3 1 29.247 12.517 28.278 11.865
214 3 1 29.153 12.494 28.184 11.842
215 3 1 29.059 12.483 28.090 11.831
216 3 1 28.953 12.460 27.984 11.808
217 3 1 28.859 12.436 27.890 11.784
218 3 1 28.752 12.426 27.783 11.774
219 3 1 28.658 12.402 27.689 11.750
220 3 1 28.552 12.391 27.583 11.739
221 3 1 28.458 12.381 27.488 11.728
222 3 1 28.364 12.357 27.394 11.705
223 3 1 28.282 12.346 27.313 11.694
224 3 1 28.188 12.335 27.219 11.683
225 3 1 28.107 12.311 27.137 11.659
226 3 1 28.025 12.300 27.056 11.648
227 3 1 27.956 12.289 26.987 11.637
228 3 1 27.875 12.278 26.905 11.626
229 3 1 27.806 12.266 26.836 11.614
230 3 1 27.724 12.255 26.754 11.603
231 3 1 27.637 12.301 26.661 11.686
232 3 1 27.624 12.226 26.567 11.681
233 3 1 27.580 12.276 26.610 11.637
234 3 1 27.524 12.252 26.554 11.613
235 3 1 27.455 12.229 26.485 11.589
236 3 1 27.386 12.217 26.416 11.577
237 3 1 27.317 12.206 26.347 11.566
238 3 1 27.248 12.207 26.278 11.567
239 3 1 27.191 12.195 26.221 11.555
240 3 1 27.122 12.197 26.152 11.557
241 3 1 27.066 12.198 26.096 11.557
242 3 1 26.997 12.224 26.027 11.584
243 3 1 26.941 12.237 25.970 11.597
244 3 1 26.872 12.251 25.901 11.611
245 3 1 26.828 12.251 25.858 11.611
246 3 1 26.772 12.252 25.801 11.612
247 3 1 26.728 12.253 25.757 11.613
248 3 1 26.671 12.254 25.701 11.614
249 3 1 26.615 12.242 25.644 11.602
250 3 1 26.546 12.244 25.575 11.603
251 3 1 26.489 12.232 25.519 11.592
252 3 1 26.420 12.208 25.449 11.568
253 3 1 26.376 12.196 25.405 11.556
254 3 1 26.319 12.185 25.349 11.545
255 3 1 26.276 12.173 25.305 11.533
256 3 1 26.232 12.161 25.261 11.521
257 3 1 26.187 12.137 25.217 11.497
258 3 1 26.143 12.113 25.172 11.472
259 3 1 26.099 12.101 25.128 11.461
260 3 1 26.055 12.077 25.084 11.436
261 3 1 26.011 12.065 25.040 11.425
262 3 1 25.955 12.053 24.984 11.413
263 3 1 25.911 12.042 24.940 11.401
264 3 1 25.854 12.043 24.883 11.402
265 3 1 25.810 12.031 24.839 11.390
266 3 1 25.754 12.032 24.783 11.391
267 3 1 25.710 12.032 24.739 11.392
268 3 1 25.653 12.046 24.682 11.405
269 3 1 25.609 12.047 24.638 11.406
270 3 1 25.553 12.048 24.582 11.407
271 3 1 25.509 12.061 24.538 11.420
272 3 1 25.465 12.061 24.494 11.421
273 3 1 25.421 12.075 24.450 11.434
274 3 1 25.365 12.088 24.393 11.447
275 3 1 25.333 12.089 24.362 11.448
276 3 1 25.277 12.090 24.305 11.449
277 3 1 25.245 12.090 24.274 11.449
278 3 1 25.189 12.091 24.217 11.450
279 3 1 25.145 12.079 24.173 11.438
280 3 1 25.088 12.080 24.117 11.439
281 3 1 25.044 12.081 24.073 11.440
282 3 1 24.988 12.069 24.016 11.428
283 3 1 24.931 12.070 23.959 11.429
284 3 1 24.875 12.059 23.903 11.418
285 3 1 24.831 12.047 23.859 11.406
286 3 1 24.774 12.035 23.802 11.394
287 3 1 24.730 12.024 23.758 11.383
288 3 1 24.686 12.012 23.714 11.371
289 3 1 24.642 11.987 23.670 11.346
290 3 1 24.598 11.976 23.626 11.335
291 3 1 24.554 11.964 23.581 11.323
292 3 1 24.497 11.965 23.525 11.324
293 3 1 24.453 11.966 23.481 11.325
294 3 1 24.409 11.954 23.437 11.313
295 3 1 24.365 11.954 23.393 11.313
296 3 1 24.308 11.943 23.336 11.302
297 3 1 24.252 11.944 23.279 11.303
298 3 1 24.195 11.945 23.223 11.304
299 3 1 24.139 11.946 23.166 11.305
300 3 1 24.082 11.934 23.109 11.293
301 3 1 24.038 11.935 23.065 11.294
302 3 1 23.981 11.936 23.009 11.295
303 3 1 23.937 11.936 22.965 11.295
304 3 1 23.893 11.937 22.921 11.296
305 3 1 23.849 11.938 22.876 11.297
306 3 1 23.805 11.951 22.832 11.310
307 3 1 23.761 11.952 22.788 11.311
308 3 1 23.717 11.953 22.744 11.311
309 3 1 23.673 11.953 22.700 11.312
310 3 1 23.629 11.954 22.656 11.313
311 3 1 23.585 11.955 22.612 11.313
312 3 1 23.528 11.956 22.555 11.314
313 3 1 23.484 11.944 22.511 11.302
314 3 1 23.428 11.945 22.455 11.303
315 3 1 23.371 11.946 22.398 11.304
316 3 1 23.314 11.934 22.341 11.293
317 3 1 23.270 11.922 22.297 11.281
318 3 1 23.214 11.923 22.240 11.282
319 3 1 23.169 11.911 22.196 11.270
320 3 1 23.125 11.900 22.152 11.258
321 3 1 23.081 11.900 22.108 11.259
322 3 1 23.024 11.889 22.051 11.247
323 3 1 22.980 11.877 22.007 11.235
324 3 1 22.936 11.878 21.963 11.236
325 3 1 22.892 11.878 21.919 11.237
326 3 1 22.836 11.879 21.862 11.238
327 3 1 22.791 11.880 21.818 11.238
328 3 1 22.735 11.881 21.761 11.239
329 3 1 22.691 11.882 21.717 11.240
330 3 1 22.634 11.883 21.660 11.241
331 3 1 22.577 11.884 21.604 11.242
332 3 1 22.508 11.885 21.534 11.243
333 3 1 22.464 11.898 21.490 11.256
334 3 1 22.407 11.899 21.433 11.257
335 3 1 22.363 11.900 21.389 11.258
336 3 1 22.307 11.900 21.333 11.259
337 3 1 22.275 11.901 21.301 11.259
338 3 1 22.218 11.902 21.244 11.260
339 3 1 22.199 11.908 20.973 11.183
340 3 1 22.079 11.867 21.105 11.225
341 3 1 22.035 11.867 21.061 11.225
342 3 1 21.991 11.868 21.017 11.226
343 3 1 21.947 11.869 20.973 11.227
344 3 1 21.890 11.870 20.916 11.228
345 3 1 21.846 11.858 20.872 11.216
346 3 1 21.789 11.859 20.815 11.217
347 3 1 21.745 11.860 20.771 11.218
348 3 1 21.689 11.860 20.714 11.218
349 3 1 21.644 11.849 20.670 11.207
350 3 1 21.588 11.837 20.613 11.195
351 3 1 21.543 11.825 20.569 11.183
352 3 1 21.499 11.813 20.525 11.171
353 3 1 21.455 11.802 20.480 11.160
354 3 1 21.398 11.803 20.424 11.160
355 3 1 21.354 11.791 20.379 11.149
356 3 1 21.310 11.779 20.335 11.137
357 3 1 21.278 11.767 20.303 11.125
358 3 1 21.221 11.768 20.247 11.126
359 3 1 21.190 11.768 20.215 11.126
360 3 1 21.146 11.769 20.171 11.127
361 3 1 21.102 11.770 20.127 11.128
362 3 1 21.045 11.758 20.070 11.116
134 4 2 42.707 12.044 40.306 10.851
135 4 2 42.769 12.074 40.250 10.827
136 4 2 42.690 12.082 40.170 10.834
137 4 2 42.634 12.101 40.115 10.854
138 4 2 42.554 12.109 40.035 10.861
139 4 2 42.226 11.990 40.352 11.538
140 4 2 42.178 12.059 40.271 11.502
141 4 2 42.048 12.012 40.235 11.558
142 4 2 42.073 12.055 40.068 11.511
143 4 2 41.956 12.026 40.000 11.543
144 4 2 41.833 12.034 39.982 11.550
145 4 2 41.766 12.109 39.925 11.507
146 4 2 41.667 12.092 39.858 11.515
147 4 2 41.636 12.105 39.605 11.531
148 4 2 41.519 12.076 39.623 11.543
149 4 2 41.421 12.115 39.555 11.538
150 4 2 41.340 12.104 39.487 11.546
151 4 2 41.205 12.131 39.450 11.559
152 4 2 41.113 12.182 39.382 11.541
153 4 2 41.095 12.195 39.061 11.584
154 4 2 40.965 12.185 39.018 11.578
155 4 2 40.885 12.186 39.006 11.584
156 4 2 40.811 12.212 38.932 11.598
157 4 2 40.676 12.233 38.901 11.617
158 4 2 40.688 12.276 38.666 11.652
159 4 2 40.540 12.260 38.642 11.652
160 4 2 40.447 12.249 38.605 11.653
161 4 2 40.349 12.282 38.469 11.661
162 4 2 40.256 12.271 38.481 11.667
163 4 2 40.232 12.290 38.358 11.688
164 4 2 40.257 12.327 38.104 11.711
165 4 2 40.090 12.305 38.104 11.723
166 4 2 39.904 12.277 38.061 11.724
167 4 2 39.812 12.315 37.999 11.725
168 4 2 39.775 12.310 37.881 11.721
169 4 2 39.645 12.312 37.758 11.785
170 4 2 39.503 12.339 37.696 11.749
171 4 2 39.460 12.365 37.603 11.756
172 4 2 39.343 12.379 37.510 11.733
173 4 2 39.355 12.323 37.505 11.789
174 4 2 39.040 12.372 37.269 11.756
175 4 2 39.009 12.354 37.151 11.745
176 4 2 38.935 12.392 37.070 11.753
177 4 2 38.824 12.400 37.009 11.754
178 4 2 38.749 12.377 36.804 11.782
179 4 2 38.651 12.416 36.693 11.765
180 4 2 38.564 12.392 36.662 11.766
181 4 2 38.477 12.381 36.711 11.777
182 4 2 38.385 12.432 36.538 11.761
183 4 2 38.193 12.405 36.395 11.789
184 4 2 38.131 12.393 36.271 11.778
185 4 2 38.081 12.375 36.135 11.787
186 4 2 38.025 12.345 36.197 11.810
187 4 2 37.784 12.399 35.911 11.790
188 4 2 37.629 12.383 35.818 11.779
189 4 2 37.543 12.403 35.700 11.775
190 4 2 37.660 12.389 35.838 11.854
191 4 2 37.424 12.355 35.601 11.820
192 4 2 37.300 12.357 35.477 11.822
193 4 2 37.226 12.334 35.403 11.799
194 4 2 37.077 12.349 35.254 11.813
195 4 2 36.799 12.391 34.949 11.812
196 4 2 36.699 12.368 34.875 11.795
197 4 2 36.644 12.381 34.812 11.783
198 4 2 36.643 12.350 34.819 11.814
199 4 2 36.377 12.398 34.402 11.778
200 4 2 36.321 12.355 34.496 11.820
201 4 2 36.097 12.340 34.353 11.772
202 4 2 36.042 12.354 34.302 11.730
203 4 2 35.855 12.319 34.078 11.708
204 4 2 35.768 12.296 34.022 11.697
205 4 2 35.613 12.317 33.910 11.699
206 4 2 35.607 12.286 33.730 11.683
207 4 2 35.482 12.282 33.668 11.696
208 4 2 35.290 12.298 33.550 11.698
209 4 2 35.210 12.355 33.438 11.688
210 4 2 35.160 12.319 33.133 11.711
211 4 2 34.973 12.322 33.102 11.706
212 4 2 34.880 12.342 33.071 11.731
213 4 2 34.825 12.362 32.952 11.720
214 4 2 34.775 12.313 32.990 11.776
215 4 2 34.563 12.341 32.698 11.762
216 4 2 34.526 12.317 32.741 11.780
217 4 2 34.420 12.319 32.635 11.782
218 4 2 34.277 12.333 32.492 11.796
219 4 2 34.159 12.348 32.374 11.811
220 4 2 34.041 12.350 32.256 11.813
221 4 2 33.911 12.364 32.125 11.827
222 4 2 33.663 12.505 31.701 11.853
223 4 2 33.483 12.508 31.602 11.873
224 4 2 33.445 12.453 31.658 11.916
225 4 2 33.315 12.518 31.384 11.908
226 4 2 33.228 12.538 31.396 11.914
227 4 2 33.104 12.558 31.297 11.947
228 4 2 33.097 12.515 31.310 11.978
229 4 2 32.985 12.529 31.198 11.992
230 4 2 32.861 12.544 31.073 12.007
231 4 2 32.743 12.571 30.955 12.034
232 4 2 32.618 12.585 30.830 12.048
233 4 2 32.315 12.759 30.456 12.092
234 4 2 32.289 12.684 30.500 12.147
235 4 2 32.189 12.698 30.400 12.161
236 4 2 32.065 12.713 30.275 12.176
237 4 2 31.921 12.715 30.132 12.178
238 4 2 31.797 12.730 30.007 12.193
239 4 2 31.685 12.757 29.895 12.219
240 4 2 31.554 12.784 29.764 12.246
241 4 2 31.442 12.798 29.651 12.261
242 4 2 31.236 12.802 29.438 12.208
243 4 2 31.161 12.822 29.307 12.179
244 4 2 30.943 12.819 29.163 12.200
245 4 2 30.812 12.815 29.051 12.196
246 4 2 30.718 12.829 28.950 12.185
247 4 2 30.656 12.824 28.875 12.193
248 4 2 30.487 12.821 28.706 12.189
249 4 2 30.381 12.835 28.581 12.160
250 4 2 30.318 12.824 28.500 12.174
251 4 2 30.299 12.768 28.525 12.230
252 4 2 30.199 12.769 28.425 12.231
253 4 2 29.887 12.769 28.130 12.142
254 4 2 29.905 12.725 28.137 12.186
255 4 2 29.799 12.726 28.031 12.188
256 4 2 29.662 12.766 27.855 12.172
257 4 2 29.500 12.819 27.704 12.131
258 4 2 29.375 12.827 27.529 12.140
259 4 2 29.293 12.797 27.410 12.123
260 4 2 29.155 12.793 27.278 12.094
261 4 2 29.086 12.751 27.153 12.121
262 4 2 29.005 12.796 27.090 12.091
263 4 2 28.736 12.757 26.933 12.081
264 4 2 28.636 12.808 26.846 12.089
265 4 2 28.561 12.803 26.745 12.103
266 4 2 28.430 12.806 26.582 12.118
267 4 2 28.248 12.815 26.501 12.113
268 4 2 28.217 12.847 26.394 12.102
269 4 2 28.116 12.786 26.319 12.072
270 4 2 27.978 12.751 26.131 12.101
271 4 2 27.834 12.753 26.068 12.089
272 4 2 27.741 12.774 25.898 12.092
273 4 2 27.596 12.763 25.879 12.067
274 4 2 27.402 12.729 25.698 12.083
275 4 2 27.345 12.730 25.578 12.091
276 4 2 27.214 12.720 25.440 12.106
277 4 2 27.145 12.709 25.384 12.094
278 4 2 27.001 12.717 25.227 12.090
279 4 2 26.994 12.674 25.239 12.134
280 4 2 26.869 12.676 25.114 12.136
281 4 2 26.756 12.678 25.001 12.138
282 4 2 26.450 12.845 24.699 12.118
283 4 2 26.461 12.745 24.706 12.205
284 4 2 26.348 12.747 24.593 12.207
285 4 2 26.210 12.749 24.454 12.209
286 4 2 26.097 12.751 24.341 12.211
287 4 2 25.972 12.753 24.216 12.213
288 4 2 25.846 12.768 24.090 12.228
289 4 2 25.721 12.758 23.964 12.218
290 4 2 25.595 12.772 23.838 12.232
291 4 2 25.470 12.762 23.712 12.222
292 4 2 25.357 12.776 23.599 12.236
293 4 2 25.244 12.766 23.486 12.225
294 4 2 25.105 12.780 23.348 12.240
295 4 2 24.992 12.770 23.234 12.230
296 4 2 24.854 12.772 23.096 12.232
297 4 2 24.741 12.774 22.982 12.234
298 4 2 24.615 12.764 22.856 12.223
299 4 2 24.489 12.753 22.730 12.213
300 4 2 24.363 12.755 22.604 12.215
301 4 2 24.276 12.819 22.566 12.090
302 4 2 24.169 12.815 22.452 12.073
303 4 2 24.193 12.714 22.447 12.174
304 4 2 24.080 12.704 22.333 12.163
305 4 2 23.967 12.693 22.220 12.152
306 4 2 23.841 12.670 22.093 12.129
307 4 2 23.715 12.660 21.967 12.119
308 4 2 23.400 12.690 21.708 11.917
309 4 2 23.280 12.630 21.537 11.888
310 4 2 23.286 12.529 21.544 11.988
311 4 2 23.166 12.519 21.424 11.978
312 4 2 22.952 12.485 21.234 11.849
313 4 2 22.965 12.441 21.228 11.899
314 4 2 22.851 12.418 21.115 11.876
315 4 2 22.738 12.394 21.001 11.853
316 4 2 22.611 12.371 20.875 11.830
317 4 2 22.485 12.348 20.748 11.807
318 4 2 22.372 12.325 20.635 11.784
319 4 2 22.271 12.302 20.534 11.760
320 4 2 22.145 12.266 20.407 11.725
321 4 2 22.031 12.243 20.293 11.701
322 4 2 21.892 12.220 20.154 11.679
323 4 2 21.791 12.197 20.053 11.655
324 4 2 21.677 12.161 19.939 11.619
325 4 2 21.407 12.235 19.667 11.455
326 4 2 21.299 12.186 19.585 11.443
327 4 2 21.167 12.182 19.420 11.390
328 4 2 21.084 12.152 19.363 11.340
329 4 2 20.952 12.129 19.205 11.293
330 4 2 20.945 11.985 19.218 11.443
331 4 2 20.831 11.962 19.104 11.420
332 4 2 20.717 11.939 18.990 11.396
333 4 2 20.635 11.915 18.908 11.373
334 4 2 20.578 11.891 18.857 11.348
335 4 2 20.244 11.953 18.952 11.265
336 4 2 20.584 11.860 18.876 11.317
337 4 2 20.054 11.799 18.965 11.372
338 4 2 19.971 11.757 18.965 11.334
339 4 2 20.610 11.822 18.914 11.278
340 4 2 20.559 11.797 18.870 11.254
342 4 2 20.597 11.791 18.908 11.247
343 4 2 20.546 11.779 18.863 11.235
344 4 2 20.483 11.755 18.806 11.211
345 4 2 20.407 11.718 18.737 11.175
347 4 2 20.508 11.710 18.844 11.167
348 4 2 20.495 11.711 18.838 11.167
349 4 2 20.476 11.711 18.825 11.167
350 4 2 20.458 11.711 18.812 11.167
351 4 2 20.432 11.724 18.793 11.180
352 4 2 20.401 11.725 18.768 11.180
353 4 2 20.369 11.725 18.743 11.181
354 4 2 20.331 11.726 18.711 11.181
355 4 2 20.306 11.726 18.692 11.182
356 4 2 20.274 11.727 18.667 11.182
357 4 2 20.249 11.727 18.648 11.182
358 4 2 20.218 11.728 18.623 11.183
359 4 2 20.199 11.728 18.610 11.183
360 4 2 20.167 11.729 18.585 11.183
361 4 2 20.142 11.729 18.566 11.184
362 4 2 20.117 11.729 18.547 11.184
