0 0 1 43.224 9.126 41.997 8.574
1 0 1 43.186 9.139 41.939 8.574
2 0 1 43.089 9.158 41.946 8.548
3 0 1 43.051 9.242 41.779 8.503
4 0 1 43.038 9.223 41.721 8.510
5 0 1 42.974 9.235 41.644 8.542
6 0 1 42.903 9.248 41.541 8.548
7 0 1 42.941 9.216 41.290 8.561
8 0 1 42.871 9.210 41.592 8.554
9 0 1 42.819 9.216 41.541 8.561
10 0 1 42.620 9.435 41.567 8.574
11 0 1 42.549 9.415 41.406 8.587
12 0 1 42.511 9.402 41.380 8.606
13 0 1 42.536 9.313 41.116 8.606
14 0 1 42.536 9.357 41.136 8.632
15 0 1 42.523 9.377 41.142 8.632
16 0 1 42.421 9.383 41.161 8.612
17 0 1 42.273 9.197 41.123 8.632
18 0 1 42.267 9.178 41.097 8.625
19 0 1 42.170 9.190 41.039 8.638
20 0 1 42.119 9.184 41.026 8.632
21 0 1 42.067 9.190 40.962 8.651
22 0 1 41.977 9.184 40.923 8.638
23 0 1 41.996 9.191 40.788 8.651
24 0 1 41.996 9.158 40.640 8.651
25 0 1 41.887 9.165 40.576 8.638
26 0 1 41.829 9.146 40.557 8.632
27 0 1 41.752 9.146 40.454 8.632
28 0 1 41.611 9.152 40.421 8.599
29 0 1 41.533 9.152 40.396 8.574
30 0 1 41.527 9.113 40.344 8.561
31 0 1 41.508 9.120 40.357 8.574
32 0 1 41.450 9.171 40.447 8.580
33 0 1 41.463 9.133 40.377 8.542
34 0 1 41.424 9.133 40.312 8.542
35 0 1 41.373 9.133 40.274 8.535
36 0 1 41.334 9.158 40.248 8.561
37 0 1 41.289 9.171 40.229 8.567
38 0 1 41.186 9.191 40.158 8.548
39 0 1 41.340 9.152 40.171 8.561
40 0 1 41.295 9.146 40.126 8.554
41 0 1 41.250 9.139 40.081 8.548
42 0 1 40.916 9.146 40.248 8.522
43 0 1 40.884 9.165 40.229 8.542
44 0 1 41.180 9.120 40.010 8.529
45 0 1 41.122 9.113 39.952 8.522
46 0 1 41.064 9.120 39.894 8.529
47 0 1 41.006 9.114 39.836 8.522
48 0 1 40.948 9.120 39.778 8.529
49 0 1 40.903 9.114 39.733 8.522
50 0 1 40.858 9.120 39.688 8.529
51 0 1 40.813 9.114 39.643 8.522
52 0 1 40.768 9.107 39.598 8.516
53 0 1 40.736 9.101 39.566 8.509
54 0 1 40.678 9.107 39.508 8.516
55 0 1 40.646 9.101 39.476 8.509
56 0 1 40.588 9.107 39.418 8.516
57 0 1 40.543 9.101 39.373 8.509
58 0 1 40.485 9.094 39.315 8.503
59 0 1 40.440 9.088 39.270 8.497
60 0 1 40.382 9.094 39.212 8.503
61 0 1 40.324 9.088 39.154 8.497
62 0 1 40.266 9.081 39.096 8.490
63 0 1 40.221 9.075 39.051 8.484
64 0 1 40.150 9.069 38.980 8.477
65 0 1 40.105 9.049 38.935 8.458
66 0 1 40.047 9.056 38.877 8.464
67 0 1 39.990 9.049 38.819 8.458
68 0 1 39.945 9.043 38.774 8.452
69 0 1 39.899 9.036 38.729 8.445
70 0 1 39.854 9.043 38.684 8.452
71 0 1 39.809 9.036 38.639 8.445
72 0 1 39.764 9.043 38.594 8.452
73 0 1 39.719 9.036 38.549 8.445
74 0 1 39.661 9.030 38.491 8.439
75 0 1 39.616 9.024 38.446 8.432
76 0 1 39.546 9.017 38.375 8.426
77 0 1 39.500 9.011 38.330 8.419
78 0 1 39.430 9.017 38.259 8.426
79 0 1 39.372 9.011 38.201 8.419
80 0 1 39.301 9.017 38.130 8.426
81 0 1 39.256 9.011 38.085 8.419
82 0 1 39.185 9.017 38.014 8.426
83 0 1 39.140 9.011 37.969 8.419
84 0 1 39.082 9.017 37.911 8.426
85 0 1 39.037 9.011 37.866 8.419
86 0 1 38.992 9.004 37.821 8.413
87 0 1 38.947 8.998 37.776 8.407
88 0 1 38.889 8.992 37.718 8.400
89 0 1 38.857 8.985 37.686 8.394
90 0 1 38.799 8.979 37.628 8.387
91 0 1 38.754 8.972 37.583 8.381
92 0 1 38.696 8.979 37.525 8.387
93 0 1 38.651 8.972 37.480 8.381
94 0 1 38.593 8.966 37.422 8.374
95 0 1 38.535 8.959 37.364 8.368
96 0 1 38.464 8.953 37.293 8.362
97 0 1 38.419 8.947 37.248 8.355
98 0 1 38.348 8.940 37.177 8.349
99 0 1 38.290 8.934 37.119 8.342
100 0 1 38.219 8.927 37.048 8.336
101 0 1 38.174 8.921 37.003 8.329
102 0 1 38.103 8.914 36.932 8.323
103 0 1 38.058 8.908 36.887 8.316
104 0 1 38.000 8.914 36.829 8.323
105 0 1 37.955 8.908 36.784 8.316
106 0 1 37.897 8.914 36.726 8.323
107 0 1 37.852 8.921 36.681 8.329
108 0 1 37.794 8.927 36.623 8.336
109 0 1 37.736 8.921 36.565 8.329
110 0 1 37.678 8.914 36.507 8.323
111 0 1 37.620 8.908 36.449 8.316
112 0 1 37.562 8.914 36.391 8.323
113 0 1 37.504 8.908 36.333 8.316
114 0 1 37.434 8.915 36.262 8.323
115 0 1 37.376 8.908 36.204 8.316
116 0 1 37.305 8.915 36.133 8.323
117 0 1 37.247 8.921 36.075 8.329
118 0 1 37.176 8.915 36.004 8.323
119 0 1 37.118 8.921 35.946 8.329
120 0 1 37.060 8.927 35.888 8.336
121 0 1 37.015 8.921 35.843 8.329
122 0 1 36.957 8.915 35.785 8.323
123 0 1 36.912 8.895 35.740 8.304
124 0 1 36.854 8.889 35.682 8.297
125 0 1 36.809 8.882 35.637 8.291
126 0 1 36.751 8.876 35.579 8.284
127 0 1 36.706 8.870 35.534 8.278
128 0 1 36.635 8.863 35.463 8.271
129 0 1 36.590 8.857 35.418 8.265
130 0 1 36.532 8.850 35.360 8.258
131 0 1 36.474 8.844 35.302 8.252
132 0 1 36.403 8.837 35.231 8.246
133 0 1 36.345 8.831 35.173 8.239
134 0 1 36.274 8.825 35.102 8.233
135 0 1 36.216 8.818 35.044 8.226
136 0 1 36.145 8.812 34.973 8.220
137 0 1 36.100 8.805 34.928 8.213
138 0 1 35.868 8.805 34.805 8.265
139 0 1 36.035 8.805 34.864 8.213
140 0 1 35.990 8.799 34.818 8.207
141 0 1 35.945 8.792 34.773 8.201
142 0 1 35.887 8.786 34.715 8.194
143 0 1 35.842 8.780 34.670 8.188
144 0 1 35.784 8.773 34.612 8.181
145 0 1 35.726 8.767 34.554 8.175
146 0 1 35.668 8.760 34.496 8.168
147 0 1 35.610 8.754 34.438 8.162
148 0 1 35.539 8.760 34.367 8.168
149 0 1 35.481 8.754 34.309 8.162
150 0 1 35.410 8.760 34.238 8.168
151 0 1 35.339 8.754 34.167 8.162
152 0 1 35.268 8.747 34.096 8.155
153 0 1 35.197 8.741 34.025 8.149
154 0 1 35.127 8.735 33.954 8.143
155 0 1 35.069 8.715 33.896 8.123
156 0 1 35.011 8.709 33.838 8.117
157 0 1 34.965 8.702 33.793 8.110
158 0 1 34.907 8.696 33.735 8.104
159 0 1 34.875 8.689 33.703 8.098
160 0 1 34.817 8.683 33.645 8.091
161 0 1 34.772 8.664 33.600 8.072
162 0 1 34.727 8.657 33.555 8.065
163 0 1 34.682 8.638 33.510 8.046
164 0 1 34.624 8.632 33.451 8.040
165 0 1 34.579 8.612 33.406 8.020
166 0 1 34.508 8.619 33.335 8.027
167 0 1 34.450 8.612 33.277 8.020
168 0 1 34.379 8.606 33.206 8.014
169 0 1 34.321 8.599 33.148 8.007
170 0 1 34.231 8.580 33.026 8.065
171 0 1 34.134 8.548 32.832 8.052
172 0 1 34.211 8.599 33.039 8.014
173 0 1 34.140 8.587 32.968 8.001
174 0 1 34.069 8.574 32.897 7.988
175 0 1 34.011 8.561 32.839 7.975
176 0 1 33.940 8.548 32.768 7.962
177 0 1 33.882 8.535 32.710 7.949
178 0 1 33.824 8.522 32.652 7.937
179 0 1 33.779 8.509 32.606 7.924
180 0 1 33.721 8.496 32.548 7.911
181 0 1 33.676 8.484 32.503 7.898
182 0 1 33.631 8.471 32.458 7.885
183 0 1 33.586 8.445 32.413 7.859
184 0 1 33.541 8.432 32.368 7.846
185 0 1 33.496 8.419 32.323 7.834
186 0 1 33.211 8.567 32.038 7.969
187 0 1 33.231 8.541 32.058 7.956
188 0 1 33.185 8.541 32.012 7.956
189 0 1 32.991 8.651 31.650 8.117
190 0 1 33.121 8.535 31.948 7.949
191 0 1 32.759 8.689 31.457 8.142
192 0 1 33.069 8.529 31.896 7.943
193 0 1 32.901 8.625 31.702 8.175
194 0 1 33.018 8.522 31.845 7.936
195 0 1 32.591 8.735 31.534 8.200
196 0 1 32.966 8.516 31.793 7.930
197 0 1 32.720 8.760 31.573 8.175
198 0 1 32.746 8.735 31.579 8.149
199 0 1 32.707 8.735 31.541 8.149
200 0 1 32.346 8.747 31.237 8.200
201 0 1 32.404 8.760 31.243 8.181
202 0 1 32.359 8.767 31.198 8.187
203 0 1 32.313 8.773 31.153 8.194
204 0 1 31.984 8.928 30.875 8.335
205 0 1 32.029 8.902 30.875 8.323
206 0 1 31.977 8.908 30.823 8.329
207 0 1 31.925 8.915 30.771 8.335
208 0 1 31.861 8.934 30.707 8.355
209 0 1 31.809 8.953 30.655 8.374
210 0 1 31.732 8.973 30.577 8.393
211 0 1 31.667 8.992 30.513 8.413
212 0 1 31.589 9.011 30.435 8.432
213 0 1 31.538 9.031 30.383 8.451
214 0 1 31.486 9.050 30.332 8.471
215 0 1 31.447 9.057 30.293 8.477
216 0 1 31.408 9.076 30.254 8.496
217 0 1 31.344 9.082 30.189 8.503
218 0 1 31.292 9.102 30.138 8.522
219 0 1 31.253 9.134 30.099 8.554
220 0 1 31.201 9.153 30.047 8.574
221 0 1 31.150 9.160 29.995 8.580
222 0 1 31.085 9.166 29.931 8.586
223 0 1 31.033 9.172 29.879 8.593
224 0 1 30.969 9.192 29.814 8.612
225 0 1 30.904 9.198 29.750 8.619
226 0 1 30.852 9.218 29.698 8.638
227 0 1 30.788 9.224 29.633 8.644
228 0 1 30.710 9.243 29.555 8.664
229 0 1 30.658 9.250 29.504 8.670
230 0 1 30.594 9.256 29.439 8.677
231 0 1 30.555 9.250 29.400 8.670
232 0 1 30.503 9.256 29.349 8.677
233 0 1 30.451 9.308 29.290 8.722
234 0 1 30.322 9.295 29.303 8.696
235 0 1 30.445 9.282 29.290 8.702
236 0 1 30.406 9.288 29.252 8.709
237 0 1 30.355 9.308 29.200 8.728
238 0 1 30.096 9.340 29.103 8.767
239 0 1 30.296 9.308 29.142 8.728
240 0 1 30.128 9.308 28.928 8.805
241 0 1 30.135 9.334 28.980 8.760
242 0 1 30.083 9.334 28.928 8.760
243 0 1 30.031 9.334 28.876 8.760
244 0 1 29.967 9.334 28.812 8.760
245 0 1 29.902 9.347 28.747 8.773
246 0 1 30.018 9.308 28.669 8.806
247 0 1 29.967 9.295 28.566 8.831
248 0 1 29.902 9.314 28.579 8.831
249 0 1 29.818 9.314 28.663 8.741
250 0 1 29.779 9.314 28.624 8.741
251 0 1 29.728 9.314 28.573 8.741
252 0 1 29.663 9.314 28.508 8.741
253 0 1 29.637 9.327 28.482 8.754
254 0 1 29.585 9.340 28.430 8.767
255 0 1 29.546 9.366 28.391 8.793
256 0 1 29.482 9.379 28.327 8.806
257 0 1 29.430 9.392 28.275 8.818
258 0 1 29.378 9.405 28.223 8.831
259 0 1 29.327 9.405 28.171 8.831
260 0 1 29.352 9.456 27.771 8.702
261 0 1 29.268 9.411 28.113 8.838
262 0 1 29.172 9.347 27.887 8.812
263 0 1 29.210 9.405 28.055 8.831
264 0 1 29.158 9.405 28.003 8.831
265 0 1 29.107 9.405 27.951 8.831
266 0 1 29.068 9.405 27.913 8.831
267 0 1 29.042 9.392 27.887 8.818
268 0 1 29.003 9.392 27.848 8.818
269 0 1 28.939 9.379 27.783 8.806
270 0 1 28.913 9.379 27.757 8.806
271 0 1 28.874 9.366 27.719 8.793
272 0 1 28.822 9.366 27.667 8.793
273 0 1 28.771 9.366 27.615 8.793
274 0 1 28.719 9.353 27.564 8.780
275 0 1 28.667 9.353 27.512 8.780
276 0 1 28.616 9.340 27.460 8.767
277 0 1 28.551 9.340 27.395 8.767
278 0 1 28.499 9.327 27.344 8.754
279 0 1 28.435 9.327 27.279 8.754
280 0 1 28.357 9.327 27.201 8.754
281 0 1 28.260 9.353 26.904 8.799
282 0 1 28.286 9.308 27.130 8.735
283 0 1 28.221 9.308 27.066 8.735
284 0 1 28.157 9.308 27.001 8.735
285 0 1 28.118 9.295 26.962 8.722
286 0 1 28.079 9.282 26.923 8.709
287 0 1 28.027 9.282 26.872 8.709
288 0 1 27.756 9.269 26.619 8.722
289 0 1 27.781 9.276 26.632 8.709
290 0 1 27.736 9.282 26.587 8.715
291 0 1 27.691 9.289 26.541 8.722
292 0 1 27.620 9.282 26.470 8.715
293 0 1 27.561 9.289 26.412 8.722
294 0 1 27.490 9.282 26.341 8.715
295 0 1 27.432 9.289 26.283 8.722
296 0 1 27.380 9.444 25.921 8.632
297 0 1 27.342 9.276 26.192 8.709
298 0 1 27.270 9.270 26.121 8.702
299 0 1 27.212 9.276 26.063 8.709
300 0 1 27.154 9.270 26.004 8.702
301 0 1 27.109 9.276 25.959 8.709
302 0 1 27.076 9.270 25.927 8.702
303 0 1 27.044 9.263 25.894 8.696
304 0 1 26.986 9.244 25.836 8.677
305 0 1 26.928 9.237 25.778 8.670
306 0 1 26.869 9.218 25.720 8.651
307 0 1 26.824 9.212 25.675 8.644
308 0 1 26.779 9.205 25.629 8.638
309 0 1 26.734 9.199 25.584 8.632
310 0 1 26.675 9.192 25.526 8.625
311 0 1 26.617 9.186 25.467 8.619
312 0 1 26.533 9.179 25.383 8.612
313 0 1 26.475 9.173 25.325 8.606
314 0 1 26.404 9.167 25.254 8.599
315 0 1 26.345 9.173 25.196 8.606
316 0 1 26.274 9.167 25.124 8.599
317 0 1 26.216 9.173 25.066 8.606
318 0 1 26.145 9.167 24.995 8.599
319 0 1 26.100 9.160 24.950 8.593
320 0 1 26.067 9.154 24.917 8.586
321 0 1 26.022 9.160 24.872 8.593
322 0 1 25.964 9.167 24.814 8.599
323 0 1 25.905 9.173 24.755 8.606
324 0 1 25.847 9.192 24.697 8.625
325 0 1 25.789 9.212 24.639 8.644
326 0 1 25.730 9.218 24.580 8.651
327 0 1 25.685 9.225 24.535 8.657
328 0 1 25.614 9.218 24.464 8.651
329 0 1 25.555 9.225 24.405 8.657
330 0 1 25.484 9.218 24.334 8.651
331 0 1 25.426 9.225 24.276 8.657
332 0 1 25.342 9.218 24.192 8.651
333 0 1 25.284 9.225 24.133 8.657
334 0 1 25.225 9.218 24.075 8.651
335 0 1 25.193 9.225 24.043 8.657
336 0 1 25.161 9.205 24.010 8.638
337 0 1 25.141 9.199 23.991 8.632
338 0 1 25.083 9.180 23.933 8.612
339 0 1 25.038 9.173 23.887 8.606
340 0 1 24.966 9.167 23.816 8.599
341 0 1 24.921 9.160 23.771 8.593
342 0 1 24.876 9.154 23.725 8.586
343 0 1 24.831 9.147 23.680 8.580
344 0 1 24.785 9.128 23.635 8.561
345 0 1 24.740 9.122 23.590 8.554
346 0 1 24.669 9.115 23.518 8.548
347 0 1 24.611 9.109 23.460 8.541
348 0 1 24.539 9.089 23.389 8.522
349 0 1 24.468 9.083 23.318 8.515
350 0 1 24.397 9.076 23.246 8.509
351 0 1 24.352 9.083 23.201 8.515
352 0 1 24.280 9.076 23.130 8.509
353 0 1 24.222 9.070 23.071 8.503
354 0 1 24.177 9.051 23.026 8.483
355 0 1 24.144 9.044 22.994 8.477
356 0 1 24.073 9.038 22.923 8.470
357 0 1 24.015 9.031 22.864 8.464
358 0 1 23.957 9.025 22.806 8.457
359 0 1 23.911 9.018 22.761 8.451
360 0 1 23.853 9.012 22.702 8.445
361 0 1 23.808 9.018 22.657 8.451
362 0 1 23.749 9.012 22.599 8.445
363 0 1 23.704 9.018 22.553 8.451
364 0 1 23.633 9.012 22.482 8.445
365 0 1 23.600 9.199 22.080 8.412
366 0 1 23.555 9.012 22.404 8.445
367 0 1 23.484 9.006 22.333 8.438
368 0 1 23.413 8.999 22.262 8.432
369 0 1 23.380 8.993 22.229 8.425
370 0 1 23.361 8.986 22.210 8.419
371 0 1 23.341 8.980 22.190 8.412
372 0 1 23.296 8.960 22.145 8.393
373 0 1 23.238 8.954 22.087 8.386
374 0 1 23.179 8.948 22.028 8.380
375 0 1 23.134 8.941 21.983 8.374
376 0 1 22.887 9.090 21.723 8.515
0 1 1 43.332 10.488 42.484 9.884
1 1 1 43.338 10.495 42.465 9.904
2 1 1 43.345 10.501 42.446 9.846
3 1 1 43.338 10.488 42.394 9.820
4 1 1 43.364 10.450 42.349 9.827
5 1 1 43.351 10.482 42.356 9.827
6 1 1 43.338 10.482 42.381 9.839
7 1 1 43.332 10.507 42.426 9.839
8 1 1 43.319 10.501 42.446 9.827
9 1 1 43.338 10.456 42.214 9.852
10 1 1 43.435 10.501 42.086 9.782
11 1 1 43.409 10.488 42.092 9.775
12 1 1 43.358 10.482 42.092 9.775
13 1 1 43.326 10.488 42.028 9.782
14 1 1 43.287 10.501 42.021 9.762
15 1 1 43.229 10.437 42.298 9.814
16 1 1 43.216 10.514 41.963 9.737
17 1 1 43.184 10.430 42.253 9.807
18 1 1 43.146 10.430 42.214 9.807
19 1 1 43.107 10.430 42.176 9.807
20 1 1 43.068 10.430 42.137 9.807
21 1 1 43.030 10.418 42.098 9.795
22 1 1 42.978 10.418 42.047 9.795
23 1 1 42.940 10.418 42.008 9.795
24 1 1 42.888 10.418 41.957 9.795
25 1 1 42.747 10.469 41.726 9.660
26 1 1 42.663 10.476 41.636 9.647
27 1 1 42.638 10.488 41.513 9.666
28 1 1 42.612 10.482 41.436 9.705
29 1 1 42.625 10.366 41.693 9.730
30 1 1 42.586 10.366 41.655 9.730
31 1 1 42.548 10.379 41.616 9.743
32 1 1 42.522 10.533 41.301 9.724
33 1 1 42.490 10.386 41.558 9.750
34 1 1 42.457 10.546 41.275 9.737
35 1 1 42.445 10.379 41.513 9.743
36 1 1 42.406 10.379 41.475 9.743
37 1 1 42.381 10.379 41.449 9.743
38 1 1 42.342 10.379 41.410 9.743
39 1 1 42.278 10.379 41.346 9.743
40 1 1 42.239 10.379 41.307 9.743
41 1 1 42.188 10.379 41.256 9.743
42 1 1 42.136 10.379 41.204 9.743
43 1 1 42.085 10.367 41.153 9.730
44 1 1 42.033 10.354 41.102 9.718
45 1 1 41.982 10.367 41.050 9.730
46 1 1 41.943 10.341 41.012 9.705
47 1 1 41.905 10.341 40.973 9.705
48 1 1 41.853 10.341 40.921 9.705
49 1 1 41.815 10.341 40.883 9.705
50 1 1 41.789 10.341 40.857 9.705
51 1 1 41.750 10.341 40.818 9.705
52 1 1 41.699 10.341 40.767 9.705
53 1 1 41.660 10.341 40.728 9.705
54 1 1 41.635 10.341 40.703 9.705
55 1 1 41.583 10.341 40.651 9.705
56 1 1 41.544 10.354 40.613 9.718
57 1 1 41.493 10.367 40.561 9.731
58 1 1 41.441 10.354 40.510 9.718
59 1 1 41.390 10.367 40.458 9.731
60 1 1 41.351 10.367 40.419 9.731
61 1 1 41.313 10.380 40.381 9.743
62 1 1 41.261 10.393 40.329 9.756
63 1 1 41.223 10.380 40.291 9.744
64 1 1 41.197 10.393 40.265 9.756
65 1 1 41.158 10.380 40.226 9.744
66 1 1 41.107 10.393 40.175 9.756
67 1 1 41.068 10.534 39.892 9.750
68 1 1 41.004 10.540 39.924 9.744
69 1 1 41.055 10.367 40.123 9.731
70 1 1 41.017 10.367 40.085 9.731
71 1 1 40.978 10.354 40.046 9.718
72 1 1 40.927 10.367 39.995 9.731
73 1 1 40.888 10.354 39.956 9.718
74 1 1 40.850 10.354 39.918 9.718
75 1 1 40.785 10.354 39.853 9.718
76 1 1 40.759 10.341 39.827 9.705
77 1 1 40.502 10.425 39.460 9.782
78 1 1 40.444 10.470 39.557 9.763
79 1 1 40.470 10.502 39.293 9.686
80 1 1 40.431 10.502 39.351 9.692
81 1 1 40.457 10.412 39.525 9.776
82 1 1 40.418 10.412 39.486 9.776
83 1 1 40.380 10.412 39.447 9.776
84 1 1 40.341 10.412 39.409 9.776
85 1 1 40.302 10.412 39.370 9.776
86 1 1 40.264 10.412 39.332 9.776
87 1 1 40.225 10.412 39.293 9.776
88 1 1 40.187 10.412 39.254 9.776
89 1 1 40.135 10.412 39.203 9.776
90 1 1 40.096 10.412 39.164 9.776
91 1 1 40.045 10.412 39.113 9.776
92 1 1 39.993 10.425 39.061 9.789
93 1 1 39.942 10.425 39.010 9.789
94 1 1 39.890 10.425 38.958 9.789
95 1 1 39.839 10.438 38.907 9.802
96 1 1 39.787 10.438 38.855 9.802
97 1 1 39.749 10.438 38.816 9.802
98 1 1 39.697 10.438 38.765 9.802
99 1 1 39.659 10.438 38.726 9.802
100 1 1 39.536 10.522 38.488 9.712
101 1 1 39.614 10.432 38.681 9.795
102 1 1 39.575 10.432 38.643 9.795
103 1 1 39.536 10.432 38.604 9.795
104 1 1 39.485 10.419 38.552 9.782
105 1 1 39.433 10.406 38.501 9.770
106 1 1 39.382 10.406 38.449 9.770
107 1 1 39.330 10.406 38.398 9.770
108 1 1 39.279 10.393 38.346 9.757
109 1 1 39.227 10.380 38.295 9.744
110 1 1 39.176 10.380 38.243 9.744
111 1 1 39.124 10.380 38.192 9.744
112 1 1 39.073 10.368 38.140 9.731
113 1 1 39.021 10.355 38.089 9.718
114 1 1 38.983 10.355 38.050 9.718
115 1 1 38.944 10.355 38.012 9.718
116 1 1 38.893 10.355 37.960 9.718
117 1 1 38.841 10.355 37.908 9.718
118 1 1 38.802 10.355 37.870 9.718
119 1 1 38.764 10.355 37.831 9.718
120 1 1 38.699 10.342 37.767 9.705
121 1 1 38.661 10.329 37.728 9.693
122 1 1 38.596 10.329 37.664 9.693
123 1 1 38.558 10.316 37.625 9.680
124 1 1 38.493 10.303 37.561 9.667
125 1 1 38.455 10.303 37.522 9.667
126 1 1 38.390 10.291 37.458 9.654
127 1 1 38.339 10.278 37.406 9.641
128 1 1 38.287 10.278 37.355 9.641
129 1 1 38.236 10.278 37.303 9.641
130 1 1 38.197 10.265 37.264 9.628
131 1 1 38.133 10.239 37.200 9.603
132 1 1 38.107 10.226 37.174 9.590
133 1 1 38.056 10.226 37.123 9.590
134 1 1 38.017 10.214 37.084 9.577
135 1 1 37.953 10.188 37.020 9.551
136 1 1 37.914 10.175 36.981 9.538
137 1 1 37.862 10.162 36.930 9.526
138 1 1 37.811 10.136 36.878 9.500
139 1 1 37.759 10.111 36.827 9.474
140 1 1 37.721 10.098 36.788 9.461
141 1 1 37.682 10.085 36.749 9.448
142 1 1 37.618 10.059 36.685 9.423
143 1 1 37.579 10.034 36.646 9.397
144 1 1 37.528 10.008 36.595 9.371
145 1 1 37.476 9.995 36.543 9.358
146 1 1 37.438 9.982 36.505 9.346
147 1 1 37.399 9.956 36.466 9.320
148 1 1 37.347 9.931 36.415 9.294
149 1 1 37.309 9.905 36.376 9.268
150 1 1 37.270 9.879 36.337 9.243
151 1 1 37.219 9.854 36.286 9.217
152 1 1 37.167 9.828 36.234 9.191
153 1 1 37.116 9.802 36.183 9.165
154 1 1 37.064 9.776 36.131 9.140
155 1 1 37.013 9.751 36.080 9.114
156 1 1 36.961 9.725 36.028 9.088
157 1 1 36.910 9.699 35.977 9.063
158 1 1 36.858 9.686 35.925 9.050
159 1 1 36.794 9.796 35.616 9.050
160 1 1 36.800 9.667 35.867 9.030
161 1 1 36.749 9.757 35.571 8.992
162 1 1 36.755 9.648 35.822 9.011
163 1 1 36.717 9.635 35.784 8.998
164 1 1 36.678 9.622 35.745 8.985
165 1 1 36.626 9.584 35.693 8.947
166 1 1 36.575 9.571 35.642 8.934
167 1 1 36.523 9.532 35.590 8.895
168 1 1 36.485 9.519 35.552 8.882
169 1 1 36.433 9.481 35.500 8.844
170 1 1 36.382 9.468 35.449 8.831
171 1 1 36.330 9.429 35.397 8.792
172 1 1 36.279 9.403 35.346 8.767
173 1 1 36.227 9.378 35.294 8.741
174 1 1 36.176 9.352 35.243 8.715
175 1 1 36.124 9.326 35.191 8.689
176 1 1 36.086 9.301 35.153 8.664
177 1 1 36.021 9.275 35.088 8.638
178 1 1 35.996 9.249 35.062 8.612
179 1 1 35.957 9.236 35.024 8.599
180 1 1 35.893 9.211 34.959 8.574
181 1 1 35.854 9.198 34.921 8.561
182 1 1 35.802 9.185 34.869 8.548
183 1 1 35.751 9.159 34.818 8.522
184 1 1 35.699 9.133 34.766 8.496
185 1 1 35.661 9.120 34.727 8.484
186 1 1 35.622 9.108 34.689 8.471
187 1 1 35.558 9.082 34.624 8.445
188 1 1 35.519 9.056 34.586 8.419
189 1 1 35.455 9.030 34.521 8.394
190 1 1 35.416 9.018 34.483 8.381
191 1 1 35.352 9.005 34.418 8.368
192 1 1 35.313 8.979 34.380 8.342
193 1 1 35.248 8.966 34.315 8.329
194 1 1 35.210 8.953 34.276 8.316
195 1 1 35.145 8.928 34.212 8.291
196 1 1 35.068 9.005 34.031 8.355
197 1 1 35.036 8.973 34.102 8.336
198 1 1 34.984 8.960 34.051 8.323
199 1 1 34.945 8.947 34.012 8.310
200 1 1 34.894 8.921 33.960 8.284
201 1 1 34.842 8.895 33.909 8.258
202 1 1 34.791 8.882 33.857 8.246
203 1 1 34.726 8.857 33.793 8.220
204 1 1 34.675 8.831 33.741 8.194
205 1 1 34.623 8.818 33.690 8.181
206 1 1 34.572 8.792 33.638 8.155
207 1 1 34.520 8.780 33.587 8.143
208 1 1 34.482 8.754 33.548 8.117
209 1 1 34.430 8.741 33.496 8.104
210 1 1 34.378 8.728 33.445 8.091
211 1 1 34.340 8.715 33.406 8.078
212 1 1 34.301 8.702 33.368 8.065
213 1 1 34.262 8.689 33.329 8.052
214 1 1 34.211 8.677 33.277 8.040
215 1 1 34.172 8.664 33.239 8.027
216 1 1 34.121 8.651 33.187 8.014
217 1 1 34.082 8.638 33.148 8.001
218 1 1 34.030 8.625 33.097 7.988
219 1 1 33.992 8.612 33.058 7.975
220 1 1 33.940 8.599 33.006 7.962
221 1 1 33.876 8.599 32.942 7.962
222 1 1 33.824 8.587 32.890 7.949
223 1 1 33.772 8.574 32.839 7.937
224 1 1 33.430 8.709 32.541 8.091
225 1 1 33.475 8.696 32.548 8.065
226 1 1 33.430 8.689 32.503 8.059
227 1 1 33.385 8.683 32.458 8.052
228 1 1 33.327 8.677 32.400 8.046
229 1 1 33.282 8.683 32.354 8.052
230 1 1 33.237 8.689 32.309 8.059
231 1 1 33.191 8.683 32.264 8.052
232 1 1 33.133 8.689 32.206 8.059
233 1 1 33.075 8.683 32.148 8.052
234 1 1 33.017 8.677 32.090 8.046
235 1 1 32.959 8.683 32.032 8.052
236 1 1 32.901 8.689 31.973 8.059
237 1 1 32.843 8.683 31.915 8.052
238 1 1 32.785 8.689 31.857 8.059
239 1 1 32.740 8.683 31.812 8.052
240 1 1 32.694 8.677 31.767 8.046
241 1 1 32.636 8.683 31.709 8.052
242 1 1 32.578 8.690 31.651 8.059
243 1 1 32.533 8.683 31.605 8.052
244 1 1 32.488 8.664 31.560 8.033
245 1 1 32.443 8.657 31.515 8.026
246 1 1 32.385 8.651 31.457 8.020
247 1 1 32.327 8.644 31.399 8.014
248 1 1 32.269 8.651 31.341 8.020
249 1 1 32.036 8.760 30.927 8.200
250 1 1 32.204 8.651 31.276 8.020
251 1 1 32.146 8.657 31.218 8.026
252 1 1 32.088 8.677 31.160 8.046
253 1 1 32.042 8.683 31.115 8.052
254 1 1 31.984 8.690 31.056 8.059
255 1 1 31.952 8.696 31.024 8.065
256 1 1 31.894 8.702 30.966 8.071
257 1 1 31.596 8.896 30.849 8.252
258 1 1 31.855 8.702 30.927 8.071
259 1 1 31.810 8.709 30.882 8.078
260 1 1 31.351 8.857 30.513 8.271
261 1 1 31.758 8.709 30.830 8.078
262 1 1 31.415 8.870 30.513 8.213
263 1 1 31.454 8.838 30.533 8.207
264 1 1 31.403 8.844 30.481 8.213
265 1 1 31.351 8.850 30.429 8.219
266 1 1 31.331 8.947 30.248 8.297
267 1 1 31.312 9.005 30.126 8.213
268 1 1 31.286 8.844 30.365 8.213
269 1 1 31.248 8.838 30.326 8.207
270 1 1 31.209 8.844 30.287 8.213
271 1 1 31.157 8.838 30.236 8.207
272 1 1 31.118 8.844 30.197 8.213
273 1 1 31.067 8.838 30.145 8.207
274 1 1 31.028 8.844 30.106 8.213
275 1 1 30.976 8.850 30.055 8.219
276 1 1 30.925 8.844 30.003 8.213
277 1 1 30.873 8.838 29.951 8.207
278 1 1 30.821 8.844 29.900 8.213
279 1 1 30.757 8.851 29.835 8.219
280 1 1 30.692 8.857 29.770 8.226
281 1 1 30.640 8.876 29.719 8.245
282 1 1 30.576 8.896 29.654 8.264
283 1 1 30.524 8.902 29.602 8.271
284 1 1 30.472 8.921 29.550 8.290
285 1 1 30.420 8.928 29.499 8.297
286 1 1 30.369 8.934 29.447 8.303
287 1 1 30.330 8.941 29.408 8.310
288 1 1 30.084 9.102 29.117 8.419
289 1 1 30.078 9.063 29.156 8.432
290 1 1 30.026 9.070 29.104 8.438
291 1 1 29.974 9.076 29.052 8.445
292 1 1 29.922 9.082 29.000 8.451
293 1 1 29.871 9.089 28.949 8.458
294 1 1 29.948 9.185 28.690 8.380
295 1 1 29.935 9.173 28.606 8.425
296 1 1 29.767 9.108 28.690 8.483
297 1 1 29.767 9.115 28.716 8.496
298 1 1 29.715 9.108 28.696 8.496
299 1 1 29.787 9.050 28.865 8.419
300 1 1 29.735 9.057 28.813 8.425
301 1 1 29.696 9.063 28.774 8.432
302 1 1 29.645 9.057 28.722 8.425
303 1 1 29.593 9.050 28.671 8.419
304 1 1 29.554 9.057 28.632 8.425
305 1 1 29.502 9.063 28.580 8.432
306 1 1 29.451 9.057 28.529 8.425
307 1 1 29.399 9.050 28.477 8.419
308 1 1 29.347 9.044 28.425 8.413
309 1 1 29.296 9.037 28.373 8.406
310 1 1 29.231 9.031 28.309 8.400
311 1 1 29.179 9.050 28.257 8.419
312 1 1 29.114 9.057 28.192 8.425
313 1 1 29.063 9.076 28.140 8.445
314 1 1 29.011 9.082 28.089 8.451
315 1 1 28.959 9.102 28.037 8.471
316 1 1 28.907 9.121 27.985 8.490
317 1 1 28.869 9.128 27.946 8.496
318 1 1 28.817 9.134 27.894 8.503
319 1 1 28.778 9.140 27.856 8.509
320 1 1 28.726 9.147 27.804 8.516
321 1 1 28.687 9.153 27.765 8.522
322 1 1 28.636 9.160 27.713 8.528
323 1 1 28.584 9.179 27.661 8.548
324 1 1 28.532 9.186 27.610 8.554
325 1 1 28.480 9.192 27.558 8.561
326 1 1 28.429 9.199 27.506 8.567
327 1 1 28.377 9.205 27.454 8.574
328 1 1 28.325 9.211 27.403 8.580
329 1 1 28.273 9.218 27.351 8.586
330 1 1 28.222 9.211 27.299 8.580
331 1 1 28.170 9.205 27.247 8.574
332 1 1 28.131 9.186 27.209 8.554
333 1 1 28.092 9.179 27.170 8.548
334 1 1 28.041 9.160 27.118 8.528
335 1 1 28.002 9.141 27.079 8.509
336 1 1 27.963 9.121 27.041 8.490
337 1 1 27.924 9.102 27.002 8.470
338 1 1 27.873 9.083 26.950 8.451
339 1 1 27.834 9.076 26.911 8.445
340 1 1 27.795 9.057 26.873 8.425
341 1 1 27.744 9.050 26.821 8.419
342 1 1 27.705 9.044 26.782 8.412
343 1 1 27.653 9.038 26.730 8.406
344 1 1 27.601 9.031 26.679 8.400
345 1 1 27.550 9.025 26.627 8.393
346 1 1 27.498 9.018 26.575 8.387
347 1 1 27.446 9.025 26.523 8.393
348 1 1 27.394 9.018 26.472 8.387
349 1 1 27.343 9.025 26.420 8.393
350 1 1 27.304 9.018 26.381 8.387
351 1 1 27.265 9.025 26.342 8.393
352 1 1 27.213 9.018 26.291 8.387
353 1 1 27.161 9.025 26.239 8.393
354 1 1 27.110 9.031 26.187 8.400
355 1 1 27.071 9.025 26.148 8.393
356 1 1 27.019 9.018 26.096 8.387
357 1 1 26.967 9.012 26.045 8.380
358 1 1 26.916 9.005 25.993 8.374
359 1 1 26.864 8.999 25.941 8.367
360 1 1 26.812 8.992 25.889 8.361
361 1 1 26.760 8.986 25.838 8.354
362 1 1 26.722 8.967 25.799 8.335
363 1 1 26.670 8.960 25.747 8.329
364 1 1 26.631 8.941 25.708 8.309
365 1 1 26.605 8.922 25.683 8.290
366 1 1 26.567 8.902 25.644 8.271
367 1 1 26.528 8.883 25.605 8.251
368 1 1 26.489 8.851 25.566 8.219
369 1 1 26.450 8.831 25.528 8.200
370 1 1 26.412 8.812 25.489 8.180
371 1 1 26.373 8.793 25.450 8.161
372 1 1 26.334 8.773 25.411 8.142
373 1 1 26.295 8.767 25.372 8.135
374 1 1 26.244 8.760 25.321 8.129
375 1 1 26.205 8.754 25.282 8.122
376 1 1 25.958 8.896 24.938 8.309
377 1 1 26.147 8.741 25.224 8.109
378 1 1 26.095 8.735 25.172 8.103
379 1 1 26.043 8.741 25.120 8.109
380 1 1 26.004 8.735 25.081 8.103
381 1 1 25.991 8.741 25.068 8.109
382 1 1 25.940 8.735 25.017 8.103
383 1 1 25.888 8.741 24.965 8.109
384 1 1 25.849 8.735 24.926 8.103
385 1 1 25.810 8.741 24.887 8.109
386 1 1 25.758 8.748 24.835 8.116
387 1 1 25.719 8.754 24.796 8.122
388 1 1 25.680 8.760 24.757 8.129
389 1 1 25.629 8.767 24.706 8.135
391 1 1 25.538 8.767 24.615 8.135
392 1 1 25.499 8.760 24.576 8.129
393 1 1 25.434 8.767 24.511 8.135
394 1 1 25.396 8.760 24.472 8.129
395 1 1 25.331 8.754 24.408 8.122
396 1 1 25.292 8.735 24.369 8.103
397 1 1 25.253 8.715 24.330 8.084
398 1 1 25.228 8.683 24.304 8.051
399 1 1 25.189 8.664 24.266 8.032
400 1 1 25.137 8.632 24.214 8.000
401 1 1 25.098 8.612 24.175 7.980
402 1 1 25.073 8.593 24.149 7.961
403 1 1 25.034 8.574 24.111 7.942
404 1 1 24.982 8.554 24.059 7.922
405 1 1 24.943 8.548 24.020 7.916
406 1 1 24.905 8.528 23.981 7.897
408 1 1 24.814 8.516 23.891 7.884
409 1 1 24.762 8.509 23.839 7.877
410 1 1 24.710 8.503 23.787 7.871
411 1 1 24.659 8.509 23.735 7.877
412 1 1 24.620 8.516 23.696 7.884
413 1 1 24.568 8.522 23.644 7.890
414 1 1 24.516 8.528 23.593 7.897
415 1 1 24.464 8.535 23.541 7.903
416 1 1 24.425 8.541 23.502 7.909
417 1 1 24.399 8.548 23.476 7.916
418 1 1 24.360 8.554 23.437 7.922
419 1 1 24.309 8.561 23.385 7.929
420 1 1 24.257 8.567 23.333 7.935
421 1 1 24.218 8.574 23.294 7.942
422 1 1 23.952 8.567 22.944 8.064
423 1 1 24.186 8.561 23.262 7.929
424 1 1 24.147 8.567 23.223 7.935
425 1 1 24.095 8.561 23.171 7.929
426 1 1 24.056 8.554 23.132 7.922
427 1 1 24.017 8.548 23.094 7.916
428 1 1 23.978 8.541 23.055 7.909
429 1 1 23.952 8.535 23.029 7.903
430 1 1 23.927 8.516 23.003 7.884
390 1 1 25.577 8.760 24.654 8.129
407 1 1 24.853 8.522 23.929 7.890
0 2 1 43.052 8.079 41.787 7.501
1 2 1 43.078 8.144 41.678 7.450
2 2 1 43.027 8.034 41.697 7.501
3 2 1 42.956 8.034 41.665 7.501
4 2 1 42.872 8.047 41.645 7.495
5 2 1 42.802 8.041 41.575 7.482
6 2 1 42.802 8.021 41.478 7.488
7 2 1 42.802 8.041 41.498 7.469
8 2 1 42.750 8.041 41.446 7.469
9 2 1 42.590 7.919 41.189 7.456
10 2 1 42.577 7.919 41.195 7.456
11 2 1 42.551 7.964 41.234 7.418
12 2 1 42.468 7.925 41.067 7.424
13 2 1 42.326 7.944 41.073 7.405
14 2 1 42.378 7.938 41.060 7.398
15 2 1 42.339 7.932 41.022 7.392
16 2 1 42.185 7.970 41.028 7.411
17 2 1 42.088 7.964 41.080 7.398
18 2 1 42.262 7.944 40.957 7.405
19 2 1 41.992 7.957 40.945 7.372
20 2 1 42.217 7.931 40.912 7.392
21 2 1 42.178 7.925 40.874 7.385
22 2 1 42.140 7.919 40.835 7.379
23 2 1 42.075 7.912 40.771 7.372
24 2 1 42.024 7.906 40.720 7.366
25 2 1 41.960 7.899 40.655 7.360
26 2 1 41.908 7.893 40.604 7.353
27 2 1 41.844 7.899 40.539 7.360
28 2 1 41.793 7.893 40.488 7.353
29 2 1 41.741 7.899 40.437 7.360
30 2 1 41.677 7.893 40.372 7.353
31 2 1 41.625 7.899 40.321 7.359
32 2 1 41.587 7.880 40.282 7.340
33 2 1 41.535 7.874 40.231 7.334
34 2 1 41.497 7.867 40.192 7.327
35 2 1 41.445 7.861 40.141 7.321
36 2 1 41.394 7.854 40.089 7.314
37 2 1 41.343 7.848 40.038 7.308
38 2 1 41.291 7.841 39.986 7.302
39 2 1 41.240 7.848 39.935 7.308
40 2 1 41.175 7.841 39.871 7.302
41 2 1 41.124 7.835 39.819 7.295
42 2 1 41.060 7.829 39.755 7.289
43 2 1 40.995 7.822 39.690 7.282
44 2 1 40.944 7.816 39.639 7.276
45 2 1 40.892 7.822 39.587 7.282
46 2 1 40.841 7.816 39.536 7.276
47 2 1 40.468 7.893 39.562 7.289
48 2 1 40.481 7.886 39.491 7.263
49 2 1 40.777 7.809 39.472 7.269
50 2 1 40.738 7.816 39.433 7.276
51 2 1 40.699 7.822 39.394 7.282
52 2 1 40.648 7.803 39.343 7.263
53 2 1 40.597 7.796 39.291 7.256
54 2 1 40.545 7.803 39.240 7.263
55 2 1 40.481 7.809 39.176 7.269
56 2 1 40.429 7.803 39.124 7.263
57 2 1 40.365 7.809 39.060 7.269
58 2 1 40.301 7.816 38.995 7.276
59 2 1 40.249 7.822 38.944 7.282
60 2 1 40.198 7.828 38.892 7.288
61 2 1 40.133 7.835 38.828 7.295
62 2 1 40.082 7.841 38.776 7.301
63 2 1 40.030 7.835 38.725 7.295
64 2 1 39.979 7.828 38.674 7.288
65 2 1 39.927 7.835 38.622 7.295
66 2 1 39.876 7.828 38.571 7.288
67 2 1 39.824 7.835 38.519 7.295
68 2 1 39.773 7.828 38.468 7.288
69 2 1 39.722 7.822 38.416 7.282
70 2 1 39.670 7.815 38.365 7.275
71 2 1 39.606 7.822 38.300 7.282
72 2 1 39.541 7.815 38.236 7.275
73 2 1 39.490 7.809 38.184 7.269
74 2 1 39.426 7.803 38.120 7.263
75 2 1 39.374 7.796 38.068 7.256
76 2 1 39.323 7.790 38.017 7.250
77 2 1 39.271 7.783 37.965 7.243
78 2 1 39.233 7.777 37.927 7.237
79 2 1 39.194 7.770 37.888 7.230
80 2 1 39.142 7.764 37.837 7.224
81 2 1 39.104 7.770 37.798 7.230
82 2 1 39.052 7.764 37.747 7.224
83 2 1 39.001 7.770 37.695 7.230
84 2 1 38.949 7.764 37.643 7.224
85 2 1 38.898 7.770 37.592 7.230
86 2 1 38.833 7.764 37.528 7.224
87 2 1 38.782 7.770 37.476 7.230
88 2 1 38.718 7.764 37.412 7.224
89 2 1 38.666 7.770 37.360 7.230
90 2 1 38.615 7.764 37.309 7.224
91 2 1 38.563 7.770 37.257 7.230
92 2 1 38.512 7.764 37.206 7.224
93 2 1 38.460 7.770 37.154 7.230
94 2 1 38.409 7.764 37.102 7.224
95 2 1 38.357 7.757 37.051 7.217
96 2 1 38.318 7.751 37.012 7.211
97 2 1 38.267 7.745 36.961 7.204
98 2 1 38.215 7.738 36.909 7.198
99 2 1 38.164 7.732 36.858 7.191
100 2 1 38.112 7.725 36.806 7.185
101 2 1 38.061 7.732 36.755 7.191
102 2 1 37.997 7.725 36.690 7.185
103 2 1 37.932 7.732 36.626 7.191
104 2 1 37.868 7.725 36.561 7.185
105 2 1 37.803 7.719 36.497 7.178
106 2 1 37.752 7.712 36.445 7.172
107 2 1 37.700 7.706 36.394 7.166
108 2 1 37.649 7.699 36.342 7.159
109 2 1 37.597 7.706 36.291 7.166
110 2 1 37.546 7.699 36.239 7.159
111 2 1 37.494 7.706 36.188 7.166
112 2 1 37.443 7.712 36.136 7.172
113 2 1 37.391 7.719 36.085 7.178
114 2 1 37.340 7.712 36.033 7.172
115 2 1 37.288 7.719 35.982 7.178
116 2 1 37.237 7.712 35.930 7.172
117 2 1 37.172 7.706 35.866 7.165
118 2 1 37.108 7.712 35.801 7.172
119 2 1 37.056 7.719 35.750 7.178
120 2 1 36.992 7.712 35.685 7.172
121 2 1 36.940 7.719 35.633 7.178
122 2 1 36.889 7.725 35.582 7.185
123 2 1 36.837 7.731 35.530 7.191
124 2 1 36.786 7.725 35.479 7.185
125 2 1 36.734 7.731 35.427 7.191
126 2 1 36.683 7.725 35.376 7.185
127 2 1 36.631 7.719 35.324 7.178
128 2 1 36.592 7.712 35.285 7.172
129 2 1 36.541 7.718 35.234 7.178
130 2 1 36.489 7.712 35.182 7.172
131 2 1 36.438 7.706 35.131 7.165
132 2 1 36.386 7.699 35.079 7.159
133 2 1 36.335 7.706 35.028 7.165
134 2 1 36.270 7.699 34.963 7.159
135 2 1 36.206 7.706 34.899 7.165
136 2 1 36.154 7.699 34.847 7.159
137 2 1 36.090 7.706 34.783 7.165
138 2 1 36.038 7.699 34.731 7.159
139 2 1 35.987 7.706 34.679 7.165
140 2 1 35.935 7.699 34.628 7.159
141 2 1 35.884 7.706 34.576 7.165
142 2 1 35.832 7.712 34.525 7.171
143 2 1 35.780 7.718 34.473 7.178
144 2 1 35.742 7.712 34.434 7.171
145 2 1 35.690 7.718 34.383 7.178
146 2 1 35.639 7.712 34.331 7.171
147 2 1 35.587 7.705 34.280 7.165
148 2 1 35.523 7.699 34.215 7.159
149 2 1 35.458 7.705 34.151 7.165
150 2 1 35.394 7.712 34.086 7.171
151 2 1 35.329 7.718 34.022 7.178
152 2 1 35.278 7.725 33.970 7.184
153 2 1 35.226 7.731 33.918 7.191
154 2 1 35.174 7.738 33.867 7.197
155 2 1 35.123 7.744 33.815 7.203
156 2 1 35.058 7.750 33.751 7.210
157 2 1 35.007 7.757 33.699 7.216
158 2 1 34.955 7.750 33.647 7.210
159 2 1 34.916 7.757 33.609 7.216
160 2 1 34.865 7.750 33.557 7.210
161 2 1 34.813 7.757 33.506 7.216
162 2 1 34.762 7.750 33.454 7.210
163 2 1 34.697 7.757 33.389 7.216
164 2 1 34.633 7.763 33.325 7.223
165 2 1 34.581 7.770 33.273 7.229
166 2 1 34.517 7.763 33.209 7.223
167 2 1 34.452 7.770 33.144 7.229
168 2 1 34.388 7.776 33.080 7.235
169 2 1 34.323 7.782 33.015 7.242
170 2 1 34.271 7.776 32.964 7.235
171 2 1 34.220 7.782 32.912 7.242
172 2 1 34.168 7.776 32.860 7.235
173 2 1 34.117 7.782 32.809 7.242
174 2 1 34.065 7.789 32.757 7.248
175 2 1 34.013 7.795 32.705 7.255
176 2 1 33.949 7.789 32.641 7.248
177 2 1 33.897 7.782 32.589 7.242
178 2 1 33.833 7.776 32.525 7.235
179 2 1 33.768 7.782 32.460 7.242
180 2 1 33.717 7.776 32.409 7.235
181 2 1 33.652 7.782 32.344 7.242
182 2 1 33.588 7.789 32.279 7.248
183 2 1 33.536 7.808 32.228 7.267
184 2 1 33.471 7.814 32.163 7.274
185 2 1 33.433 7.821 32.124 7.280
186 2 1 33.381 7.827 32.073 7.287
187 2 1 33.329 7.834 32.021 7.293
188 2 1 33.278 7.840 31.969 7.299
189 2 1 33.226 7.847 31.918 7.306
190 2 1 33.175 7.853 31.866 7.312
191 2 1 33.123 7.859 31.814 7.319
192 2 1 33.071 7.853 31.763 7.312
193 2 1 33.007 7.859 31.698 7.319
194 2 1 32.955 7.866 31.647 7.325
195 2 1 32.891 7.872 31.582 7.331
196 2 1 32.826 7.866 31.517 7.325
197 2 1 32.762 7.872 31.453 7.331
198 2 1 32.697 7.879 31.388 7.338
199 2 1 32.645 7.885 31.337 7.344
200 2 1 32.581 7.891 31.272 7.351
201 2 1 32.529 7.898 31.220 7.357
202 2 1 32.477 7.891 31.169 7.351
203 2 1 32.426 7.885 31.117 7.344
204 2 1 32.374 7.879 31.065 7.338
205 2 1 32.310 7.872 31.001 7.331
206 2 1 32.245 7.853 30.936 7.312
207 2 1 32.194 7.846 30.885 7.306
208 2 1 32.142 7.840 30.833 7.299
209 2 1 31.832 8.007 30.594 7.434
210 2 1 32.206 8.162 30.323 7.357
211 2 1 32.148 8.123 30.239 7.383
212 2 1 32.128 8.136 30.284 7.389
213 2 1 32.083 8.130 30.245 7.383
214 2 1 31.858 7.949 30.555 7.408
215 2 1 31.799 7.956 30.497 7.415
216 2 1 31.754 7.962 30.452 7.421
217 2 1 31.696 7.956 30.393 7.415
218 2 1 31.651 7.962 30.348 7.421
219 2 1 31.593 7.969 30.290 7.428
220 2 1 31.548 7.975 30.245 7.434
221 2 1 31.489 7.969 30.187 7.428
222 2 1 31.444 7.975 30.141 7.434
223 2 1 31.373 7.969 30.070 7.428
224 2 1 31.328 7.962 30.025 7.421
225 2 1 31.270 7.956 29.967 7.415
226 2 1 31.212 7.962 29.909 7.421
227 2 1 31.005 8.065 29.702 7.518
228 2 1 31.018 8.046 29.715 7.505
229 2 1 30.973 8.052 29.669 7.511
230 2 1 30.927 8.046 29.624 7.505
231 2 1 30.869 8.052 29.566 7.511
232 2 1 30.837 8.046 29.534 7.505
233 2 1 30.779 8.052 29.476 7.511
234 2 1 30.734 8.046 29.430 7.505
235 2 1 30.675 8.052 29.372 7.511
236 2 1 30.727 8.097 29.108 7.350
237 2 1 30.624 8.039 29.321 7.498
238 2 1 30.579 8.046 29.275 7.505
239 2 1 30.520 8.052 29.217 7.511
240 2 1 30.475 8.046 29.172 7.505
241 2 1 30.417 8.052 29.114 7.511
242 2 1 30.372 8.046 29.069 7.505
243 2 1 30.314 8.052 29.010 7.511
244 2 1 30.333 8.162 28.616 7.395
245 2 1 30.262 8.052 28.959 7.511
246 2 1 30.217 8.059 28.913 7.517
247 2 1 30.159 8.065 28.855 7.524
248 2 1 30.113 8.071 28.810 7.530
249 2 1 30.055 8.078 28.752 7.537
250 2 1 30.010 8.084 28.706 7.543
251 2 1 29.952 8.091 28.648 7.550
252 2 1 29.906 8.097 28.603 7.556
253 2 1 29.848 8.104 28.545 7.562
254 2 1 29.803 8.110 28.499 7.569
255 2 1 29.745 8.116 28.441 7.575
256 2 1 29.700 8.110 28.396 7.569
257 2 1 29.642 8.104 28.338 7.562
258 2 1 29.583 8.097 28.280 7.556
259 2 1 29.525 8.091 28.222 7.549
260 2 1 29.448 8.123 27.990 7.330
261 2 1 29.422 8.136 27.951 7.356
262 2 1 29.454 8.071 28.150 7.530
263 2 1 29.409 8.078 28.105 7.537
264 2 1 29.377 8.071 28.073 7.530
265 2 1 29.318 8.078 28.015 7.537
266 2 1 29.273 8.071 27.969 7.530
267 2 1 28.873 8.033 27.879 7.569
268 2 1 29.209 8.071 27.905 7.530
269 2 1 28.911 8.052 27.594 7.556
270 2 1 28.924 8.071 27.620 7.536
271 2 1 28.879 8.071 27.575 7.536
272 2 1 28.853 8.181 27.245 7.440
273 2 1 28.865 8.219 27.258 7.427
274 2 1 28.821 8.058 27.517 7.524
275 2 1 28.763 8.058 27.459 7.524
276 2 1 28.717 8.058 27.413 7.524
277 2 1 28.646 8.071 27.342 7.536
278 2 1 28.614 8.071 27.310 7.536
279 2 1 28.556 8.084 27.251 7.549
280 2 1 28.510 8.097 27.206 7.562
281 2 1 28.452 8.110 27.148 7.575
282 2 1 28.394 8.123 27.090 7.588
283 2 1 28.336 8.123 27.031 7.588
284 2 1 28.290 8.123 26.986 7.588
285 2 1 28.219 8.136 26.915 7.601
286 2 1 28.174 8.136 26.870 7.601
287 2 1 28.116 8.136 26.811 7.601
288 2 1 27.812 8.129 26.507 7.601
289 2 1 27.831 8.129 26.527 7.601
290 2 1 27.773 8.123 26.469 7.594
291 2 1 27.715 8.116 26.410 7.588
292 2 1 27.670 8.123 26.365 7.594
293 2 1 27.611 8.116 26.307 7.588
294 2 1 27.566 8.110 26.262 7.581
295 2 1 27.353 8.084 26.119 7.504
296 2 1 27.372 8.077 26.139 7.504
297 2 1 27.405 8.058 26.113 7.530
298 2 1 27.359 8.065 26.068 7.536
299 2 1 27.314 8.071 26.022 7.543
300 2 1 27.256 8.065 25.964 7.536
301 2 1 27.198 8.071 25.906 7.543
302 2 1 27.139 8.065 25.848 7.536
303 2 1 27.081 8.071 25.789 7.542
304 2 1 27.023 8.065 25.731 7.536
305 2 1 26.965 8.071 25.673 7.542
306 2 1 26.906 8.077 25.614 7.549
307 2 1 26.712 8.135 25.408 7.401
308 2 1 26.842 8.077 25.550 7.549
309 2 1 26.797 8.071 25.504 7.542
310 2 1 26.738 8.065 25.446 7.536
311 2 1 26.693 8.058 25.401 7.530
312 2 1 26.635 8.052 25.343 7.523
313 2 1 26.590 8.058 25.297 7.529
314 2 1 26.531 8.052 25.239 7.523
315 2 1 26.473 8.058 25.181 7.529
316 2 1 26.402 8.052 25.110 7.523
317 2 1 26.357 8.045 25.064 7.517
318 2 1 26.285 8.039 24.993 7.510
319 2 1 26.227 8.045 24.935 7.517
320 2 1 26.156 8.039 24.864 7.510
321 2 1 26.098 8.032 24.806 7.504
322 2 1 26.040 8.026 24.747 7.497
323 2 1 25.994 8.019 24.702 7.491
324 2 1 25.949 8.013 24.657 7.484
325 2 1 25.891 8.006 24.598 7.478
326 2 1 25.833 8.000 24.540 7.471
327 2 1 25.774 8.006 24.482 7.478
328 2 1 25.716 8.000 24.424 7.471
329 2 1 25.671 8.006 24.378 7.478
330 2 1 25.613 8.000 24.320 7.471
331 2 1 25.567 7.994 24.275 7.465
332 2 1 25.496 7.987 24.203 7.458
333 2 1 25.451 7.993 24.158 7.465
334 2 1 25.393 7.987 24.100 7.458
335 2 1 25.334 7.993 24.042 7.465
336 2 1 25.276 7.987 23.983 7.458
337 2 1 25.231 7.981 23.938 7.452
338 2 1 25.172 7.974 23.880 7.445
339 2 1 25.127 7.968 23.834 7.439
340 2 1 25.082 7.961 23.789 7.432
341 2 1 25.037 7.955 23.744 7.426
342 2 1 24.991 7.948 23.698 7.420
343 2 1 24.946 7.942 23.653 7.413
344 2 1 24.901 7.935 23.608 7.407
345 2 1 24.855 7.929 23.563 7.400
346 2 1 24.797 7.923 23.504 7.394
347 2 1 24.752 7.916 23.459 7.387
348 2 1 24.694 7.910 23.401 7.381
349 2 1 24.635 7.903 23.342 7.374
350 2 1 24.564 7.897 23.271 7.368
351 2 1 24.519 7.890 23.226 7.361
352 2 1 24.448 7.884 23.155 7.355
353 2 1 24.402 7.877 23.109 7.348
354 2 1 24.344 7.871 23.051 7.342
355 2 1 24.299 7.864 23.006 7.336
356 2 1 24.228 7.845 22.934 7.316
357 2 1 24.182 7.839 22.889 7.310
358 2 1 24.124 7.832 22.831 7.303
359 2 1 24.092 7.826 22.799 7.297
360 2 1 24.033 7.819 22.740 7.290
361 2 1 23.988 7.826 22.695 7.297
362 2 1 23.930 7.819 22.637 7.290
363 2 1 23.885 7.813 22.591 7.284
364 2 1 23.826 7.806 22.533 7.277
365 2 1 23.781 7.813 22.488 7.284
366 2 1 23.723 7.806 22.429 7.277
367 2 1 23.677 7.800 22.384 7.271
368 2 1 23.619 7.793 22.326 7.264
369 2 1 23.574 7.800 22.280 7.271
370 2 1 23.528 7.793 22.235 7.264
371 2 1 23.483 7.787 22.190 7.258
372 2 1 23.438 7.780 22.144 7.252
373 2 1 23.392 7.774 22.099 7.245
374 2 1 23.347 7.768 22.054 7.239
375 2 1 23.302 7.761 22.008 7.232
376 2 1 23.256 7.755 21.963 7.226
377 2 1 23.211 7.748 21.917 7.219
378 2 1 23.153 7.742 21.859 7.213
379 2 1 23.107 7.735 21.814 7.206
380 2 1 22.997 7.800 21.569 6.942
381 2 1 23.043 7.709 21.749 7.180
382 2 1 22.984 7.703 21.691 7.174
383 2 1 22.939 7.697 21.645 7.168
384 2 1 22.881 7.690 21.587 7.161
385 2 1 22.836 7.684 21.542 7.155
386 2 1 22.777 7.677 21.484 7.148
387 2 1 22.732 7.671 21.438 7.142
388 2 1 22.687 7.664 21.393 7.135
389 2 1 22.641 7.658 21.347 7.129
391 2 1 22.538 7.645 21.244 7.116
392 2 1 22.492 7.638 21.198 7.109
393 2 1 22.447 7.645 21.153 7.116
394 2 1 22.389 7.638 21.095 7.109
395 2 1 22.330 7.632 21.036 7.103
396 2 1 22.272 7.626 20.978 7.096
397 2 1 22.227 7.619 20.933 7.090
398 2 1 22.168 7.613 20.874 7.083
399 2 1 22.110 7.619 20.816 7.090
400 2 1 22.052 7.613 20.758 7.083
401 2 1 22.006 7.619 20.712 7.090
402 2 1 21.948 7.613 20.654 7.083
403 2 1 21.916 7.606 20.621 7.077
404 2 1 21.857 7.600 20.563 7.070
405 2 1 21.812 7.593 20.518 7.064
406 2 1 21.767 7.587 20.472 7.058
408 2 1 21.663 7.574 20.369 7.045
409 2 1 21.605 7.580 20.310 7.051
410 2 1 21.546 7.574 20.252 7.045
411 2 1 21.488 7.567 20.194 7.038
412 2 1 21.430 7.561 20.135 7.032
413 2 1 21.384 7.554 20.090 7.025
414 2 1 21.326 7.548 20.032 7.019
415 2 1 21.267 7.554 19.973 7.025
416 2 1 21.222 7.548 19.928 7.019
417 2 1 21.177 7.541 19.882 7.012
418 2 1 21.131 7.535 19.837 7.006
419 2 1 21.099 7.541 19.805 7.012
420 2 1 21.041 7.535 19.746 7.006
421 2 1 21.008 7.541 19.714 7.012
422 2 1 20.963 7.535 19.668 7.006
423 2 1 20.917 7.541 19.623 7.012
424 2 1 20.872 7.535 19.577 7.006
425 2 1 20.827 7.541 19.532 7.012
426 2 1 20.768 7.548 19.474 7.019
427 2 1 20.723 7.554 19.428 7.025
428 2 1 20.514 7.703 19.202 6.838
429 2 1 20.658 7.541 19.363 7.012
430 2 1 20.613 7.548 19.318 7.018
431 2 1 20.567 7.554 19.272 7.025
432 2 1 20.522 7.548 19.227 7.018
433 2 1 20.476 7.554 19.182 7.025
434 2 1 20.431 7.548 19.136 7.018
435 2 1 20.398 7.554 19.104 7.025
436 2 1 20.340 7.548 19.045 7.018
437 2 1 20.308 7.554 19.013 7.025
438 2 1 20.249 7.561 18.954 7.031
439 2 1 20.204 7.567 18.909 7.038
440 2 1 20.145 7.561 18.851 7.031
441 2 1 20.100 7.567 18.805 7.038
442 2 1 20.042 7.561 18.747 7.031
443 2 1 19.996 7.554 18.701 7.025
444 2 1 19.925 7.548 18.630 7.018
445 2 1 19.880 7.541 18.585 7.012
446 2 1 19.834 7.535 18.539 7.005
390 2 1 22.583 7.651 21.289 7.122
407 2 1 21.721 7.580 20.427 7.051
33 4 2 18.764 13.335 18.506 13.050
34 4 2 18.861 13.444 18.513 12.921
35 4 2 18.854 13.464 18.526 12.850
36 4 2 19.095 13.502 18.585 12.824
37 4 2 19.166 13.502 18.591 12.830
38 4 2 19.231 13.580 18.565 12.824
39 4 2 19.328 13.593 18.572 12.830
40 4 2 19.386 13.586 18.578 12.869
41 4 2 19.432 13.547 18.565 12.850
42 4 2 19.457 13.702 18.494 12.766
43 4 2 19.575 13.586 18.462 12.721
44 4 2 19.666 13.618 18.501 12.721
45 4 2 19.250 13.502 18.695 12.856
46 4 2 19.322 13.483 18.767 12.837
47 4 2 19.997 13.547 18.560 12.624
48 4 2 19.400 13.457 18.845 12.811
49 4 2 19.485 13.437 18.929 12.791
50 4 2 19.582 13.418 19.027 12.772
51 4 2 19.680 13.411 19.124 12.765
52 4 2 19.790 13.392 19.235 12.746
53 4 2 20.666 13.449 18.846 12.623
54 4 2 20.531 13.313 19.118 12.681
55 4 2 19.875 13.359 19.320 12.713
56 4 2 19.959 13.340 19.404 12.694
57 4 2 20.070 13.333 19.515 12.687
58 4 2 20.180 13.314 19.625 12.668
59 4 2 20.291 13.294 19.736 12.648
60 4 2 20.401 13.262 19.846 12.616
61 4 2 20.512 13.242 19.957 12.597
62 4 2 20.622 13.223 20.067 12.577
63 4 2 20.733 13.203 20.178 12.558
64 4 2 20.843 13.171 20.288 12.525
65 4 2 20.954 13.164 20.399 12.519
66 4 2 21.077 13.132 20.522 12.486
67 4 2 21.187 13.112 20.633 12.467
68 4 2 21.311 13.093 20.756 12.447
69 4 2 21.421 13.073 20.866 12.428
70 4 2 21.545 13.054 20.990 12.408
71 4 2 21.655 13.047 21.100 12.402
72 4 2 21.779 13.015 21.224 12.369
73 4 2 21.889 13.008 21.334 12.363
74 4 2 22.012 12.976 21.457 12.331
75 4 2 22.123 12.957 21.568 12.311
76 4 2 22.246 12.937 21.691 12.292
77 4 2 22.356 12.918 21.802 12.272
78 4 2 22.480 12.898 21.925 12.253
79 4 2 22.590 12.879 22.035 12.233
80 4 2 22.713 12.859 22.159 12.214
81 4 2 22.837 12.840 22.282 12.194
82 4 2 22.960 12.820 22.405 12.175
83 4 2 23.083 12.801 22.529 12.155
84 4 2 23.207 12.781 22.652 12.136
85 4 2 23.330 12.762 22.775 12.116
86 4 2 23.453 12.742 22.899 12.097
87 4 2 23.577 12.723 23.022 12.077
88 4 2 23.700 12.703 23.145 12.058
89 4 2 24.193 12.696 23.288 12.039
90 4 2 23.817 12.690 23.262 12.045
91 4 2 23.927 12.684 23.372 12.038
92 4 2 24.050 12.664 23.496 12.019
93 4 2 24.173 12.658 23.619 12.012
94 4 2 24.297 12.638 23.742 11.993
95 4 2 24.420 12.619 23.865 11.974
96 4 2 24.556 12.599 24.002 11.954
97 4 2 24.679 12.593 24.125 11.948
98 4 2 24.789 12.573 24.235 11.928
99 4 2 25.152 12.566 24.559 11.915
101 4 2 25.107 12.560 24.553 11.915
102 4 2 25.476 12.528 24.883 11.857
103 4 2 25.431 12.515 24.877 11.870
104 4 2 25.748 12.553 25.143 11.844
105 4 2 25.703 12.521 25.149 11.876
106 4 2 26.073 12.443 25.467 11.734
107 4 2 26.021 12.417 25.467 11.772
108 4 2 26.118 12.411 25.564 11.766
109 4 2 26.526 12.404 25.972 11.759
110 4 2 26.494 12.398 25.940 11.753
111 4 2 26.578 12.391 26.024 11.746
112 4 2 26.928 12.404 26.361 11.733
113 4 2 26.895 12.391 26.341 11.746
114 4 2 26.980 12.384 26.425 11.740
115 4 2 27.277 12.378 26.723 11.675
116 4 2 27.252 12.352 26.697 11.707
117 4 2 27.323 12.345 26.769 11.701
118 4 2 27.407 12.339 26.853 11.694
119 4 2 27.601 12.281 27.060 11.597
120 4 2 27.588 12.268 27.041 11.623
121 4 2 27.653 12.261 27.106 11.617
122 4 2 27.731 12.268 27.183 11.623
123 4 2 28.081 12.184 27.488 11.513
124 4 2 28.824 12.273 27.003 11.430
125 4 2 28.022 12.171 27.475 11.526
126 4 2 28.288 12.183 27.708 11.455
127 4 2 29.044 12.260 27.132 11.404
128 4 2 28.243 12.138 27.695 11.494
129 4 2 28.294 12.132 27.747 11.487
130 4 2 28.612 12.112 27.954 11.416
131 4 2 29.297 12.247 27.469 11.442
132 4 2 28.728 12.131 27.903 11.403
133 4 2 28.521 12.074 27.974 11.429
134 4 2 28.560 12.080 28.012 11.435
135 4 2 28.625 12.086 28.077 11.442
136 4 2 28.663 12.080 28.116 11.435
137 4 2 28.715 12.073 28.168 11.429
138 4 2 28.767 12.067 28.220 11.422
139 4 2 28.806 12.073 28.258 11.429
140 4 2 28.845 12.067 28.297 11.422
141 4 2 28.896 12.073 28.349 11.429
142 4 2 28.948 12.080 28.401 11.435
143 4 2 29.168 12.099 28.588 11.377
144 4 2 29.136 12.060 28.588 11.416
145 4 2 29.950 12.214 28.109 11.442
146 4 2 29.168 12.060 28.621 11.416
147 4 2 29.207 12.067 28.659 11.422
148 4 2 29.259 12.073 28.711 11.429
149 4 2 29.297 12.067 28.750 11.422
150 4 2 29.336 12.073 28.789 11.429
151 4 2 29.388 12.066 28.841 11.422
152 4 2 29.440 12.073 28.892 11.428
153 4 2 29.491 12.066 28.944 11.422
154 4 2 29.543 12.073 28.996 11.428
155 4 2 29.595 12.079 29.047 11.435
156 4 2 29.905 12.073 29.261 11.512
157 4 2 29.653 12.079 29.106 11.435
158 4 2 29.705 12.086 29.157 11.441
159 4 2 29.769 12.079 29.222 11.435
160 4 2 29.834 12.086 29.287 11.441
161 4 2 30.112 12.130 29.533 11.402
162 4 2 30.073 12.085 29.526 11.441
163 4 2 30.125 12.092 29.578 11.447
164 4 2 30.190 12.098 29.642 11.454
165 4 2 30.267 12.092 29.720 11.447
166 4 2 30.332 12.098 29.785 11.454
167 4 2 30.397 12.092 29.849 11.447
168 4 2 30.461 12.098 29.914 11.454
169 4 2 30.526 12.104 29.979 11.460
170 4 2 30.603 12.111 30.056 11.466
171 4 2 30.668 12.104 30.121 11.460
172 4 2 30.720 12.111 30.172 11.466
173 4 2 30.797 12.117 30.250 11.473
174 4 2 30.875 12.123 30.328 11.479
175 4 2 30.939 12.117 30.392 11.473
176 4 2 31.030 12.123 30.483 11.479
177 4 2 31.094 12.130 30.547 11.486
178 4 2 31.185 12.136 30.638 11.492
179 4 2 31.262 12.130 30.715 11.485
180 4 2 31.340 12.136 30.793 11.492
181 4 2 31.418 12.142 30.870 11.498
182 4 2 31.508 12.149 30.961 11.505
183 4 2 31.598 12.142 31.051 11.498
184 4 2 31.676 12.136 31.129 11.492
185 4 2 31.754 12.129 31.206 11.485
186 4 2 31.831 12.136 31.284 11.492
187 4 2 31.922 12.142 31.374 11.498
188 4 2 32.012 12.148 31.465 11.504
189 4 2 32.090 12.142 31.542 11.498
190 4 2 32.167 12.148 31.620 11.504
191 4 2 32.257 12.142 31.710 11.498
192 4 2 32.348 12.148 31.801 11.504
193 4 2 32.425 12.155 31.878 11.510
194 4 2 32.516 12.161 31.969 11.517
195 4 2 32.606 12.154 32.059 11.510
196 4 2 32.697 12.161 32.150 11.517
197 4 2 32.800 12.167 32.253 11.523
198 4 2 32.890 12.174 32.343 11.530
199 4 2 32.981 12.167 32.434 11.523
200 4 2 33.084 12.186 32.537 11.542
201 4 2 33.187 12.180 32.640 11.536
202 4 2 33.291 12.186 32.744 11.542
203 4 2 33.381 12.193 32.834 11.549
204 4 2 33.471 12.212 32.924 11.568
205 4 2 33.575 12.205 33.028 11.561
206 4 2 33.678 12.212 33.131 11.568
207 4 2 33.781 12.205 33.234 11.561
208 4 2 33.872 12.211 33.325 11.568
209 4 2 33.962 12.218 33.415 11.574
210 4 2 34.065 12.224 33.518 11.580
212 4 2 34.059 12.218 33.512 11.574
213 4 2 34.401 12.314 33.796 11.606
214 4 2 34.343 12.276 33.796 11.632
215 4 2 34.671 12.411 34.118 11.702
216 4 2 34.639 12.365 34.093 11.722
217 4 2 34.717 12.372 34.170 11.728
218 4 2 34.820 12.404 34.273 11.760
219 4 2 34.923 12.410 34.376 11.767
220 4 2 35.026 12.430 34.480 11.786
221 4 2 35.130 12.436 34.583 11.792
222 4 2 35.246 12.455 34.699 11.812
223 4 2 35.349 12.462 34.802 11.818
224 4 2 35.755 12.532 35.176 11.850
225 4 2 35.710 12.506 35.163 11.863
226 4 2 35.800 12.526 35.254 11.882
227 4 2 36.207 12.577 35.615 11.920
228 4 2 36.155 12.564 35.608 11.920
229 4 2 36.245 12.583 35.699 11.940
230 4 2 36.348 12.590 35.802 11.946
231 4 2 36.464 12.609 35.918 11.965
232 4 2 36.580 12.628 36.034 11.984
233 4 2 36.696 12.647 36.150 12.004
234 4 2 36.813 12.654 36.266 12.010
235 4 2 36.916 12.660 36.369 12.016
236 4 2 37.032 12.666 36.485 12.023
237 4 2 37.148 12.686 36.601 12.042
238 4 2 37.264 12.692 36.717 12.048
239 4 2 37.393 12.711 36.846 12.068
240 4 2 37.509 12.717 36.962 12.074
241 4 2 37.612 12.724 37.065 12.080
242 4 2 37.728 12.730 37.181 12.087
243 4 2 37.844 12.749 37.297 12.106
244 4 2 38.205 12.794 37.574 12.138
246 4 2 38.140 12.781 37.594 12.138
247 4 2 38.243 12.788 37.697 12.144
248 4 2 38.359 12.794 37.813 12.151
249 4 2 38.746 12.884 38.116 12.163
250 4 2 38.456 12.807 37.910 12.163
251 4 2 38.926 12.916 38.335 12.215
252 4 2 38.868 12.877 38.322 12.234
253 4 2 38.971 12.896 38.425 12.253
254 4 2 39.087 12.928 38.541 12.285
255 4 2 39.216 12.935 38.670 12.292
256 4 2 39.332 12.967 38.786 12.324
257 4 2 39.724 13.102 39.108 12.381
258 4 2 39.441 12.980 38.895 12.336
259 4 2 39.544 13.012 38.998 12.369
260 4 2 39.660 13.044 39.114 12.401
261 4 2 39.789 13.076 39.243 12.433
262 4 2 39.905 13.121 39.359 12.478
263 4 2 39.995 13.153 39.449 12.510
264 4 2 40.111 13.211 39.564 12.568
265 4 2 40.201 13.256 39.655 12.613
266 4 2 40.304 13.314 39.757 12.670
267 4 2 40.394 13.359 39.848 12.715
268 4 2 40.484 13.416 39.938 12.773
269 4 2 40.574 13.474 40.028 12.831
270 4 2 40.664 13.532 40.118 12.889
271 4 2 40.767 13.577 40.221 12.934
272 4 2 40.857 13.648 40.311 13.005
273 4 2 40.947 13.706 40.401 13.062
274 4 2 41.050 13.763 40.504 13.120
275 4 2 41.108 13.821 40.626 13.178
276 4 2 41.198 13.879 40.716 13.236
278 4 2 41.159 13.873 40.677 13.230
279 4 2 41.236 13.930 40.754 13.287
280 4 2 41.313 13.988 40.832 13.345
281 4 2 41.403 14.046 40.922 13.403
282 4 2 41.468 14.104 40.986 13.461
283 4 2 41.558 14.175 41.076 13.532
284 4 2 41.635 14.220 41.153 13.577
285 4 2 41.712 14.290 41.230 13.647
286 4 2 41.802 14.348 41.320 13.705
287 4 2 41.892 14.406 41.410 13.763
288 4 2 41.969 14.464 41.487 13.821
289 4 2 42.046 14.522 41.565 13.879
290 4 2 42.124 14.580 41.642 13.936
291 4 2 42.214 14.637 41.732 13.994
292 4 2 42.304 14.695 41.822 14.052
293 4 2 42.381 14.753 41.899 14.110
294 4 2 42.458 14.811 41.976 14.168
295 4 2 42.535 14.882 42.053 14.239
296 4 2 42.612 14.927 42.130 14.283
297 4 2 42.702 14.997 42.220 14.354
298 4 2 42.779 15.055 42.298 14.412
299 4 2 42.869 15.113 42.388 14.470
300 4 2 42.946 15.171 42.465 14.528
301 4 2 43.024 15.241 42.542 14.598
302 4 2 43.101 15.299 42.619 14.656
303 4 2 43.178 15.357 42.696 14.714
55 5 1 43.003 11.208 41.750 10.521
56 5 1 42.952 11.208 41.699 10.521
57 5 1 42.900 11.208 41.647 10.521
58 5 1 42.984 11.272 41.383 10.553
59 5 1 42.842 11.273 41.460 10.547
60 5 1 42.772 11.247 41.499 10.508
61 5 1 42.772 11.247 41.486 10.495
62 5 1 42.733 11.234 41.454 10.482
63 5 1 42.727 11.221 41.441 10.470
64 5 1 42.643 11.208 41.403 10.470
65 5 1 42.598 11.202 41.377 10.463
66 5 1 42.553 11.208 41.351 10.470
67 5 1 42.495 11.202 41.319 10.450
68 5 1 42.540 11.202 41.274 10.457
69 5 1 42.514 11.221 41.223 10.470
70 5 1 42.411 11.234 41.100 10.483
71 5 1 42.399 11.170 40.856 10.508
72 5 1 42.412 11.202 41.126 10.483
73 5 1 42.366 11.208 41.081 10.489
74 5 1 42.321 11.202 41.036 10.483
75 5 1 42.103 11.202 40.875 10.457
76 5 1 42.064 11.215 40.888 10.470
77 5 1 41.987 11.157 40.907 10.553
78 5 1 42.032 11.241 40.791 10.496
79 5 1 42.032 11.254 40.785 10.496
80 5 1 41.987 11.267 40.740 10.508
81 5 1 41.903 11.286 40.688 10.508
82 5 1 41.852 11.305 40.618 10.502
83 5 1 41.826 11.299 40.573 10.502
84 5 1 41.755 11.292 40.528 10.496
85 5 1 41.742 11.292 40.483 10.496
86 5 1 41.684 11.305 40.412 10.502
87 5 1 41.672 11.267 40.405 10.509
88 5 1 41.575 11.293 40.341 10.521
89 5 1 41.588 11.286 40.206 10.534
90 5 1 41.459 11.286 40.109 10.547
91 5 1 41.414 11.286 40.135 10.534
92 5 1 41.350 11.299 40.051 10.528
93 5 1 41.311 11.293 40.019 10.522
94 5 1 41.247 11.286 39.948 10.522
95 5 1 41.189 11.280 39.916 10.522
96 5 1 41.150 11.261 39.858 10.522
97 5 1 41.105 11.248 39.865 10.522
98 5 1 41.093 11.235 39.858 10.528
99 5 1 41.138 11.228 39.813 10.522
100 5 1 41.112 11.261 39.800 10.509
101 5 1 41.073 11.228 39.807 10.490
102 5 1 40.996 11.241 39.787 10.483
103 5 1 40.919 11.248 39.762 10.470
104 5 1 40.893 11.222 39.717 10.464
105 5 1 40.874 11.229 39.646 10.483
106 5 1 40.777 11.241 39.478 10.515
107 5 1 40.681 11.235 39.356 10.509
108 5 1 40.687 11.248 39.266 10.528
109 5 1 40.719 11.229 39.079 10.548
110 5 1 40.649 11.209 39.427 10.496
111 5 1 40.520 11.235 39.195 10.509
112 5 1 40.449 11.222 39.189 10.490
113 5 1 40.391 11.229 39.189 10.464
114 5 1 40.333 11.229 39.124 10.464
115 5 1 40.327 11.222 39.079 10.464
116 5 1 40.243 11.235 39.060 10.470
117 5 1 40.172 11.235 39.015 10.464
118 5 1 40.140 11.223 38.983 10.451
119 5 1 40.082 11.216 38.970 10.432
120 5 1 40.127 11.197 38.925 10.445
121 5 1 40.095 11.190 38.925 10.438
122 5 1 40.044 11.190 38.847 10.445
123 5 1 40.011 11.184 38.822 10.451
124 5 1 39.928 11.178 38.738 10.432
125 5 1 39.863 11.152 38.590 10.393
126 5 1 39.825 11.152 38.513 10.381
127 5 1 39.831 11.126 38.648 10.413
128 5 1 39.786 11.113 38.603 10.400
129 5 1 39.741 11.113 38.558 10.400
130 5 1 39.696 11.088 38.513 10.374
131 5 1 39.683 11.068 38.326 10.297
132 5 1 39.670 11.056 38.332 10.304
133 5 1 39.657 11.068 38.345 10.284
134 5 1 39.561 11.068 38.345 10.265
135 5 1 39.451 11.030 38.300 10.239
136 5 1 39.407 10.946 38.275 10.201
137 5 1 39.381 10.863 38.307 10.252
138 5 1 39.317 10.856 38.287 10.226
139 5 1 39.278 10.850 38.210 10.233
140 5 1 39.420 10.921 38.249 10.207
141 5 1 39.374 10.895 38.204 10.181
142 5 1 39.342 10.869 38.172 10.156
143 5 1 39.297 10.856 38.127 10.143
144 5 1 39.265 10.843 38.094 10.130
145 5 1 39.220 10.805 38.049 10.091
146 5 1 39.059 10.792 37.850 9.969
147 5 1 39.169 10.786 37.998 10.072
148 5 1 39.124 10.760 37.953 10.046
149 5 1 39.079 10.734 37.908 10.021
150 5 1 39.046 10.708 37.876 9.995
151 5 1 39.001 10.683 37.831 9.969
152 5 1 38.956 10.657 37.786 9.943
153 5 1 38.911 10.631 37.741 9.918
154 5 1 38.866 10.619 37.695 9.905
155 5 1 38.673 10.522 37.573 9.731
156 5 1 38.815 10.586 37.644 9.873
157 5 1 38.609 10.490 37.574 9.680
158 5 1 38.776 10.554 37.605 9.841
159 5 1 38.744 10.529 37.573 9.815
160 5 1 38.712 10.516 37.541 9.802
161 5 1 38.667 10.490 37.496 9.776
162 5 1 38.635 10.464 37.464 9.751
163 5 1 38.590 10.439 37.419 9.725
164 5 1 38.558 10.413 37.387 9.699
165 5 1 38.513 10.387 37.342 9.673
166 5 1 38.467 10.361 37.297 9.648
167 5 1 38.422 10.323 37.252 9.609
168 5 1 38.390 10.297 37.219 9.583
169 5 1 38.345 10.271 37.174 9.558
170 5 1 38.313 10.246 37.142 9.532
171 5 1 38.268 10.220 37.097 9.506
172 5 1 38.223 10.194 37.052 9.481
173 5 1 38.178 10.169 37.007 9.455
174 5 1 38.146 10.143 36.975 9.429
175 5 1 38.101 10.130 36.930 9.416
176 5 1 38.069 10.104 36.898 9.390
177 5 1 38.024 10.078 36.853 9.365
178 5 1 37.991 10.066 36.820 9.352
179 5 1 37.946 10.040 36.775 9.326
180 5 1 37.914 10.014 36.743 9.300
181 5 1 37.856 10.001 36.685 9.288
182 5 1 37.824 9.976 36.653 9.262
183 5 1 37.766 9.950 36.595 9.236
184 5 1 37.734 9.924 36.563 9.210
185 5 1 37.676 9.898 36.505 9.185
186 5 1 37.644 9.873 36.473 9.159
187 5 1 37.586 9.847 36.415 9.133
188 5 1 37.541 9.834 36.370 9.120
189 5 1 37.496 9.808 36.325 9.095
190 5 1 37.464 9.783 36.293 9.069
191 5 1 37.419 9.757 36.248 9.043
192 5 1 37.374 9.744 36.202 9.030
193 5 1 37.329 9.718 36.157 9.005
194 5 1 37.296 9.693 36.125 8.979
195 5 1 37.251 9.680 36.080 8.966
196 5 1 37.206 9.654 36.035 8.940
197 5 1 37.161 9.641 35.990 8.927
198 5 1 37.116 9.616 35.945 8.902
199 5 1 37.071 9.603 35.900 8.889
200 5 1 37.026 9.577 35.855 8.863
201 5 1 36.981 9.564 35.810 8.850
202 5 1 36.936 9.538 35.765 8.825
203 5 1 36.878 9.513 35.707 8.799
204 5 1 36.833 9.500 35.662 8.786
205 5 1 36.775 9.474 35.604 8.760
206 5 1 36.730 9.448 35.559 8.734
207 5 1 36.685 9.436 35.513 8.722
208 5 1 36.653 9.423 35.481 8.709
209 5 1 36.595 9.410 35.423 8.696
210 5 1 36.562 9.397 35.391 8.683
211 5 1 36.517 9.384 35.346 8.670
212 5 1 36.472 9.371 35.301 8.657
213 5 1 36.427 9.358 35.256 8.644
214 5 1 36.395 9.333 35.224 8.619
215 5 1 36.337 9.320 35.166 8.606
216 5 1 36.292 9.307 35.120 8.593
217 5 1 36.234 9.294 35.062 8.580
218 5 1 36.202 9.281 35.030 8.567
219 5 1 36.144 9.268 34.972 8.554
220 5 1 36.086 9.256 34.914 8.542
221 5 1 36.028 9.243 34.856 8.529
222 5 1 35.983 9.243 34.811 8.529
223 5 1 35.925 9.230 34.753 8.516
224 5 1 35.687 9.075 34.618 8.361
225 5 1 35.860 9.211 34.689 8.496
226 5 1 35.815 9.198 34.644 8.484
227 5 1 35.506 9.005 34.515 8.381
228 5 1 35.764 9.165 34.592 8.451
229 5 1 35.719 9.153 34.547 8.439
230 5 1 35.686 9.140 34.515 8.426
231 5 1 35.628 9.127 34.457 8.413
232 5 1 35.583 9.114 34.412 8.400
233 5 1 35.538 9.101 34.367 8.387
234 5 1 35.493 9.088 34.321 8.374
235 5 1 35.435 9.075 34.263 8.361
236 5 1 35.377 9.063 34.205 8.348
237 5 1 35.319 9.050 34.147 8.336
238 5 1 35.261 9.037 34.089 8.323
239 5 1 35.203 9.024 34.031 8.310
240 5 1 35.145 9.011 33.973 8.297
241 5 1 35.074 8.998 33.902 8.284
242 5 1 35.029 8.985 33.857 8.271
243 5 1 34.971 8.985 33.799 8.271
244 5 1 34.926 8.973 33.754 8.258
245 5 1 34.868 8.973 33.696 8.258
246 5 1 34.823 8.960 33.651 8.245
247 5 1 34.752 8.947 33.580 8.233
248 5 1 34.720 8.934 33.548 8.220
249 5 1 34.436 8.760 33.290 8.091
250 5 1 34.469 8.792 33.303 8.085
251 5 1 34.417 8.786 33.251 8.078
252 5 1 34.365 8.780 33.200 8.072
253 5 1 34.314 8.773 33.148 8.065
254 5 1 34.249 8.767 33.084 8.059
255 5 1 34.198 8.747 33.032 8.040
256 5 1 34.133 8.741 32.968 8.033
257 5 1 34.069 8.735 32.903 8.027
258 5 1 33.972 8.670 32.639 7.924
259 5 1 33.908 8.677 32.665 7.911
260 5 1 33.991 8.728 32.826 8.020
261 5 1 33.940 8.722 32.774 8.014
262 5 1 33.901 8.715 32.735 8.007
263 5 1 33.850 8.696 32.684 7.988
264 5 1 33.811 8.689 32.645 7.982
265 5 1 33.772 8.683 32.606 7.975
266 5 1 33.733 8.677 32.568 7.969
267 5 1 33.682 8.657 32.516 7.949
268 5 1 33.643 8.651 32.477 7.943
269 5 1 33.592 8.644 32.426 7.936
270 5 1 33.540 8.651 32.374 7.943
271 5 1 33.488 8.644 32.322 7.936
272 5 1 33.437 8.651 32.271 7.943
273 5 1 33.385 8.644 32.219 7.936
274 5 1 33.321 8.651 32.155 7.943
275 5 1 33.256 8.644 32.090 7.936
276 5 1 33.204 8.651 32.038 7.943
277 5 1 33.127 8.606 31.677 7.917
278 5 1 33.133 8.651 31.967 7.943
279 5 1 33.082 8.657 31.916 7.949
280 5 1 33.030 8.664 31.864 7.956
281 5 1 32.991 8.657 31.825 7.949
282 5 1 32.953 8.664 31.787 7.956
283 5 1 32.888 8.657 31.722 7.949
284 5 1 32.849 8.664 31.683 7.956
285 5 1 32.785 8.670 31.619 7.962
286 5 1 32.746 8.664 31.580 7.956
287 5 1 32.695 8.657 31.528 7.949
288 5 1 32.346 8.651 31.018 7.968
289 5 1 32.636 8.657 31.470 7.949
290 5 1 32.585 8.651 31.419 7.943
291 5 1 32.533 8.644 31.367 7.936
292 5 1 32.482 8.651 31.315 7.943
293 5 1 32.417 8.657 31.251 7.949
294 5 1 32.365 8.664 31.199 7.956
295 5 1 32.301 8.670 31.134 7.962
296 5 1 32.249 8.677 31.083 7.968
297 5 1 32.197 8.683 31.031 7.975
298 5 1 32.146 8.690 30.979 7.981
299 5 1 32.081 8.696 30.915 7.988
300 5 1 32.029 8.702 30.863 7.994
301 5 1 31.978 8.709 30.811 8.001
302 5 1 31.926 8.715 30.760 8.007
303 5 1 31.887 8.709 30.721 8.001
304 5 1 31.836 8.715 30.669 8.007
305 5 1 31.784 8.722 30.617 8.013
306 5 1 31.732 8.728 30.566 8.020
307 5 1 31.681 8.722 30.514 8.013
308 5 1 31.616 8.728 30.449 8.020
309 5 1 31.564 8.735 30.398 8.026
310 5 1 31.500 8.728 30.333 8.020
311 5 1 31.448 8.722 30.282 8.013
312 5 1 31.384 8.728 30.217 8.020
313 5 1 31.332 8.722 30.165 8.013
314 5 1 31.280 8.728 30.114 8.020
315 5 1 31.229 8.722 30.062 8.013
316 5 1 31.177 8.728 30.010 8.020
317 5 1 31.138 8.722 29.971 8.013
318 5 1 31.087 8.728 29.920 8.020
319 5 1 31.035 8.722 29.868 8.013
320 5 1 30.983 8.728 29.816 8.020
321 5 1 30.931 8.735 29.765 8.026
322 5 1 30.880 8.741 29.713 8.033
323 5 1 30.828 8.735 29.661 8.026
324 5 1 30.776 8.754 29.609 8.046
325 5 1 30.725 8.760 29.558 8.052
326 5 1 30.673 8.767 29.506 8.058
327 5 1 30.621 8.760 29.454 8.052
328 5 1 30.570 8.767 29.403 8.058
329 5 1 30.505 8.773 29.338 8.065
330 5 1 30.453 8.780 29.286 8.071
331 5 1 30.402 8.786 29.234 8.078
332 5 1 30.350 8.793 29.183 8.084
333 5 1 30.285 8.799 29.118 8.091
334 5 1 30.233 8.818 29.066 8.110
335 5 1 30.182 8.825 29.015 8.116
336 5 1 30.143 8.831 28.976 8.123
337 5 1 30.091 8.825 28.924 8.116
338 5 1 30.052 8.831 28.885 8.123
339 5 1 30.001 8.838 28.833 8.129
340 5 1 29.949 8.844 28.782 8.136
341 5 1 29.897 8.838 28.730 8.129
342 5 1 29.846 8.831 28.678 8.123
343 5 1 29.794 8.825 28.627 8.116
344 5 1 29.742 8.831 28.575 8.123
345 5 1 29.691 8.825 28.523 8.116
346 5 1 29.626 8.818 28.459 8.110
347 5 1 29.561 8.812 28.394 8.103
348 5 1 29.510 8.818 28.342 8.110
349 5 1 29.458 8.812 28.291 8.103
350 5 1 29.406 8.818 28.239 8.110
351 5 1 29.368 8.799 28.200 8.090
352 5 1 29.316 8.793 28.148 8.084
353 5 1 29.277 8.786 28.110 8.078
354 5 1 29.225 8.793 28.058 8.084
355 5 1 29.174 8.773 28.006 8.065
356 5 1 29.122 8.780 27.954 8.071
357 5 1 29.070 8.773 27.903 8.065
358 5 1 29.019 8.767 27.851 8.058
359 5 1 28.967 8.760 27.799 8.052
360 5 1 28.928 8.754 27.760 8.045
361 5 1 28.876 8.748 27.709 8.039
362 5 1 28.825 8.754 27.657 8.045
363 5 1 28.773 8.748 27.605 8.039
364 5 1 28.721 8.754 27.554 8.045
365 5 1 28.670 8.748 27.502 8.039
366 5 1 28.618 8.754 27.450 8.045
367 5 1 28.566 8.735 27.398 8.026
368 5 1 28.527 8.741 27.360 8.032
369 5 1 28.489 8.735 27.321 8.026
370 5 1 28.437 8.728 27.269 8.020
371 5 1 28.398 8.722 27.230 8.013
372 5 1 28.359 8.715 27.191 8.007
373 5 1 28.308 8.709 27.140 8.000
374 5 1 28.269 8.702 27.101 7.994
375 5 1 28.217 8.683 27.049 7.974
376 5 1 28.178 8.677 27.010 7.968
377 5 1 28.127 8.657 26.959 7.949
378 5 1 28.088 8.651 26.920 7.942
379 5 1 28.036 8.632 26.868 7.923
380 5 1 27.985 8.625 26.817 7.916
381 5 1 27.933 8.593 26.765 7.884
382 5 1 27.881 8.586 26.713 7.878
383 5 1 27.830 8.567 26.662 7.858
384 5 1 27.791 8.548 26.623 7.839
385 5 1 27.752 8.541 26.584 7.833
386 5 1 27.713 8.535 26.545 7.826
387 5 1 27.675 8.516 26.506 7.807
388 5 1 27.636 8.509 26.468 7.800
389 5 1 27.597 8.490 26.429 7.781
390 5 1 27.545 8.483 26.377 7.775
391 5 1 27.507 8.464 26.338 7.755
392 5 1 27.455 8.458 26.287 7.749
393 5 1 27.416 8.438 26.248 7.729
394 5 1 27.364 8.432 26.196 7.723
395 5 1 27.326 8.425 26.157 7.717
396 5 1 27.274 8.419 26.106 7.710
397 5 1 27.222 8.400 26.054 7.691
398 5 1 27.183 8.393 26.015 7.684
399 5 1 27.132 8.387 25.963 7.678
400 5 1 27.080 8.380 25.912 7.671
401 5 1 27.028 8.374 25.860 7.665
402 5 1 26.976 8.367 25.808 7.658
403 5 1 26.925 8.348 25.757 7.639
404 5 1 26.886 8.342 25.718 7.633
405 5 1 26.834 8.335 25.666 7.626
406 5 1 26.795 8.329 25.627 7.620
407 5 1 26.757 8.309 25.588 7.600
408 5 1 26.718 8.303 25.550 7.594
409 5 1 26.679 8.296 25.511 7.588
410 5 1 26.640 8.290 25.472 7.581
411 5 1 26.589 8.271 25.420 7.562
412 5 1 26.550 8.264 25.381 7.555
413 5 1 26.511 8.258 25.343 7.549
414 5 1 26.459 8.251 25.291 7.542
415 5 1 26.421 8.232 25.252 7.523
416 5 1 26.369 8.213 25.200 7.504
417 5 1 26.317 8.193 25.149 7.484
418 5 1 26.266 8.174 25.097 7.465
419 5 1 26.227 8.155 25.058 7.446
420 5 1 26.188 8.148 25.019 7.439
421 5 1 26.149 8.129 24.981 7.420
422 5 1 25.832 8.116 24.709 7.471
423 5 1 25.864 8.135 24.689 7.465
424 5 1 25.709 8.122 24.767 7.452
425 5 1 25.612 8.110 24.786 7.439
426 5 1 25.560 8.110 24.780 7.439
116 6 2 19.911 7.702 19.549 7.548
117 6 2 19.944 7.715 19.529 7.541
118 6 2 19.956 7.715 19.510 7.528
119 6 2 20.663 7.832 19.330 7.102
120 6 2 20.728 7.890 19.324 7.006
121 6 2 20.610 7.980 19.506 6.935
122 6 2 20.618 7.806 19.467 7.102
123 6 2 20.715 7.819 19.564 7.115
124 6 2 20.812 7.845 19.661 7.141
125 6 2 20.922 7.857 19.771 7.154
126 6 2 21.019 7.870 19.869 7.167
127 6 2 21.130 7.883 19.979 7.180
128 6 2 21.240 7.909 20.089 7.206
129 6 2 21.350 7.922 20.199 7.219
130 6 2 21.460 7.935 20.309 7.232
131 6 2 21.570 7.935 20.420 7.232
132 6 2 21.680 7.948 20.530 7.245
133 6 2 21.791 7.948 20.640 7.245
134 6 2 21.901 7.961 20.750 7.258
135 6 2 22.024 7.961 20.873 7.258
136 6 2 22.134 7.974 20.984 7.271
137 6 2 22.257 7.974 21.107 7.271
138 6 2 22.367 7.987 21.217 7.283
139 6 2 22.491 7.987 21.340 7.284
140 6 2 22.601 8.000 21.450 7.296
141 6 2 22.724 8.000 21.574 7.296
142 6 2 22.847 8.000 21.697 7.297
143 6 2 22.970 8.000 21.820 7.297
144 6 2 23.093 8.000 21.943 7.297
145 6 2 23.216 8.000 22.066 7.297
146 6 2 23.340 7.987 22.189 7.284
147 6 2 23.463 7.987 22.313 7.284
148 6 2 23.573 7.987 22.423 7.284
149 6 2 23.696 7.987 22.546 7.284
150 6 2 23.806 7.974 22.656 7.271
151 6 2 23.929 7.974 22.779 7.271
152 6 2 24.039 7.961 22.889 7.258
153 6 2 24.162 7.961 23.013 7.258
154 6 2 24.272 7.961 23.123 7.258
155 6 2 24.396 7.948 23.246 7.245
156 6 2 24.506 7.935 23.356 7.233
157 6 2 24.629 7.935 23.479 7.233
158 6 2 24.739 7.922 23.589 7.220
159 6 2 24.862 7.910 23.712 7.207
160 6 2 24.972 7.897 23.823 7.194
161 6 2 25.095 7.884 23.946 7.181
162 6 2 25.205 7.871 24.056 7.168
163 6 2 25.458 7.800 24.302 7.175
164 6 2 25.419 7.839 24.270 7.143
165 6 2 25.529 7.832 24.380 7.136
166 6 2 25.639 7.813 24.490 7.117
167 6 2 25.736 7.807 24.587 7.110
168 6 2 25.859 7.787 24.710 7.091
169 6 2 25.957 7.781 24.807 7.085
170 6 2 26.067 7.762 24.918 7.065
171 6 2 26.177 7.755 25.028 7.059
172 6 2 26.287 7.749 25.138 7.053
173 6 2 26.384 7.729 25.235 7.033
174 6 2 26.494 7.710 25.345 7.014
175 6 2 26.604 7.704 25.455 7.008
176 6 2 26.727 7.684 25.578 6.988
177 6 2 26.824 7.678 25.675 6.982
178 6 2 26.947 7.659 25.798 6.963
179 6 2 27.044 7.652 25.895 6.956
180 6 2 27.167 7.633 26.018 6.937
181 6 2 27.756 7.601 25.837 6.885
182 6 2 27.258 7.607 26.109 6.911
183 6 2 27.355 7.588 26.206 6.892
184 6 2 27.465 7.569 26.316 6.873
185 6 2 27.575 7.562 26.426 6.866
186 6 2 27.685 7.530 26.536 6.834
187 6 2 27.782 7.511 26.634 6.815
188 6 2 27.892 7.491 26.744 6.796
189 6 2 27.989 7.472 26.841 6.776
190 6 2 28.099 7.453 26.951 6.757
191 6 2 28.196 7.434 27.048 6.738
192 6 2 28.306 7.414 27.158 6.718
193 6 2 28.403 7.395 27.255 6.699
194 6 2 28.513 7.376 27.365 6.680
195 6 2 28.610 7.369 27.462 6.673
196 6 2 28.720 7.337 27.572 6.641
197 6 2 28.817 7.331 27.669 6.635
198 6 2 28.914 7.299 27.766 6.603
199 6 2 29.011 7.292 27.863 6.596
200 6 2 29.121 7.260 27.973 6.564
201 6 2 29.218 7.241 28.070 6.545
202 6 2 29.315 7.221 28.167 6.526
203 6 2 29.412 7.202 28.264 6.506
204 6 2 29.522 7.170 28.374 6.474
205 6 2 29.619 7.164 28.471 6.468
206 6 2 29.716 7.131 28.568 6.436
207 6 2 29.813 7.112 28.665 6.416
208 6 2 29.910 7.093 28.762 6.397
209 6 2 29.994 7.074 28.847 6.378
210 6 2 30.104 7.029 28.957 6.333
211 6 2 30.201 7.009 29.054 6.314
212 6 2 30.311 6.977 29.164 6.282
213 6 2 30.395 6.971 29.248 6.275
214 6 2 30.505 6.939 29.358 6.243
215 6 2 30.589 6.932 29.442 6.237
216 6 2 30.686 6.900 29.539 6.205
217 6 2 30.783 6.894 29.635 6.198
218 6 2 30.880 6.861 29.732 6.166
219 6 2 30.977 6.855 29.829 6.160
220 6 2 31.074 6.823 29.926 6.127
221 6 2 31.170 6.817 30.023 6.121
222 6 2 31.267 6.797 30.120 6.102
223 6 2 31.364 6.791 30.217 6.095
224 6 2 31.461 6.772 30.314 6.076
225 6 2 31.545 6.765 30.398 6.070
226 6 2 31.642 6.746 30.495 6.051
227 6 2 31.726 6.740 30.579 6.044
228 6 2 32.384 6.791 30.412 5.928
229 6 2 31.816 6.714 30.670 6.019
230 6 2 31.913 6.707 30.766 6.012
231 6 2 31.997 6.701 30.850 6.006
232 6 2 32.107 6.695 30.960 5.999
233 6 2 32.191 6.688 31.044 5.993
234 6 2 32.301 6.682 31.154 5.987
235 6 2 32.384 6.688 31.238 5.993
236 6 2 32.481 6.682 31.335 5.987
237 6 2 32.565 6.688 31.419 5.993
238 6 2 32.662 6.682 31.515 5.987
239 6 2 32.759 6.688 31.612 5.993
240 6 2 32.855 6.695 31.709 6.000
241 6 2 32.939 6.701 31.793 6.006
242 6 2 33.036 6.708 31.890 6.013
243 6 2 33.120 6.727 31.973 6.032
244 6 2 33.217 6.734 32.070 6.039
245 6 2 33.300 6.753 32.154 6.058
246 6 2 33.397 6.772 32.251 6.077
247 6 2 33.481 6.792 32.335 6.097
248 6 2 33.578 6.811 32.431 6.116
249 6 2 33.965 6.850 32.909 6.193
250 6 2 33.971 6.863 32.831 6.174
251 6 2 34.048 6.888 32.909 6.200
252 6 2 34.138 6.914 32.999 6.226
253 6 2 34.216 6.940 33.076 6.251
254 6 2 34.306 6.978 33.166 6.290
255 6 2 34.383 7.017 33.244 6.329
256 6 2 34.473 7.056 33.334 6.367
257 6 2 34.551 7.094 33.411 6.406
258 6 2 34.628 7.133 33.488 6.444
259 6 2 35.059 7.365 33.508 6.406
260 6 2 34.699 7.165 33.559 6.477
261 6 2 34.763 7.204 33.624 6.515
262 6 2 34.853 7.242 33.714 6.554
263 6 2 34.918 7.294 33.778 6.605
264 6 2 34.995 7.345 33.855 6.657
265 6 2 35.072 7.397 33.933 6.708
266 6 2 35.136 7.435 33.997 6.747
267 6 2 35.201 7.474 34.061 6.785
268 6 2 35.278 7.538 34.139 6.850
269 6 2 35.342 7.590 34.203 6.901
270 6 2 35.407 7.641 34.267 6.953
271 6 2 35.484 7.693 34.345 7.004
272 6 2 35.548 7.744 34.409 7.056
273 6 2 35.600 7.808 34.460 7.120
274 6 2 35.651 7.873 34.512 7.184
275 6 2 35.703 7.911 34.563 7.223
276 6 2 35.767 7.976 34.628 7.287
277 6 2 35.831 8.027 34.692 7.339
278 6 2 35.870 8.091 34.730 7.403
279 6 2 35.934 8.156 34.795 7.467
280 6 2 35.972 8.207 34.833 7.519
281 6 2 36.037 8.271 34.898 7.583
282 6 2 36.088 8.336 34.949 7.647
283 6 2 36.140 8.387 35.000 7.699
284 6 2 36.191 8.439 35.052 7.750
285 6 2 36.230 8.503 35.090 7.815
286 6 2 36.230 8.503 35.090 7.815
287 6 2 36.230 8.503 35.090 7.815
288 6 2 36.577 8.818 35.573 8.078
289 6 2 36.390 8.677 35.251 7.988
290 6 2 36.429 8.728 35.290 8.040
291 6 2 36.480 8.792 35.341 8.104
292 6 2 36.532 8.857 35.392 8.168
293 6 2 36.583 8.908 35.444 8.220
294 6 2 36.634 8.972 35.495 8.284
295 6 2 36.686 9.037 35.547 8.349
296 6 2 36.737 9.101 35.598 8.413
297 6 2 36.789 9.165 35.649 8.477
298 6 2 36.840 9.217 35.701 8.529
299 6 2 36.891 9.281 35.752 8.593
300 6 2 36.801 9.352 36.010 8.619
301 6 2 36.936 9.339 35.797 8.651
302 6 2 36.988 9.390 35.849 8.702
303 6 2 37.039 9.455 35.900 8.767
304 6 2 37.104 9.532 35.964 8.844
305 6 2 37.168 9.596 36.029 8.908
306 6 2 37.206 9.635 36.067 8.947
307 6 2 37.271 9.712 36.132 9.024
308 6 2 37.322 9.776 36.183 9.088
309 6 2 37.373 9.815 36.234 9.127
310 6 2 37.438 9.892 36.299 9.204
311 6 2 37.502 9.944 36.363 9.255
312 6 2 37.541 9.995 36.402 9.307
313 6 2 37.618 10.059 36.479 9.371
314 6 2 37.521 10.169 36.769 9.493
315 6 2 37.663 10.091 36.524 9.403
316 6 2 37.714 10.143 36.575 9.455
317 6 2 37.766 10.194 36.627 9.506
318 6 2 37.830 10.246 36.691 9.558
319 6 2 37.894 10.297 36.755 9.609
320 6 2 37.946 10.349 36.807 9.661
321 6 2 38.010 10.400 36.871 9.712
322 6 2 38.074 10.452 36.935 9.764
323 6 2 38.139 10.503 37.000 9.815
324 6 2 38.190 10.554 37.051 9.866
325 6 2 38.254 10.606 37.116 9.918
326 6 2 38.319 10.657 37.180 9.969
327 6 2 38.383 10.696 37.244 10.008
328 6 2 38.447 10.747 37.308 10.059
329 6 2 38.512 10.799 37.373 10.111
330 6 2 38.576 10.837 37.437 10.149
331 6 2 38.640 10.889 37.501 10.201
332 6 2 38.705 10.927 37.566 10.239
333 6 2 38.769 10.979 37.630 10.291
334 6 2 38.846 11.017 37.707 10.329
335 6 2 38.910 11.069 37.772 10.381
336 6 2 38.975 11.107 37.836 10.420
337 6 2 39.039 11.146 37.900 10.458
338 6 2 39.103 11.184 37.965 10.497
339 6 2 39.168 11.223 38.029 10.535
340 6 2 39.245 11.262 38.106 10.574
341 6 2 39.322 11.300 38.184 10.612
342 6 2 39.399 11.339 38.261 10.651
343 6 2 39.464 11.377 38.325 10.690
344 6 2 39.528 11.416 38.389 10.728
345 6 2 39.605 11.454 38.467 10.767
346 6 2 39.670 11.493 38.531 10.805
347 6 2 39.747 11.532 38.608 10.844
348 6 2 39.824 11.557 38.685 10.869
349 6 2 39.888 11.596 38.750 10.908
350 6 2 39.953 11.621 38.814 10.934
351 6 2 40.017 11.647 38.878 10.959
352 6 2 40.081 11.673 38.943 10.985
353 6 2 40.146 11.699 39.007 11.011
354 6 2 40.210 11.724 39.072 11.037
355 6 2 40.274 11.763 39.136 11.075
356 6 2 40.351 11.788 39.213 11.101
357 6 2 40.416 11.814 39.277 11.127
358 6 2 40.480 11.840 39.342 11.152
359 6 2 40.557 11.866 39.419 11.178
360 6 2 40.622 11.891 39.483 11.204
361 6 2 40.699 11.930 39.561 11.242
362 6 2 40.776 11.955 39.638 11.268
363 6 2 40.853 11.994 39.715 11.306
364 6 2 40.930 12.020 39.792 11.332
365 6 2 41.008 12.058 39.869 11.371
366 6 2 41.072 12.084 39.934 11.396
367 6 2 41.149 12.110 40.011 11.422
368 6 2 41.226 12.148 40.088 11.461
369 6 2 41.303 12.187 40.165 11.499
370 6 2 41.381 12.225 40.242 11.538
371 6 2 41.445 12.251 40.307 11.563
372 6 2 41.522 12.289 40.384 11.602
373 6 2 41.599 12.315 40.461 11.628
374 6 2 41.664 12.354 40.526 11.666
375 6 2 41.741 12.379 40.603 11.692
376 6 2 41.805 12.418 40.667 11.730
377 6 2 41.869 12.444 40.731 11.756
378 6 2 41.946 12.482 40.809 11.795
379 6 2 42.024 12.533 40.886 11.846
380 6 2 42.101 12.572 40.963 11.885
381 6 2 42.165 12.598 41.027 11.910
382 6 2 42.229 12.636 41.091 11.949
383 6 2 42.306 12.675 41.169 11.987
384 6 2 42.371 12.713 41.233 12.026
385 6 2 42.448 12.765 41.310 12.077
386 6 2 42.525 12.803 41.387 12.116
387 6 2 42.589 12.842 41.452 12.154
388 6 2 42.654 12.880 41.516 12.193
389 6 2 42.705 12.919 41.567 12.231
391 6 2 42.821 12.996 41.683 12.309
392 6 2 42.885 13.047 41.747 12.360
393 6 2 42.962 13.099 41.824 12.411
394 6 2 43.026 13.137 41.889 12.450
395 6 2 43.091 13.189 41.953 12.501
396 6 2 43.155 13.227 42.017 12.540
397 6 2 43.206 13.266 42.069 12.578
398 6 2 43.258 13.317 42.120 12.630
399 6 2 43.322 13.369 42.184 12.681
