0 0 1 31.661 3.870 31.000 3.012
1 0 1 31.680 3.895 30.987 3.000
2 0 1 31.679 3.952 30.987 3.056
3 0 1 31.666 3.996 30.974 3.100
4 0 1 31.666 4.046 30.973 3.150
5 0 1 31.671 4.097 30.979 3.200
6 0 1 31.652 4.147 30.960 3.251
7 0 1 31.639 4.197 30.946 3.301
8 0 1 31.626 4.241 30.933 3.345
9 0 1 31.613 4.297 30.920 3.401
10 0 1 31.787 4.543 31.033 3.521
11 0 1 31.781 4.474 31.046 3.484
12 0 1 31.780 4.575 31.045 3.584
13 0 1 31.786 4.613 31.051 3.622
14 0 1 31.786 4.663 31.050 3.672
15 0 1 31.773 4.726 31.037 3.735
16 0 1 31.766 4.776 31.030 3.785
17 0 1 31.759 4.826 31.023 3.835
18 0 1 31.752 4.876 31.016 3.885
19 0 1 31.745 4.939 31.009 3.948
20 0 1 31.738 4.990 31.003 3.999
21 0 1 31.732 5.040 30.996 4.049
22 0 1 31.737 5.090 31.002 4.099
23 0 1 31.731 5.140 30.995 4.149
24 0 1 31.711 5.191 30.975 4.200
25 0 1 31.705 5.228 30.969 4.237
26 0 1 31.710 5.266 30.975 4.275
27 0 1 31.716 5.316 30.980 4.325
28 0 1 31.710 5.367 30.974 4.376
29 0 1 31.728 5.405 30.992 4.413
30 0 1 31.721 5.442 30.985 4.451
31 0 1 31.727 5.505 30.991 4.514
32 0 1 31.720 5.543 30.984 4.552
33 0 1 31.739 5.593 31.003 4.602
34 0 1 31.732 5.631 30.996 4.640
35 0 1 31.738 5.669 31.002 4.677
36 0 1 31.744 5.732 31.008 4.740
37 0 1 31.762 5.770 31.026 4.778
38 0 1 31.756 5.832 31.019 4.841
39 0 1 31.761 5.870 31.025 4.879
40 0 1 31.755 5.933 31.018 4.942
41 0 1 31.761 5.971 31.024 4.979
42 0 1 31.766 6.021 31.030 5.030
43 0 1 31.772 6.072 31.036 5.080
44 0 1 31.778 6.122 31.042 5.130
45 0 1 31.784 6.160 31.048 5.168
46 0 1 31.790 6.198 31.054 5.206
47 0 1 31.796 6.261 31.059 5.269
48 0 1 31.789 6.311 31.053 5.319
49 0 1 31.757 6.361 31.015 5.306
50 0 1 31.751 6.336 31.015 5.325
51 0 1 31.757 6.380 31.021 5.369
52 0 1 31.762 6.424 31.026 5.413
53 0 1 31.781 6.468 31.045 5.458
54 0 1 31.787 6.512 31.051 5.502
55 0 1 31.805 6.569 31.069 5.558
56 0 1 31.811 6.613 31.075 5.602
57 0 1 31.842 6.670 31.106 5.659
58 0 1 31.848 6.702 31.112 5.691
59 0 1 31.879 6.758 31.143 5.747
60 0 1 31.885 6.802 31.149 5.792
61 0 1 31.903 6.872 31.167 5.861
62 0 1 31.922 6.916 31.186 5.905
63 0 1 31.928 6.973 31.192 5.962
64 0 1 31.934 7.017 31.198 6.006
65 0 1 31.952 7.074 31.216 6.063
66 0 1 31.971 7.105 31.235 6.094
67 0 1 31.977 7.162 31.240 6.151
68 0 1 31.982 7.206 31.246 6.195
69 0 1 32.001 7.250 31.265 6.239
70 0 1 32.007 7.294 31.271 6.283
71 0 1 32.025 7.351 31.289 6.340
72 0 1 32.031 7.395 31.295 6.384
73 0 1 32.050 7.439 31.313 6.428
74 0 1 32.056 7.483 31.319 6.472
75 0 1 32.074 7.528 31.338 6.516
76 0 1 32.080 7.559 31.344 6.548
77 0 1 32.099 7.603 31.362 6.592
78 0 1 32.105 7.635 31.368 6.624
79 0 1 32.111 7.679 31.374 6.668
80 0 1 32.117 7.710 31.380 6.699
81 0 1 32.135 7.755 31.399 6.743
82 0 1 32.141 7.774 31.405 6.762
83 0 1 32.160 7.805 31.424 6.794
84 0 1 32.166 7.824 31.430 6.813
85 0 1 32.185 7.843 31.449 6.832
86 0 1 32.191 7.862 31.455 6.851
87 0 1 32.210 7.894 31.473 6.882
88 0 1 32.216 7.900 31.480 6.889
89 0 1 32.235 7.932 31.498 6.920
90 0 1 32.241 7.951 31.504 6.939
91 0 1 32.247 7.969 31.511 6.958
92 0 1 32.253 7.988 31.517 6.977
93 0 1 32.259 8.007 31.523 6.996
94 0 1 32.265 8.026 31.529 7.015
95 0 1 32.272 8.045 31.535 7.034
96 0 1 32.278 8.052 31.541 7.040
97 0 1 32.284 8.070 31.548 7.059
98 0 1 32.290 8.077 31.554 7.065
99 0 1 32.296 8.096 31.560 7.084
100 0 1 32.303 8.102 31.566 7.090
101 0 1 32.309 8.121 31.572 7.109
102 0 1 32.302 8.140 31.566 7.128
103 0 1 32.309 8.159 31.572 7.147
104 0 1 32.315 8.165 31.578 7.154
105 0 1 32.321 8.197 31.584 7.185
106 0 1 32.314 8.203 31.578 7.191
107 0 1 32.320 8.234 31.584 7.223
108 0 1 32.327 8.241 31.590 7.229
109 0 1 32.333 8.272 31.596 7.261
110 0 1 32.339 8.279 31.602 7.267
111 0 1 32.332 8.310 31.596 7.298
112 0 1 32.326 8.329 31.589 7.317
113 0 1 32.332 8.361 31.595 7.349
114 0 1 32.325 8.379 31.589 7.368
115 0 1 32.331 8.411 31.595 7.399
116 0 1 32.325 8.430 31.588 7.418
117 0 1 32.331 8.461 31.594 7.450
118 0 1 32.324 8.493 31.588 7.481
119 0 1 32.330 8.524 31.594 7.513
120 0 1 32.324 8.556 31.587 7.544
121 0 1 32.330 8.600 31.593 7.588
122 0 1 32.323 8.619 31.586 7.607
123 0 1 32.316 8.663 31.580 7.651
124 0 1 32.310 8.695 31.573 7.683
125 0 1 32.303 8.739 31.566 7.727
126 0 1 32.296 8.783 31.560 7.771
127 0 1 32.302 8.827 31.565 7.815
128 0 1 32.296 8.858 31.559 7.846
129 0 1 32.301 8.903 31.565 7.890
130 0 1 32.307 8.934 31.571 7.922
131 0 1 32.313 8.978 31.577 7.966
132 0 1 32.307 9.022 31.570 8.010
133 0 1 32.313 9.067 31.576 8.054
134 0 1 32.306 9.111 31.569 8.098
135 0 1 32.312 9.167 31.575 8.155
136 0 1 32.305 9.212 31.568 8.199
137 0 1 32.311 9.256 31.574 8.243
138 0 1 32.304 9.312 31.567 8.300
140 0 1 32.298 9.306 31.561 8.294
141 0 1 32.291 9.350 31.554 8.338
142 0 1 32.297 9.394 31.560 8.382
143 0 1 32.290 9.426 31.553 8.414
144 0 1 32.296 9.483 31.559 8.470
145 0 1 32.302 9.527 31.565 8.514
146 0 1 32.320 9.596 31.583 8.584
147 0 1 32.313 9.640 31.576 8.628
148 0 1 32.319 9.697 31.582 8.685
149 0 1 32.325 9.754 31.588 8.741
150 0 1 32.331 9.811 31.594 8.798
151 0 1 32.324 9.868 31.587 8.855
152 0 1 32.317 9.924 31.580 8.912
153 0 1 32.310 9.981 31.573 8.968
154 0 1 32.316 10.038 31.579 9.025
155 0 1 32.309 10.095 31.572 9.082
156 0 1 32.302 10.164 31.565 9.151
158 0 1 32.296 10.158 31.559 9.145
159 0 1 32.302 10.202 31.565 9.189
160 0 1 32.332 10.353 31.619 9.461
161 0 1 32.338 10.398 31.607 9.404
162 0 1 32.337 10.448 31.606 9.454
163 0 1 32.337 10.499 31.606 9.505
164 0 1 32.349 10.562 31.618 9.568
165 0 1 32.361 10.625 31.630 9.631
166 0 1 32.348 10.675 31.617 9.681
167 0 1 32.373 10.739 31.642 9.745
168 0 1 32.384 10.815 31.653 9.820
169 0 1 32.384 10.878 31.653 9.883
170 0 1 32.383 10.928 31.652 9.934
171 0 1 32.383 10.979 31.652 9.984
172 0 1 32.395 11.029 31.664 10.035
173 0 1 32.407 11.080 31.676 10.085
174 0 1 32.407 11.130 31.676 10.136
175 0 1 32.406 11.181 31.675 10.186
176 0 1 32.393 11.231 31.662 10.237
177 0 1 32.405 11.282 31.674 10.287
178 0 1 32.392 11.332 31.661 10.338
179 0 1 32.404 11.396 31.673 10.401
180 0 1 32.391 11.459 31.660 10.464
181 0 1 32.403 11.509 31.672 10.515
182 0 1 32.403 11.572 31.671 10.578
183 0 1 32.402 11.636 31.671 10.641
184 0 1 32.414 11.673 31.683 10.679
185 0 1 32.426 11.737 31.695 10.742
186 0 1 32.426 11.787 31.695 10.792
187 0 1 32.425 11.838 31.694 10.843
188 0 1 32.438 11.888 31.706 10.894
189 0 1 32.462 11.952 31.731 10.957
190 0 1 32.474 12.015 31.743 11.020
191 0 1 32.474 12.065 31.743 11.071
192 0 1 32.486 12.129 31.755 11.134
193 0 1 32.511 12.205 31.779 11.210
194 0 1 32.523 12.268 31.791 11.273
195 0 1 32.522 12.318 31.791 11.323
196 0 1 32.534 12.382 31.803 11.387
197 0 1 32.546 12.445 31.815 11.450
198 0 1 32.546 12.495 31.814 11.500
199 0 1 32.545 12.546 31.814 11.551
200 0 1 32.545 12.597 31.813 11.601
201 0 1 32.544 12.660 31.813 11.665
202 0 1 32.556 12.723 31.825 11.728
203 0 1 32.569 12.761 31.837 11.766
204 0 1 32.568 12.812 31.837 11.816
205 0 1 32.568 12.862 31.836 11.867
206 0 1 32.567 12.913 31.836 11.917
207 0 1 32.579 12.963 31.848 11.968
208 0 1 32.592 13.014 31.860 12.019
209 0 1 32.579 13.064 31.847 12.069
210 0 1 32.591 13.115 31.859 12.120
211 0 1 32.578 13.166 31.846 12.170
212 0 1 32.590 13.216 31.858 12.221
213 0 1 32.589 13.267 31.858 12.271
214 0 1 32.589 13.330 31.857 12.335
215 0 1 32.601 13.368 31.869 12.373
216 0 1 32.613 13.431 31.881 12.436
217 0 1 32.600 13.469 31.868 12.474
218 0 1 32.612 13.520 31.881 12.524
219 0 1 32.612 13.571 31.880 12.575
220 0 1 32.611 13.621 31.880 12.625
221 0 1 32.624 13.672 31.892 12.676
222 0 1 32.636 13.722 31.904 12.727
223 0 1 32.623 13.760 31.891 12.765
224 0 1 32.635 13.798 31.903 12.803
225 0 1 32.634 13.862 31.903 12.866
226 0 1 32.647 13.912 31.915 12.916
227 0 1 32.659 13.976 31.927 12.980
228 0 1 32.658 14.039 31.926 13.043
229 0 1 32.670 14.077 31.938 13.081
230 0 1 32.683 14.128 31.951 13.131
231 0 1 32.682 14.178 31.950 13.182
232 0 1 32.682 14.229 31.950 13.233
233 0 1 32.681 14.267 31.949 13.271
234 0 1 32.681 14.305 31.949 13.309
235 0 1 32.693 14.368 31.961 13.372
236 0 1 32.705 14.406 31.973 13.410
237 0 1 32.692 14.469 31.960 13.473
238 0 1 32.704 14.507 31.972 13.511
239 0 1 32.704 14.571 31.972 13.574
0 1 1 33.086 4.123 32.306 3.133
1 1 1 33.111 4.148 32.293 3.114
2 1 1 33.117 4.199 32.299 3.164
3 1 1 33.123 4.237 32.305 3.202
4 1 1 33.116 4.268 32.299 3.233
5 1 1 33.122 4.312 32.304 3.277
6 1 1 33.103 4.356 32.285 3.321
7 1 1 33.070 4.412 32.253 3.377
8 1 1 33.032 4.456 32.215 3.421
9 1 1 33.032 4.513 32.214 3.478
10 1 1 33.164 4.582 32.359 3.547
11 1 1 33.158 4.526 32.353 3.491
12 1 1 33.157 4.620 32.352 3.585
13 1 1 33.144 4.677 32.339 3.642
14 1 1 33.143 4.733 32.338 3.698
15 1 1 33.143 4.777 32.338 3.742
16 1 1 33.142 4.821 32.338 3.786
17 1 1 33.142 4.871 32.337 3.836
18 1 1 33.141 4.934 32.336 3.899
19 1 1 33.141 4.991 32.336 3.956
20 1 1 33.141 5.029 32.336 3.993
21 1 1 33.153 5.066 32.348 4.031
22 1 1 33.165 5.110 32.360 4.075
23 1 1 33.165 5.154 32.360 4.119
24 1 1 33.164 5.198 32.359 4.163
25 1 1 33.176 5.255 32.371 4.220
26 1 1 33.176 5.299 32.371 4.264
27 1 1 33.188 5.343 32.383 4.308
28 1 1 33.213 5.375 32.408 4.339
29 1 1 33.225 5.431 32.420 4.396
30 1 1 33.238 5.475 32.432 4.440
31 1 1 33.250 5.532 32.444 4.497
32 1 1 33.262 5.576 32.457 4.541
33 1 1 33.274 5.620 32.469 4.585
34 1 1 33.299 5.664 32.494 4.629
35 1 1 33.311 5.709 32.506 4.673
36 1 1 33.323 5.753 32.518 4.717
37 1 1 33.336 5.797 32.530 4.761
38 1 1 33.323 5.841 32.517 4.805
39 1 1 33.310 5.885 32.504 4.849
40 1 1 33.284 5.929 32.479 4.893
41 1 1 33.283 5.973 32.478 4.937
42 1 1 33.283 6.017 32.478 4.981
43 1 1 33.295 6.061 32.490 5.025
44 1 1 33.308 6.080 32.502 5.044
45 1 1 33.320 6.124 32.515 5.088
46 1 1 33.320 6.168 32.514 5.132
47 1 1 33.319 6.212 32.514 5.176
48 1 1 33.331 6.256 32.526 5.220
49 1 1 33.349 6.376 32.639 5.290
50 1 1 33.381 6.351 32.607 5.302
51 1 1 33.387 6.395 32.613 5.346
52 1 1 33.393 6.426 32.619 5.378
53 1 1 33.399 6.470 32.625 5.422
54 1 1 33.405 6.514 32.631 5.466
55 1 1 33.411 6.558 32.637 5.510
56 1 1 33.417 6.590 32.643 5.542
57 1 1 33.410 6.634 32.636 5.586
58 1 1 33.416 6.665 32.642 5.617
59 1 1 33.435 6.710 32.661 5.661
60 1 1 33.453 6.741 32.680 5.693
61 1 1 33.497 6.760 32.724 5.712
62 1 1 33.541 6.779 32.768 5.731
63 1 1 33.548 6.811 32.774 5.762
64 1 1 33.421 6.823 32.660 5.781
65 1 1 33.427 6.823 32.660 5.781
66 1 1 33.427 6.848 32.660 5.806
67 1 1 33.440 6.861 32.672 5.818
68 1 1 33.427 6.886 32.659 5.844
69 1 1 33.439 6.898 32.672 5.856
70 1 1 33.439 6.898 32.672 5.856
71 1 1 33.439 6.911 32.672 5.869
72 1 1 33.439 6.924 32.671 5.881
73 1 1 33.439 6.924 32.671 5.881
74 1 1 33.439 6.924 32.671 5.881
75 1 1 33.439 6.936 32.671 5.894
76 1 1 33.439 6.936 32.671 5.894
77 1 1 33.439 6.936 32.671 5.894
78 1 1 33.439 6.936 32.671 5.894
79 1 1 33.546 6.943 32.684 5.900
80 1 1 33.502 6.937 32.722 5.894
81 1 1 33.502 6.924 32.722 5.882
82 1 1 33.490 6.911 32.709 5.869
83 1 1 33.490 6.911 32.709 5.869
84 1 1 33.490 6.911 32.709 5.869
85 1 1 33.490 6.911 32.709 5.869
86 1 1 33.490 6.899 32.710 5.856
87 1 1 33.490 6.886 32.710 5.844
88 1 1 33.490 6.899 32.710 5.856
89 1 1 33.490 6.886 32.710 5.844
90 1 1 33.490 6.899 32.710 5.856
91 1 1 33.490 6.886 32.710 5.844
92 1 1 33.490 6.899 32.710 5.856
93 1 1 33.502 6.899 32.722 5.856
94 1 1 33.502 6.911 32.722 5.869
95 1 1 33.502 6.937 32.722 5.894
96 1 1 33.502 6.949 32.722 5.907
97 1 1 33.515 6.962 32.734 5.919
98 1 1 33.527 6.987 32.747 5.945
99 1 1 33.539 7.012 32.759 5.970
100 1 1 33.552 7.038 32.771 5.995
101 1 1 33.564 7.063 32.784 6.020
102 1 1 33.577 7.088 32.796 6.046
103 1 1 33.589 7.126 32.809 6.083
104 1 1 33.601 7.139 32.821 6.096
105 1 1 33.626 7.189 32.846 6.147
106 1 1 33.639 7.227 32.858 6.184
107 1 1 33.664 7.252 32.883 6.210
108 1 1 33.676 7.290 32.896 6.247
109 1 1 33.701 7.341 32.920 6.298
110 1 1 33.726 7.378 32.945 6.336
111 1 1 33.708 7.284 32.807 6.247
112 1 1 33.657 7.284 32.864 6.247
113 1 1 33.682 7.315 32.889 6.279
114 1 1 33.707 7.359 32.914 6.323
115 1 1 33.732 7.378 32.939 6.342
116 1 1 33.757 7.410 32.964 6.374
117 1 1 33.782 7.442 32.989 6.405
118 1 1 33.794 7.486 33.001 6.449
119 1 1 33.819 7.517 33.026 6.481
120 1 1 33.819 7.549 33.026 6.512
121 1 1 33.831 7.580 33.038 6.544
122 1 1 34.033 7.663 33.195 6.683
123 1 1 34.007 7.682 33.214 6.652
124 1 1 34.025 7.871 33.219 6.822
125 1 1 34.018 7.858 33.225 6.828
126 1 1 34.043 7.896 33.250 6.866
127 1 1 34.068 7.947 33.275 6.917
128 1 1 34.080 8.010 33.287 6.980
129 1 1 34.105 8.073 33.312 7.043
130 1 1 34.130 8.124 33.336 7.093
131 1 1 34.155 8.174 33.361 7.144
132 1 1 34.167 8.212 33.373 7.181
133 1 1 34.192 8.250 33.398 7.219
134 1 1 34.204 8.300 33.411 7.270
135 1 1 34.216 8.351 33.423 7.320
136 1 1 34.241 8.389 33.448 7.358
137 1 1 34.266 8.427 33.473 7.396
138 1 1 34.291 8.465 33.498 7.434
140 1 1 34.328 8.566 33.535 7.535
141 1 1 34.340 8.616 33.547 7.585
142 1 1 34.365 8.667 33.572 7.636
143 1 1 34.390 8.717 33.596 7.686
144 1 1 34.415 8.768 33.621 7.737
139 1 1 34.303 8.515 33.510 7.484
145 1 1 34.440 8.818 33.646 7.787
146 1 1 34.452 8.869 33.658 7.838
147 1 1 34.477 8.919 33.683 7.888
148 1 1 34.502 8.957 33.708 7.926
149 1 1 34.514 9.008 33.720 7.977
150 1 1 34.526 9.045 33.733 8.015
151 1 1 34.513 9.083 33.720 8.052
152 1 1 34.526 9.121 33.732 8.090
153 1 1 34.538 9.159 33.744 8.128
154 1 1 34.550 9.209 33.756 8.178
155 1 1 34.562 9.260 33.769 8.229
156 1 1 34.562 9.323 33.768 8.292
158 1 1 34.548 9.449 33.754 8.418
159 1 1 34.547 9.512 33.754 8.481
160 1 1 34.547 9.575 33.753 8.544
161 1 1 34.534 9.638 33.740 8.607
162 1 1 34.521 9.688 33.727 8.657
163 1 1 34.507 9.751 33.714 8.720
164 1 1 34.494 9.802 33.700 8.771
165 1 1 34.481 9.865 33.687 8.833
166 1 1 34.468 9.903 33.674 8.871
167 1 1 34.442 9.940 33.649 8.909
168 1 1 34.429 9.991 33.635 8.959
169 1 1 34.416 10.054 33.622 9.022
170 1 1 34.390 10.110 33.650 9.394
171 1 1 34.414 10.249 33.627 9.230
172 1 1 34.357 10.318 33.626 9.281
173 1 1 34.356 10.394 33.626 9.262
174 1 1 34.343 10.445 33.595 9.243
175 1 1 34.349 10.495 33.651 9.300
176 1 1 34.362 10.501 33.657 9.363
177 1 1 34.388 10.438 33.631 9.420
178 1 1 34.374 10.489 33.618 9.470
179 1 1 34.361 10.552 33.605 9.533
180 1 1 34.361 10.615 33.604 9.596
181 1 1 34.360 10.666 33.604 9.646
182 1 1 34.335 10.703 33.578 9.684
183 1 1 34.309 10.741 33.553 9.722
184 1 1 34.284 10.754 33.527 9.734
185 1 1 34.271 10.753 33.515 9.734
186 1 1 34.224 11.025 33.467 10.075
187 1 1 34.224 11.044 33.468 10.031
188 1 1 34.211 11.088 33.455 10.075
189 1 1 34.198 11.132 33.441 10.119
190 1 1 34.198 11.176 33.441 10.163
191 1 1 34.184 11.245 33.428 10.232
192 1 1 34.171 11.315 33.415 10.302
193 1 1 34.145 11.384 33.389 10.371
194 1 1 34.132 11.441 33.375 10.428
195 1 1 34.106 11.510 33.349 10.497
196 1 1 34.093 11.580 33.336 10.566
197 1 1 34.092 11.636 33.336 10.623
198 1 1 34.104 11.681 33.348 10.667
199 1 1 34.091 11.738 33.335 10.724
200 1 1 34.078 11.807 33.321 10.793
201 1 1 34.090 11.851 33.334 10.838
202 1 1 34.090 11.895 33.333 10.882
203 1 1 34.077 11.952 33.320 10.939
204 1 1 34.076 12.009 33.320 10.995
205 1 1 34.063 12.078 33.306 11.065
206 1 1 34.062 12.135 33.306 11.122
207 1 1 33.986 12.186 33.192 11.064
208 1 1 33.968 12.135 33.211 11.121
209 1 1 33.967 12.192 33.210 11.178
210 1 1 33.979 12.236 33.223 11.222
211 1 1 33.966 12.280 33.209 11.266
212 1 1 33.953 12.337 33.196 11.323
213 1 1 33.915 12.356 33.158 11.342
214 1 1 33.927 12.400 33.170 11.386
215 1 1 33.914 12.457 33.157 11.443
216 1 1 33.913 12.514 33.157 11.500
217 1 1 33.926 12.571 33.169 11.557
218 1 1 33.912 12.627 33.156 11.613
219 1 1 33.922 12.937 33.173 11.816
220 1 1 33.923 12.880 33.172 11.866
221 1 1 33.916 12.937 33.165 11.923
222 1 1 33.897 12.994 33.146 11.980
223 1 1 33.890 13.051 33.139 12.037
224 1 1 33.870 13.108 33.120 12.093
225 1 1 33.863 13.177 33.113 12.163
226 1 1 33.856 13.221 33.106 12.207
227 1 1 33.850 13.278 33.099 12.264
228 1 1 33.843 13.323 33.092 12.308
229 1 1 33.849 13.379 33.098 12.365
230 1 1 33.829 13.424 33.079 12.409
231 1 1 33.822 13.493 33.072 12.479
232 1 1 33.803 13.537 33.052 12.523
233 1 1 33.822 13.582 33.071 12.567
234 1 1 33.815 13.626 33.064 12.611
235 1 1 33.808 13.695 33.057 12.681
236 1 1 33.788 13.752 33.038 12.738
237 1 1 33.794 13.822 33.043 12.807
238 1 1 33.787 13.879 33.036 12.864
239 1 1 33.793 13.948 33.042 12.934
157 1 1 34.549 9.386 33.755 8.355
38 2 2 42.698 8.732 40.773 7.992
39 2 2 42.534 8.668 40.924 8.056
40 2 2 42.458 8.674 40.848 8.062
41 2 2 42.357 8.680 40.747 8.068
42 2 2 42.263 8.698 40.652 8.086
43 2 2 42.181 8.717 40.570 8.105
44 2 2 42.242 8.956 40.217 8.065
45 2 2 42.079 8.836 40.387 8.167
46 2 2 41.991 8.848 40.298 8.179
47 2 2 41.902 8.873 40.210 8.204
48 2 2 41.776 8.885 40.084 8.216
49 2 2 41.561 8.997 39.781 8.252
50 2 2 41.536 8.965 39.818 8.277
51 2 2 41.422 8.984 39.705 8.296
52 2 2 41.340 9.015 39.622 8.327
53 2 2 41.207 9.033 39.490 8.345
54 2 2 41.094 9.064 39.376 8.376
55 2 2 40.980 9.095 39.262 8.407
56 2 2 40.854 9.113 39.136 8.425
57 2 2 40.740 9.144 39.022 8.456
58 2 2 40.639 9.163 38.921 8.474
59 2 2 40.525 9.193 38.807 8.505
60 2 2 40.411 9.212 38.693 8.524
61 2 2 40.310 9.243 38.592 8.555
62 2 2 40.196 9.274 38.478 8.586
63 2 2 40.083 9.317 38.364 8.629
64 2 2 39.981 9.424 38.118 8.622
65 2 2 39.924 9.373 38.175 8.660
66 2 2 39.817 9.404 38.067 8.691
67 2 2 39.703 9.435 37.953 8.722
68 2 2 39.589 9.491 37.839 8.778
69 2 2 39.481 9.522 37.732 8.809
70 2 2 39.374 9.566 37.624 8.852
71 2 2 39.266 9.610 37.516 8.896
72 2 2 39.159 9.666 37.408 8.952
73 2 2 38.955 9.829 37.219 8.907
74 2 2 38.694 10.136 37.434 8.839
75 2 2 38.917 9.866 37.212 9.083
76 2 2 38.816 9.916 37.110 9.133
77 2 2 38.714 9.966 37.009 9.183
78 2 2 38.613 10.016 36.907 9.233
79 2 2 38.499 10.079 36.793 9.296
80 2 2 38.397 10.116 36.692 9.333
81 2 2 38.296 10.179 36.590 9.396
82 2 2 37.870 10.530 36.597 9.263
83 2 2 37.800 10.542 36.635 9.314
84 2 2 38.036 10.341 36.393 9.508
85 2 2 37.934 10.391 36.292 9.558
86 2 2 37.833 10.441 36.190 9.608
87 2 2 37.731 10.504 36.089 9.671
88 2 2 37.617 10.554 35.974 9.720
89 2 2 37.516 10.604 35.873 9.770
90 2 2 37.401 10.666 35.758 9.833
91 2 2 37.300 10.729 35.657 9.896
92 2 2 37.198 10.766 35.555 9.933
93 2 2 37.084 10.829 35.441 9.995
94 2 2 36.983 10.879 35.339 10.045
95 2 2 36.620 11.136 35.010 10.176
96 2 2 36.640 11.073 35.003 10.227
97 2 2 36.532 11.123 34.895 10.277
98 2 2 36.424 11.173 34.787 10.327
99 2 2 36.303 11.223 34.666 10.377
100 2 2 36.208 11.273 34.571 10.427
101 2 2 36.088 11.323 34.450 10.477
102 2 2 35.980 11.373 34.342 10.527
103 2 2 35.859 11.423 34.222 10.577
104 2 2 35.751 11.461 34.114 10.614
105 2 2 35.631 11.511 33.993 10.664
106 2 2 35.523 11.548 33.885 10.701
107 2 2 35.390 11.573 33.752 10.726
108 2 2 35.282 11.610 33.644 10.763
109 2 2 35.161 11.660 33.524 10.813
110 2 2 35.053 11.697 33.416 10.851
111 2 2 34.920 11.722 33.283 10.875
112 2 2 34.800 11.747 33.162 10.900
113 2 2 34.679 11.784 33.042 10.937
114 2 2 34.572 11.822 32.934 10.975
115 2 2 34.451 11.834 32.813 10.987
116 2 2 34.343 11.871 32.705 11.024
117 2 2 34.210 11.883 32.572 11.036
118 2 2 33.989 11.908 32.217 11.104
119 2 2 33.931 11.926 32.281 11.086
120 2 2 33.824 11.945 32.173 11.104
121 2 2 33.703 11.963 32.052 11.122
122 2 2 33.583 11.969 31.932 11.128
123 2 2 33.450 11.975 31.799 11.134
124 2 2 33.317 11.968 31.666 11.127
125 2 2 33.197 11.961 31.546 11.120
126 2 2 33.077 11.954 31.426 11.113
127 2 2 32.969 11.947 31.318 11.107
128 2 2 32.861 11.953 31.210 11.112
129 2 2 32.728 11.959 31.077 11.118
131 2 2 32.437 11.920 30.634 11.110
132 2 2 32.374 11.932 30.710 11.098
133 2 2 32.159 11.931 30.355 11.090
134 2 2 32.095 11.925 30.425 11.090
135 2 2 31.861 11.968 30.115 11.051
136 2 2 31.829 11.924 30.159 11.089
137 2 2 31.753 11.936 30.083 11.101
138 2 2 31.715 11.948 30.045 11.114
140 2 2 31.791 11.961 30.121 11.127
141 2 2 31.791 11.949 30.121 11.114
142 2 2 31.778 11.961 30.108 11.127
143 2 2 31.740 11.974 30.070 11.139
144 2 2 31.098 11.605 29.098 10.756
139 2 2 31.766 11.961 30.095 11.126
145 2 2 31.047 11.554 29.047 10.819
146 2 2 30.996 11.604 28.996 10.831
147 2 2 31.021 11.655 29.021 10.863
148 2 2 30.843 11.679 29.223 10.883
149 2 2 30.863 11.660 29.179 10.857
150 2 2 30.913 11.648 29.186 10.838
151 2 2 30.203 11.689 28.495 10.829
152 2 2 29.982 11.682 28.546 10.823
153 2 2 29.906 11.663 28.381 10.803
154 2 2 29.786 11.631 28.217 10.771
155 2 2 29.666 11.598 28.071 10.738
156 2 2 29.552 11.592 27.938 10.732
158 2 2 29.166 11.527 27.407 10.647
159 2 2 29.159 11.520 27.426 10.647
160 2 2 28.896 11.279 27.123 10.507
161 2 2 28.889 11.311 27.142 10.482
162 2 2 28.775 11.291 27.028 10.462
163 2 2 28.542 11.132 26.801 10.341
164 2 2 28.542 11.145 26.802 10.329
165 2 2 28.435 11.125 26.694 10.309
166 2 2 28.302 11.106 26.561 10.290
167 2 2 28.024 11.048 26.270 10.200
168 2 2 28.017 11.035 26.277 10.212
169 2 2 27.897 11.009 26.156 10.187
170 2 2 27.777 10.984 26.036 10.161
171 2 2 27.657 10.945 25.916 10.122
172 2 2 27.537 10.894 25.796 10.071
173 2 2 27.404 10.868 25.663 10.045
174 2 2 27.297 10.842 25.556 10.020
175 2 2 27.177 10.804 25.436 9.981
176 2 2 27.049 10.835 25.283 10.056
177 2 2 27.037 10.848 25.295 10.037
178 2 2 26.929 10.822 25.188 10.012
179 2 2 26.684 10.657 24.923 9.865
180 2 2 26.677 10.663 24.936 9.859
181 2 2 26.570 10.631 24.829 9.827
182 2 2 26.462 10.599 24.721 9.795
183 2 2 26.342 10.554 24.601 9.750
184 2 2 26.235 10.509 24.494 9.705
185 2 2 26.115 10.452 24.374 9.648
186 2 2 26.008 10.407 24.267 9.603
187 2 2 25.888 10.362 24.147 9.558
188 2 2 25.781 10.318 24.039 9.514
189 2 2 25.661 10.260 23.919 9.456
190 2 2 25.553 10.215 23.812 9.412
191 2 2 25.434 10.158 23.692 9.354
192 2 2 25.326 10.113 23.585 9.309
193 2 2 25.206 10.069 23.465 9.265
194 2 2 25.099 10.011 23.358 9.207
195 2 2 24.979 9.954 23.238 9.150
196 2 2 24.885 9.897 23.144 9.093
197 2 2 24.586 9.933 23.013 8.909
198 2 2 24.657 9.832 22.942 9.003
199 2 2 24.563 9.788 22.847 8.959
200 2 2 24.309 9.761 22.710 8.743
201 2 2 24.361 9.673 22.658 8.825
202 2 2 24.266 9.635 22.564 8.787
203 2 2 24.159 9.571 22.457 8.723
204 2 2 24.052 9.520 22.349 8.672
205 2 2 23.945 9.456 22.242 8.608
206 2 2 23.838 9.393 22.135 8.545
207 2 2 23.743 9.342 22.041 8.494
208 2 2 23.636 9.278 21.934 8.430
209 2 2 23.529 9.227 21.826 8.379
210 2 2 23.422 9.163 21.719 8.315
211 2 2 23.327 9.100 21.625 8.252
212 2 2 23.220 9.036 21.518 8.188
213 2 2 23.113 8.985 21.411 8.137
214 2 2 23.006 8.934 21.303 8.086
215 2 2 22.911 8.883 21.209 8.035
216 2 2 22.804 8.819 21.102 7.972
217 2 2 22.697 8.768 20.995 7.921
218 2 2 22.590 8.705 20.887 7.857
219 2 2 22.496 8.641 20.793 7.793
220 2 2 22.388 8.590 20.686 7.742
221 2 2 22.294 8.539 20.591 7.691
222 2 2 22.174 8.488 20.471 7.640
223 2 2 22.079 8.437 20.377 7.589
224 2 2 21.972 8.386 20.270 7.538
225 2 2 21.878 8.335 20.175 7.487
226 2 2 21.770 8.284 20.068 7.436
227 2 2 21.663 8.233 19.961 7.385
228 2 2 21.556 8.195 19.853 7.347
229 2 2 21.449 8.144 19.746 7.296
230 2 2 21.341 8.093 19.639 7.245
231 2 2 21.234 8.054 19.531 7.206
232 2 2 21.127 8.003 19.424 7.155
233 2 2 21.019 7.965 19.317 7.117
234 2 2 20.899 7.926 19.197 7.078
235 2 2 20.805 7.888 19.102 7.040
236 2 2 20.685 7.837 18.982 6.989
237 2 2 20.577 7.799 18.875 6.951
238 2 2 20.470 7.748 18.767 6.900
239 2 2 20.369 7.709 18.666 6.861
157 2 2 29.438 11.560 27.812 10.699
