19 4 1 43.066 8.564 41.561 7.762
20 4 1 43.015 8.571 41.509 7.769
21 4 1 42.964 8.578 41.458 7.776
22 4 1 42.912 8.572 41.407 7.770
23 4 1 42.861 8.579 41.355 7.777
24 4 1 42.810 8.585 41.304 7.784
25 4 1 42.758 8.592 41.253 7.790
26 4 1 42.707 8.599 41.201 7.797
27 4 1 42.643 8.606 41.137 7.804
28 4 1 42.579 8.600 41.073 7.798
29 4 1 42.527 8.607 41.021 7.805
30 4 1 42.463 8.614 40.957 7.812
31 4 1 42.386 8.621 40.880 7.819
32 4 1 42.322 8.628 40.816 7.826
33 4 1 42.271 8.635 40.765 7.833
34 4 1 42.219 8.642 40.713 7.840
35 4 1 42.155 8.649 40.649 7.847
36 4 1 42.091 8.643 40.585 7.841
37 4 1 42.052 8.637 40.546 7.835
38 4 1 41.988 8.631 40.482 7.829
39 4 1 41.950 8.638 40.443 7.836
40 4 1 41.885 8.626 40.379 7.823
41 4 1 41.847 8.639 40.341 7.837
42 4 1 41.782 8.633 40.276 7.831
43 4 1 41.731 8.640 40.225 7.838
44 4 1 41.680 8.634 40.173 7.832
45 4 1 41.615 8.641 40.109 7.839
46 4 1 41.538 8.635 40.032 7.833
47 4 1 41.474 8.642 39.968 7.840
48 4 1 41.423 8.636 39.916 7.834
49 4 1 41.358 8.643 39.852 7.841
50 4 1 41.294 8.650 39.788 7.848
51 4 1 41.256 8.657 39.749 7.854
52 4 1 41.204 8.664 39.698 7.861
53 4 1 41.153 8.670 39.647 7.868
54 4 1 41.102 8.677 39.595 7.875
55 4 1 41.050 8.697 39.544 7.895
56 4 1 40.999 8.691 39.492 7.889
57 4 1 40.948 8.698 39.441 7.896
58 4 1 40.896 8.705 39.390 7.902
59 4 1 40.832 8.712 39.325 7.909
60 4 1 40.781 8.719 39.274 7.916
61 4 1 40.717 8.738 39.210 7.936
62 4 1 40.652 8.739 39.146 7.937
63 4 1 40.601 8.752 39.094 7.950
64 4 1 40.537 8.753 39.030 7.950
65 4 1 40.473 8.779 38.966 7.977
66 4 1 40.434 8.767 38.927 7.964
67 4 1 40.383 8.780 38.876 7.977
68 4 1 40.331 8.774 38.824 7.971
69 4 1 40.280 8.781 38.773 7.978
70 4 1 40.241 8.788 38.734 7.985
71 4 1 40.203 8.788 38.696 7.985
72 4 1 40.151 8.782 38.644 7.979
73 4 1 40.100 8.795 38.593 7.993
74 4 1 40.035 8.802 38.528 8.000
75 4 1 39.997 8.809 38.490 8.006
76 4 1 39.932 8.797 38.425 7.994
77 4 1 39.881 8.810 38.374 8.007
78 4 1 39.817 8.798 38.310 7.995
79 4 1 39.752 8.811 38.245 8.008
80 4 1 39.714 8.805 38.207 8.002
81 4 1 39.650 8.812 38.142 8.009
82 4 1 39.611 8.819 38.104 8.016
83 4 1 39.547 8.819 38.039 8.017
84 4 1 39.508 8.833 38.001 8.030
85 4 1 39.457 8.852 37.950 8.049
86 4 1 39.405 8.859 37.898 8.056
87 4 1 39.354 8.866 37.847 8.063
88 4 1 39.302 8.854 37.795 8.051
89 4 1 39.238 8.861 37.731 8.058
90 4 1 39.200 8.874 37.692 8.071
91 4 1 39.135 8.874 37.628 8.071
92 4 1 39.084 8.888 37.576 8.085
93 4 1 39.020 8.895 37.512 8.092
94 4 1 38.942 8.902 37.435 8.099
95 4 1 38.891 8.902 37.383 8.099
96 4 1 38.839 8.896 37.332 8.093
97 4 1 38.788 8.910 37.280 8.107
98 4 1 38.736 8.904 37.229 8.101
99 4 1 38.685 8.898 37.177 8.095
100 4 1 38.633 8.892 37.126 8.089
101 4 1 38.582 8.892 37.074 8.089
102 4 1 38.530 8.886 37.022 8.083
103 4 1 38.479 8.899 36.971 8.096
104 4 1 38.414 8.894 36.907 8.090
105 4 1 38.363 8.900 36.855 8.097
106 4 1 38.311 8.894 36.803 8.091
107 4 1 38.247 8.882 36.739 8.079
108 4 1 38.169 8.883 36.662 8.080
109 4 1 38.105 8.890 36.597 8.087
110 4 1 38.053 8.884 36.546 8.081
111 4 1 38.002 8.878 36.494 8.075
112 4 1 37.950 8.872 36.442 8.069
113 4 1 37.899 8.872 36.391 8.069
114 4 1 37.847 8.886 36.339 8.082
115 4 1 37.783 8.886 36.275 8.083
116 4 1 37.719 8.900 36.211 8.096
117 4 1 37.667 8.894 36.159 8.090
118 4 1 37.615 8.888 36.107 8.084
119 4 1 37.551 8.888 36.043 8.085
120 4 1 37.487 8.902 35.979 8.098
121 4 1 37.435 8.921 35.927 8.118
122 4 1 37.371 8.928 35.863 8.125
123 4 1 37.294 8.936 35.785 8.132
124 4 1 37.229 8.943 35.721 8.139
125 4 1 37.190 8.943 35.682 8.139
126 4 1 37.126 8.956 35.618 8.153
127 4 1 37.087 8.957 35.579 8.153
128 4 1 37.023 8.944 35.515 8.141
129 4 1 36.984 8.938 35.476 8.135
130 4 1 36.920 8.932 35.411 8.129
131 4 1 36.881 8.933 35.373 8.129
132 4 1 36.816 8.927 35.308 8.123
133 4 1 36.778 8.934 35.270 8.130
134 4 1 36.713 8.934 35.205 8.131
135 4 1 36.675 8.941 35.166 8.137
136 4 1 36.597 8.935 35.089 8.132
137 4 1 36.546 8.936 35.037 8.132
138 4 1 36.481 8.930 34.973 8.126
139 4 1 36.430 8.924 34.921 8.120
140 4 1 36.378 8.924 34.870 8.121
141 4 1 36.326 8.931 34.818 8.128
142 4 1 36.275 8.925 34.766 8.122
143 4 1 36.223 8.926 34.715 8.122
144 4 1 36.172 8.920 34.663 8.116
145 4 1 36.120 8.927 34.611 8.123
146 4 1 36.056 8.927 34.547 8.123
147 4 1 35.991 8.934 34.482 8.130
148 4 1 35.952 8.928 34.444 8.124
149 4 1 35.888 8.929 34.379 8.125
150 4 1 35.836 8.923 34.328 8.119
151 4 1 35.772 8.930 34.263 8.126
152 4 1 35.707 8.930 34.198 8.126
153 4 1 35.656 8.937 34.147 8.133
154 4 1 35.591 8.931 34.082 8.127
155 4 1 35.527 8.932 34.018 8.128
156 4 1 35.475 8.926 33.966 8.122
157 4 1 35.436 8.920 33.927 8.116
158 4 1 35.372 8.920 33.863 8.116
159 4 1 35.333 8.914 33.824 8.110
160 4 1 35.281 8.889 33.772 8.085
161 4 1 35.229 8.883 33.721 8.079
162 4 1 35.178 8.883 33.669 8.079
163 4 1 35.126 8.871 33.617 8.067
164 4 1 35.074 8.871 33.566 8.067
165 4 1 35.010 8.866 33.501 8.062
166 4 1 34.971 8.859 33.462 8.055
167 4 1 34.906 8.847 33.398 8.043
168 4 1 34.855 8.828 33.346 8.024
169 4 1 34.803 8.829 33.294 8.025
170 4 1 34.738 8.810 33.229 8.006
171 4 1 34.674 8.804 33.165 8.000
172 4 1 34.635 8.798 33.126 7.994
173 4 1 34.583 8.786 33.074 7.982
174 4 1 34.532 8.780 33.023 7.976
175 4 1 34.480 8.774 32.971 7.970
176 4 1 34.428 8.774 32.919 7.970
177 4 1 34.377 8.768 32.868 7.964
178 4 1 34.325 8.762 32.816 7.958
179 4 1 34.273 8.763 32.764 7.959
180 4 1 34.222 8.757 32.713 7.953
181 4 1 34.157 8.770 32.648 7.966
182 4 1 34.118 8.764 32.609 7.960
183 4 1 34.054 8.771 32.545 7.967
184 4 1 34.002 8.765 32.493 7.961
185 4 1 33.950 8.765 32.441 7.961
186 4 1 33.899 8.759 32.390 7.955
187 4 1 33.847 8.753 32.338 7.949
188 4 1 33.808 8.741 32.299 7.937
189 4 1 33.744 8.735 32.234 7.931
190 4 1 33.705 8.716 32.196 7.912
191 4 1 33.653 8.704 32.144 7.899
192 4 1 33.601 8.685 32.092 7.881
193 4 1 33.550 8.698 32.040 7.894
194 4 1 33.498 8.692 31.989 7.888
195 4 1 33.446 8.699 31.937 7.895
196 4 1 33.395 8.687 31.885 7.882
197 4 1 33.330 8.694 31.821 7.889
198 4 1 33.291 8.700 31.782 7.896
199 4 1 33.214 8.707 31.704 7.903
200 4 1 33.162 8.721 31.653 7.916
201 4 1 33.111 8.728 31.601 7.923
202 4 1 33.059 8.715 31.549 7.911
203 4 1 33.007 8.729 31.498 7.924
204 4 1 32.968 8.729 31.459 7.925
205 4 1 32.930 8.723 31.420 7.918
206 4 1 32.865 8.736 31.355 7.932
207 4 1 32.826 8.743 31.317 7.939
208 4 1 32.762 8.763 31.252 7.958
209 4 1 32.723 8.776 31.213 7.972
210 4 1 32.659 8.796 31.149 7.991
211 4 1 32.620 8.816 31.110 8.011
212 4 1 32.555 8.829 31.045 8.025
213 4 1 32.504 8.849 30.994 8.044
214 4 1 32.452 8.869 30.942 8.064
215 4 1 32.400 8.882 30.890 8.077
216 4 1 32.349 8.889 30.839 8.084
217 4 1 32.297 8.896 30.787 8.091
218 4 1 32.245 8.896 30.735 8.092
219 4 1 32.206 8.890 30.696 8.085
220 4 1 32.142 8.871 30.632 8.067
221 4 1 32.103 8.872 30.593 8.067
222 4 1 32.051 8.866 30.541 8.061
223 4 1 31.999 8.873 30.489 8.068
224 4 1 31.948 8.886 30.438 8.081
225 4 1 31.896 8.906 30.386 8.101
226 4 1 31.844 8.913 30.334 8.108
227 4 1 31.793 8.913 30.283 8.108
228 4 1 31.741 8.920 30.231 8.115
229 4 1 31.676 8.927 30.166 8.122
230 4 1 31.638 8.940 30.127 8.135
231 4 1 31.573 8.947 30.063 8.142
232 4 1 31.521 8.954 30.011 8.149
233 4 1 31.482 8.961 29.972 8.156
234 4 1 31.418 8.949 29.907 8.144
235 4 1 31.392 8.962 29.882 8.157
236 4 1 31.340 8.949 29.830 8.144
237 4 1 31.288 8.963 29.778 8.158
238 4 1 31.237 8.969 29.726 8.164
239 4 1 31.198 8.976 29.687 8.171
240 4 1 31.133 8.983 29.623 8.178
241 4 1 31.094 8.990 29.584 8.185
242 4 1 31.030 8.997 29.519 8.192
243 4 1 30.991 9.017 29.480 8.212
244 4 1 30.926 9.017 29.416 8.212
245 4 1 30.874 9.037 29.364 8.232
246 4 1 30.823 9.044 29.312 8.239
247 4 1 30.758 9.070 29.247 8.265
248 4 1 30.693 9.077 29.183 8.272
249 4 1 30.655 9.097 29.144 8.292
250 4 1 30.590 9.085 29.079 8.279
251 4 1 30.551 9.098 29.040 8.293
252 4 1 30.499 9.085 28.988 8.280
253 4 1 30.448 9.099 28.937 8.294
254 4 1 30.396 9.086 28.885 8.281
255 4 1 30.344 9.100 28.833 8.294
256 4 1 30.292 9.107 28.781 8.301
257 4 1 30.240 9.114 28.729 8.308
258 4 1 30.189 9.120 28.678 8.315
259 4 1 30.124 9.127 28.613 8.322
260 4 1 30.072 9.121 28.561 8.316
261 4 1 30.020 9.128 28.509 8.323
262 4 1 29.956 9.123 28.444 8.317
263 4 1 29.878 9.123 28.367 8.318
264 4 1 29.826 9.117 28.315 8.312
265 4 1 29.774 9.131 28.263 8.325
266 4 1 29.722 9.125 28.211 8.319
267 4 1 29.671 9.119 28.159 8.313
268 4 1 29.632 9.125 28.121 8.320
269 4 1 29.593 9.126 28.082 8.320
270 4 1 29.528 9.120 28.017 8.314
271 4 1 29.489 9.146 27.978 8.340
272 4 1 29.424 9.140 27.913 8.335
273 4 1 29.386 9.147 27.874 8.341
274 4 1 29.308 9.154 27.797 8.348
275 4 1 29.256 9.154 27.745 8.349
276 4 1 29.204 9.161 27.693 8.356
277 4 1 29.139 9.168 27.628 8.363
278 4 1 29.088 9.182 27.576 8.376
279 4 1 29.036 9.189 27.524 8.383
280 4 1 28.984 9.183 27.473 8.377
281 4 1 28.932 9.183 27.421 8.377
282 4 1 28.880 9.177 27.369 8.371
283 4 1 28.828 9.171 27.317 8.365
284 4 1 28.790 9.159 27.278 8.353
285 4 1 28.725 9.166 27.213 8.360
286 4 1 28.686 9.160 27.174 8.354
287 4 1 28.634 9.160 27.122 8.354
288 4 1 28.582 9.154 27.071 8.348
289 4 1 28.530 9.161 27.019 8.355
290 4 1 28.478 9.161 26.967 8.356
291 4 1 28.427 9.168 26.915 8.362
292 4 1 28.375 9.143 26.863 8.337
293 4 1 28.323 9.150 26.811 8.344
294 4 1 28.258 9.144 26.746 8.338
295 4 1 28.219 9.138 26.707 8.332
296 4 1 28.154 9.138 26.643 8.333
297 4 1 28.115 9.132 26.604 8.326
298 4 1 28.063 9.126 26.552 8.320
299 4 1 28.012 9.127 26.500 8.321
300 4 1 27.973 9.121 26.461 8.315
301 4 1 27.934 9.147 26.422 8.341
302 4 1 27.869 9.141 26.357 8.335
303 4 1 27.830 9.161 26.318 8.355
304 4 1 27.765 9.168 26.253 8.362
305 4 1 27.726 9.168 26.214 8.362
306 4 1 27.662 9.175 26.150 8.369
307 4 1 27.623 9.182 26.111 8.376
308 4 1 27.558 9.195 26.046 8.389
309 4 1 27.506 9.202 25.994 8.396
310 4 1 27.454 9.190 25.942 8.384
311 4 1 27.402 9.197 25.890 8.391
312 4 1 27.350 9.191 25.838 8.385
313 4 1 27.298 9.204 25.786 8.398
314 4 1 27.246 9.198 25.734 8.392
315 4 1 27.195 9.205 25.682 8.399
316 4 1 27.156 9.192 25.643 8.386
317 4 1 26.948 9.175 26.182 8.543
318 4 1 27.233 9.237 25.884 8.468
319 4 1 27.188 9.237 25.838 8.468
320 4 1 27.130 9.238 25.780 8.469
321 4 1 27.084 9.238 25.734 8.469
322 4 1 27.026 9.239 25.676 8.470
323 4 1 26.967 9.239 25.617 8.470
324 4 1 26.909 9.240 25.559 8.471
325 4 1 26.851 9.240 25.501 8.471
326 4 1 26.792 9.241 25.442 8.472
327 4 1 26.747 9.241 25.397 8.472
328 4 1 26.688 9.229 25.338 8.460
329 4 1 26.643 9.229 25.293 8.460
330 4 1 26.585 9.230 25.234 8.461
331 4 1 26.539 9.230 25.189 8.461
332 4 1 26.494 9.231 25.144 8.462
333 4 1 26.448 9.231 25.098 8.462
334 4 1 26.390 9.231 25.040 8.462
335 4 1 26.344 9.245 24.994 8.476
336 4 1 26.286 9.232 24.936 8.463
337 4 1 26.241 9.246 24.890 8.477
338 4 1 26.182 9.246 24.832 8.477
339 4 1 26.124 9.247 24.773 8.478
340 4 1 26.065 9.247 24.715 8.478
341 4 1 26.007 9.261 24.657 8.492
342 4 1 25.948 9.274 24.598 8.505
343 4 1 25.903 9.274 24.553 8.505
344 4 1 25.845 9.275 24.494 8.506
345 4 1 25.799 9.275 24.449 8.506
346 4 1 25.741 9.276 24.390 8.507
347 4 1 25.695 9.276 24.345 8.507
348 4 1 25.650 9.277 24.299 8.507
349 4 1 25.604 9.277 24.254 8.508
350 4 1 25.546 9.278 24.195 8.508
351 4 1 25.500 9.278 24.150 8.509
352 4 1 25.442 9.279 24.091 8.509
353 4 1 25.396 9.279 24.046 8.510
354 4 1 25.325 9.280 23.975 8.510
355 4 1 25.280 9.280 23.929 8.511
356 4 1 25.208 9.281 23.858 8.511
357 4 1 25.163 9.281 23.812 8.512
358 4 1 25.104 9.282 23.754 8.512
359 4 1 25.046 9.282 23.695 8.513
360 4 1 24.987 9.270 23.637 8.500
361 4 1 24.942 9.283 23.591 8.514
362 4 1 24.883 9.271 23.533 8.501
363 4 1 24.838 9.271 23.487 8.502
364 4 1 24.591 9.299 23.714 8.596
365 4 1 24.812 9.323 23.487 8.560
366 4 1 24.766 9.330 23.442 8.567
367 4 1 24.721 9.337 23.396 8.573
368 4 1 24.649 9.344 23.325 8.580
369 4 1 24.604 9.351 23.279 8.587
370 4 1 24.532 9.358 23.207 8.594
371 4 1 24.487 9.352 23.162 8.588
372 4 1 24.415 9.359 23.090 8.595
373 4 1 24.370 9.366 23.045 8.602
374 4 1 24.311 9.373 22.986 8.609
375 4 1 24.266 9.367 22.941 8.603
376 4 1 24.025 9.323 23.077 8.628
377 4 1 24.201 9.354 22.895 8.597
378 4 1 24.149 9.355 22.843 8.598
379 4 1 24.097 9.355 22.791 8.598
380 4 1 24.058 9.368 22.752 8.611
381 4 1 24.006 9.382 22.700 8.625
382 4 1 23.954 9.382 22.648 8.625
383 4 1 23.902 9.383 22.596 8.625
384 4 1 23.837 9.383 22.531 8.626
385 4 1 23.785 9.384 22.479 8.626
386 4 1 23.733 9.397 22.427 8.640
387 4 1 23.668 9.398 22.362 8.640
388 4 1 23.616 9.398 22.310 8.641
389 4 1 23.564 9.399 22.258 8.641
390 4 1 23.512 9.399 22.206 8.642
391 4 1 23.447 9.400 22.141 8.642
392 4 1 23.395 9.387 22.089 8.630
393 4 1 23.356 9.388 22.050 8.630
394 4 1 23.304 9.388 21.998 8.631
395 4 1 23.251 9.388 21.946 8.631
396 4 1 23.199 9.389 21.894 8.632
397 4 1 23.147 9.389 21.842 8.632
398 4 1 23.095 9.390 21.790 8.632
399 4 1 23.043 9.403 21.737 8.646
400 4 1 22.991 9.404 21.685 8.646
401 4 1 22.926 9.417 21.620 8.660
402 4 1 22.874 9.418 21.568 8.660
403 4 1 22.809 9.418 21.503 8.661
404 4 1 22.757 9.419 21.451 8.661
405 4 1 22.705 9.432 21.399 8.675
406 4 1 22.653 9.433 21.347 8.675
407 4 1 22.601 9.433 21.295 8.675
408 4 1 22.536 9.434 21.230 8.676
409 4 1 22.484 9.434 21.178 8.677
410 4 1 22.445 9.434 21.139 8.677
411 4 1 22.393 9.422 21.087 8.664
412 4 1 22.341 9.422 21.035 8.665
413 4 1 22.288 9.423 20.982 8.665
414 4 1 22.236 9.423 20.930 8.666
415 4 1 22.184 9.411 20.878 8.653
416 4 1 22.132 9.411 20.826 8.654
417 4 1 22.080 9.412 20.774 8.654
418 4 1 22.015 9.399 20.709 8.642
419 4 1 21.963 9.400 20.657 8.642
420 4 1 21.911 9.387 20.605 8.630
421 4 1 21.859 9.388 20.553 8.630
422 4 1 21.794 9.376 20.488 8.618
67 5 2 19.118 7.590 18.385 7.022
68 5 2 19.138 7.609 18.372 7.015
69 5 2 19.248 7.589 18.483 6.995
70 5 2 19.372 7.568 18.607 6.975
71 5 2 19.483 7.561 18.718 6.967
72 5 2 19.607 7.541 18.841 6.947
73 5 2 19.717 7.533 18.952 6.940
74 5 2 19.841 7.513 19.076 6.919
75 5 2 19.952 7.505 19.187 6.912
76 5 2 20.499 7.533 18.633 6.910
77 5 2 20.388 7.528 18.744 6.915
78 5 2 20.492 7.527 18.848 6.915
79 5 2 20.609 7.513 18.965 6.901
80 5 2 21.025 7.555 19.070 6.855
81 5 2 20.928 7.523 19.154 6.880
82 5 2 21.032 7.516 19.258 6.873
83 5 2 21.149 7.495 19.376 6.852
84 5 2 21.403 7.487 19.493 6.755
85 5 2 21.351 7.455 19.545 6.793
86 5 2 21.462 7.441 19.656 6.779
87 5 2 21.572 7.440 19.766 6.778
88 5 2 21.683 7.439 19.877 6.777
89 5 2 21.806 7.426 20.001 6.763
90 5 2 21.917 7.399 20.111 6.737
91 5 2 22.040 7.385 20.235 6.723
92 5 2 22.151 7.371 20.346 6.709
93 5 2 22.274 7.357 20.469 6.695
94 5 2 22.372 7.344 20.567 6.682
95 5 2 22.495 7.317 20.690 6.655
96 5 2 22.619 7.303 20.814 6.641
97 5 2 22.742 7.302 20.938 6.640
98 5 2 22.853 7.288 21.048 6.626
99 5 2 22.976 7.261 21.172 6.599
100 5 2 23.100 7.234 21.295 6.573
101 5 2 23.236 7.220 21.432 6.559
102 5 2 23.360 7.207 21.555 6.545
103 5 2 23.496 7.180 21.692 6.518
104 5 2 23.619 7.153 21.815 6.491
105 5 2 23.756 7.139 21.952 6.477
106 5 2 23.892 7.125 22.088 6.463
107 5 2 24.028 7.085 22.225 6.424
108 5 2 24.152 7.071 22.348 6.410
109 5 2 24.288 7.044 22.485 6.383
110 5 2 24.424 7.017 22.621 6.356
111 5 2 24.561 7.004 22.757 6.342
112 5 2 24.697 6.990 22.894 6.328
113 5 2 24.846 6.963 23.043 6.301
114 5 2 24.982 6.936 23.180 6.274
115 5 2 25.131 6.922 23.329 6.260
116 5 2 25.268 6.908 23.465 6.246
117 5 2 25.417 6.881 23.614 6.220
118 5 2 25.553 6.854 23.751 6.193
119 5 2 25.702 6.840 23.900 6.179
120 5 2 26.013 6.812 24.140 6.055
121 5 2 25.974 6.767 24.166 6.093
122 5 2 26.117 6.753 24.309 6.079
123 5 2 26.266 6.752 24.458 6.078
124 5 2 26.402 6.738 24.594 6.064
125 5 2 26.545 6.711 24.737 6.037
126 5 2 26.687 6.697 24.879 6.023
127 5 2 26.830 6.696 25.022 6.022
128 5 2 26.972 6.682 25.164 6.008
129 5 2 27.114 6.655 25.307 5.981
130 5 2 27.257 6.641 25.450 5.967
131 5 2 27.399 6.627 25.592 5.953
132 5 2 27.542 6.600 25.735 5.926
133 5 2 27.684 6.586 25.877 5.912
134 5 2 27.827 6.572 26.020 5.898
135 5 2 27.969 6.532 26.162 5.859
136 5 2 28.111 6.518 26.305 5.845
137 5 2 28.254 6.491 26.447 5.818
138 5 2 28.396 6.464 26.589 5.791
139 5 2 28.538 6.438 26.732 5.764
140 5 2 28.674 6.404 26.842 5.687
141 5 2 28.654 6.385 26.848 5.706
142 5 2 28.790 6.365 26.984 5.685
143 5 2 28.932 6.332 27.127 5.652
144 5 2 29.075 6.298 27.269 5.619
145 5 2 29.204 6.278 27.398 5.599
146 5 2 29.333 6.245 27.528 5.566
147 5 2 29.475 6.225 27.670 5.545
148 5 2 29.617 6.191 27.812 5.512
149 5 2 29.734 6.158 27.928 5.479
150 5 2 29.889 6.125 28.084 5.446
151 5 2 30.018 6.092 28.213 5.413
152 5 2 30.147 6.059 28.342 5.380
153 5 2 30.289 6.026 28.484 5.347
154 5 2 30.405 5.993 28.601 5.314
155 5 2 30.547 5.959 28.743 5.281
156 5 2 30.676 5.926 28.872 5.247
157 5 2 30.805 5.906 29.001 5.227
158 5 2 30.934 5.873 29.130 5.194
159 5 2 31.063 5.834 29.259 5.155
160 5 2 31.192 5.807 29.388 5.128
161 5 2 31.334 5.787 29.531 5.108
162 5 2 31.489 5.747 29.685 5.068
163 5 2 31.592 5.733 29.789 5.055
164 5 2 31.734 5.700 29.931 5.021
165 5 2 31.837 5.686 30.034 5.008
166 5 2 31.992 5.647 30.189 4.968
167 5 2 32.121 5.627 30.318 4.948
168 5 2 32.250 5.600 30.447 4.921
169 5 2 32.379 5.599 30.576 4.921
170 5 2 32.507 5.579 30.705 4.900
171 5 2 32.636 5.571 30.834 4.893
172 5 2 32.778 5.551 30.976 4.873
173 5 2 32.920 5.544 31.118 4.865
174 5 2 33.036 5.523 31.234 4.845
175 5 2 33.178 5.516 31.376 4.838
176 5 2 33.307 5.508 31.505 4.830
177 5 2 33.435 5.514 31.634 4.836
178 5 2 33.564 5.519 31.763 4.841
179 5 2 33.693 5.525 31.892 4.847
180 5 2 33.822 5.530 32.021 4.852
181 5 2 33.951 5.548 32.150 4.870
182 5 2 34.080 5.554 32.279 4.876
183 5 2 34.209 5.559 32.407 4.881
184 5 2 34.338 5.577 32.536 4.899
185 5 2 34.467 5.596 32.665 4.918
186 5 2 34.596 5.614 32.794 4.936
187 5 2 34.725 5.645 32.924 4.967
188 5 2 34.854 5.676 33.053 4.998
189 5 2 34.970 5.707 33.169 5.029
190 5 2 35.099 5.725 33.298 5.047
191 5 2 35.228 5.769 33.427 5.091
192 5 2 35.344 5.800 33.543 5.122
193 5 2 35.460 5.844 33.659 5.166
194 5 2 35.589 5.875 33.788 5.197
195 5 2 35.705 5.932 33.904 5.254
196 5 2 35.809 5.976 34.008 5.298
197 5 2 35.938 6.020 34.137 5.342
198 5 2 36.054 6.064 34.253 5.386
199 5 2 36.183 6.120 34.382 5.443
200 5 2 36.286 6.164 34.485 5.487
201 5 2 36.403 6.221 34.602 5.543
202 5 2 36.493 6.278 34.692 5.600
203 5 2 36.622 6.335 34.821 5.657
204 5 2 36.726 6.392 34.925 5.714
205 5 2 36.829 6.461 35.028 5.783
206 5 2 36.933 6.531 35.132 5.853
207 5 2 37.036 6.601 35.235 5.923
208 5 2 37.140 6.670 35.339 5.992
209 5 2 37.243 6.740 35.442 6.062
210 5 2 37.347 6.810 35.546 6.132
211 5 2 37.450 6.879 35.649 6.202
212 5 2 37.541 6.949 35.740 6.271
213 5 2 37.632 7.019 35.831 6.341
214 5 2 37.735 7.089 35.934 6.411
215 5 2 37.826 7.171 36.025 6.493
216 5 2 37.917 7.241 36.116 6.563
217 5 2 38.021 7.324 36.219 6.646
218 5 2 38.124 7.393 36.323 6.715
219 5 2 38.215 7.476 36.413 6.798
220 5 2 38.293 7.559 36.491 6.881
221 5 2 38.397 7.641 36.595 6.963
222 5 2 38.487 7.711 36.686 7.033
223 5 2 38.591 7.794 36.789 7.116
224 5 2 38.682 7.863 36.880 7.185
225 5 2 38.760 7.946 36.958 7.268
226 5 2 38.851 8.029 37.049 7.351
227 5 2 38.954 8.112 37.152 7.433
228 5 2 39.045 8.194 37.243 7.516
229 5 2 39.110 8.277 37.308 7.599
230 5 2 39.201 8.360 37.399 7.682
231 5 2 39.279 8.443 37.477 7.765
232 5 2 39.357 8.525 37.555 7.847
233 5 2 39.448 8.621 37.646 7.943
234 5 2 39.552 8.704 37.750 8.025
235 5 2 39.643 8.786 37.841 8.108
236 5 2 39.721 8.869 37.919 8.191
237 5 2 39.799 8.965 37.997 8.287
238 5 2 39.890 9.048 38.088 8.369
239 5 2 39.981 9.130 38.178 8.452
240 5 2 40.059 9.213 38.256 8.535
241 5 2 40.137 9.296 38.334 8.618
242 5 2 40.228 9.379 38.425 8.701
243 5 2 40.332 9.474 38.529 8.796
244 5 2 40.410 9.544 38.607 8.866
245 5 2 40.501 9.640 38.698 8.962
246 5 2 40.579 9.710 38.776 9.032
247 5 2 40.670 9.793 38.867 9.115
248 5 2 40.774 9.876 38.971 9.197
249 5 2 40.865 9.958 39.062 9.280
250 5 2 40.943 10.028 39.140 9.350
251 5 2 41.034 10.111 39.231 9.433
252 5 2 41.137 10.181 39.334 9.503
253 5 2 41.241 10.264 39.438 9.585
254 5 2 41.332 10.334 39.529 9.655
255 5 2 41.410 10.417 39.607 9.738
256 5 2 41.514 10.487 39.711 9.808
257 5 2 41.618 10.569 39.815 9.891
258 5 2 41.722 10.639 39.918 9.961
259 5 2 41.813 10.709 40.009 10.031
260 5 2 41.929 10.779 40.126 10.100
261 5 2 42.007 10.862 40.204 10.183
262 5 2 42.111 10.932 40.308 10.253
263 5 2 42.215 11.002 40.412 10.323
264 5 2 42.306 11.071 40.502 10.393
265 5 2 42.422 11.141 40.619 10.463
266 5 2 42.513 11.211 40.710 10.533
267 5 2 42.617 11.281 40.814 10.603
268 5 2 42.721 11.338 40.917 10.660
269 5 2 42.825 11.408 41.021 10.729
270 5 2 42.928 11.478 41.125 10.799
271 5 2 43.019 11.548 41.216 10.869
272 5 2 43.110 11.605 41.307 10.926
273 5 2 43.227 11.675 41.423 10.996
274 5 2 43.285 11.732 41.482 11.054
275 5 2 43.338 11.803 41.540 11.124
276 5 2 43.384 11.860 41.593 11.181
277 5 2 43.436 11.931 41.651 11.252
278 5 2 43.482 11.988 41.704 11.309
279 5 2 43.534 12.059 41.762 11.379
280 5 2 43.580 12.116 41.814 11.437
281 5 2 43.632 12.187 41.873 11.507
283 5 2 43.439 12.182 41.686 11.503
284 5 2 43.478 12.240 41.732 11.560
285 5 2 43.524 12.297 41.784 11.618
286 5 2 43.570 12.355 41.836 11.675
287 5 2 43.616 12.412 41.889 11.733
288 5 2 43.662 12.470 41.941 11.790
289 5 2 43.701 12.515 41.986 11.835
291 5 2 43.475 12.511 41.767 11.831
292 5 2 43.508 12.555 41.807 11.875
293 5 2 43.527 12.549 41.832 11.869
294 5 2 43.507 12.504 41.819 11.824
295 5 2 43.501 12.510 41.819 11.830
296 5 2 43.495 12.517 41.819 11.837
297 5 2 43.495 12.523 41.826 11.843
298 5 2 43.488 12.517 41.825 11.837
300 5 2 43.366 12.512 41.709 11.831
301 5 2 43.386 12.544 41.736 11.863
302 5 2 43.399 12.576 41.755 11.895
303 5 2 43.380 12.595 41.743 11.915
304 5 2 43.367 12.615 41.736 11.934
305 5 2 43.361 12.621 41.736 11.941
306 5 2 43.355 12.628 41.737 11.947
307 5 2 43.354 12.621 41.743 11.941
308 5 2 43.355 12.628 41.749 11.947
309 5 2 43.355 12.634 41.756 11.953
310 5 2 43.355 12.641 41.762 11.960
311 5 2 43.348 12.634 41.762 11.953
312 5 2 43.348 12.641 41.769 11.960
313 5 2 43.348 12.647 41.775 11.966
314 5 2 43.342 12.654 41.775 11.973
315 5 2 43.342 12.647 41.782 11.966
316 5 2 43.342 12.654 41.788 11.972
317 5 2 43.342 12.647 41.795 11.966
318 5 2 43.336 12.654 41.795 11.972
319 5 2 43.336 12.660 41.801 11.979
320 5 2 43.329 12.667 41.801 11.985
321 5 2 43.329 12.660 41.808 11.979
322 5 2 43.329 12.667 41.814 11.985
323 5 2 43.329 12.660 41.821 11.979
324 5 2 43.323 12.667 41.821 11.985
325 5 2 43.329 12.673 41.834 11.991
326 5 2 43.323 12.680 41.834 11.998
327 5 2 43.323 12.673 41.840 11.991
328 5 2 43.317 12.680 41.840 11.998
329 5 2 43.316 12.673 41.847 11.991
330 5 2 43.317 12.680 41.853 11.998
331 5 2 43.316 12.673 41.859 11.991
332 5 2 43.310 12.680 41.859 11.998
333 5 2 43.310 12.686 41.866 12.004
334 5 2 43.310 12.693 41.873 12.010
335 5 2 43.310 12.686 41.879 12.004
336 5 2 43.304 12.693 41.879 12.010
337 5 2 43.304 12.687 41.885 12.004
338 5 2 43.304 12.693 41.885 12.010
339 5 2 43.304 12.687 41.892 12.004
340 5 2 43.304 12.693 41.898 12.010
341 5 2 43.304 12.699 41.898 12.016
342 5 2 43.304 12.706 41.898 12.023
343 5 2 43.304 12.699 41.898 12.016
344 5 2 43.304 12.693 41.905 12.010
345 5 2 43.304 12.699 41.911 12.016
346 5 2 43.304 12.706 41.911 12.023
347 5 2 43.304 12.699 41.911 12.016
348 5 2 43.304 12.706 41.911 12.023
349 5 2 43.297 12.699 41.905 12.016
350 5 2 43.304 12.693 41.918 12.010
351 5 2 43.304 12.687 41.924 12.003
352 5 2 43.304 12.693 41.924 12.010
353 5 2 43.304 12.699 41.924 12.016
354 5 2 43.304 12.693 41.930 12.010
355 5 2 43.304 12.699 41.937 12.016
356 5 2 43.298 12.706 41.931 12.023
357 5 2 43.304 12.699 41.937 12.016
358 5 2 43.304 12.693 41.937 12.010
359 5 2 43.304 12.699 41.937 12.016
360 5 2 43.304 12.706 41.937 12.023
361 5 2 43.297 12.699 41.931 12.016
362 5 2 43.298 12.706 41.931 12.023
363 5 2 43.297 12.699 41.931 12.016
364 5 2 43.304 12.706 41.937 12.023
365 5 2 43.304 12.699 41.937 12.016
366 5 2 43.304 12.706 41.937 12.023
367 5 2 43.297 12.699 41.931 12.016
368 5 2 43.298 12.706 41.931 12.023
369 5 2 43.297 12.699 41.931 12.016
370 5 2 43.304 12.706 41.937 12.023
371 5 2 43.304 12.699 41.937 12.016
372 5 2 43.304 12.706 41.937 12.023
373 5 2 43.297 12.699 41.931 12.016
374 5 2 43.298 12.706 41.931 12.023
375 5 2 43.297 12.699 41.931 12.016
376 5 2 43.304 12.706 41.937 12.023
377 5 2 43.304 12.699 41.937 12.016
378 5 2 43.304 12.693 41.937 12.010
379 5 2 43.304 12.687 41.943 12.003
380 5 2 43.304 12.693 41.950 12.010
381 5 2 43.297 12.687 41.950 12.003
382 5 2 43.297 12.693 41.950 12.010
383 5 2 43.297 12.687 41.950 12.003
384 5 2 43.297 12.693 41.950 12.010
385 5 2 43.297 12.687 41.950 12.003
386 5 2 43.297 12.693 41.950 12.010
387 5 2 43.297 12.687 41.950 12.003
388 5 2 43.297 12.680 41.950 11.997
389 5 2 43.297 12.674 41.950 11.990
390 5 2 43.297 12.680 41.950 11.997
391 5 2 43.297 12.674 41.950 11.990
392 5 2 43.304 12.680 41.963 11.997
393 5 2 43.297 12.674 41.962 11.990
394 5 2 43.297 12.667 41.962 11.984
395 5 2 43.297 12.661 41.962 11.977
396 5 2 43.297 12.667 41.962 11.984
397 5 2 43.297 12.661 41.962 11.977
398 5 2 43.297 12.667 41.962 11.984
399 5 2 43.297 12.661 41.962 11.977
400 5 2 43.297 12.667 41.962 11.984
401 5 2 43.303 12.661 41.975 11.977
402 5 2 43.297 12.667 41.975 11.983
403 5 2 43.297 12.661 41.975 11.977
404 5 2 43.297 12.667 41.975 11.983
405 5 2 43.297 12.661 41.975 11.977
406 5 2 43.297 12.654 41.975 11.971
407 5 2 43.297 12.648 41.975 11.964
408 5 2 43.297 12.654 41.975 11.971
409 5 2 43.297 12.648 41.975 11.964
410 5 2 43.297 12.654 41.975 11.971
411 5 2 43.297 12.648 41.975 11.964
412 5 2 43.297 12.654 41.975 11.971
413 5 2 43.297 12.648 41.975 11.964
414 5 2 43.297 12.654 41.975 11.971
415 5 2 43.297 12.648 41.975 11.964
416 5 2 43.297 12.654 41.975 11.971
417 5 2 43.297 12.648 41.975 11.964
418 5 2 43.303 12.654 41.988 11.970
419 5 2 43.297 12.648 41.988 11.964
420 5 2 43.297 12.654 41.988 11.970
421 5 2 43.297 12.648 41.988 11.964
422 5 2 43.297 12.641 41.988 11.958
84 6 1 38.328 10.806 37.426 10.183
85 6 1 38.328 10.806 37.433 10.183
86 6 1 38.283 10.813 37.388 10.190
87 6 1 38.251 10.833 37.356 10.209
88 6 1 38.071 10.912 37.085 10.231
89 6 1 38.052 10.893 37.111 10.244
90 6 1 38.000 10.900 37.059 10.251
91 6 1 37.949 10.919 37.008 10.271
92 6 1 37.897 10.926 36.956 10.278
93 6 1 37.846 10.933 36.905 10.284
94 6 1 37.794 10.940 36.853 10.291
95 6 1 37.742 10.960 36.801 10.311
96 6 1 37.691 10.967 36.750 10.318
97 6 1 37.652 10.987 36.711 10.338
98 6 1 37.614 10.993 36.673 10.345
99 6 1 37.562 11.013 36.621 10.364
100 6 1 37.472 11.053 36.628 10.345
101 6 1 37.504 11.033 36.595 10.365
102 6 1 37.459 11.034 36.550 10.365
103 6 1 37.401 11.047 36.492 10.379
104 6 1 37.356 11.048 36.447 10.379
105 6 1 37.298 11.061 36.389 10.392
106 6 1 37.253 11.061 36.344 10.393
107 6 1 37.195 11.062 36.286 10.393
108 6 1 37.137 11.075 36.228 10.407
109 6 1 37.079 11.076 36.170 10.407
110 6 1 37.021 11.089 36.112 10.421
111 6 1 36.963 11.103 36.054 10.434
112 6 1 36.917 11.103 36.008 10.435
113 6 1 36.859 11.117 35.950 10.448
114 6 1 36.814 11.117 35.905 10.448
115 6 1 36.756 11.131 35.847 10.462
116 6 1 36.724 11.144 35.815 10.475
117 6 1 36.666 11.170 35.757 10.501
118 6 1 36.621 11.184 35.712 10.515
119 6 1 36.563 11.184 35.654 10.515
120 6 1 36.518 11.184 35.609 10.516
121 6 1 36.447 11.185 35.538 10.516
122 6 1 36.402 11.199 35.492 10.530
123 6 1 36.344 11.212 35.434 10.543
124 6 1 36.285 11.225 35.376 10.557
125 6 1 36.227 11.239 35.318 10.570
126 6 1 36.182 11.265 35.273 10.596
127 6 1 36.124 11.292 35.215 10.623
128 6 1 36.079 11.318 35.170 10.649
129 6 1 36.034 11.331 35.125 10.662
130 6 1 35.989 11.332 35.080 10.663
131 6 1 35.944 11.345 35.035 10.676
132 6 1 35.899 11.358 34.989 10.689
133 6 1 35.854 11.359 34.944 10.690
134 6 1 35.808 11.359 34.899 10.690
135 6 1 35.763 11.372 34.854 10.703
136 6 1 35.718 11.373 34.809 10.704
137 6 1 35.660 11.373 34.750 10.704
138 6 1 35.615 11.387 34.705 10.718
139 6 1 35.556 11.387 34.647 10.718
140 6 1 35.498 11.388 34.589 10.719
141 6 1 35.440 11.401 34.531 10.732
142 6 1 35.395 11.402 34.486 10.733
143 6 1 35.337 11.415 34.427 10.746
144 6 1 35.292 11.416 34.382 10.746
145 6 1 35.233 11.416 34.324 10.747
146 6 1 35.201 11.429 34.292 10.760
147 6 1 35.143 11.430 34.234 10.761
148 6 1 35.053 11.573 34.305 10.773
149 6 1 35.118 11.514 34.234 10.832
150 6 1 35.073 11.528 34.189 10.845
151 6 1 35.015 11.554 34.131 10.871
152 6 1 34.969 11.567 34.086 10.885
153 6 1 34.911 11.581 34.027 10.898
154 6 1 34.866 11.581 33.982 10.899
155 6 1 34.808 11.595 33.924 10.912
156 6 1 34.750 11.608 33.866 10.926
157 6 1 34.692 11.622 33.808 10.939
158 6 1 34.646 11.635 33.763 10.952
159 6 1 34.601 11.648 33.717 10.966
160 6 1 34.646 11.635 33.569 10.954
161 6 1 34.556 11.636 33.653 10.953
162 6 1 34.517 11.636 33.614 10.954
163 6 1 34.465 11.637 33.562 10.954
164 6 1 34.414 11.637 33.510 10.955
165 6 1 34.375 11.625 33.471 10.942
166 6 1 34.336 11.625 33.433 10.943
167 6 1 34.271 11.639 33.368 10.956
168 6 1 34.232 11.639 33.329 10.956
169 6 1 34.181 11.640 33.277 10.957
170 6 1 34.129 11.653 33.226 10.970
171 6 1 34.077 11.653 33.174 10.971
172 6 1 34.025 11.654 33.122 10.971
173 6 1 33.974 11.654 33.070 10.972
174 6 1 33.922 11.655 33.019 10.972
175 6 1 33.870 11.668 32.967 10.986
176 6 1 33.883 11.655 32.883 10.999
177 6 1 33.838 11.662 32.928 10.986
178 6 1 33.793 11.669 32.883 10.993
179 6 1 33.747 11.663 32.837 10.987
180 6 1 33.715 11.670 32.805 10.994
181 6 1 33.657 11.677 32.747 11.001
182 6 1 33.624 11.697 32.715 11.020
183 6 1 33.566 11.704 32.656 11.027
184 6 1 33.534 11.710 32.624 11.034
185 6 1 33.476 11.705 32.566 11.028
186 6 1 33.443 11.711 32.533 11.035
187 6 1 33.385 11.718 32.475 11.042
188 6 1 33.340 11.725 32.430 11.049
189 6 1 33.281 11.719 32.372 11.043
190 6 1 33.236 11.726 32.326 11.050
191 6 1 33.178 11.733 32.268 11.057
192 6 1 33.133 11.753 32.223 11.077
193 6 1 33.087 11.747 32.177 11.071
194 6 1 33.042 11.754 32.132 11.078
195 6 1 32.997 11.748 32.087 11.072
196 6 1 32.964 11.755 32.054 11.078
197 6 1 32.906 11.749 31.996 11.072
198 6 1 32.874 11.743 31.964 11.066
199 6 1 32.815 11.737 31.905 11.060
200 6 1 32.770 11.744 31.860 11.067
201 6 1 32.712 11.725 31.802 11.048
202 6 1 32.666 11.719 31.756 11.042
203 6 1 32.608 11.700 31.698 11.024
204 6 1 32.562 11.694 31.653 11.017
205 6 1 32.504 11.688 31.594 11.012
206 6 1 32.459 11.682 31.549 11.006
207 6 1 32.400 11.676 31.491 11.000
208 6 1 32.342 11.683 31.432 11.007
209 6 1 32.297 11.664 31.387 10.988
210 6 1 32.251 11.658 31.342 10.982
211 6 1 32.206 11.652 31.296 10.976
212 6 1 32.161 11.646 31.251 10.970
213 6 1 32.115 11.627 31.205 10.951
214 6 1 32.083 11.621 31.173 10.944
215 6 1 32.024 11.615 31.115 10.939
216 6 1 31.992 11.609 31.082 10.932
217 6 1 31.934 11.590 31.024 10.914
218 6 1 31.888 11.584 30.978 10.908
219 6 1 31.843 11.565 30.933 10.889
220 6 1 31.797 11.546 30.888 10.870
221 6 1 31.752 11.514 30.842 10.838
222 6 1 31.706 11.495 30.797 10.819
223 6 1 31.648 11.476 30.738 10.800
224 6 1 31.603 11.470 30.693 10.794
225 6 1 31.544 11.452 30.634 10.775
226 6 1 31.486 11.446 30.576 10.769
227 6 1 31.428 11.440 30.518 10.763
228 6 1 31.395 11.434 30.485 10.757
229 6 1 31.337 11.428 30.427 10.751
230 6 1 31.304 11.422 30.395 10.745
231 6 1 31.246 11.403 30.336 10.726
232 6 1 31.214 11.397 30.304 10.720
233 6 1 31.155 11.378 30.245 10.701
234 6 1 31.123 11.372 30.213 10.695
235 6 1 31.064 11.366 30.155 10.689
236 6 1 31.019 11.360 30.109 10.683
237 6 1 30.974 11.354 30.064 10.677
238 6 1 30.928 11.348 30.018 10.671
239 6 1 30.870 11.342 29.960 10.665
240 6 1 30.824 11.336 29.915 10.659
241 6 1 30.766 11.317 29.856 10.640
242 6 1 30.721 11.311 29.811 10.634
243 6 1 30.662 11.292 29.752 10.615
244 6 1 30.630 11.273 29.720 10.596
245 6 1 30.584 11.241 29.674 10.564
246 6 1 30.565 11.222 29.655 10.545
247 6 1 30.519 11.190 29.609 10.513
248 6 1 30.487 11.184 29.577 10.507
249 6 1 30.428 11.178 29.519 10.501
250 6 1 30.383 11.172 29.473 10.495
251 6 1 30.338 11.166 29.428 10.489
252 6 1 30.292 11.147 29.382 10.470
253 6 1 30.247 11.128 29.337 10.451
254 6 1 30.201 11.109 29.292 10.432
255 6 1 30.156 11.077 29.246 10.400
256 6 1 30.110 11.071 29.201 10.394
257 6 1 30.065 11.065 29.155 10.388
258 6 1 30.020 11.072 29.110 10.395
259 6 1 29.961 11.066 29.052 10.389
260 6 1 29.916 11.073 29.006 10.396
261 6 1 29.857 11.080 28.948 10.403
262 6 1 29.825 11.074 28.915 10.397
263 6 1 29.767 11.068 28.857 10.391
264 6 1 29.721 11.062 28.812 10.385
265 6 1 29.676 11.056 28.766 10.379
266 6 1 29.630 11.050 28.721 10.373
267 6 1 29.585 11.043 28.675 10.367
268 6 1 29.540 11.037 28.630 10.361
269 6 1 29.494 11.031 28.584 10.355
270 6 1 29.449 11.025 28.539 10.349
271 6 1 29.390 11.019 28.481 10.343
272 6 1 29.345 11.013 28.435 10.337
273 6 1 29.286 10.995 28.377 10.318
274 6 1 29.241 10.989 28.331 10.312
275 6 1 29.196 10.982 28.286 10.306
276 6 1 29.150 10.976 28.240 10.300
277 6 1 29.105 10.957 28.195 10.281
278 6 1 29.072 10.938 28.163 10.262
279 6 1 29.027 10.932 28.117 10.256
280 6 1 28.994 10.926 28.085 10.249
281 6 1 28.949 10.907 28.039 10.231
282 6 1 28.903 10.914 27.994 10.237
283 6 1 28.858 10.908 27.948 10.231
284 6 1 28.826 10.915 27.916 10.238
285 6 1 28.780 10.909 27.871 10.232
286 6 1 28.735 10.903 27.825 10.226
287 6 1 28.689 10.897 27.780 10.220
288 6 1 28.644 10.891 27.734 10.214
289 6 1 28.598 10.885 27.689 10.208
290 6 1 28.553 10.879 27.643 10.202
291 6 1 28.508 10.873 27.598 10.196
292 6 1 28.462 10.879 27.552 10.203
293 6 1 28.417 10.873 27.507 10.197
294 6 1 28.371 10.867 27.462 10.191
295 6 1 28.326 10.861 27.416 10.185
296 6 1 28.293 10.855 27.384 10.178
297 6 1 28.261 10.849 27.351 10.172
298 6 1 28.215 10.856 27.306 10.179
299 6 1 28.170 10.837 27.260 10.160
300 6 1 28.138 10.831 27.228 10.154
301 6 1 28.092 10.825 27.182 10.148
302 6 1 28.047 10.832 27.137 10.155
303 6 1 28.001 10.813 27.092 10.136
304 6 1 27.956 10.807 27.046 10.130
305 6 1 27.897 10.801 26.988 10.124
306 6 1 27.852 10.795 26.942 10.118
307 6 1 27.793 10.789 26.884 10.112
308 6 1 27.761 10.783 26.851 10.106
309 6 1 27.702 10.764 26.793 10.087
310 6 1 27.670 10.758 26.760 10.081
311 6 1 27.625 10.752 26.715 10.075
312 6 1 27.579 10.745 26.669 10.069
313 6 1 27.534 10.739 26.624 10.063
314 6 1 27.501 10.746 26.592 10.069
315 6 1 27.456 10.740 26.546 10.063
316 6 1 27.410 10.734 26.501 10.057
317 6 1 27.365 10.728 26.455 10.051
318 6 1 27.319 10.735 26.410 10.058
319 6 1 27.274 10.729 26.364 10.052
320 6 1 27.228 10.736 26.319 10.059
321 6 1 27.170 10.730 26.260 10.053
322 6 1 27.124 10.724 26.215 10.047
323 6 1 27.079 10.718 26.169 10.041
324 6 1 27.034 10.725 26.124 10.048
325 6 1 26.975 10.719 26.065 10.042
326 6 1 26.943 10.726 26.033 10.049
327 6 1 26.884 10.720 25.974 10.043
328 6 1 26.852 10.726 25.942 10.049
329 6 1 26.793 10.720 25.884 10.043
330 6 1 26.761 10.727 25.851 10.050
331 6 1 26.715 10.721 25.806 10.044
332 6 1 26.670 10.728 25.760 10.051
333 6 1 26.624 10.735 25.715 10.058
334 6 1 26.579 10.742 25.669 10.065
335 6 1 26.520 10.736 25.611 10.059
336 6 1 26.475 10.743 25.565 10.066
337 6 1 26.429 10.737 25.520 10.060
338 6 1 26.384 10.744 25.474 10.067
339 6 1 26.325 10.738 25.416 10.061
340 6 1 26.280 10.745 25.370 10.068
341 6 1 26.221 10.739 25.312 10.062
342 6 1 26.176 10.733 25.266 10.056
343 6 1 26.130 10.727 25.221 10.049
344 6 1 26.085 10.721 25.175 10.043
345 6 1 26.039 10.715 25.130 10.037
346 6 1 26.007 10.708 25.097 10.031
347 6 1 25.962 10.702 25.052 10.025
348 6 1 25.916 10.696 25.006 10.019
349 6 1 25.871 10.690 24.961 10.013
350 6 1 25.825 10.697 24.915 10.020
351 6 1 25.780 10.704 24.870 10.027
352 6 1 25.734 10.711 24.824 10.034
353 6 1 25.689 10.718 24.779 10.041
354 6 1 25.643 10.725 24.733 10.047
355 6 1 25.597 10.732 24.688 10.054
356 6 1 25.552 10.739 24.642 10.061
357 6 1 25.506 10.745 24.597 10.068
358 6 1 25.461 10.765 24.551 10.088
359 6 1 25.402 10.759 24.493 10.082
360 6 1 25.370 10.766 24.460 10.089
361 6 1 25.324 10.773 24.415 10.096
362 6 1 25.279 10.780 24.369 10.103
363 6 1 25.233 10.774 24.324 10.096
364 6 1 25.188 10.839 24.220 10.059
365 6 1 25.155 10.788 24.245 10.104
366 6 1 25.110 10.788 24.200 10.104
367 6 1 25.064 10.788 24.154 10.104
368 6 1 25.227 10.923 24.037 10.047
369 6 1 25.090 10.827 24.167 10.137
370 6 1 25.045 10.821 24.122 10.131
371 6 1 24.999 10.828 24.076 10.138
372 6 1 25.240 10.877 23.979 10.028
373 6 1 25.071 10.801 24.128 10.105
374 6 1 25.019 10.802 24.076 10.105
375 6 1 24.967 10.802 24.024 10.106
376 6 1 24.999 10.847 23.745 9.972
377 6 1 24.850 10.758 23.901 10.055
378 6 1 24.804 10.752 23.855 10.049
379 6 1 24.759 10.759 23.810 10.056
380 6 1 24.505 10.858 23.582 9.935
381 6 1 24.524 10.748 23.582 10.039
382 6 1 24.485 10.748 23.543 10.039
383 6 1 24.433 10.749 23.491 10.039
384 6 1 24.394 10.749 23.452 10.040
385 6 1 24.342 10.763 23.400 10.053
386 6 1 24.303 10.763 23.361 10.053
387 6 1 24.264 10.763 23.322 10.054
388 6 1 24.212 10.764 23.270 10.054
389 6 1 24.173 10.777 23.231 10.068
390 6 1 24.121 10.778 23.179 10.068
391 6 1 24.069 10.778 23.127 10.069
392 6 1 24.212 10.868 23.068 9.998
393 6 1 24.108 10.791 23.159 10.075
394 6 1 24.062 10.798 23.113 10.082
395 6 1 24.017 10.805 23.068 10.089
396 6 1 23.984 10.811 23.035 10.095
397 6 1 23.939 10.805 22.990 10.089
398 6 1 23.893 10.799 22.944 10.083
399 6 1 23.835 10.780 22.886 10.064
400 6 1 23.802 10.774 22.853 10.058
401 6 1 23.744 10.768 22.795 10.052
402 6 1 23.711 10.775 22.762 10.059
403 6 1 23.652 10.769 22.704 10.053
404 6 1 23.607 10.776 22.658 10.060
405 6 1 23.548 10.770 22.599 10.054
406 6 1 23.503 10.764 22.554 10.048
407 6 1 23.444 10.758 22.495 10.042
408 6 1 23.399 10.765 22.450 10.049
409 6 1 23.353 10.759 22.404 10.043
410 6 1 23.307 10.753 22.358 10.037
411 6 1 23.262 10.747 22.313 10.031
412 6 1 23.255 10.896 22.039 10.014
413 6 1 23.125 10.813 22.170 10.097
414 6 1 23.086 10.820 22.130 10.104
415 6 1 23.047 10.814 22.091 10.097
416 6 1 22.995 10.821 22.039 10.104
417 6 1 22.956 10.815 22.000 10.098
418 6 1 22.904 10.822 21.948 10.105
419 6 1 22.852 10.816 21.896 10.099
420 6 1 22.799 10.822 21.844 10.106
421 6 1 22.760 10.816 21.805 10.100
422 6 1 22.708 10.823 21.753 10.107
