0 2 1 18.108 12.001 16.914 11.280
1 2 1 18.025 11.929 16.974 11.353
2 2 1 18.084 12.085 16.938 11.280
3 2 1 18.048 12.001 17.034 11.353
4 2 1 18.060 11.977 17.070 11.328
5 2 1 17.893 11.917 16.855 11.257
6 2 1 18.300 12.013 17.082 11.377
7 2 1 18.371 12.049 17.130 11.364
8 2 1 17.716 11.448 16.630 10.800
9 2 1 18.455 12.061 17.130 11.340
10 2 1 18.407 12.061 17.154 11.316
11 2 1 16.503 10.163 15.383 9.516
12 2 1 18.587 11.988 17.333 11.400
13 2 1 18.671 11.976 17.357 11.412
14 2 1 20.628 13.987 19.479 13.494
15 2 1 18.743 12.036 17.381 11.388
16 2 1 18.587 12.012 17.597 11.352
17 2 1 18.481 11.699 17.334 11.196
18 2 1 18.767 12.036 17.716 11.400
19 2 1 18.767 12.036 17.764 11.400
20 2 1 19.197 12.337 18.073 11.832
21 2 1 18.814 12.132 17.884 11.339
22 2 1 18.838 12.181 17.885 11.303
23 2 1 18.970 12.168 17.957 11.279
24 2 1 19.197 12.180 17.537 11.328
25 2 1 19.293 12.180 17.597 11.316
26 2 1 18.898 12.108 17.799 11.568
27 2 1 19.055 12.012 17.956 11.471
28 2 1 19.114 12.011 18.015 11.471
29 2 1 19.270 12.059 18.315 11.411
30 2 1 19.318 11.999 18.231 11.459
31 2 1 19.569 12.167 18.436 11.290
32 2 1 19.629 12.179 18.508 11.278
33 2 1 19.772 12.143 18.459 11.326
34 2 1 19.605 12.155 18.591 11.338
35 2 1 19.856 12.131 18.555 11.314
36 2 1 19.928 12.131 18.603 11.302
37 2 1 19.952 12.118 18.759 11.290
38 2 1 20.168 12.058 18.639 11.314
39 2 1 20.156 12.082 18.651 11.326
40 2 1 20.180 12.082 18.687 11.326
41 2 1 19.977 11.998 18.866 11.434
42 2 1 20.049 11.998 18.938 11.434
43 2 1 20.120 11.998 19.010 11.434
44 2 1 20.192 11.998 19.081 11.434
45 2 1 20.264 12.010 19.153 11.446
46 2 1 20.324 12.009 19.213 11.446
47 2 1 20.384 12.009 19.273 11.445
48 2 1 20.444 11.997 19.333 11.433
49 2 1 20.563 12.142 19.597 11.325
50 2 1 20.635 12.129 19.692 11.349
51 2 1 20.706 12.153 19.704 11.300
52 2 1 21.113 12.129 19.537 11.325
53 2 1 21.101 12.117 19.573 11.325
54 2 1 21.269 12.164 19.692 11.301
55 2 1 21.437 12.104 19.824 11.336
56 2 1 21.472 12.116 19.872 11.360
57 2 1 21.472 12.104 20.028 11.252
58 2 1 21.473 12.068 20.136 11.216
59 2 1 21.365 12.080 20.315 11.264
60 2 1 21.796 12.019 19.991 11.372
61 2 1 21.808 11.971 20.099 11.384
62 2 1 21.688 12.043 20.219 11.348
63 2 1 21.772 12.031 20.279 11.348
64 2 1 21.808 12.055 20.326 11.372
65 2 1 21.987 12.055 20.338 11.408
66 2 1 21.975 12.055 20.362 11.336
67 2 1 21.963 12.079 20.386 11.336
68 2 1 22.119 12.055 20.350 11.348
69 2 1 22.119 12.031 20.446 11.323
70 2 1 22.262 12.066 20.554 11.359
71 2 1 22.394 12.066 20.721 11.359
72 2 1 22.501 12.066 20.805 11.371
73 2 1 22.549 12.030 20.865 11.359
74 2 1 22.513 12.018 21.008 11.335
75 2 1 22.549 12.042 21.068 11.323
76 2 1 22.465 12.078 21.140 11.274
77 2 1 22.465 12.030 21.140 11.262
78 2 1 22.585 12.054 21.272 11.274
79 2 1 22.501 12.054 21.403 11.274
80 2 1 22.860 11.957 21.271 11.298
81 2 1 22.872 11.993 21.367 11.262
82 2 1 22.920 12.005 21.391 11.226
83 2 1 22.741 11.897 21.594 11.334
84 2 1 22.789 11.897 21.642 11.334
85 2 1 22.836 11.885 21.690 11.322
86 2 1 22.908 11.873 21.762 11.310
87 2 1 22.968 11.861 21.821 11.297
88 2 1 23.362 11.992 21.810 11.249
89 2 1 23.410 11.968 21.917 11.273
90 2 1 23.422 11.944 21.917 11.261
91 2 1 23.243 11.884 22.096 11.321
92 2 1 23.565 11.920 22.049 11.297
93 2 1 23.434 11.908 22.144 11.237
94 2 1 23.530 11.932 22.288 11.213
95 2 1 23.757 11.884 22.180 11.297
96 2 1 23.745 11.896 22.264 11.321
97 2 1 23.876 11.907 22.252 11.237
98 2 1 24.043 11.895 22.347 11.285
99 2 1 24.043 11.907 22.407 11.273
100 2 1 24.187 11.955 22.503 11.308
101 2 1 24.139 11.967 22.563 11.236
102 2 1 24.139 11.895 22.718 11.200
103 2 1 24.402 11.919 22.778 11.272
104 2 1 24.330 11.907 22.813 11.248
105 2 1 24.223 11.955 22.933 11.248
106 2 1 24.390 11.895 22.909 11.200
107 2 1 24.438 11.919 22.969 11.212
108 2 1 24.438 11.858 22.957 11.212
109 2 1 24.354 11.907 23.136 11.127
110 2 1 24.605 11.858 23.100 11.115
111 2 1 24.665 11.906 23.220 11.031
112 2 1 24.784 11.930 23.256 11.163
113 2 1 24.915 11.894 23.303 11.151
114 2 1 24.915 11.966 23.447 11.115
115 2 1 24.856 11.930 23.530 11.139
116 2 1 24.999 11.942 23.638 11.163
117 2 1 24.939 11.894 23.650 11.067
118 2 1 25.011 11.882 23.721 11.138
119 2 1 25.035 11.894 23.805 11.102
120 2 1 25.095 11.869 23.817 11.090
121 2 1 25.214 11.881 23.853 11.078
122 2 1 25.166 11.881 23.996 11.018
123 2 1 25.154 11.881 24.068 11.054
124 2 1 25.154 11.869 24.008 11.126
125 2 1 25.238 11.881 24.068 11.150
126 2 1 25.632 11.832 23.984 11.186
127 2 1 25.453 11.881 24.199 11.114
128 2 1 25.608 11.905 24.247 11.186
129 2 1 25.715 11.844 24.306 11.126
130 2 1 25.775 11.892 24.402 11.150
131 2 1 25.799 11.904 24.426 11.246
132 2 1 25.775 11.928 24.474 11.161
133 2 1 25.942 11.880 24.557 11.221
134 2 1 25.954 11.868 24.545 11.257
135 2 1 26.086 11.892 24.641 11.161
136 2 1 26.205 11.880 24.653 11.161
137 2 1 26.300 11.892 24.688 11.149
138 2 1 26.241 11.856 24.688 11.137
139 2 1 26.408 11.831 24.724 11.185
140 2 1 26.384 11.879 24.832 11.113
141 2 1 26.491 11.939 24.939 11.125
142 2 1 26.575 11.939 24.939 11.137
143 2 1 26.647 11.939 24.999 11.113
144 2 1 26.706 11.915 25.070 11.125
145 2 1 26.730 11.915 25.094 11.101
146 2 1 26.754 11.891 25.202 11.136
147 2 1 26.742 11.843 25.273 11.076
148 2 1 26.897 11.915 25.321 11.076
149 2 1 26.981 11.902 25.404 11.112
150 2 1 27.040 11.890 25.488 11.112
151 2 1 27.016 11.878 25.512 11.148
152 2 1 26.885 11.855 25.583 11.088
153 2 1 26.885 11.915 25.643 11.052
154 2 1 27.195 11.878 25.643 11.112
155 2 1 27.171 11.878 25.691 11.160
156 2 1 27.207 11.926 25.738 11.124
157 2 1 27.243 11.902 25.738 11.136
158 2 1 27.291 11.926 25.774 11.124
159 2 1 27.303 11.914 25.858 11.123
160 2 1 27.410 11.878 25.917 11.147
161 2 1 27.458 11.902 26.061 11.159
162 2 1 27.458 11.902 26.144 11.183
163 2 1 27.565 11.938 26.251 11.183
164 2 1 27.649 11.889 26.299 11.135
165 2 1 27.613 11.877 26.442 11.195
166 2 1 27.589 11.913 26.454 11.243
167 2 1 27.684 11.901 26.550 11.146
168 2 1 27.732 11.865 26.585 11.182
169 2 1 27.792 11.877 26.538 11.146
170 2 1 27.851 11.889 26.609 11.146
171 2 1 27.887 11.913 26.693 11.170
172 2 1 27.982 11.889 26.752 11.110
173 2 1 28.102 11.949 26.788 11.122
174 2 1 28.138 11.985 26.883 11.146
175 2 1 28.257 11.960 26.895 11.134
176 2 1 28.341 11.984 26.955 11.122
177 2 1 28.376 11.972 27.003 11.146
178 2 1 28.317 11.972 27.086 11.098
179 2 1 28.424 11.948 27.158 11.122
180 2 1 28.436 11.948 27.158 11.134
181 2 1 28.424 11.960 27.205 11.110
182 2 1 28.531 11.960 27.289 11.085
183 2 1 28.531 11.948 27.372 11.121
184 2 1 28.591 11.948 27.384 11.193
185 2 1 28.734 11.948 27.468 11.157
186 2 1 28.817 11.912 27.551 11.181
187 2 1 28.770 11.948 27.563 11.193
188 2 1 28.865 11.947 27.611 11.229
189 2 1 29.044 11.923 27.611 11.241
190 2 1 29.032 12.007 27.730 11.301
191 2 1 29.199 12.007 27.790 11.313
192 2 1 29.318 11.971 27.742 11.313
193 2 1 29.294 12.007 27.969 11.312
194 2 1 29.306 12.043 27.993 11.312
195 2 1 29.366 12.055 28.148 11.324
196 2 1 29.378 12.067 28.231 11.276
197 2 1 29.509 12.043 28.231 11.360
198 2 1 29.688 12.174 28.290 11.300
199 2 1 29.605 12.114 28.445 11.300
200 2 1 29.736 12.078 28.350 11.276
201 2 1 29.795 12.066 28.481 11.300
202 2 1 29.759 12.030 28.529 11.324
203 2 1 29.938 12.126 28.529 11.324
204 2 1 30.081 12.102 28.600 11.324
205 2 1 30.201 12.125 28.684 11.323
206 2 1 30.260 12.053 28.684 11.275
207 2 1 29.985 11.982 28.851 11.419
208 2 1 30.069 11.982 28.934 11.419
209 2 1 30.546 12.173 28.874 11.287
210 2 1 30.511 12.209 28.874 11.323
211 2 1 30.140 11.957 29.006 11.395
212 2 1 30.247 11.969 29.113 11.407
213 2 1 30.343 11.981 29.208 11.419
215 2 1 30.331 11.969 29.196 11.407
217 2 1 30.319 11.957 29.184 11.395
218 2 1 30.378 11.945 29.159 11.035
220 2 1 29.651 11.742 28.432 10.832
221 2 1 29.317 11.647 28.098 10.736
222 2 1 30.378 11.921 29.244 11.359
224 2 1 32.227 12.398 30.769 11.500
225 2 1 32.191 12.374 30.744 11.380
227 2 1 32.203 12.422 30.970 11.368
228 2 1 32.227 12.362 30.935 11.416
230 2 1 32.441 12.386 31.149 11.440
231 2 1 32.537 12.410 31.483 11.583
232 2 1 32.703 12.349 31.447 11.535
233 2 1 32.727 12.337 31.483 11.475
234 2 1 32.857 12.325 31.590 11.487
235 2 1 32.929 12.301 31.697 11.511
236 2 1 33.131 12.301 31.768 11.487
237 2 1 33.250 12.301 31.804 11.499
238 2 1 33.297 12.216 31.815 11.367
239 2 1 33.392 12.156 31.946 11.403
240 2 1 33.415 12.168 32.136 11.294
241 2 1 33.522 12.144 32.124 11.306
242 2 1 33.534 12.156 32.159 11.258
243 2 1 33.582 12.144 32.243 11.270
244 2 1 33.653 12.108 32.315 11.330
223 2 1 31.989 12.387 30.768 11.416
226 2 1 32.120 12.338 30.816 11.404
229 2 1 32.334 12.362 31.042 11.416
245 2 1 33.594 12.144 32.350 11.282
246 2 1 33.760 12.132 32.421 11.270
247 2 1 33.950 12.071 32.445 11.294
248 2 1 33.950 12.095 32.575 11.150
249 2 1 33.890 12.023 32.623 11.222
250 2 1 34.116 12.023 32.802 11.269
251 2 1 34.259 12.023 32.718 11.258
252 2 1 34.199 12.011 32.849 11.281
253 2 1 34.247 12.011 32.921 11.281
254 2 1 34.342 11.999 32.956 11.281
255 2 1 34.425 11.998 33.182 11.269
256 2 1 34.424 11.938 33.265 11.257
257 2 1 34.472 11.950 33.324 11.173
258 2 1 34.567 11.926 33.431 11.137
259 2 1 34.674 11.926 33.478 11.149
260 2 1 34.781 11.926 33.478 11.149
261 2 1 34.792 11.890 33.514 11.149
262 2 1 34.888 11.902 33.573 11.077
263 2 1 34.876 11.902 33.703 11.040
264 2 1 34.948 11.962 33.738 10.969
265 2 1 34.971 11.938 33.762 11.004
266 2 1 35.078 11.925 33.715 11.016
267 2 1 35.113 11.865 33.751 11.052
268 2 1 35.221 11.937 33.810 10.992
269 2 1 35.209 11.913 33.845 10.992
270 2 1 35.303 11.877 33.893 11.016
271 2 1 35.327 11.841 33.917 11.040
272 2 1 35.494 11.901 33.976 10.956
273 2 1 35.518 11.937 34.071 10.932
274 2 1 35.493 11.889 34.177 10.932
275 2 1 35.564 11.841 34.213 10.920
276 2 1 35.671 11.793 34.273 10.944
277 2 1 35.801 11.792 34.321 11.016
278 2 1 35.896 11.780 34.297 10.980
279 2 1 36.015 11.780 34.321 11.040
280 2 1 36.098 11.768 34.333 11.075
281 2 1 35.980 11.840 34.511 11.063
282 2 1 35.956 11.792 34.523 11.063
283 2 1 35.932 11.828 34.535 11.075
284 2 1 35.967 11.768 34.666 11.087
285 2 1 35.944 11.804 34.642 11.087
286 2 1 35.968 11.852 34.678 11.087
287 2 1 36.063 11.840 34.784 11.051
288 2 1 36.170 11.852 34.784 11.051
289 2 1 36.265 11.828 34.831 10.967
0 4 2 43.080 10.335 41.491 9.311
1 4 2 42.997 10.323 41.551 9.311
2 4 2 42.974 10.347 41.445 9.334
3 4 2 43.022 10.359 41.503 9.275
4 4 2 42.999 10.406 41.433 9.323
5 4 2 42.939 10.371 41.362 9.358
6 4 2 42.893 10.406 41.293 9.454
7 4 2 42.786 10.407 41.258 9.502
8 4 2 42.798 10.407 41.270 9.478
9 4 2 42.727 10.431 41.199 9.502
10 4 2 42.644 10.419 41.116 9.490
11 4 2 42.586 10.431 41.057 9.502
12 4 2 42.503 10.443 40.975 9.514
13 4 2 42.444 10.455 40.916 9.526
14 4 2 42.301 10.395 40.773 9.466
15 4 2 42.302 10.455 40.774 9.526
16 4 2 42.220 10.467 40.691 9.538
17 4 2 42.197 10.515 40.668 9.586
18 4 2 42.054 10.467 40.526 9.538
19 4 2 41.709 10.324 40.551 9.657
20 4 2 41.781 10.396 40.172 9.646
21 4 2 41.745 10.396 40.042 9.610
22 4 2 41.519 10.289 40.220 9.670
23 4 2 41.532 10.360 39.947 9.598
24 4 2 41.484 10.360 39.758 9.599
25 4 2 41.413 10.361 39.793 9.610
26 4 2 41.414 10.396 39.675 9.599
27 4 2 41.344 10.468 39.675 9.587
28 4 2 41.284 10.408 39.627 9.575
29 4 2 41.366 10.349 39.604 9.599
30 4 2 41.247 10.325 39.497 9.587
31 4 2 41.141 10.361 39.521 9.611
32 4 2 41.011 10.361 39.379 9.599
33 4 2 40.905 10.361 39.320 9.599
34 4 2 40.798 10.349 39.260 9.575
35 4 2 40.856 10.254 39.035 9.540
36 4 2 40.691 10.338 38.964 9.575
37 4 2 40.609 10.362 38.953 9.576
38 4 2 40.572 10.278 38.893 9.540
39 4 2 40.359 10.278 39.084 9.635
40 4 2 40.419 10.362 38.775 9.564
41 4 2 40.229 10.290 39.048 9.599
42 4 2 40.454 10.314 38.715 9.540
43 4 2 40.360 10.314 38.585 9.540
44 4 2 40.110 10.243 38.645 9.576
45 4 2 40.230 10.326 38.526 9.540
46 4 2 40.122 10.278 38.621 9.576
47 4 2 40.075 10.279 38.574 9.576
48 4 2 39.767 10.231 38.443 9.564
49 4 2 39.696 10.231 38.360 9.552
50 4 2 39.885 10.207 38.122 9.457
51 4 2 39.588 10.172 38.312 9.505
52 4 2 39.718 10.171 37.945 9.445
53 4 2 39.671 10.160 37.979 9.374
54 4 2 39.671 10.183 38.004 9.493
55 4 2 39.612 10.184 37.921 9.445
56 4 2 39.647 10.136 37.789 9.302
57 4 2 39.599 10.112 37.742 9.326
58 4 2 39.422 10.112 37.754 9.386
59 4 2 39.352 10.232 37.551 9.243
60 4 2 39.232 10.112 37.505 9.314
61 4 2 39.031 10.089 37.410 9.327
62 4 2 38.995 10.065 37.327 9.303
63 4 2 38.995 10.077 37.315 9.291
64 4 2 38.947 10.017 37.220 9.267
65 4 2 38.887 9.981 37.255 9.243
66 4 2 38.816 9.958 37.196 9.207
67 4 2 38.721 9.982 37.137 9.207
68 4 2 38.661 9.910 37.088 9.136
69 4 2 38.637 9.910 36.982 9.160
70 4 2 38.637 9.910 36.910 9.112
71 4 2 38.494 9.839 37.030 9.172
72 4 2 38.435 9.827 36.970 9.160
73 4 2 38.340 9.791 36.875 9.124
74 4 2 38.269 9.779 36.804 9.112
75 4 2 38.197 9.743 36.732 9.077
76 4 2 38.055 9.732 36.447 9.005
77 4 2 37.959 9.672 36.305 8.946
78 4 2 37.806 9.684 36.246 8.970
79 4 2 37.781 9.624 36.102 8.851
80 4 2 37.781 9.636 36.090 8.827
81 4 2 37.628 9.660 35.995 8.839
82 4 2 37.449 9.625 35.913 8.851
83 4 2 37.331 9.613 35.842 8.851
84 4 2 37.437 9.565 35.770 8.779
85 4 2 37.389 9.494 35.699 8.768
86 4 2 37.234 9.470 35.615 8.732
87 4 2 37.175 9.494 35.473 8.768
88 4 2 37.045 9.446 35.271 8.696
89 4 2 36.961 9.422 35.224 8.673
90 4 2 37.009 9.422 35.236 8.673
91 4 2 37.008 9.387 35.212 8.649
92 4 2 36.973 9.375 35.093 8.589
93 4 2 36.795 9.351 35.045 8.565
94 4 2 36.628 9.280 34.997 8.542
95 4 2 36.592 9.244 34.938 8.518
96 4 2 36.486 9.244 34.925 8.387
97 4 2 36.437 9.149 34.973 8.482
98 4 2 36.366 9.137 34.902 8.470
99 4 2 36.294 9.101 34.830 8.434
100 4 2 36.199 9.089 34.736 8.423
101 4 2 36.128 9.053 34.664 8.387
102 4 2 36.057 9.042 34.593 8.375
103 4 2 35.962 9.006 34.498 8.339
104 4 2 35.867 8.994 34.403 8.328
105 4 2 35.795 8.958 34.331 8.292
106 4 2 35.724 8.923 34.260 8.256
107 4 2 35.547 8.958 33.951 8.149
108 4 2 35.380 8.911 33.915 8.113
109 4 2 35.261 8.863 33.772 8.030
110 4 2 35.167 8.947 33.583 8.018
111 4 2 35.048 8.852 33.654 8.018
112 4 2 35.082 8.768 33.631 8.102
113 4 2 34.727 8.780 33.476 7.971
114 4 2 34.656 8.756 33.368 7.864
115 4 2 34.596 8.661 33.261 7.852
116 4 2 34.537 8.721 33.214 7.911
117 4 2 34.513 8.661 33.214 7.840
118 4 2 34.287 8.614 33.190 7.792
119 4 2 34.310 8.578 32.988 7.721
120 4 2 34.216 8.578 32.810 7.757
121 4 2 34.074 8.602 32.715 7.745
122 4 2 33.990 8.566 32.656 7.697
123 4 2 34.013 8.507 32.549 7.674
124 4 2 33.953 8.423 32.609 7.757
125 4 2 33.788 8.423 32.383 7.662
126 4 2 33.705 8.447 32.382 7.578
127 4 2 33.562 8.388 32.252 7.543
128 4 2 33.573 8.292 32.252 7.626
129 4 2 33.549 8.233 32.062 7.495
130 4 2 33.466 8.197 32.145 7.531
131 4 2 33.371 8.173 32.050 7.507
132 4 2 33.240 8.173 31.718 7.448
133 4 2 33.169 8.114 31.504 7.424
134 4 2 33.003 8.102 31.682 7.436
135 4 2 32.967 8.054 31.444 7.281
136 4 2 32.990 7.959 31.266 7.246
137 4 2 33.037 7.947 30.958 7.317
138 4 2 32.776 7.924 31.455 7.257
139 4 2 32.681 7.900 31.360 7.234
140 4 2 32.586 7.876 31.266 7.210
141 4 2 32.503 7.852 31.182 7.186
142 4 2 32.408 7.828 31.087 7.162
143 4 2 32.313 7.805 30.992 7.139
144 4 2 32.218 7.781 30.897 7.115
145 4 2 32.324 7.721 30.363 7.020
146 4 2 32.111 7.745 30.791 7.079
147 4 2 32.016 7.722 30.696 7.056
148 4 2 32.146 7.650 30.126 7.008
149 4 2 31.909 7.698 30.589 7.032
150 4 2 31.814 7.674 30.494 7.008
151 4 2 31.707 7.650 30.387 6.984
152 4 2 31.612 7.638 30.292 6.972
153 4 2 31.505 7.615 30.185 6.949
154 4 2 31.410 7.591 30.090 6.925
155 4 2 31.315 7.579 29.995 6.913
156 4 2 31.208 7.567 29.888 6.901
157 4 2 31.113 7.543 29.793 6.877
158 4 2 31.019 7.532 29.699 6.866
159 4 2 30.912 7.532 29.592 6.866
160 4 2 30.817 7.520 29.497 6.854
161 4 2 30.722 7.496 29.402 6.830
162 4 2 30.615 7.484 29.295 6.818
163 4 2 30.520 7.472 29.200 6.806
164 4 2 30.579 7.484 28.643 6.866
165 4 2 30.271 7.496 28.951 6.842
166 4 2 30.354 7.460 28.369 6.771
167 4 2 30.152 7.472 28.832 6.818
168 4 2 30.045 7.461 28.726 6.806
169 4 2 30.176 7.496 28.049 6.830
170 4 2 29.927 7.437 28.607 6.783
171 4 2 29.820 7.425 28.500 6.771
172 4 2 29.713 7.425 28.393 6.771
173 4 2 29.606 7.413 28.286 6.759
174 4 2 29.511 7.413 28.191 6.759
175 4 2 28.989 7.390 27.562 6.783
176 4 2 29.144 7.485 27.420 6.771
177 4 2 29.049 7.521 27.349 6.783
178 4 2 28.907 7.533 27.254 6.783
179 4 2 28.764 7.509 27.135 6.759
180 4 2 28.645 7.509 27.028 6.771
181 4 2 28.503 7.521 26.886 6.771
182 4 2 28.443 7.485 26.767 6.760
183 4 2 28.325 7.485 26.719 6.783
184 4 2 28.277 7.473 26.494 6.783
185 4 2 28.301 7.461 26.482 6.819
186 4 2 28.206 7.462 26.530 6.831
187 4 2 28.028 7.462 26.708 6.831
188 4 2 27.921 7.462 26.601 6.831
189 4 2 27.814 7.474 26.494 6.843
190 4 2 27.707 7.486 26.387 6.855
191 4 2 27.600 7.486 26.280 6.855
192 4 2 27.493 7.498 26.173 6.867
193 4 2 27.386 7.498 26.066 6.867
194 4 2 27.279 7.510 25.959 6.879
195 4 2 27.173 7.522 25.853 6.891
196 4 2 27.066 7.522 25.746 6.891
197 4 2 26.959 7.534 25.639 6.903
198 4 2 26.852 7.546 25.532 6.915
199 4 2 26.745 7.558 25.425 6.927
200 4 2 26.650 7.749 24.973 6.891
201 4 2 26.472 7.713 24.842 6.915
202 4 2 26.495 7.605 24.569 6.939
203 4 2 26.305 7.618 24.985 6.986
204 4 2 26.282 7.701 24.509 6.927
205 4 2 26.139 7.665 24.414 6.963
206 4 2 26.008 7.737 24.295 6.927
207 4 2 25.984 7.737 24.212 6.963
208 4 2 26.056 7.713 24.010 6.951
209 4 2 25.925 7.701 23.939 6.868
210 4 2 25.735 7.630 24.414 6.999
211 4 2 25.627 7.630 24.307 6.999
212 4 2 25.520 7.642 24.200 7.011
213 4 2 25.402 7.642 24.081 7.011
215 4 2 24.914 7.654 24.153 7.023
217 4 2 24.545 7.666 24.069 7.034
218 4 2 24.450 7.666 23.974 7.035
220 4 2 24.224 7.666 23.748 7.035
221 4 2 24.129 7.666 23.653 7.035
222 4 2 24.022 7.667 23.546 7.035
224 4 2 23.807 7.667 23.332 7.035
225 4 2 23.700 7.655 23.225 7.023
227 4 2 23.486 7.655 23.011 7.023
228 4 2 23.379 7.655 22.903 7.023
230 4 2 23.164 7.655 22.689 7.023
231 4 2 23.045 7.655 22.570 7.023
232 4 2 22.926 7.655 22.451 7.023
233 4 2 22.831 7.655 22.356 7.023
234 4 2 22.724 7.643 22.249 7.011
235 4 2 22.379 7.644 21.642 6.857
236 4 2 22.248 7.560 21.773 6.928
237 4 2 22.236 7.548 21.761 6.916
238 4 2 22.224 7.536 21.749 6.904
239 4 2 22.212 7.524 21.737 6.892
240 4 2 22.069 7.596 21.118 6.988
241 4 2 21.831 7.596 20.141 6.833
242 4 2 21.890 7.572 20.201 6.809
243 4 2 21.950 7.536 20.261 6.774
244 4 2 21.795 7.560 21.320 6.940
223 4 2 23.902 7.667 23.427 7.035
226 4 2 23.581 7.655 23.106 7.023
229 4 2 23.260 7.655 22.784 7.023
245 4 2 21.557 7.656 19.736 6.893
246 4 2 21.568 7.644 19.724 6.917
247 4 2 21.473 7.644 19.819 6.905
248 4 2 21.378 7.632 19.724 6.893
249 4 2 21.294 7.632 19.521 6.905
250 4 2 21.151 7.632 19.474 6.810
251 4 2 21.163 7.620 19.403 6.846
252 4 2 21.020 7.597 19.236 6.822
253 4 2 20.985 7.573 19.283 6.834
254 4 2 20.889 7.561 19.188 6.822
255 4 2 20.615 7.561 18.926 6.786
256 4 2 20.508 7.525 18.759 6.774
257 4 2 20.460 7.549 18.616 6.762
258 4 2 20.318 7.501 18.521 6.774
259 4 2 20.234 7.502 18.426 6.715
260 4 2 20.139 7.502 18.342 6.691
261 4 2 19.948 7.490 18.199 6.715
262 4 2 19.924 7.466 18.223 6.739
263 4 2 19.829 7.466 18.128 6.739
264 4 2 19.710 7.442 18.008 6.715
265 4 2 19.614 7.418 17.913 6.691
266 4 2 19.460 7.394 17.615 6.631
267 4 2 19.317 7.311 17.544 6.596
268 4 2 19.162 7.323 17.592 6.512
269 4 2 19.222 7.275 17.532 6.560
270 4 2 19.114 7.263 17.425 6.548
271 4 2 19.007 7.228 17.318 6.512
272 4 2 18.924 7.216 17.235 6.500
273 4 2 18.793 7.180 17.104 6.465
274 4 2 18.614 7.168 16.782 6.441
275 4 2 18.483 7.180 16.830 6.405
276 4 2 18.543 7.120 16.699 6.393
277 4 2 18.460 7.049 16.604 6.334
278 4 2 18.376 7.049 16.699 6.334
279 4 2 18.281 7.037 16.604 6.322
280 4 2 18.185 7.025 16.508 6.310
281 4 2 18.090 6.989 16.413 6.274
282 4 2 17.971 6.953 16.294 6.238
283 4 2 17.852 6.918 16.175 6.203
284 4 2 17.781 6.906 16.104 6.191
285 4 2 17.506 6.882 15.818 6.036
286 4 2 17.507 6.810 15.830 6.095
287 4 2 17.411 6.799 15.735 6.083
288 4 2 17.316 6.763 15.639 6.048
289 4 2 17.221 6.727 15.544 6.012
214 4 2 25.295 7.654 23.974 7.023
216 4 2 24.664 7.666 24.188 7.034
219 4 2 24.343 7.666 23.867 7.035
0 5 2 43.205 8.642 40.997 7.930
1 5 2 43.122 8.642 40.903 7.942
2 5 2 43.063 8.630 40.903 7.918
3 5 2 42.485 8.643 41.412 8.025
4 5 2 42.898 8.631 40.761 7.918
5 5 2 42.792 8.643 40.667 7.907
6 5 2 42.650 8.643 40.655 7.895
7 5 2 42.638 8.619 40.513 7.907
8 5 2 42.496 8.631 40.478 7.919
9 5 2 42.437 8.619 40.372 7.919
10 5 2 42.378 8.631 40.360 7.919
11 5 2 42.343 8.631 40.348 7.907
12 5 2 42.319 8.643 40.360 7.931
13 5 2 42.449 8.643 40.265 7.907
14 5 2 42.437 8.631 40.206 7.907
15 5 2 42.426 8.643 40.183 7.943
16 5 2 42.390 8.631 40.148 7.955
17 5 2 41.799 8.596 40.586 8.049
18 5 2 42.214 8.679 40.077 7.943
19 5 2 41.717 8.643 40.562 8.049
20 5 2 42.143 8.667 40.160 8.014
21 5 2 42.084 8.667 40.101 8.014
22 5 2 42.013 8.667 40.030 8.014
23 5 2 41.966 8.667 39.983 8.014
24 5 2 41.918 8.667 39.936 8.014
25 5 2 41.847 8.667 39.865 8.014
26 5 2 41.614 8.858 39.631 8.205
27 5 2 41.730 8.691 39.747 8.038
28 5 2 41.659 8.691 39.676 8.038
29 5 2 41.658 8.667 39.676 8.014
30 5 2 41.541 8.691 39.558 8.038
31 5 2 41.470 8.691 39.487 8.038
32 5 2 41.387 8.703 39.405 8.050
33 5 2 41.305 8.691 39.322 8.038
34 5 2 41.257 8.691 39.275 8.038
35 5 2 41.186 8.691 39.204 8.038
36 5 2 41.092 8.668 39.109 8.015
37 5 2 41.021 8.668 39.038 8.015
38 5 2 40.973 8.644 38.990 7.991
39 5 2 40.879 8.644 38.896 7.991
40 5 2 40.807 8.620 38.825 7.967
41 5 2 40.713 8.620 38.730 7.967
42 5 2 40.559 8.609 38.374 7.849
43 5 2 40.464 8.549 38.481 7.896
44 5 2 40.392 8.525 38.410 7.872
45 5 2 40.298 8.526 38.315 7.872
46 5 2 40.227 8.502 38.244 7.849
47 5 2 40.132 8.478 38.149 7.825
48 5 2 40.060 8.454 38.078 7.801
49 5 2 39.966 8.431 37.983 7.777
50 5 2 39.647 8.502 37.781 7.718
51 5 2 39.635 8.478 37.769 7.718
52 5 2 39.599 8.419 37.603 7.635
53 5 2 39.516 8.407 37.543 7.599
54 5 2 39.457 8.395 37.460 7.564
55 5 2 39.432 8.300 37.473 7.647
56 5 2 39.361 8.276 37.402 7.623
57 5 2 39.266 8.253 37.307 7.599
58 5 2 39.171 8.253 37.212 7.600
59 5 2 38.876 8.289 37.045 7.493
60 5 2 38.840 8.265 36.916 7.528
61 5 2 38.911 8.241 36.809 7.505
62 5 2 38.828 8.193 36.892 7.540
63 5 2 38.733 8.170 36.797 7.517
64 5 2 38.401 8.122 36.642 7.410
65 5 2 38.235 8.110 36.536 7.410
66 5 2 38.164 8.111 36.335 7.422
67 5 2 38.094 8.158 36.335 7.434
68 5 2 37.999 8.123 36.240 7.362
69 5 2 37.940 8.134 36.133 7.339
70 5 2 37.893 8.146 36.051 7.374
71 5 2 37.786 8.099 35.933 7.398
72 5 2 37.644 8.087 35.826 7.386
73 5 2 37.514 8.099 35.708 7.362
74 5 2 37.395 8.052 35.553 7.327
75 5 2 37.347 7.968 35.576 7.220
76 5 2 37.299 7.897 35.375 7.220
77 5 2 37.098 7.957 35.352 7.291
78 5 2 37.003 7.909 35.221 7.256
79 5 2 37.085 7.861 35.102 7.196
80 5 2 37.026 7.849 35.020 7.184
81 5 2 36.931 7.814 34.925 7.161
82 5 2 36.824 7.814 35.031 7.161
83 5 2 36.540 7.731 34.841 7.113
84 5 2 36.587 7.743 34.806 7.101
85 5 2 36.351 7.802 34.533 7.090
86 5 2 36.350 7.743 34.392 7.102
87 5 2 36.280 7.755 34.273 7.066
88 5 2 36.325 7.600 34.107 7.030
89 5 2 36.313 7.552 33.965 7.030
90 5 2 36.266 7.588 33.823 7.019
91 5 2 36.195 7.553 33.787 6.983
92 5 2 35.887 7.565 34.106 6.971
93 5 2 36.064 7.529 33.491 6.983
94 5 2 35.674 7.541 33.893 6.959
95 5 2 35.567 7.517 33.786 6.935
96 5 2 35.484 7.517 33.704 6.935
97 5 2 35.354 7.494 33.573 6.912
98 5 2 35.271 7.470 33.490 6.888
99 5 2 35.140 7.446 33.360 6.864
100 5 2 35.034 7.446 33.253 6.864
101 5 2 34.927 7.422 33.146 6.840
102 5 2 34.820 7.399 33.040 6.817
103 5 2 34.690 7.399 32.909 6.817
104 5 2 34.584 7.375 32.803 6.793
105 5 2 34.453 7.351 32.672 6.769
106 5 2 34.477 7.423 32.246 6.781
107 5 2 34.252 7.387 32.471 6.805
108 5 2 34.146 7.387 32.365 6.805
109 5 2 34.039 7.363 32.258 6.781
110 5 2 33.908 7.340 32.127 6.758
111 5 2 33.802 7.340 32.021 6.758
112 5 2 33.672 7.340 31.891 6.758
113 5 2 33.091 7.281 31.262 6.627
114 5 2 32.996 7.316 31.262 6.627
115 5 2 32.997 7.388 31.167 6.627
116 5 2 32.937 7.364 31.025 6.615
117 5 2 32.711 7.245 30.930 6.615
118 5 2 32.630 7.388 30.811 6.556
119 5 2 32.641 7.316 30.692 6.497
120 5 2 32.415 7.221 30.597 6.473
121 5 2 32.391 7.138 30.622 6.556
122 5 2 32.083 7.174 30.384 6.509
123 5 2 31.988 7.186 30.230 6.520
124 5 2 31.799 7.198 30.088 6.497
125 5 2 31.763 7.174 29.969 6.521
126 5 2 31.810 7.174 29.815 6.425
127 5 2 31.810 7.079 29.673 6.437
128 5 2 31.715 7.091 29.554 6.414
129 5 2 31.585 7.103 29.447 6.414
130 5 2 31.419 7.115 29.352 6.402
131 5 2 31.241 7.103 29.258 6.402
132 5 2 31.122 7.043 29.376 6.461
133 5 2 30.980 7.103 28.997 6.485
134 5 2 30.909 7.091 28.867 6.497
135 5 2 30.838 7.103 28.843 6.473
136 5 2 30.708 7.079 28.962 6.497
137 5 2 30.506 7.103 28.606 6.473
138 5 2 30.387 7.056 28.428 6.497
139 5 2 30.245 7.056 28.309 6.485
140 5 2 30.138 7.056 28.131 6.462
141 5 2 30.115 7.056 28.060 6.485
142 5 2 30.043 7.068 27.953 6.438
143 5 2 29.865 7.032 28.119 6.462
144 5 2 29.676 7.080 27.787 6.390
145 5 2 29.604 7.020 27.858 6.450
146 5 2 29.486 7.008 27.739 6.438
147 5 2 29.367 7.020 27.621 6.450
148 5 2 29.225 7.056 27.194 6.438
149 5 2 29.178 7.068 27.241 6.438
150 5 2 29.047 7.080 27.075 6.450
151 5 2 28.940 7.044 27.194 6.474
152 5 2 28.715 7.080 26.932 6.450
153 5 2 28.691 7.044 26.944 6.474
154 5 2 28.572 7.056 26.826 6.486
155 5 2 28.477 7.068 26.731 6.498
156 5 2 28.264 7.128 26.386 6.438
157 5 2 28.110 7.140 26.256 6.462
158 5 2 28.098 7.128 26.030 6.438
159 5 2 27.943 7.069 26.196 6.498
160 5 2 27.825 7.081 26.078 6.510
161 5 2 27.706 7.093 25.959 6.522
162 5 2 27.587 7.081 25.840 6.510
163 5 2 27.421 7.188 25.448 6.403
164 5 2 27.267 7.176 25.436 6.510
165 5 2 27.255 7.319 25.151 6.439
166 5 2 27.029 7.200 25.044 6.522
167 5 2 26.910 7.141 25.163 6.570
168 5 2 26.851 7.236 24.735 6.486
169 5 2 26.530 7.176 24.759 6.582
170 5 2 26.519 7.307 24.628 6.534
171 5 2 26.447 7.308 24.450 6.546
172 5 2 26.412 7.296 24.272 6.558
173 5 2 26.209 7.212 24.462 6.641
174 5 2 26.091 7.224 24.343 6.653
175 5 2 25.972 7.236 24.224 6.665
176 5 2 25.853 7.224 24.105 6.653
177 5 2 25.401 7.237 24.319 6.665
178 5 2 25.045 7.249 24.379 6.677
179 5 2 25.461 7.344 23.427 6.606
180 5 2 24.783 7.249 22.678 6.356
181 5 2 24.771 7.237 24.379 6.665
182 5 2 24.367 7.225 22.167 6.297
183 5 2 24.295 7.237 22.096 6.308
184 5 2 24.129 7.249 21.929 6.320
185 5 2 23.831 7.285 22.428 6.547
186 5 2 23.831 7.285 22.381 6.535
187 5 2 23.700 7.285 22.250 6.535
188 5 2 23.593 7.285 22.143 6.535
189 5 2 23.474 7.285 22.024 6.535
190 5 2 23.355 7.285 21.905 6.535
191 5 2 23.224 7.285 21.774 6.535
192 5 2 23.105 7.285 21.655 6.535
193 5 2 22.963 7.285 21.512 6.535
194 5 2 22.855 7.285 21.405 6.535
195 5 2 22.736 7.285 21.286 6.535
196 5 2 22.594 7.286 21.143 6.535
197 5 2 22.463 7.286 21.012 6.535
198 5 2 22.355 7.286 20.905 6.535
199 5 2 22.224 7.286 20.774 6.535
200 5 2 22.117 7.286 20.667 6.535
201 5 2 21.998 7.286 20.548 6.535
202 5 2 21.879 7.286 20.429 6.535
203 5 2 21.748 7.286 20.298 6.535
204 5 2 21.617 7.310 20.166 6.559
205 5 2 21.486 7.334 20.035 6.583
206 5 2 21.379 7.310 19.928 6.559
207 5 2 21.248 7.334 19.797 6.583
208 5 2 21.141 7.310 19.690 6.559
209 5 2 21.009 7.334 19.559 6.583
210 5 2 20.902 7.310 19.452 6.559
211 5 2 20.747 7.334 19.297 6.583
212 5 2 20.640 7.334 19.189 6.583
213 5 2 20.509 7.334 19.058 6.583
215 5 2 20.271 7.334 18.820 6.583
217 5 2 20.008 7.358 18.557 6.607
218 5 2 19.901 7.382 18.450 6.631
220 5 2 19.662 7.382 18.212 6.631
221 5 2 19.531 7.382 18.080 6.631
222 5 2 19.400 7.383 17.949 6.631
224 5 2 19.162 7.383 17.711 6.631
225 5 2 19.030 7.383 17.580 6.631
227 5 2 18.768 7.383 17.317 6.632
228 5 2 18.661 7.383 17.210 6.632
230 5 2 18.422 7.383 16.971 6.632
231 5 2 18.291 7.383 16.840 6.632
232 5 2 18.159 7.383 16.709 6.632
233 5 2 18.028 7.383 16.577 6.632
234 5 2 17.921 7.383 16.470 6.632
235 5 2 17.790 7.383 16.339 6.632
236 5 2 17.658 7.383 16.208 6.632
237 5 2 17.527 7.383 16.076 6.632
238 5 2 17.420 7.384 15.969 6.632
239 5 2 17.288 7.384 15.837 6.632
240 5 2 17.157 7.384 15.706 6.632
241 5 2 17.026 7.384 15.575 6.632
242 5 2 16.918 7.384 15.467 6.632
243 5 2 16.787 7.384 15.336 6.632
244 5 2 16.679 7.384 15.229 6.632
223 5 2 19.269 7.383 17.818 6.631
226 5 2 18.923 7.383 17.472 6.632
229 5 2 18.529 7.383 17.079 6.632
245 5 2 16.548 7.384 15.097 6.632
246 5 2 16.417 7.384 14.966 6.632
247 5 2 16.285 7.360 14.835 6.608
248 5 2 16.178 7.384 14.727 6.632
249 5 2 16.047 7.360 14.596 6.609
250 5 2 15.915 7.360 14.464 6.609
251 5 2 15.784 7.360 14.333 6.609
252 5 2 15.676 7.361 14.226 6.609
253 5 2 15.545 7.361 14.094 6.609
254 5 2 15.413 7.361 13.963 6.609
255 5 2 15.282 7.337 13.832 6.585
256 5 2 15.175 7.313 13.724 6.561
257 5 2 15.043 7.337 13.593 6.585
258 5 2 14.912 7.313 13.461 6.561
259 5 2 14.781 7.313 13.330 6.561
260 5 2 14.673 7.313 13.222 6.561
261 5 2 14.542 7.313 13.091 6.561
262 5 2 14.410 7.313 12.959 6.561
263 5 2 14.279 7.289 12.828 6.537
264 5 2 14.171 7.266 12.721 6.514
265 5 2 14.040 7.290 12.589 6.538
266 5 2 13.908 7.266 12.458 6.514
267 5 2 13.777 7.266 12.326 6.514
268 5 2 13.669 7.266 12.219 6.514
269 5 2 13.514 7.242 12.064 6.490
270 5 2 13.407 7.218 11.956 6.466
271 5 2 13.275 7.218 11.825 6.466
272 5 2 13.144 7.218 11.693 6.466
273 5 2 13.012 7.218 11.562 6.466
274 5 2 12.905 7.195 11.454 6.442
275 5 2 12.773 7.171 11.323 6.418
276 5 2 12.666 7.171 11.215 6.419
277 5 2 12.534 7.171 11.084 6.419
278 5 2 12.426 7.171 10.976 6.419
279 5 2 12.295 7.147 10.845 6.395
280 5 2 12.164 7.123 10.713 6.371
281 5 2 12.032 7.123 10.582 6.371
282 5 2 11.925 7.123 10.474 6.371
283 5 2 11.793 7.099 10.343 6.347
284 5 2 11.686 7.076 10.235 6.323
285 5 2 11.530 7.076 10.080 6.323
286 5 2 11.422 7.076 9.972 6.323
287 5 2 11.279 7.052 9.829 6.299
288 5 2 11.184 7.028 9.733 6.276
289 5 2 11.052 7.028 9.602 6.276
214 5 2 20.402 7.334 18.951 6.583
216 5 2 20.139 7.334 18.689 6.583
219 5 2 19.770 7.358 18.319 6.607
0 14 1 20.812 9.355 19.776 8.709
1 14 1 20.776 9.367 19.824 8.685
2 14 1 20.979 9.438 19.573 8.602
3 14 1 20.967 9.438 19.609 8.625
4 14 1 21.038 9.414 19.621 8.649
5 14 1 21.241 9.390 19.644 8.697
6 14 1 21.361 9.414 19.764 8.685
7 14 1 21.325 9.402 20.062 8.649
8 14 1 21.671 9.414 19.931 8.685
9 14 1 21.468 9.390 20.265 8.661
10 14 1 21.552 9.390 20.372 8.733
11 14 1 21.564 9.390 20.385 8.673
12 14 1 21.587 9.402 20.420 8.649
13 14 1 21.552 9.438 20.528 8.625
14 14 1 21.910 9.414 20.253 8.673
15 14 1 21.671 9.426 20.623 8.661
16 14 1 21.659 9.390 20.731 8.696
17 14 1 21.695 9.402 20.766 8.696
18 14 1 21.767 9.390 20.838 8.672
19 14 1 21.874 9.545 20.850 8.636
20 14 1 22.100 9.473 20.826 8.648
21 14 1 22.184 9.461 20.981 8.696
22 14 1 22.303 9.509 21.053 8.708
23 14 1 22.375 9.521 21.053 8.720
24 14 1 22.470 9.509 21.160 8.708
25 14 1 22.482 9.509 21.220 8.696
26 14 1 22.387 9.545 21.387 8.708
27 14 1 22.387 9.533 21.375 8.744
28 14 1 22.458 9.557 21.470 8.768
29 14 1 22.446 9.593 21.506 8.744
30 14 1 22.458 9.617 21.482 8.768
31 14 1 22.804 9.544 21.243 8.780
32 14 1 22.554 9.521 21.565 8.803
33 14 1 22.959 9.520 21.327 8.804
34 14 1 22.756 9.568 21.780 8.815
35 14 1 23.079 9.532 21.613 8.839
36 14 1 23.210 9.556 21.637 8.827
37 14 1 22.983 9.532 21.851 8.839
38 14 1 23.043 9.532 21.911 8.839
39 14 1 23.317 9.556 21.947 8.851
40 14 1 23.329 9.556 22.018 8.863
41 14 1 23.257 9.544 22.197 8.815
42 14 1 23.293 9.508 22.292 8.958
43 14 1 23.317 9.580 22.305 8.863
44 14 1 23.329 9.532 22.400 8.946
45 14 1 23.353 9.520 22.531 8.898
46 14 1 23.532 9.627 22.329 8.767
47 14 1 23.603 9.627 22.352 8.779
48 14 1 23.723 9.615 22.424 8.779
49 14 1 23.949 9.615 22.484 8.815
50 14 1 24.033 9.615 22.627 8.802
51 14 1 24.009 9.651 22.925 8.826
52 14 1 24.164 9.627 22.865 8.874
53 14 1 24.188 9.591 22.734 8.922
54 14 1 24.247 9.579 22.853 8.970
55 14 1 24.319 9.591 23.008 8.982
56 14 1 24.235 9.675 23.199 8.898
57 14 1 24.104 9.675 23.270 8.886
58 14 1 24.176 9.615 23.270 8.981
59 14 1 24.187 9.687 23.294 8.910
60 14 1 24.402 9.591 23.163 8.993
61 14 1 24.605 9.818 23.234 8.922
62 14 1 24.688 9.758 23.270 8.922
63 14 1 24.819 9.686 23.389 8.897
64 14 1 25.022 9.566 23.318 9.089
65 14 1 25.034 9.590 23.425 9.077
66 14 1 25.117 9.638 23.449 9.101
67 14 1 25.141 9.650 23.520 8.969
68 14 1 25.105 9.638 23.544 9.029
69 14 1 24.831 9.614 23.806 9.029
70 14 1 25.201 9.638 23.699 9.077
71 14 1 24.962 9.638 23.937 9.064
72 14 1 25.224 9.614 23.937 9.088
73 14 1 25.081 9.638 24.057 9.076
74 14 1 25.189 9.662 24.164 9.100
75 14 1 25.499 9.769 24.045 9.005
76 14 1 25.439 9.841 24.140 9.016
77 14 1 25.630 9.733 24.152 8.981
78 14 1 25.713 9.853 24.223 9.004
79 14 1 25.475 9.697 24.450 9.136
80 14 1 25.534 9.745 24.509 9.184
81 14 1 25.606 9.709 24.581 9.148
82 14 1 25.665 9.709 24.640 9.148
83 14 1 25.713 9.709 24.688 9.148
84 14 1 25.761 9.721 24.736 9.159
85 14 1 25.820 9.733 24.795 9.171
86 14 1 25.880 9.733 24.855 9.171
87 14 1 26.225 9.732 24.640 9.088
88 14 1 26.178 10.044 24.771 8.944
89 14 1 26.392 9.876 24.795 8.920
90 14 1 26.606 9.744 24.807 9.016
91 14 1 26.082 9.673 25.057 9.111
92 14 1 26.130 9.673 25.105 9.111
93 14 1 26.190 9.685 25.165 9.123
94 14 1 26.249 9.684 25.224 9.123
95 14 1 26.309 9.684 25.284 9.123
96 14 1 26.368 9.672 25.343 9.111
97 14 1 26.440 9.660 25.415 9.099
98 14 1 26.499 9.660 25.474 9.099
99 14 1 26.547 9.660 25.522 9.099
101 14 1 26.535 9.648 25.510 9.087
102 14 1 26.594 9.648 25.569 9.087
103 14 1 26.642 9.648 25.617 9.087
104 14 1 26.690 9.648 25.665 9.087
105 14 1 26.737 9.660 25.712 9.099
106 14 1 26.809 9.660 25.784 9.099
107 14 1 26.868 9.660 25.843 9.099
108 14 1 26.928 9.660 25.903 9.099
109 14 1 26.987 9.672 25.962 9.110
110 14 1 27.047 9.684 26.022 9.122
111 14 1 27.095 9.684 26.070 9.122
112 14 1 27.154 9.684 26.129 9.122
113 14 1 27.226 9.683 26.201 9.122
114 14 1 27.285 9.695 26.260 9.134
115 14 1 27.511 9.743 26.427 9.074
116 14 1 27.547 9.779 26.391 9.110
117 14 1 27.678 9.779 26.439 9.098
118 14 1 27.559 9.719 26.534 9.158
119 14 1 27.607 9.719 26.582 9.158
120 14 1 27.666 9.731 26.641 9.170
121 14 1 27.714 9.731 26.689 9.170
122 14 1 27.761 9.731 26.736 9.170
123 14 1 27.821 9.719 26.796 9.158
124 14 1 28.190 9.766 26.784 9.098
125 14 1 28.119 9.790 26.891 9.062
126 14 1 28.202 9.766 26.926 9.062
127 14 1 28.178 9.718 27.045 9.050
128 14 1 28.166 9.718 27.176 9.073
129 14 1 28.237 9.694 27.165 9.085
130 14 1 28.309 9.682 27.295 8.990
131 14 1 28.439 9.682 27.403 9.109
132 14 1 28.416 9.670 27.403 9.109
133 14 1 28.679 9.969 27.129 9.062
134 14 1 28.868 9.813 27.248 9.061
135 14 1 29.082 9.670 27.283 9.085
136 14 1 28.987 9.861 27.212 9.014
137 14 1 28.988 9.897 27.248 9.085
138 14 1 28.523 9.682 27.510 9.121
139 14 1 28.582 9.682 27.569 9.121
140 14 1 28.832 9.562 27.616 9.001
141 14 1 29.070 9.598 27.628 9.037
142 14 1 29.201 9.729 27.711 8.942
143 14 1 29.225 9.753 27.949 8.882
144 14 1 29.130 9.873 27.783 8.882
145 14 1 29.130 9.897 27.616 8.930
146 14 1 29.297 9.944 27.545 9.001
147 14 1 29.297 9.837 27.497 8.954
148 14 1 28.856 9.670 27.843 9.109
149 14 1 28.891 9.670 27.878 9.109
150 14 1 29.403 9.669 28.402 9.060
151 14 1 29.796 9.824 27.640 8.846
152 14 1 29.986 9.800 27.676 8.942
153 14 1 29.367 9.621 28.366 9.060
154 14 1 29.438 9.621 28.437 9.060
155 14 1 29.498 9.609 28.497 9.048
156 14 1 29.795 9.621 28.591 8.977
158 14 1 29.795 9.681 28.615 8.929
159 14 1 29.819 9.681 28.770 8.941
160 14 1 29.986 9.669 28.662 8.857
161 14 1 29.818 9.537 28.817 8.976
162 14 1 29.854 9.537 28.853 8.976
163 14 1 29.925 9.537 28.924 8.976
164 14 1 30.377 9.608 28.876 8.905
165 14 1 30.414 9.680 28.865 8.941
166 14 1 30.282 9.608 28.841 8.857
167 14 1 30.068 9.513 29.067 8.952
168 14 1 30.461 9.584 29.043 8.905
169 14 1 30.508 9.560 29.209 8.892
170 14 1 30.353 9.501 29.352 8.940
171 14 1 30.424 9.501 29.423 8.940
172 14 1 30.520 9.644 29.482 8.880
173 14 1 30.496 9.536 29.495 8.976
174 14 1 30.852 9.512 29.827 8.928
176 14 1 30.828 9.500 29.827 8.940
177 14 1 30.876 9.500 29.875 8.940
178 14 1 30.947 9.500 29.946 8.940
179 14 1 31.007 9.500 30.006 8.940
180 14 1 31.268 9.488 29.756 8.880
181 14 1 31.006 9.464 30.005 8.904
182 14 1 31.066 9.464 30.065 8.904
183 14 1 31.125 9.452 30.124 8.892
184 14 1 31.363 9.548 29.827 8.868
185 14 1 31.446 9.488 30.374 8.903
186 14 1 31.399 9.476 30.397 8.915
187 14 1 31.470 9.476 30.469 8.915
189 14 1 31.458 9.464 30.457 8.903
190 14 1 31.529 9.464 30.528 8.903
192 14 1 31.517 9.452 30.516 8.891
193 14 1 32.016 9.463 30.967 8.831
194 14 1 31.980 9.427 30.979 8.867
195 14 1 32.063 9.439 31.062 8.879
196 14 1 32.170 9.463 31.169 8.903
198 14 1 32.158 9.451 31.157 8.891
199 14 1 32.634 9.510 31.561 8.878
200 14 1 32.586 9.475 31.585 8.914
201 14 1 32.681 9.486 31.680 8.926
203 14 1 32.669 9.475 31.668 8.914
204 14 1 32.776 9.510 31.775 8.950
206 14 1 32.764 9.498 31.763 8.938
207 14 1 33.323 9.641 32.036 8.974
208 14 1 33.169 9.582 32.167 9.021
209 14 1 33.240 9.581 32.238 9.021
211 14 1 33.228 9.570 32.227 9.009
212 14 1 33.335 9.581 32.333 9.021
213 14 1 33.917 9.640 32.748 8.973
215 14 1 34.084 9.772 33.020 8.806
217 14 1 34.143 9.724 33.068 8.841
218 14 1 34.215 9.784 33.080 8.853
220 14 1 34.201 9.592 33.200 9.032
222 14 1 34.189 9.580 33.188 9.020
224 14 1 34.592 9.580 33.591 9.032
225 14 1 34.664 9.580 33.662 9.032
227 14 1 34.842 9.592 33.840 9.044
228 14 1 34.925 9.604 33.923 9.055
230 14 1 34.913 9.592 33.911 9.043
231 14 1 35.031 9.603 34.030 9.055
232 14 1 35.174 9.603 34.172 9.055
234 14 1 35.744 9.758 34.576 9.103
236 14 1 36.007 9.913 34.493 9.067
237 14 1 35.625 9.675 34.624 9.126
238 14 1 35.684 9.674 34.683 9.126
239 14 1 35.755 9.674 34.754 9.126
240 14 1 36.170 9.686 35.003 9.102
241 14 1 36.385 9.829 34.908 9.102
242 14 1 36.516 9.841 35.062 9.126
243 14 1 36.493 9.877 35.204 9.102
244 14 1 36.337 9.757 35.336 9.209
223 14 1 34.747 9.580 33.461 9.032
226 14 1 34.747 9.580 33.745 9.032
245 14 1 36.444 9.757 35.442 9.209
246 14 1 36.801 9.912 35.417 9.054
247 14 1 36.885 9.948 35.406 9.078
248 14 1 36.920 9.960 35.394 9.066
249 14 1 36.574 9.733 35.573 9.185
250 14 1 36.621 9.733 35.620 9.185
251 14 1 36.704 9.733 35.703 9.185
252 14 1 36.752 9.733 35.750 9.185
253 14 1 36.823 9.733 35.821 9.185
254 14 1 36.917 9.721 35.916 9.173
256 14 1 36.905 9.709 35.904 9.161
257 14 1 37.214 9.733 36.117 9.101
258 14 1 37.166 9.685 36.164 9.137
260 14 1 37.154 9.673 36.153 9.125
261 14 1 37.166 9.661 36.164 9.113
262 14 1 37.177 9.661 36.176 9.113
263 14 1 37.640 9.684 36.473 9.148
264 14 1 37.545 9.684 36.544 9.148
265 14 1 37.604 9.684 36.603 9.148
266 14 1 37.949 9.756 36.851 9.124
267 14 1 38.162 9.767 36.767 9.005
268 14 1 38.245 9.767 36.839 9.065
269 14 1 38.327 9.743 36.934 9.076
270 14 1 38.446 9.779 37.087 9.017
271 14 1 38.446 9.767 37.134 8.969
272 14 1 38.576 9.767 37.181 8.981
273 14 1 38.517 9.779 37.169 8.969
274 14 1 38.600 9.791 37.181 8.993
275 14 1 38.636 9.803 37.182 9.017
276 14 1 38.743 9.814 37.181 8.981
277 14 1 38.766 9.767 37.253 9.064
278 14 1 38.385 9.648 37.384 9.112
279 14 1 38.847 9.635 37.561 9.028
280 14 1 38.980 9.826 37.466 9.064
281 14 1 39.097 9.778 37.584 8.969
282 14 1 38.668 9.576 37.667 9.040
283 14 1 38.740 9.576 37.738 9.040
284 14 1 38.822 9.576 37.821 9.040
286 14 1 38.810 9.564 37.809 9.028
288 14 1 39.225 9.599 38.057 8.992
214 14 1 33.821 9.581 32.820 9.021
219 14 1 34.142 9.592 33.140 9.032
0 16 1 21.046 10.794 20.068 10.243
1 16 1 21.106 10.794 20.080 10.279
2 16 1 21.070 10.806 19.937 10.183
3 16 1 21.201 10.770 20.068 10.195
4 16 1 21.273 10.818 20.044 10.171
5 16 1 21.213 10.770 20.295 10.291
6 16 1 21.261 10.794 20.295 10.291
7 16 1 21.237 10.794 20.390 10.314
8 16 1 21.261 10.782 20.403 10.218
9 16 1 21.357 10.793 20.426 10.206
10 16 1 21.380 10.805 20.474 10.242
11 16 1 21.416 10.805 20.522 10.230
12 16 1 21.512 10.781 20.546 10.206
13 16 1 21.703 10.805 20.415 10.146
14 16 1 21.823 10.793 20.510 10.110
15 16 1 22.002 10.793 20.438 10.182
16 16 1 21.990 10.841 20.558 10.110
17 16 1 22.085 10.816 20.522 10.122
18 16 1 22.121 10.888 20.547 10.026
19 16 1 22.169 10.828 20.642 10.062
20 16 1 22.169 10.768 20.809 10.098
21 16 1 22.073 10.841 21.036 10.122
22 16 1 22.181 10.792 21.024 10.086
23 16 1 22.360 10.768 20.964 10.134
24 16 1 22.301 10.792 21.072 10.086
25 16 1 22.157 10.768 21.287 10.169
26 16 1 22.193 10.768 21.323 10.157
27 16 1 22.181 10.768 21.394 10.145
28 16 1 22.492 10.792 21.227 10.229
29 16 1 22.420 10.768 21.490 10.145
30 16 1 22.730 10.876 21.323 10.169
31 16 1 22.826 10.852 21.323 10.133
32 16 1 22.862 10.887 21.370 10.145
33 16 1 22.898 10.875 21.395 10.049
34 16 1 23.041 10.911 21.502 10.157
35 16 1 23.125 10.923 21.574 10.121
36 16 1 23.184 10.971 21.573 10.241
37 16 1 23.232 10.947 21.693 10.193
38 16 1 23.196 10.971 21.788 10.169
39 16 1 23.017 10.923 22.075 10.156
40 16 1 23.244 10.935 22.003 10.157
41 16 1 23.089 10.863 22.314 10.216
42 16 1 23.160 10.923 22.266 10.144
43 16 1 23.184 10.935 22.338 10.156
44 16 1 23.268 10.923 22.326 10.132
45 16 1 23.447 10.923 22.397 10.108
46 16 1 23.686 10.910 22.278 10.156
47 16 1 23.781 10.910 22.326 10.132
48 16 1 23.805 10.874 22.302 10.168
49 16 1 23.865 10.886 22.409 10.156
50 16 1 23.925 10.862 22.517 10.132
51 16 1 23.972 10.826 22.565 10.084
52 16 1 23.948 10.814 22.577 10.060
53 16 1 23.996 10.826 22.732 10.084
54 16 1 23.984 10.814 22.756 10.072
55 16 1 24.175 10.718 22.708 10.192
56 16 1 24.080 10.802 22.887 10.024
57 16 1 24.104 10.790 22.983 9.976
58 16 1 24.199 10.802 22.971 10.000
59 16 1 24.080 10.814 23.209 10.035
60 16 1 24.426 10.801 23.078 9.928
61 16 1 24.497 10.813 23.149 10.071
62 16 1 24.569 10.813 23.102 9.999
63 16 1 24.700 10.777 23.197 10.011
64 16 1 24.724 10.765 23.305 10.011
65 16 1 24.772 10.813 23.293 10.011
66 16 1 24.748 10.789 23.352 9.963
67 16 1 24.724 10.825 23.424 10.011
68 16 1 24.724 10.789 23.364 9.963
69 16 1 24.832 10.765 23.496 9.987
70 16 1 24.963 10.669 23.484 10.011
71 16 1 24.951 10.669 23.567 10.011
72 16 1 24.939 10.657 23.651 9.987
73 16 1 24.987 10.681 23.686 10.035
74 16 1 24.831 10.621 23.794 10.083
75 16 1 25.118 10.728 23.722 10.035
76 16 1 25.273 10.764 23.889 9.879
77 16 1 25.476 10.716 23.901 9.975
78 16 1 25.559 10.764 23.889 9.927
79 16 1 25.571 10.740 24.009 9.962
80 16 1 25.643 10.644 24.128 9.926
81 16 1 25.619 10.680 24.116 9.938
82 16 1 25.607 10.680 24.128 9.926
83 16 1 25.643 10.632 24.247 9.962
84 16 1 25.654 10.656 24.295 9.902
85 16 1 25.631 10.656 24.342 9.878
86 16 1 25.559 10.632 24.378 9.890
87 16 1 25.643 10.620 24.426 9.878
88 16 1 25.547 10.512 24.509 9.974
89 16 1 25.583 10.500 24.545 9.962
90 16 1 25.642 10.500 24.605 9.962
91 16 1 26.036 10.607 24.629 9.938
92 16 1 24.486 10.297 23.448 9.759
93 16 1 26.346 10.559 24.676 9.914
94 16 1 26.453 10.595 24.652 9.962
95 16 1 26.370 10.511 24.784 9.902
96 16 1 26.310 10.523 24.867 9.961
97 16 1 26.107 10.511 25.070 9.973
98 16 1 26.501 10.475 24.891 9.949
99 16 1 26.453 10.571 24.998 9.566
100 16 1 26.489 10.535 24.950 9.650
101 16 1 26.477 10.595 25.093 9.542
102 16 1 26.298 10.331 25.260 9.805
103 16 1 26.739 10.570 25.177 9.722
104 16 1 26.763 10.546 25.308 9.638
105 16 1 26.858 10.582 25.403 9.661
106 16 1 26.906 10.534 25.606 9.601
107 16 1 26.954 10.594 25.558 9.577
108 16 1 27.085 10.570 25.570 9.458
109 16 1 26.918 10.462 25.499 9.853
110 16 1 26.727 10.403 25.689 9.877
111 16 1 26.775 10.391 25.737 9.865
112 16 1 26.810 10.379 25.773 9.853
113 16 1 26.858 10.378 25.820 9.853
114 16 1 26.906 10.378 25.868 9.853
115 16 1 27.108 10.462 25.808 9.733
116 16 1 27.037 10.450 25.796 9.745
117 16 1 27.215 10.426 25.916 9.805
118 16 1 27.156 10.402 25.928 9.781
119 16 1 27.168 10.414 25.999 9.781
120 16 1 27.156 10.366 26.023 9.792
121 16 1 27.179 10.318 26.023 9.769
122 16 1 27.287 10.330 26.082 9.733
123 16 1 27.287 10.354 26.130 9.744
124 16 1 27.418 10.330 26.166 9.685
125 16 1 27.489 10.318 26.225 9.625
126 16 1 27.430 10.306 26.273 9.601
127 16 1 27.477 10.294 26.320 9.553
128 16 1 27.572 10.294 26.320 9.589
129 16 1 27.632 10.294 26.368 9.529
130 16 1 27.644 10.222 26.416 9.529
131 16 1 27.858 10.222 26.463 9.553
132 16 1 27.929 10.221 26.570 9.493
133 16 1 27.762 10.114 26.725 9.588
134 16 1 28.215 10.233 26.558 9.493
135 16 1 27.798 10.090 26.761 9.564
136 16 1 28.156 10.161 26.642 9.445
137 16 1 28.287 10.245 26.725 9.397
138 16 1 27.893 10.054 26.856 9.528
139 16 1 28.179 10.137 26.761 9.469
140 16 1 27.882 10.126 26.927 9.492
141 16 1 28.191 10.089 26.785 9.457
142 16 1 28.179 10.089 26.749 9.361
143 16 1 28.191 10.125 26.915 9.337
144 16 1 28.060 9.982 27.034 9.456
145 16 1 28.095 9.970 27.070 9.444
146 16 1 28.119 9.970 27.094 9.444
147 16 1 28.167 9.946 27.142 9.420
148 16 1 28.214 9.910 27.189 9.384
149 16 1 28.238 9.874 27.213 9.348
150 16 1 28.309 9.850 27.284 9.324
151 16 1 28.333 9.826 27.308 9.301
152 16 1 28.380 9.790 27.355 9.265
153 16 1 28.416 9.754 27.391 9.229
154 16 1 28.463 9.742 27.439 9.217
155 16 1 28.511 9.706 27.486 9.181
156 16 1 28.547 9.694 27.522 9.169
157 16 1 28.618 9.778 27.486 9.121
158 16 1 28.678 9.778 27.533 9.037
159 16 1 28.761 9.742 27.545 9.049
160 16 1 28.725 9.694 27.676 8.965
161 16 1 28.761 9.718 27.783 8.989
162 16 1 28.772 9.610 27.759 9.085
163 16 1 28.808 9.598 27.795 9.073
164 16 1 28.855 9.574 27.843 9.049
165 16 1 28.903 9.562 27.890 9.037
166 16 1 29.260 9.645 27.890 8.906
167 16 1 29.069 9.538 28.056 9.013
168 16 1 29.117 9.526 28.104 9.001
169 16 1 29.272 9.621 28.044 8.881
170 16 1 29.164 9.502 28.151 8.977
171 16 1 29.212 9.490 28.199 8.965
172 16 1 29.379 9.597 28.175 8.846
173 16 1 29.557 9.525 28.282 8.881
174 16 1 29.319 9.597 28.365 8.917
175 16 1 29.485 9.490 28.389 8.881
176 16 1 29.545 9.502 28.389 8.857
177 16 1 29.830 9.549 28.389 8.845
178 16 1 29.759 9.489 28.484 8.762
179 16 1 29.616 9.382 28.615 8.857
180 16 1 29.675 9.442 28.543 8.762
181 16 1 29.604 9.358 28.603 8.833
182 16 1 29.651 9.358 28.650 8.833
183 16 1 29.699 9.346 28.698 8.821
184 16 1 29.806 9.382 28.662 8.797
185 16 1 29.734 9.346 28.733 8.821
186 16 1 29.794 9.322 28.793 8.797
187 16 1 29.829 9.310 28.828 8.785
188 16 1 29.900 9.274 28.900 8.749
189 16 1 29.948 9.262 28.947 8.737
191 16 1 29.972 9.370 28.934 8.511
192 16 1 29.948 9.202 28.947 8.678
193 16 1 29.995 9.178 28.994 8.654
194 16 1 30.042 9.166 29.042 8.642
195 16 1 30.090 9.142 29.089 8.618
196 16 1 30.137 9.142 29.137 8.618
198 16 1 30.125 9.131 29.125 8.606
199 16 1 30.399 9.130 29.446 8.594
200 16 1 30.410 9.118 29.422 8.594
201 16 1 30.470 9.106 29.481 8.582
202 16 1 30.755 9.190 29.576 8.486
203 16 1 30.648 9.094 29.659 8.570
204 16 1 30.707 9.082 29.719 8.558
205 16 1 30.755 9.094 29.766 8.570
206 16 1 30.814 9.082 29.825 8.558
207 16 1 30.862 9.082 29.873 8.558
208 16 1 30.909 9.058 29.920 8.534
209 16 1 30.956 9.046 29.968 8.522
211 16 1 30.944 9.034 29.956 8.510
212 16 1 30.992 9.034 30.003 8.510
213 16 1 31.051 9.034 30.063 8.510
215 16 1 31.158 9.034 30.170 8.510
217 16 1 32.332 8.830 31.451 8.437
218 16 1 32.332 8.818 31.439 8.425
220 16 1 31.336 9.010 30.348 8.486
221 16 1 32.332 8.806 31.439 8.413
222 16 1 32.367 8.806 31.475 8.413
224 16 1 32.474 8.806 31.582 8.413
227 16 1 32.498 8.794 31.605 8.401
228 16 1 32.557 8.794 31.665 8.401
230 16 1 32.736 8.854 31.355 8.187
231 16 1 32.795 8.842 31.414 8.175
232 16 1 32.878 8.853 31.497 8.187
233 16 1 32.937 8.841 31.556 8.175
234 16 1 33.423 8.817 31.224 8.115
235 16 1 33.150 8.805 31.485 8.127
236 16 1 33.447 8.805 31.366 8.091
237 16 1 33.506 8.757 31.497 8.115
238 16 1 33.411 8.769 31.591 8.103
239 16 1 33.458 8.757 31.639 8.091
240 16 1 33.506 8.746 31.686 8.079
241 16 1 33.577 8.757 31.757 8.091
242 16 1 33.672 8.745 31.852 8.079
243 16 1 33.719 8.757 31.900 8.091
244 16 1 33.767 8.745 31.947 8.079
223 16 1 32.427 8.806 31.534 8.413
226 16 1 32.474 8.794 31.582 8.401
229 16 1 32.950 8.985 31.128 8.056
245 16 1 33.838 8.757 32.018 8.091
246 16 1 33.885 8.745 32.066 8.079
247 16 1 33.969 8.841 32.091 8.246
248 16 1 33.934 8.853 32.114 8.198
249 16 1 34.005 8.852 32.185 8.198
250 16 1 34.171 8.852 32.375 8.186
251 16 1 34.159 8.912 32.517 8.162
252 16 1 34.218 8.864 32.434 8.198
253 16 1 34.278 8.876 32.494 8.210
254 16 1 34.337 8.864 32.553 8.198
255 16 1 34.053 8.936 32.589 8.222
256 16 1 33.934 8.924 32.742 8.162
257 16 1 34.171 8.936 32.802 8.174
258 16 1 34.065 9.008 32.861 8.150
259 16 1 34.539 8.947 32.636 8.233
260 16 1 34.492 9.007 32.778 8.233
261 16 1 34.587 9.007 32.802 8.269
262 16 1 34.445 9.055 32.897 8.198
263 16 1 34.409 8.959 32.909 8.233
264 16 1 34.456 8.936 32.850 8.245
265 16 1 34.682 9.019 33.111 8.305
266 16 1 34.741 9.019 33.265 8.269
267 16 1 34.824 9.031 33.288 8.281
268 16 1 34.765 9.019 33.442 8.245
269 16 1 34.824 9.019 33.360 8.281
270 16 1 34.801 9.043 33.336 8.245
271 16 1 34.991 9.078 33.407 8.340
272 16 1 34.908 9.114 33.526 8.304
273 16 1 35.335 9.102 33.432 8.376
274 16 1 35.204 9.102 33.574 8.352
275 16 1 35.134 9.174 33.610 8.412
276 16 1 35.193 9.162 33.657 8.400
277 16 1 35.300 9.209 33.598 8.412
278 16 1 35.170 9.197 33.716 8.388
279 16 1 35.288 9.185 33.716 8.376
280 16 1 35.372 9.257 33.894 8.423
281 16 1 35.371 9.173 33.883 8.483
282 16 1 35.478 9.245 34.155 8.411
283 16 1 35.750 9.125 34.131 8.435
284 16 1 35.667 9.125 34.191 8.435
285 16 1 35.726 9.137 34.250 8.447
286 16 1 35.785 9.149 34.309 8.459
287 16 1 36.069 9.089 34.368 8.363
288 16 1 35.927 9.113 34.522 8.363
289 16 1 36.106 9.161 34.592 8.327
214 16 1 32.237 8.794 31.546 8.473
216 16 1 32.320 8.830 31.475 8.449
219 16 1 32.344 8.818 31.451 8.425
0 17 1 21.806 7.942 20.402 7.287
1 17 1 21.687 7.883 20.533 7.346
2 17 1 21.806 7.954 20.533 7.275
3 17 1 21.711 7.871 20.569 7.286
4 17 1 21.663 7.907 20.664 7.322
5 17 1 21.723 7.895 20.592 7.310
6 17 1 21.699 7.919 20.735 7.346
7 17 1 21.758 7.919 20.664 7.346
8 17 1 22.008 8.038 20.664 7.275
9 17 1 21.889 7.942 20.771 7.346
10 17 1 21.925 7.942 20.807 7.346
11 17 1 21.997 7.954 20.878 7.358
12 17 1 22.021 7.942 20.902 7.346
13 17 1 22.056 7.942 20.938 7.346
14 17 1 22.056 7.906 20.938 7.310
15 17 1 22.163 7.966 21.045 7.370
16 17 1 22.366 7.990 21.200 7.417
17 17 1 22.378 7.990 21.236 7.417
18 17 1 22.438 7.930 21.295 7.358
19 17 1 22.449 8.038 21.331 7.453
20 17 1 22.473 8.002 21.355 7.429
21 17 1 22.497 8.026 21.378 7.453
22 17 1 22.533 8.026 21.414 7.453
23 17 1 22.580 8.038 21.462 7.465
24 17 1 22.628 8.049 21.509 7.477
25 17 1 22.818 8.181 21.605 7.310
26 17 1 22.628 8.049 21.796 7.381
27 17 1 22.759 8.002 21.664 7.417
28 17 1 22.807 8.002 21.712 7.417
29 17 1 22.926 7.978 21.950 7.393
30 17 1 23.343 8.001 21.629 7.381
31 17 1 23.366 8.025 21.593 7.358
32 17 1 23.104 7.989 22.034 7.357
33 17 1 23.200 7.989 22.129 7.417
34 17 1 23.212 7.953 22.200 7.405
35 17 1 23.259 7.965 22.165 7.405
36 17 1 23.307 7.965 22.212 7.405
37 17 1 23.378 7.965 22.284 7.405
38 17 1 23.426 7.965 22.331 7.405
39 17 1 23.474 7.965 22.379 7.405
40 17 1 23.521 7.965 22.427 7.405
42 17 1 23.509 7.953 22.415 7.393
43 17 1 23.557 7.965 22.462 7.405
44 17 1 23.593 7.965 22.498 7.405
45 17 1 23.652 7.977 22.558 7.417
46 17 1 23.700 7.989 22.605 7.429
47 17 1 23.748 8.001 22.653 7.441
48 17 1 23.807 8.013 22.712 7.452
49 17 1 23.878 8.025 22.784 7.464
50 17 1 23.938 8.025 22.843 7.464
51 17 1 23.986 8.037 22.891 7.476
52 17 1 24.033 8.037 22.939 7.476
53 17 1 24.093 8.048 22.998 7.488
54 17 1 24.164 8.060 23.069 7.500
55 17 1 24.212 8.060 23.117 7.500
56 17 1 24.259 8.060 23.165 7.500
57 17 1 24.295 8.072 23.200 7.512
58 17 1 24.331 8.072 23.236 7.512
59 17 1 24.390 8.084 23.296 7.524
60 17 1 24.426 8.084 23.331 7.524
61 17 1 24.486 8.096 23.391 7.536
62 17 1 24.521 8.096 23.427 7.536
63 17 1 24.593 8.096 23.498 7.536
64 17 1 24.652 8.096 23.557 7.536
65 17 1 24.700 8.096 23.605 7.536
66 17 1 24.747 8.084 23.653 7.524
67 17 1 24.807 8.084 23.712 7.524
68 17 1 24.878 8.084 23.784 7.523
69 17 1 24.938 8.072 23.843 7.512
71 17 1 24.926 8.060 23.831 7.500
72 17 1 24.985 8.060 23.891 7.500
73 17 1 25.009 8.060 23.914 7.500
74 17 1 25.057 8.060 23.962 7.500
75 17 1 25.116 8.060 24.022 7.500
76 17 1 25.188 8.060 24.093 7.499
77 17 1 25.235 8.060 24.141 7.499
78 17 1 25.283 8.060 24.188 7.499
79 17 1 25.331 8.060 24.236 7.499
81 17 1 25.319 8.048 24.224 7.487
82 17 1 25.354 8.036 24.260 7.476
83 17 1 25.414 8.036 24.319 7.475
84 17 1 25.461 8.036 24.367 7.475
85 17 1 25.521 8.036 24.426 7.475
87 17 1 25.509 8.024 24.414 7.464
88 17 1 25.557 8.024 24.462 7.463
89 17 1 25.592 8.024 24.498 7.463
90 17 1 25.652 8.024 24.557 7.463
91 17 1 25.687 8.035 24.593 7.475
92 17 1 25.747 8.035 24.652 7.475
93 17 1 25.794 8.023 24.700 7.463
94 17 1 25.842 8.011 24.747 7.451
95 17 1 25.901 8.000 24.807 7.439
96 17 1 25.961 7.988 24.866 7.428
97 17 1 26.008 7.976 24.914 7.416
98 17 1 26.056 7.964 24.961 7.404
100 17 1 26.044 7.952 24.949 7.392
101 17 1 26.115 7.940 25.021 7.380
103 17 1 26.104 7.928 25.009 7.368
104 17 1 26.127 7.916 25.033 7.356
105 17 1 26.175 7.916 25.080 7.356
106 17 1 26.222 7.916 25.128 7.356
107 17 1 26.258 7.928 25.164 7.368
108 17 1 26.306 7.928 25.211 7.368
109 17 1 26.353 7.928 25.259 7.368
111 17 1 26.341 7.916 25.247 7.356
112 17 1 26.365 7.904 25.271 7.344
113 17 1 27.019 7.844 25.710 7.308
114 17 1 26.912 7.844 25.805 7.296
115 17 1 26.959 7.844 25.853 7.296
116 17 1 27.007 7.844 25.901 7.296
117 17 1 27.054 7.844 25.948 7.296
118 17 1 27.102 7.844 25.996 7.296
119 17 1 27.138 7.856 26.031 7.308
120 17 1 27.173 7.867 26.067 7.320
121 17 1 27.221 7.867 26.115 7.320
122 17 1 27.257 7.867 26.150 7.320
123 17 1 27.304 7.867 26.198 7.320
124 17 1 27.352 7.879 26.245 7.331
125 17 1 27.387 7.891 26.281 7.343
126 17 1 27.435 7.879 26.328 7.331
127 17 1 27.482 7.891 26.376 7.343
128 17 1 27.518 7.891 26.412 7.343
129 17 1 27.578 7.891 26.471 7.343
130 17 1 27.625 7.903 26.519 7.355
132 17 1 27.613 7.891 26.507 7.343
133 17 1 27.649 7.903 26.542 7.355
134 17 1 27.685 7.927 26.578 7.379
135 17 1 27.732 7.951 26.626 7.403
136 17 1 27.780 7.962 26.673 7.415
137 17 1 27.827 7.974 26.721 7.427
138 17 1 27.863 7.998 26.756 7.450
139 17 1 27.911 8.022 26.804 7.474
140 17 1 28.304 8.296 27.351 7.534
141 17 1 28.363 8.189 27.280 7.629
142 17 1 28.410 8.213 27.327 7.653
143 17 1 28.446 8.236 27.363 7.677
144 17 1 28.494 8.260 27.411 7.700
145 17 1 28.529 8.284 27.446 7.724
146 17 1 28.910 8.379 27.304 7.748
147 17 1 28.875 8.439 27.482 7.688
148 17 1 28.958 8.439 27.423 7.712
149 17 1 29.017 8.391 27.352 7.820
150 17 1 29.017 8.415 27.458 7.700
151 17 1 29.195 8.391 27.518 7.831
152 17 1 29.314 8.355 27.518 7.796
153 17 1 29.361 8.379 27.565 7.820
154 17 1 29.421 8.379 27.589 7.831
155 17 1 29.362 8.498 27.672 7.808
156 17 1 29.469 8.427 27.637 7.808
157 17 1 29.302 8.415 27.732 7.819
158 17 1 29.302 8.486 27.827 7.784
159 17 1 29.481 8.474 27.850 7.772
160 17 1 29.445 8.486 27.910 7.795
161 17 1 29.113 8.522 27.934 7.855
162 17 1 29.112 8.451 27.934 7.903
163 17 1 29.160 8.451 27.982 7.903
164 17 1 29.195 8.451 28.017 7.903
165 17 1 29.255 8.439 28.077 7.891
167 17 1 29.243 8.427 28.065 7.879
168 17 1 29.267 8.427 28.088 7.879
169 17 1 29.290 8.415 28.112 7.867
170 17 1 29.326 8.391 28.148 7.843
171 17 1 29.385 8.367 28.207 7.819
172 17 1 29.444 8.355 28.266 7.807
174 17 1 29.432 8.343 28.254 7.795
175 17 1 29.730 8.367 28.777 7.819
176 17 1 29.872 8.271 28.682 7.712
177 17 1 30.097 8.211 28.729 7.688
178 17 1 29.990 8.247 28.717 7.592
179 17 1 29.930 8.188 28.776 7.652
180 17 1 30.216 8.235 28.883 7.568
181 17 1 30.108 8.164 28.954 7.628
182 17 1 30.144 8.152 28.990 7.616
183 17 1 30.179 8.128 29.025 7.592
184 17 1 30.417 8.187 29.048 7.342
185 17 1 30.548 8.163 29.143 7.330
186 17 1 30.607 8.140 29.131 7.294
187 17 1 30.547 8.116 29.036 7.342
188 17 1 30.571 8.056 29.095 7.306
189 17 1 30.559 8.140 29.333 7.366
190 17 1 30.583 8.092 29.463 7.306
191 17 1 30.606 7.949 29.475 7.354
192 17 1 30.783 7.877 29.440 7.354
193 17 1 30.997 7.829 29.523 7.342
194 17 1 30.807 7.841 29.677 7.330
195 17 1 30.842 7.829 29.713 7.318
196 17 1 30.854 7.829 29.724 7.318
198 17 1 30.842 7.818 29.712 7.306
199 17 1 31.055 7.639 29.913 7.127
200 17 1 31.043 7.639 29.913 7.127
201 17 1 31.090 7.615 29.961 7.103
202 17 1 31.541 7.722 29.889 7.115
203 17 1 31.767 7.686 29.901 7.032
204 17 1 31.576 7.603 30.007 6.961
205 17 1 31.660 7.638 30.043 7.032
206 17 1 31.754 7.650 30.197 6.996
207 17 1 31.825 7.614 30.209 6.984
208 17 1 31.884 7.567 30.209 6.961
209 17 1 31.884 7.555 30.256 6.961
210 17 1 31.955 7.495 30.387 6.972
211 17 1 32.062 7.543 30.339 6.949
212 17 1 31.753 7.495 30.624 6.984
213 17 1 31.789 7.483 30.659 6.972
215 17 1 32.311 7.507 30.623 6.794
217 17 1 32.358 7.531 30.682 6.770
218 17 1 32.310 7.459 30.730 6.841
220 17 1 32.061 7.388 30.932 6.877
221 17 1 32.666 7.447 30.742 6.829
222 17 1 32.310 7.388 30.966 6.710
224 17 1 32.582 7.328 31.073 6.770
225 17 1 32.605 7.293 31.180 6.734
227 17 1 32.498 7.269 31.369 6.758
228 17 1 32.877 7.269 31.369 6.758
230 17 1 33.174 7.304 31.452 6.746
231 17 1 32.866 7.269 31.737 6.758
232 17 1 33.103 7.292 31.476 6.794
233 17 1 33.210 7.316 31.464 6.805
234 17 1 33.068 7.364 31.571 6.758
235 17 1 33.103 7.364 31.701 6.722
236 17 1 33.494 7.340 31.630 6.722
237 17 1 32.949 7.281 31.820 6.782
238 17 1 33.494 7.328 31.712 6.698
239 17 1 33.565 7.316 31.866 6.663
240 17 1 33.411 7.316 31.985 6.734
241 17 1 33.423 7.316 32.115 6.686
242 17 1 33.482 7.292 32.032 6.651
243 17 1 33.577 7.328 32.186 6.710
244 17 1 33.743 7.352 32.127 6.734
223 17 1 32.475 7.352 31.026 6.734
226 17 1 32.451 7.269 31.322 6.758
229 17 1 32.925 7.316 31.476 6.710
245 17 1 33.778 7.316 32.104 6.734
246 17 1 33.790 7.340 32.246 6.758
247 17 1 33.873 7.316 32.245 6.698
248 17 1 33.991 7.268 32.317 6.781
249 17 1 34.026 7.256 32.198 6.722
250 17 1 33.944 7.328 32.328 6.686
251 17 1 33.944 7.375 32.577 6.722
252 17 1 34.122 7.351 32.660 6.722
253 17 1 34.145 7.328 32.624 6.698
254 17 1 34.276 7.411 32.684 6.698
255 17 1 34.371 7.411 32.684 6.722
256 17 1 34.359 7.387 32.838 6.734
257 17 1 34.324 7.446 32.968 6.769
258 17 1 34.383 7.506 32.921 6.769
259 17 1 34.479 7.542 32.956 6.722
260 17 1 34.597 7.565 33.015 6.722
261 17 1 34.609 7.553 33.075 6.745
262 17 1 34.751 7.565 33.134 6.769
263 17 1 34.715 7.553 33.205 6.781
264 17 1 34.739 7.565 33.170 6.852
265 17 1 34.739 7.577 33.218 6.852
266 17 1 34.751 7.530 33.384 6.888
267 17 1 34.988 7.589 33.372 6.876
268 17 1 35.047 7.589 33.561 6.817
269 17 1 35.118 7.553 33.537 6.864
270 17 1 35.142 7.553 33.608 6.840
271 17 1 35.248 7.553 33.644 6.900
272 17 1 35.047 7.577 33.762 6.828
273 17 1 35.177 7.577 33.692 6.923
274 17 1 35.307 7.577 33.668 6.923
275 17 1 35.438 7.565 33.704 6.947
276 17 1 35.438 7.589 33.775 6.923
277 17 1 35.639 7.553 33.740 6.983
278 17 1 35.615 7.589 33.893 6.923
279 17 1 35.438 7.624 33.999 6.923
280 17 1 35.497 7.624 34.082 6.900
281 17 1 35.568 7.589 34.213 6.959
282 17 1 35.710 7.624 34.271 6.899
283 17 1 35.543 7.505 34.414 7.018
284 17 1 35.994 7.600 34.367 6.959
285 17 1 36.147 7.564 34.295 6.899
286 17 1 36.148 7.588 34.342 6.888
287 17 1 36.042 7.636 34.413 6.876
288 17 1 36.054 7.648 34.461 6.911
289 17 1 36.207 7.636 34.568 6.935
214 17 1 31.836 7.483 30.707 6.972
216 17 1 32.263 7.555 30.647 6.841
219 17 1 32.310 7.400 30.683 6.865
