0 0 1 32.315 3.791 31.634 3.070
1 0 1 32.333 3.810 31.621 3.058
2 0 1 32.346 3.848 31.633 3.096
3 0 1 32.358 3.886 31.646 3.134
4 0 1 32.371 3.931 31.658 3.178
5 0 1 32.395 3.994 31.683 3.242
6 0 1 32.408 4.032 31.695 3.280
7 0 1 32.420 4.077 31.708 3.324
8 0 1 32.432 4.121 31.720 3.369
9 0 1 32.462 4.388 31.694 3.369
10 0 1 32.456 4.356 31.701 3.394
11 0 1 32.462 4.382 31.707 3.419
12 0 1 32.480 4.445 31.725 3.483
13 0 1 32.499 4.496 31.744 3.534
14 0 1 32.518 4.553 31.762 3.591
15 0 1 32.524 4.559 31.769 3.597
16 0 1 32.543 4.598 31.787 3.636
17 0 1 32.568 4.623 31.813 3.661
18 0 1 32.606 4.674 31.850 3.712
19 0 1 32.624 4.712 31.869 3.750
20 0 1 32.656 4.763 31.901 3.801
21 0 1 32.687 4.814 31.932 3.852
22 0 1 32.719 4.865 31.963 3.903
23 0 1 32.737 4.916 31.982 3.954
24 0 1 32.769 4.967 32.013 4.005
25 0 1 32.787 5.018 32.032 4.056
26 0 1 32.819 5.056 32.063 4.094
27 0 1 32.825 5.107 32.069 4.145
28 0 1 32.843 5.158 32.088 4.195
29 0 1 32.849 5.208 32.094 4.246
30 0 1 32.868 5.247 32.113 4.284
31 0 1 32.887 5.298 32.131 4.335
32 0 1 32.905 5.336 32.150 4.373
33 0 1 32.924 5.387 32.169 4.424
34 0 1 32.943 5.425 32.187 4.462
35 0 1 32.961 5.463 32.206 4.501
36 0 1 32.980 5.514 32.225 4.552
37 0 1 32.986 5.565 32.231 4.602
38 0 1 33.017 5.616 32.262 4.653
39 0 1 33.023 5.654 32.268 4.691
40 0 1 33.042 5.705 32.287 4.742
41 0 1 33.061 5.743 32.305 4.780
42 0 1 33.079 5.794 32.324 4.831
43 0 1 33.098 5.832 32.343 4.869
44 0 1 33.117 5.870 32.362 4.908
45 0 1 33.136 5.921 32.380 4.959
46 0 1 33.154 5.959 32.399 4.997
47 0 1 33.173 5.997 32.418 5.035
48 0 1 33.205 6.036 32.449 5.073
49 0 1 33.224 6.061 32.468 5.099
50 0 1 33.242 6.099 32.487 5.137
51 0 1 33.261 6.137 32.506 5.175
52 0 1 33.293 6.163 32.537 5.201
53 0 1 33.324 6.189 32.569 5.226
54 0 1 33.369 6.227 32.613 5.264
55 0 1 33.400 6.265 32.644 5.303
56 0 1 33.444 6.303 32.689 5.341
57 0 1 33.476 6.342 32.720 5.379
58 0 1 33.520 6.380 32.764 5.418
59 0 1 33.551 6.431 32.796 5.468
60 0 1 33.583 6.469 32.827 5.507
61 0 1 33.602 6.507 32.846 5.545
62 0 1 33.633 6.546 32.878 5.583
63 0 1 33.652 6.597 32.896 5.634
64 0 1 33.671 6.635 32.915 5.672
65 0 1 33.702 6.686 32.946 5.723
66 0 1 33.734 6.711 32.978 5.749
67 0 1 33.752 6.749 32.997 5.787
68 0 1 33.784 6.775 33.028 5.812
69 0 1 33.803 6.826 33.047 5.863
70 0 1 33.834 6.864 33.079 5.902
71 0 1 33.853 6.915 33.097 5.952
72 0 1 33.871 6.966 33.116 6.003
73 0 1 33.890 7.017 33.134 6.054
74 0 1 33.909 7.055 33.153 6.092
75 0 1 33.928 7.106 33.172 6.143
76 0 1 33.946 7.144 33.191 6.182
77 0 1 33.965 7.182 33.209 6.220
78 0 1 33.997 7.221 33.241 6.258
79 0 1 34.015 7.259 33.260 6.296
80 0 1 34.034 7.297 33.278 6.334
81 0 1 34.053 7.335 33.297 6.373
82 0 1 34.072 7.373 33.316 6.411
83 0 1 34.090 7.424 33.335 6.462
84 0 1 34.122 7.463 33.366 6.500
85 0 1 34.140 7.513 33.385 6.551
86 0 1 34.172 7.564 33.416 6.602
87 0 1 34.191 7.615 33.435 6.653
88 0 1 34.209 7.666 33.453 6.704
89 0 1 34.228 7.704 33.472 6.742
90 0 1 34.259 7.743 33.504 6.780
91 0 1 34.291 7.781 33.535 6.818
92 0 1 34.322 7.832 33.567 6.869
93 0 1 34.341 7.870 33.585 6.907
94 0 1 34.360 7.921 33.604 6.958
95 0 1 34.366 7.972 33.610 7.009
96 0 1 34.385 8.010 33.629 7.047
97 0 1 34.403 8.061 33.647 7.098
98 0 1 34.422 8.112 33.666 7.149
99 0 1 34.428 8.150 33.672 7.187
100 0 1 34.529 8.265 33.774 7.213
102 0 1 34.523 8.227 33.767 7.251
103 0 1 34.529 8.265 33.773 7.289
104 0 1 34.547 8.316 33.792 7.340
105 0 1 34.541 8.354 33.785 7.378
106 0 1 34.560 8.392 33.804 7.417
107 0 1 34.553 8.456 33.797 7.480
108 0 1 34.571 8.507 33.815 7.531
109 0 1 34.577 8.570 33.821 7.595
110 0 1 34.583 8.634 33.827 7.658
112 0 1 34.577 8.627 33.821 7.652
113 0 1 34.583 8.653 33.827 7.677
114 0 1 34.576 8.678 33.820 7.703
115 0 1 34.595 8.678 33.839 7.703
116 0 1 34.602 8.678 33.846 7.703
117 0 1 34.583 8.653 33.827 7.677
118 0 1 34.564 8.653 33.808 7.677
119 0 1 34.557 8.666 33.801 7.690
120 0 1 34.547 9.142 33.792 8.046
121 0 1 34.547 9.079 33.792 8.084
122 0 1 34.623 9.162 33.924 8.224
123 0 1 34.642 9.181 33.899 8.199
124 0 1 34.660 9.264 33.967 8.402
125 0 1 34.679 9.308 33.942 8.345
126 0 1 34.679 9.346 33.942 8.383
127 0 1 34.666 9.384 33.929 8.421
128 0 1 34.665 9.448 33.928 8.485
129 0 1 34.665 9.499 33.928 8.536
130 0 1 34.669 9.741 33.925 8.790
131 0 1 34.663 9.741 33.925 8.784
132 0 1 34.649 9.785 33.912 8.828
133 0 1 34.687 9.836 33.798 8.783
134 0 1 34.649 9.880 33.823 8.821
135 0 1 34.636 9.919 33.842 8.841
136 0 1 34.611 9.861 33.867 8.898
137 0 1 34.604 9.899 33.860 8.936
138 0 1 34.590 10.001 33.835 8.968
139 0 1 34.584 9.963 33.841 9.000
140 0 1 34.577 10.027 33.834 9.063
141 0 1 34.570 10.103 33.827 9.139
142 0 1 34.576 10.128 33.833 9.165
143 0 1 34.557 10.141 33.814 9.177
144 0 1 34.563 10.179 33.820 9.216
145 0 1 34.544 10.230 33.800 9.266
146 0 1 34.549 10.338 33.791 9.559
147 0 1 34.522 10.484 33.766 9.508
148 0 1 34.522 10.561 33.791 9.534
149 0 1 34.534 10.650 33.734 9.533
150 0 1 34.503 10.567 33.765 9.610
151 0 1 34.476 10.682 33.753 9.610
152 0 1 34.477 10.624 33.746 9.661
153 0 1 34.470 10.662 33.739 9.699
154 0 1 34.463 10.726 33.732 9.762
155 0 1 34.443 10.764 33.713 9.800
156 0 1 34.437 10.815 33.706 9.851
157 0 1 34.417 10.840 33.686 9.877
158 0 1 34.398 10.879 33.667 9.915
159 0 1 34.379 10.904 33.648 9.940
160 0 1 34.385 10.942 33.654 9.978
162 0 1 34.378 10.936 33.647 9.972
163 0 1 34.375 11.299 33.639 10.220
164 0 1 34.369 11.235 33.638 10.265
165 0 1 34.374 11.375 33.607 10.246
166 0 1 34.356 11.299 33.625 10.322
167 0 1 34.349 11.337 33.618 10.360
168 0 1 34.342 11.388 33.612 10.411
169 0 1 34.323 11.439 33.592 10.462
170 0 1 34.303 11.489 33.572 10.513
171 0 1 34.284 11.553 33.553 10.576
172 0 1 34.264 11.617 33.533 10.640
173 0 1 34.244 11.680 33.513 10.704
174 0 1 34.238 11.719 33.507 10.742
175 0 1 34.231 11.757 33.500 10.780
176 0 1 34.224 11.808 33.493 10.831
177 0 1 34.192 11.858 33.461 10.882
178 0 1 34.172 11.909 33.441 10.932
179 0 1 34.153 11.948 33.422 10.971
180 0 1 34.146 11.998 33.415 11.022
181 0 1 34.139 12.049 33.408 11.072
182 0 1 34.132 12.088 33.401 11.111
183 0 1 34.113 12.139 33.382 11.161
184 0 1 34.093 12.189 33.362 11.212
185 0 1 34.086 12.240 33.355 11.263
186 0 1 34.080 12.291 33.348 11.314
187 0 1 34.060 12.355 33.329 11.378
188 0 1 34.053 12.406 33.322 11.429
189 0 1 34.046 12.457 33.315 11.480
190 0 1 34.123 12.476 33.455 11.493
191 0 1 34.148 12.470 33.423 11.493
192 0 1 34.148 12.508 33.423 11.531
193 0 1 34.135 12.546 33.410 11.569
194 0 1 34.114 12.687 33.274 11.804
195 0 1 34.057 12.725 33.332 11.754
196 0 1 34.044 12.769 33.319 11.798
197 0 1 34.030 12.814 33.305 11.843
198 0 1 34.017 12.858 33.292 11.887
199 0 1 34.004 12.916 33.279 11.945
200 0 1 33.978 12.973 33.253 12.002
201 0 1 33.965 13.017 33.240 12.046
202 0 1 33.952 13.062 33.227 12.091
203 0 1 33.926 13.119 33.201 12.148
204 0 1 33.925 13.164 33.200 12.193
205 0 1 33.912 13.234 33.187 12.263
206 0 1 33.899 13.279 33.174 12.308
207 0 1 33.873 13.323 33.148 12.352
208 0 1 33.860 13.368 33.134 12.397
0 1 1 29.996 5.003 29.298 4.015
1 1 1 30.015 5.029 29.285 3.996
2 1 1 30.021 5.079 29.291 4.047
3 1 1 30.026 5.130 29.297 4.098
4 1 1 30.020 5.175 29.290 4.142
5 1 1 30.044 5.232 29.315 4.199
6 1 1 30.044 5.276 29.314 4.244
7 1 1 30.050 5.321 29.320 4.288
8 1 1 30.043 5.365 29.314 4.333
9 1 1 30.036 5.410 29.307 4.377
10 1 1 30.017 5.467 29.287 4.434
11 1 1 29.945 5.574 29.216 4.542
12 1 1 29.977 5.581 29.248 4.548
13 1 1 29.970 5.625 29.241 4.593
14 1 1 29.983 5.651 29.253 4.618
15 1 1 30.091 5.734 29.298 4.650
16 1 1 30.078 5.721 29.304 4.656
17 1 1 30.097 5.766 29.323 4.701
18 1 1 30.081 6.014 29.308 4.872
19 1 1 30.075 5.982 29.301 4.891
20 1 1 30.075 6.033 29.301 4.942
21 1 1 30.074 6.083 29.300 4.993
22 1 1 30.074 6.147 29.300 5.057
23 1 1 30.073 6.198 29.299 5.107
24 1 1 30.073 6.249 29.299 5.158
25 1 1 30.085 6.261 29.311 5.171
26 1 1 30.097 6.325 29.323 5.235
27 1 1 30.110 6.389 29.336 5.298
28 1 1 30.096 6.465 29.322 5.374
29 1 1 30.108 6.516 29.334 5.425
30 1 1 30.121 6.541 29.347 5.451
31 1 1 30.107 6.630 29.333 5.540
32 1 1 30.087 6.713 29.313 5.622
33 1 1 29.882 6.788 29.128 5.666
34 1 1 29.889 6.775 29.121 5.678
35 1 1 29.882 6.833 29.114 5.735
36 1 1 29.888 6.890 29.120 5.793
37 1 1 29.881 6.934 29.113 5.837
38 1 1 29.886 7.004 29.119 5.907
39 1 1 29.867 7.074 29.099 5.977
40 1 1 29.860 7.093 29.092 5.996
41 1 1 29.828 7.125 29.060 6.028
42 1 1 29.808 7.195 29.040 6.097
43 1 1 29.788 7.252 29.020 6.155
44 1 1 29.781 7.296 29.014 6.199
45 1 1 29.762 7.328 28.994 6.231
46 1 1 29.768 7.373 29.000 6.275
48 1 1 29.761 7.366 28.994 6.269
49 1 1 29.742 7.411 28.974 6.313
50 1 1 29.722 7.442 28.955 6.345
51 1 1 29.715 7.500 28.948 6.402
52 1 1 29.696 7.544 28.928 6.447
53 1 1 29.689 7.614 28.921 6.516
54 1 1 29.669 7.697 28.901 6.599
55 1 1 29.661 7.792 28.894 6.694
56 1 1 29.667 7.849 28.899 6.752
57 1 1 29.699 7.907 28.931 6.809
58 1 1 29.705 7.939 28.937 6.841
59 1 1 29.711 7.970 28.943 6.873
60 1 1 29.717 8.002 28.949 6.905
61 1 1 29.723 8.047 28.955 6.949
62 1 1 29.716 8.066 28.948 6.968
63 1 1 29.709 8.098 28.941 7.000
64 1 1 29.714 8.301 28.952 7.184
65 1 1 29.714 8.289 28.952 7.191
66 1 1 29.714 8.308 28.952 7.210
67 1 1 29.726 8.340 28.965 7.242
68 1 1 29.739 8.359 28.977 7.261
69 1 1 29.738 8.391 28.977 7.293
70 1 1 29.751 8.410 28.989 7.312
71 1 1 29.751 8.442 28.989 7.344
72 1 1 29.738 8.448 28.976 7.350
73 1 1 29.737 8.492 28.976 7.394
74 1 1 29.737 8.511 28.976 7.414
75 1 1 29.750 8.543 28.988 7.445
76 1 1 29.749 8.562 28.988 7.465
77 1 1 29.749 8.607 28.987 7.509
78 1 1 29.736 8.639 28.974 7.541
79 1 1 29.736 8.671 28.974 7.573
80 1 1 29.735 8.690 28.974 7.592
81 1 1 29.735 8.709 28.974 7.611
82 1 1 29.748 8.715 28.986 7.617
83 1 1 29.748 8.747 28.986 7.649
84 1 1 29.747 8.766 28.986 7.668
85 1 1 29.747 8.798 28.985 7.700
86 1 1 29.747 8.830 28.985 7.732
87 1 1 29.734 8.862 28.972 7.763
88 1 1 29.721 8.893 28.959 7.795
89 1 1 29.707 8.938 28.946 7.840
90 1 1 29.694 8.982 28.932 7.884
91 1 1 29.681 9.040 28.919 7.941
92 1 1 29.668 9.084 28.906 7.986
93 1 1 29.654 9.141 28.892 8.043
94 1 1 29.641 9.199 28.879 8.100
95 1 1 29.627 9.256 28.866 8.158
96 1 1 29.601 9.313 28.840 8.215
97 1 1 29.601 9.383 28.839 8.285
98 1 1 29.587 9.440 28.825 8.342
99 1 1 29.574 9.485 28.812 8.387
100 1 1 29.561 9.466 28.800 8.367
102 1 1 29.535 9.593 28.773 8.495
103 1 1 29.521 9.676 28.759 8.577
104 1 1 29.507 9.746 28.746 8.647
105 1 1 29.494 9.803 28.732 8.705
106 1 1 29.468 9.860 28.706 8.762
107 1 1 29.454 9.930 28.693 8.832
108 1 1 29.441 9.988 28.679 8.889
109 1 1 29.428 10.058 28.666 8.959
110 1 1 29.414 10.115 28.652 9.016
112 1 1 29.388 10.204 28.626 9.105
113 1 1 29.375 10.223 28.613 9.124
114 1 1 29.349 10.229 28.587 9.131
115 1 1 29.323 10.274 28.561 9.175
116 1 1 29.310 10.319 28.548 9.220
117 1 1 29.271 10.350 28.509 9.251
118 1 1 29.245 10.382 28.483 9.283
119 1 1 29.232 10.414 28.470 9.315
120 1 1 29.232 10.420 28.470 9.321
121 1 1 29.219 10.439 28.457 9.340
122 1 1 29.206 10.446 28.444 9.347
123 1 1 29.193 10.465 28.431 9.366
124 1 1 29.181 10.471 28.418 9.372
125 1 1 29.167 10.503 28.405 9.404
126 1 1 29.154 10.522 28.392 9.423
127 1 1 29.141 10.541 28.379 9.442
128 1 1 29.129 10.560 28.366 9.461
129 1 1 29.115 10.592 28.353 9.493
130 1 1 29.102 10.611 28.340 9.512
131 1 1 29.102 10.643 28.340 9.544
132 1 1 29.089 10.662 28.327 9.563
134 1 1 29.083 10.655 28.321 9.556
135 1 1 29.070 10.687 28.308 9.588
136 1 1 29.082 10.732 28.320 9.633
137 1 1 29.094 10.764 28.332 9.665
138 1 1 29.119 10.821 28.357 9.722
139 1 1 29.132 10.853 28.370 9.754
140 1 1 29.119 10.911 28.356 9.811
141 1 1 29.131 10.943 28.369 9.843
142 1 1 29.131 10.987 28.368 9.888
143 1 1 29.156 11.032 28.393 9.933
144 1 1 29.168 11.077 28.406 9.977
145 1 1 29.180 11.121 28.418 10.022
146 1 1 29.180 11.179 28.417 10.079
147 1 1 29.192 11.223 28.430 10.124
148 1 1 29.204 11.268 28.442 10.169
149 1 1 29.204 11.313 28.442 10.213
150 1 1 29.216 11.370 28.454 10.271
151 1 1 29.241 11.389 28.479 10.290
152 1 1 29.254 11.434 28.492 10.335
153 1 1 29.241 11.466 28.478 10.366
154 1 1 29.240 11.536 28.478 10.436
155 1 1 29.252 11.606 28.490 10.507
156 1 1 29.251 11.663 28.489 10.564
157 1 1 29.238 11.721 28.476 10.621
158 1 1 29.237 11.791 28.475 10.691
159 1 1 29.224 11.848 28.462 10.749
160 1 1 29.211 11.918 28.448 10.819
162 1 1 29.209 12.046 28.447 10.946
163 1 1 29.209 12.103 28.446 11.004
164 1 1 29.195 12.174 28.433 11.074
165 1 1 29.182 12.218 28.419 11.119
166 1 1 29.181 12.276 28.419 11.176
167 1 1 29.181 12.282 28.419 11.182
168 1 1 29.168 12.365 28.405 11.265
169 1 1 29.154 12.435 28.392 11.335
170 1 1 29.166 12.505 28.404 11.405
171 1 1 29.153 12.563 28.390 11.463
172 1 1 29.165 12.633 28.402 11.533
173 1 1 29.151 12.690 28.389 11.590
174 1 1 29.151 12.761 28.388 11.661
175 1 1 29.150 12.818 28.388 11.718
176 1 1 29.138 12.780 28.382 11.616
177 1 1 29.138 12.754 28.382 11.648
178 1 1 29.131 12.818 28.375 11.712
179 1 1 29.124 12.894 28.368 11.788
180 1 1 29.117 12.946 28.361 11.839
181 1 1 29.123 12.997 28.367 11.890
182 1 1 29.116 13.035 28.360 11.928
183 1 1 29.069 13.252 28.313 12.101
184 1 1 29.063 13.220 28.307 12.113
185 1 1 29.069 13.271 28.312 12.164
186 1 1 29.087 13.322 28.331 12.216
187 1 1 29.085 13.552 28.330 12.350
188 1 1 29.079 13.501 28.323 12.388
189 1 1 29.085 13.546 28.329 12.432
190 1 1 29.078 13.603 28.322 12.490
191 1 1 29.084 13.673 28.327 12.560
192 1 1 29.064 13.743 28.308 12.630
193 1 1 29.044 13.826 28.287 12.713
194 1 1 29.024 13.884 28.268 12.771
195 1 1 29.030 13.954 28.273 12.841
196 1 1 29.023 14.012 28.266 12.898
197 1 1 29.029 14.069 28.272 12.956
198 1 1 29.022 14.088 28.266 12.975
199 1 1 29.015 14.171 28.258 13.058
200 1 1 29.008 14.229 28.251 13.115
201 1 1 29.001 14.299 28.244 13.186
202 1 1 29.007 14.331 28.250 13.217
203 1 1 29.012 14.388 28.256 13.275
204 1 1 29.005 14.446 28.249 13.332
205 1 1 29.011 14.516 28.255 13.403
206 1 1 29.017 14.574 28.260 13.460
207 1 1 29.023 14.657 28.266 13.543
208 1 1 29.028 14.714 28.272 13.601
101 1 1 29.548 9.523 28.786 8.425
111 1 1 29.401 10.172 28.639 9.074
161 1 1 29.223 11.976 28.460 10.876
0 2 2 43.436 9.084 41.696 8.410
1 2 2 43.480 9.103 41.658 8.397
2 2 2 43.423 9.096 41.601 8.391
3 2 2 43.353 9.090 41.532 8.384
4 2 2 43.296 9.083 41.475 8.378
5 2 2 43.239 9.076 41.418 8.371
6 2 2 43.170 9.070 41.348 8.364
7 2 2 43.100 9.063 41.278 8.358
8 2 2 43.030 9.057 41.208 8.351
9 2 2 42.745 9.074 40.834 8.330
10 2 2 42.739 9.068 40.847 8.337
11 2 2 42.663 9.061 40.771 8.330
12 2 2 42.460 9.054 40.581 8.304
13 2 2 42.466 9.048 40.581 8.310
14 2 2 42.384 9.048 40.498 8.310
15 2 2 42.238 9.066 40.301 8.284
16 2 2 42.219 9.047 40.320 8.297
17 2 2 42.124 9.046 40.225 8.296
18 2 2 42.029 9.046 40.130 8.296
19 2 2 41.921 9.046 40.022 8.295
20 2 2 41.826 9.045 39.927 8.295
21 2 2 41.718 9.045 39.819 8.294
22 2 2 41.622 9.057 39.724 8.307
23 2 2 41.515 9.057 39.616 8.306
24 2 2 41.419 9.056 39.520 8.306
25 2 2 41.210 9.132 39.311 8.337
26 2 2 41.210 9.113 39.310 8.356
27 2 2 41.114 9.118 39.215 8.362
28 2 2 40.861 9.111 38.980 8.354
29 2 2 40.867 9.111 38.974 8.354
30 2 2 40.765 9.117 38.872 8.360
31 2 2 40.651 9.123 38.758 8.366
32 2 2 40.537 9.129 38.643 8.372
33 2 2 40.423 9.135 38.529 8.378
34 2 2 40.295 9.153 38.402 8.396
35 2 2 40.181 9.159 38.287 8.402
36 2 2 40.054 9.165 38.160 8.408
37 2 2 39.940 9.171 38.046 8.414
38 2 2 39.806 9.189 37.912 8.432
39 2 2 39.672 9.335 37.810 8.489
40 2 2 39.685 9.290 37.797 8.521
41 2 2 39.558 9.309 37.670 8.539
42 2 2 39.456 9.315 37.568 8.545
43 2 2 39.335 9.333 37.447 8.563
44 2 2 39.208 9.352 37.320 8.582
45 2 2 39.093 9.383 37.205 8.613
46 2 2 38.985 9.402 37.097 8.632
47 2 2 38.680 9.458 36.855 8.682
48 2 2 38.705 9.452 36.829 8.682
49 2 2 38.380 9.590 36.574 8.782
50 2 2 38.419 9.546 36.504 8.826
51 2 2 38.393 9.565 36.529 8.801
52 2 2 38.107 9.589 36.230 8.774
53 2 2 38.101 9.563 36.237 8.800
54 2 2 37.814 9.594 35.938 8.798
55 2 2 37.808 9.575 35.944 8.811
56 2 2 37.694 9.587 35.829 8.823
57 2 2 37.579 9.612 35.714 8.848
58 2 2 37.471 9.625 35.606 8.861
59 2 2 37.343 9.637 35.479 8.873
60 2 2 37.254 9.649 35.389 8.885
61 2 2 37.146 9.674 35.281 8.910
62 2 2 37.031 9.686 35.166 8.922
63 2 2 36.897 9.788 35.063 9.049
64 2 2 36.910 9.788 35.051 9.030
65 2 2 36.801 9.787 34.943 9.030
66 2 2 36.674 9.818 34.923 9.099
67 2 2 36.725 9.831 34.872 9.080
68 2 2 36.623 9.837 34.770 9.086
69 2 2 36.546 9.856 34.694 9.105
70 2 2 36.438 9.868 34.585 9.117
71 2 2 36.349 9.881 34.496 9.129
72 2 2 36.260 9.893 34.407 9.142
73 2 2 36.177 9.906 34.324 9.154
74 2 2 36.081 9.899 34.228 9.147
75 2 2 35.782 9.904 33.884 9.121
76 2 2 35.763 9.885 33.910 9.133
77 2 2 35.680 9.910 33.827 9.158
78 2 2 35.610 9.897 33.757 9.145
79 2 2 35.540 9.897 33.687 9.145
80 2 2 35.457 9.909 33.711 9.234
81 2 2 35.508 9.947 33.661 9.202
82 2 2 35.431 9.953 33.584 9.208
83 2 2 35.387 9.947 33.539 9.202
84 2 2 35.113 9.946 33.233 9.207
85 2 2 35.100 9.946 33.253 9.207
86 2 2 35.043 9.946 33.195 9.207
87 2 2 34.871 9.970 33.004 9.200
88 2 2 34.865 9.951 33.017 9.212
89 2 2 34.807 9.964 32.959 9.225
90 2 2 34.724 9.976 32.876 9.237
91 2 2 34.648 9.976 32.800 9.237
92 2 2 34.578 9.988 32.729 9.249
93 2 2 34.495 10.001 32.646 9.262
94 2 2 34.405 10.013 32.557 9.274
95 2 2 34.335 10.026 32.487 9.287
96 2 2 34.252 10.025 32.404 9.286
97 2 2 34.163 10.038 32.314 9.299
98 2 2 34.080 10.063 32.231 9.324
99 2 2 33.997 10.088 32.148 9.349
100 2 2 33.908 10.100 32.059 9.361
102 2 2 33.729 10.125 31.880 9.386
103 2 2 33.639 10.137 31.790 9.398
104 2 2 33.576 10.150 31.726 9.411
105 2 2 33.486 10.162 31.637 9.423
106 2 2 33.422 10.188 31.573 9.448
107 2 2 33.326 10.213 31.477 9.473
108 2 2 33.243 10.238 31.394 9.499
109 2 2 33.154 10.276 31.304 9.536
110 2 2 33.077 10.301 31.227 9.562
112 2 2 32.923 10.364 31.073 9.625
113 2 2 32.846 10.402 30.996 9.663
114 2 2 32.769 10.440 30.919 9.700
115 2 2 32.692 10.490 30.842 9.751
116 2 2 32.616 10.528 30.765 9.789
117 2 2 32.539 10.566 30.688 9.827
118 2 2 32.462 10.617 30.611 9.878
119 2 2 32.385 10.668 30.534 9.928
120 2 2 32.295 10.718 30.444 9.979
121 2 2 32.205 10.769 30.354 10.029
122 2 2 32.141 10.820 30.290 10.080
123 2 2 32.051 10.857 30.200 10.118
124 2 2 31.987 10.895 30.136 10.156
125 2 2 31.897 10.959 30.046 10.219
126 2 2 31.820 11.009 29.969 10.270
127 2 2 31.743 11.060 29.891 10.321
128 2 2 31.666 11.111 29.814 10.371
129 2 2 31.588 11.174 29.737 10.435
130 2 2 31.511 11.238 29.660 10.498
131 2 2 31.421 11.288 29.570 10.549
132 2 2 31.331 11.352 29.480 10.612
133 2 2 31.254 11.415 29.402 10.676
134 2 2 31.164 11.453 29.312 10.714
135 2 2 31.074 11.517 29.222 10.777
136 2 2 30.997 11.567 29.145 10.828
137 2 2 30.920 11.618 29.068 10.879
138 2 2 30.817 11.669 28.965 10.929
139 2 2 30.715 11.719 28.862 10.980
140 2 2 30.612 11.757 28.759 11.018
141 2 2 30.522 11.795 28.669 11.056
142 2 2 30.407 11.820 28.554 11.081
143 2 2 30.317 11.858 28.464 11.119
144 2 2 30.202 11.896 28.349 11.157
145 2 2 30.112 11.921 28.259 11.182
146 2 2 29.997 11.947 28.143 11.207
147 2 2 29.907 11.972 28.054 11.232
148 2 2 29.779 11.984 27.925 11.244
149 2 2 29.668 12.252 27.956 11.398
150 2 2 29.732 12.188 27.891 11.448
151 2 2 29.630 12.213 27.789 11.474
152 2 2 29.527 12.226 27.686 11.486
153 2 2 29.399 12.225 27.558 11.485
154 2 2 29.284 12.225 27.443 11.485
155 2 2 29.182 12.225 27.341 11.485
156 2 2 29.080 12.212 27.238 11.472
157 2 2 28.964 12.211 27.123 11.471
158 2 2 28.638 12.197 26.758 11.464
159 2 2 28.626 12.197 26.784 11.464
160 2 2 28.511 12.191 26.669 11.457
162 2 2 28.293 12.152 26.451 11.418
163 2 2 28.179 12.119 26.336 11.386
164 2 2 28.064 12.100 26.221 11.366
165 2 2 27.961 12.080 26.119 11.347
166 2 2 27.846 12.061 26.004 11.327
167 2 2 27.732 12.028 25.889 11.295
168 2 2 27.497 11.862 25.809 11.026
169 2 2 27.567 11.817 25.738 11.084
170 2 2 27.465 11.798 25.635 11.064
171 2 2 27.350 11.766 25.521 11.032
172 2 2 27.248 11.721 25.419 10.987
173 2 2 26.916 11.694 25.203 10.788
174 2 2 26.974 11.611 25.151 10.871
175 2 2 26.879 11.573 25.055 10.832
176 2 2 26.770 11.534 24.947 10.793
177 2 2 26.662 11.482 24.838 10.742
178 2 2 26.566 11.431 24.743 10.691
179 2 2 26.458 11.380 24.634 10.639
180 2 2 26.350 11.328 24.526 10.588
181 2 2 26.242 11.277 24.418 10.536
182 2 2 26.146 11.225 24.322 10.485
183 2 2 26.038 11.161 24.214 10.421
184 2 2 25.930 11.110 24.106 10.369
185 2 2 25.821 11.046 23.997 10.305
186 2 2 25.726 10.994 23.902 10.254
187 2 2 25.605 10.943 23.781 10.202
188 2 2 25.509 10.878 23.685 10.138
189 2 2 25.401 10.814 23.577 10.074
190 2 2 25.306 10.763 23.481 10.022
191 2 2 25.198 10.699 23.373 9.958
192 2 2 24.923 10.583 23.403 9.588
193 2 2 25.066 10.462 23.254 9.715
194 2 2 24.970 10.417 23.159 9.670
195 2 2 24.875 10.359 23.063 9.612
196 2 2 24.779 10.301 22.968 9.554
197 2 2 24.671 10.244 22.859 9.496
198 2 2 24.563 10.186 22.751 9.439
199 2 2 24.467 10.141 22.655 9.393
200 2 2 24.359 10.083 22.547 9.336
201 2 2 24.251 10.025 22.439 9.278
202 2 2 24.155 9.967 22.343 9.220
203 2 2 24.047 9.922 22.235 9.175
204 2 2 23.951 9.864 22.139 9.117
205 2 2 23.843 9.819 22.031 9.072
206 2 2 23.734 9.761 21.922 9.014
207 2 2 23.626 9.716 21.814 8.969
208 2 2 23.530 9.671 21.718 8.924
101 2 2 33.812 10.113 31.963 9.374
111 2 2 33.000 10.326 31.150 9.587
161 2 2 28.408 12.171 26.566 11.437
