2 0 1 33.463 4.283 32.912 3.723
3 0 1 33.482 4.302 32.906 3.717
4 0 1 33.482 4.308 32.906 3.723
5 0 1 33.482 4.340 32.906 3.754
6 0 1 33.482 4.352 32.906 3.766
7 0 1 33.475 4.377 32.899 3.791
8 0 1 33.494 4.390 32.918 3.804
9 0 1 33.507 4.402 32.931 3.816
10 0 1 33.494 4.408 32.918 3.823
11 0 1 33.507 4.427 32.931 3.841
12 0 1 33.494 4.433 32.918 3.848
13 0 1 33.500 4.452 32.924 3.866
14 0 1 33.488 4.464 32.912 3.879
15 0 1 33.488 4.464 32.912 3.879
17 0 1 33.494 4.471 32.918 3.885
18 0 1 33.506 4.508 32.930 3.922
19 0 1 33.494 4.533 32.918 3.947
20 0 1 33.481 4.521 32.905 3.935
21 0 1 33.469 4.558 32.893 3.972
23 0 1 33.475 4.564 32.899 3.979
24 0 1 33.475 4.589 32.899 4.004
25 0 1 33.475 4.614 32.899 4.029
26 0 1 33.475 4.639 32.899 4.054
27 0 1 33.475 4.652 32.899 4.066
28 0 1 33.462 4.677 32.886 4.091
29 0 1 33.914 4.907 33.055 4.259
30 0 1 33.900 5.163 33.149 4.147
31 0 1 33.907 5.188 33.131 4.159
32 0 1 33.932 5.194 33.086 4.234
33 0 1 33.957 5.225 33.061 4.328
34 0 1 33.944 5.169 33.111 4.409
35 0 1 34.032 5.157 32.979 4.478
36 0 1 34.020 5.194 32.973 4.528
37 0 1 33.894 5.232 33.105 4.490
38 0 1 33.894 5.263 33.105 4.521
39 0 1 33.900 5.300 33.111 4.559
40 0 1 33.887 5.332 33.098 4.590
41 0 1 33.906 5.350 33.117 4.609
42 0 1 33.869 5.388 33.079 4.646
43 0 1 33.856 5.419 33.067 4.677
44 0 1 33.856 5.450 33.066 4.709
45 0 1 33.849 5.488 33.060 4.746
46 0 1 33.837 5.532 33.047 4.790
47 0 1 33.843 5.563 33.054 4.821
48 0 1 33.818 5.600 33.028 4.859
49 0 1 33.793 5.632 33.003 4.890
50 0 1 33.774 5.663 32.984 4.921
51 0 1 33.736 5.788 32.839 5.065
52 0 1 33.717 5.782 32.927 5.046
53 0 1 33.711 5.807 32.921 5.071
54 0 1 33.698 5.838 32.908 5.102
55 0 1 33.773 5.794 32.707 5.340
56 0 1 33.648 5.919 32.852 5.196
57 0 1 33.654 5.951 32.858 5.227
58 0 1 33.723 6.044 32.770 5.359
59 0 1 33.704 6.138 32.820 5.396
60 0 1 33.666 6.126 32.864 5.409
61 0 1 33.672 6.294 32.763 5.346
62 0 1 33.678 6.351 32.782 5.421
63 0 1 33.697 6.357 32.801 5.434
64 0 1 33.690 6.376 32.801 5.446
65 0 1 33.703 6.401 32.813 5.465
66 0 1 33.709 6.413 32.820 5.490
67 0 1 33.709 6.432 32.826 5.490
68 0 1 33.715 6.432 32.832 5.496
69 0 1 33.703 6.432 32.838 5.515
70 0 1 33.709 6.401 32.851 5.634
71 0 1 33.715 6.432 32.913 5.683
72 0 1 33.766 6.413 32.926 5.771
73 0 1 33.797 6.419 32.844 5.802
74 0 1 33.829 6.425 32.781 5.827
75 0 1 33.822 6.469 32.781 5.846
76 0 1 33.835 6.513 32.737 5.902
77 0 1 33.803 6.613 32.799 5.952
78 0 1 33.778 6.682 32.812 6.040
79 0 1 33.746 6.801 32.887 6.058
80 0 1 33.752 6.907 32.887 6.015
81 0 1 33.765 6.919 32.900 6.008
82 0 1 33.783 6.932 32.931 6.021
83 0 1 33.777 6.944 32.944 6.021
84 0 1 33.771 6.976 32.969 6.027
85 0 1 33.752 7.001 33.038 6.021
86 0 1 33.752 7.001 32.988 6.039
87 0 1 33.739 7.020 32.988 6.064
88 0 1 33.752 7.026 32.988 6.102
89 0 1 33.783 6.976 33.056 6.239
90 0 1 33.796 6.976 32.974 6.296
91 0 1 33.796 6.994 32.974 6.358
92 0 1 33.827 7.007 32.987 6.427
93 0 1 33.833 7.013 32.955 6.483
94 0 1 33.871 7.032 32.986 6.515
95 0 1 33.877 7.119 33.005 6.577
96 0 1 33.883 7.169 33.030 6.565
97 0 1 33.852 7.251 32.986 6.608
98 0 1 33.833 7.326 32.936 6.640
99 0 1 33.877 7.420 32.911 6.571
100 0 1 33.902 7.445 32.936 6.583
101 0 1 33.927 7.482 32.955 6.602
102 0 1 33.933 7.507 33.005 6.602
103 0 1 33.971 7.501 32.999 6.608
104 0 1 34.015 7.519 32.955 6.652
105 0 1 34.071 7.526 32.886 6.665
106 0 1 34.015 7.526 32.879 6.677
107 0 1 33.971 7.526 33.130 6.858
108 0 1 34.140 7.563 32.847 6.815
109 0 1 33.989 7.607 33.149 6.990
110 0 1 33.995 7.651 33.174 7.083
111 0 1 34.077 7.626 33.199 7.133
112 0 1 34.121 7.663 33.148 7.165
113 0 1 34.102 7.720 33.117 7.177
114 0 1 34.114 7.857 33.211 7.233
115 0 1 34.089 7.957 33.280 7.252
116 0 1 34.152 8.101 33.180 7.190
117 0 1 34.151 8.151 33.224 7.177
118 0 1 34.158 8.164 33.261 7.183
119 0 1 34.177 8.195 33.267 7.202
120 0 1 34.170 8.226 33.286 7.246
121 0 1 34.151 8.233 33.330 7.252
122 0 1 34.089 7.926 33.305 7.296
123 0 1 34.095 8.220 33.437 7.396
124 0 1 34.114 8.239 33.405 7.452
125 0 1 34.139 8.283 33.418 7.502
126 0 1 34.151 8.264 33.499 7.602
127 0 1 34.157 8.270 33.367 7.671
128 0 1 34.220 8.295 33.354 7.759
129 0 1 34.176 8.333 33.417 7.715
130 0 1 34.270 8.408 33.329 7.903
131 0 1 34.207 8.546 33.335 7.890
132 0 1 34.188 8.727 33.486 7.915
133 0 1 34.182 8.777 33.580 7.927
134 0 1 34.200 8.890 33.511 7.865
135 0 1 34.225 8.934 33.524 7.877
136 0 1 34.238 8.953 33.486 7.896
137 0 1 34.231 8.978 33.549 7.921
138 0 1 34.225 8.978 33.511 7.971
139 0 1 34.206 8.978 33.442 7.990
140 0 1 34.226 8.633 33.473 8.021
141 0 1 34.245 8.702 33.492 8.090
142 0 1 34.257 8.752 33.504 8.140
143 0 1 34.282 8.765 33.529 8.153
144 0 1 34.263 8.783 33.510 8.171
145 0 1 34.281 9.178 33.547 8.447
147 0 1 34.294 9.109 33.547 8.497
148 0 1 34.294 9.140 33.547 8.528
149 0 1 34.288 9.165 33.541 8.553
150 0 1 34.281 9.197 33.534 8.585
151 0 1 34.269 9.209 33.522 8.597
152 0 1 34.217 9.660 33.465 8.679
154 0 1 34.275 9.234 33.528 8.622
155 0 1 34.275 9.278 33.528 8.666
156 0 1 34.066 9.698 33.502 8.848
157 0 1 34.262 9.347 33.515 8.735
158 0 1 34.237 9.429 33.490 8.816
160 0 1 34.237 9.429 33.490 8.816
161 0 1 34.192 9.911 33.401 9.136
162 0 1 34.186 9.817 33.439 9.205
163 0 1 34.179 9.855 33.432 9.242
164 0 1 34.154 9.899 33.407 9.286
165 0 1 34.148 9.936 33.401 9.324
166 0 1 34.065 10.513 33.400 9.431
167 0 1 34.135 9.999 33.388 9.387
168 0 1 34.116 10.024 33.369 9.412
169 0 1 34.097 10.062 33.350 9.449
170 0 1 34.072 10.106 33.325 9.493
171 0 1 34.053 10.156 33.306 9.544
172 0 1 33.920 10.601 33.274 9.788
173 0 1 33.932 10.620 33.248 9.863
174 0 1 33.932 10.576 33.236 9.957
175 0 1 33.882 10.614 33.223 10.083
176 0 1 33.901 10.689 33.147 10.233
177 0 1 33.901 10.752 33.134 10.265
178 0 1 33.913 10.871 33.115 10.240
179 0 1 33.856 10.991 33.159 10.284
180 0 1 33.831 11.085 33.140 10.321
181 0 1 33.830 11.204 33.147 10.246
182 0 1 33.899 11.248 33.084 10.271
183 0 1 33.893 11.292 33.059 10.277
184 0 1 33.899 11.323 33.040 10.296
185 0 1 33.868 11.354 33.103 10.296
186 0 1 33.748 11.392 33.146 10.353
187 0 1 33.875 11.016 33.165 10.421
188 0 1 33.849 11.078 33.140 10.484
189 0 1 33.830 11.135 33.121 10.541
190 0 1 33.710 11.562 33.020 10.767
192 0 1 33.754 11.574 33.057 11.005
193 0 1 33.754 11.581 33.050 10.992
194 0 1 33.735 11.694 33.000 10.980
195 0 1 33.690 11.869 33.013 11.005
196 0 1 33.690 11.995 32.918 10.987
197 0 1 33.729 11.643 33.031 11.055
198 0 1 33.703 11.687 33.006 11.099
199 0 1 33.646 12.083 32.906 11.024
200 0 1 33.684 11.731 32.987 11.143
201 0 1 33.595 12.158 32.924 11.056
202 0 1 33.672 11.788 32.974 11.200
203 0 1 33.653 11.819 32.955 11.231
204 0 1 33.659 11.888 32.962 11.300
205 0 1 33.640 11.920 32.943 11.332
206 0 1 33.494 12.272 32.848 11.564
207 0 1 33.564 12.265 32.778 11.752
208 0 1 33.563 12.341 32.771 11.822
209 0 1 33.551 12.403 32.639 11.784
210 0 1 33.506 12.517 32.683 11.803
211 0 1 33.437 12.624 32.734 11.828
212 0 1 33.449 12.755 32.734 11.778
213 0 1 33.443 12.837 32.671 11.809
214 0 1 33.436 12.869 32.690 11.797
215 0 1 33.417 12.900 32.645 11.809
216 0 1 33.456 12.523 32.765 11.947
217 0 1 33.392 12.969 32.652 11.866
218 0 1 33.449 12.573 32.758 11.997
219 0 1 33.424 12.642 32.733 12.066
220 0 1 33.373 12.963 32.670 12.211
221 0 1 33.348 13.001 32.663 12.261
222 0 1 33.348 13.032 32.593 12.412
223 0 1 33.404 13.063 32.536 12.544
224 0 1 33.354 13.170 32.568 12.519
225 0 1 33.303 13.214 32.555 12.513
226 0 1 33.259 13.372 32.618 12.531
227 0 1 33.252 13.529 32.543 12.475
228 0 1 33.284 13.158 32.599 12.588
229 0 1 33.265 13.189 32.580 12.620
230 0 1 33.226 13.642 32.555 12.519
231 0 1 33.220 13.655 32.423 12.614
232 0 1 33.265 13.240 32.580 12.670
233 0 1 33.240 13.277 32.555 12.708
234 0 1 33.221 13.347 32.536 12.777
235 0 1 33.227 13.416 32.542 12.846
236 0 1 33.214 13.504 32.529 12.934
237 0 1 33.220 13.541 32.535 12.971
238 0 1 33.137 14.032 32.610 13.153
240 0 1 33.201 13.592 32.516 13.022
241 0 1 33.208 13.598 32.523 13.028
242 0 1 33.220 13.598 32.535 13.028
243 0 1 33.093 14.221 32.339 13.324
244 0 1 33.233 13.579 32.548 13.009
245 0 1 33.208 13.617 32.522 13.047
246 0 1 33.220 13.604 32.535 13.034
247 0 1 33.214 13.623 32.529 13.053
248 0 1 33.182 13.642 32.497 13.072
249 0 1 32.985 14.473 32.446 13.386
250 0 1 33.144 13.686 32.459 13.116
251 0 1 33.144 13.692 32.459 13.122
252 0 1 33.048 14.642 32.445 13.594
253 0 1 33.157 13.686 32.472 13.116
254 0 1 33.163 13.680 32.478 13.110
255 0 1 33.170 13.692 32.484 13.122
256 0 1 33.157 13.686 32.472 13.116
257 0 1 33.163 13.692 32.478 13.122
258 0 1 33.157 13.686 32.472 13.116
259 0 1 33.157 13.686 32.472 13.116
260 0 1 33.151 13.692 32.466 13.122
261 0 1 32.762 15.304 32.185 14.381
262 0 1 32.781 15.329 32.179 14.362
263 0 1 32.768 15.373 32.166 14.406
264 0 1 32.756 15.442 32.153 14.475
265 0 1 32.743 15.486 32.140 14.525
266 0 1 32.724 15.518 32.121 14.576
267 0 1 32.730 15.468 31.888 14.715
268 0 1 32.768 15.505 31.887 14.778
269 0 1 32.699 15.493 31.957 14.683
270 0 1 32.724 15.524 31.982 14.721
271 0 1 32.768 15.461 31.748 14.954
272 0 1 32.737 15.455 31.673 14.961
273 0 1 32.648 15.436 31.767 14.967
274 0 1 32.655 15.480 31.786 14.853
275 0 1 32.636 15.480 31.767 14.860
276 0 1 32.648 15.487 31.780 14.872
277 0 1 32.623 15.493 31.755 14.885
2 1 1 31.191 3.913 30.722 3.421
3 1 1 31.204 3.925 30.716 3.414
4 1 1 31.210 3.938 30.722 3.427
5 1 1 31.216 3.950 30.728 3.439
6 1 1 31.229 3.957 30.741 3.446
7 1 1 31.235 3.957 30.747 3.446
8 1 1 31.229 3.963 30.741 3.452
10 1 1 31.235 3.969 30.747 3.458
11 1 1 31.235 3.988 30.747 3.477
12 1 1 31.235 4.006 30.747 3.496
13 1 1 31.229 4.044 30.740 3.533
15 1 1 31.235 4.050 30.747 3.539
16 1 1 31.235 4.069 30.747 3.558
17 1 1 31.228 4.088 30.740 3.577
18 1 1 31.222 4.119 30.734 3.608
20 1 1 31.228 4.119 30.740 3.608
21 1 1 31.228 4.150 30.740 3.639
22 1 1 31.228 4.181 30.740 3.670
23 1 1 31.222 4.212 30.734 3.701
24 1 1 31.222 4.237 30.734 3.726
25 1 1 31.222 4.275 30.733 3.764
26 1 1 31.221 4.300 30.733 3.789
27 1 1 31.215 4.337 30.727 3.826
29 1 1 31.485 4.412 30.652 3.702
30 1 1 31.397 4.368 30.752 3.764
31 1 1 31.384 4.406 30.740 3.801
32 1 1 31.391 4.431 30.746 3.826
33 1 1 31.378 4.468 30.733 3.864
34 1 1 31.597 4.830 30.746 3.795
35 1 1 31.628 4.836 30.721 3.808
36 1 1 31.622 4.842 30.733 3.882
37 1 1 31.596 4.880 30.771 3.926
38 1 1 31.622 4.880 30.739 3.945
39 1 1 31.691 4.886 30.619 4.039
40 1 1 31.540 4.843 30.783 4.076
41 1 1 31.666 4.849 30.700 4.245
42 1 1 31.697 4.836 30.650 4.257
43 1 1 31.703 4.899 30.631 4.288
44 1 1 31.703 5.017 30.543 4.282
45 1 1 31.652 5.155 30.562 4.332
46 1 1 31.583 5.274 30.662 4.357
47 1 1 31.576 5.342 30.574 4.407
48 1 1 31.595 5.367 30.637 4.488
49 1 1 31.607 5.398 30.630 4.532
50 1 1 31.595 5.423 30.630 4.551
51 1 1 31.620 5.505 30.605 4.582
52 1 1 31.639 5.511 30.599 4.582
53 1 1 31.545 5.436 30.712 4.669
54 1 1 31.538 5.474 30.705 4.707
55 1 1 31.532 5.505 30.699 4.738
56 1 1 31.525 5.549 30.692 4.782
57 1 1 31.513 5.574 30.680 4.807
58 1 1 31.506 5.561 30.523 4.682
59 1 1 31.531 5.592 30.472 4.776
60 1 1 31.475 5.611 30.535 4.919
61 1 1 31.431 5.617 30.484 4.994
62 1 1 31.387 5.599 30.446 5.026
63 1 1 31.431 5.630 30.440 5.069
64 1 1 31.437 5.730 30.553 5.113
65 1 1 31.374 5.843 30.565 5.138
66 1 1 31.405 5.993 30.534 5.113
67 1 1 31.323 6.024 30.590 5.250
68 1 1 31.354 6.161 30.540 5.200
69 1 1 31.360 6.199 30.508 5.244
70 1 1 31.391 6.211 30.565 5.244
71 1 1 31.397 6.268 30.546 5.275
72 1 1 31.416 6.305 30.552 5.263
73 1 1 31.429 6.318 30.584 5.275
74 1 1 31.466 6.324 30.534 5.269
75 1 1 31.473 6.311 30.603 5.294
76 1 1 31.510 6.311 30.483 5.326
77 1 1 31.435 6.299 30.652 5.513
78 1 1 31.479 6.311 30.664 5.563
79 1 1 31.517 6.330 30.652 5.619
80 1 1 31.529 6.342 30.570 5.713
81 1 1 31.472 6.418 30.658 5.663
82 1 1 31.535 6.399 30.550 5.825
83 1 1 31.510 6.511 30.582 5.857
84 1 1 31.528 6.661 30.488 5.819
85 1 1 31.540 6.793 30.569 5.888
86 1 1 31.471 6.893 30.613 5.869
87 1 1 31.464 6.955 30.676 5.906
88 1 1 31.470 7.012 30.682 5.894
89 1 1 31.483 7.056 30.688 5.913
90 1 1 31.483 7.099 30.713 5.925
91 1 1 31.458 7.131 30.682 5.956
92 1 1 31.470 7.149 30.669 5.975
93 1 1 31.457 7.143 30.644 6.000
94 1 1 31.470 7.143 30.656 6.050
95 1 1 31.508 7.124 30.581 6.094
96 1 1 31.508 7.124 30.662 6.144
97 1 1 31.533 7.137 30.668 6.250
98 1 1 31.495 7.131 30.643 6.407
99 1 1 31.527 7.137 30.655 6.475
100 1 1 31.571 7.149 30.636 6.582
101 1 1 31.577 7.130 30.642 6.601
102 1 1 31.583 7.168 30.673 6.626
103 1 1 31.595 7.249 30.636 6.663
104 1 1 31.564 7.356 30.679 6.719
105 1 1 31.607 7.468 30.591 6.676
106 1 1 31.601 7.543 30.598 6.701
107 1 1 31.507 7.531 30.723 6.801
108 1 1 31.557 7.612 30.635 6.757
109 1 1 31.550 7.662 30.660 6.769
110 1 1 31.563 7.637 30.641 6.757
111 1 1 31.550 7.687 30.729 6.769
112 1 1 31.581 7.725 30.736 6.788
113 1 1 31.581 7.731 30.761 6.788
114 1 1 31.581 7.756 30.755 6.788
115 1 1 31.581 7.781 30.761 6.857
116 1 1 31.669 7.775 30.672 6.901
117 1 1 31.713 7.781 30.609 6.945
118 1 1 31.632 7.725 30.722 7.070
119 1 1 31.657 7.737 30.697 7.113
120 1 1 31.663 7.762 30.697 7.145
121 1 1 31.594 7.794 30.791 7.113
122 1 1 31.688 7.800 30.621 7.232
123 1 1 31.594 7.819 30.791 7.138
124 1 1 31.594 7.838 30.791 7.157
125 1 1 31.594 7.856 30.791 7.176
126 1 1 31.600 7.869 30.797 7.188
127 1 1 31.600 7.888 30.797 7.207
128 1 1 31.600 7.894 30.797 7.213
129 1 1 31.593 7.931 30.791 7.251
130 1 1 31.593 7.950 30.791 7.270
131 1 1 31.581 7.969 30.778 7.288
132 1 1 31.599 7.981 30.797 7.301
133 1 1 31.587 8.013 30.784 7.332
134 1 1 31.587 8.019 30.784 7.339
135 1 1 31.568 8.057 30.765 7.376
136 1 1 31.555 8.075 30.752 7.395
137 1 1 31.561 8.107 30.759 7.426
138 1 1 31.549 8.119 30.746 7.439
139 1 1 31.536 8.151 30.733 7.470
140 1 1 31.536 8.169 30.733 7.489
141 1 1 31.517 8.207 30.714 7.526
142 1 1 31.492 8.226 30.689 7.545
143 1 1 31.485 8.257 30.683 7.577
144 1 1 31.479 8.282 30.676 7.602
145 1 1 31.479 8.326 30.676 7.645
146 1 1 31.466 8.345 30.664 7.664
147 1 1 31.460 8.382 30.657 7.702
148 1 1 31.460 8.414 30.657 7.733
149 1 1 31.460 8.445 30.657 7.764
150 1 1 31.453 8.458 30.651 7.777
151 1 1 31.453 8.489 30.650 7.808
152 1 1 31.453 8.533 30.650 7.852
153 1 1 31.376 8.915 30.562 7.846
154 1 1 31.453 8.602 30.650 7.921
155 1 1 31.332 9.003 30.644 7.846
156 1 1 31.453 8.633 30.650 7.952
157 1 1 31.357 9.059 30.650 7.883
158 1 1 31.453 8.677 30.650 7.996
159 1 1 31.459 8.727 30.656 8.046
160 1 1 31.459 8.783 30.656 8.102
161 1 1 31.325 9.185 30.655 8.372
162 1 1 31.414 9.072 30.623 8.334
163 1 1 31.521 9.071 30.623 8.472
164 1 1 31.464 9.097 30.667 8.422
165 1 1 31.464 9.147 30.667 8.472
166 1 1 31.457 9.159 30.661 8.484
167 1 1 31.451 9.203 30.654 8.528
168 1 1 31.438 9.216 30.642 8.541
169 1 1 31.432 9.253 30.635 8.578
170 1 1 31.413 9.310 30.616 8.635
171 1 1 31.413 9.385 30.616 8.710
172 1 1 31.394 9.448 30.597 8.773
173 1 1 31.311 9.786 30.446 8.710
174 1 1 31.387 9.504 30.590 8.829
175 1 1 31.329 9.843 30.421 8.767
176 1 1 31.381 9.535 30.584 8.860
177 1 1 31.381 9.586 30.584 8.911
178 1 1 31.336 9.899 30.427 8.880
179 1 1 31.380 9.655 30.584 8.980
180 1 1 31.368 9.698 30.571 9.023
181 1 1 31.349 9.749 30.552 9.074
182 1 1 31.355 9.767 30.558 9.092
183 1 1 31.342 9.767 30.545 9.092
184 1 1 31.336 9.805 30.539 9.130
185 1 1 31.329 9.868 30.532 9.193
186 1 1 31.196 10.269 30.356 9.356
187 1 1 31.177 10.351 30.386 9.544
188 1 1 31.145 10.439 30.336 9.500
189 1 1 31.095 10.458 30.330 9.507
190 1 1 31.113 10.571 30.330 9.500
191 1 1 31.190 10.263 30.393 9.588
192 1 1 31.196 10.288 30.399 9.613
193 1 1 31.100 10.709 30.298 9.532
194 1 1 31.202 10.326 30.405 9.651
195 1 1 31.062 10.740 30.349 9.600
196 1 1 31.183 10.401 30.386 9.726
197 1 1 31.100 10.734 30.291 9.764
198 1 1 31.176 10.458 30.379 9.782
199 1 1 31.170 10.495 30.373 9.820
200 1 1 31.157 10.514 30.360 9.839
201 1 1 31.151 10.564 30.354 9.889
202 1 1 31.132 10.615 30.335 9.939
203 1 1 31.113 10.658 30.316 9.983
204 1 1 31.125 10.684 30.328 10.008
205 1 1 31.131 10.734 30.334 10.058
206 1 1 31.086 11.211 30.315 10.271
207 1 1 31.138 10.765 30.340 10.090
208 1 1 31.144 10.778 30.347 10.102
209 1 1 31.023 11.274 30.289 10.460
210 1 1 31.061 11.198 30.270 10.522
211 1 1 31.048 11.255 30.257 10.579
212 1 1 31.035 11.280 30.244 10.604
213 1 1 31.034 11.569 30.188 10.460
214 1 1 30.940 11.550 30.200 10.516
215 1 1 30.952 11.594 30.232 10.573
216 1 1 30.965 11.613 30.150 10.629
217 1 1 31.029 11.387 30.238 10.711
218 1 1 31.022 11.430 30.231 10.755
219 1 1 31.022 11.481 30.231 10.805
220 1 1 31.009 11.506 30.218 10.830
221 1 1 30.990 11.562 30.199 10.887
222 1 1 30.977 11.613 30.186 10.937
223 1 1 30.984 11.663 30.192 10.987
224 1 1 30.971 11.694 30.180 11.018
225 1 1 30.958 11.745 30.167 11.069
226 1 1 30.945 11.795 30.154 11.119
227 1 1 30.926 11.839 30.135 11.163
228 1 1 30.914 11.889 30.122 11.213
229 1 1 30.920 11.952 30.128 11.276
230 1 1 30.907 11.996 30.116 11.320
231 1 1 30.893 12.385 30.015 11.364
232 1 1 30.900 12.059 30.109 11.383
233 1 1 30.881 12.115 30.090 11.439
234 1 1 30.856 12.178 30.065 11.502
235 1 1 30.843 12.228 30.052 11.552
236 1 1 30.843 12.272 30.052 11.596
237 1 1 30.830 12.310 30.039 11.634
239 1 1 30.533 12.619 30.013 11.885
240 1 1 30.837 12.316 30.045 11.640
241 1 1 30.843 12.329 30.051 11.653
242 1 1 30.837 12.329 30.045 11.653
243 1 1 30.621 12.845 29.780 11.886
244 1 1 30.849 12.323 30.058 11.646
245 1 1 30.843 12.335 30.051 11.659
246 1 1 30.843 12.354 30.051 11.678
247 1 1 30.830 12.367 30.039 11.690
248 1 1 30.817 12.379 30.026 11.703
249 1 1 30.594 13.159 30.012 12.092
250 1 1 30.817 12.398 30.026 11.722
251 1 1 30.798 12.442 30.007 11.766
252 1 1 30.468 13.203 29.867 12.218
253 1 1 30.786 12.461 29.994 11.785
254 1 1 30.786 12.461 29.994 11.785
255 1 1 30.779 12.467 29.988 11.791
256 1 1 30.779 12.467 29.988 11.791
257 1 1 30.779 12.467 29.988 11.791
258 1 1 30.786 12.461 29.994 11.785
259 1 1 30.786 12.461 29.994 11.785
260 1 1 30.786 12.461 29.994 11.785
261 1 1 30.779 12.467 29.988 11.791
262 1 1 30.779 12.467 29.988 11.791
263 1 1 30.779 12.467 29.988 11.791
264 1 1 30.773 12.461 29.982 11.785
265 1 1 30.786 12.461 29.994 11.785
266 1 1 30.773 12.461 29.982 11.785
267 1 1 30.779 12.467 29.988 11.791
268 1 1 30.767 12.467 29.975 11.791
269 1 1 30.767 12.467 29.975 11.791
270 1 1 30.773 12.467 29.982 11.791
271 1 1 30.773 12.467 29.982 11.791
272 1 1 30.754 12.467 29.963 11.791
273 1 1 30.748 12.467 29.956 11.791
274 1 1 30.760 12.467 29.969 11.791
275 1 1 30.742 12.467 29.950 11.791
276 1 1 30.748 12.467 29.956 11.791
277 1 1 30.748 12.467 29.956 11.791
22 2 2 42.190 8.228 41.487 7.854
23 2 2 42.209 8.240 41.474 7.854
24 2 2 42.184 8.246 41.449 7.860
25 2 2 42.134 8.265 41.399 7.879
26 2 2 42.083 8.290 41.349 7.904
27 2 2 42.039 8.303 41.305 7.917
28 2 2 41.996 8.303 41.261 7.917
29 2 2 41.933 8.316 41.198 7.930
30 2 2 41.876 8.322 41.142 7.936
31 2 2 41.820 8.329 41.085 7.942
32 2 2 41.757 8.322 41.023 7.936
33 2 2 41.688 8.329 40.954 7.943
34 2 2 41.632 8.342 40.897 7.955
35 2 2 41.556 8.354 40.822 7.968
36 2 2 41.487 8.348 40.753 7.962
37 2 2 41.406 8.355 40.671 7.968
38 2 2 41.330 8.348 40.596 7.962
39 2 2 41.249 8.361 40.514 7.975
40 2 2 41.167 8.380 40.433 7.994
41 2 2 41.092 8.374 40.357 7.988
42 2 2 41.023 8.393 40.288 8.007
43 2 2 41.795 9.017 40.332 8.332
44 2 2 41.594 8.930 40.508 8.400
45 2 2 41.525 8.961 40.439 8.432
46 2 2 41.412 8.961 40.326 8.432
47 2 2 41.318 8.968 40.232 8.438
48 2 2 41.224 8.974 40.138 8.445
49 2 2 41.123 8.987 40.037 8.458
50 2 2 41.042 9.006 39.956 8.477
51 2 2 40.948 9.038 39.861 8.508
52 2 2 41.086 9.181 39.642 8.521
53 2 2 40.967 9.138 39.780 8.571
54 2 2 40.866 9.150 39.679 8.584
55 2 2 40.747 9.157 39.560 8.590
56 2 2 40.653 9.176 39.466 8.609
57 2 2 40.540 9.201 39.353 8.634
58 2 2 40.445 9.220 39.259 8.653
59 2 2 40.326 9.227 39.139 8.660
60 2 2 40.213 9.240 39.026 8.673
61 2 2 40.081 9.259 38.894 8.692
62 2 2 39.974 9.278 38.788 8.711
63 2 2 39.861 9.303 38.674 8.736
64 2 2 39.755 9.322 38.568 8.755
65 2 2 39.623 9.329 38.436 8.762
66 2 2 39.510 9.354 38.323 8.787
67 2 2 39.390 9.360 38.203 8.793
68 2 2 39.271 9.392 38.084 8.825
69 2 2 39.158 9.417 37.971 8.850
70 2 2 39.039 9.436 37.852 8.869
71 2 2 38.919 9.455 37.732 8.888
72 2 2 38.794 9.481 37.606 8.914
73 2 2 38.662 9.500 37.475 8.933
74 2 2 38.542 9.519 37.355 8.952
75 2 2 38.429 9.544 37.242 8.977
76 2 2 38.310 9.576 37.123 9.009
77 2 2 38.178 9.595 36.991 9.028
78 2 2 38.272 9.852 36.494 9.091
79 2 2 38.140 9.846 36.431 9.123
80 2 2 37.939 9.777 36.676 9.191
81 2 2 38.020 9.896 36.130 9.161
82 2 2 37.857 9.909 36.104 9.180
83 2 2 37.669 9.853 36.337 9.255
84 2 2 37.549 9.872 36.217 9.274
85 2 2 37.436 9.897 36.104 9.299
86 2 2 37.279 10.079 35.884 9.243
87 2 2 37.266 9.973 35.934 9.362
88 2 2 37.153 9.998 35.821 9.387
89 2 2 37.040 10.011 35.708 9.400
90 2 2 36.914 10.030 35.582 9.419
91 2 2 36.788 10.056 35.456 9.445
92 2 2 36.675 10.081 35.343 9.470
93 2 2 36.556 10.112 35.224 9.502
94 2 2 36.386 10.395 35.136 9.351
95 2 2 36.436 10.194 35.111 9.564
96 2 2 36.323 10.207 34.997 9.577
97 2 2 36.191 10.226 34.865 9.596
98 2 2 36.071 10.258 34.746 9.628
99 2 2 35.958 10.283 34.632 9.653
100 2 2 35.694 10.453 34.394 9.503
101 2 2 35.732 10.315 34.412 9.673
102 2 2 35.606 10.328 34.287 9.685
103 2 2 35.468 10.347 34.148 9.705
104 2 2 35.354 10.366 34.035 9.724
105 2 2 35.034 10.367 33.274 9.807
106 2 2 35.002 10.586 33.267 9.801
107 2 2 34.870 10.605 33.198 9.769
108 2 2 34.744 10.512 33.368 9.869
109 2 2 34.637 10.518 33.261 9.876
110 2 2 34.499 10.525 33.122 9.882
111 2 2 34.360 10.506 33.242 9.926
112 2 2 34.285 10.494 33.110 9.933
113 2 2 34.404 10.538 33.041 9.908
114 2 2 34.285 10.538 32.921 9.908
115 2 2 33.731 10.539 32.242 9.828
116 2 2 33.706 10.508 32.336 9.872
117 2 2 33.706 10.495 32.028 9.829
118 2 2 33.568 10.496 32.198 9.859
119 2 2 33.461 10.496 32.091 9.860
120 2 2 33.341 10.477 31.971 9.841
121 2 2 33.215 10.465 31.845 9.829
122 2 2 33.090 10.453 31.720 9.817
123 2 2 32.957 10.447 31.588 9.811
124 2 2 32.832 10.435 31.462 9.799
125 2 2 32.989 10.441 30.946 9.718
126 2 2 32.957 10.447 30.839 9.731
127 2 2 32.731 10.422 31.361 9.786
128 2 2 32.611 10.410 31.242 9.774
129 2 2 32.492 10.392 31.122 9.755
130 2 2 32.366 10.379 30.996 9.743
131 2 2 32.247 10.367 30.877 9.731
132 2 2 31.800 10.356 30.128 9.582
133 2 2 31.769 10.306 30.046 9.633
134 2 2 31.680 10.293 29.971 9.551
135 2 2 31.347 10.219 30.128 9.639
136 2 2 31.467 10.262 30.071 9.626
137 2 2 31.353 10.250 29.958 9.614
138 2 2 31.253 10.232 29.858 9.595
139 2 2 31.089 10.169 29.248 9.421
140 2 2 31.146 10.219 29.751 9.583
141 2 2 31.026 10.226 29.631 9.590
142 2 2 30.900 10.214 29.505 9.577
143 2 2 30.756 10.183 29.361 9.546
144 2 2 30.630 10.164 29.235 9.528
145 2 2 30.517 10.152 29.121 9.516
146 2 2 30.127 10.021 28.468 9.273
147 2 2 30.051 10.128 28.380 9.216
148 2 2 29.944 10.003 28.530 9.354
149 2 2 29.818 9.997 28.404 9.348
150 2 2 29.686 9.959 28.272 9.311
151 2 2 29.542 9.935 28.128 9.286
152 2 2 29.428 9.929 27.675 9.187
153 2 2 29.296 9.898 27.568 9.212
154 2 2 29.283 9.923 27.386 9.118
155 2 2 29.208 9.910 27.782 9.262
156 2 2 28.868 9.798 27.127 9.150
157 2 2 28.925 9.861 27.039 9.138
158 2 2 28.837 9.823 27.398 9.175
159 2 2 28.617 9.799 27.178 9.150
160 2 2 28.478 9.799 27.039 9.150
161 2 2 27.987 9.713 26.416 9.052
162 2 2 28.063 9.775 26.303 9.033
163 2 2 27.918 9.738 26.473 9.089
164 2 2 27.735 9.726 26.290 9.077
165 2 2 27.628 9.707 26.183 9.058
166 2 2 27.440 9.676 25.573 8.947
167 2 2 26.237 9.585 24.792 8.936
168 2 2 27.326 9.676 25.881 9.028
169 2 2 27.163 9.658 25.717 9.009
170 2 2 27.389 9.689 25.944 9.040
171 2 2 26.860 9.627 25.415 8.979
172 2 2 26.325 9.591 24.818 8.823
173 2 2 26.382 9.585 24.673 8.805
174 2 2 26.244 9.522 24.798 8.873
175 2 2 26.105 9.510 24.660 8.861
176 2 2 25.979 9.510 24.534 8.861
177 2 2 25.797 9.479 24.351 8.831
178 2 2 25.646 9.467 24.200 8.818
179 2 2 25.482 9.442 24.037 8.794
180 2 2 25.400 9.399 23.583 8.719
181 2 2 25.343 9.424 23.898 8.775
182 2 2 25.205 9.418 23.760 8.769
183 2 2 25.041 9.406 23.596 8.757
184 2 2 24.903 9.381 23.457 8.732
185 2 2 24.745 9.363 23.300 8.714
186 2 2 24.594 9.350 23.149 8.702
187 2 2 24.443 9.338 22.998 8.689
188 2 2 24.298 9.332 22.853 8.683
189 2 2 24.147 9.320 22.702 8.671
190 2 2 23.996 9.308 22.550 8.659
191 2 2 23.838 9.289 22.393 8.641
192 2 2 23.687 9.290 22.242 8.641
193 2 2 23.536 9.278 22.091 8.629
194 2 2 23.404 9.272 21.958 8.623
195 2 2 23.265 9.272 21.820 8.623
196 2 2 23.095 9.272 21.649 8.623
197 2 2 22.956 9.266 21.511 8.617
198 2 2 22.792 9.267 21.347 8.618
199 2 2 22.673 9.267 21.227 8.618
200 2 2 22.521 9.274 21.076 8.625
201 2 2 22.370 9.274 20.925 8.625
202 2 2 22.231 9.274 20.786 8.625
203 2 2 22.061 9.281 20.616 8.632
204 2 2 21.929 9.281 20.483 8.632
205 2 2 21.771 9.294 20.326 8.645
206 2 2 21.626 9.301 20.180 8.652
207 2 2 21.475 9.314 20.029 8.665
208 2 2 21.323 9.326 19.878 8.677
209 2 2 21.178 9.321 19.733 8.671
210 2 2 21.039 9.333 19.594 8.684
211 2 2 20.875 9.346 19.430 8.697
212 2 2 20.743 9.365 19.297 8.716
213 2 2 20.591 9.378 19.146 8.729
214 2 2 20.440 9.391 18.994 8.742
215 2 2 20.075 9.336 18.837 8.736
216 2 2 20.042 9.424 18.743 8.624
217 2 2 19.954 9.417 18.667 8.624
218 2 2 19.785 9.311 18.730 8.736
219 2 2 20.049 9.348 18.623 8.705
220 2 2 19.980 9.355 18.559 8.712
222 2 2 20.018 9.361 18.597 8.718
223 2 2 19.986 9.380 18.572 8.737
224 2 2 19.986 9.405 18.578 8.762
225 2 2 19.999 9.386 18.591 8.743
226 2 2 19.980 9.367 18.578 8.724
227 2 2 19.992 9.367 18.597 8.724
228 2 2 19.986 9.361 18.597 8.718
229 2 2 19.992 9.367 18.610 8.724
230 2 2 19.974 9.355 18.591 8.712
231 2 2 19.973 9.361 18.591 8.718
232 2 2 19.967 9.355 18.585 8.712
233 2 2 19.980 9.367 18.597 8.724
234 2 2 19.980 9.361 18.597 8.718
235 2 2 19.986 9.367 18.603 8.724
236 2 2 19.974 9.355 18.591 8.712
237 2 2 19.973 9.361 18.591 8.718
238 2 2 19.967 9.348 18.585 8.705
239 2 2 19.980 9.367 18.597 8.724
240 2 2 19.986 9.361 18.604 8.718
241 2 2 19.999 9.373 18.616 8.730
242 2 2 19.980 9.355 18.597 8.712
243 2 2 19.986 9.361 18.604 8.718
244 2 2 19.980 9.348 18.597 8.705
245 2 2 19.992 9.367 18.610 8.724
246 2 2 19.992 9.361 18.610 8.718
247 2 2 19.999 9.373 18.616 8.730
248 2 2 19.986 9.355 18.604 8.712
249 2 2 19.986 9.361 18.604 8.718
250 2 2 19.980 9.348 18.597 8.705
251 2 2 19.992 9.367 18.610 8.724
252 2 2 19.992 9.361 18.610 8.718
253 2 2 20.005 9.380 18.622 8.737
254 2 2 19.986 9.355 18.604 8.712
255 2 2 19.986 9.361 18.604 8.718
256 2 2 19.974 9.342 18.591 8.699
257 2 2 19.992 9.367 18.610 8.724
258 2 2 19.992 9.361 18.610 8.718
259 2 2 20.036 9.411 18.654 8.768
260 2 2 19.986 9.355 18.604 8.712
261 2 2 19.992 9.367 18.610 8.724
262 2 2 19.967 9.336 18.585 8.693
263 2 2 19.986 9.361 18.604 8.718
264 2 2 19.986 9.367 18.603 8.724
265 2 2 19.999 9.386 18.616 8.743
266 2 2 19.992 9.373 18.610 8.730
267 2 2 19.992 9.380 18.610 8.737
268 2 2 19.986 9.367 18.603 8.724
269 2 2 19.986 9.373 18.603 8.730
270 2 2 19.980 9.367 18.597 8.724
271 2 2 19.992 9.380 18.610 8.737
272 2 2 19.986 9.373 18.603 8.730
273 2 2 19.986 9.380 18.603 8.737
274 2 2 19.980 9.367 18.597 8.724
275 2 2 19.980 9.373 18.597 8.730
276 2 2 19.980 9.367 18.597 8.724
277 2 2 19.980 9.380 18.597 8.737
