2 0 1 21.178 11.135 19.785 10.242
3 0 1 21.191 11.148 19.785 10.248
4 0 1 21.139 11.148 19.936 10.227
5 0 1 21.224 11.154 19.870 10.241
6 0 1 21.093 11.129 19.988 10.240
7 0 1 21.224 11.154 19.916 10.247
8 0 1 21.204 11.128 20.060 10.233
9 0 1 21.276 11.154 19.988 10.247
10 0 1 21.322 11.147 20.034 10.240
11 0 1 21.381 11.140 20.093 10.233
12 0 1 21.440 11.146 20.152 10.239
13 0 1 21.499 11.138 20.211 10.231
14 0 1 21.558 11.144 20.270 10.237
15 0 1 21.617 11.137 20.329 10.230
16 0 1 21.689 11.143 20.401 10.236
17 0 1 21.748 11.149 20.460 10.242
18 0 1 21.807 11.155 20.519 10.248
19 0 1 21.853 11.148 20.565 10.241
20 0 1 21.912 11.154 20.623 10.247
21 0 1 21.958 11.147 20.669 10.240
22 0 1 22.056 11.107 20.912 10.258
23 0 1 22.089 11.146 20.813 10.246
24 0 1 22.010 11.134 20.990 10.198
25 0 1 22.141 11.139 20.879 10.238
26 0 1 22.266 11.099 21.023 10.205
27 0 1 22.253 11.118 20.990 10.218
28 0 1 22.298 11.118 21.036 10.217
29 0 1 22.357 11.117 21.095 10.217
30 0 1 22.416 11.117 21.154 10.216
31 0 1 22.475 11.116 21.213 10.216
32 0 1 22.521 11.116 21.259 10.215
33 0 1 22.580 11.115 21.318 10.215
34 0 1 22.639 11.115 21.377 10.214
35 0 1 22.698 11.101 21.436 10.201
36 0 1 22.914 11.073 21.586 10.225
37 0 1 22.848 11.106 21.586 10.212
38 0 1 22.914 11.080 21.730 10.211
39 0 1 22.940 11.099 21.684 10.212
40 0 1 22.940 11.079 21.914 10.229
41 0 1 23.038 11.105 21.789 10.224
42 0 1 22.966 11.073 21.972 10.229
43 0 1 23.097 11.098 21.855 10.223
44 0 1 23.209 11.064 22.051 10.189
45 0 1 23.222 11.083 21.986 10.209
46 0 1 23.267 11.083 22.031 10.208
47 0 1 23.339 11.082 22.103 10.208
48 0 1 23.385 11.082 22.149 10.207
49 0 1 23.457 11.081 22.221 10.207
50 0 1 23.516 11.081 22.280 10.206
51 0 1 23.575 11.080 22.339 10.206
52 0 1 23.634 11.093 22.398 10.218
53 0 1 23.706 11.092 22.470 10.217
54 0 1 23.915 11.051 22.614 10.242
55 0 1 23.850 11.091 22.614 10.223
56 0 1 23.909 11.051 22.791 10.228
57 0 1 23.955 11.083 22.725 10.222
58 0 1 23.915 11.070 22.902 10.201
59 0 1 24.020 11.082 22.797 10.221
60 0 1 23.928 11.109 22.948 10.148
61 0 1 24.059 11.076 22.843 10.214
62 0 1 24.249 11.087 23.026 10.128
63 0 1 24.203 11.061 22.987 10.200
64 0 1 24.256 11.061 23.039 10.199
65 0 1 24.308 11.060 23.092 10.199
66 0 1 24.360 11.060 23.144 10.198
67 0 1 24.413 11.059 23.196 10.198
68 0 1 24.465 11.059 23.249 10.197
69 0 1 24.517 11.058 23.301 10.197
70 0 1 24.583 11.045 23.366 10.183
71 0 1 24.635 11.018 23.419 10.157
72 0 1 24.779 11.043 23.510 10.130
73 0 1 24.740 11.024 23.523 10.162
74 0 1 24.779 11.049 23.720 10.089
75 0 1 24.838 11.016 23.628 10.155
76 0 1 24.812 10.997 23.896 10.094
77 0 1 24.936 10.996 23.733 10.134
78 0 1 24.864 10.977 23.935 10.126
79 0 1 25.001 10.995 23.805 10.134
80 0 1 25.047 10.995 23.850 10.133
81 0 1 25.093 10.994 23.896 10.133
82 0 1 25.152 10.994 23.955 10.132
83 0 1 25.197 10.993 24.001 10.132
84 0 1 25.256 10.993 24.060 10.131
85 0 1 25.302 10.979 24.105 10.118
86 0 1 25.550 10.892 24.295 10.084
87 0 1 25.479 10.945 24.282 10.090
88 0 1 25.596 10.892 24.393 10.135
89 0 1 25.577 10.944 24.380 10.096
90 0 1 25.655 10.904 24.550 10.082
91 0 1 25.681 10.937 24.491 10.095
92 0 1 25.622 10.853 24.739 10.132
93 0 1 25.760 10.923 24.576 10.088
94 0 1 25.727 10.910 24.798 9.995
95 0 1 25.838 10.896 24.661 10.061
96 0 1 25.851 10.922 24.929 10.026
97 0 1 25.949 10.902 24.779 10.066
98 0 1 25.988 10.895 24.818 10.060
99 0 1 26.041 10.888 24.870 10.053
100 0 1 26.086 10.874 24.916 10.039
101 0 1 26.145 10.874 24.975 10.039
102 0 1 26.191 10.873 25.020 10.038
103 0 1 26.250 10.860 25.079 10.025
104 0 1 26.544 10.825 25.131 9.881
105 0 1 26.374 10.813 25.203 9.978
106 0 1 26.433 10.800 25.262 9.965
107 0 1 26.478 10.773 25.308 9.938
108 0 1 26.537 10.760 25.367 9.925
109 0 1 26.596 10.733 25.425 9.898
110 0 1 26.648 10.713 25.478 9.878
111 0 1 26.700 10.706 25.530 9.871
112 0 1 26.759 10.705 25.589 9.871
113 0 1 26.805 10.692 25.634 9.857
114 0 1 26.850 10.679 25.680 9.844
115 0 1 26.896 10.678 25.726 9.843
116 0 1 26.942 10.665 25.772 9.830
117 0 1 26.988 10.664 25.817 9.829
118 0 1 27.046 10.651 25.876 9.816
119 0 1 27.092 10.650 25.922 9.816
120 0 1 27.151 10.637 25.981 9.802
121 0 1 27.197 10.636 26.026 9.802
122 0 1 27.255 10.616 26.085 9.782
123 0 1 27.301 10.609 26.131 9.775
124 0 1 27.360 10.596 26.189 9.761
125 0 1 27.405 10.595 26.235 9.761
126 0 1 27.464 10.582 26.294 9.747
127 0 1 27.510 10.568 26.340 9.734
128 0 1 27.549 10.549 26.379 9.714
129 0 1 27.601 10.555 26.431 9.720
130 0 1 27.647 10.554 26.477 9.720
131 0 1 27.680 10.554 26.509 9.719
132 0 1 27.725 10.553 26.555 9.719
133 0 1 27.758 10.540 26.588 9.706
134 0 1 27.817 10.520 26.646 9.686
135 0 1 27.849 10.526 26.679 9.692
136 0 1 28.052 10.511 26.764 9.639
137 0 1 27.954 10.506 26.783 9.671
138 0 1 28.078 10.485 26.829 9.632
139 0 1 28.032 10.492 26.862 9.658
140 0 1 28.091 10.459 26.914 9.592
141 0 1 28.091 10.466 26.920 9.631
142 0 1 28.058 10.349 27.155 9.623
143 0 1 28.169 10.426 27.005 9.598
144 0 1 28.097 10.329 27.260 9.609
145 0 1 28.254 10.406 27.097 9.584
146 0 1 28.227 10.328 27.371 9.569
147 0 1 28.345 10.379 27.194 9.564
148 0 1 28.247 10.328 27.384 9.588
149 0 1 28.384 10.372 27.240 9.563
150 0 1 28.436 10.371 27.292 9.563
151 0 1 28.482 10.371 27.338 9.562
152 0 1 28.527 10.364 27.384 9.556
153 0 1 28.586 10.370 27.442 9.562
154 0 1 28.632 10.370 27.488 9.561
155 0 1 28.684 10.369 27.540 9.561
156 0 1 28.736 10.382 27.592 9.573
157 0 1 28.795 10.362 27.651 9.553
158 0 1 28.841 10.374 27.697 9.566
159 0 1 28.899 10.367 27.755 9.559
160 0 1 28.945 10.380 27.801 9.571
161 0 1 28.984 10.379 27.840 9.571
162 0 1 29.036 10.379 27.892 9.571
163 0 1 29.082 10.378 27.938 9.570
164 0 1 29.128 10.359 27.984 9.550
165 0 1 29.173 10.391 28.029 9.582
166 0 1 29.219 10.390 28.075 9.582
167 0 1 29.278 10.390 28.134 9.581
168 0 1 29.395 10.369 28.264 9.496
169 0 1 29.362 10.369 28.219 9.561
170 0 1 29.408 10.369 28.264 9.561
171 0 1 29.473 10.381 28.329 9.573
172 0 1 29.519 10.381 28.375 9.573
173 0 1 29.578 10.374 28.434 9.566
174 0 1 29.623 10.367 28.479 9.559
175 0 1 29.695 10.366 28.551 9.558
176 0 1 29.734 10.366 28.590 9.558
177 0 1 29.786 10.379 28.642 9.570
178 0 1 29.832 10.372 28.688 9.563
179 0 1 29.891 10.371 28.747 9.563
180 0 1 29.936 10.390 28.792 9.582
181 0 1 29.982 10.390 28.838 9.582
182 0 1 30.021 10.402 28.877 9.594
183 0 1 30.073 10.415 28.929 9.607
184 0 1 30.106 10.428 28.962 9.619
185 0 1 30.152 10.421 29.008 9.613
186 0 1 30.197 10.440 29.053 9.632
187 0 1 30.243 10.452 29.099 9.644
188 0 1 30.269 10.478 29.125 9.670
189 0 1 30.335 10.504 29.191 9.695
190 0 1 30.367 10.529 29.223 9.721
191 0 1 30.426 10.548 29.282 9.740
192 0 1 30.602 10.495 29.445 9.862
193 0 1 30.531 10.586 29.386 9.784
194 0 1 30.576 10.605 29.432 9.804
195 0 1 30.642 10.637 29.497 9.835
196 0 1 30.615 10.598 29.661 9.886
197 0 1 30.713 10.656 29.576 9.861
198 0 1 30.570 10.735 29.831 10.001
199 0 1 30.772 10.727 29.641 9.938
200 0 1 30.662 10.774 29.967 10.020
201 0 1 30.864 10.785 29.739 10.002
202 0 1 30.766 10.812 30.163 10.083
203 0 1 30.981 10.829 29.863 10.053
204 0 1 31.021 10.855 29.903 10.079
205 0 1 31.066 10.874 29.948 10.098
206 0 1 31.112 10.893 29.994 10.117
207 0 1 31.171 10.925 30.053 10.149
208 0 1 31.230 10.944 30.112 10.168
209 0 1 31.295 10.976 30.177 10.200
210 0 1 31.360 10.995 30.242 10.218
211 0 1 31.432 11.026 30.314 10.250
212 0 1 31.491 11.045 30.373 10.269
213 0 1 31.563 11.077 30.445 10.301
214 0 1 31.622 11.096 30.503 10.320
215 0 1 31.687 11.128 30.569 10.352
216 0 1 31.752 11.147 30.634 10.371
217 0 1 31.811 11.179 30.693 10.403
218 0 1 31.759 11.192 30.863 10.544
219 0 1 31.877 11.230 30.765 10.461
220 0 1 31.863 11.198 31.104 10.574
221 0 1 32.001 11.268 30.895 10.505
222 0 1 32.020 11.255 31.208 10.573
223 0 1 32.125 11.300 31.026 10.543
224 0 1 32.138 11.319 31.222 10.606
225 0 1 32.209 11.338 31.117 10.587
226 0 1 32.255 11.357 31.163 10.606
227 0 1 32.301 11.357 31.208 10.606
228 0 1 32.373 11.382 31.280 10.631
229 0 1 32.431 11.401 31.339 10.650
230 0 1 32.497 11.420 31.404 10.669
231 0 1 32.562 11.439 31.470 10.688
232 0 1 32.621 11.458 31.528 10.707
233 0 1 32.660 11.457 31.567 10.707
234 0 1 32.725 11.483 31.633 10.732
235 0 1 32.771 11.502 31.678 10.751
236 0 1 32.856 11.501 31.985 10.781
237 0 1 32.921 11.526 31.835 10.782
238 0 1 32.967 11.597 31.965 10.709
239 0 1 32.999 11.532 31.920 10.788
240 0 1 33.012 11.551 32.200 10.792
241 0 1 33.110 11.557 32.037 10.813
242 0 1 33.162 11.570 32.089 10.825
243 0 1 33.221 11.556 32.148 10.812
244 0 1 33.286 11.581 32.213 10.837
245 0 1 33.351 11.594 32.278 10.850
246 0 1 33.371 11.555 32.637 10.833
247 0 1 33.495 11.579 32.428 10.842
248 0 1 33.481 11.528 32.585 10.879
249 0 1 33.573 11.585 32.513 10.854
250 0 1 33.527 11.586 32.709 10.891
251 0 1 33.644 11.604 32.591 10.879
252 0 1 33.710 11.597 32.898 10.935
253 0 1 33.781 11.629 32.735 10.910
254 0 1 33.807 11.628 32.937 10.928
255 0 1 33.879 11.647 32.839 10.929
256 0 1 34.056 11.711 32.975 10.830
257 0 1 33.977 11.653 32.937 10.934
258 0 1 34.075 11.704 33.185 11.030
259 0 1 34.088 11.697 33.054 10.985
260 0 1 34.140 11.703 33.106 10.991
261 0 1 34.199 11.716 33.165 11.004
262 0 1 34.271 11.741 33.524 11.046
263 0 1 34.362 11.753 33.335 11.041
264 0 1 34.401 11.733 33.615 11.065
265 0 1 34.486 11.772 33.465 11.066
266 0 1 34.433 11.740 33.647 11.077
267 0 1 34.557 11.777 33.543 11.078
268 0 1 34.505 11.752 33.719 11.083
269 0 1 34.616 11.783 33.608 11.091
270 0 1 34.636 11.803 33.797 11.102
271 0 1 34.701 11.802 33.700 11.109
272 0 1 34.942 11.839 33.758 11.011
273 0 1 34.818 11.795 33.817 11.102
274 0 1 35.033 11.812 33.810 11.037
275 0 1 34.903 11.787 33.901 11.094
276 0 1 35.085 11.805 33.830 11.063
277 0 1 34.955 11.793 33.954 11.100
278 0 1 35.013 11.786 34.143 11.125
279 0 1 35.065 11.805 34.071 11.119
280 0 1 35.143 11.765 34.091 11.132
281 0 1 35.117 11.798 34.123 11.118
282 0 1 35.267 11.764 34.325 11.123
283 0 1 35.254 11.797 34.266 11.124
284 0 1 35.423 11.724 34.468 11.109
285 0 1 35.404 11.776 34.422 11.109
286 0 1 35.475 11.782 34.676 11.087
287 0 1 35.527 11.775 34.552 11.108
288 0 1 35.631 11.774 34.761 11.099
289 0 1 35.645 11.780 34.676 11.113
290 0 1 35.794 11.772 34.813 11.112
291 0 1 35.762 11.786 34.793 11.119
292 0 1 35.865 11.746 34.943 11.085
293 0 1 35.859 11.772 34.897 11.105
294 0 1 35.931 11.790 35.138 11.102
295 0 1 35.976 11.783 35.021 11.116
296 0 1 35.964 11.797 35.288 11.108
297 0 1 36.087 11.789 35.138 11.122
298 0 1 36.093 11.776 35.281 11.101
299 0 1 36.159 11.782 35.216 11.115
300 0 1 36.243 11.774 35.411 11.113
301 0 1 36.269 11.787 35.333 11.120
302 0 1 36.373 11.767 35.509 11.086
303 0 1 36.386 11.773 35.457 11.106
304 0 1 36.471 11.753 35.489 11.093
305 0 1 36.438 11.773 35.509 11.105
306 0 1 36.464 11.798 35.541 11.079
307 0 1 36.477 11.779 35.548 11.112
308 0 1 36.653 11.738 35.541 11.060
309 0 1 36.562 11.752 35.632 11.085
310 0 1 36.601 11.752 35.671 11.084
311 0 1 36.607 11.751 35.678 11.084
312 0 1 36.704 11.725 35.775 11.057
313 0 1 36.750 11.724 35.821 11.057
314 0 1 36.886 11.658 36.100 11.035
315 0 1 36.880 11.703 35.957 11.043
316 0 1 36.957 11.599 35.827 11.044
317 0 1 36.899 11.671 35.976 11.017
318 0 1 37.165 11.584 36.119 10.957
319 0 1 37.048 11.630 36.126 10.983
320 0 1 37.301 11.569 36.229 10.936
321 0 1 37.178 11.597 36.255 10.949
322 0 1 37.360 11.601 36.463 10.863
323 0 1 37.321 11.563 36.398 10.915
324 0 1 37.425 11.562 36.469 10.843
325 0 1 37.386 11.549 36.463 10.902
326 0 1 37.710 11.533 36.423 10.759
327 0 1 37.489 11.516 36.567 10.868
328 0 1 37.535 11.509 36.612 10.861
329 0 1 37.574 11.502 36.651 10.855
330 0 1 37.638 11.482 36.716 10.834
331 0 1 37.677 11.475 36.755 10.828
332 0 1 37.742 11.448 36.820 10.801
333 0 1 37.788 11.448 36.865 10.801
334 0 1 37.846 11.441 36.924 10.794
335 0 1 37.885 11.434 36.962 10.787
336 0 1 38.125 11.386 37.086 10.786
337 0 1 38.021 11.426 37.099 10.785
338 0 1 38.197 11.412 37.287 10.732
339 0 1 38.164 11.412 37.242 10.771
340 0 1 38.300 11.398 37.306 10.732
341 0 1 38.248 11.398 37.326 10.757
342 0 1 38.313 11.404 37.247 10.693
343 0 1 38.274 11.385 37.352 10.744
344 0 1 38.300 11.378 37.378 10.737
345 0 1 38.365 11.371 37.443 10.730
346 0 1 38.391 11.351 37.469 10.711
347 0 1 38.456 11.344 37.533 10.704
348 0 1 38.617 11.245 37.539 10.639
349 0 1 38.520 11.305 37.598 10.670
350 0 1 38.721 11.205 37.610 10.593
351 0 1 38.611 11.258 37.689 10.624
352 0 1 38.656 11.232 37.734 10.598
353 0 1 38.708 11.218 37.786 10.584
354 0 1 38.947 11.145 37.850 10.532
355 0 1 38.818 11.185 37.896 10.557
356 0 1 39.051 11.124 38.070 10.491
357 0 1 38.973 11.144 38.051 10.517
358 0 1 39.135 11.123 38.232 10.451
359 0 1 39.103 11.111 38.181 10.483
360 0 1 39.181 11.110 38.206 10.457
361 0 1 39.155 11.110 38.233 10.483
362 0 1 39.376 11.121 38.082 10.355
363 0 1 39.206 11.077 38.284 10.450
364 0 1 39.556 10.996 38.018 10.420
365 0 1 39.252 11.064 38.330 10.437
366 0 1 39.303 11.057 38.381 10.430
367 0 1 39.362 11.037 38.440 10.410
368 0 1 39.407 11.030 38.485 10.403
369 0 1 39.465 11.017 38.543 10.389
370 0 1 39.666 10.950 38.672 10.323
371 0 1 39.595 10.970 38.673 10.343
372 0 1 39.789 10.981 38.874 10.321
373 0 1 39.737 10.975 38.815 10.348
374 0 1 39.867 10.961 38.867 10.296
375 0 1 39.822 10.961 38.900 10.334
376 0 1 40.009 10.927 38.951 10.282
377 0 1 39.919 10.934 38.997 10.307
378 0 1 40.146 10.958 38.962 10.126
379 0 1 39.996 10.895 39.074 10.268
380 0 1 40.230 10.938 38.994 10.093
381 0 1 40.067 10.855 39.145 10.228
382 0 1 40.366 10.872 39.092 10.125
383 0 1 40.170 10.822 39.249 10.195
384 0 1 40.229 10.815 39.307 10.188
385 0 1 40.274 10.795 39.352 10.168
386 0 1 40.326 10.788 39.404 10.161
387 0 1 40.390 10.774 39.469 10.148
388 0 1 40.608 10.539 39.373 10.259
389 0 1 40.455 10.761 39.533 10.134
390 0 1 40.758 10.557 39.398 10.187
391 0 1 40.500 10.754 39.579 10.127
392 0 1 40.546 10.741 39.624 10.114
393 0 1 40.572 10.740 39.650 10.113
394 0 1 40.617 10.714 39.695 10.087
395 0 1 40.649 10.694 39.727 10.067
396 0 1 40.681 10.687 39.760 10.061
397 0 1 40.714 10.687 39.792 10.060
398 0 1 40.752 10.674 39.831 10.047
399 0 1 40.804 10.647 39.882 10.021
400 0 1 40.843 10.634 39.921 10.007
401 0 1 40.895 10.640 39.973 10.013
402 0 1 40.966 10.613 40.044 9.987
403 0 1 41.011 10.620 40.089 9.993
404 0 1 41.063 10.606 40.141 9.979
405 0 1 41.128 10.606 40.206 9.979
406 0 1 41.385 10.448 40.057 10.019
407 0 1 41.193 10.605 40.271 9.978
408 0 1 41.225 10.605 40.303 9.978
409 0 1 41.258 10.624 40.336 9.997
410 0 1 41.284 10.624 40.362 9.997
411 0 1 41.316 10.636 40.394 10.010
412 0 1 41.349 10.649 40.427 10.022
413 0 1 41.388 10.668 40.466 10.041
414 0 1 41.433 10.680 40.512 10.054
415 0 1 41.466 10.680 40.544 10.054
416 0 1 41.505 10.686 40.583 10.060
417 0 1 41.537 10.686 40.615 10.059
14 2 1 21.438 9.075 20.537 8.323
15 2 1 21.464 9.095 20.524 8.310
16 2 1 21.523 9.101 20.583 8.316
17 2 1 21.569 9.094 20.629 8.309
18 2 1 21.621 9.113 20.681 8.328
19 2 1 21.674 9.106 20.733 8.321
20 2 1 21.739 9.125 20.799 8.340
21 2 1 21.791 9.118 20.851 8.333
22 2 1 21.837 9.150 20.897 8.365
23 2 1 21.909 9.130 20.969 8.345
24 2 1 21.974 9.136 21.034 8.351
25 2 1 22.033 9.122 21.093 8.338
26 2 1 22.079 9.122 21.139 8.337
27 2 1 22.131 9.128 21.191 8.343
28 2 1 22.177 9.134 21.237 8.349
29 2 1 22.236 9.140 21.296 8.355
30 2 1 22.288 9.159 21.348 8.374
31 2 1 22.341 9.152 21.400 8.367
32 2 1 22.393 9.158 21.453 8.374
33 2 1 22.445 9.164 21.505 8.380
34 2 1 22.504 9.170 21.564 8.386
35 2 1 22.563 9.176 21.623 8.392
36 2 1 22.628 9.169 21.688 8.384
37 2 1 22.681 9.162 21.740 8.378
38 2 1 22.746 9.155 21.806 8.370
39 2 1 22.798 9.148 21.858 8.364
40 2 1 22.851 9.141 21.910 8.357
41 2 1 22.890 9.134 21.950 8.350
42 2 1 22.942 9.127 22.002 8.343
43 2 1 22.988 9.107 22.048 8.323
44 2 1 23.223 9.196 22.107 8.368
45 2 1 23.112 9.152 22.165 8.367
46 2 1 23.374 9.221 22.257 8.438
47 2 1 23.249 9.202 22.296 8.418
48 2 1 23.302 9.202 22.348 8.418
49 2 1 23.347 9.202 22.394 8.417
50 2 1 23.406 9.201 22.453 8.417
51 2 1 23.472 9.200 22.518 8.416
52 2 1 23.537 9.200 22.584 8.416
53 2 1 23.615 9.199 22.662 8.415
54 2 1 23.681 9.199 22.727 8.415
55 2 1 23.746 9.185 22.793 8.401
56 2 1 23.798 9.185 22.845 8.401
57 2 1 23.851 9.171 22.897 8.387
58 2 1 24.132 9.149 22.832 8.349
59 2 1 23.942 9.157 22.982 8.373
60 2 1 24.034 9.124 23.217 8.384
61 2 1 24.066 9.150 23.113 8.372
62 2 1 24.119 9.149 23.165 8.372
63 2 1 24.171 9.168 23.217 8.391
64 2 1 24.230 9.161 23.276 8.384
65 2 1 24.275 9.167 23.322 8.390
66 2 1 24.354 9.160 23.400 8.383
67 2 1 24.413 9.153 23.459 8.376
68 2 1 24.471 9.133 23.518 8.356
69 2 1 24.524 9.113 23.570 8.336
70 2 1 24.576 9.093 23.622 8.316
71 2 1 24.628 9.086 23.675 8.309
72 2 1 24.667 9.079 23.714 8.302
73 2 1 24.713 9.060 23.760 8.282
74 2 1 24.831 8.929 23.962 8.294
75 2 1 24.850 9.013 23.903 8.242
76 2 1 24.935 8.902 23.995 8.274
77 2 1 24.929 8.986 23.982 8.222
78 2 1 24.974 8.979 24.027 8.215
79 2 1 25.013 8.986 24.067 8.221
80 2 1 25.079 8.978 24.132 8.214
81 2 1 25.138 8.984 24.191 8.220
82 2 1 25.209 8.964 24.262 8.200
83 2 1 25.268 8.957 24.321 8.193
84 2 1 25.340 8.950 24.393 8.186
85 2 1 25.399 8.937 24.452 8.173
86 2 1 25.457 8.936 24.511 8.172
87 2 1 25.503 8.929 24.556 8.165
88 2 1 25.549 8.909 24.602 8.145
89 2 1 25.594 8.890 24.648 8.126
90 2 1 25.653 8.883 24.706 8.119
91 2 1 25.692 8.895 24.745 8.131
92 2 1 25.829 8.777 24.974 8.084
93 2 1 25.829 8.862 24.889 8.104
94 2 1 25.888 8.855 24.948 8.097
95 2 1 25.940 8.861 25.000 8.103
96 2 1 26.006 8.860 25.065 8.103
97 2 1 26.064 8.846 25.124 8.089
98 2 1 26.123 8.820 25.183 8.063
99 2 1 26.188 8.806 25.248 8.049
100 2 1 26.410 8.694 25.339 8.074
101 2 1 26.306 8.786 25.365 8.035
102 2 1 26.410 8.694 25.555 8.014
103 2 1 26.423 8.759 25.489 8.015
104 2 1 26.495 8.635 25.607 7.981
105 2 1 26.508 8.713 25.581 7.975
106 2 1 26.586 8.608 25.802 7.947
107 2 1 26.632 8.673 25.711 7.941
108 2 1 26.840 8.606 25.881 7.979
109 2 1 26.756 8.672 25.835 7.947
110 2 1 26.801 8.678 25.881 7.953
111 2 1 26.860 8.671 25.939 7.946
112 2 1 26.925 8.664 26.004 7.939
113 2 1 26.990 8.657 26.070 7.932
114 2 1 27.329 8.608 26.050 7.874
115 2 1 27.127 8.623 26.207 7.898
116 2 1 27.271 8.538 26.233 7.918
117 2 1 27.205 8.609 26.285 7.891
118 2 1 27.264 8.544 26.409 7.903
119 2 1 27.290 8.602 26.376 7.890
120 2 1 27.362 8.517 26.474 7.941
121 2 1 27.362 8.589 26.448 7.883
122 2 1 27.427 8.595 26.513 7.889
123 2 1 27.492 8.594 26.578 7.889
124 2 1 27.538 8.607 26.624 7.901
125 2 1 27.597 8.606 26.683 7.901
126 2 1 27.662 8.606 26.748 7.900
127 2 1 27.727 8.598 26.813 7.893
128 2 1 27.779 8.592 26.865 7.886
129 2 1 27.844 8.578 26.930 7.873
130 2 1 27.903 8.565 26.989 7.859
131 2 1 27.962 8.551 27.047 7.846
132 2 1 28.014 8.525 27.100 7.819
133 2 1 28.066 8.505 27.152 7.800
134 2 1 28.118 8.498 27.204 7.793
135 2 1 28.170 8.471 27.256 7.766
136 2 1 28.163 8.433 27.438 7.694
137 2 1 28.242 8.445 27.334 7.740
138 2 1 28.300 8.431 27.393 7.726
139 2 1 28.352 8.424 27.445 7.719
140 2 1 28.404 8.431 27.497 7.725
141 2 1 28.463 8.430 27.555 7.725
142 2 1 28.522 8.430 27.614 7.724
143 2 1 28.580 8.416 27.673 7.711
144 2 1 28.639 8.416 27.731 7.711
145 2 1 28.704 8.408 27.796 7.703
146 2 1 28.756 8.415 27.849 7.710
147 2 1 28.828 8.414 27.920 7.709
148 2 1 28.873 8.414 27.966 7.709
149 2 1 28.932 8.413 28.024 7.708
150 2 1 28.978 8.413 28.070 7.708
151 2 1 29.017 8.393 28.109 7.688
152 2 1 29.244 8.281 28.168 7.636
153 2 1 29.114 8.360 28.207 7.661
154 2 1 29.179 8.359 28.272 7.661
155 2 1 29.225 8.372 28.317 7.673
156 2 1 29.284 8.365 28.376 7.666
157 2 1 29.336 8.371 28.428 7.672
158 2 1 29.401 8.364 28.493 7.665
159 2 1 29.446 8.370 28.539 7.671
160 2 1 29.518 8.356 28.610 7.658
161 2 1 29.564 8.356 28.656 7.657
162 2 1 29.635 8.349 28.728 7.650
163 2 1 29.674 8.342 28.767 7.644
164 2 1 29.739 8.335 28.832 7.636
165 2 1 29.785 8.328 28.877 7.630
166 2 1 29.856 8.263 28.929 7.532
167 2 1 29.850 8.282 28.942 7.584
168 2 1 29.895 8.275 28.988 7.577
169 2 1 29.934 8.275 29.027 7.577
170 2 1 29.999 8.287 29.092 7.589
171 2 1 30.039 8.280 29.131 7.582
172 2 1 30.104 8.286 29.196 7.588
173 2 1 30.149 8.292 29.242 7.594
174 2 1 30.208 8.298 29.300 7.600
175 2 1 30.260 8.285 29.352 7.587
176 2 1 30.338 8.297 29.431 7.599
177 2 1 30.377 8.303 29.470 7.605
178 2 1 30.455 8.309 29.548 7.611
179 2 1 30.501 8.302 29.593 7.604
180 2 1 30.572 8.308 29.665 7.610
181 2 1 30.611 8.295 29.704 7.597
182 2 1 30.676 8.294 29.769 7.596
183 2 1 30.715 8.288 29.808 7.589
184 2 1 30.768 8.307 29.860 7.608
185 2 1 30.813 8.326 29.906 7.627
186 2 1 30.872 8.332 29.964 7.633
187 2 1 30.911 8.338 30.003 7.640
188 2 1 30.989 8.343 30.081 7.645
189 2 1 31.028 8.337 30.120 7.639
190 2 1 31.093 8.336 30.185 7.638
191 2 1 31.152 8.336 30.244 7.638
192 2 1 31.223 8.329 30.316 7.630
193 2 1 31.262 8.322 30.355 7.624
194 2 1 31.340 8.328 30.433 7.630
195 2 1 31.379 8.321 30.472 7.623
196 2 1 31.444 8.307 30.537 7.609
197 2 1 31.503 8.294 30.595 7.596
198 2 1 31.652 8.221 30.705 7.511
199 2 1 31.600 8.254 30.693 7.556
200 2 1 31.652 8.247 30.745 7.549
201 2 1 31.698 8.240 30.790 7.542
202 2 1 31.756 8.240 30.849 7.542
203 2 1 31.802 8.239 30.894 7.542
204 2 1 31.860 8.245 30.953 7.547
205 2 1 31.906 8.251 30.998 7.554
206 2 1 31.977 8.257 31.070 7.559
207 2 1 32.036 8.250 31.128 7.552
208 2 1 32.094 8.256 31.187 7.558
209 2 1 32.153 8.262 31.245 7.564
210 2 1 32.211 8.268 31.304 7.570
211 2 1 32.270 8.274 31.362 7.576
212 2 1 32.329 8.280 31.421 7.582
213 2 1 32.374 8.286 31.466 7.588
214 2 1 32.433 8.292 31.525 7.594
215 2 1 32.465 8.298 31.558 7.601
216 2 1 32.524 8.317 31.616 7.620
217 2 1 32.563 8.323 31.655 7.626
218 2 1 32.628 8.329 31.720 7.632
219 2 1 32.673 8.335 31.766 7.638
220 2 1 32.732 8.341 31.824 7.644
221 2 1 32.790 8.334 31.883 7.637
222 2 1 32.849 8.340 31.941 7.643
223 2 1 32.901 8.334 31.993 7.636
224 2 1 32.966 8.339 32.058 7.642
225 2 1 33.024 8.332 32.117 7.635
226 2 1 33.083 8.338 32.175 7.641
227 2 1 33.128 8.332 32.221 7.634
228 2 1 33.187 8.338 32.279 7.640
229 2 1 33.226 8.331 32.318 7.633
230 2 1 33.291 8.337 32.383 7.639
231 2 1 33.317 8.343 32.409 7.645
232 2 1 33.382 8.349 32.474 7.651
233 2 1 33.427 8.342 32.520 7.644
234 2 1 33.486 8.348 32.578 7.650
235 2 1 33.525 8.354 32.617 7.656
236 2 1 33.603 8.360 32.695 7.662
237 2 1 33.642 8.366 32.734 7.668
238 2 1 33.720 8.372 32.812 7.674
239 2 1 33.779 8.378 32.871 7.680
240 2 1 33.837 8.397 32.929 7.699
241 2 1 33.889 8.396 32.981 7.699
242 2 1 33.954 8.422 33.047 7.724
243 2 1 34.013 8.421 33.105 7.723
244 2 1 34.104 8.401 33.404 7.702
245 2 1 34.136 8.426 33.235 7.729
246 2 1 34.195 8.432 33.294 7.735
247 2 1 34.247 8.419 33.345 7.721
248 2 1 34.299 8.444 33.398 7.747
249 2 1 34.338 8.444 33.436 7.747
250 2 1 34.390 8.457 33.489 7.759
251 2 1 34.442 8.463 33.541 7.765
252 2 1 34.494 8.469 33.593 7.771
253 2 1 34.559 8.468 33.657 7.771
254 2 1 34.624 8.481 33.723 7.783
255 2 1 34.676 8.480 33.774 7.782
256 2 1 34.741 8.492 33.840 7.795
257 2 1 34.806 8.485 33.904 7.788
258 2 1 34.858 8.491 33.956 7.794
259 2 1 34.910 8.491 34.008 7.793
260 2 1 34.962 8.497 34.060 7.799
261 2 1 35.014 8.490 34.112 7.793
262 2 1 35.169 8.424 34.268 7.765
263 2 1 35.117 8.483 34.216 7.792
264 2 1 35.260 8.436 34.385 7.764
265 2 1 35.221 8.462 34.320 7.771
266 2 1 35.273 8.462 34.372 7.771
267 2 1 35.325 8.474 34.424 7.783
268 2 1 35.371 8.481 34.469 7.790
269 2 1 35.436 8.493 34.534 7.802
270 2 1 35.643 8.420 34.567 7.873
271 2 1 35.540 8.498 34.638 7.814
272 2 1 35.592 8.505 34.690 7.820
273 2 1 35.657 8.523 34.755 7.839
274 2 1 35.715 8.536 34.814 7.851
275 2 1 35.767 8.555 34.866 7.870
276 2 1 35.819 8.561 34.918 7.876
277 2 1 35.878 8.560 34.976 7.876
278 2 1 35.917 8.573 35.015 7.888
279 2 1 35.982 8.592 35.080 7.907
280 2 1 36.014 8.598 35.113 7.913
281 2 1 36.079 8.604 35.178 7.919
282 2 1 36.118 8.597 35.217 7.913
283 2 1 36.190 8.596 35.288 7.912
284 2 1 36.242 8.609 35.340 7.924
285 2 1 36.306 8.608 35.405 7.924
286 2 1 36.365 8.621 35.464 7.936
287 2 1 36.430 8.627 35.529 7.942
288 2 1 36.495 8.620 35.593 7.935
289 2 1 36.553 8.619 35.652 7.935
290 2 1 36.605 8.632 35.704 7.947
291 2 1 36.657 8.631 35.756 7.947
292 2 1 36.703 8.631 35.801 7.946
293 2 1 36.754 8.637 35.853 7.952
294 2 1 36.904 8.642 35.990 7.997
295 2 1 36.858 8.655 35.957 7.977
296 2 1 37.092 8.634 36.048 8.022
297 2 1 36.982 8.667 36.081 7.996
298 2 1 37.027 8.680 36.126 8.008
299 2 1 37.086 8.673 36.184 8.001
300 2 1 37.131 8.692 36.230 8.020
301 2 1 37.203 8.678 36.301 8.007
302 2 1 37.255 8.704 36.353 8.032
303 2 1 37.307 8.703 36.405 8.032
304 2 1 37.365 8.729 36.464 8.057
305 2 1 37.437 8.734 36.535 8.063
306 2 1 37.469 8.754 36.568 8.082
307 2 1 37.540 8.740 36.639 8.069
308 2 1 37.728 8.712 36.601 8.114
309 2 1 37.599 8.752 36.698 8.087
310 2 1 37.891 8.815 36.690 8.010
311 2 1 37.696 8.758 36.795 8.093
312 2 1 38.028 8.807 36.703 8.010
313 2 1 37.794 8.751 36.892 8.086
314 2 1 38.086 8.858 36.755 8.016
315 2 1 37.871 8.763 36.970 8.098
316 2 1 38.184 8.838 36.859 8.034
317 2 1 37.949 8.782 37.048 8.117
318 2 1 38.008 8.781 37.106 8.116
319 2 1 38.060 8.787 37.158 8.122
320 2 1 38.112 8.793 37.210 8.128
321 2 1 38.164 8.799 37.262 8.134
322 2 1 38.216 8.805 37.314 8.140
323 2 1 38.267 8.805 37.366 8.140
324 2 1 38.319 8.804 37.418 8.139
325 2 1 38.358 8.798 37.457 8.133
326 2 1 38.410 8.816 37.509 8.152
327 2 1 38.449 8.823 37.548 8.158
328 2 1 38.488 8.829 37.587 8.164
329 2 1 38.553 8.828 37.652 8.163
330 2 1 38.586 8.841 37.684 8.176
331 2 1 38.657 8.847 37.756 8.182
332 2 1 39.027 8.889 37.697 8.144
333 2 1 38.767 8.852 37.866 8.187
334 2 1 39.039 8.811 37.951 8.245
335 2 1 38.891 8.871 37.989 8.212
336 2 1 38.949 8.876 38.048 8.218
337 2 1 38.994 8.876 38.093 8.218
338 2 1 39.053 8.889 38.151 8.230
339 2 1 39.098 8.875 38.197 8.217
340 2 1 39.157 8.888 38.255 8.229
341 2 1 39.183 8.894 38.281 8.236
342 2 1 39.481 8.917 38.301 8.306
343 2 1 39.280 8.919 38.379 8.267
344 2 1 39.689 8.961 38.294 8.216
345 2 1 39.338 8.918 38.437 8.267
346 2 1 39.780 8.966 38.372 8.235
347 2 1 39.390 8.931 38.489 8.279
348 2 1 39.442 8.930 38.541 8.279
349 2 1 39.488 8.924 38.586 8.272
350 2 1 39.539 8.936 38.638 8.284
351 2 1 39.591 8.936 38.690 8.284
352 2 1 39.663 8.941 38.761 8.290
353 2 1 39.714 8.928 38.813 8.276
354 2 1 39.766 8.915 38.865 8.263
355 2 1 39.811 8.895 38.910 8.243
356 2 1 39.850 8.901 38.949 8.249
357 2 1 39.902 8.894 39.001 8.242
358 2 1 39.947 8.900 39.046 8.248
359 2 1 39.999 8.900 39.098 8.248
360 2 1 40.051 8.899 39.150 8.247
361 2 1 40.096 8.879 39.195 8.228
362 2 1 40.148 8.885 39.247 8.234
363 2 1 40.213 8.885 39.311 8.233
364 2 1 40.271 8.884 39.370 8.233
365 2 1 40.323 8.884 39.422 8.232
366 2 1 40.388 8.883 39.486 8.232
367 2 1 40.433 8.889 39.532 8.238
368 2 1 40.485 8.889 39.584 8.237
369 2 1 40.537 8.888 39.635 8.237
370 2 1 40.595 8.894 39.694 8.243
371 2 1 40.647 8.894 39.746 8.242
372 2 1 40.686 8.894 39.784 8.242
373 2 1 40.718 8.887 39.817 8.235
374 2 1 40.763 8.893 39.862 8.241
375 2 1 40.815 8.886 39.914 8.234
376 2 1 40.867 8.892 39.966 8.240
377 2 1 40.919 8.892 40.018 8.240
378 2 1 40.971 8.891 40.069 8.240
379 2 1 41.022 8.884 40.121 8.233
380 2 1 41.074 8.890 40.173 8.239
381 2 1 41.126 8.883 40.225 8.232
382 2 1 41.191 8.876 40.289 8.225
383 2 1 41.255 8.863 40.354 8.211
384 2 1 41.307 8.862 40.406 8.211
385 2 1 41.359 8.842 40.457 8.191
386 2 1 41.410 8.829 40.509 8.178
387 2 1 41.449 8.835 40.548 8.184
388 2 1 41.501 8.835 40.600 8.183
389 2 1 41.540 8.834 40.638 8.183
390 2 1 41.579 8.834 40.677 8.183
391 2 1 41.630 8.827 40.729 8.176
392 2 1 41.682 8.833 40.781 8.182
393 2 1 41.734 8.826 40.833 8.175
394 2 1 41.786 8.832 40.884 8.181
395 2 1 41.837 8.832 40.936 8.180
396 2 1 41.889 8.831 40.988 8.180
397 2 1 41.954 8.837 41.053 8.186
398 2 1 42.019 8.837 41.117 8.185
399 2 1 42.064 8.856 41.163 8.204
400 2 1 42.123 8.855 41.221 8.204
401 2 1 42.174 8.855 41.273 8.203
402 2 1 42.226 8.854 41.325 8.203
403 2 1 42.265 8.847 41.363 8.196
404 2 1 42.317 8.866 41.415 8.215
405 2 1 42.336 8.860 41.435 8.208
406 2 1 42.395 8.866 41.493 8.214
407 2 1 42.446 8.865 41.545 8.214
408 2 1 42.498 8.865 41.597 8.214
409 2 1 42.550 8.858 41.648 8.207
410 2 1 42.601 8.857 41.700 8.206
411 2 1 42.653 8.857 41.752 8.206
412 2 1 42.705 8.863 41.804 8.212
413 2 1 42.770 8.862 41.868 8.211
414 2 1 42.834 8.849 41.933 8.198
415 2 1 42.886 8.836 41.984 8.184
416 2 1 42.937 8.822 42.036 8.171
417 2 1 42.989 8.822 42.088 8.171
18 1 2 43.176 8.336 42.575 7.850
19 1 2 43.196 8.348 42.569 7.844
20 1 2 43.081 8.414 42.453 7.909
21 1 2 43.004 8.453 42.376 7.949
22 1 2 42.901 8.506 42.273 8.001
23 1 2 42.785 8.565 42.157 8.060
24 1 2 42.695 8.611 42.068 8.106
25 1 2 42.592 8.664 41.965 8.159
26 1 2 42.214 8.925 41.586 8.420
27 1 2 42.374 8.795 41.746 8.290
28 1 2 42.252 8.835 41.624 8.330
29 1 2 42.290 8.796 41.662 8.290
30 1 2 42.052 8.940 41.425 8.435
31 1 2 41.937 8.993 41.309 8.487
32 1 2 41.802 9.071 41.174 8.566
33 1 2 41.705 9.098 41.077 8.593
34 1 2 41.589 9.138 40.961 8.633
35 1 2 41.473 9.178 40.845 8.672
37 1 2 41.479 9.184 40.852 8.679
38 1 2 41.409 9.217 40.781 8.712
39 1 2 41.286 9.276 40.658 8.771
40 1 2 41.235 9.322 40.607 8.817
41 1 2 41.145 9.355 40.517 8.850
42 1 2 41.763 9.557 39.985 8.796
43 1 2 41.191 9.433 40.485 8.908
44 1 2 41.538 9.708 39.701 8.857
45 1 2 41.063 9.537 40.285 8.994
46 1 2 40.940 9.584 40.163 9.040
47 1 2 40.831 9.623 40.053 9.080
48 1 2 41.073 9.854 39.223 9.049
49 1 2 40.624 9.722 39.795 9.167
50 1 2 40.495 9.756 39.666 9.200
51 1 2 40.379 9.802 39.549 9.247
52 1 2 40.243 9.849 39.414 9.293
53 1 2 40.121 9.882 39.291 9.326
54 1 2 39.985 9.929 39.155 9.373
55 1 2 39.862 9.963 39.032 9.406
56 1 2 39.733 10.003 38.903 9.446
57 1 2 39.617 10.042 38.787 9.486
58 1 2 39.481 10.089 38.651 9.533
59 1 2 39.358 10.123 38.528 9.566
60 1 2 39.222 10.169 38.393 9.613
61 1 2 39.099 10.203 38.270 9.646
62 1 2 38.964 10.243 38.134 9.687
63 1 2 38.841 10.283 38.011 9.727
64 1 2 38.705 10.330 37.875 9.773
65 1 2 38.582 10.363 37.752 9.807
66 1 2 38.446 10.397 37.616 9.840
67 1 2 38.323 10.430 37.493 9.874
68 1 2 38.193 10.457 37.363 9.901
69 1 2 38.077 10.497 37.247 9.941
70 1 2 38.319 10.690 36.454 9.890
71 1 2 37.870 10.564 37.014 10.001
72 1 2 37.766 10.591 36.910 10.028
73 1 2 37.630 10.618 36.774 10.055
74 1 2 37.520 10.639 36.664 10.076
75 1 2 37.397 10.672 36.540 10.109
76 1 2 37.287 10.699 36.430 10.136
77 1 2 37.163 10.726 36.307 10.163
78 1 2 37.053 10.753 36.197 10.190
79 1 2 36.943 10.780 36.087 10.217
80 1 2 37.159 10.921 35.384 10.198
81 1 2 36.774 10.834 35.899 10.271
82 1 2 36.684 10.848 35.808 10.285
83 1 2 36.580 10.862 35.704 10.299
84 1 2 36.476 10.889 35.600 10.325
85 1 2 36.385 10.902 35.509 10.339
86 1 2 36.288 10.916 35.412 10.353
87 1 2 36.190 10.943 35.314 10.380
88 1 2 36.099 10.957 35.224 10.394
89 1 2 36.009 10.971 35.133 10.408
90 1 2 35.931 10.998 35.055 10.434
91 1 2 35.840 11.011 34.964 10.448
92 1 2 35.749 11.012 34.873 10.449
93 1 2 35.671 11.026 34.795 10.463
94 1 2 35.593 11.053 34.717 10.489
95 1 2 35.502 11.060 34.626 10.497
96 1 2 35.424 11.067 34.548 10.504
97 1 2 35.346 11.081 34.470 10.518
98 1 2 35.275 11.095 34.399 10.531
99 1 2 35.203 11.095 34.327 10.532
100 1 2 35.138 11.109 34.262 10.545
101 1 2 35.060 11.116 34.184 10.553
102 1 2 35.386 11.224 33.507 10.487
103 1 2 35.002 11.130 34.126 10.566
104 1 2 34.989 11.188 33.709 10.615
105 1 2 34.872 11.170 33.996 10.606
106 1 2 34.820 11.170 33.944 10.607
107 1 2 34.755 11.184 33.879 10.620
108 1 2 34.703 11.184 33.827 10.621
109 1 2 34.638 11.198 33.762 10.634
110 1 2 34.573 11.192 33.696 10.629
111 1 2 34.521 11.212 33.645 10.649
112 1 2 34.619 11.309 33.299 10.509
113 1 2 34.430 11.207 33.547 10.643
114 1 2 34.404 11.239 33.195 10.666
115 1 2 34.319 11.227 33.436 10.663
116 1 2 34.326 11.331 33.058 10.550
117 1 2 34.189 11.235 33.306 10.671
118 1 2 34.130 11.235 33.248 10.672
119 1 2 34.072 11.249 33.189 10.685
120 1 2 34.013 11.262 33.131 10.699
121 1 2 33.942 11.263 33.059 10.699
122 1 2 33.935 11.283 32.798 10.689
123 1 2 33.851 11.270 32.968 10.707
124 1 2 33.949 11.367 32.681 10.579
125 1 2 33.772 11.265 32.890 10.701
126 1 2 33.819 11.420 32.550 10.600
127 1 2 33.675 11.292 32.792 10.728
128 1 2 33.610 11.292 32.727 10.728
129 1 2 33.558 11.306 32.675 10.742
130 1 2 33.499 11.319 32.617 10.755
131 1 2 33.441 11.313 32.558 10.749
132 1 2 33.369 11.320 32.486 10.757
133 1 2 33.310 11.321 32.428 10.757
134 1 2 33.245 11.335 32.363 10.771
135 1 2 33.193 11.348 32.311 10.784
136 1 2 33.122 11.349 32.239 10.785
137 1 2 33.063 11.349 32.180 10.785
138 1 2 32.991 11.350 32.109 10.786
139 1 2 32.933 11.351 32.050 10.787
140 1 2 32.868 11.358 31.985 10.794
141 1 2 32.816 11.378 31.933 10.814
142 1 2 32.744 11.378 31.861 10.814
143 1 2 32.685 11.379 31.803 10.815
144 1 2 32.627 11.379 31.744 10.816
145 1 2 32.568 11.380 31.685 10.816
146 1 2 32.496 11.374 31.614 10.810
147 1 2 32.438 11.394 31.555 10.830
148 1 2 32.366 11.408 31.483 10.844
149 1 2 32.308 11.395 31.425 10.831
150 1 2 32.249 11.409 31.366 10.845
151 1 2 32.190 11.397 31.307 10.833
152 1 2 32.132 11.404 31.249 10.840
153 1 2 32.073 11.398 31.190 10.834
154 1 2 32.001 11.411 31.118 10.847
155 1 2 31.943 11.412 31.060 10.848
156 1 2 31.871 11.413 30.988 10.849
157 1 2 31.812 11.413 30.929 10.849
158 1 2 31.747 11.407 30.864 10.843
159 1 2 31.695 11.414 30.812 10.850
160 1 2 31.623 11.415 30.740 10.851
161 1 2 31.565 11.415 30.682 10.851
162 1 2 31.493 11.403 30.610 10.839
163 1 2 31.434 11.417 30.551 10.853
164 1 2 31.369 11.398 30.486 10.834
165 1 2 31.317 11.418 30.434 10.854
166 1 2 31.239 11.399 30.356 10.835
167 1 2 31.186 11.406 30.303 10.842
168 1 2 31.115 11.407 30.232 10.843
169 1 2 31.056 11.407 30.173 10.843
170 1 2 30.978 11.401 30.095 10.837
171 1 2 30.926 11.408 30.043 10.844
172 1 2 30.854 11.403 29.971 10.838
173 1 2 30.795 11.397 29.912 10.832
174 1 2 30.723 11.384 29.840 10.820
175 1 2 30.652 11.398 29.769 10.834
176 1 2 30.573 11.379 29.690 10.815
177 1 2 30.521 11.399 29.638 10.835
178 1 2 30.430 11.381 29.547 10.816
179 1 2 30.365 11.388 29.482 10.823
180 1 2 30.293 11.388 29.410 10.824
181 1 2 30.234 11.376 29.351 10.812
182 1 2 30.156 11.357 29.273 10.793
183 1 2 30.090 11.364 29.207 10.800
184 1 2 30.019 11.365 29.136 10.801
185 1 2 29.947 11.366 29.064 10.801
186 1 2 29.862 11.366 28.979 10.802
187 1 2 29.790 11.354 28.907 10.790
188 1 2 29.699 11.335 28.816 10.771
189 1 2 29.634 11.343 28.751 10.778
190 1 2 29.549 11.324 28.666 10.759
191 1 2 29.477 11.318 28.594 10.754
192 1 2 29.679 11.355 27.999 10.551
193 1 2 29.386 11.325 28.503 10.761
194 1 2 29.294 11.307 28.411 10.742
195 1 2 29.216 11.301 28.333 10.736
196 1 2 29.111 11.289 28.228 10.724
197 1 2 29.033 11.290 28.150 10.725
198 1 2 28.922 11.278 28.039 10.713
199 1 2 28.837 11.265 27.954 10.701
200 1 2 28.733 11.253 27.850 10.689
201 1 2 28.654 11.241 27.771 10.677
202 1 2 28.550 11.229 27.667 10.665
203 1 2 28.458 11.217 27.575 10.652
204 1 2 28.360 11.205 27.477 10.640
205 1 2 28.262 11.193 27.379 10.628
206 1 2 28.151 11.181 27.268 10.616
207 1 2 28.053 11.169 27.170 10.604
208 1 2 27.942 11.157 27.059 10.592
209 1 2 27.844 11.157 26.961 10.593
210 1 2 27.733 11.146 26.850 10.581
211 1 2 27.622 11.147 26.739 10.582
212 1 2 27.511 11.135 26.628 10.570
213 1 2 27.400 11.136 26.517 10.571
214 1 2 27.289 11.137 26.406 10.572
215 1 2 27.178 11.125 26.295 10.560
216 1 2 27.067 11.126 26.184 10.561
217 1 2 26.956 11.127 26.073 10.562
218 1 2 26.845 11.128 25.962 10.563
219 1 2 26.734 11.129 25.851 10.564
220 1 2 26.623 11.130 25.740 10.565
221 1 2 26.512 11.144 25.629 10.579
222 1 2 26.387 11.145 25.504 10.580
223 1 2 26.276 11.146 25.393 10.581
224 1 2 26.152 11.160 25.269 10.595
225 1 2 26.028 11.174 25.145 10.610
226 1 2 25.904 11.189 25.021 10.624
227 1 2 25.780 11.203 24.896 10.638
228 1 2 25.655 11.230 24.772 10.665
229 1 2 25.531 11.257 24.648 10.692
230 1 2 25.407 11.284 24.524 10.720
231 1 2 25.296 11.299 24.413 10.734
232 1 2 25.185 11.326 24.301 10.761
233 1 2 25.060 11.353 24.177 10.788
234 1 2 24.936 11.380 24.053 10.815
235 1 2 24.812 11.420 23.929 10.855
236 1 2 24.674 11.454 23.791 10.889
237 1 2 24.550 11.501 23.667 10.936
238 1 2 24.413 11.541 23.529 10.976
239 1 2 24.275 11.582 23.392 11.017
240 1 2 24.138 11.609 23.254 11.044
241 1 2 24.013 11.650 23.130 11.084
242 1 2 23.882 11.683 22.999 11.118
243 1 2 23.765 11.730 22.881 11.165
244 1 2 23.620 11.764 22.737 11.199
245 1 2 23.503 11.811 22.619 11.245
246 1 2 23.365 11.851 22.481 11.286
247 1 2 23.241 11.905 22.357 11.339
248 1 2 23.096 11.939 22.213 11.373
249 1 2 22.965 11.986 22.082 11.420
250 1 2 22.808 12.039 21.924 11.474
251 1 2 22.677 12.093 21.793 11.527
252 1 2 22.539 12.146 21.656 11.580
253 1 2 22.402 12.200 21.518 11.634
254 1 2 22.257 12.247 21.373 11.681
255 1 2 22.126 12.307 21.242 11.741
256 1 2 21.988 12.354 21.104 11.788
257 1 2 21.864 12.414 20.980 11.848
258 1 2 21.726 12.468 20.842 11.901
259 1 2 21.601 12.521 20.717 11.955
260 1 2 21.463 12.568 20.579 12.002
261 1 2 21.325 12.628 20.441 12.062
262 1 2 21.188 12.675 20.303 12.109
263 1 2 21.063 12.735 20.179 12.169
264 1 2 20.925 12.802 20.041 12.236
265 1 2 20.787 12.856 19.903 12.289
266 1 2 20.649 12.916 19.765 12.349
267 1 2 20.524 12.976 19.640 12.409
268 1 2 20.386 13.023 19.502 12.456
269 1 2 20.261 13.083 19.377 12.516
270 1 2 20.359 13.370 18.734 12.379
271 1 2 20.130 13.150 19.245 12.583
272 1 2 19.998 13.210 19.113 12.643
273 1 2 19.873 13.264 18.988 12.697
274 1 2 19.722 13.350 18.706 12.686
275 1 2 19.689 13.318 18.804 12.751
276 1 2 19.478 13.418 18.653 12.798
277 1 2 19.538 13.385 18.660 12.818
278 1 2 19.446 13.418 18.574 12.851
279 1 2 19.373 13.491 18.508 12.924
281 1 2 19.426 13.491 18.567 12.923
282 1 2 19.353 13.524 18.501 12.957
284 1 2 19.406 13.530 18.560 12.963
285 1 2 19.399 13.530 18.560 12.963
286 1 2 19.399 13.530 18.567 12.962
287 1 2 19.393 13.530 18.567 12.962
288 1 2 19.393 13.530 18.574 12.962
289 1 2 19.386 13.530 18.574 12.962
290 1 2 19.393 13.530 18.587 12.962
291 1 2 19.393 13.530 18.593 12.962
292 1 2 19.386 13.530 18.587 12.962
293 1 2 19.386 13.530 18.587 12.962
294 1 2 19.386 13.530 18.587 12.962
295 1 2 19.386 13.530 18.587 12.962
296 1 2 19.393 13.530 18.593 12.962
297 1 2 19.393 13.530 18.593 12.962
298 1 2 19.393 13.530 18.593 12.962
299 1 2 19.393 13.530 18.593 12.962
300 1 2 19.393 13.530 18.593 12.962
301 1 2 19.393 13.530 18.593 12.962
302 1 2 19.393 13.530 18.593 12.962
303 1 2 19.393 13.530 18.593 12.962
304 1 2 19.393 13.530 18.593 12.962
305 1 2 19.393 13.530 18.593 12.962
306 1 2 19.393 13.530 18.593 12.962
307 1 2 19.393 13.530 18.593 12.962
308 1 2 19.393 13.530 18.593 12.962
309 1 2 19.393 13.530 18.593 12.962
310 1 2 19.393 13.530 18.593 12.962
311 1 2 19.393 13.530 18.593 12.962
312 1 2 19.393 13.530 18.593 12.962
313 1 2 19.386 13.530 18.587 12.962
314 1 2 19.386 13.530 18.587 12.962
315 1 2 19.386 13.530 18.587 12.962
316 1 2 19.386 13.530 18.587 12.962
317 1 2 19.386 13.530 18.587 12.962
318 1 2 19.386 13.530 18.587 12.962
319 1 2 19.386 13.530 18.587 12.962
320 1 2 19.386 13.530 18.587 12.962
321 1 2 19.379 13.530 18.587 12.962
322 1 2 19.379 13.530 18.593 12.962
323 1 2 19.373 13.530 18.587 12.962
324 1 2 19.373 13.530 18.587 12.962
325 1 2 19.373 13.530 18.587 12.962
326 1 2 19.373 13.530 18.587 12.962
327 1 2 19.373 13.530 18.587 12.962
328 1 2 19.366 13.531 18.587 12.962
329 1 2 19.366 13.531 18.593 12.962
330 1 2 19.360 13.531 18.587 12.962
331 1 2 19.360 13.531 18.587 12.962
332 1 2 19.353 13.531 18.587 12.962
333 1 2 19.353 13.531 18.593 12.962
334 1 2 19.347 13.531 18.587 12.962
335 1 2 19.340 13.531 18.587 12.962
336 1 2 19.333 13.531 18.587 12.962
337 1 2 19.333 13.531 18.587 12.962
338 1 2 19.333 13.531 18.587 12.962
339 1 2 19.333 13.531 18.587 12.962
340 1 2 19.333 13.531 18.587 12.962
341 1 2 19.333 13.531 18.587 12.962
342 1 2 19.333 13.531 18.587 12.962
343 1 2 19.333 13.531 18.587 12.962
344 1 2 19.333 13.531 18.587 12.962
345 1 2 19.327 13.531 18.587 12.962
346 1 2 19.327 13.531 18.593 12.962
347 1 2 19.320 13.531 18.587 12.962
348 1 2 19.314 13.531 18.587 12.962
349 1 2 19.307 13.531 18.587 12.962
350 1 2 19.307 13.531 18.587 12.962
351 1 2 19.307 13.531 18.587 12.962
352 1 2 19.307 13.531 18.587 12.962
353 1 2 19.307 13.531 18.587 12.962
354 1 2 19.307 13.531 18.587 12.962
355 1 2 19.307 13.531 18.587 12.962
356 1 2 19.307 13.531 18.587 12.962
357 1 2 19.307 13.531 18.587 12.962
358 1 2 19.307 13.531 18.587 12.962
359 1 2 19.307 13.531 18.587 12.962
360 1 2 19.307 13.531 18.587 12.962
361 1 2 19.307 13.531 18.587 12.962
362 1 2 19.307 13.531 18.587 12.962
363 1 2 19.307 13.531 18.587 12.962
364 1 2 19.307 13.531 18.587 12.962
365 1 2 19.307 13.531 18.587 12.962
366 1 2 19.307 13.518 18.587 12.949
367 1 2 19.307 13.505 18.587 12.936
368 1 2 19.307 13.518 18.587 12.949
369 1 2 19.307 13.498 18.587 12.930
370 1 2 19.307 13.518 18.587 12.949
371 1 2 19.307 13.498 18.587 12.930
372 1 2 19.307 13.518 18.587 12.949
373 1 2 19.307 13.505 18.587 12.936
374 1 2 19.307 13.505 18.587 12.936
375 1 2 19.307 13.498 18.587 12.930
376 1 2 19.307 13.498 18.587 12.930
377 1 2 19.307 13.498 18.587 12.930
378 1 2 19.307 13.505 18.587 12.936
379 1 2 19.307 13.505 18.587 12.936
380 1 2 19.307 13.505 18.587 12.936
381 1 2 19.307 13.498 18.587 12.930
382 1 2 19.314 13.498 18.593 12.930
383 1 2 19.314 13.498 18.593 12.930
384 1 2 19.314 13.505 18.593 12.936
385 1 2 19.320 13.505 18.600 12.936
386 1 2 19.320 13.505 18.600 12.936
387 1 2 19.320 13.498 18.600 12.929
388 1 2 19.320 13.505 18.600 12.936
389 1 2 19.320 13.498 18.600 12.929
390 1 2 19.320 13.505 18.600 12.936
391 1 2 19.320 13.505 18.600 12.936
392 1 2 19.320 13.505 18.600 12.936
393 1 2 19.320 13.498 18.600 12.929
394 1 2 19.320 13.505 18.600 12.936
395 1 2 19.320 13.498 18.600 12.929
396 1 2 19.320 13.505 18.600 12.936
397 1 2 19.320 13.505 18.600 12.936
398 1 2 19.320 13.492 18.600 12.923
399 1 2 19.321 13.479 18.600 12.910
400 1 2 19.320 13.492 18.600 12.923
401 1 2 19.321 13.472 18.600 12.903
402 1 2 19.320 13.485 18.600 12.916
403 1 2 19.321 13.479 18.600 12.910
404 1 2 19.320 13.492 18.600 12.923
405 1 2 19.327 13.479 18.607 12.910
406 1 2 19.327 13.479 18.607 12.910
407 1 2 19.327 13.479 18.607 12.910
408 1 2 19.327 13.472 18.607 12.903
409 1 2 19.327 13.479 18.607 12.910
410 1 2 19.334 13.472 18.613 12.903
411 1 2 19.334 13.478 18.613 12.910
412 1 2 19.334 13.478 18.613 12.910
413 1 2 19.334 13.478 18.613 12.910
414 1 2 19.334 13.472 18.613 12.903
415 1 2 19.334 13.478 18.613 12.910
416 1 2 19.334 13.472 18.613 12.903
417 1 2 19.334 13.478 18.613 12.910
