0 0 1 19.553 6.904 18.731 5.928
1 0 1 19.579 6.930 18.718 5.908
2 0 1 19.573 6.924 18.712 5.902
3 0 1 19.593 6.917 18.731 5.895
4 0 1 19.593 6.924 18.731 5.902
5 0 1 19.599 6.917 18.738 5.895
6 0 1 19.619 6.924 18.758 5.902
7 0 1 19.632 6.917 18.771 5.895
8 0 1 19.639 6.923 18.778 5.902
9 0 1 19.659 6.917 18.798 5.895
10 0 1 19.672 6.923 18.811 5.901
11 0 1 19.652 6.917 18.791 5.895
12 0 1 19.699 6.936 18.837 5.914
13 0 1 19.725 6.930 18.864 5.908
14 0 1 19.758 6.949 18.897 5.927
15 0 1 19.778 6.942 18.917 5.921
16 0 1 19.805 6.962 18.943 5.940
17 0 1 19.824 6.962 18.963 5.940
18 0 1 20.189 6.743 19.023 5.973
19 0 1 20.129 6.783 19.069 5.933
20 0 1 20.155 6.776 19.096 5.926
21 0 1 20.195 6.808 19.135 5.959
22 0 1 20.215 6.815 19.155 5.965
23 0 1 20.248 6.835 19.188 5.985
24 0 1 20.281 6.841 19.222 5.991
25 0 1 20.314 6.847 19.255 5.998
26 0 1 20.347 6.854 19.288 6.004
27 0 1 20.394 6.873 19.334 6.024
28 0 1 20.427 6.866 19.367 6.017
29 0 1 20.460 6.886 19.400 6.036
30 0 1 20.493 6.879 19.433 6.030
31 0 1 20.526 6.886 19.467 6.036
32 0 1 20.559 6.892 19.500 6.042
33 0 1 20.592 6.898 19.533 6.049
34 0 1 20.625 6.905 19.566 6.055
35 0 1 20.672 6.924 19.612 6.075
36 0 1 20.705 6.931 19.645 6.081
37 0 1 20.751 6.937 19.692 6.088
38 0 1 20.798 6.943 19.738 6.094
39 0 1 20.844 6.963 19.784 6.113
40 0 1 20.877 6.956 19.818 6.107
41 0 1 20.937 6.975 19.877 6.126
42 0 1 20.970 6.969 19.910 6.119
43 0 1 21.016 6.988 19.957 6.139
44 0 1 21.049 6.995 19.990 6.145
45 0 1 21.095 7.014 20.036 6.165
46 0 1 21.142 7.020 20.082 6.171
47 0 1 21.188 7.027 20.129 6.177
48 0 1 21.221 7.033 20.162 6.184
49 0 1 21.267 7.053 20.208 6.203
50 0 1 21.301 7.059 20.241 6.210
51 0 1 21.347 7.078 20.288 6.229
52 0 1 21.393 7.085 20.334 6.235
53 0 1 21.440 7.104 20.380 6.255
54 0 1 21.486 7.110 20.427 6.261
55 0 1 21.532 7.130 20.473 6.281
56 0 1 21.578 7.136 20.519 6.287
57 0 1 21.638 7.143 20.579 6.293
58 0 1 21.684 7.149 20.625 6.300
59 0 1 21.744 7.155 20.685 6.306
60 0 1 21.790 7.161 20.731 6.312
61 0 1 21.850 7.168 20.791 6.318
62 0 1 21.896 7.161 20.837 6.312
63 0 1 21.942 7.167 20.883 6.318
64 0 1 21.989 7.173 20.930 6.324
65 0 1 22.035 7.180 20.976 6.331
66 0 1 22.081 7.173 21.022 6.324
67 0 1 22.141 7.179 21.082 6.330
68 0 1 22.174 7.172 21.115 6.323
69 0 1 22.233 7.179 21.174 6.329
70 0 1 22.280 7.185 21.221 6.336
71 0 1 22.339 7.191 21.280 6.342
72 0 1 22.386 7.184 21.327 6.335
73 0 1 22.432 7.191 21.373 6.342
74 0 1 22.478 7.184 21.419 6.335
75 0 1 22.538 7.177 21.479 6.328
76 0 1 22.571 7.170 21.512 6.321
77 0 1 22.617 7.176 21.558 6.327
78 0 1 22.663 7.170 21.604 6.321
79 0 1 22.710 7.176 21.651 6.327
80 0 1 22.743 7.182 21.684 6.333
81 0 1 22.789 7.176 21.730 6.326
82 0 1 22.822 7.169 21.763 6.320
83 0 1 22.868 7.162 21.810 6.313
84 0 1 22.915 7.155 21.856 6.306
85 0 1 22.961 7.161 21.902 6.312
86 0 1 22.994 7.155 21.935 6.306
87 0 1 23.053 7.148 21.995 6.299
88 0 1 23.100 7.141 22.041 6.292
89 0 1 23.146 7.147 22.087 6.298
90 0 1 23.192 7.140 22.134 6.291
91 0 1 23.238 7.134 22.180 6.285
92 0 1 23.285 7.127 22.226 6.278
93 0 1 23.344 7.120 22.286 6.271
94 0 1 23.390 7.113 22.332 6.264
95 0 1 23.450 7.119 22.392 6.270
96 0 1 23.496 7.112 22.438 6.263
97 0 1 23.543 7.119 22.484 6.270
98 0 1 23.589 7.112 22.530 6.263
99 0 1 23.635 7.118 22.577 6.269
100 0 1 23.681 7.111 22.623 6.262
101 0 1 23.741 7.118 22.682 6.269
102 0 1 23.787 7.111 22.729 6.262
103 0 1 23.847 7.117 22.788 6.268
104 0 1 23.893 7.110 22.835 6.261
105 0 1 23.952 7.103 22.894 6.254
106 0 1 24.012 7.096 22.954 6.248
107 0 1 24.071 7.089 23.013 6.241
108 0 1 24.117 7.083 23.059 6.234
109 0 1 24.177 7.076 23.119 6.227
110 0 1 24.223 7.082 23.165 6.233
111 0 1 24.269 7.088 23.211 6.240
112 0 1 24.316 7.095 23.258 6.246
113 0 1 24.375 7.101 23.317 6.252
114 0 1 24.408 7.094 23.350 6.245
115 0 1 24.468 7.087 23.410 6.239
116 0 1 24.514 7.080 23.456 6.232
117 0 1 24.573 7.087 23.515 6.238
118 0 1 24.620 7.080 23.562 6.231
119 0 1 24.666 7.086 23.608 6.237
120 0 1 24.712 7.079 23.654 6.231
121 0 1 24.772 7.072 23.714 6.224
122 0 1 24.831 7.052 23.773 6.204
123 0 1 24.890 7.059 23.833 6.210
124 0 1 24.937 7.052 23.879 6.203
125 0 1 24.996 7.058 23.938 6.209
126 0 1 25.042 7.051 23.985 6.203
127 0 1 25.102 7.057 24.044 6.209
128 0 1 25.148 7.064 24.090 6.215
129 0 1 25.208 7.070 24.150 6.221
130 0 1 25.254 7.063 24.196 6.215
131 0 1 25.313 7.069 24.255 6.221
132 0 1 25.346 7.076 24.289 6.227
133 0 1 25.392 7.082 24.335 6.234
134 0 1 25.439 7.075 24.381 6.227
135 0 1 25.498 7.068 24.440 6.220
136 0 1 25.544 7.048 24.487 6.200
137 0 1 25.604 7.028 24.546 6.180
138 0 1 25.663 6.995 24.606 6.147
139 0 1 25.723 6.988 24.665 6.140
140 0 1 25.769 6.968 24.711 6.120
141 0 1 25.828 6.961 24.771 6.113
142 0 1 25.874 6.954 24.817 6.106
143 0 1 25.921 6.961 24.863 6.112
144 0 1 25.967 6.941 24.909 6.092
145 0 1 26.026 6.934 24.969 6.086
146 0 1 26.072 6.914 25.015 6.066
147 0 1 26.132 6.907 25.074 6.059
148 0 1 26.178 6.887 25.121 6.039
149 0 1 26.224 6.880 25.167 6.032
150 0 1 26.270 6.873 25.213 6.025
151 0 1 26.330 6.867 25.273 6.018
152 0 1 26.389 6.847 25.332 5.998
153 0 1 26.449 6.853 25.391 6.004
154 0 1 26.495 6.846 25.438 5.998
155 0 1 26.554 6.852 25.497 6.004
156 0 1 26.600 6.832 25.543 5.984
157 0 1 26.660 6.838 25.603 5.990
158 0 1 26.706 6.832 25.649 5.983
159 0 1 26.765 6.825 25.708 5.976
160 0 1 26.812 6.818 25.755 5.970
161 0 1 26.871 6.798 25.814 5.950
162 0 1 26.917 6.791 25.860 5.943
163 0 1 26.977 6.784 25.920 5.936
164 0 1 27.023 6.777 25.966 5.929
165 0 1 27.082 6.770 26.025 5.922
166 0 1 27.128 6.764 26.071 5.915
167 0 1 27.201 6.757 26.144 5.908
168 0 1 27.247 6.737 26.190 5.888
169 0 1 27.306 6.730 26.250 5.882
170 0 1 27.353 6.710 26.296 5.862
171 0 1 27.412 6.716 26.355 5.868
172 0 1 27.458 6.696 26.401 5.848
173 0 1 27.504 6.702 26.448 5.854
174 0 1 27.537 6.696 26.481 5.848
175 0 1 27.597 6.702 26.540 5.854
176 0 1 27.656 6.695 26.599 5.847
177 0 1 27.715 6.688 26.659 5.840
178 0 1 27.748 6.668 26.692 5.820
179 0 1 27.808 6.661 26.751 5.813
180 0 1 27.854 6.641 26.797 5.793
181 0 1 27.913 6.634 26.857 5.786
182 0 1 27.973 6.628 26.916 5.780
183 0 1 28.032 6.621 26.975 5.773
184 0 1 28.091 6.614 27.035 5.766
185 0 1 28.151 6.620 27.094 5.772
186 0 1 28.197 6.613 27.140 5.765
187 0 1 28.256 6.606 27.200 5.758
188 0 1 28.316 6.599 27.259 5.751
189 0 1 28.362 6.593 27.305 5.745
190 0 1 28.408 6.586 27.351 5.738
191 0 1 28.467 6.579 27.411 5.731
192 0 1 28.513 6.559 27.457 5.711
193 0 1 28.573 6.552 27.516 5.704
194 0 1 28.619 6.545 27.562 5.697
195 0 1 28.691 6.551 27.635 5.703
196 0 1 28.737 6.531 27.681 5.684
197 0 1 28.810 6.538 27.754 5.690
198 0 1 28.856 6.518 27.800 5.670
199 0 1 28.929 6.511 27.872 5.663
200 0 1 28.975 6.504 27.919 5.656
201 0 1 29.034 6.510 27.978 5.662
202 0 1 29.080 6.503 28.024 5.655
203 0 1 29.126 6.510 28.070 5.662
204 0 1 29.159 6.516 28.103 5.668
205 0 1 29.206 6.535 28.150 5.688
206 0 1 29.265 6.529 28.209 5.681
207 0 1 29.324 6.535 28.268 5.687
208 0 1 29.370 6.528 28.314 5.680
209 0 1 29.430 6.521 28.374 5.673
210 0 1 29.476 6.514 28.420 5.667
211 0 1 29.535 6.521 28.479 5.673
212 0 1 29.581 6.527 28.525 5.679
213 0 1 29.641 6.533 28.585 5.685
214 0 1 29.700 6.539 28.644 5.692
215 0 1 29.759 6.546 28.703 5.698
216 0 1 29.805 6.552 28.750 5.704
217 0 1 29.865 6.558 28.809 5.710
218 0 1 29.911 6.564 28.855 5.717
219 0 1 29.970 6.571 28.914 5.723
220 0 1 30.003 6.564 28.947 5.716
221 0 1 30.062 6.570 29.007 5.722
222 0 1 30.109 6.563 29.053 5.716
223 0 1 30.181 6.556 29.125 5.709
224 0 1 30.227 6.550 29.171 5.702
225 0 1 30.286 6.569 29.231 5.721
226 0 1 30.333 6.562 29.277 5.714
227 0 1 30.405 6.581 29.350 5.734
228 0 1 30.451 6.575 29.396 5.727
229 0 1 30.511 6.581 29.455 5.733
230 0 1 30.570 6.587 29.514 5.739
231 0 1 30.629 6.593 29.574 5.746
232 0 1 30.662 6.600 29.607 5.752
233 0 1 30.721 6.619 29.666 5.772
234 0 1 30.754 6.612 29.699 5.765
235 0 1 30.800 6.632 29.745 5.784
236 0 1 30.847 6.638 29.791 5.791
237 0 1 30.906 6.657 29.850 5.810
238 0 1 30.965 6.664 29.910 5.816
239 0 1 31.024 6.670 29.969 5.822
240 0 1 31.071 6.676 30.015 5.829
241 0 1 31.130 6.696 30.075 5.848
242 0 1 31.176 6.702 30.121 5.854
243 0 1 31.235 6.721 30.180 5.874
244 0 1 31.281 6.728 30.226 5.880
245 0 1 31.341 6.747 30.286 5.899
246 0 1 31.387 6.753 30.332 5.906
247 0 1 31.446 6.773 30.391 5.925
248 0 1 31.479 6.792 30.424 5.945
249 0 1 31.538 6.811 30.483 5.964
250 0 1 31.585 6.818 30.529 5.970
251 0 1 31.631 6.824 30.575 5.977
252 0 1 31.677 6.817 30.622 5.970
253 0 1 31.736 6.837 30.681 5.989
254 0 1 31.795 6.830 30.740 5.982
255 0 1 31.855 6.849 30.799 6.002
256 0 1 31.914 6.842 30.859 5.995
257 0 1 31.973 6.861 30.918 6.014
258 0 1 32.019 6.868 30.964 6.021
259 0 1 32.092 6.874 31.037 6.027
260 0 1 32.138 6.880 31.083 6.033
261 0 1 32.210 6.886 31.155 6.039
262 0 1 32.256 6.893 31.201 6.046
263 0 1 32.315 6.899 31.261 6.052
264 0 1 32.348 6.905 31.294 6.058
265 0 1 32.408 6.912 31.353 6.064
266 0 1 32.441 6.918 31.386 6.071
267 0 1 32.487 6.937 31.432 6.090
268 0 1 32.546 6.930 31.491 6.083
269 0 1 32.618 6.950 31.564 6.103
270 0 1 32.678 6.943 31.623 6.096
271 0 1 32.737 6.949 31.682 6.102
272 0 1 32.796 6.955 31.741 6.108
273 0 1 32.855 6.962 31.801 6.114
274 0 1 32.915 6.968 31.860 6.121
275 0 1 32.756 6.798 31.629 6.004
276 0 1 32.730 6.824 31.669 5.984
277 0 1 32.783 6.837 31.721 5.997
278 0 1 32.849 6.850 31.787 6.010
279 0 1 32.914 6.863 31.853 6.022
280 0 1 32.954 6.876 31.893 6.035
281 0 1 33.007 6.875 31.945 6.035
282 0 1 33.046 6.875 31.985 6.035
283 0 1 33.086 6.875 32.024 6.035
284 0 1 33.151 6.875 32.090 6.034
285 0 1 33.204 6.887 32.143 6.047
286 0 1 33.270 6.887 32.209 6.047
287 0 1 33.336 6.900 32.275 6.059
288 0 1 33.388 6.900 32.327 6.059
289 0 1 33.441 6.912 32.380 6.072
290 0 1 33.494 6.912 32.433 6.072
291 0 1 33.559 6.912 32.498 6.071
292 0 1 33.625 6.924 32.564 6.084
293 0 1 33.665 6.924 32.604 6.084
294 0 1 33.730 6.924 32.670 6.084
295 0 1 33.770 6.937 32.709 6.096
296 0 1 33.836 6.936 32.775 6.096
297 0 1 33.862 6.949 32.801 6.109
298 0 1 33.902 6.962 32.841 6.122
299 0 1 33.967 6.975 32.907 6.135
300 0 1 34.020 6.975 32.959 6.134
301 0 1 34.073 6.974 33.012 6.134
302 0 1 34.125 6.987 33.064 6.147
303 0 1 34.178 6.987 33.117 6.147
304 0 1 34.230 7.000 33.170 6.160
305 0 1 34.296 7.013 33.236 6.172
306 0 1 34.362 7.025 33.301 6.185
307 0 1 34.402 7.025 33.341 6.185
308 0 1 34.467 7.038 33.407 6.198
309 0 1 34.507 7.051 33.446 6.211
310 0 1 34.573 7.050 33.512 6.210
311 0 1 34.612 7.063 33.551 6.223
312 0 1 34.678 7.063 33.617 6.223
313 0 1 34.704 7.063 33.644 6.223
314 0 1 34.757 7.062 33.696 6.222
315 0 1 34.822 7.062 33.762 6.222
316 0 1 34.888 7.062 33.828 6.222
317 0 1 34.928 7.061 33.867 6.221
318 0 1 34.993 7.061 33.933 6.221
319 0 1 35.046 7.074 33.986 6.234
320 0 1 35.099 7.074 34.038 6.234
321 0 1 35.164 7.073 34.104 6.233
322 0 1 35.230 7.073 34.170 6.233
323 0 1 35.270 7.073 34.209 6.233
324 0 1 35.335 7.072 34.275 6.232
325 0 1 35.375 7.072 34.315 6.232
326 0 1 35.440 7.085 34.380 6.245
327 0 1 35.480 7.085 34.420 6.245
328 0 1 35.533 7.097 34.472 6.257
329 0 1 35.585 7.097 34.525 6.257
330 0 1 35.638 7.097 34.578 6.257
331 0 1 35.690 7.097 34.630 6.257
332 0 1 35.743 7.096 34.683 6.256
333 0 1 35.795 7.109 34.735 6.269
334 0 1 35.848 7.109 34.788 6.269
335 0 1 35.901 7.122 34.841 6.282
336 0 1 35.953 7.121 34.893 6.281
337 0 1 36.006 7.134 34.946 6.294
338 0 1 36.058 7.134 34.998 6.294
339 0 1 36.111 7.147 35.051 6.307
340 0 1 36.164 7.146 35.104 6.306
341 0 1 36.216 7.146 35.156 6.306
342 0 1 36.269 7.146 35.209 6.306
343 0 1 36.321 7.145 35.261 6.306
344 0 1 36.361 7.145 35.301 6.305
345 0 1 36.400 7.145 35.340 6.305
346 0 1 36.466 7.145 35.406 6.305
347 0 1 36.518 7.157 35.459 6.318
348 0 1 36.571 7.157 35.511 6.317
349 0 1 36.624 7.157 35.564 6.317
350 0 1 36.676 7.157 35.616 6.317
351 0 1 36.742 7.156 35.682 6.316
352 0 1 36.808 7.156 35.748 6.316
353 0 1 36.847 7.156 35.787 6.316
354 0 1 36.913 7.155 35.853 6.316
355 0 1 36.965 7.155 35.906 6.315
356 0 1 37.018 7.155 35.958 6.315
357 0 1 37.070 7.154 36.011 6.315
358 0 1 37.123 7.167 36.063 6.327
359 0 1 37.162 7.167 36.103 6.327
360 0 1 37.215 7.167 36.155 6.327
361 0 1 37.267 7.166 36.208 6.327
362 0 1 37.320 7.179 36.260 6.340
363 0 1 37.386 7.179 36.326 6.339
364 0 1 37.425 7.192 36.366 6.352
365 0 1 37.491 7.191 36.431 6.352
366 0 1 37.530 7.204 36.471 6.365
367 0 1 37.596 7.217 36.536 6.377
368 0 1 37.635 7.230 36.576 6.390
369 0 1 37.701 7.229 36.642 6.390
370 0 1 37.740 7.242 36.681 6.403
371 0 1 37.806 7.255 36.747 6.416
372 0 1 37.845 7.268 36.786 6.428
373 0 1 37.911 7.268 36.852 6.428
374 0 1 37.951 7.280 36.891 6.441
375 0 1 38.016 7.280 36.957 6.441
376 0 1 38.056 7.280 36.996 6.440
377 0 1 38.108 7.293 37.049 6.453
378 0 1 38.148 7.292 37.088 6.453
379 0 1 38.187 7.292 37.128 6.453
380 0 1 38.240 7.305 37.180 6.466
381 0 1 38.292 7.305 37.233 6.465
382 0 1 38.345 7.304 37.285 6.465
383 0 1 38.397 7.317 37.338 6.478
384 0 1 38.463 7.317 37.404 6.477
385 0 1 38.502 7.317 37.443 6.477
386 0 1 38.568 7.329 37.509 6.490
387 0 1 38.620 7.329 37.561 6.490
388 0 1 38.673 7.329 37.614 6.489
389 0 1 38.712 7.342 37.653 6.502
390 0 1 38.778 7.341 37.719 6.502
391 0 1 38.804 7.354 37.745 6.515
392 0 1 38.844 7.354 37.785 6.515
393 0 1 38.896 7.367 37.837 6.528
394 0 1 38.935 7.367 37.877 6.527
395 0 1 38.975 7.366 37.916 6.527
396 0 1 39.027 7.379 37.969 6.540
397 0 1 39.067 7.379 38.008 6.540
398 0 1 39.106 7.392 38.047 6.553
399 0 1 39.159 7.405 38.100 6.565
400 0 1 39.211 7.404 38.152 6.565
401 0 1 39.264 7.417 38.205 6.578
402 0 1 39.316 7.417 38.258 6.578
403 0 1 39.369 7.430 38.310 6.590
404 0 1 39.421 7.429 38.363 6.590
405 0 1 39.474 7.442 38.415 6.603
406 0 1 39.526 7.442 38.468 6.603
407 0 1 39.566 7.442 38.507 6.602
408 0 1 39.592 7.441 38.533 6.602
409 0 1 39.644 7.441 38.586 6.602
410 0 1 39.684 7.441 38.625 6.602
411 0 1 39.749 7.441 38.691 6.601
412 0 1 39.789 7.440 38.730 6.601
413 0 1 39.854 7.440 38.796 6.601
414 0 1 39.894 7.440 38.835 6.601
415 0 1 39.959 7.439 38.901 6.600
416 0 1 40.012 7.452 38.953 6.613
417 0 1 40.064 7.452 39.006 6.613
418 0 1 40.130 7.451 39.071 6.612
419 0 1 40.195 7.451 39.137 6.612
420 0 1 40.235 7.451 39.176 6.612
421 0 1 40.287 7.451 39.229 6.612
422 0 1 40.340 7.450 39.281 6.611
423 0 1 40.379 7.450 39.321 6.611
424 0 1 40.405 7.463 39.347 6.624
425 0 1 40.458 7.463 39.400 6.624
426 0 1 40.510 7.475 39.452 6.637
427 0 1 40.563 7.475 39.505 6.636
428 0 1 40.615 7.488 39.557 6.649
429 0 1 40.655 7.488 39.596 6.649
430 0 1 40.720 7.500 39.662 6.662
431 0 1 40.760 7.513 39.701 6.674
432 0 1 40.825 7.513 39.767 6.674
433 0 1 40.878 7.526 39.820 6.687
434 0 1 40.930 7.525 39.872 6.687
0 1 1 19.348 8.057 18.473 7.364
1 1 1 19.375 8.077 18.460 7.351
2 1 1 19.388 8.077 18.473 7.351
3 1 1 19.375 8.077 18.460 7.351
4 1 1 19.401 8.076 18.487 7.351
5 1 1 19.414 8.096 18.500 7.371
6 1 1 19.414 8.090 18.500 7.364
7 1 1 19.428 8.089 18.513 7.364
8 1 1 19.461 8.089 18.546 7.364
9 1 1 19.467 8.089 18.553 7.364
10 1 1 19.832 8.087 18.613 7.370
11 1 1 19.785 8.081 18.632 7.363
12 1 1 19.812 8.094 18.659 7.376
13 1 1 19.845 8.100 18.692 7.383
14 1 1 19.871 8.120 18.719 7.402
15 1 1 19.911 8.100 18.758 7.382
16 1 1 19.931 8.093 18.778 7.376
17 1 1 19.977 8.093 18.825 7.376
18 1 1 19.997 8.093 18.844 7.375
19 1 1 20.043 8.086 18.891 7.369
20 1 1 20.063 8.079 18.911 7.362
21 1 1 20.096 8.072 18.944 7.355
22 1 1 20.116 8.066 18.964 7.348
23 1 1 20.149 8.059 18.997 7.342
24 1 1 20.169 8.052 19.017 7.335
25 1 1 20.202 8.059 19.050 7.341
26 1 1 20.222 8.052 19.070 7.335
27 1 1 20.255 8.058 19.103 7.341
28 1 1 20.275 8.052 19.123 7.334
29 1 1 20.308 8.058 19.156 7.341
30 1 1 20.341 8.051 19.189 7.334
31 1 1 20.374 8.058 19.222 7.340
32 1 1 20.408 8.064 19.255 7.347
33 1 1 20.441 8.070 19.288 7.353
34 1 1 20.474 8.077 19.321 7.360
35 1 1 20.520 8.096 19.368 7.379
36 1 1 20.553 8.103 19.401 7.385
37 1 1 20.600 8.109 19.447 7.392
38 1 1 20.633 8.115 19.480 7.398
39 1 1 20.679 8.135 19.527 7.418
40 1 1 20.712 8.141 19.560 7.424
41 1 1 20.745 8.148 19.593 7.430
42 1 1 20.778 8.154 19.626 7.437
43 1 1 20.825 8.173 19.672 7.456
44 1 1 20.858 8.180 19.705 7.463
45 1 1 20.904 8.186 19.752 7.469
46 1 1 20.937 8.193 19.785 7.475
47 1 1 20.970 8.212 19.818 7.495
48 1 1 21.003 8.218 19.851 7.501
49 1 1 21.050 8.225 19.898 7.508
50 1 1 21.083 8.231 19.931 7.514
51 1 1 21.142 8.237 19.990 7.520
52 1 1 21.176 8.244 20.023 7.527
53 1 1 21.235 8.250 20.083 7.533
54 1 1 21.281 8.256 20.129 7.539
55 1 1 21.341 8.263 20.189 7.545
56 1 1 21.387 8.256 20.235 7.539
57 1 1 21.447 8.262 20.295 7.545
58 1 1 21.493 8.268 20.341 7.551
59 1 1 21.553 8.274 20.401 7.557
60 1 1 21.599 8.268 20.447 7.551
61 1 1 21.659 8.274 20.507 7.557
62 1 1 21.692 8.280 20.540 7.563
63 1 1 21.751 8.286 20.599 7.569
64 1 1 21.784 8.280 20.632 7.563
65 1 1 21.844 8.286 20.692 7.569
66 1 1 21.890 8.292 20.738 7.575
67 1 1 21.936 8.299 20.785 7.582
68 1 1 21.983 8.305 20.831 7.588
69 1 1 22.029 8.324 20.877 7.607
70 1 1 22.075 8.331 20.924 7.614
71 1 1 22.135 8.337 20.983 7.620
72 1 1 22.181 8.343 21.030 7.626
73 1 1 22.241 8.363 21.089 7.646
74 1 1 22.287 8.369 21.135 7.652
75 1 1 22.333 8.388 21.182 7.671
76 1 1 22.380 8.395 21.228 7.678
77 1 1 22.439 8.401 21.288 7.684
78 1 1 22.486 8.407 21.334 7.690
79 1 1 22.532 8.413 21.380 7.697
80 1 1 22.578 8.420 21.427 7.703
81 1 1 22.624 8.426 21.473 7.709
82 1 1 22.671 8.432 21.519 7.715
83 1 1 22.717 8.439 21.566 7.722
84 1 1 22.750 8.445 21.599 7.728
85 1 1 22.796 8.451 21.645 7.734
86 1 1 22.830 8.458 21.678 7.741
87 1 1 22.889 8.464 21.738 7.747
88 1 1 22.922 8.470 21.771 7.754
89 1 1 22.982 8.477 21.830 7.760
90 1 1 23.028 8.470 21.877 7.753
91 1 1 23.074 8.476 21.923 7.759
92 1 1 23.134 8.469 21.982 7.752
93 1 1 23.193 8.475 22.042 7.759
94 1 1 23.246 8.580 22.088 7.844
95 1 1 23.240 8.567 22.088 7.850
96 1 1 23.299 8.560 22.148 7.843
97 1 1 23.345 8.566 22.194 7.850
98 1 1 23.392 8.560 22.240 7.843
99 1 1 23.438 8.566 22.287 7.849
100 1 1 23.484 8.559 22.333 7.842
101 1 1 23.530 8.565 22.379 7.849
102 1 1 23.577 8.572 22.426 7.855
103 1 1 23.623 8.578 22.472 7.861
104 1 1 23.683 8.584 22.531 7.868
105 1 1 23.716 8.591 22.565 7.874
106 1 1 23.775 8.584 22.624 7.867
107 1 1 23.821 8.590 22.670 7.873
108 1 1 23.881 8.596 22.730 7.880
109 1 1 23.927 8.602 22.776 7.886
110 1 1 23.987 8.596 22.836 7.879
111 1 1 24.033 8.602 22.882 7.885
112 1 1 24.092 8.595 22.941 7.878
113 1 1 24.152 8.601 23.001 7.885
114 1 1 24.211 8.607 23.061 7.891
115 1 1 24.258 8.614 23.107 7.897
116 1 1 24.317 8.607 23.166 7.890
117 1 1 24.363 8.613 23.213 7.896
118 1 1 24.423 8.606 23.272 7.890
119 1 1 24.469 8.612 23.318 7.896
120 1 1 24.515 8.606 23.365 7.889
121 1 1 24.562 8.612 23.411 7.895
122 1 1 24.608 8.605 23.457 7.888
123 1 1 24.654 8.611 23.503 7.895
124 1 1 24.714 8.604 23.563 7.888
125 1 1 24.747 8.611 23.596 7.894
126 1 1 24.806 8.604 23.656 7.887
127 1 1 24.852 8.597 23.702 7.880
128 1 1 24.912 8.590 23.761 7.874
129 1 1 24.971 8.596 23.821 7.880
130 1 1 25.031 8.589 23.880 7.873
131 1 1 25.077 8.596 23.927 7.879
132 1 1 25.150 8.589 23.999 7.872
133 1 1 25.196 8.582 24.045 7.865
134 1 1 25.255 8.575 24.105 7.858
135 1 1 25.288 8.581 24.138 7.865
136 1 1 25.348 8.574 24.197 7.858
137 1 1 25.394 8.581 24.244 7.864
138 1 1 25.440 8.587 24.290 7.871
139 1 1 25.486 8.593 24.336 7.877
140 1 1 25.546 8.586 24.396 7.870
141 1 1 25.592 8.593 24.442 7.876
142 1 1 25.638 8.599 24.488 7.883
143 1 1 25.685 8.605 24.534 7.889
144 1 1 25.744 8.598 24.594 7.882
145 1 1 25.777 8.605 24.627 7.888
146 1 1 25.836 8.598 24.686 7.881
147 1 1 25.883 8.604 24.733 7.888
148 1 1 25.942 8.610 24.792 7.894
149 1 1 25.988 8.617 24.838 7.900
150 1 1 26.048 8.610 24.898 7.893
151 1 1 26.081 8.616 24.931 7.900
152 1 1 26.140 8.609 24.990 7.893
153 1 1 26.173 8.602 25.023 7.886
154 1 1 26.219 8.595 25.070 7.879
155 1 1 26.252 8.589 25.103 7.872
156 1 1 26.299 8.582 25.149 7.866
157 1 1 26.332 8.588 25.182 7.872
158 1 1 26.378 8.581 25.228 7.865
159 1 1 26.411 8.575 25.261 7.858
160 1 1 26.470 8.568 25.321 7.851
161 1 1 26.503 8.574 25.354 7.858
162 1 1 26.550 8.554 25.400 7.838
163 1 1 26.596 8.547 25.446 7.831
164 1 1 26.655 8.540 25.505 7.824
165 1 1 26.688 8.533 25.538 7.817
166 1 1 26.748 8.513 25.598 7.797
167 1 1 26.794 8.507 25.644 7.790
168 1 1 26.853 8.487 25.704 7.770
169 1 1 26.899 8.480 25.750 7.763
170 1 1 26.945 8.460 25.796 7.744
171 1 1 26.992 8.453 25.842 7.737
172 1 1 27.025 8.446 25.875 7.730
173 1 1 27.058 8.439 25.908 7.723
174 1 1 27.117 8.419 25.968 7.703
175 1 1 27.163 8.412 26.014 7.696
176 1 1 27.209 8.392 26.060 7.676
177 1 1 27.242 8.386 26.093 7.670
178 1 1 27.302 8.379 26.152 7.663
179 1 1 27.335 8.372 26.185 7.656
180 1 1 27.381 8.365 26.232 7.649
181 1 1 27.427 8.358 26.278 7.642
182 1 1 27.487 8.338 26.337 7.622
183 1 1 27.533 8.345 26.383 7.628
184 1 1 27.592 8.324 26.443 7.608
185 1 1 27.638 8.331 26.489 7.615
186 1 1 27.698 8.311 26.548 7.595
187 1 1 27.757 8.317 26.608 7.601
188 1 1 27.803 8.310 26.654 7.594
189 1 1 27.849 8.303 26.700 7.587
190 1 1 27.896 8.283 26.746 7.567
191 1 1 27.929 8.276 26.779 7.560
192 1 1 27.975 8.270 26.826 7.554
193 1 1 28.021 8.263 26.872 7.547
194 1 1 28.067 8.256 26.918 7.540
195 1 1 28.100 8.249 26.951 7.533
196 1 1 28.146 8.242 26.997 7.526
197 1 1 28.179 8.249 27.030 7.533
198 1 1 28.225 8.242 27.076 7.526
199 1 1 28.271 8.235 27.123 7.519
200 1 1 28.318 8.228 27.169 7.512
201 1 1 28.364 8.221 27.215 7.505
202 1 1 28.410 8.201 27.261 7.485
203 1 1 28.456 8.195 27.307 7.479
204 1 1 28.515 8.175 27.367 7.459
205 1 1 28.562 8.168 27.413 7.452
206 1 1 28.608 8.161 27.459 7.445
207 1 1 28.654 8.154 27.505 7.438
208 1 1 28.713 8.147 27.565 7.431
209 1 1 28.746 8.140 27.598 7.424
210 1 1 28.806 8.133 27.657 7.418
211 1 1 28.852 8.140 27.703 7.424
212 1 1 28.911 8.133 27.763 7.417
213 1 1 28.957 8.126 27.809 7.410
214 1 1 29.017 8.119 27.868 7.403
215 1 1 29.063 8.125 27.914 7.409
216 1 1 29.122 8.118 27.974 7.403
217 1 1 29.168 8.125 28.020 7.409
218 1 1 29.228 8.118 28.079 7.402
219 1 1 29.274 8.124 28.125 7.408
220 1 1 29.333 8.117 28.185 7.401
221 1 1 29.379 8.123 28.231 7.408
222 1 1 29.439 8.117 28.290 7.401
223 1 1 29.485 8.123 28.336 7.407
224 1 1 29.544 8.116 28.396 7.400
225 1 1 29.577 8.122 28.429 7.407
226 1 1 29.636 8.115 28.488 7.400
227 1 1 29.682 8.122 28.534 7.406
228 1 1 29.729 8.115 28.580 7.399
229 1 1 29.775 8.121 28.627 7.405
230 1 1 29.834 8.114 28.686 7.399
231 1 1 29.867 8.121 28.719 7.405
232 1 1 29.926 8.114 28.778 7.398
233 1 1 29.972 8.107 28.824 7.391
234 1 1 30.032 8.113 28.884 7.397
235 1 1 30.078 8.119 28.930 7.404
236 1 1 30.137 8.112 28.989 7.397
237 1 1 30.197 8.119 29.049 7.403
238 1 1 30.256 8.112 29.108 7.396
239 1 1 30.315 8.118 29.167 7.402
240 1 1 30.374 8.111 29.227 7.395
241 1 1 30.434 8.117 29.286 7.402
242 1 1 30.493 8.124 29.345 7.408
243 1 1 30.552 8.130 29.405 7.414
244 1 1 30.612 8.136 29.464 7.420
245 1 1 30.671 8.142 29.523 7.427
246 1 1 30.717 8.135 29.569 7.420
247 1 1 30.763 8.155 29.616 7.439
248 1 1 30.823 8.148 29.675 7.432
249 1 1 30.869 8.154 29.721 7.439
250 1 1 30.928 8.160 29.780 7.445
251 1 1 30.974 8.167 29.826 7.451
252 1 1 31.033 8.160 29.886 7.444
253 1 1 31.093 8.179 29.945 7.464
254 1 1 31.152 8.172 30.004 7.457
255 1 1 31.211 8.192 30.064 7.476
256 1 1 31.271 8.185 30.123 7.469
257 1 1 31.317 8.204 30.169 7.489
258 1 1 31.376 8.197 30.229 7.482
259 1 1 31.422 8.203 30.275 7.488
260 1 1 31.481 8.197 30.334 7.481
261 1 1 31.528 8.203 30.380 7.487
262 1 1 31.574 8.196 30.426 7.481
263 1 1 31.620 8.202 30.472 7.487
264 1 1 31.666 8.195 30.518 7.480
265 1 1 31.712 8.202 30.565 7.486
266 1 1 31.771 8.195 30.624 7.479
267 1 1 31.817 8.201 30.670 7.486
268 1 1 31.877 8.194 30.729 7.479
269 1 1 31.923 8.200 30.775 7.485
270 1 1 31.982 8.194 30.835 7.478
271 1 1 32.028 8.200 30.881 7.485
272 1 1 32.087 8.193 30.940 7.478
273 1 1 32.133 8.199 30.986 7.484
274 1 1 32.193 8.192 31.046 7.477
275 1 1 32.239 8.199 31.092 7.483
276 1 1 32.298 8.205 31.151 7.490
277 1 1 32.344 8.211 31.197 7.496
278 1 1 32.403 8.204 31.256 7.489
279 1 1 32.449 8.211 31.302 7.495
280 1 1 32.509 8.217 31.362 7.501
281 1 1 32.542 8.223 31.395 7.508
282 1 1 32.601 8.216 31.454 7.501
283 1 1 32.647 8.222 31.500 7.507
284 1 1 32.706 8.216 31.559 7.500
285 1 1 32.752 8.222 31.605 7.507
286 1 1 32.811 8.228 31.665 7.513
287 1 1 32.858 8.234 31.711 7.519
288 1 1 32.917 8.241 31.770 7.525
289 1 1 32.976 8.247 31.829 7.532
290 1 1 33.035 8.253 31.889 7.538
291 1 1 33.081 8.259 31.935 7.544
292 1 1 33.141 8.266 31.994 7.550
293 1 1 33.187 8.272 32.040 7.557
294 1 1 33.246 8.265 32.099 7.550
295 1 1 33.279 8.284 32.132 7.569
296 1 1 33.338 8.277 32.192 7.562
297 1 1 33.384 8.284 32.238 7.569
298 1 1 33.443 8.290 32.297 7.575
299 1 1 33.476 8.296 32.330 7.581
300 1 1 33.536 8.289 32.389 7.574
301 1 1 33.582 8.296 32.435 7.581
302 1 1 33.628 8.289 32.481 7.574
303 1 1 33.674 8.295 32.527 7.580
304 1 1 33.720 8.288 32.573 7.573
305 1 1 33.766 8.295 32.619 7.580
306 1 1 33.825 8.301 32.679 7.586
307 1 1 33.871 8.307 32.725 7.592
308 1 1 33.930 8.300 32.784 7.585
309 1 1 33.976 8.307 32.830 7.592
310 1 1 34.036 8.313 32.889 7.598
311 1 1 34.082 8.319 32.935 7.604
312 1 1 34.141 8.325 32.995 7.610
313 1 1 34.187 8.332 33.041 7.617
314 1 1 34.246 8.338 33.100 7.623
315 1 1 34.292 8.344 33.146 7.629
316 1 1 34.351 8.337 33.205 7.622
317 1 1 34.088 8.345 32.975 7.617
318 1 1 34.108 8.339 32.968 7.624
319 1 1 34.147 8.345 33.008 7.630
320 1 1 34.187 8.338 33.047 7.623
321 1 1 34.226 8.344 33.087 7.629
322 1 1 34.279 8.338 33.139 7.623
323 1 1 34.332 8.357 33.192 7.642
324 1 1 34.384 8.350 33.245 7.635
325 1 1 34.450 8.369 33.311 7.654
326 1 1 34.503 8.362 33.363 7.648
327 1 1 34.569 8.382 33.429 7.667
328 1 1 34.621 8.375 33.482 7.660
329 1 1 34.674 8.394 33.534 7.679
330 1 1 34.726 8.387 33.587 7.672
331 1 1 34.766 8.407 33.627 7.692
332 1 1 34.819 8.413 33.679 7.698
333 1 1 34.871 8.419 33.732 7.704
334 1 1 34.924 8.426 33.784 7.711
335 1 1 34.963 8.432 33.824 7.717
336 1 1 35.016 8.438 33.877 7.723
337 1 1 35.055 8.458 33.916 7.743
338 1 1 35.095 8.464 33.956 7.749
339 1 1 35.134 8.483 33.995 7.769
340 1 1 35.174 8.477 34.035 7.762
341 1 1 35.226 8.496 34.087 7.781
342 1 1 35.279 8.489 34.140 7.774
343 1 1 35.332 8.508 34.193 7.794
344 1 1 35.384 8.502 34.245 7.787
345 1 1 35.437 8.508 34.298 7.793
346 1 1 35.503 8.514 34.364 7.799
347 1 1 35.555 8.520 34.416 7.805
348 1 1 35.608 8.526 34.469 7.812
349 1 1 35.660 8.533 34.521 7.818
350 1 1 35.700 8.539 34.561 7.824
351 1 1 35.752 8.558 34.614 7.844
352 1 1 35.792 8.565 34.653 7.850
353 1 1 35.845 8.571 34.706 7.856
354 1 1 35.884 8.577 34.745 7.863
355 1 1 35.923 8.584 34.785 7.869
356 1 1 35.976 8.590 34.837 7.875
357 1 1 36.029 8.596 34.890 7.881
358 1 1 36.081 8.602 34.942 7.888
359 1 1 36.134 8.609 34.995 7.894
360 1 1 36.186 8.615 35.048 7.900
361 1 1 36.239 8.634 35.100 7.920
362 1 1 36.292 8.640 35.153 7.926
363 1 1 36.344 8.660 35.206 7.945
364 1 1 36.397 8.666 35.258 7.951
365 1 1 36.449 8.685 35.311 7.971
366 1 1 36.502 8.692 35.363 7.977
367 1 1 36.541 8.711 35.403 7.996
368 1 1 36.594 8.717 35.455 8.003
369 1 1 36.634 8.737 35.495 8.022
370 1 1 36.686 8.730 35.548 8.015
371 1 1 36.726 8.749 35.587 8.035
372 1 1 36.765 8.756 35.626 8.041
373 1 1 36.804 8.775 35.666 8.061
374 1 1 36.857 8.781 35.719 8.067
375 1 1 36.896 8.801 35.758 8.086
376 1 1 36.936 8.807 35.798 8.093
377 1 1 36.988 8.813 35.850 8.099
378 1 1 37.041 8.820 35.903 8.105
379 1 1 37.094 8.826 35.955 8.111
380 1 1 37.146 8.832 36.008 8.118
381 1 1 37.212 8.838 36.074 8.124
382 1 1 37.264 8.844 36.126 8.130
383 1 1 37.317 8.851 36.179 8.136
384 1 1 37.370 8.844 36.231 8.129
385 1 1 37.409 8.863 36.271 8.149
386 1 1 37.462 8.869 36.323 8.155
387 1 1 37.501 8.876 36.363 8.161
388 1 1 37.554 8.882 36.415 8.168
389 1 1 37.606 8.888 36.468 8.174
390 1 1 37.646 8.895 36.507 8.180
391 1 1 37.685 8.901 36.547 8.186
392 1 1 37.738 8.907 36.599 8.193
393 1 1 37.777 8.927 36.639 8.212
394 1 1 37.830 8.933 36.692 8.218
395 1 1 37.869 8.939 36.731 8.225
396 1 1 37.922 8.945 36.784 8.231
397 1 1 37.974 8.965 36.836 8.250
398 1 1 38.027 8.984 36.889 8.270
399 1 1 38.079 9.003 36.941 8.289
400 1 1 38.132 9.010 36.994 8.295
401 1 1 38.171 9.029 37.033 8.315
402 1 1 38.224 9.035 37.086 8.321
403 1 1 38.263 9.055 37.125 8.340
404 1 1 38.316 9.061 37.178 8.347
405 1 1 38.355 9.067 37.217 8.353
406 1 1 38.395 9.074 37.257 8.359
407 1 1 38.447 9.093 37.309 8.379
408 1 1 38.487 9.099 37.349 8.385
409 1 1 38.526 9.119 37.388 8.404
410 1 1 38.579 9.112 37.441 8.398
411 1 1 38.618 9.131 37.480 8.417
412 1 1 38.670 9.137 37.533 8.423
413 1 1 38.723 9.144 37.585 8.429
414 1 1 38.776 9.150 37.638 8.436
415 1 1 38.828 9.156 37.691 8.442
416 1 1 38.881 9.162 37.743 8.448
417 1 1 38.933 9.182 37.796 8.468
418 1 1 38.986 9.175 37.848 8.461
419 1 1 39.038 9.181 37.901 8.467
420 1 1 39.091 9.187 37.953 8.473
421 1 1 39.130 9.207 37.993 8.493
422 1 1 39.183 9.200 38.045 8.486
423 1 1 39.222 9.219 38.085 8.505
424 1 1 39.275 9.212 38.137 8.498
425 1 1 39.327 9.219 38.190 8.505
426 1 1 39.366 9.225 38.229 8.511
427 1 1 39.419 9.244 38.282 8.530
428 1 1 39.458 9.251 38.321 8.537
429 1 1 39.511 9.257 38.374 8.543
430 1 1 39.563 9.263 38.426 8.549
431 1 1 39.616 9.282 38.479 8.568
432 1 1 39.669 9.289 38.531 8.575
433 1 1 39.721 9.321 38.584 8.607
434 1 1 39.774 9.327 38.636 8.613
0 2 1 19.567 9.227 18.560 8.536
1 2 1 19.594 9.247 18.540 8.523
2 2 1 19.607 9.247 18.553 8.523
3 2 1 19.620 9.247 18.567 8.522
4 2 1 19.633 9.247 18.580 8.522
5 2 1 19.647 9.247 18.593 8.522
6 2 1 19.660 9.260 18.606 8.535
7 2 1 19.686 9.260 18.633 8.535
8 2 1 19.719 9.273 18.666 8.548
9 2 1 19.739 9.273 18.686 8.548
10 2 1 19.700 9.306 18.679 8.601
11 2 1 19.680 9.299 18.653 8.594
12 2 1 19.726 9.312 18.699 8.607
13 2 1 19.753 9.319 18.726 8.614
14 2 1 19.806 9.331 18.779 8.627
15 2 1 19.806 9.331 18.779 8.627
16 2 1 19.832 9.338 18.805 8.633
17 2 1 19.852 9.344 18.825 8.639
18 2 1 19.898 9.337 18.871 8.633
19 2 1 19.925 9.344 18.898 8.639
20 2 1 19.965 9.337 18.938 8.632
21 2 1 20.004 9.343 18.977 8.639
22 2 1 20.044 9.336 19.017 8.632
23 2 1 20.084 9.343 19.057 8.638
24 2 1 20.468 9.452 19.103 8.559
25 2 1 20.322 9.374 19.229 8.637
26 2 1 20.362 9.367 19.269 8.630
27 2 1 20.388 9.334 19.295 8.597
28 2 1 20.428 9.321 19.335 8.584
29 2 1 20.481 9.321 19.388 8.583
30 2 1 20.547 9.320 19.454 8.583
31 2 1 20.587 9.320 19.494 8.583
32 2 1 20.653 9.320 19.560 8.582
33 2 1 20.693 9.319 19.600 8.582
34 2 1 20.746 9.319 19.653 8.582
35 2 1 20.799 9.332 19.706 8.595
36 2 1 20.839 9.318 19.746 8.581
37 2 1 20.878 9.331 19.785 8.594
38 2 1 20.931 9.331 19.838 8.594
39 2 1 20.997 9.331 19.905 8.594
40 2 1 21.037 9.330 19.944 8.593
41 2 1 21.103 9.330 20.011 8.593
42 2 1 21.156 9.330 20.064 8.593
43 2 1 21.209 9.329 20.117 8.592
44 2 1 21.262 9.329 20.169 8.592
45 2 1 21.315 9.329 20.222 8.592
46 2 1 21.381 9.328 20.289 8.591
47 2 1 21.447 9.328 20.355 8.591
48 2 1 21.487 9.341 20.395 8.604
49 2 1 21.553 9.354 20.461 8.617
50 2 1 21.593 9.340 20.501 8.603
51 2 1 21.659 9.353 20.567 8.616
52 2 1 21.699 9.353 20.606 8.616
53 2 1 21.765 9.352 20.673 8.615
54 2 1 21.818 9.352 20.726 8.615
55 2 1 21.884 9.352 20.792 8.615
56 2 1 21.964 9.351 20.871 8.614
57 2 1 22.030 9.338 20.937 8.601
58 2 1 22.083 9.337 20.990 8.600
59 2 1 22.136 9.337 21.043 8.600
60 2 1 22.189 9.323 21.096 8.586
61 2 1 22.255 9.310 21.162 8.573
62 2 1 22.321 9.309 21.229 8.572
63 2 1 22.374 9.322 21.282 8.585
64 2 1 22.440 9.309 21.348 8.572
65 2 1 22.506 9.321 21.414 8.585
66 2 1 22.559 9.321 21.467 8.584
67 2 1 22.612 9.321 21.520 8.584
68 2 1 22.678 9.334 21.586 8.597
69 2 1 22.744 9.346 21.652 8.609
70 2 1 22.797 9.346 21.705 8.609
71 2 1 22.863 9.346 21.771 8.609
72 2 1 22.943 9.358 21.851 8.621
73 2 1 23.009 9.371 21.917 8.634
74 2 1 23.062 9.371 21.970 8.634
75 2 1 23.115 9.384 22.023 8.647
76 2 1 23.167 9.396 22.076 8.660
77 2 1 23.220 9.383 22.129 8.646
78 2 1 23.273 9.396 22.181 8.659
79 2 1 23.326 9.395 22.234 8.659
80 2 1 23.392 9.408 22.301 8.671
81 2 1 23.458 9.421 22.367 8.684
82 2 1 23.498 9.421 22.406 8.684
83 2 1 23.564 9.420 22.473 8.684
84 2 1 23.617 9.420 22.525 8.683
85 2 1 23.683 9.419 22.592 8.683
86 2 1 23.749 9.419 22.658 8.682
87 2 1 23.802 9.419 22.711 8.682
88 2 1 23.868 9.405 22.777 8.669
89 2 1 23.934 9.418 22.843 8.681
90 2 1 23.974 9.405 22.883 8.668
91 2 1 24.040 9.404 22.949 8.668
92 2 1 24.080 9.404 22.988 8.667
93 2 1 24.146 9.403 23.054 8.667
94 2 1 24.186 9.403 23.094 8.667
95 2 1 24.252 9.403 23.160 8.666
96 2 1 24.291 9.403 23.200 8.666
97 2 1 24.357 9.402 23.266 8.666
98 2 1 24.410 9.402 23.319 8.665
99 2 1 24.476 9.415 23.385 8.678
100 2 1 24.542 9.401 23.451 8.665
101 2 1 24.595 9.427 23.504 8.691
102 2 1 24.661 9.427 23.570 8.690
103 2 1 24.728 9.439 23.636 8.703
104 2 1 24.780 9.439 23.689 8.703
105 2 1 24.833 9.439 23.742 8.702
106 2 1 24.886 9.438 23.795 8.702
107 2 1 24.952 9.451 23.861 8.715
108 2 1 25.018 9.464 23.927 8.727
109 2 1 25.071 9.464 23.980 8.727
110 2 1 25.124 9.463 24.033 8.727
111 2 1 25.190 9.476 24.099 8.740
112 2 1 25.256 9.489 24.165 8.752
113 2 1 25.322 9.475 24.231 8.739
114 2 1 25.401 9.488 24.311 8.751
115 2 1 25.468 9.474 24.377 8.738
116 2 1 25.520 9.474 24.430 8.738
117 2 1 25.586 9.474 24.496 8.737
118 2 1 25.652 9.473 24.562 8.737
119 2 1 25.692 9.473 24.601 8.737
120 2 1 25.745 9.473 24.654 8.736
121 2 1 25.811 9.472 24.720 8.736
122 2 1 25.864 9.472 24.773 8.736
123 2 1 25.917 9.472 24.826 8.735
124 2 1 25.983 9.471 24.892 8.735
125 2 1 26.049 9.471 24.958 8.734
126 2 1 26.102 9.470 25.011 8.734
127 2 1 26.168 9.457 25.077 8.721
128 2 1 26.234 9.443 25.143 8.707
129 2 1 26.286 9.456 25.196 8.720
130 2 1 26.352 9.456 25.262 8.719
131 2 1 26.432 9.455 25.341 8.719
132 2 1 26.498 9.455 25.407 8.719
133 2 1 26.551 9.454 25.460 8.718
134 2 1 26.603 9.454 25.513 8.718
135 2 1 26.656 9.454 25.566 8.718
136 2 1 26.722 9.453 25.632 8.717
137 2 1 26.788 9.453 25.698 8.717
138 2 1 26.841 9.453 25.751 8.717
139 2 1 26.907 9.452 25.817 8.716
140 2 1 26.986 9.452 25.896 8.716
141 2 1 27.052 9.451 25.962 8.715
142 2 1 27.105 9.438 26.015 8.702
143 2 1 27.158 9.438 26.068 8.701
144 2 1 27.224 9.424 26.134 8.688
145 2 1 27.290 9.410 26.200 8.674
146 2 1 27.343 9.410 26.253 8.674
147 2 1 27.395 9.410 26.305 8.674
148 2 1 27.435 9.396 26.345 8.660
149 2 1 27.501 9.383 26.411 8.647
150 2 1 27.541 9.396 26.451 8.660
151 2 1 27.607 9.382 26.517 8.646
152 2 1 27.646 9.395 26.556 8.659
153 2 1 27.712 9.382 26.622 8.646
154 2 1 27.765 9.394 26.675 8.658
155 2 1 27.818 9.381 26.728 8.645
156 2 1 27.871 9.394 26.781 8.658
157 2 1 27.936 9.380 26.847 8.644
158 2 1 28.002 9.393 26.913 8.657
159 2 1 28.055 9.393 26.966 8.657
160 2 1 28.108 9.392 27.018 8.656
161 2 1 28.161 9.392 27.071 8.656
162 2 1 28.214 9.392 27.124 8.656
163 2 1 28.266 9.391 27.177 8.655
164 2 1 28.332 9.378 27.243 8.642
165 2 1 28.411 9.390 27.322 8.655
166 2 1 28.464 9.377 27.375 8.641
167 2 1 28.530 9.377 27.441 8.641
168 2 1 28.583 9.363 27.493 8.627
169 2 1 28.636 9.350 27.546 8.614
170 2 1 28.688 9.349 27.599 8.614
171 2 1 28.754 9.336 27.665 8.600
172 2 1 28.820 9.309 27.731 8.573
173 2 1 28.860 9.296 27.771 8.560
174 2 1 28.926 9.295 27.836 8.560
175 2 1 28.979 9.282 27.889 8.546
176 2 1 29.018 9.268 27.929 8.533
177 2 1 29.084 9.281 27.995 8.545
178 2 1 29.137 9.268 28.048 8.532
179 2 1 29.203 9.267 28.114 8.532
180 2 1 29.269 9.254 28.179 8.518
181 2 1 29.321 9.240 28.232 8.505
182 2 1 29.374 9.240 28.285 8.504
183 2 1 29.427 9.240 28.338 8.504
184 2 1 29.493 9.239 28.404 8.504
185 2 1 29.559 9.239 28.470 8.503
186 2 1 29.612 9.239 28.522 8.503
187 2 1 29.664 9.225 28.575 8.489
188 2 1 29.730 9.212 28.641 8.476
189 2 1 29.796 9.211 28.707 8.476
190 2 1 29.849 9.211 28.760 8.475
191 2 1 29.888 9.211 28.799 8.475
192 2 1 29.954 9.197 28.865 8.461
193 2 1 30.020 9.184 28.931 8.448
194 2 1 30.099 9.183 29.010 8.447
195 2 1 30.152 9.183 29.063 8.447
196 2 1 30.205 9.169 29.116 8.434
197 2 1 30.257 9.143 29.169 8.407
198 2 1 30.310 9.129 29.221 8.394
199 2 1 30.363 9.129 29.274 8.393
200 2 1 30.429 9.115 29.340 8.380
201 2 1 30.468 9.076 29.380 8.340
202 2 1 30.547 9.062 29.459 8.327
203 2 1 30.600 9.036 29.511 8.300
204 2 1 30.653 9.022 29.564 8.287
205 2 1 30.705 9.035 29.617 8.299
206 2 1 30.745 9.022 29.656 8.286
207 2 1 30.798 9.021 29.709 8.286
208 2 1 30.863 9.008 29.775 8.272
209 2 1 30.929 8.994 29.841 8.259
210 2 1 30.982 8.994 29.894 8.258
211 2 1 31.022 8.980 29.933 8.245
212 2 1 31.087 8.967 29.999 8.231
213 2 1 31.127 8.967 30.039 8.231
214 2 1 31.193 8.966 30.104 8.231
215 2 1 31.232 8.966 30.144 8.231
216 2 1 31.298 8.966 30.210 8.230
217 2 1 31.338 8.965 30.249 8.230
219 2 1 31.331 8.959 30.243 8.223
220 2 1 31.371 8.959 30.282 8.223
221 2 1 31.450 8.945 30.361 8.210
222 2 1 31.516 8.945 30.427 8.209
223 2 1 31.581 8.944 30.493 8.209
225 2 1 31.575 8.938 30.487 8.202
226 2 1 31.627 8.937 30.539 8.202
227 2 1 31.680 8.950 30.592 8.215
228 2 1 31.733 8.937 30.645 8.201
229 2 1 31.799 8.936 30.711 8.201
230 2 1 31.851 8.923 30.763 8.188
231 2 1 31.904 8.896 30.816 8.161
233 2 1 31.897 8.890 30.809 8.155
234 2 1 31.963 8.889 30.875 8.154
235 2 1 31.976 8.889 30.888 8.154
236 2 1 32.003 8.902 30.915 8.167
237 2 1 32.042 8.915 30.954 8.180
238 2 1 32.095 8.915 31.007 8.180
239 2 1 32.148 8.915 31.060 8.179
240 2 1 32.200 8.914 31.112 8.179
241 2 1 32.253 8.927 31.165 8.192
242 2 1 32.306 8.927 31.218 8.192
243 2 1 32.358 8.940 31.271 8.204
244 2 1 32.707 8.931 31.560 8.203
245 2 1 32.668 8.931 31.574 8.203
246 2 1 32.714 8.937 31.620 8.209
247 2 1 32.773 8.931 31.679 8.202
248 2 1 32.819 8.937 31.725 8.208
249 2 1 32.879 8.943 31.784 8.214
250 2 1 32.925 8.949 31.830 8.221
252 2 1 32.918 8.943 31.824 8.214
253 2 1 32.951 8.949 31.857 8.221
254 2 1 32.997 8.955 31.903 8.227
255 2 1 33.030 8.962 31.936 8.233
256 2 1 33.076 8.968 31.982 8.240
257 2 1 33.412 8.973 32.305 8.290
258 2 1 33.392 8.992 32.298 8.270
259 2 1 33.438 8.992 32.344 8.270
260 2 1 33.484 8.992 32.390 8.270
261 2 1 33.530 8.992 32.436 8.270
262 2 1 33.550 9.005 32.456 8.283
263 2 1 33.596 9.004 32.502 8.282
264 2 1 33.668 9.004 32.575 8.282
265 2 1 33.714 9.004 32.621 8.282
266 2 1 33.774 9.003 32.680 8.281
267 2 1 33.846 9.003 32.752 8.281
268 2 1 33.918 9.002 32.825 8.281
269 2 1 33.965 9.015 32.871 8.293
270 2 1 34.024 9.015 32.930 8.293
271 2 1 34.083 9.028 32.989 8.306
272 2 1 34.142 9.040 33.049 8.319
273 2 1 34.188 9.040 33.095 8.318
274 2 1 34.248 9.053 33.154 8.331
275 2 1 34.307 9.052 33.213 8.331
276 2 1 34.366 9.065 33.272 8.343
277 2 1 34.412 9.065 33.318 8.343
278 2 1 34.471 9.078 33.378 8.356
279 2 1 34.530 9.077 33.437 8.356
280 2 1 34.590 9.077 33.496 8.355
281 2 1 34.636 9.077 33.542 8.355
282 2 1 34.695 9.076 33.601 8.355
283 2 1 34.741 9.076 33.648 8.354
284 2 1 34.800 9.076 33.707 8.354
285 2 1 34.859 9.075 33.766 8.354
286 2 1 34.918 9.075 33.825 8.353
287 2 1 34.964 9.075 33.871 8.353
288 2 1 35.024 9.074 33.930 8.353
289 2 1 35.083 9.061 33.990 8.339
290 2 1 35.142 9.061 34.049 8.339
291 2 1 35.201 9.060 34.108 8.339
292 2 1 35.274 9.060 34.180 8.338
293 2 1 35.333 9.059 34.240 8.338
294 2 1 35.379 9.059 34.286 8.338
295 2 1 35.425 9.059 34.332 8.337
296 2 1 35.471 9.059 34.378 8.337
297 2 1 35.517 9.058 34.424 8.337
298 2 1 35.576 9.071 34.483 8.349
299 2 1 35.622 9.071 34.529 8.349
300 2 1 35.681 9.070 34.588 8.349
301 2 1 35.727 9.083 34.634 8.362
302 2 1 35.786 9.083 34.693 8.361
303 2 1 35.846 9.082 34.753 8.361
304 2 1 35.905 9.095 34.812 8.374
305 2 1 35.964 9.095 34.871 8.373
306 2 1 36.023 9.108 34.930 8.386
307 2 1 36.082 9.107 34.989 8.386
308 2 1 36.128 9.107 35.035 8.386
309 2 1 36.187 9.120 35.095 8.398
310 2 1 36.247 9.119 35.154 8.398
311 2 1 36.279 9.119 35.187 8.398
312 2 1 36.339 9.119 35.246 8.397
313 2 1 36.385 9.119 35.292 8.397
314 2 1 36.444 9.118 35.351 8.397
315 2 1 36.490 9.118 35.397 8.397
316 2 1 36.549 9.118 35.456 8.396
317 2 1 36.595 9.117 35.502 8.396
318 2 1 36.654 9.104 35.561 8.382
319 2 1 36.772 9.129 35.377 8.390
320 2 1 36.628 9.117 35.529 8.396
321 2 1 36.693 9.117 35.594 8.395
322 2 1 36.785 9.116 35.686 8.395
323 2 1 36.877 9.102 35.778 8.381
324 2 1 36.956 9.089 35.857 8.368
325 2 1 36.930 9.102 35.831 8.381
326 2 1 36.943 9.115 35.844 8.394
327 2 1 36.996 9.115 35.897 8.394
328 2 1 37.048 9.115 35.949 8.393
329 2 1 37.101 9.114 36.002 8.393
330 2 1 37.153 9.114 36.054 8.393
331 2 1 37.193 9.127 36.094 8.406
332 2 1 37.357 9.086 36.252 8.359
333 2 1 37.350 9.080 36.252 8.359
334 2 1 37.403 9.080 36.304 8.358
335 2 1 37.469 9.092 36.370 8.371
336 2 1 37.534 9.105 36.436 8.384
337 2 1 37.600 9.091 36.501 8.370
338 2 1 37.639 9.104 36.541 8.383
339 2 1 37.679 9.091 36.580 8.370
340 2 1 37.731 9.104 36.633 8.383
341 2 1 37.797 9.090 36.698 8.369
342 2 1 37.850 9.090 36.751 8.369
343 2 1 37.889 9.090 36.790 8.369
344 2 1 37.942 9.089 36.843 8.368
345 2 1 37.994 9.089 36.896 8.368
346 2 1 38.033 9.089 36.935 8.368
347 2 1 38.086 9.089 36.988 8.367
348 2 1 38.139 9.075 37.040 8.354
349 2 1 38.191 9.062 37.093 8.341
350 2 1 38.257 9.061 37.158 8.340
351 2 1 38.322 9.061 37.224 8.340
352 2 1 38.401 9.047 37.303 8.326
353 2 1 38.467 9.034 37.368 8.313
354 2 1 38.506 9.047 37.408 8.326
355 2 1 38.532 9.046 37.434 8.325
356 2 1 38.585 9.033 37.487 8.312
357 2 1 38.611 9.046 37.513 8.325
358 2 1 38.664 9.046 37.565 8.325
359 2 1 38.716 9.045 37.618 8.324
360 2 1 38.756 9.045 37.657 8.324
361 2 1 38.808 9.045 37.710 8.324
362 2 1 38.861 9.044 37.762 8.324
363 2 1 38.913 9.044 37.815 8.323
364 2 1 38.966 9.057 37.868 8.336
365 2 1 39.031 9.070 37.933 8.349
366 2 1 39.084 9.069 37.986 8.348
367 2 1 39.150 9.069 38.051 8.348
368 2 1 39.202 9.069 38.104 8.348
369 2 1 39.255 9.068 38.157 8.347
370 2 1 39.307 9.068 38.209 8.347
371 2 1 39.360 9.068 38.262 8.347
372 2 1 39.386 9.068 38.288 8.347
373 2 1 39.438 9.067 38.340 8.346
374 2 1 39.491 9.067 38.393 8.346
375 2 1 39.530 9.067 38.432 8.346
376 2 1 39.583 9.053 38.485 8.332
377 2 1 39.635 9.066 38.537 8.345
378 2 1 39.675 9.053 38.577 8.332
379 2 1 39.740 9.052 38.642 8.331
380 2 1 39.806 9.039 38.708 8.318
381 2 1 39.871 9.025 38.774 8.304
382 2 1 39.937 9.025 38.839 8.304
383 2 1 39.989 9.025 38.892 8.304
384 2 1 40.029 9.024 38.931 8.304
385 2 1 40.068 9.024 38.970 8.303
386 2 1 40.107 9.024 39.010 8.303
387 2 1 40.147 9.024 39.049 8.303
388 2 1 40.186 9.023 39.089 8.303
389 2 1 40.239 9.023 39.141 8.302
390 2 1 40.278 9.023 39.181 8.302
391 2 1 40.331 9.022 39.233 8.302
392 2 1 40.370 9.022 39.272 8.302
393 2 1 40.422 9.022 39.325 8.301
394 2 1 40.475 9.035 39.377 8.314
395 2 1 40.527 9.021 39.430 8.301
396 2 1 40.580 9.034 39.482 8.313
397 2 1 40.632 9.021 39.535 8.300
398 2 1 40.698 9.033 39.601 8.313
399 2 1 40.750 9.020 39.653 8.299
400 2 1 40.803 9.020 39.705 8.299
401 2 1 40.855 9.019 39.758 8.299
402 2 1 40.881 9.019 39.784 8.299
403 2 1 40.934 9.006 39.837 8.285
404 2 1 40.973 8.992 39.876 8.272
405 2 1 41.026 8.992 39.928 8.271
406 2 1 41.065 8.992 39.968 8.271
407 2 1 41.117 8.978 40.020 8.258
408 2 1 41.170 8.965 40.073 8.244
409 2 1 41.222 8.965 40.125 8.244
410 2 1 41.288 8.951 40.191 8.231
411 2 1 41.353 8.925 40.256 8.204
412 2 1 41.419 8.924 40.322 8.204
413 2 1 41.484 8.911 40.387 8.190
414 2 1 41.524 8.924 40.427 8.203
415 2 1 41.550 8.910 40.453 8.190
416 2 1 41.589 8.923 40.492 8.203
417 2 1 41.766 8.850 40.682 8.090
418 2 1 41.766 8.830 40.676 8.110
419 2 1 41.812 8.830 40.722 8.110
420 2 1 41.858 8.817 40.768 8.096
421 2 1 41.917 8.803 40.827 8.083
422 2 1 41.963 8.816 40.873 8.096
423 2 1 42.022 8.803 40.932 8.082
424 2 1 42.068 8.815 40.977 8.095
425 2 1 42.127 8.802 41.036 8.082
426 2 1 42.172 8.802 41.082 8.081
427 2 1 42.231 8.801 41.141 8.081
428 2 1 42.428 8.709 41.057 8.232
429 2 1 42.291 8.821 41.194 8.107
430 2 1 42.369 8.814 41.273 8.100
431 2 1 42.395 8.820 41.299 8.106
432 2 1 42.422 8.813 41.325 8.099
433 2 1 42.474 8.806 41.377 8.093
434 2 1 42.526 8.800 41.430 8.086
0 3 1 19.826 11.504 18.653 10.715
1 3 1 19.860 11.530 18.633 10.702
2 3 1 19.879 11.517 18.653 10.689
3 3 1 19.899 11.530 18.673 10.702
4 3 1 19.919 11.523 18.693 10.695
5 3 1 19.939 11.523 18.713 10.695
6 3 1 19.959 11.523 18.733 10.695
7 3 1 19.992 11.516 18.766 10.688
8 3 1 20.025 11.503 18.799 10.674
9 3 1 20.071 11.516 18.846 10.687
10 3 1 20.105 11.509 18.879 10.680
11 3 1 20.131 11.509 18.905 10.680
12 3 1 20.158 11.509 18.932 10.680
13 3 1 20.191 11.515 18.965 10.687
14 3 1 20.211 11.488 18.985 10.660
15 3 1 20.257 11.501 19.031 10.673
16 3 1 20.277 11.475 19.051 10.646
17 3 1 20.323 11.468 19.097 10.640
18 3 1 20.356 11.468 19.130 10.639
19 3 1 20.403 11.461 19.177 10.632
20 3 1 20.436 11.447 19.210 10.619
21 3 1 20.469 11.460 19.243 10.632
22 3 1 20.502 11.447 19.276 10.619
23 3 1 20.548 11.460 19.323 10.632
24 3 1 20.581 11.453 19.356 10.625
25 3 1 20.628 11.459 19.402 10.631
26 3 1 20.661 11.446 19.435 10.618
27 3 1 20.707 11.459 19.482 10.631
28 3 1 20.754 11.445 19.528 10.617
29 3 1 20.800 11.438 19.574 10.610
30 3 1 20.833 11.451 19.607 10.623
31 3 1 21.058 11.397 19.872 10.542
32 3 1 21.058 11.391 19.859 10.549
33 3 1 21.098 11.390 19.899 10.549
34 3 1 21.138 11.390 19.939 10.549
35 3 1 21.190 11.377 19.992 10.535
36 3 1 21.230 11.376 20.031 10.535
37 3 1 21.270 11.376 20.071 10.535
38 3 1 21.323 11.376 20.124 10.534
39 3 1 21.376 11.375 20.177 10.534
40 3 1 21.429 11.375 20.230 10.534
41 3 1 21.469 11.388 20.270 10.546
42 3 1 21.521 11.401 20.323 10.559
43 3 1 21.574 11.400 20.376 10.559
44 3 1 21.627 11.400 20.429 10.559
45 3 1 21.680 11.400 20.482 10.558
46 3 1 21.733 11.386 20.535 10.545
47 3 1 21.773 11.386 20.574 10.544
48 3 1 21.813 11.373 20.614 10.531
49 3 1 21.852 11.359 20.654 10.518
50 3 1 21.892 11.346 20.693 10.504
51 3 1 21.945 11.332 20.746 10.491
52 3 1 22.011 11.319 20.813 10.477
53 3 1 22.077 11.292 20.879 10.450
54 3 1 22.143 11.252 20.945 10.410
55 3 1 22.196 11.238 20.998 10.397
56 3 1 22.249 11.231 21.051 10.390
57 3 1 22.302 11.225 21.104 10.383
58 3 1 22.355 11.224 21.157 10.383
59 3 1 22.428 11.224 21.230 10.382
60 3 1 22.474 11.210 21.276 10.369
61 3 1 22.527 11.210 21.329 10.369
62 3 1 22.613 11.222 21.415 10.381
63 3 1 22.646 11.209 21.448 10.368
64 3 1 22.699 11.209 21.501 10.367
65 3 1 22.726 11.195 21.527 10.354
66 3 1 22.818 11.208 21.620 10.367
67 3 1 22.871 11.208 21.673 10.366
68 3 1 22.924 11.201 21.726 10.359
69 3 1 22.977 11.194 21.779 10.353
70 3 1 23.017 11.194 21.819 10.352
71 3 1 23.070 11.193 21.872 10.352
72 3 1 23.123 11.193 21.925 10.352
73 3 1 23.175 11.192 21.977 10.351
74 3 1 23.228 11.205 22.030 10.364
75 3 1 23.281 11.205 22.083 10.364
76 3 1 23.347 11.204 22.150 10.363
77 3 1 23.414 11.204 22.216 10.363
78 3 1 23.466 11.191 22.269 10.349
79 3 1 23.506 11.190 22.308 10.349
80 3 1 23.546 11.177 22.348 10.336
81 3 1 23.585 11.177 22.388 10.335
82 3 1 23.625 11.163 22.427 10.322
83 3 1 23.665 11.163 22.467 10.322
84 3 1 23.704 11.150 22.507 10.308
85 3 1 23.757 11.136 22.560 10.295
86 3 1 23.810 11.123 22.613 10.281
87 3 1 23.863 11.122 22.665 10.281
88 3 1 23.916 11.122 22.718 10.281
89 3 1 23.956 11.122 22.758 10.280
90 3 1 24.009 11.121 22.811 10.280
91 3 1 24.061 11.108 22.864 10.267
92 3 1 24.114 11.107 22.917 10.266
93 3 1 24.167 11.094 22.970 10.253
94 3 1 24.220 11.094 23.023 10.252
95 3 1 24.286 11.080 23.089 10.239
96 3 1 24.352 11.079 23.155 10.238
97 3 1 24.405 11.079 23.208 10.238
98 3 1 24.458 11.066 23.261 10.225
99 3 1 24.511 11.065 23.314 10.224
100 3 1 24.564 11.052 23.366 10.211
101 3 1 24.617 11.051 23.419 10.211
102 3 1 24.656 11.038 23.459 10.197
103 3 1 24.709 11.038 23.512 10.197
104 3 1 24.762 11.037 23.565 10.196
105 3 1 24.815 11.037 23.618 10.196
106 3 1 24.881 11.037 23.684 10.196
107 3 1 24.947 11.023 23.750 10.182
108 3 1 25.013 11.023 23.816 10.182
109 3 1 25.066 11.022 23.869 10.181
110 3 1 25.132 11.009 23.935 10.168
111 3 1 25.185 11.008 23.988 10.167
112 3 1 25.238 10.995 24.041 10.154
113 3 1 25.291 10.994 24.094 10.154
114 3 1 25.330 10.994 24.133 10.153
115 3 1 25.370 10.994 24.173 10.153
116 3 1 25.423 10.980 24.226 10.140
117 3 1 25.476 10.980 24.279 10.139
118 3 1 25.528 10.980 24.332 10.139
119 3 1 25.581 10.993 24.385 10.152
120 3 1 25.621 10.992 24.424 10.152
121 3 1 25.674 11.005 24.477 10.164
122 3 1 25.727 11.005 24.530 10.164
123 3 1 25.780 11.018 24.583 10.177
124 3 1 25.846 11.030 24.649 10.190
125 3 1 25.898 11.043 24.702 10.202
126 3 1 25.951 11.056 24.755 10.215
127 3 1 26.017 11.082 24.821 10.241
128 3 1 26.070 11.108 24.874 10.267
129 3 1 26.123 11.121 24.927 10.280
130 3 1 26.176 11.133 24.979 10.293
131 3 1 26.229 11.146 25.032 10.306
132 3 1 26.268 11.146 25.072 10.305
133 3 1 26.321 11.159 25.125 10.318
134 3 1 26.361 11.172 25.164 10.331
135 3 1 26.414 11.184 25.217 10.344
136 3 1 26.467 11.197 25.270 10.357
137 3 1 26.519 11.223 25.323 10.383
138 3 1 26.572 11.236 25.376 10.395
139 3 1 26.638 11.249 25.442 10.408
140 3 1 26.691 11.261 25.495 10.421
141 3 1 26.744 11.287 25.548 10.447
142 3 1 26.797 11.313 25.601 10.473
143 3 1 26.850 11.326 25.653 10.486
144 3 1 26.903 11.352 25.706 10.512
145 3 1 26.955 11.365 25.759 10.524
146 3 1 27.008 11.378 25.812 10.537
147 3 1 27.048 11.404 25.852 10.563
148 3 1 27.088 11.430 25.891 10.589
149 3 1 27.127 11.456 25.931 10.615
150 3 1 27.180 11.482 25.984 10.641
151 3 1 27.220 11.508 26.024 10.667
152 3 1 27.273 11.521 26.076 10.680
153 3 1 27.325 11.547 26.129 10.706
154 3 1 27.391 11.559 26.195 10.719
155 3 1 27.444 11.585 26.248 10.745
156 3 1 27.510 11.611 26.314 10.771
157 3 1 27.563 11.637 26.367 10.797
158 3 1 27.629 11.663 26.433 10.823
159 3 1 27.682 11.689 26.486 10.849
160 3 1 27.735 11.715 26.539 10.875
161 3 1 27.788 11.741 26.592 10.901
162 3 1 27.840 11.754 26.645 10.913
163 3 1 27.893 11.766 26.697 10.926
164 3 1 27.946 11.766 26.750 10.926
165 3 1 27.999 11.779 26.803 10.939
166 3 1 28.065 11.778 26.869 10.938
167 3 1 28.118 11.791 26.922 10.951
168 3 1 28.184 11.804 26.988 10.964
169 3 1 28.236 11.817 27.041 10.976
170 3 1 28.302 11.829 27.107 10.989
171 3 1 28.368 11.842 27.173 11.002
172 3 1 28.434 11.855 27.239 11.015
173 3 1 28.500 11.867 27.305 11.027
174 3 1 28.566 11.867 27.371 11.027
175 3 1 28.619 11.880 27.424 11.040
176 3 1 28.672 11.893 27.477 11.053
177 3 1 28.725 11.905 27.529 11.065
178 3 1 28.778 11.918 27.582 11.078
179 3 1 28.830 11.931 27.635 11.091
180 3 1 28.870 11.957 27.675 11.117
181 3 1 28.923 11.983 27.727 11.143
182 3 1 28.976 11.996 27.780 11.156
183 3 1 29.028 12.009 27.833 11.169
184 3 1 29.081 12.021 27.886 11.181
185 3 1 29.147 12.034 27.952 11.194
186 3 1 29.213 12.047 28.018 11.207
187 3 1 29.279 12.059 28.084 11.219
188 3 1 29.345 12.072 28.150 11.232
189 3 1 29.411 12.085 28.216 11.245
190 3 1 29.477 12.098 28.282 11.258
191 3 1 29.530 12.110 28.335 11.270
192 3 1 29.596 12.110 28.401 11.270
193 3 1 29.649 12.123 28.454 11.283
194 3 1 29.701 12.122 28.506 11.282
195 3 1 29.754 12.109 28.559 11.269
196 3 1 29.807 12.108 28.612 11.269
197 3 1 29.873 12.108 28.678 11.268
198 3 1 29.926 12.108 28.731 11.268
199 3 1 29.978 12.107 28.783 11.267
200 3 1 30.044 12.107 28.849 11.267
201 3 1 30.110 12.093 28.915 11.253
202 3 1 30.163 12.093 28.968 11.253
203 3 1 30.216 12.093 29.021 11.253
204 3 1 30.282 12.092 29.087 11.252
206 3 1 30.275 12.086 29.080 11.246
207 3 1 30.314 12.085 29.120 11.246
208 3 1 30.380 12.072 29.186 11.232
209 3 1 30.407 12.085 29.212 11.245
210 3 1 30.433 12.071 29.238 11.232
211 3 1 30.380 12.098 29.186 11.258
212 3 1 30.394 12.111 29.199 11.271
213 3 1 30.420 12.085 29.225 11.245
215 3 1 30.413 12.078 29.219 11.238
216 3 1 30.453 12.078 29.258 11.238
217 3 1 30.479 12.078 29.285 11.238
218 3 1 30.519 12.064 29.324 11.224
219 3 1 30.545 12.064 29.351 11.224
220 3 1 30.532 12.038 29.337 11.198
221 3 1 30.479 12.012 29.285 11.172
222 3 1 30.479 11.986 29.285 11.146
223 3 1 31.066 12.126 30.010 11.246
224 3 1 31.138 12.106 30.036 11.226
225 3 1 31.191 12.099 30.069 11.220
226 3 1 31.237 12.092 30.102 11.213
227 3 1 31.316 12.072 30.175 11.193
228 3 1 31.389 12.025 30.241 11.146
229 3 1 31.428 11.979 30.273 11.100
230 3 1 29.899 11.917 29.054 11.055
231 3 1 29.899 11.891 29.106 11.029
232 3 1 29.945 11.864 29.113 11.002
233 3 1 29.945 11.838 29.166 10.976
234 3 1 29.984 11.812 29.179 10.949
235 3 1 30.017 11.785 29.192 10.923
236 3 1 30.050 11.745 29.212 10.884
237 3 1 30.083 11.732 29.238 10.870
238 3 1 30.110 11.692 29.258 10.831
239 3 1 30.110 11.679 29.317 10.817
240 3 1 30.142 11.640 29.337 10.778
241 3 1 30.156 11.626 29.343 10.764
242 3 1 30.189 11.600 29.370 10.738
243 3 1 30.215 11.573 29.389 10.712
244 3 1 30.248 11.547 29.416 10.685
245 3 1 30.228 11.521 29.455 10.659
246 3 1 30.261 11.494 29.482 10.632
247 3 1 30.274 11.481 29.488 10.619
248 3 1 30.281 11.474 29.488 10.612
249 3 1 30.281 11.481 29.482 10.619
250 3 1 30.287 11.488 29.482 10.626
251 3 1 32.680 12.142 31.677 11.216
252 3 1 32.766 12.128 31.723 11.202
253 3 1 32.838 12.114 31.776 11.189
254 3 1 32.924 12.114 31.849 11.188
255 3 1 32.996 12.100 31.914 11.175
256 3 1 33.049 12.073 31.960 11.148
257 3 1 33.101 12.047 32.013 11.121
258 3 1 33.141 12.033 32.053 11.108
259 3 1 33.180 12.020 32.092 11.095
260 3 1 33.233 11.980 32.145 11.055
261 3 1 33.299 11.980 32.211 11.054
262 3 1 33.364 11.953 32.276 11.028
263 3 1 33.417 11.926 32.329 11.001
264 3 1 33.470 11.913 32.382 10.988
265 3 1 33.522 11.886 32.434 10.961
266 3 1 33.588 11.873 32.500 10.948
267 3 1 33.641 11.872 32.553 10.947
268 3 1 33.693 11.859 32.606 10.934
269 3 1 33.759 11.832 32.671 10.907
270 3 1 33.812 11.819 32.724 10.894
271 3 1 33.864 11.818 32.777 10.893
272 3 1 33.917 11.805 32.829 10.880
273 3 1 33.970 11.791 32.882 10.866
274 3 1 34.009 11.791 32.921 10.866
275 3 1 34.036 11.804 32.948 10.879
276 3 1 34.101 11.777 33.014 10.852
277 3 1 34.154 11.777 33.066 10.852
278 3 1 34.207 11.764 33.119 10.838
279 3 1 34.259 11.763 33.172 10.838
280 3 1 34.312 11.750 33.224 10.825
281 3 1 34.364 11.723 33.277 10.798
282 3 1 34.430 11.710 33.343 10.785
283 3 1 34.496 11.696 33.408 10.771
284 3 1 34.549 11.669 33.461 10.744
285 3 1 34.614 11.656 33.527 10.731
286 3 1 34.680 11.655 33.593 10.730
287 3 1 34.733 11.655 33.645 10.730
288 3 1 34.785 11.641 33.698 10.717
289 3 1 34.838 11.621 33.751 10.697
290 3 1 34.877 11.628 33.790 10.703
291 3 1 34.917 11.601 33.829 10.676
292 3 1 34.969 11.575 33.882 10.650
293 3 1 35.022 11.561 33.935 10.636
294 3 1 35.075 11.548 33.987 10.623
295 3 1 35.127 11.547 34.040 10.622
296 3 1 35.167 11.547 34.079 10.622
297 3 1 35.219 11.534 34.132 10.609
298 3 1 35.272 11.487 34.185 10.562
299 3 1 35.338 11.480 34.250 10.555
300 3 1 35.390 11.441 34.303 10.516
301 3 1 35.456 11.414 34.369 10.489
302 3 1 35.522 11.387 34.434 10.462
303 3 1 35.574 11.374 34.487 10.449
304 3 1 35.613 11.341 34.526 10.416
305 3 1 35.666 11.334 34.579 10.409
306 3 1 35.706 11.334 34.618 10.409
307 3 1 35.745 11.333 34.658 10.409
308 3 1 35.798 11.320 34.711 10.395
309 3 1 35.850 11.293 34.763 10.368
310 3 1 35.890 11.280 34.803 10.355
311 3 1 35.942 11.279 34.855 10.355
312 3 1 35.982 11.266 34.895 10.341
313 3 1 36.034 11.246 34.947 10.321
314 3 1 36.087 11.252 35.000 10.328
315 3 1 36.152 11.239 35.066 10.314
316 3 1 36.218 11.205 35.131 10.281
317 3 1 36.271 11.199 35.184 10.274
318 3 1 36.336 11.198 35.250 10.274
319 3 1 36.389 11.185 35.302 10.260
320 3 1 36.442 11.171 35.355 10.247
321 3 1 36.494 11.171 35.407 10.246
322 3 1 36.534 11.157 35.447 10.233
323 3 1 36.586 11.144 35.499 10.219
324 3 1 36.625 11.131 35.539 10.206
325 3 1 36.678 11.104 35.591 10.179
326 3 1 36.731 11.117 35.644 10.192
327 3 1 36.770 11.117 35.683 10.192
328 3 1 36.823 11.110 35.736 10.185
329 3 1 36.862 11.103 35.775 10.178
330 3 1 36.915 11.089 35.828 10.165
331 3 1 36.980 11.076 35.894 10.151
332 3 1 37.046 11.049 35.959 10.125
333 3 1 37.112 11.022 36.025 10.098
334 3 1 37.164 10.989 36.078 10.065
335 3 1 37.217 10.969 36.130 10.045
336 3 1 37.269 10.956 36.183 10.031
337 3 1 37.322 10.942 36.235 10.018
338 3 1 37.374 10.922 36.288 9.998
339 3 1 37.414 10.942 36.327 10.017
340 3 1 37.453 10.935 36.367 10.011
341 3 1 37.506 10.928 36.419 10.004
342 3 1 37.558 10.928 36.472 10.003
343 3 1 37.598 10.914 36.511 9.990
344 3 1 37.650 10.901 36.564 9.977
345 3 1 37.703 10.901 36.616 9.976
346 3 1 37.755 10.900 36.669 9.976
347 3 1 37.808 10.900 36.722 9.976
348 3 1 37.873 10.886 36.787 9.962
349 3 1 37.926 10.866 36.840 9.942
350 3 1 37.853 10.677 36.787 9.765
351 3 1 37.860 10.683 36.780 9.765
352 3 1 37.906 10.683 36.826 9.765
353 3 1 37.965 10.682 36.885 9.765
354 3 1 38.011 10.682 36.931 9.764
355 3 1 38.070 10.669 36.991 9.751
356 3 1 38.103 10.668 37.023 9.751
357 3 1 38.136 10.642 37.056 9.724
358 3 1 38.195 10.642 37.115 9.724
359 3 1 38.254 10.654 37.174 9.737
360 3 1 38.287 10.654 37.207 9.736
361 3 1 38.333 10.654 37.253 9.736
362 3 1 38.379 10.654 37.299 9.736
363 3 1 38.549 10.600 37.404 9.761
364 3 1 38.516 10.626 37.431 9.729
365 3 1 38.569 10.620 37.483 9.722
366 3 1 38.621 10.626 37.536 9.728
367 3 1 38.674 10.606 37.588 9.708
368 3 1 38.726 10.612 37.641 9.714
369 3 1 38.779 10.592 37.693 9.694
370 3 1 38.832 10.598 37.746 9.700
371 3 1 38.884 10.604 37.798 9.707
372 3 1 38.923 10.611 37.838 9.713
373 3 1 38.950 10.617 37.864 9.719
374 3 1 38.989 10.610 37.904 9.712
375 3 1 39.179 10.583 38.186 9.665
376 3 1 39.212 10.570 38.146 9.672
377 3 1 39.258 10.576 38.192 9.678
378 3 1 39.304 10.582 38.238 9.684
379 3 1 39.363 10.575 38.298 9.677
380 3 1 39.409 10.581 38.343 9.683
381 3 1 39.481 10.587 38.416 9.690
382 3 1 39.540 10.607 38.475 9.709
383 3 1 39.600 10.613 38.534 9.715
384 3 1 39.646 10.632 38.580 9.734
385 3 1 39.705 10.638 38.639 9.741
386 3 1 39.764 10.645 38.698 9.747
387 3 1 39.810 10.651 38.744 9.753
388 3 1 39.856 10.644 38.790 9.746
389 3 1 39.901 10.624 38.836 9.726
390 3 1 39.934 10.617 38.869 9.720
391 3 1 39.993 10.624 38.928 9.726
392 3 1 40.039 10.630 38.974 9.732
393 3 1 40.085 10.636 39.020 9.738
394 3 1 40.131 10.642 39.066 9.745
395 3 1 40.177 10.635 39.112 9.738
396 3 1 40.236 10.628 39.171 9.731
397 3 1 40.295 10.622 39.230 9.724
398 3 1 40.341 10.615 39.276 9.717
399 3 1 40.400 10.608 39.335 9.710
400 3 1 40.446 10.601 39.381 9.703
401 3 1 40.505 10.594 39.440 9.696
402 3 1 40.551 10.600 39.486 9.703
403 3 1 40.610 10.593 39.545 9.696
404 3 1 40.643 10.600 39.578 9.702
405 3 1 40.689 10.606 39.624 9.708
406 3 1 40.722 10.612 39.656 9.715
407 3 1 40.767 10.592 39.702 9.695
408 3 1 40.813 10.599 39.748 9.701
409 3 1 40.859 10.592 39.794 9.694
410 3 1 40.905 10.598 39.840 9.700
411 3 1 40.964 10.591 39.899 9.693
412 3 1 41.023 10.597 39.958 9.700
413 3 1 41.082 10.590 40.017 9.693
414 3 1 41.141 10.596 40.076 9.699
415 3 1 41.200 10.603 40.135 9.705
416 3 1 41.246 10.609 40.181 9.711
417 3 1 41.305 10.615 40.240 9.718
418 3 1 41.351 10.621 40.286 9.724
419 3 1 41.423 10.614 40.359 9.717
420 3 1 41.469 10.621 40.404 9.723
421 3 1 41.515 10.614 40.450 9.716
422 3 1 41.548 10.607 40.483 9.709
423 3 1 41.594 10.587 40.529 9.690
424 3 1 41.640 10.593 40.575 9.696
425 3 1 41.686 10.599 40.621 9.702
426 3 1 41.732 10.606 40.667 9.708
427 3 1 41.791 10.599 40.726 9.701
428 3 1 41.836 10.605 40.772 9.708
429 3 1 41.909 10.585 40.844 9.688
430 3 1 41.968 10.591 40.903 9.694
431 3 1 42.027 10.584 40.962 9.687
432 3 1 42.085 10.577 41.021 9.680
433 3 1 42.158 10.570 41.093 9.673
434 3 1 42.203 10.577 41.139 9.679
102 4 2 42.646 9.342 40.657 8.582
103 4 2 42.548 9.350 40.559 8.589
104 4 2 42.436 9.357 40.448 8.596
105 4 2 42.312 9.351 40.323 8.590
106 4 2 42.200 9.358 40.211 8.597
107 4 2 42.089 9.365 40.100 8.605
108 4 2 41.971 9.386 39.982 8.625
109 4 2 41.866 9.393 39.877 8.632
110 4 2 41.755 9.400 39.765 8.639
111 4 2 41.637 9.408 39.647 8.647
112 4 2 41.532 9.415 39.542 8.654
113 4 2 41.420 9.422 39.431 8.661
114 4 2 41.302 9.429 39.313 8.668
115 4 2 41.184 9.437 39.195 8.675
116 4 2 41.086 9.444 39.096 8.683
117 4 2 40.955 9.438 38.965 8.677
118 4 2 40.987 9.418 39.024 8.742
119 4 2 40.981 9.438 39.004 8.723
120 4 2 40.876 9.438 38.899 8.723
121 4 2 40.758 9.439 38.781 8.724
122 4 2 40.640 9.440 38.663 8.725
123 4 2 40.522 9.441 38.545 8.725
124 4 2 40.115 9.456 38.177 8.734
125 4 2 40.030 9.450 38.223 8.767
126 4 2 40.089 9.456 38.157 8.747
127 4 2 39.721 9.439 37.862 8.736
128 4 2 39.748 9.439 37.836 8.736
129 4 2 39.630 9.440 37.717 8.737
130 4 2 39.347 9.435 37.481 8.738
131 4 2 39.367 9.435 37.468 8.738
132 4 2 39.249 9.442 37.350 8.746
133 4 2 39.144 9.449 37.245 8.753
134 4 2 39.026 9.456 37.126 8.760
135 4 2 38.894 9.464 36.995 8.767
136 4 2 38.776 9.471 36.877 8.775
137 4 2 38.645 9.478 36.745 8.782
138 4 2 38.527 9.473 36.627 8.776
139 4 2 38.153 9.514 36.896 8.748
140 4 2 38.442 9.480 36.594 8.783
141 4 2 38.323 9.487 36.476 8.790
142 4 2 38.218 9.494 36.371 8.797
143 4 2 37.864 9.483 35.957 8.793
144 4 2 37.844 9.483 35.990 8.793
145 4 2 37.719 9.484 35.865 8.794
146 4 2 37.594 9.485 35.740 8.795
147 4 2 37.483 9.499 35.628 8.808
148 4 2 37.358 9.513 35.503 8.822
149 4 2 37.246 9.513 35.391 8.823
150 4 2 37.121 9.514 35.266 8.824
151 4 2 36.891 9.509 35.010 8.832
152 4 2 36.878 9.509 35.023 8.825
153 4 2 36.767 9.516 34.911 8.832
154 4 2 36.655 9.523 34.800 8.840
155 4 2 36.517 9.531 34.662 8.847
156 4 2 36.405 9.538 34.550 8.854
157 4 2 36.280 9.545 34.425 8.861
158 4 2 36.169 9.566 34.313 8.882
159 4 2 36.044 9.573 34.188 8.889
160 4 2 35.932 9.580 34.076 8.896
161 4 2 35.820 9.588 33.964 8.904
162 4 2 35.709 9.608 33.853 8.924
163 4 2 35.597 9.615 33.741 8.931
164 4 2 35.498 9.622 33.642 8.938
165 4 2 35.386 9.630 33.530 8.946
166 4 2 35.288 9.650 33.431 8.966
167 4 2 35.189 9.657 33.333 8.973
168 4 2 35.091 9.664 33.234 8.980
169 4 2 34.992 9.672 33.135 8.987
170 4 2 34.906 9.679 33.050 8.994
171 4 2 34.821 9.686 32.964 9.002
172 4 2 34.736 9.693 32.879 9.009
173 4 2 34.650 9.700 32.793 9.016
174 4 2 34.578 9.720 32.721 9.036
175 4 2 34.492 9.727 32.635 9.043
176 4 2 34.420 9.747 32.563 9.063
177 4 2 34.348 9.754 32.490 9.070
178 4 2 34.275 9.761 32.418 9.077
179 4 2 34.190 9.768 32.332 9.084
180 4 2 34.117 9.789 32.260 9.104
181 4 2 34.032 9.796 32.174 9.111
182 4 2 33.973 9.803 32.115 9.118
183 4 2 33.887 9.810 32.030 9.125
184 4 2 33.815 9.830 31.957 9.145
185 4 2 33.742 9.837 31.885 9.153
186 4 2 33.670 9.857 31.812 9.173
187 4 2 33.584 9.864 31.727 9.180
188 4 2 33.525 9.884 31.667 9.200
189 4 2 33.440 9.891 31.582 9.207
190 4 2 33.367 9.898 31.509 9.214
191 4 2 33.295 9.918 31.437 9.234
192 4 2 33.223 9.938 31.365 9.254
193 4 2 33.137 9.946 31.279 9.261
194 4 2 33.065 9.966 31.206 9.281
195 4 2 32.992 9.973 31.134 9.288
196 4 2 32.979 10.071 31.114 9.328
197 4 2 32.973 10.039 31.114 9.354
198 4 2 32.900 10.046 31.042 9.361
199 4 2 32.841 10.052 30.983 9.368
200 4 2 32.755 10.073 30.897 9.388
201 4 2 32.683 10.080 30.824 9.395
202 4 2 32.597 10.100 30.739 9.416
203 4 2 32.525 10.107 30.666 9.423
204 4 2 32.439 10.127 30.581 9.443
205 4 2 32.354 10.134 30.495 9.450
206 4 2 32.268 10.155 30.409 9.470
207 4 2 32.183 10.162 30.324 9.477
208 4 2 32.084 10.182 30.225 9.498
209 4 2 31.998 10.189 30.139 9.505
210 4 2 31.913 10.209 30.054 9.525
211 4 2 31.814 10.217 29.955 9.532
212 4 2 31.715 10.224 29.856 9.539
213 4 2 31.630 10.231 29.770 9.546
214 4 2 31.531 10.251 29.671 9.567
215 4 2 31.445 10.271 29.586 9.587
216 4 2 31.346 10.292 29.487 9.607
217 4 2 31.261 10.299 29.401 9.614
218 4 2 31.162 10.306 29.302 9.621
219 4 2 31.063 10.300 29.203 9.616
220 4 2 30.951 10.307 29.091 9.623
221 4 2 30.852 10.301 28.992 9.617
222 4 2 30.753 10.322 28.893 9.637
223 4 2 30.655 10.329 28.794 9.644
224 4 2 30.543 10.323 28.682 9.638
225 4 2 30.430 10.304 28.570 9.619
226 4 2 30.213 10.351 28.399 9.634
227 4 2 30.239 10.332 28.385 9.647
228 4 2 30.147 10.326 28.293 9.641
229 4 2 30.042 10.320 28.188 9.635
230 4 2 29.910 10.314 28.056 9.629
231 4 2 29.791 10.295 27.937 9.610
232 4 2 29.672 10.276 27.818 9.591
233 4 2 29.554 10.257 27.699 9.572
234 4 2 29.448 10.251 27.594 9.566
235 4 2 29.329 10.232 27.475 9.547
236 4 2 29.211 10.213 27.356 9.528
237 4 2 29.092 10.194 27.237 9.509
238 4 2 28.973 10.175 27.118 9.490
239 4 2 28.854 10.156 26.999 9.471
240 4 2 28.736 10.137 26.881 9.452
241 4 2 28.617 10.119 26.762 9.433
242 4 2 28.498 10.100 26.643 9.414
243 4 2 28.366 10.068 26.511 9.382
244 4 2 28.234 10.035 26.379 9.350
245 4 2 28.115 9.990 26.260 9.305
246 4 2 27.997 9.958 26.141 9.273
247 4 2 27.878 9.913 26.022 9.228
248 4 2 27.759 9.868 25.903 9.182
249 4 2 27.640 9.822 25.784 9.137
250 4 2 27.534 9.777 25.678 9.092
251 4 2 27.416 9.732 25.560 9.046
252 4 2 27.297 9.686 25.441 9.001
253 4 2 27.165 9.641 25.308 8.956
254 4 2 27.046 9.596 25.190 8.911
255 4 2 26.927 9.538 25.071 8.852
256 4 2 26.808 9.492 24.952 8.807
257 4 2 26.689 9.421 24.833 8.735
258 4 2 26.557 9.362 24.700 8.677
259 4 2 26.438 9.304 24.581 8.618
260 4 2 26.319 9.246 24.462 8.560
261 4 2 26.200 9.187 24.343 8.501
262 4 2 26.068 9.129 24.211 8.443
263 4 2 25.949 9.070 24.092 8.385
264 4 2 25.830 9.012 23.973 8.326
265 4 2 25.711 8.953 23.854 8.268
266 4 2 25.592 8.895 23.735 8.209
267 4 2 25.473 8.837 23.616 8.151
268 4 2 25.355 8.778 23.497 8.092
269 4 2 25.236 8.706 23.378 8.020
270 4 2 25.117 8.648 23.259 7.962
271 4 2 24.998 8.590 23.140 7.903
272 4 2 24.892 8.531 23.034 7.845
273 4 2 24.773 8.473 22.915 7.786
274 4 2 24.667 8.414 22.809 7.728
275 4 2 24.548 8.342 22.690 7.656
276 4 2 24.429 8.284 22.571 7.598
277 4 2 24.105 8.102 22.571 7.164
278 4 2 24.250 7.989 22.419 7.289
279 4 2 24.145 7.957 22.313 7.257
280 4 2 24.026 7.911 22.194 7.212
281 4 2 23.920 7.853 22.088 7.153
282 4 2 23.814 7.794 21.982 7.095
283 4 2 23.695 7.723 21.863 7.023
284 4 2 23.563 7.664 21.731 6.964
285 4 2 23.457 7.606 21.625 6.906
286 4 2 23.338 7.547 21.506 6.847
287 4 2 23.040 7.483 21.327 6.533
288 4 2 23.093 7.365 21.274 6.651
289 4 2 22.987 7.332 21.168 6.619
290 4 2 22.868 7.274 21.049 6.560
291 4 2 22.762 7.228 20.943 6.515
292 4 2 22.657 7.170 20.837 6.456
293 4 2 22.538 7.124 20.718 6.411
294 4 2 22.167 6.988 20.658 6.089
295 4 2 22.313 6.902 20.513 6.182
296 4 2 22.213 6.863 20.413 6.143
297 4 2 22.101 6.811 20.301 6.091
298 4 2 21.975 6.746 20.175 6.026
299 4 2 21.876 6.681 20.076 5.960
300 4 2 21.750 6.616 19.950 5.895
301 4 2 21.638 6.564 19.837 5.843
302 4 2 21.525 6.512 19.725 5.791
303 4 2 21.413 6.447 19.612 5.726
304 4 2 21.300 6.381 19.500 5.661
305 4 2 21.188 6.329 19.387 5.609
306 4 2 21.075 6.264 19.274 5.544
307 4 2 20.963 6.212 19.162 5.492
308 4 2 20.837 6.160 19.036 5.440
309 4 2 20.738 6.095 18.937 5.374
310 4 2 20.612 6.043 18.811 5.322
311 4 2 20.512 5.978 18.711 5.257
312 4 2 20.387 5.926 18.585 5.205
313 4 2 20.287 5.874 18.486 5.153
314 4 2 20.175 5.809 18.373 5.088
315 4 2 20.062 5.757 18.261 5.036
316 4 2 19.950 5.705 18.148 4.984
317 4 2 19.837 5.653 18.036 4.932
318 4 2 19.725 5.587 17.923 4.866
319 4 2 19.665 5.535 17.863 4.814
320 4 2 19.599 5.483 17.804 4.762
321 4 2 19.546 5.417 17.757 4.696
322 4 2 19.480 5.365 17.698 4.644
323 4 2 19.427 5.313 17.651 4.591
324 4 2 19.360 5.247 17.592 4.526
325 4 2 19.307 5.195 17.545 4.473
326 4 2 19.248 5.156 17.492 4.434
327 4 2 19.188 5.103 17.439 4.382
328 4 2 19.128 5.077 17.386 4.356
330 4 2 19.380 5.069 17.644 4.348
331 4 2 19.334 5.017 17.605 4.296
332 4 2 19.267 4.952 17.545 4.230
333 4 2 19.221 4.886 17.505 4.164
334 4 2 19.155 4.834 17.446 4.112
335 4 2 19.109 4.781 17.406 4.060
336 4 2 19.042 4.716 17.346 3.994
337 4 2 18.989 4.664 17.300 3.942
338 4 2 18.943 4.638 17.260 3.916
340 4 2 18.804 4.632 17.585 3.907
341 4 2 18.572 4.593 17.717 3.867
342 4 2 18.420 4.541 17.750 3.814
343 4 2 18.373 4.476 17.711 3.749
345 4 2 18.420 4.469 17.764 3.742
346 4 2 18.294 4.430 17.810 3.702
347 4 2 18.188 4.391 17.797 3.663
348 4 2 18.135 4.326 17.750 3.597
349 4 2 18.208 4.319 17.830 3.590
351 4 2 18.214 4.312 17.843 3.584
352 4 2 18.155 4.339 17.876 3.610
354 4 2 18.088 4.333 17.889 3.603
355 4 2 18.088 4.333 17.896 3.603
357 4 2 18.088 4.326 17.896 3.597
358 4 2 18.088 4.326 17.896 3.597
359 4 2 18.088 4.326 17.896 3.597
360 4 2 18.088 4.326 17.896 3.597
361 4 2 18.088 4.326 17.896 3.597
362 4 2 18.088 4.326 17.896 3.597
363 4 2 18.088 4.326 17.896 3.597
364 4 2 18.088 4.326 17.896 3.597
365 4 2 18.088 4.326 17.896 3.597
366 4 2 18.088 4.326 17.896 3.597
367 4 2 18.088 4.326 17.896 3.597
368 4 2 18.088 4.333 17.903 3.603
369 4 2 18.082 4.333 17.896 3.603
370 4 2 18.075 4.333 17.896 3.603
371 4 2 18.075 4.333 17.896 3.603
372 4 2 18.075 4.333 17.896 3.603
373 4 2 18.075 4.339 17.896 3.610
374 4 2 18.075 4.339 17.903 3.610
375 4 2 18.069 4.339 17.896 3.610
376 4 2 18.069 4.339 17.896 3.610
377 4 2 18.069 4.339 17.896 3.610
378 4 2 18.069 4.339 17.896 3.610
379 4 2 18.069 4.339 17.903 3.610
380 4 2 18.062 4.346 17.903 3.616
381 4 2 18.055 4.346 17.896 3.616
382 4 2 18.055 4.346 17.896 3.616
383 4 2 18.055 4.346 17.896 3.616
384 4 2 18.049 4.346 17.889 3.616
385 4 2 18.055 4.339 17.896 3.610
386 4 2 18.055 4.333 17.896 3.603
387 4 2 18.055 4.333 17.896 3.603
388 4 2 18.049 4.333 17.889 3.603
389 4 2 18.049 4.326 17.889 3.597
390 4 2 18.049 4.320 17.889 3.590
391 4 2 18.055 4.313 17.896 3.584
392 4 2 18.055 4.306 17.896 3.577
393 4 2 18.055 4.306 17.896 3.577
394 4 2 18.055 4.306 17.896 3.577
395 4 2 18.049 4.306 17.889 3.577
396 4 2 18.055 4.300 17.896 3.570
397 4 2 18.055 4.293 17.896 3.564
398 4 2 18.042 4.293 17.916 3.564
399 4 2 18.042 4.293 17.916 3.564
400 4 2 18.035 4.293 17.909 3.564
401 4 2 18.029 4.287 17.903 3.557
402 4 2 18.029 4.280 17.903 3.551
403 4 2 18.029 4.274 17.903 3.544
404 4 2 18.029 4.267 17.903 3.537
405 4 2 18.029 4.261 17.903 3.531
406 4 2 18.022 4.254 17.896 3.524
407 4 2 18.022 4.247 17.896 3.518
408 4 2 18.022 4.241 17.896 3.511
409 4 2 18.022 4.234 17.896 3.505
410 4 2 18.022 4.228 17.896 3.498
411 4 2 18.022 4.221 17.896 3.491
412 4 2 18.022 4.214 17.896 3.485
413 4 2 18.022 4.208 17.896 3.478
414 4 2 18.022 4.201 17.896 3.472
415 4 2 18.022 4.195 17.896 3.465
416 4 2 18.022 4.188 17.896 3.459
417 4 2 18.015 4.182 17.909 3.452
418 4 2 18.009 4.175 17.903 3.445
419 4 2 18.009 4.169 17.903 3.439
420 4 2 18.009 4.162 17.903 3.432
421 4 2 18.002 4.155 17.896 3.426
422 4 2 18.002 4.149 17.896 3.419
423 4 2 18.002 4.142 17.896 3.413
424 4 2 18.002 4.136 17.896 3.406
425 4 2 18.002 4.129 17.896 3.399
426 4 2 18.002 4.122 17.896 3.393
427 4 2 18.002 4.116 17.896 3.386
428 4 2 18.002 4.109 17.896 3.380
429 4 2 18.002 4.103 17.896 3.373
430 4 2 18.002 4.096 17.896 3.366
431 4 2 18.002 4.090 17.896 3.360
432 4 2 18.002 4.083 17.896 3.353
433 4 2 18.002 4.076 17.896 3.347
434 4 2 18.002 4.070 17.896 3.340
104 5 2 42.365 7.327 41.512 7.090
105 5 2 42.391 7.334 41.499 7.090
106 5 2 42.300 7.347 41.408 7.104
107 5 2 42.234 7.367 41.342 7.124
108 5 2 42.156 7.374 41.263 7.131
109 5 2 42.057 7.401 41.165 7.157
110 5 2 41.992 7.415 41.100 7.171
111 5 2 41.913 7.435 41.021 7.191
112 5 2 41.815 7.448 40.923 7.205
113 5 2 41.756 7.462 40.864 7.218
114 5 2 41.671 7.482 40.779 7.238
115 5 2 41.415 7.569 40.523 7.325
116 5 2 41.500 7.522 40.608 7.278
117 5 2 42.242 7.682 40.443 6.834
118 5 2 42.038 7.598 40.148 6.921
121 5 2 41.907 7.605 40.214 6.927
122 5 2 41.822 7.619 40.129 6.941
123 5 2 41.737 7.645 40.043 6.967
124 5 2 41.652 7.659 39.958 6.981
125 5 2 41.566 7.672 39.873 6.994
126 5 2 41.481 7.699 39.788 7.021
127 5 2 41.383 7.713 39.689 7.035
128 5 2 41.298 7.726 39.604 7.048
129 5 2 41.200 7.753 39.506 7.075
130 5 2 41.114 7.767 39.420 7.089
131 5 2 41.029 7.780 39.335 7.102
132 5 2 40.944 7.807 39.250 7.129
133 5 2 40.846 7.821 39.151 7.143
134 5 2 40.747 7.834 39.053 7.156
135 5 2 40.649 7.848 38.955 7.170
136 5 2 40.564 7.862 38.869 7.183
137 5 2 40.452 7.888 38.758 7.210
138 5 2 40.367 7.902 38.673 7.224
139 5 2 40.269 7.916 38.574 7.238
140 5 2 40.170 7.942 38.476 7.264
141 5 2 40.072 7.956 38.377 7.278
142 5 2 39.974 7.970 38.279 7.292
143 5 2 39.875 7.984 38.180 7.305
144 5 2 39.790 7.997 38.095 7.319
145 5 2 39.679 8.024 37.984 7.346
146 5 2 39.593 8.038 37.898 7.359
147 5 2 39.482 8.051 37.787 7.373
148 5 2 39.383 8.065 37.688 7.387
149 5 2 39.285 8.066 37.590 7.387
150 5 2 39.187 8.079 37.491 7.401
151 5 2 39.088 8.093 37.393 7.415
152 5 2 38.990 8.107 37.294 7.428
153 5 2 38.878 8.120 37.183 7.442
154 5 2 38.780 8.134 37.084 7.456
155 5 2 38.681 8.161 36.986 7.483
156 5 2 38.570 8.175 36.874 7.496
157 5 2 38.458 8.175 36.762 7.497
158 5 2 38.360 8.189 36.664 7.511
159 5 2 38.248 8.216 36.552 7.537
160 5 2 38.150 8.243 36.454 7.564
161 5 2 38.038 8.256 36.342 7.578
162 5 2 37.940 8.257 36.243 7.579
163 5 2 37.841 8.271 36.145 7.592
164 5 2 37.743 8.297 36.046 7.619
165 5 2 37.631 8.311 35.935 7.633
166 5 2 37.533 8.325 35.836 7.646
167 5 2 37.434 8.352 35.737 7.673
168 5 2 37.336 8.365 35.639 7.687
169 5 2 37.224 8.379 35.527 7.701
170 5 2 37.139 8.406 35.442 7.727
171 5 2 37.027 8.433 35.330 7.754
172 5 2 36.929 8.446 35.231 7.768
173 5 2 36.817 8.460 35.120 7.782
174 5 2 36.732 8.487 35.034 7.808
175 5 2 36.633 8.501 34.936 7.822
176 5 2 36.534 8.514 34.837 7.836
177 5 2 36.436 8.541 34.739 7.863
178 5 2 36.351 8.568 34.653 7.889
179 5 2 36.252 8.595 34.554 7.916
180 5 2 36.180 8.608 34.482 7.930
181 5 2 36.081 8.622 34.384 7.943
182 5 2 36.009 8.649 34.311 7.970
183 5 2 35.924 8.675 34.226 7.997
184 5 2 35.851 8.689 34.153 8.010
185 5 2 35.766 8.703 34.068 8.024
186 5 2 35.707 8.729 34.009 8.050
187 5 2 35.621 8.743 33.923 8.064
188 5 2 35.562 8.743 33.864 8.064
189 5 2 35.490 8.757 33.792 8.078
190 5 2 35.431 8.783 33.733 8.105
191 5 2 35.345 8.810 33.647 8.131
192 5 2 35.392 8.961 33.608 8.296
193 5 2 35.352 8.961 33.641 8.289
194 5 2 35.280 8.981 33.568 8.309
195 5 2 35.208 9.001 33.496 8.329
196 5 2 35.148 9.008 33.437 8.336
197 5 2 35.063 9.041 33.351 8.369
198 5 2 34.991 9.048 33.279 8.376
199 5 2 34.918 9.068 33.207 8.396
200 5 2 34.846 9.089 33.134 8.416
201 5 2 34.761 9.109 33.049 8.437
202 5 2 34.688 9.129 32.976 8.457
203 5 2 34.616 9.149 32.904 8.477
204 5 2 34.544 9.169 32.832 8.497
205 5 2 34.471 9.189 32.759 8.517
206 5 2 34.399 9.209 32.687 8.537
207 5 2 34.314 9.230 32.601 8.557
208 5 2 34.241 9.237 32.529 8.564
209 5 2 34.156 9.270 32.443 8.598
210 5 2 34.083 9.290 32.371 8.618
211 5 2 33.998 9.310 32.286 8.638
212 5 2 33.926 9.330 32.213 8.658
213 5 2 33.827 9.364 32.114 8.692
214 5 2 33.755 9.384 32.042 8.712
215 5 2 33.656 9.417 31.943 8.745
216 5 2 33.571 9.438 31.858 8.765
217 5 2 33.472 9.471 31.759 8.799
218 5 2 33.373 9.491 31.660 8.819
219 5 2 33.275 9.525 31.561 8.852
220 5 2 33.189 9.545 31.476 8.873
221 5 2 33.090 9.565 31.377 8.893
222 5 2 32.992 9.586 31.278 8.913
223 5 2 32.893 9.619 31.180 8.947
224 5 2 32.794 9.639 31.081 8.967
225 5 2 32.695 9.660 30.982 8.987
226 5 2 32.597 9.667 30.883 8.994
227 5 2 32.498 9.687 30.784 9.015
228 5 2 32.399 9.694 30.686 9.022
229 5 2 32.301 9.715 30.587 9.042
230 5 2 32.202 9.722 30.488 9.049
231 5 2 32.090 9.742 30.376 9.070
232 5 2 31.991 9.736 30.277 9.064
233 5 2 31.879 9.743 30.165 9.071
234 5 2 31.780 9.751 30.066 9.078
235 5 2 31.668 9.758 29.954 9.085
236 5 2 31.556 9.752 29.842 9.080
237 5 2 31.431 9.746 29.717 9.074
238 5 2 31.332 9.740 29.618 9.068
239 5 2 31.220 9.734 29.506 9.062
240 5 2 31.108 9.728 29.394 9.056
241 5 2 30.996 9.709 29.282 9.037
242 5 2 30.884 9.690 29.169 9.018
243 5 2 30.772 9.671 29.057 8.999
244 5 2 30.673 9.639 28.958 8.967
245 5 2 30.561 9.620 28.846 8.948
246 5 2 30.449 9.588 28.734 8.915
247 5 2 30.337 9.569 28.622 8.896
248 5 2 30.225 9.537 28.510 8.864
249 5 2 30.113 9.518 28.398 8.845
250 5 2 30.001 9.486 28.285 8.813
251 5 2 29.889 9.454 28.173 8.781
252 5 2 29.777 9.408 28.061 8.736
253 5 2 29.651 9.376 27.936 8.703
254 5 2 29.539 9.331 27.823 8.658
255 5 2 29.427 9.286 27.711 8.613
256 5 2 29.315 9.240 27.599 8.568
257 5 2 29.189 9.195 27.474 8.522
258 5 2 29.077 9.150 27.361 8.477
259 5 2 28.965 9.105 27.249 8.432
260 5 2 28.853 9.059 27.137 8.386
261 5 2 28.728 9.014 27.011 8.341
262 5 2 28.615 8.969 26.899 8.296
263 5 2 28.490 8.924 26.774 8.250
264 5 2 28.391 8.865 26.675 8.192
265 5 2 28.266 8.807 26.549 8.133
266 5 2 28.153 8.748 26.437 8.075
267 5 2 28.028 8.703 26.311 8.030
268 5 2 27.916 8.644 26.199 7.971
269 5 2 27.790 8.599 26.073 7.926
270 5 2 27.678 8.541 25.961 7.867
271 5 2 27.553 8.482 25.836 7.809
272 5 2 27.427 8.424 25.710 7.751
273 5 2 27.302 8.366 25.585 7.692
274 5 2 27.190 8.307 25.472 7.634
275 5 2 27.064 8.262 25.347 7.588
276 5 2 26.952 8.203 25.234 7.530
277 5 2 27.051 8.177 25.280 7.346
278 5 2 27.018 8.104 25.300 7.418
279 5 2 26.905 8.072 25.188 7.386
280 5 2 26.767 8.027 25.049 7.340
281 5 2 26.628 7.995 24.911 7.308
282 5 2 26.503 7.950 24.785 7.263
283 5 2 26.364 7.905 24.646 7.218
284 5 2 26.238 7.859 24.521 7.172
285 5 2 26.100 7.814 24.382 7.127
286 5 2 25.974 7.769 24.256 7.082
287 5 2 25.849 7.723 24.131 7.037
288 5 2 25.723 7.678 24.005 6.991
289 5 2 25.598 7.633 23.879 6.946
290 5 2 25.472 7.588 23.754 6.901
291 5 2 25.333 7.542 23.615 6.855
292 5 2 25.208 7.497 23.489 6.810
293 5 2 25.082 7.452 23.364 6.765
294 5 2 24.957 7.407 23.238 6.719
295 5 2 24.818 7.374 23.099 6.687
296 5 2 24.706 7.329 22.987 6.642
297 5 2 24.567 7.284 22.848 6.597
298 5 2 24.441 7.225 22.722 6.538
299 5 2 24.316 7.180 22.597 6.493
300 5 2 24.190 7.135 22.471 6.447
301 5 2 24.065 7.089 22.345 6.402
302 5 2 23.952 7.044 22.233 6.357
303 5 2 23.827 6.999 22.107 6.311
304 5 2 23.701 6.940 21.981 6.253
305 5 2 23.575 6.895 21.856 6.207
306 5 2 23.463 6.836 21.743 6.149
307 5 2 23.337 6.778 21.618 6.090
308 5 2 23.212 6.719 21.492 6.032
309 5 2 23.086 6.661 21.366 5.973
310 5 2 22.974 6.602 21.254 5.915
311 5 2 22.848 6.544 21.128 5.856
312 5 2 22.736 6.485 21.015 5.798
313 5 2 22.610 6.427 20.890 5.739
314 5 2 22.497 6.368 20.777 5.680
315 5 2 22.372 6.323 20.651 5.635
316 5 2 22.259 6.264 20.539 5.577
317 5 2 22.134 6.206 20.413 5.518
318 5 2 22.021 6.134 20.300 5.446
319 5 2 21.895 6.076 20.175 5.388
320 5 2 21.783 6.004 20.062 5.316
321 5 2 21.657 5.945 19.936 5.257
322 5 2 21.545 5.887 19.824 5.199
323 5 2 21.432 5.828 19.711 5.140
324 5 2 21.320 5.757 19.599 5.068
325 5 2 21.194 5.698 19.473 5.010
326 5 2 21.081 5.626 19.360 4.938
327 5 2 20.969 5.568 19.248 4.879
328 5 2 20.856 5.496 19.135 4.808
329 5 2 20.731 5.437 19.009 4.749
330 5 2 20.631 5.366 18.910 4.677
331 5 2 20.506 5.294 18.784 4.605
332 5 2 20.406 5.222 18.685 4.534
333 5 2 20.280 5.164 18.559 4.475
334 5 2 20.181 5.105 18.459 4.416
335 5 2 20.069 5.046 18.347 4.358
336 5 2 19.969 4.974 18.247 4.286
337 5 2 19.857 4.916 18.135 4.227
338 5 2 19.744 4.857 18.022 4.168
339 5 2 19.400 4.800 18.141 4.109
340 5 2 19.347 4.741 18.088 4.050
341 5 2 19.115 4.683 18.214 3.990
342 5 2 18.976 4.624 18.254 3.930
343 5 2 18.916 4.565 18.194 3.872
344 5 2 18.870 4.493 18.148 3.799
345 5 2 18.810 4.434 18.088 3.741
346 5 2 18.678 4.376 18.121 3.681
347 5 2 18.572 4.343 18.101 3.648
348 5 2 18.532 4.271 18.062 3.576
350 5 2 18.559 4.264 18.088 3.569
351 5 2 18.506 4.232 18.035 3.537
352 5 2 18.380 4.186 18.002 3.491
354 5 2 18.373 4.180 18.075 3.484
355 5 2 18.373 4.173 18.075 3.477
356 5 2 18.373 4.173 18.075 3.477
357 5 2 18.373 4.173 18.075 3.477
358 5 2 18.373 4.173 18.075 3.477
359 5 2 18.373 4.173 18.075 3.477
360 5 2 18.373 4.173 18.075 3.477
361 5 2 18.373 4.173 18.075 3.477
362 5 2 18.373 4.173 18.075 3.477
363 5 2 18.373 4.173 18.075 3.477
364 5 2 18.367 4.173 18.068 3.477
365 5 2 18.367 4.173 18.068 3.477
366 5 2 18.367 4.173 18.068 3.477
367 5 2 18.367 4.173 18.068 3.477
368 5 2 18.360 4.180 18.062 3.484
369 5 2 18.360 4.187 18.062 3.491
370 5 2 18.360 4.180 18.062 3.484
371 5 2 18.360 4.187 18.062 3.491
372 5 2 18.353 4.187 18.055 3.491
373 5 2 18.353 4.187 18.055 3.491
374 5 2 18.353 4.187 18.055 3.491
375 5 2 18.347 4.187 18.048 3.491
376 5 2 18.347 4.187 18.048 3.491
377 5 2 18.347 4.187 18.048 3.491
378 5 2 18.340 4.187 18.042 3.491
379 5 2 18.340 4.193 18.042 3.497
380 5 2 18.340 4.200 18.042 3.504
381 5 2 18.333 4.193 18.035 3.497
382 5 2 18.333 4.200 18.035 3.504
383 5 2 18.327 4.193 18.029 3.497
384 5 2 18.327 4.200 18.029 3.504
385 5 2 18.327 4.193 18.029 3.497
386 5 2 18.327 4.200 18.029 3.504
387 5 2 18.320 4.200 18.022 3.504
388 5 2 18.314 4.200 18.015 3.504
389 5 2 18.314 4.200 18.015 3.504
390 5 2 18.314 4.200 18.015 3.504
391 5 2 18.307 4.200 18.009 3.504
392 5 2 18.307 4.200 18.009 3.504
393 5 2 18.300 4.200 18.002 3.504
394 5 2 18.300 4.200 18.002 3.504
395 5 2 18.294 4.200 17.995 3.504
396 5 2 18.294 4.200 17.995 3.504
397 5 2 18.287 4.200 17.989 3.504
398 5 2 18.267 4.200 18.002 3.504
399 5 2 18.267 4.200 18.002 3.504
400 5 2 18.261 4.200 17.995 3.504
401 5 2 18.261 4.200 17.995 3.504
402 5 2 18.261 4.200 17.995 3.504
403 5 2 18.254 4.200 17.989 3.504
404 5 2 18.254 4.200 17.989 3.504
405 5 2 18.254 4.200 17.989 3.504
406 5 2 18.247 4.200 17.982 3.504
407 5 2 18.247 4.200 17.982 3.504
408 5 2 18.247 4.200 17.982 3.504
409 5 2 18.247 4.200 17.982 3.504
410 5 2 18.247 4.200 17.982 3.504
411 5 2 18.247 4.200 17.982 3.504
412 5 2 18.247 4.200 17.982 3.504
413 5 2 18.247 4.200 17.982 3.504
414 5 2 18.247 4.200 17.982 3.504
415 5 2 18.247 4.200 17.982 3.504
416 5 2 18.241 4.200 17.976 3.504
417 5 2 18.227 4.200 17.989 3.504
418 5 2 18.227 4.200 17.989 3.504
419 5 2 18.227 4.200 17.989 3.504
420 5 2 18.227 4.200 17.989 3.504
421 5 2 18.227 4.200 17.989 3.504
422 5 2 18.227 4.200 17.989 3.504
423 5 2 18.227 4.200 17.989 3.504
424 5 2 18.227 4.200 17.989 3.504
425 5 2 18.227 4.200 17.989 3.504
426 5 2 18.227 4.200 17.989 3.504
427 5 2 18.227 4.194 17.989 3.498
428 5 2 18.227 4.200 17.989 3.504
429 5 2 18.227 4.194 17.989 3.498
430 5 2 18.227 4.200 17.989 3.504
431 5 2 18.227 4.194 17.989 3.498
432 5 2 18.227 4.200 17.989 3.504
433 5 2 18.227 4.194 17.989 3.498
434 5 2 18.227 4.200 17.989 3.504
