0 0 1 43.297 11.475 42.006 10.711
1 0 1 43.330 11.495 41.979 10.698
2 0 1 43.278 11.502 42.006 10.737
3 0 1 43.318 11.515 41.993 10.730
4 0 1 43.258 11.502 41.993 10.744
5 0 1 43.298 11.528 41.980 10.750
6 0 1 43.238 11.502 41.934 10.771
7 0 1 43.272 11.535 41.953 10.764
8 0 1 43.205 11.450 41.967 10.843
9 0 1 43.252 11.535 41.940 10.784
10 0 1 43.106 11.450 42.046 10.842
11 0 1 43.232 11.529 41.940 10.790
12 0 1 43.060 11.437 42.040 10.849
13 0 1 43.199 11.522 41.927 10.797
14 0 1 42.948 11.445 42.112 10.842
15 0 1 43.166 11.516 41.921 10.797
16 0 1 42.902 11.432 42.119 10.842
17 0 1 43.126 11.510 41.908 10.797
18 0 1 42.836 11.439 42.073 10.836
19 0 1 43.074 11.503 41.875 10.797
20 0 1 42.836 11.419 41.789 10.851
21 0 1 42.975 11.497 41.782 10.798
22 0 1 42.763 11.439 41.684 10.851
23 0 1 42.876 11.505 41.690 10.812
24 0 1 42.717 11.440 41.466 10.846
25 0 1 42.751 11.499 41.565 10.813
26 0 1 42.652 11.506 41.354 10.768
27 0 1 42.652 11.500 41.466 10.813
28 0 1 42.573 11.513 41.314 10.755
29 0 1 42.573 11.500 41.387 10.814
30 0 1 42.441 11.455 41.453 10.820
31 0 1 42.547 11.500 41.367 10.820
32 0 1 42.500 11.501 41.321 10.821
33 0 1 42.454 11.501 41.275 10.821
34 0 1 42.415 11.501 41.235 10.821
35 0 1 42.375 11.501 41.196 10.822
36 0 1 42.323 11.515 41.143 10.835
37 0 1 42.270 11.515 41.090 10.835
38 0 1 42.230 11.509 41.051 10.829
39 0 1 42.191 11.529 41.011 10.849
40 0 1 42.164 11.510 40.668 10.752
41 0 1 42.072 11.497 40.886 10.817
42 0 1 42.145 11.529 40.615 10.746
43 0 1 42.006 11.497 40.813 10.817
44 0 1 42.066 11.530 40.602 10.773
45 0 1 41.953 11.504 40.754 10.824
46 0 1 41.940 11.518 40.602 10.773
47 0 1 41.901 11.498 40.701 10.818
48 0 1 41.795 11.532 40.470 10.767
49 0 1 41.789 11.499 40.589 10.819
50 0 1 41.683 11.526 40.417 10.767
51 0 1 41.690 11.499 40.490 10.820
52 0 1 41.544 11.461 40.490 10.853
53 0 1 41.630 11.506 40.437 10.833
54 0 1 41.471 11.441 40.510 10.833
55 0 1 41.591 11.494 40.404 10.827
56 0 1 41.405 11.402 40.200 10.841
57 0 1 41.452 11.468 40.266 10.808
58 0 1 41.300 11.396 40.173 10.822
59 0 1 41.366 11.455 40.187 10.802
60 0 1 41.207 11.390 40.068 10.802
61 0 1 41.274 11.443 40.101 10.796
62 0 1 41.075 11.411 39.989 10.803
63 0 1 41.168 11.450 40.002 10.809
64 0 1 40.957 11.465 40.008 10.809
65 0 1 41.102 11.464 39.943 10.823
66 0 1 40.885 11.472 40.101 10.802
67 0 1 41.069 11.471 39.916 10.830
68 0 1 41.096 11.470 39.943 10.830
69 0 1 40.964 11.471 39.811 10.831
70 0 1 40.760 11.552 39.605 10.713
71 0 1 40.733 11.466 39.586 10.825
72 0 1 40.766 11.473 39.619 10.832
73 0 1 40.726 11.486 39.580 10.845
74 0 1 40.502 11.455 39.454 10.853
75 0 1 40.654 11.480 39.514 10.846
76 0 1 40.495 11.461 39.428 10.853
77 0 1 40.581 11.480 39.448 10.846
78 0 1 40.535 11.474 39.401 10.840
79 0 1 40.502 11.481 39.368 10.847
80 0 1 40.384 11.548 39.084 10.782
81 0 1 40.370 11.489 39.236 10.854
82 0 1 40.239 11.542 39.018 10.776
83 0 1 40.251 11.489 39.118 10.855
84 0 1 40.027 11.464 39.131 10.855
85 0 1 40.172 11.483 39.045 10.855
86 0 1 39.954 11.491 39.071 10.842
87 0 1 40.099 11.490 38.979 10.862
88 0 1 39.888 11.492 38.781 10.857
89 0 1 39.961 11.498 38.840 10.870
90 0 1 39.856 11.538 38.602 10.792
91 0 1 39.842 11.492 38.721 10.864
92 0 1 39.730 11.533 38.556 10.786
93 0 1 39.743 11.486 38.622 10.858
94 0 1 39.572 11.567 38.496 10.773
95 0 1 39.644 11.493 38.530 10.865
96 0 1 39.499 11.521 38.523 10.865
97 0 1 39.591 11.514 38.484 10.885
98 0 1 39.539 11.527 38.431 10.899
99 0 1 39.499 11.514 38.391 10.886
100 0 1 39.327 11.562 38.398 10.893
101 0 1 39.426 11.541 38.325 10.913
102 0 1 39.380 11.561 38.279 10.933
103 0 1 39.328 11.575 38.226 10.947
104 0 1 39.051 11.709 38.120 10.875
105 0 1 39.209 11.609 38.114 10.981
106 0 1 39.163 11.622 38.068 10.994
107 0 1 39.103 11.629 38.009 11.001
108 0 1 39.070 11.636 37.976 11.008
109 0 1 39.011 11.637 37.916 11.008
110 0 1 38.965 11.644 37.870 11.015
111 0 1 38.919 11.664 37.824 11.035
112 0 1 38.701 11.685 37.646 11.070
113 0 1 38.773 11.691 37.685 11.063
114 0 1 38.562 11.706 37.507 11.090
115 0 1 38.641 11.719 37.560 11.090
116 0 1 38.575 11.719 37.494 11.091
117 0 1 38.536 11.733 37.454 11.104
118 0 1 38.463 11.746 37.381 11.118
119 0 1 38.417 11.747 37.335 11.118
120 0 1 38.232 11.761 37.104 11.133
121 0 1 38.271 11.761 37.190 11.132
122 0 1 38.093 11.782 37.077 11.133
123 0 1 38.172 11.775 37.097 11.146
124 0 1 38.067 11.782 37.064 11.133
125 0 1 38.120 11.782 37.051 11.153
126 0 1 38.080 11.835 36.859 11.055
127 0 1 38.040 11.776 36.972 11.147
128 0 1 37.948 11.823 36.686 11.050
129 0 1 37.914 11.770 36.846 11.141
130 0 1 37.736 11.778 36.846 11.108
131 0 1 37.848 11.764 36.786 11.135
132 0 1 37.610 11.792 36.693 11.109
133 0 1 37.749 11.778 36.694 11.149
134 0 1 37.696 11.778 36.641 11.149
135 0 1 37.643 11.792 36.588 11.163
136 0 1 37.610 11.805 36.555 11.176
137 0 1 37.564 11.792 36.508 11.163
138 0 1 37.518 11.806 36.462 11.177
139 0 1 37.471 11.793 36.416 11.164
140 0 1 37.359 11.774 36.210 11.106
141 0 1 37.366 11.774 36.310 11.145
142 0 1 37.240 11.735 36.131 11.133
143 0 1 37.260 11.761 36.204 11.139
144 0 1 37.127 11.756 36.105 11.126
145 0 1 37.174 11.768 36.125 11.146
146 0 1 36.968 11.763 36.217 11.139
147 0 1 37.127 11.775 36.085 11.153
148 0 1 37.081 11.782 36.039 11.160
149 0 1 37.022 11.783 35.979 11.160
150 0 1 36.962 11.796 35.919 11.174
151 0 1 36.916 11.803 35.873 11.181
152 0 1 36.863 11.810 35.820 11.188
153 0 1 36.823 11.831 35.781 11.208
154 0 1 36.777 11.837 35.734 11.215
155 0 1 36.731 11.844 35.688 11.222
156 0 1 36.539 11.826 35.529 11.210
157 0 1 36.612 11.852 35.575 11.229
158 0 1 36.439 11.860 35.443 11.223
159 0 1 36.506 11.866 35.476 11.243
160 0 1 36.367 11.933 35.284 11.284
161 0 1 36.400 11.906 35.370 11.283
162 0 1 36.341 11.933 35.311 11.310
163 0 1 36.281 11.967 35.252 11.344
164 0 1 36.228 11.987 35.199 11.364
165 0 1 36.175 12.007 35.146 11.384
166 0 1 36.129 12.028 35.099 11.405
167 0 1 36.070 12.041 35.040 11.418
168 0 1 36.004 12.075 34.821 11.413
169 0 1 35.977 12.068 34.947 11.445
170 0 1 35.798 12.083 34.748 11.420
171 0 1 35.851 12.076 34.821 11.453
172 0 1 35.646 12.097 34.729 11.460
173 0 1 35.745 12.090 34.722 11.467
174 0 1 35.606 12.111 34.729 11.493
175 0 1 35.699 12.117 34.682 11.494
176 0 1 35.553 12.124 34.503 11.501
177 0 1 35.587 12.131 34.570 11.508
178 0 1 35.408 12.172 34.378 11.529
179 0 1 35.461 12.158 34.444 11.535
180 0 1 35.256 12.200 34.239 11.550
181 0 1 35.315 12.186 34.298 11.563
182 0 1 35.222 12.206 34.192 11.596
183 0 1 35.236 12.213 34.219 11.590
184 0 1 35.090 12.227 34.179 11.616
185 0 1 35.170 12.233 34.159 11.610
186 0 1 34.991 12.288 34.206 11.616
187 0 1 35.117 12.260 34.113 11.637
188 0 1 34.944 12.301 34.120 11.670
189 0 1 35.057 12.294 34.060 11.670
190 0 1 35.004 12.314 34.007 11.691
191 0 1 34.951 12.328 33.954 11.704
192 0 1 34.898 12.341 33.901 11.718
193 0 1 34.845 12.362 33.848 11.738
194 0 1 34.534 12.364 33.735 11.712
195 0 1 34.719 12.369 33.729 11.746
196 0 1 34.660 12.376 33.669 11.753
197 0 1 34.613 12.390 33.623 11.766
198 0 1 34.554 12.417 33.563 11.793
199 0 1 34.507 12.424 33.517 11.800
200 0 1 34.448 12.444 33.457 11.820
201 0 1 34.415 12.451 33.424 11.827
202 0 1 34.355 12.458 33.364 11.834
203 0 1 34.322 12.458 33.331 11.835
204 0 1 34.030 12.460 33.264 11.769
205 0 1 34.202 12.453 33.218 11.829
206 0 1 34.004 12.554 33.105 11.717
207 0 1 34.103 12.460 33.125 11.836
208 0 1 34.057 12.467 33.079 11.843
209 0 1 34.010 12.474 33.032 11.850
210 0 1 33.705 12.496 32.880 11.818
211 0 1 33.864 12.475 32.893 11.851
212 0 1 33.665 12.490 32.714 11.845
213 0 1 33.738 12.489 32.767 11.865
214 0 1 33.566 12.517 32.714 11.819
215 0 1 33.659 12.496 32.694 11.872
216 0 1 33.493 12.537 32.654 11.859
217 0 1 33.586 12.517 32.628 11.892
218 0 1 33.267 12.532 32.614 11.899
219 0 1 33.466 12.531 32.515 11.907
220 0 1 33.181 12.553 32.402 11.914
221 0 1 33.340 12.552 32.395 11.927
222 0 1 33.068 12.587 32.243 11.922
223 0 1 33.201 12.579 32.263 11.955
224 0 1 33.148 12.586 32.210 11.962
225 0 1 33.095 12.593 32.156 11.969
226 0 1 33.048 12.600 32.110 11.976
227 0 1 32.988 12.601 32.050 11.976
228 0 1 32.942 12.628 32.004 12.003
229 0 1 32.882 12.635 31.944 12.010
230 0 1 32.849 12.715 31.718 11.839
231 0 1 32.803 12.622 31.864 11.997
232 0 1 32.683 12.643 31.685 11.979
233 0 1 32.703 12.629 31.765 12.005
234 0 1 32.557 12.677 31.738 11.958
235 0 1 32.643 12.643 31.712 12.018
236 0 1 32.398 12.665 31.652 11.992
237 0 1 32.550 12.650 31.625 12.026
238 0 1 32.504 12.657 31.579 12.033
239 0 1 32.457 12.651 31.532 12.026
240 0 1 32.398 12.658 31.472 12.033
241 0 1 32.351 12.652 31.426 12.027
242 0 1 32.112 12.700 31.260 12.008
243 0 1 32.212 12.673 31.293 12.048
244 0 1 32.112 12.713 31.226 12.008
245 0 1 32.139 12.687 31.227 12.062
246 0 1 32.126 12.806 31.147 11.969
247 0 1 32.099 12.707 31.187 12.082
248 0 1 31.913 12.788 31.120 11.969
249 0 1 32.012 12.701 31.107 12.076
250 0 1 31.959 12.708 31.054 12.083
251 0 1 31.906 12.708 31.001 12.083
252 0 1 31.853 12.722 30.947 12.097
253 0 1 31.800 12.729 30.894 12.104
254 0 1 31.740 12.723 30.834 12.097
255 0 1 31.693 12.743 30.788 12.118
256 0 1 31.407 12.698 30.708 11.965
257 0 1 31.560 12.691 30.662 12.065
258 0 1 31.481 12.711 30.575 12.013
259 0 1 31.507 12.691 30.608 12.066
260 0 1 31.461 12.691 30.562 12.066
261 0 1 31.401 12.705 30.502 12.080
262 0 1 31.354 12.712 30.455 12.087
263 0 1 31.294 12.719 30.396 12.094
264 0 1 31.248 12.726 30.349 12.101
265 0 1 31.175 12.733 30.276 12.108
266 0 1 31.128 12.714 30.229 12.088
267 0 1 31.082 12.734 30.183 12.109
268 0 1 31.035 12.728 30.136 12.102
269 0 1 30.975 12.735 30.076 12.109
270 0 1 30.929 12.728 30.030 12.103
271 0 1 30.869 12.722 29.970 12.097
272 0 1 30.816 12.716 29.917 12.091
273 0 1 30.763 12.723 29.864 12.098
274 0 1 30.703 12.703 29.804 12.078
275 0 1 30.643 12.697 29.744 12.072
276 0 1 30.583 12.691 29.684 12.066
277 0 1 30.523 12.685 29.624 12.059
278 0 1 30.497 12.851 29.291 12.035
279 0 1 30.403 12.732 29.504 12.107
280 0 1 30.357 12.726 29.458 12.100
281 0 1 30.310 12.733 29.411 12.107
282 0 1 30.151 12.754 29.185 12.062
283 0 1 30.184 12.734 29.285 12.108
284 0 1 30.017 12.781 29.052 12.057
285 0 1 30.051 12.741 29.151 12.116
286 0 1 30.004 12.748 29.105 12.123
287 0 1 29.958 12.742 29.058 12.116
288 0 1 29.884 12.736 28.985 12.110
289 0 1 29.838 12.743 28.938 12.117
290 0 1 29.758 12.730 28.859 12.104
291 0 1 29.718 12.744 28.819 12.118
292 0 1 29.658 12.737 28.759 12.112
293 0 1 29.611 12.744 28.712 12.119
294 0 1 29.485 12.952 28.439 11.934
295 0 1 29.485 12.759 28.586 12.133
296 0 1 29.399 12.859 28.386 11.948
297 0 1 29.398 12.739 28.499 12.114
298 0 1 29.352 12.733 28.452 12.107
299 0 1 29.318 12.727 28.419 12.101
300 0 1 29.105 12.761 28.253 12.022
301 0 1 29.192 12.721 28.299 12.095
302 0 1 29.145 12.708 28.253 12.082
303 0 1 29.099 12.722 28.206 12.096
304 0 1 29.045 12.715 28.153 12.089
305 0 1 28.992 12.709 28.099 12.083
306 0 1 28.912 12.696 27.780 11.992
307 0 1 28.859 12.683 27.966 12.057
308 0 1 28.772 12.691 27.720 12.013
309 0 1 28.746 12.677 27.853 12.052
310 0 1 28.712 12.664 27.640 12.020
311 0 1 28.653 12.671 27.760 12.046
312 0 1 28.619 12.665 27.726 12.039
313 0 1 28.566 12.672 27.673 12.046
314 0 1 28.513 12.659 27.620 12.033
315 0 1 28.459 12.673 27.566 12.047
316 0 1 28.406 12.667 27.513 12.041
317 0 1 28.359 12.674 27.466 12.048
318 0 1 28.313 12.681 27.420 12.055
319 0 1 28.259 12.688 27.367 12.062
320 0 1 28.206 12.681 27.313 12.055
321 0 1 28.153 12.688 27.260 12.062
322 0 1 28.113 12.868 26.873 11.905
323 0 1 28.100 12.702 27.207 12.076
324 0 1 28.053 12.696 27.160 12.070
325 0 1 28.013 12.703 27.120 12.077
326 0 1 27.973 12.696 27.080 12.070
327 0 1 27.920 12.703 27.027 12.077
328 0 1 27.866 12.697 26.973 12.071
329 0 1 27.820 12.704 26.927 12.078
330 0 1 27.786 12.698 26.893 12.072
331 0 1 27.733 12.705 26.840 12.079
332 0 1 27.680 12.698 26.787 12.072
333 0 1 27.626 12.692 26.733 12.066
334 0 1 27.573 12.686 26.680 12.060
335 0 1 27.513 12.680 26.620 12.053
336 0 1 27.466 12.673 26.573 12.047
337 0 1 27.413 12.667 26.520 12.041
338 0 1 27.360 12.661 26.467 12.035
339 0 1 27.306 12.654 26.413 12.028
340 0 1 27.253 12.648 26.360 12.022
341 0 1 27.193 12.642 26.300 12.016
342 0 1 27.146 12.636 26.253 12.009
343 0 1 27.106 12.629 26.213 12.003
344 0 1 27.066 12.623 26.173 11.997
345 0 1 27.000 12.617 26.106 11.990
346 0 1 26.946 12.610 26.053 11.984
347 0 1 26.886 12.611 25.993 11.985
348 0 1 26.840 12.611 25.946 11.985
349 0 1 26.786 12.618 25.893 11.992
350 0 1 26.733 12.612 25.840 11.986
351 0 1 26.666 12.619 25.773 11.993
352 0 1 26.599 12.613 25.706 11.987
353 0 1 26.553 12.613 25.659 11.987
354 0 1 26.579 12.766 25.346 11.749
355 0 1 26.499 12.620 25.606 11.994
356 0 1 26.446 12.614 25.553 11.988
357 0 1 26.393 12.621 25.499 11.995
358 0 1 26.339 12.615 25.446 11.988
359 0 1 26.293 12.615 25.399 11.989
360 0 1 26.246 12.615 25.352 11.989
361 0 1 26.193 12.609 25.299 11.983
362 0 1 26.139 12.603 25.246 11.976
363 0 1 26.086 12.610 25.192 11.983
364 0 1 26.032 12.604 25.139 11.977
365 0 1 25.972 12.597 25.079 11.971
366 0 1 25.926 12.591 25.032 11.965
367 0 1 25.872 12.585 24.979 11.958
368 0 1 25.819 12.578 24.925 11.952
369 0 1 25.752 12.572 24.859 11.946
370 0 1 25.699 12.566 24.805 11.939
371 0 1 25.639 12.560 24.745 11.933
372 0 1 25.592 12.553 24.698 11.927
373 0 1 25.539 12.547 24.645 11.921
374 0 1 25.485 12.541 24.592 11.914
375 0 1 25.432 12.535 24.538 11.908
376 0 1 25.378 12.528 24.485 11.902
377 0 1 25.332 12.522 24.438 11.895
378 0 1 25.285 12.516 24.391 11.889
379 0 1 25.232 12.523 24.338 11.896
380 0 1 25.178 12.516 24.284 11.890
381 0 1 25.125 12.510 24.231 11.883
382 0 1 25.071 12.517 24.178 11.890
383 0 1 25.011 12.518 24.118 11.891
384 0 1 24.951 12.518 24.057 11.891
385 0 1 24.898 12.525 24.004 11.898
386 0 1 24.844 12.519 23.951 11.892
387 0 1 24.791 12.526 23.897 11.899
388 0 1 24.737 12.533 23.844 11.906
389 0 1 24.684 12.533 23.790 11.906
390 0 1 24.630 12.534 23.737 11.907
391 0 1 24.577 12.541 23.683 11.914
392 0 1 24.524 12.548 23.630 11.921
393 0 1 24.470 12.541 23.576 11.915
394 0 1 24.417 12.535 23.523 11.908
395 0 1 24.370 12.535 23.476 11.909
396 0 1 24.323 12.536 23.429 11.909
397 0 1 24.270 12.529 23.376 11.903
398 0 1 24.216 12.523 23.322 11.896
399 0 1 24.150 12.517 23.256 11.890
400 0 1 24.236 12.530 22.888 11.739
401 0 1 24.096 12.511 23.202 11.884
402 0 1 24.049 12.511 23.155 11.884
403 0 1 23.996 12.518 23.102 11.891
404 0 1 23.956 12.512 23.062 11.885
405 0 1 23.916 12.519 23.022 11.892
406 0 1 23.849 12.512 22.955 11.885
407 0 1 23.802 12.493 22.908 11.866
408 0 1 23.769 12.473 22.875 11.846
409 0 1 23.715 12.467 22.821 11.840
410 0 1 23.662 12.454 22.768 11.827
411 0 1 23.622 12.441 22.728 11.814
412 0 1 23.555 12.421 22.661 11.794
413 0 1 23.508 12.415 22.614 11.788
414 0 1 23.461 12.408 22.567 11.782
415 0 1 23.408 12.402 22.514 11.775
416 0 1 23.355 12.383 22.461 11.756
417 0 1 23.301 12.376 22.407 11.749
418 0 1 23.261 12.370 22.367 11.743
419 0 1 23.214 12.370 22.320 11.743
420 0 1 23.181 12.384 22.287 11.757
421 0 1 23.141 12.391 22.247 11.764
422 0 1 23.060 12.411 22.166 11.784
423 0 1 22.993 12.445 22.099 11.818
424 0 1 22.953 12.479 22.059 11.852
425 0 1 22.906 12.486 22.012 11.859
426 0 1 22.873 12.493 21.979 11.865
427 0 1 22.819 12.500 21.925 11.873
428 0 1 22.766 12.493 21.872 11.866
429 0 1 22.712 12.487 21.818 11.860
430 0 1 22.659 12.481 21.765 11.854
0 1 1 43.462 10.147 42.357 9.507
1 1 1 43.495 10.166 42.337 9.500
2 1 1 43.554 10.172 42.139 9.449
3 1 1 43.515 10.173 42.225 9.475
4 1 1 43.508 10.179 42.132 9.442
5 1 1 43.495 10.179 42.172 9.475
6 1 1 43.429 10.173 42.146 9.429
7 1 1 43.462 10.173 42.146 9.462
8 1 1 43.284 10.102 42.271 9.487
9 1 1 43.423 10.160 42.139 9.462
10 1 1 43.238 10.095 42.120 9.515
11 1 1 43.344 10.154 42.073 9.469
12 1 1 43.146 10.109 41.962 9.516
13 1 1 43.238 10.161 41.975 9.483
14 1 1 43.047 10.136 41.817 9.550
15 1 1 43.127 10.182 41.863 9.510
16 1 1 43.101 10.202 41.632 9.491
17 1 1 43.048 10.189 41.771 9.517
18 1 1 43.035 10.195 41.632 9.491
19 1 1 43.002 10.189 41.718 9.517
20 1 1 42.876 10.130 41.653 9.544
21 1 1 42.936 10.183 41.659 9.518
22 1 1 42.791 10.131 41.620 9.564
23 1 1 42.870 10.190 41.600 9.531
24 1 1 42.705 10.138 41.403 9.572
25 1 1 42.752 10.191 41.481 9.538
26 1 1 42.541 10.159 41.481 9.532
27 1 1 42.673 10.185 41.409 9.539
28 1 1 42.389 10.173 41.462 9.538
29 1 1 42.587 10.185 41.336 9.539
30 1 1 42.389 10.120 41.132 9.540
31 1 1 42.455 10.173 41.205 9.533
32 1 1 42.270 10.101 41.316 9.506
33 1 1 42.422 10.153 41.178 9.520
34 1 1 42.211 10.095 41.033 9.515
35 1 1 42.303 10.141 41.066 9.514
36 1 1 42.099 10.102 40.934 9.482
37 1 1 42.191 10.128 40.961 9.502
38 1 1 41.974 10.129 40.908 9.476
39 1 1 42.099 10.129 40.875 9.502
40 1 1 42.034 10.189 40.723 9.444
41 1 1 42.020 10.136 40.796 9.509
42 1 1 41.921 10.103 40.809 9.503
43 1 1 41.981 10.129 40.763 9.510
44 1 1 41.802 10.098 40.724 9.517
45 1 1 41.902 10.130 40.691 9.517
46 1 1 41.855 10.130 40.644 9.517
47 1 1 41.803 10.144 40.592 9.531
48 1 1 41.750 10.131 40.539 9.518
49 1 1 41.704 10.144 40.493 9.531
50 1 1 41.658 10.145 40.447 9.531
51 1 1 41.625 10.145 40.414 9.532
52 1 1 41.579 10.145 40.368 9.532
53 1 1 41.546 10.145 40.335 9.532
54 1 1 41.500 10.146 40.289 9.532
55 1 1 41.467 10.133 40.256 9.519
56 1 1 41.421 10.146 40.210 9.533
57 1 1 41.375 10.133 40.163 9.520
58 1 1 41.315 10.134 40.104 9.520
59 1 1 41.269 10.134 40.058 9.521
60 1 1 41.210 10.134 39.998 9.521
61 1 1 41.164 10.121 39.952 9.508
62 1 1 41.104 10.069 39.892 9.455
63 1 1 41.071 10.109 39.860 9.495
64 1 1 40.827 10.110 39.676 9.543
65 1 1 40.894 10.156 39.689 9.549
66 1 1 40.893 10.123 39.688 9.516
67 1 1 40.841 10.143 39.636 9.536
68 1 1 40.808 10.124 39.603 9.517
69 1 1 40.762 10.144 39.557 9.537
70 1 1 40.604 10.204 39.292 9.472
71 1 1 40.603 10.151 39.398 9.544
72 1 1 40.525 10.211 39.200 9.486
73 1 1 40.511 10.165 39.306 9.558
74 1 1 40.340 10.133 39.247 9.552
75 1 1 40.426 10.166 39.227 9.565
76 1 1 40.294 10.147 39.089 9.559
77 1 1 40.333 10.166 39.135 9.566
78 1 1 40.287 10.166 39.089 9.566
79 1 1 40.228 10.180 39.029 9.580
80 1 1 40.149 10.273 38.745 9.568
81 1 1 40.109 10.214 38.911 9.613
82 1 1 39.998 10.294 38.666 9.555
83 1 1 39.991 10.228 38.792 9.627
84 1 1 39.879 10.321 38.620 9.562
85 1 1 39.899 10.248 38.700 9.648
86 1 1 39.840 10.341 38.561 9.596
87 1 1 39.826 10.268 38.627 9.668
88 1 1 39.582 10.290 38.462 9.636
89 1 1 39.688 10.276 38.495 9.675
90 1 1 39.529 10.231 38.284 9.663
91 1 1 39.569 10.270 38.377 9.676
92 1 1 39.503 10.270 38.218 9.703
93 1 1 39.490 10.290 38.297 9.703
94 1 1 39.398 10.364 38.166 9.724
95 1 1 39.411 10.331 38.219 9.743
96 1 1 39.253 10.338 38.053 9.711
97 1 1 39.305 10.331 38.113 9.744
98 1 1 39.127 10.365 37.974 9.718
99 1 1 39.213 10.338 38.020 9.751
100 1 1 39.042 10.386 37.994 9.705
101 1 1 39.147 10.352 37.961 9.764
102 1 1 39.135 10.458 37.749 9.673
103 1 1 39.068 10.372 37.882 9.785
104 1 1 38.896 10.380 37.737 9.799
105 1 1 38.962 10.400 37.776 9.812
106 1 1 38.916 10.413 37.730 9.825
107 1 1 38.870 10.420 37.684 9.832
108 1 1 38.606 10.422 37.592 9.833
109 1 1 38.751 10.441 37.572 9.853
110 1 1 38.541 10.521 37.526 9.886
111 1 1 38.659 10.487 37.486 9.900
112 1 1 38.561 10.660 37.255 9.921
113 1 1 38.548 10.561 37.374 9.973
114 1 1 38.397 10.714 37.143 9.935
115 1 1 38.416 10.608 37.243 10.020
116 1 1 38.318 10.741 37.136 9.935
117 1 1 38.343 10.635 37.170 10.047
118 1 1 38.159 10.676 37.130 10.027
119 1 1 38.264 10.649 37.097 10.061
120 1 1 38.185 10.656 36.813 10.069
121 1 1 38.158 10.656 36.992 10.068
122 1 1 38.066 10.696 36.787 10.102
123 1 1 38.066 10.683 36.899 10.095
124 1 1 37.914 10.684 36.893 10.075
125 1 1 38.007 10.683 36.846 10.095
126 1 1 37.947 10.684 36.787 10.096
127 1 1 37.888 10.671 36.727 10.083
128 1 1 37.835 10.665 36.674 10.077
129 1 1 37.782 10.672 36.622 10.083
130 1 1 37.603 10.660 36.436 10.045
131 1 1 37.650 10.666 36.489 10.078
132 1 1 37.610 10.666 36.450 10.078
133 1 1 37.564 10.680 36.403 10.091
134 1 1 37.518 10.687 36.357 10.098
135 1 1 37.471 10.707 36.311 10.118
136 1 1 37.412 10.707 36.251 10.119
137 1 1 37.366 10.707 36.205 10.119
138 1 1 37.306 10.708 36.146 10.120
139 1 1 37.260 10.708 36.099 10.120
140 1 1 37.200 10.702 36.040 10.114
141 1 1 37.141 10.722 35.980 10.134
142 1 1 37.108 10.755 35.715 9.970
143 1 1 37.028 10.696 35.868 10.108
144 1 1 36.936 10.677 35.755 10.076
145 1 1 36.956 10.690 35.795 10.102
146 1 1 36.737 10.705 35.676 10.083
147 1 1 36.843 10.698 35.689 10.109
148 1 1 36.612 10.759 35.629 10.103
149 1 1 36.744 10.725 35.597 10.136
150 1 1 36.559 10.799 35.583 10.103
151 1 1 36.672 10.752 35.531 10.163
152 1 1 36.493 10.753 35.319 10.171
153 1 1 36.539 10.766 35.398 10.177
154 1 1 36.434 10.806 35.153 10.212
155 1 1 36.420 10.793 35.279 10.204
156 1 1 36.341 10.873 35.061 10.259
157 1 1 36.321 10.847 35.180 10.258
158 1 1 36.196 10.900 35.061 10.239
159 1 1 36.236 10.867 35.094 10.278
160 1 1 36.196 10.881 35.055 10.292
161 1 1 36.156 10.881 35.015 10.292
162 1 1 36.103 10.894 34.962 10.306
163 1 1 36.051 10.934 34.909 10.346
164 1 1 35.998 10.955 34.856 10.366
165 1 1 35.958 11.015 34.817 10.426
166 1 1 35.919 11.068 34.777 10.479
167 1 1 35.866 11.108 34.724 10.519
168 1 1 35.813 11.122 34.672 10.533
169 1 1 35.760 11.122 34.619 10.533
170 1 1 35.707 11.129 34.566 10.540
171 1 1 35.655 11.162 34.513 10.573
172 1 1 35.556 11.209 34.287 10.422
173 1 1 35.542 11.156 34.400 10.567
174 1 1 35.436 11.230 34.261 10.535
175 1 1 35.463 11.183 34.321 10.594
176 1 1 35.416 11.184 34.274 10.595
177 1 1 35.370 11.184 34.228 10.595
178 1 1 35.132 11.225 34.129 10.616
179 1 1 35.251 11.205 34.115 10.616
180 1 1 35.132 11.265 34.102 10.596
181 1 1 35.205 11.225 34.076 10.636
182 1 1 35.019 11.286 34.056 10.616
183 1 1 35.125 11.245 34.003 10.656
184 1 1 35.066 11.246 33.943 10.657
185 1 1 35.019 11.259 33.897 10.670
186 1 1 34.794 11.340 33.758 10.691
187 1 1 34.887 11.300 33.771 10.711
188 1 1 34.735 11.354 33.665 10.725
189 1 1 34.794 11.334 33.685 10.744
190 1 1 34.702 11.361 33.506 10.739
191 1 1 34.708 11.354 33.599 10.765
192 1 1 34.457 11.422 33.533 10.772
193 1 1 34.602 11.388 33.500 10.799
194 1 1 34.159 11.444 33.513 10.805
195 1 1 34.450 11.422 33.354 10.833
196 1 1 34.106 11.484 33.321 10.826
197 1 1 34.338 11.450 33.248 10.860
198 1 1 34.285 11.463 33.195 10.873
199 1 1 34.218 11.490 33.129 10.900
200 1 1 34.165 11.497 33.076 10.907
201 1 1 34.112 11.517 33.023 10.928
202 1 1 34.046 11.531 32.956 10.941
203 1 1 33.993 11.531 32.903 10.942
204 1 1 33.940 11.545 32.850 10.955
205 1 1 33.887 11.559 32.797 10.969
206 1 1 33.635 11.580 32.638 10.897
207 1 1 33.748 11.546 32.665 10.957
208 1 1 33.549 11.587 32.532 10.924
209 1 1 33.642 11.547 32.565 10.957
210 1 1 33.477 11.734 32.399 10.905
211 1 1 33.529 11.594 32.452 11.004
212 1 1 33.469 11.595 32.393 11.005
213 1 1 33.423 11.595 32.346 11.005
214 1 1 33.370 11.609 32.293 11.019
215 1 1 33.317 11.602 32.240 11.012
216 1 1 33.251 11.623 32.174 11.033
217 1 1 33.184 11.636 32.107 11.046
218 1 1 33.125 11.650 32.048 11.060
219 1 1 33.078 11.664 32.001 11.074
220 1 1 33.025 11.677 31.948 11.087
221 1 1 32.972 11.684 31.895 11.094
222 1 1 32.919 11.691 31.842 11.101
223 1 1 32.866 11.705 31.789 11.115
224 1 1 32.813 11.705 31.736 11.115
225 1 1 32.760 11.706 31.683 11.116
226 1 1 32.707 11.706 31.630 11.116
227 1 1 32.654 11.693 31.576 11.103
228 1 1 32.614 11.680 31.537 11.090
229 1 1 32.561 11.667 31.483 11.077
230 1 1 32.507 11.661 31.430 11.071
231 1 1 32.454 11.668 31.377 11.078
232 1 1 32.401 11.668 31.324 11.078
233 1 1 32.348 11.669 31.271 11.078
234 1 1 32.282 11.682 31.205 11.092
235 1 1 32.242 11.696 31.165 11.106
236 1 1 32.189 11.703 31.112 11.113
237 1 1 32.136 11.723 31.058 11.133
238 1 1 32.096 11.737 31.019 11.146
239 1 1 32.056 11.750 30.979 11.160
240 1 1 31.990 11.751 30.912 11.160
241 1 1 31.950 11.751 30.872 11.161
242 1 1 31.897 11.745 30.819 11.154
243 1 1 31.844 11.752 30.766 11.161
244 1 1 31.791 11.752 30.713 11.162
245 1 1 31.737 11.752 30.660 11.162
246 1 1 31.684 11.753 30.607 11.162
247 1 1 31.618 11.753 30.540 11.163
248 1 1 31.571 11.740 30.494 11.150
249 1 1 31.498 11.727 30.421 11.137
250 1 1 31.432 11.715 30.354 11.124
251 1 1 31.385 11.702 30.308 11.111
252 1 1 31.325 11.689 30.248 11.098
253 1 1 31.285 11.663 30.208 11.072
254 1 1 31.219 11.636 30.141 11.046
255 1 1 31.179 11.623 30.101 11.033
256 1 1 31.126 11.597 30.048 11.007
257 1 1 31.073 11.571 29.995 10.981
258 1 1 31.033 11.545 29.955 10.954
259 1 1 30.993 11.518 29.915 10.928
260 1 1 30.940 11.492 29.862 10.902
261 1 1 30.886 11.466 29.809 10.876
262 1 1 30.846 11.440 29.769 10.849
263 1 1 30.800 11.413 29.722 10.823
264 1 1 30.740 11.387 29.662 10.797
265 1 1 30.700 11.361 29.622 10.771
266 1 1 30.634 11.335 29.556 10.744
267 1 1 30.594 11.322 29.516 10.731
268 1 1 30.527 11.309 29.449 10.719
269 1 1 30.487 11.296 29.410 10.706
270 1 1 30.328 11.390 29.310 10.826
271 1 1 30.388 11.370 29.317 10.786
272 1 1 30.155 11.358 29.270 10.753
273 1 1 30.295 11.364 29.230 10.780
274 1 1 30.241 11.357 29.177 10.773
275 1 1 30.202 11.338 29.137 10.754
276 1 1 30.135 11.305 29.070 10.721
277 1 1 30.095 11.285 29.031 10.701
278 1 1 30.022 11.259 28.957 10.675
279 1 1 29.989 11.259 28.924 10.675
280 1 1 29.922 11.240 28.858 10.656
281 1 1 29.869 11.220 28.804 10.636
282 1 1 29.816 11.201 28.751 10.617
283 1 1 29.763 11.195 28.698 10.611
284 1 1 29.703 11.168 28.638 10.584
285 1 1 29.656 11.155 28.591 10.571
286 1 1 29.603 11.136 28.538 10.552
287 1 1 29.550 11.116 28.485 10.532
288 1 1 29.496 11.110 28.432 10.526
289 1 1 29.443 11.104 28.379 10.520
290 1 1 29.383 11.104 28.319 10.520
291 1 1 29.337 11.118 28.272 10.534
292 1 1 29.284 11.111 28.219 10.527
293 1 1 29.230 11.118 28.166 10.534
294 1 1 29.177 11.112 28.112 10.528
295 1 1 29.124 11.106 28.059 10.522
296 1 1 29.064 11.093 27.999 10.509
297 1 1 29.004 11.107 27.939 10.522
298 1 1 29.097 11.172 27.733 10.172
299 1 1 28.938 11.107 27.873 10.523
300 1 1 28.891 11.101 27.826 10.516
301 1 1 28.838 11.108 27.773 10.523
302 1 1 28.798 11.095 27.733 10.510
303 1 1 28.745 11.095 27.680 10.511
304 1 1 28.538 11.063 27.567 10.385
305 1 1 28.632 11.056 27.573 10.472
306 1 1 28.592 11.049 27.533 10.465
307 1 1 28.545 11.056 27.487 10.472
308 1 1 28.492 11.150 27.254 10.248
309 1 1 28.445 11.024 27.387 10.440
310 1 1 28.452 11.137 27.101 10.242
311 1 1 28.359 10.998 27.300 10.414
312 1 1 28.312 10.998 27.254 10.414
313 1 1 28.252 11.005 27.194 10.421
314 1 1 28.192 10.999 27.134 10.415
315 1 1 28.146 11.006 27.087 10.422
316 1 1 28.086 10.986 27.027 10.402
317 1 1 28.033 10.980 26.974 10.396
318 1 1 27.993 10.960 26.934 10.376
319 1 1 27.946 10.954 26.887 10.370
320 1 1 27.899 10.934 26.841 10.350
321 1 1 27.853 10.928 26.794 10.344
322 1 1 27.793 10.909 26.734 10.324
323 1 1 27.753 10.902 26.694 10.318
324 1 1 27.700 10.896 26.641 10.311
325 1 1 27.653 10.890 26.594 10.305
326 1 1 27.593 10.883 26.535 10.299
327 1 1 27.547 10.877 26.488 10.292
328 1 1 27.573 11.136 26.182 10.181
329 1 1 27.487 10.871 26.428 10.286
330 1 1 27.447 10.884 26.388 10.300
331 1 1 27.400 10.891 26.341 10.307
332 1 1 27.433 11.117 26.055 10.209
333 1 1 27.347 10.891 26.288 10.307
334 1 1 27.287 10.899 26.228 10.314
335 1 1 27.254 10.899 26.195 10.314
336 1 1 27.207 10.899 26.148 10.315
337 1 1 27.160 10.919 26.101 10.335
338 1 1 27.100 10.940 26.041 10.355
339 1 1 27.054 10.960 25.995 10.375
340 1 1 27.007 10.980 25.948 10.396
341 1 1 26.960 10.987 25.901 10.402
342 1 1 26.900 10.981 25.841 10.396
343 1 1 26.854 10.988 25.795 10.403
344 1 1 26.794 10.975 25.735 10.390
345 1 1 26.734 10.989 25.675 10.404
346 1 1 26.674 10.982 25.615 10.398
347 1 1 26.621 10.989 25.562 10.405
348 1 1 26.567 10.983 25.508 10.398
349 1 1 26.521 10.977 25.462 10.392
350 1 1 26.461 10.964 25.402 10.379
351 1 1 26.427 10.951 25.368 10.366
352 1 1 26.381 10.931 25.322 10.346
353 1 1 26.334 10.911 25.275 10.327
354 1 1 26.274 10.905 25.215 10.320
355 1 1 26.228 10.899 25.168 10.314
356 1 1 26.174 10.899 25.115 10.314
357 1 1 26.134 10.913 25.075 10.328
358 1 1 26.074 10.906 25.015 10.322
359 1 1 26.028 10.913 24.968 10.329
360 1 1 25.968 10.920 24.908 10.336
361 1 1 25.921 10.927 24.862 10.343
362 1 1 25.854 10.928 24.795 10.343
363 1 1 25.814 10.941 24.755 10.356
364 1 1 25.767 10.948 24.708 10.363
365 1 1 25.721 10.955 24.661 10.370
366 1 1 25.661 10.976 24.601 10.391
367 1 1 25.614 10.983 24.555 10.398
368 1 1 25.561 10.983 24.501 10.398
369 1 1 25.521 11.010 24.461 10.425
370 1 1 25.474 11.030 24.414 10.445
371 1 1 25.427 11.050 24.368 10.465
372 1 1 25.460 11.143 23.974 10.288
373 1 1 25.387 11.064 24.328 10.479
374 1 1 25.407 11.157 23.948 10.269
375 1 1 25.341 11.071 24.281 10.486
376 1 1 25.294 11.078 24.234 10.493
377 1 1 25.234 11.071 24.174 10.486
378 1 1 25.187 11.078 24.127 10.493
379 1 1 25.127 11.085 24.067 10.500
380 1 1 25.074 11.086 24.014 10.501
381 1 1 25.034 11.086 23.974 10.501
382 1 1 24.987 11.080 23.927 10.495
383 1 1 24.940 11.060 23.880 10.475
384 1 1 24.894 11.027 23.834 10.442
385 1 1 24.847 11.007 23.787 10.422
386 1 1 24.794 10.994 23.734 10.409
387 1 1 24.740 10.995 23.680 10.410
388 1 1 24.707 11.002 23.647 10.417
389 1 1 24.647 11.009 23.587 10.424
390 1 1 24.600 11.016 23.540 10.431
391 1 1 24.553 11.009 23.493 10.424
392 1 1 24.500 11.010 23.440 10.425
393 1 1 24.447 11.023 23.387 10.438
394 1 1 24.400 11.030 23.340 10.445
395 1 1 24.353 11.037 23.293 10.452
396 1 1 24.306 11.058 23.246 10.472
397 1 1 24.260 11.078 23.199 10.493
398 1 1 24.213 11.105 23.153 10.520
399 1 1 24.153 11.132 23.092 10.546
400 1 1 24.119 11.152 23.059 10.567
401 1 1 24.072 11.172 23.012 10.587
402 1 1 24.026 11.192 22.965 10.607
403 1 1 23.979 11.199 22.919 10.614
404 1 1 23.945 11.200 22.885 10.614
405 1 1 23.899 11.200 22.838 10.615
406 1 1 23.852 11.207 22.792 10.622
407 1 1 23.792 11.214 22.732 10.629
408 1 1 23.745 11.221 22.685 10.636
409 1 1 23.685 11.228 22.625 10.643
410 1 1 23.632 11.235 22.571 10.650
411 1 1 23.591 11.229 22.531 10.643
412 1 1 23.545 11.236 22.484 10.650
413 1 1 23.498 11.236 22.437 10.650
414 1 1 23.451 11.236 22.391 10.651
415 1 1 23.404 11.217 22.344 10.631
416 1 1 23.351 11.197 22.291 10.611
417 1 1 23.298 11.191 22.237 10.605
418 1 1 23.251 11.184 22.190 10.599
419 1 1 23.204 11.171 22.144 10.586
420 1 1 23.171 11.185 22.110 10.599
421 1 1 23.124 11.178 22.063 10.593
422 1 1 23.084 11.185 22.023 10.600
423 1 1 23.044 11.192 21.983 10.607
424 1 1 22.997 11.199 21.936 10.614
425 1 1 22.950 11.186 21.890 10.601
426 1 1 22.903 11.213 21.843 10.628
427 1 1 22.857 11.220 21.796 10.635
428 1 1 22.816 11.240 21.756 10.655
429 1 1 22.776 11.261 21.716 10.675
430 1 1 22.729 11.294 21.669 10.709
49 3 2 18.714 7.622 18.395 7.265
50 3 2 18.728 7.635 18.395 7.265
51 3 2 18.788 7.628 18.456 7.258
52 3 2 18.835 7.635 18.502 7.265
53 3 2 18.888 7.634 18.556 7.264
54 3 2 19.395 7.844 18.403 7.199
55 3 2 19.115 7.726 18.623 7.291
56 3 2 19.162 7.726 18.669 7.290
57 3 2 19.710 7.710 19.218 7.274
58 3 2 19.695 7.962 18.323 7.153
59 3 2 19.315 7.785 18.730 7.310
60 3 2 19.181 7.819 18.596 7.344
61 3 2 19.415 7.797 18.830 7.323
62 3 2 19.796 7.955 18.403 7.166
63 3 2 19.542 7.810 18.883 7.309
64 3 2 19.836 7.981 18.416 7.192
65 3 2 19.515 7.850 18.796 7.329
66 3 2 19.822 8.008 18.436 7.238
67 3 2 19.542 7.890 18.776 7.356
68 3 2 19.889 8.034 18.516 7.251
69 3 2 19.615 7.922 18.816 7.376
70 3 2 20.029 8.046 18.609 7.284
71 3 2 19.722 7.948 18.896 7.395
72 3 2 20.069 8.039 18.743 7.316
73 3 2 19.809 7.961 18.970 7.408
74 3 2 20.089 8.086 18.790 7.310
75 3 2 19.876 7.981 19.023 7.421
76 3 2 20.323 8.085 18.930 7.322
77 3 2 20.029 8.000 19.157 7.434
78 3 2 20.096 7.999 19.224 7.433
79 3 2 20.163 8.012 19.290 7.446
80 3 2 20.683 8.122 19.204 7.254
81 3 2 20.337 7.998 19.444 7.426
82 3 2 20.636 8.182 19.279 7.068
83 3 2 20.417 7.971 19.518 7.392
84 3 2 20.477 7.964 19.578 7.385
85 3 2 20.551 7.984 19.651 7.405
86 3 2 20.611 7.970 19.712 7.391
87 3 2 20.684 7.983 19.785 7.404
88 3 2 20.758 7.983 19.859 7.404
89 3 2 20.831 7.982 19.932 7.403
90 3 2 20.891 7.975 19.992 7.396
91 3 2 20.965 7.981 20.066 7.403
92 3 2 21.038 7.981 20.139 7.402
93 3 2 21.105 7.994 20.206 7.415
94 3 2 21.185 8.007 20.286 7.428
95 3 2 21.258 8.006 20.359 7.428
96 3 2 21.332 8.006 20.433 7.427
97 3 2 21.419 8.006 20.520 7.427
98 3 2 21.492 8.005 20.593 7.426
99 3 2 21.565 8.011 20.667 7.433
100 3 2 21.639 8.031 20.740 7.452
101 3 2 21.726 8.017 20.827 7.438
102 3 2 21.799 8.030 20.900 7.451
103 3 2 21.886 8.016 20.987 7.437
104 3 2 21.959 8.029 21.060 7.450
105 3 2 22.046 8.009 21.147 7.430
106 3 2 22.119 8.028 21.221 7.450
107 3 2 22.193 8.015 21.294 7.436
108 3 2 22.266 8.027 21.367 7.449
109 3 2 22.353 8.014 21.454 7.435
110 3 2 22.426 8.027 21.528 7.448
111 3 2 22.513 8.006 21.614 7.428
112 3 2 22.586 8.026 21.688 7.447
113 3 2 22.673 8.025 21.774 7.447
114 3 2 23.100 8.103 21.788 7.321
115 3 2 22.833 8.018 21.935 7.439
116 3 2 22.906 8.017 22.008 7.439
117 3 2 22.987 8.010 22.088 7.432
118 3 2 23.080 8.030 22.181 7.451
119 3 2 23.166 8.029 22.268 7.451
120 3 2 23.240 8.029 22.341 7.450
121 3 2 23.326 8.042 22.428 7.463
122 3 2 23.413 8.041 22.515 7.463
123 3 2 23.493 8.047 22.595 7.469
124 3 2 23.586 8.067 22.688 7.488
125 3 2 23.673 8.080 22.775 7.501
126 3 2 23.746 8.106 22.848 7.527
127 3 2 23.833 8.132 22.935 7.553
128 3 2 24.272 8.348 22.908 7.434
129 3 2 24.006 8.177 23.101 7.599
130 3 2 24.086 8.190 23.181 7.612
131 3 2 24.179 8.216 23.274 7.638
132 3 2 24.252 8.235 23.348 7.657
133 3 2 24.352 8.255 23.447 7.676
134 3 2 24.446 8.268 23.541 7.689
135 3 2 24.525 8.294 23.621 7.715
136 3 2 24.932 8.437 23.661 7.576
137 3 2 24.705 8.312 23.801 7.734
138 3 2 24.792 8.319 23.887 7.740
139 3 2 24.885 8.338 23.980 7.760
140 3 2 24.992 8.351 24.087 7.772
141 3 2 25.078 8.363 24.173 7.785
142 3 2 25.178 8.376 24.273 7.798
143 3 2 25.271 8.389 24.367 7.811
144 3 2 25.378 8.395 24.473 7.817
145 3 2 25.471 8.414 24.566 7.836
146 3 2 25.564 8.427 24.660 7.849
147 3 2 25.657 8.440 24.753 7.862
148 3 2 25.764 8.452 24.859 7.874
149 3 2 25.857 8.465 24.953 7.887
150 3 2 25.964 8.471 25.059 7.893
151 3 2 26.057 8.477 25.152 7.899
152 3 2 26.163 8.490 25.259 7.912
153 3 2 26.263 8.489 25.359 7.911
154 3 2 26.363 8.502 25.458 7.924
155 3 2 26.469 8.515 25.565 7.937
156 3 2 26.562 8.521 25.658 7.943
157 3 2 26.669 8.527 25.765 7.949
158 3 2 26.762 8.540 25.858 7.962
159 3 2 26.862 8.539 25.958 7.961
160 3 2 26.962 8.552 26.057 7.974
161 3 2 27.068 8.551 26.164 7.973
162 3 2 27.161 8.544 26.257 7.966
163 3 2 27.268 8.550 26.363 7.972
164 3 2 27.374 8.549 26.470 7.972
165 3 2 27.474 8.549 26.570 7.971
166 3 2 27.587 8.548 26.683 7.970
167 3 2 27.693 8.561 26.789 7.983
168 3 2 27.799 8.554 26.895 7.976
169 3 2 27.906 8.560 27.002 7.982
170 3 2 28.012 8.559 27.108 7.981
171 3 2 28.105 8.559 27.201 7.981
172 3 2 28.212 8.558 27.308 7.980
173 3 2 28.305 8.557 27.401 7.980
174 3 2 28.411 8.550 27.507 7.973
175 3 2 28.517 8.556 27.613 7.979
176 3 2 28.610 8.556 27.706 7.978
177 3 2 28.717 8.555 27.813 7.978
178 3 2 28.810 8.555 27.906 7.977
179 3 2 28.916 8.554 28.012 7.976
180 3 2 29.009 8.547 28.105 7.969
181 3 2 29.115 8.540 28.211 7.962
182 3 2 29.208 8.539 28.304 7.962
183 3 2 29.314 8.538 28.411 7.961
184 3 2 29.407 8.525 28.504 7.947
185 3 2 29.500 8.524 28.597 7.947
186 3 2 29.606 8.517 28.703 7.940
187 3 2 29.699 8.510 28.796 7.932
188 3 2 29.806 8.489 28.902 7.912
189 3 2 29.899 8.495 28.995 7.918
190 3 2 29.991 8.482 29.088 7.904
191 3 2 30.084 8.468 29.181 7.891
192 3 2 30.748 8.597 28.922 7.833
193 3 2 30.184 8.467 29.281 7.890
194 3 2 30.277 8.447 29.373 7.870
195 3 2 30.350 8.453 29.446 7.876
196 3 2 30.449 8.439 29.546 7.862
197 3 2 30.569 8.439 29.665 7.862
198 3 2 30.648 8.418 29.745 7.841
199 3 2 30.754 8.411 29.851 7.834
200 3 2 30.860 8.411 29.957 7.834
201 3 2 30.960 8.397 30.057 7.820
202 3 2 31.059 8.396 30.156 7.819
203 3 2 31.179 8.382 30.276 7.805
204 3 2 31.272 8.375 30.369 7.798
205 3 2 31.378 8.381 30.475 7.804
206 3 2 31.484 8.361 30.581 7.784
207 3 2 31.570 8.367 30.667 7.790
208 3 2 31.669 8.366 30.766 7.790
209 3 2 31.775 8.366 30.872 7.789
210 3 2 31.868 8.359 30.965 7.782
211 3 2 31.961 8.352 31.058 7.775
212 3 2 32.080 8.351 31.177 7.774
213 3 2 32.166 8.350 31.264 7.774
214 3 2 32.279 8.350 31.376 7.773
215 3 2 32.385 8.349 31.482 7.773
216 3 2 32.491 8.342 31.588 7.765
217 3 2 32.597 8.348 31.694 7.771
218 3 2 32.703 8.341 31.800 7.764
219 3 2 32.802 8.347 31.900 7.770
220 3 2 32.928 8.346 32.026 7.770
221 3 2 33.014 8.359 32.112 7.782
222 3 2 33.140 8.352 32.238 7.775
223 3 2 33.246 8.358 32.344 7.781
224 3 2 33.352 8.370 32.450 7.794
225 3 2 33.451 8.370 32.549 7.793
226 3 2 33.564 8.382 32.661 7.806
227 3 2 33.670 8.395 32.767 7.819
228 3 2 33.776 8.388 32.873 7.811
229 3 2 33.882 8.407 32.979 7.831
230 3 2 33.988 8.433 33.085 7.856
231 3 2 34.087 8.446 33.185 7.869
232 3 2 34.199 8.458 33.297 7.882
233 3 2 34.319 8.471 33.416 7.894
234 3 2 34.809 8.613 33.383 7.762
235 3 2 34.511 8.489 33.608 7.913
236 3 2 34.987 8.632 33.601 7.807
237 3 2 34.696 8.521 33.794 7.945
238 3 2 34.802 8.547 33.900 7.971
239 3 2 34.908 8.573 34.006 7.997
240 3 2 35.319 8.809 34.019 7.957
241 3 2 35.087 8.645 34.185 8.068
242 3 2 35.179 8.677 34.277 8.101
243 3 2 35.279 8.703 34.377 8.127
244 3 2 35.378 8.729 34.476 8.153
245 3 2 35.497 8.768 34.595 8.192
246 3 2 35.590 8.787 34.688 8.211
247 3 2 35.709 8.833 34.807 8.257
248 3 2 35.802 8.852 34.900 8.276
249 3 2 35.901 8.898 34.999 8.322
250 3 2 36.352 9.153 35.039 8.262
251 3 2 36.100 8.976 35.198 8.400
252 3 2 36.557 9.251 35.165 8.380
253 3 2 36.279 9.074 35.377 8.498
254 3 2 36.776 9.309 35.343 8.419
255 3 2 36.378 9.106 35.476 8.530
256 3 2 36.471 9.146 35.569 8.569
257 3 2 36.564 9.185 35.662 8.608
258 3 2 36.663 9.217 35.761 8.641
259 3 2 36.762 9.256 35.860 8.680
260 3 2 36.848 9.295 35.947 8.719
261 3 2 36.961 9.341 36.059 8.765
262 3 2 37.054 9.380 36.152 8.804
263 3 2 37.146 9.419 36.245 8.843
264 3 2 37.246 9.452 36.344 8.875
265 3 2 37.345 9.491 36.443 8.914
266 3 2 37.431 9.530 36.529 8.954
267 3 2 37.544 9.575 36.642 8.999
268 3 2 37.637 9.614 36.735 9.038
269 3 2 37.729 9.653 36.827 9.077
270 3 2 37.828 9.686 36.927 9.110
271 3 2 37.928 9.725 37.026 9.149
272 3 2 38.014 9.764 37.112 9.188
273 3 2 38.126 9.810 37.225 9.234
274 3 2 38.219 9.849 37.317 9.273
275 3 2 38.312 9.888 37.410 9.312
276 3 2 38.405 9.920 37.503 9.344
277 3 2 38.497 9.946 37.595 9.370
278 3 2 38.603 9.985 37.701 9.409
279 3 2 38.696 10.031 37.794 9.455
280 3 2 38.789 10.070 37.887 9.494
281 3 2 38.881 10.109 37.979 9.533
282 3 2 38.980 10.128 38.079 9.552
283 3 2 39.080 10.174 38.178 9.598
284 3 2 39.172 10.213 38.271 9.637
285 3 2 39.278 10.252 38.377 9.676
286 3 2 39.371 10.291 38.469 9.715
287 3 2 39.464 10.317 38.562 9.741
288 3 2 39.556 10.356 38.654 9.780
289 3 2 39.649 10.395 38.747 9.819
290 3 2 39.755 10.434 38.853 9.858
291 3 2 39.847 10.460 38.946 9.884
292 3 2 39.940 10.499 39.038 9.923
293 3 2 40.033 10.538 39.131 9.962
294 3 2 40.125 10.571 39.224 9.995
295 3 2 40.218 10.603 39.316 10.027
296 3 2 40.324 10.642 39.422 10.066
297 3 2 40.416 10.681 39.515 10.105
298 3 2 40.509 10.720 39.607 10.144
299 3 2 40.602 10.746 39.700 10.170
300 3 2 40.694 10.779 39.793 10.203
301 3 2 40.787 10.824 39.885 10.248
302 3 2 40.880 10.863 39.978 10.287
303 3 2 40.972 10.902 40.071 10.326
304 3 2 41.078 10.928 40.176 10.352
305 3 2 41.171 10.967 40.269 10.391
306 3 2 41.263 11.000 40.362 10.424
307 3 2 41.356 11.045 40.454 10.469
308 3 2 41.449 11.078 40.547 10.502
309 3 2 41.548 11.123 40.646 10.547
310 3 2 41.647 11.149 40.745 10.573
311 3 2 41.733 11.188 40.831 10.612
312 3 2 41.832 11.221 40.931 10.645
313 3 2 41.925 11.247 41.023 10.671
314 3 2 42.017 11.286 41.116 10.710
315 3 2 42.103 11.331 41.202 10.755
316 3 2 42.203 11.357 41.301 10.781
317 3 2 42.295 11.396 41.394 10.820
318 3 2 42.401 11.415 41.499 10.839
319 3 2 42.493 11.461 41.592 10.885
320 3 2 42.586 11.480 41.684 10.904
321 3 2 42.679 11.526 41.777 10.950
322 3 2 42.771 11.552 41.870 10.976
323 3 2 42.864 11.578 41.962 11.002
324 3 2 42.956 11.610 42.055 11.034
325 3 2 43.049 11.636 42.147 11.060
326 3 2 43.141 11.662 42.240 11.086
327 3 2 43.234 11.694 42.332 11.118
328 3 2 43.326 11.720 42.425 11.144
329 3 2 43.419 11.746 42.517 11.170
330 3 2 43.511 11.765 42.610 11.189
331 3 2 43.604 11.797 42.702 11.222
332 3 2 43.742 11.803 42.498 11.196
333 3 2 43.643 11.810 42.742 11.235
334 3 2 43.946 11.769 42.643 11.268
335 3 2 43.742 11.823 42.841 11.254
336 3 2 43.946 11.848 42.881 11.313
337 3 2 43.848 11.855 42.946 11.293
338 3 2 43.921 11.927 42.987 11.372
339 3 2 43.895 11.921 42.993 11.358
340 3 2 43.888 11.914 43.053 11.404
341 3 2 43.908 11.947 43.013 11.391
342 3 2 43.907 11.881 43.211 11.397
343 3 2 43.928 11.934 43.046 11.385
344 3 2 43.921 11.921 43.441 11.322
345 3 2 43.967 11.927 43.099 11.378
346 3 2 44.000 11.940 43.138 11.391
347 3 2 44.046 11.966 43.191 11.417
348 3 2 44.086 11.959 43.237 11.410
349 3 2 44.092 11.933 43.250 11.383
350 3 2 44.092 11.906 43.257 11.357
352 3 2 43.987 11.914 43.158 11.364
353 3 2 44.000 11.900 43.178 11.351
354 3 2 43.999 11.874 43.184 11.324
355 3 2 43.993 11.848 43.184 11.298
356 3 2 43.992 11.821 43.190 11.271
357 3 2 43.999 11.795 43.203 11.245
358 3 2 44.005 11.768 43.216 11.218
359 3 2 44.011 11.682 43.228 11.132
361 3 2 43.945 11.689 43.169 11.139
362 3 2 43.938 11.689 43.169 11.139
363 3 2 43.938 11.689 43.176 11.139
364 3 2 43.932 11.689 43.176 11.139
365 3 2 43.925 11.683 43.175 11.133
366 3 2 43.918 11.689 43.176 11.139
367 3 2 43.918 11.689 43.182 11.139
368 3 2 43.912 11.670 43.182 11.119
369 3 2 43.912 11.676 43.189 11.126
370 3 2 43.912 11.676 43.195 11.126
371 3 2 43.905 11.676 43.195 11.126
372 3 2 43.899 11.676 43.195 11.126
373 3 2 43.899 11.676 43.195 11.126
374 3 2 43.892 11.676 43.189 11.126
375 3 2 43.892 11.676 43.189 11.126
376 3 2 43.892 11.676 43.189 11.126
377 3 2 43.885 11.676 43.182 11.126
378 3 2 43.885 11.676 43.182 11.126
379 3 2 43.885 11.676 43.182 11.126
380 3 2 43.885 11.676 43.182 11.126
381 3 2 43.885 11.676 43.182 11.126
382 3 2 43.885 11.676 43.182 11.126
383 3 2 43.885 11.676 43.182 11.126
384 3 2 43.885 11.676 43.182 11.126
385 3 2 43.885 11.663 43.182 11.113
386 3 2 43.885 11.663 43.182 11.113
387 3 2 43.885 11.663 43.182 11.113
388 3 2 43.885 11.663 43.182 11.113
389 3 2 43.885 11.657 43.182 11.106
390 3 2 43.885 11.663 43.182 11.113
391 3 2 43.885 11.663 43.182 11.113
392 3 2 43.885 11.657 43.182 11.106
393 3 2 43.885 11.663 43.182 11.113
394 3 2 43.885 11.663 43.182 11.113
395 3 2 43.885 11.657 43.182 11.106
396 3 2 43.885 11.663 43.182 11.113
397 3 2 43.879 11.663 43.175 11.113
398 3 2 43.879 11.657 43.175 11.106
399 3 2 43.879 11.663 43.175 11.113
400 3 2 43.879 11.663 43.175 11.113
401 3 2 43.879 11.657 43.175 11.106
402 3 2 43.879 11.663 43.175 11.113
403 3 2 43.879 11.663 43.175 11.113
404 3 2 43.872 11.657 43.169 11.106
405 3 2 43.872 11.663 43.169 11.113
406 3 2 43.872 11.663 43.169 11.113
407 3 2 43.872 11.657 43.169 11.106
408 3 2 43.872 11.663 43.169 11.113
409 3 2 43.872 11.663 43.169 11.113
410 3 2 43.872 11.657 43.169 11.106
411 3 2 43.872 11.676 43.169 11.126
412 3 2 43.866 11.670 43.162 11.119
413 3 2 43.866 11.670 43.162 11.119
414 3 2 43.866 11.677 43.162 11.126
415 3 2 43.866 11.677 43.162 11.126
416 3 2 43.866 11.677 43.162 11.126
417 3 2 43.866 11.677 43.162 11.126
418 3 2 43.866 11.677 43.162 11.126
419 3 2 43.866 11.670 43.162 11.119
420 3 2 43.866 11.677 43.162 11.126
421 3 2 43.866 11.677 43.162 11.126
422 3 2 43.866 11.677 43.162 11.126
423 3 2 43.866 11.677 43.162 11.126
424 3 2 43.866 11.677 43.162 11.126
425 3 2 43.866 11.677 43.162 11.126
426 3 2 43.866 11.663 43.162 11.113
427 3 2 43.866 11.663 43.162 11.113
428 3 2 43.866 11.663 43.162 11.113
429 3 2 43.866 11.663 43.162 11.113
430 3 2 43.866 11.663 43.162 11.113
