0 1 1 43.602 10.125 42.031 9.720
1 1 1 43.648 10.137 41.998 9.714
2 1 1 43.437 10.212 42.289 9.748
3 1 1 43.527 10.204 42.186 9.756
4 1 1 43.495 10.211 42.147 9.763
5 1 1 43.469 10.218 42.115 9.770
6 1 1 43.232 10.229 42.308 9.760
7 1 1 43.412 10.232 42.141 9.783
8 1 1 43.200 10.236 42.238 9.768
9 1 1 43.348 10.240 42.122 9.790
10 1 1 43.316 10.247 42.090 9.797
11 1 1 43.284 10.267 42.058 9.817
12 1 1 43.239 10.274 42.013 9.824
13 1 1 43.220 10.281 41.994 9.831
14 1 1 43.201 10.287 41.975 9.837
15 1 1 43.169 10.295 41.943 9.845
16 1 1 43.124 10.302 41.898 9.852
17 1 1 43.079 10.322 41.854 9.872
18 1 1 42.868 10.371 42.027 9.843
19 1 1 43.041 10.349 41.860 9.891
20 1 1 42.695 10.400 41.956 9.851
21 1 1 42.926 10.370 41.790 9.905
22 1 1 42.881 10.390 41.745 9.926
23 1 1 42.830 10.411 41.694 9.946
24 1 1 42.805 10.431 41.669 9.966
25 1 1 42.760 10.451 41.624 9.986
26 1 1 42.716 10.471 41.579 10.006
27 1 1 42.671 10.491 41.535 10.027
28 1 1 42.652 10.511 41.516 10.046
29 1 1 42.608 10.531 41.471 10.067
30 1 1 42.576 10.538 41.439 10.074
31 1 1 42.531 10.559 41.394 10.094
32 1 1 42.499 10.566 41.362 10.101
33 1 1 42.454 10.586 41.318 10.121
34 1 1 42.410 10.606 41.273 10.141
35 1 1 42.352 10.627 41.215 10.162
36 1 1 42.307 10.634 41.170 10.169
37 1 1 42.263 10.654 41.126 10.189
38 1 1 42.218 10.674 41.081 10.210
39 1 1 42.160 10.695 41.023 10.230
40 1 1 42.128 10.702 40.991 10.237
41 1 1 42.084 10.722 40.946 10.257
42 1 1 42.039 10.729 40.902 10.265
43 1 1 41.994 10.750 40.857 10.285
44 1 1 41.975 10.770 40.838 10.305
45 1 1 41.931 10.790 40.793 10.325
46 1 1 41.911 10.797 40.774 10.332
47 1 1 41.880 10.817 40.742 10.352
48 1 1 41.848 10.824 40.710 10.359
49 1 1 41.816 10.844 40.678 10.379
50 1 1 41.784 10.864 40.646 10.399
51 1 1 41.739 10.884 40.602 10.419
52 1 1 41.707 10.904 40.570 10.439
53 1 1 41.663 10.924 40.525 10.459
54 1 1 41.631 10.944 40.493 10.479
55 1 1 41.586 10.965 40.448 10.500
56 1 1 41.567 10.984 40.429 10.519
57 1 1 41.535 11.004 40.397 10.539
58 1 1 41.529 11.011 40.391 10.546
59 1 1 41.510 11.031 40.372 10.566
60 1 1 41.504 11.037 40.366 10.572
61 1 1 41.498 11.057 40.360 10.592
62 1 1 41.491 11.044 40.353 10.579
63 1 1 41.472 11.057 40.334 10.592
64 1 1 41.466 11.064 40.328 10.599
65 1 1 41.459 11.064 40.321 10.599
66 1 1 41.453 11.064 40.315 10.599
67 1 1 41.447 11.071 40.308 10.606
68 1 1 41.440 11.058 40.302 10.593
69 1 1 41.433 11.058 40.295 10.593
70 1 1 41.427 11.052 40.289 10.587
71 1 1 41.401 11.059 40.263 10.594
72 1 1 41.401 11.065 40.263 10.600
73 1 1 41.382 11.072 40.244 10.607
74 1 1 41.356 11.073 40.218 10.608
75 1 1 41.344 11.086 40.205 10.621
76 1 1 41.324 11.080 40.186 10.615
77 1 1 41.286 11.080 40.147 10.615
78 1 1 41.260 11.094 40.122 10.629
79 1 1 41.228 11.114 40.090 10.649
80 1 1 41.190 11.115 40.051 10.649
81 1 1 41.151 11.141 40.013 10.676
82 1 1 41.106 11.149 39.968 10.683
83 1 1 41.055 11.162 39.916 10.697
84 1 1 41.030 11.189 39.891 10.724
85 1 1 40.985 11.209 39.846 10.744
86 1 1 40.946 11.210 39.808 10.745
87 1 1 40.921 11.236 39.782 10.771
88 1 1 40.889 11.256 39.750 10.791
89 1 1 40.838 11.270 39.699 10.805
90 1 1 40.826 11.296 39.687 10.831
91 1 1 40.781 11.317 39.642 10.852
92 1 1 40.735 11.311 39.596 10.846
93 1 1 40.704 11.344 39.565 10.879
94 1 1 40.659 11.351 39.520 10.886
95 1 1 40.634 11.391 39.495 10.926
96 1 1 40.569 11.379 39.430 10.914
97 1 1 40.511 11.400 39.372 10.934
98 1 1 40.466 11.394 39.327 10.929
99 1 1 40.422 11.427 39.282 10.962
100 1 1 40.364 11.448 39.224 10.983
101 1 1 40.306 11.468 39.167 11.003
102 1 1 40.261 11.476 39.122 11.010
103 1 1 40.216 11.496 39.077 11.031
104 1 1 40.171 11.503 39.032 11.038
105 1 1 40.126 11.524 38.987 11.058
106 1 1 40.081 11.531 38.942 11.066
107 1 1 40.037 11.551 38.897 11.086
108 1 1 40.017 11.558 38.877 11.093
109 1 1 39.972 11.565 38.832 11.100
110 1 1 39.927 11.579 38.787 11.114
111 1 1 39.870 11.606 38.730 11.141
112 1 1 39.594 11.728 38.820 11.159
113 1 1 39.780 11.673 38.653 11.207
114 1 1 39.511 11.769 38.762 11.153
115 1 1 39.710 11.700 38.596 11.234
116 1 1 39.659 11.721 38.544 11.255
117 1 1 39.620 11.741 38.506 11.275
118 1 1 39.562 11.762 38.448 11.296
119 1 1 39.518 11.788 38.403 11.322
120 1 1 39.473 11.815 38.358 11.349
121 1 1 39.428 11.836 38.313 11.370
122 1 1 39.383 11.856 38.268 11.390
123 1 1 39.364 11.876 38.249 11.410
124 1 1 39.306 11.883 38.191 11.417
125 1 1 39.274 11.897 38.159 11.431
126 1 1 39.216 11.924 38.101 11.458
127 1 1 39.172 11.944 38.057 11.478
128 1 1 39.114 11.952 37.998 11.486
129 1 1 39.082 11.972 37.966 11.506
130 1 1 39.024 11.980 37.908 11.514
131 1 1 38.966 11.994 37.850 11.528
132 1 1 38.908 12.008 37.792 11.542
133 1 1 38.850 12.041 37.735 11.575
134 1 1 38.792 12.049 37.676 11.583
135 1 1 38.747 12.069 37.632 11.603
136 1 1 38.689 12.077 37.573 11.611
137 1 1 38.631 12.091 37.515 11.625
138 1 1 38.586 12.118 37.470 11.652
139 1 1 38.554 12.138 37.438 11.672
140 1 1 38.496 12.146 37.380 11.679
141 1 1 38.451 12.166 37.335 11.700
142 1 1 38.393 12.174 37.277 11.707
143 1 1 38.348 12.188 37.232 11.721
144 1 1 38.098 12.322 37.335 11.700
145 1 1 38.284 12.247 37.181 11.781
146 1 1 38.220 12.268 37.117 11.802
147 1 1 38.169 12.289 37.065 11.822
148 1 1 38.111 12.309 37.007 11.843
149 1 1 38.053 12.323 36.949 11.857
150 1 1 38.008 12.350 36.904 11.884
151 1 1 37.950 12.384 36.847 11.917
152 1 1 37.892 12.404 36.789 11.938
153 1 1 37.847 12.425 36.744 11.958
154 1 1 37.802 12.432 36.698 11.966
155 1 1 37.757 12.446 36.653 11.979
156 1 1 37.712 12.460 36.608 11.993
157 1 1 37.667 12.480 36.563 12.014
158 1 1 37.622 12.488 36.518 12.021
159 1 1 37.564 12.508 36.460 12.042
160 1 1 37.505 12.516 36.401 12.049
161 1 1 37.447 12.530 36.343 12.063
162 1 1 37.389 12.544 36.285 12.078
163 1 1 37.331 12.565 36.227 12.098
164 1 1 37.280 12.572 36.175 12.106
165 1 1 37.228 12.593 36.124 12.126
166 1 1 37.183 12.600 36.078 12.134
167 1 1 37.125 12.615 36.020 12.148
168 1 1 37.080 12.628 35.975 12.162
169 1 1 37.035 12.649 35.930 12.182
170 1 1 36.989 12.656 35.885 12.189
171 1 1 36.931 12.677 35.827 12.210
172 1 1 36.886 12.684 35.781 12.217
173 1 1 36.828 12.698 35.723 12.232
174 1 1 36.770 12.726 35.665 12.259
175 1 1 36.712 12.746 35.607 12.279
176 1 1 36.654 12.767 35.549 12.300
177 1 1 36.583 12.788 35.478 12.321
178 1 1 36.525 12.809 35.420 12.342
179 1 1 36.473 12.823 35.368 12.356
180 1 1 36.435 12.849 35.329 12.382
181 1 1 36.377 12.870 35.271 12.403
182 1 1 36.331 12.877 35.226 12.410
183 1 1 36.273 12.898 35.168 12.431
184 1 1 36.228 12.906 35.122 12.438
185 1 1 36.170 12.920 35.064 12.453
186 1 1 36.125 12.934 35.019 12.467
187 1 1 36.066 12.954 34.961 12.487
188 1 1 36.008 12.962 34.902 12.495
189 1 1 35.950 12.970 34.844 12.503
190 1 1 35.905 12.977 34.799 12.510
191 1 1 35.846 12.991 34.740 12.524
192 1 1 35.788 13.005 34.682 12.538
193 1 1 35.730 13.013 34.624 12.546
194 1 1 35.671 13.021 34.565 12.554
195 1 1 35.613 13.041 34.507 12.574
196 1 1 35.568 13.049 34.462 12.582
197 1 1 35.510 13.063 34.403 12.596
198 1 1 35.477 13.077 34.371 12.609
199 1 1 35.419 13.084 34.313 12.617
200 1 1 35.374 13.092 34.267 12.625
201 1 1 35.315 13.099 34.209 12.632
202 1 1 35.270 13.107 34.164 12.640
203 1 1 35.212 13.108 34.105 12.641
204 1 1 35.166 13.109 34.059 12.642
205 1 1 35.108 13.130 34.001 12.662
206 1 1 35.049 13.137 33.943 12.670
207 1 1 34.991 13.145 33.884 12.678
208 1 1 34.946 13.152 33.839 12.685
209 1 1 34.887 13.160 33.780 12.693
210 1 1 34.829 13.168 33.722 12.700
211 1 1 34.771 13.175 33.664 12.708
212 1 1 34.725 13.183 33.618 12.715
213 1 1 34.680 13.190 33.573 12.723
214 1 1 34.634 13.198 33.527 12.730
215 1 1 34.576 13.205 33.469 12.738
216 1 1 34.530 13.200 33.423 12.732
217 1 1 34.472 13.207 33.365 12.740
218 1 1 34.426 13.202 33.319 12.734
219 1 1 34.368 13.209 33.260 12.742
220 1 1 34.309 13.204 33.202 12.737
221 1 1 34.251 13.212 33.143 12.744
222 1 1 34.205 13.206 33.098 12.739
223 1 1 34.146 13.201 33.039 12.733
224 1 1 34.101 13.195 32.993 12.728
225 1 1 34.029 13.203 32.922 12.735
226 1 1 33.984 13.210 32.876 12.743
227 1 1 33.925 13.218 32.818 12.751
228 1 1 33.880 13.226 32.772 12.758
229 1 1 33.821 13.233 32.714 12.766
230 1 1 33.789 13.227 32.681 12.760
231 1 1 33.730 13.235 32.622 12.767
232 1 1 33.685 13.229 32.577 12.762
233 1 1 33.639 13.224 32.531 12.756
234 1 1 33.594 13.231 32.485 12.764
235 1 1 33.548 13.239 32.440 12.771
236 1 1 33.490 13.246 32.381 12.779
237 1 1 33.418 13.254 32.310 12.787
238 1 1 33.360 13.262 32.251 12.794
239 1 1 33.295 13.270 32.186 12.802
240 1 1 33.255 13.264 32.147 12.796
241 1 1 33.184 13.272 32.075 12.804
242 1 1 33.125 13.273 32.017 12.805
243 1 1 33.067 13.300 31.958 12.833
244 1 1 33.021 13.308 31.913 12.840
245 1 1 32.969 13.315 31.861 12.848
246 1 1 32.930 13.310 31.821 12.842
247 1 1 32.885 13.317 31.776 12.849
248 1 1 32.839 13.305 31.730 12.837
249 1 1 32.780 13.319 31.672 12.851
250 1 1 32.748 13.326 31.639 12.858
251 1 1 32.683 13.334 31.574 12.866
252 1 1 32.631 13.329 31.522 12.861
253 1 1 32.559 13.337 31.450 12.869
254 1 1 32.513 13.324 31.404 12.856
255 1 1 32.442 13.326 31.332 12.858
256 1 1 32.383 13.320 31.274 12.852
257 1 1 32.318 13.335 31.208 12.867
258 1 1 32.279 13.349 31.170 12.881
259 1 1 32.233 13.356 31.124 12.888
260 1 1 32.188 13.350 31.078 12.882
261 1 1 32.129 13.358 31.019 12.890
262 1 1 32.083 13.353 30.974 12.884
263 1 1 32.018 13.354 30.908 12.886
264 1 1 31.979 13.368 30.869 12.900
265 1 1 31.907 13.376 30.798 12.908
266 1 1 31.849 13.370 30.739 12.902
267 1 1 31.777 13.378 30.667 12.910
268 1 1 31.718 13.386 30.608 12.918
269 1 1 31.640 13.387 30.530 12.919
270 1 1 31.575 13.389 30.465 12.921
271 1 1 31.503 13.397 30.393 12.928
272 1 1 31.444 13.391 30.334 12.923
273 1 1 31.373 13.399 30.262 12.931
274 1 1 31.301 13.407 30.191 12.939
275 1 1 31.236 13.409 30.125 12.940
276 1 1 31.197 13.409 30.086 12.941
277 1 1 31.151 13.417 30.040 12.948
278 1 1 31.118 13.411 30.008 12.943
279 1 1 31.073 13.418 29.962 12.950
280 1 1 31.027 13.413 29.916 12.944
281 1 1 30.968 13.414 29.857 12.946
282 1 1 30.896 13.415 29.785 12.947
283 1 1 30.798 13.411 29.687 12.942
284 1 1 30.726 13.406 29.615 12.937
285 1 1 30.654 13.400 29.543 12.932
286 1 1 30.582 13.382 29.471 12.914
287 1 1 30.497 13.371 29.386 12.902
288 1 1 30.438 13.372 29.327 12.904
289 1 1 30.353 13.367 29.242 12.899
290 1 1 30.288 13.362 29.177 12.893
291 1 1 30.222 13.357 29.111 12.888
292 1 1 30.190 13.351 29.078 12.882
293 1 1 30.118 13.339 29.006 12.871
294 1 1 30.059 13.353 28.947 12.885
295 1 1 30.000 13.361 28.889 12.893
296 1 1 29.961 13.355 28.849 12.887
297 1 1 29.922 13.350 28.810 12.881
298 1 1 29.889 13.344 28.777 12.875
299 1 1 29.843 13.345 28.731 12.876
300 1 1 29.784 13.346 28.673 12.877
301 1 1 29.699 13.354 28.588 12.885
302 1 1 29.627 13.349 28.515 12.880
303 1 1 29.555 13.357 28.444 12.888
305 1 1 29.562 13.363 28.450 12.895
306 1 1 29.503 13.358 28.391 12.889
307 1 1 29.444 13.366 28.332 12.897
308 1 1 29.399 13.373 28.287 12.904
309 1 1 29.366 13.367 28.254 12.898
310 1 1 28.726 13.485 27.958 12.845
312 1 1 28.941 13.408 27.842 12.939
313 1 1 28.889 13.416 27.789 12.947
314 1 1 28.863 13.423 27.763 12.954
315 1 1 28.357 13.335 27.434 12.790
316 1 1 28.488 13.319 27.395 12.850
317 1 1 28.436 13.314 27.342 12.844
318 1 1 28.416 13.340 27.243 12.728
319 1 1 28.376 13.282 27.283 12.813
320 1 1 28.330 13.283 27.237 12.814
321 1 1 28.252 13.278 27.158 12.809
322 1 1 28.141 13.313 27.086 12.758
323 1 1 28.173 13.279 27.086 12.810
324 1 1 28.114 13.261 27.027 12.791
325 1 1 28.081 13.255 26.994 12.786
326 1 1 28.022 13.250 26.935 12.780
327 1 1 27.976 13.244 26.889 12.774
328 1 1 27.917 13.239 26.830 12.769
329 1 1 27.871 13.233 26.784 12.763
330 1 1 27.799 13.215 26.712 12.745
331 1 1 27.727 13.210 26.640 12.740
332 1 1 27.655 13.205 26.567 12.735
333 1 1 27.596 13.199 26.508 12.729
334 1 1 27.537 13.194 26.449 12.724
335 1 1 27.478 13.188 26.390 12.719
336 1 1 27.418 13.183 26.331 12.713
337 1 1 27.359 13.178 26.272 12.708
338 1 1 27.287 13.173 26.200 12.703
339 1 1 27.215 13.181 26.128 12.711
340 1 1 27.156 13.175 26.068 12.705
341 1 1 27.123 13.169 26.036 12.699
342 1 1 27.064 13.164 25.976 12.694
343 1 1 27.005 13.172 25.917 12.702
344 1 1 26.946 13.166 25.858 12.696
345 1 1 26.913 13.173 25.826 12.703
346 1 1 26.854 13.168 25.766 12.698
347 1 1 26.809 13.175 25.721 12.705
348 1 1 26.763 13.170 25.675 12.700
349 1 1 26.717 13.177 25.629 12.707
350 1 1 26.658 13.172 25.569 12.702
351 1 1 26.612 13.166 25.523 12.696
352 1 1 26.552 13.148 25.464 12.678
353 1 1 26.480 13.143 25.392 12.673
354 1 1 26.408 13.124 25.319 12.654
355 1 1 26.348 13.099 25.260 12.629
356 1 1 26.302 13.074 25.214 12.604
357 1 1 26.282 13.055 25.194 12.585
358 1 1 26.210 13.037 25.121 12.566
359 1 1 26.164 13.031 25.075 12.561
360 1 1 26.118 13.012 25.029 12.542
361 1 1 26.059 13.007 24.970 12.537
362 1 1 25.999 13.001 24.911 12.531
363 1 1 25.953 12.996 24.865 12.526
364 1 1 25.894 12.977 24.805 12.507
365 1 1 25.848 12.972 24.759 12.501
366 1 1 25.789 12.966 24.700 12.496
367 1 1 25.743 12.954 24.654 12.484
368 1 1 25.684 12.955 24.595 12.485
369 1 1 25.625 12.950 24.536 12.479
370 1 1 25.565 12.944 24.477 12.474
371 1 1 25.519 12.939 24.430 12.468
372 1 1 25.460 12.933 24.371 12.463
373 1 1 25.427 12.934 24.338 12.464
374 1 1 25.381 12.935 24.292 12.465
375 1 1 25.322 12.943 24.233 12.472
376 1 1 25.263 12.950 24.174 12.480
377 1 1 25.217 12.958 24.128 12.487
378 1 1 25.171 12.952 24.082 12.482
379 1 1 25.125 12.953 24.036 12.483
380 1 1 25.079 12.954 23.990 12.483
381 1 1 25.033 12.948 23.944 12.478
382 1 1 24.974 12.930 23.885 12.459
383 1 1 24.928 12.924 23.838 12.454
384 1 1 24.869 12.905 23.779 12.435
385 1 1 24.822 12.880 23.733 12.410
386 1 1 24.763 12.868 23.673 12.398
387 1 1 24.717 12.863 23.627 12.392
388 1 1 24.671 12.831 23.581 12.360
389 1 1 24.638 12.812 23.548 12.341
390 1 1 24.578 12.793 23.489 12.323
391 1 1 24.519 12.781 23.429 12.311
392 1 1 24.473 12.782 23.383 12.312
393 1 1 24.427 12.770 23.337 12.299
394 1 1 24.381 12.771 23.291 12.300
395 1 1 24.335 12.765 23.245 12.295
396 1 1 24.289 12.759 23.199 12.289
397 1 1 24.242 12.747 23.152 12.277
398 1 1 24.183 12.748 23.093 12.278
399 1 1 24.137 12.756 23.047 12.285
400 1 1 24.078 12.750 22.988 12.280
401 1 1 24.032 12.745 22.942 12.274
402 1 1 23.973 12.739 22.883 12.269
403 1 1 23.927 12.740 22.836 12.270
404 1 1 23.881 12.741 22.790 12.270
405 1 1 23.848 12.742 22.757 12.271
406 1 1 23.802 12.756 22.711 12.285
407 1 1 23.769 12.763 22.679 12.292
408 1 1 23.710 12.771 22.619 12.300
409 1 1 23.677 12.784 22.587 12.314
410 1 1 23.631 12.785 22.540 12.315
411 1 1 23.598 12.786 22.508 12.315
412 1 1 23.539 12.787 22.448 12.316
413 1 1 23.506 12.794 22.415 12.324
414 1 1 23.447 12.789 22.356 12.318
415 1 1 23.401 12.777 22.310 12.306
416 1 1 23.341 12.778 22.251 12.307
417 1 1 23.308 12.765 22.217 12.295
418 1 1 23.249 12.767 22.158 12.296
419 1 1 23.203 12.761 22.112 12.290
420 1 1 23.143 12.742 22.053 12.271
421 1 1 23.110 12.730 22.019 12.259
422 1 1 23.051 12.731 21.960 12.260
423 1 1 23.005 12.719 21.914 12.248
424 1 1 22.946 12.720 21.855 12.249
425 1 1 22.913 12.727 21.822 12.256
426 1 1 22.854 12.722 21.762 12.251
427 1 1 22.821 12.709 21.729 12.238
428 1 1 22.761 12.710 21.670 12.239
429 1 1 22.715 12.718 21.624 12.247
430 1 1 22.656 12.712 21.565 12.241
431 1 1 22.610 12.720 21.518 12.249
432 1 1 22.550 12.714 21.459 12.243
433 1 1 22.504 12.715 21.413 12.244
434 1 1 22.458 12.729 21.367 12.258
435 1 1 22.412 12.730 21.321 12.259
436 1 1 22.366 12.744 21.275 12.273
437 1 1 22.320 12.752 21.228 12.281
438 1 1 22.274 12.759 21.182 12.288
439 1 1 22.228 12.773 21.136 12.302
440 1 1 22.182 12.800 21.090 12.329
441 1 1 22.136 12.801 21.044 12.330
442 1 1 22.090 12.815 20.998 12.344
443 1 1 22.057 12.822 20.965 12.351
444 1 1 22.011 12.817 20.919 12.346
445 1 1 21.965 12.805 20.873 12.333
446 1 1 21.905 12.806 20.813 12.335
447 1 1 21.859 12.813 20.767 12.342
448 1 1 21.800 12.808 20.708 12.337
449 1 1 21.754 12.802 20.661 12.331
450 1 1 21.570 12.878 20.582 12.286
451 1 1 21.648 12.817 20.563 12.346
452 1 1 21.595 12.812 20.510 12.340
453 1 1 21.556 12.806 20.470 12.335
454 1 1 21.490 12.820 20.404 12.349
455 1 1 21.450 12.815 20.364 12.343
456 1 1 21.398 12.822 20.312 12.351
457 1 1 21.345 12.810 20.259 12.339
458 1 1 21.292 12.824 20.206 12.353
459 1 1 21.252 12.825 20.166 12.353
460 1 1 21.213 12.839 20.127 12.367
461 1 1 21.147 12.834 20.061 12.362
462 1 1 21.107 12.841 20.021 12.369
463 1 1 21.041 12.842 19.955 12.371
464 1 1 21.002 12.856 19.916 12.385
465 1 1 20.936 12.857 19.850 12.386
466 1 1 20.896 12.871 19.810 12.400
467 1 1 20.844 12.879 19.757 12.407
468 1 1 20.791 12.886 19.704 12.415
469 1 1 20.738 12.887 19.652 12.416
470 1 1 20.685 12.902 19.599 12.430
471 1 1 20.646 12.902 19.559 12.431
472 1 1 20.606 12.916 19.520 12.445
473 1 1 20.554 12.924 19.467 12.452
474 1 1 20.514 12.931 19.427 12.460
475 1 1 20.474 12.919 19.387 12.447
476 1 1 20.421 12.920 19.335 12.448
477 1 1 20.369 12.908 19.282 12.436
478 1 1 20.316 12.909 19.229 12.437
479 1 1 20.263 12.903 19.176 12.432
480 1 1 20.190 12.852 19.076 12.387
481 1 1 20.190 12.872 19.103 12.400
482 1 1 20.144 12.873 19.057 12.401
483 1 1 20.091 12.861 19.004 12.389
484 1 1 20.051 12.861 18.964 12.390
485 1 1 19.998 12.856 18.911 12.384
486 1 1 19.945 12.850 18.858 12.379
487 1 1 19.899 12.838 18.812 12.366
488 1 1 19.866 12.839 18.779 12.367
489 1 1 19.800 12.827 18.712 12.355
490 1 1 19.773 12.827 18.686 12.356
491 1 1 19.734 12.822 18.646 12.350
492 1 1 19.714 12.829 18.633 12.357
493 1 1 19.674 12.816 18.600 12.344
494 1 1 19.654 12.817 18.587 12.344
495 1 1 19.621 12.804 18.560 12.332
496 1 1 19.601 12.804 18.547 12.332
498 1 1 19.661 12.810 18.613 12.337
499 1 1 19.615 12.798 18.573 12.325
500 1 1 19.555 12.799 18.520 12.326
501 1 1 19.496 12.806 18.468 12.333
503 1 1 19.595 12.811 18.573 12.338
504 1 1 19.582 12.818 18.567 12.345
505 1 1 19.575 12.812 18.567 12.338
506 1 1 19.575 12.812 18.573 12.338
507 1 1 19.568 12.812 18.573 12.338
508 1 1 19.562 12.818 18.573 12.345
509 1 1 19.555 12.812 18.573 12.338
510 1 1 19.529 12.819 18.554 12.345
511 1 1 19.496 12.813 18.527 12.339
512 1 1 19.443 12.794 18.481 12.320
514 1 1 19.535 12.799 18.580 12.325
515 1 1 19.529 12.806 18.580 12.331
516 1 1 19.522 12.799 18.580 12.325
517 1 1 19.515 12.793 18.580 12.318
518 1 1 19.509 12.787 18.580 12.312
519 1 1 19.509 12.793 18.587 12.318
23 2 1 43.137 8.512 42.507 8.219
24 2 1 43.156 8.524 42.501 8.219
25 2 1 43.137 8.518 42.481 8.213
26 2 1 43.137 8.531 42.482 8.226
27 2 1 43.137 8.538 42.482 8.233
28 2 1 43.131 8.525 42.475 8.220
29 2 1 43.125 8.538 42.469 8.233
30 2 1 43.131 8.538 42.475 8.233
31 2 1 43.124 8.531 42.469 8.226
32 2 1 43.125 8.544 42.469 8.239
33 2 1 43.125 8.551 42.469 8.246
34 2 1 43.125 8.538 42.469 8.233
35 2 1 43.119 8.557 42.463 8.252
36 2 1 43.119 8.557 42.463 8.252
37 2 1 43.118 8.551 42.463 8.246
39 2 1 43.125 8.557 42.469 8.252
40 2 1 43.119 8.564 42.463 8.259
42 2 1 43.125 8.570 42.470 8.265
43 2 1 43.119 8.570 42.463 8.265
44 2 1 43.676 8.780 42.018 8.215
45 2 1 43.197 8.640 42.464 8.317
46 2 1 43.191 8.646 42.458 8.323
47 2 1 43.585 8.749 41.877 8.198
49 2 1 43.185 8.659 42.342 8.313
50 2 1 43.146 8.660 42.303 8.313
51 2 1 43.108 8.661 42.265 8.314
52 2 1 43.057 8.662 42.214 8.315
53 2 1 43.018 8.649 42.175 8.302
54 2 1 42.966 8.650 42.123 8.303
55 2 1 42.928 8.651 42.085 8.304
56 2 1 42.876 8.652 42.033 8.305
57 2 1 42.825 8.666 41.982 8.319
58 2 1 42.787 8.679 41.944 8.332
59 2 1 42.749 8.693 41.905 8.346
60 2 1 42.710 8.706 41.867 8.359
61 2 1 42.672 8.720 41.829 8.373
62 2 1 42.634 8.721 41.790 8.374
63 2 1 42.582 8.722 41.739 8.375
64 2 1 42.544 8.722 41.700 8.375
65 2 1 42.505 8.723 41.662 8.376
66 2 1 42.453 8.711 41.610 8.364
67 2 1 42.402 8.699 41.558 8.352
68 2 1 42.337 8.687 41.494 8.340
69 2 1 42.285 8.675 41.442 8.328
70 2 1 42.234 8.676 41.390 8.329
71 2 1 42.169 8.664 41.326 8.317
72 2 1 42.118 8.652 41.274 8.305
73 2 1 42.066 8.653 41.223 8.306
74 2 1 42.015 8.654 41.171 8.307
75 2 1 41.976 8.655 41.132 8.307
76 2 1 41.924 8.643 41.081 8.295
77 2 1 41.886 8.630 41.042 8.283
78 2 1 41.847 8.631 41.003 8.284
79 2 1 41.808 8.619 40.964 8.271
80 2 1 42.027 8.628 40.737 8.153
81 2 1 41.820 8.586 40.951 8.233
82 2 1 41.848 8.670 40.710 8.121
83 2 1 41.750 8.587 40.873 8.228
84 2 1 41.704 8.575 40.828 8.216
85 2 1 41.659 8.576 40.783 8.216
86 2 1 41.588 8.564 40.712 8.205
87 2 1 41.530 8.552 40.654 8.193
88 2 1 41.472 8.541 40.595 8.181
89 2 1 41.414 8.529 40.537 8.169
90 2 1 41.343 8.517 40.466 8.157
91 2 1 41.285 8.505 40.408 8.145
92 2 1 41.226 8.493 40.350 8.133
93 2 1 41.168 8.481 40.291 8.121
94 2 1 41.110 8.482 40.234 8.122
95 2 1 41.052 8.490 40.176 8.130
96 2 1 41.008 8.497 40.131 8.137
97 2 1 40.962 8.498 40.086 8.138
98 2 1 40.918 8.511 40.041 8.152
99 2 1 40.873 8.525 39.996 8.165
100 2 1 40.815 8.526 39.938 8.166
101 2 1 40.770 8.520 39.893 8.161
102 2 1 40.712 8.528 39.835 8.168
103 2 1 40.667 8.529 39.790 8.169
104 2 1 40.596 8.530 39.719 8.170
105 2 1 40.538 8.531 39.661 8.171
106 2 1 40.467 8.532 39.590 8.172
107 2 1 40.409 8.527 39.532 8.167
108 2 1 40.339 8.547 39.461 8.187
109 2 1 40.293 8.548 39.416 8.188
110 2 1 40.236 8.549 39.358 8.189
111 2 1 40.178 8.563 39.300 8.203
112 2 1 40.120 8.564 39.242 8.204
113 2 1 40.075 8.571 39.197 8.211
114 2 1 40.017 8.579 39.139 8.219
115 2 1 39.985 8.579 39.107 8.219
116 2 1 39.940 8.580 39.062 8.220
117 2 1 39.894 8.568 39.017 8.208
118 2 1 39.836 8.569 38.958 8.209
119 2 1 39.791 8.550 38.913 8.190
120 2 1 39.733 8.545 38.855 8.185
121 2 1 39.687 8.526 38.809 8.166
122 2 1 39.616 8.534 38.738 8.174
123 2 1 39.571 8.522 38.693 8.162
124 2 1 39.513 8.510 38.635 8.150
125 2 1 39.454 8.491 38.576 8.131
126 2 1 39.383 8.486 38.505 8.126
127 2 1 39.338 8.474 38.460 8.114
128 2 1 39.267 8.475 38.389 8.115
129 2 1 39.222 8.476 38.344 8.116
130 2 1 39.164 8.477 38.285 8.117
131 2 1 39.119 8.484 38.240 8.124
132 2 1 39.120 8.568 37.973 7.980
133 2 1 39.022 8.479 38.143 8.119
134 2 1 38.970 8.480 38.092 8.120
135 2 1 38.931 8.481 38.053 8.121
136 2 1 38.886 8.482 38.008 8.121
137 2 1 38.828 8.476 37.950 8.116
138 2 1 38.770 8.484 37.892 8.123
139 2 1 38.712 8.465 37.833 8.105
140 2 1 38.647 8.460 37.768 8.100
141 2 1 38.595 8.461 37.717 8.100
142 2 1 38.537 8.462 37.659 8.101
143 2 1 38.466 8.456 37.587 8.096
144 2 1 38.408 8.464 37.529 8.104
145 2 1 38.337 8.446 37.458 8.085
146 2 1 38.285 8.453 37.406 8.093
147 2 1 38.234 8.454 37.355 8.094
148 2 1 38.188 8.455 37.310 8.094
149 2 1 38.143 8.436 37.264 8.076
150 2 1 38.098 8.443 37.219 8.083
151 2 1 38.052 8.425 37.173 8.064
152 2 1 38.013 8.419 37.134 8.059
153 2 1 37.961 8.407 37.082 8.047
154 2 1 37.909 8.395 37.030 8.034
155 2 1 37.857 8.363 36.978 8.003
156 2 1 37.812 8.358 36.933 7.997
157 2 1 37.753 8.339 36.874 7.979
158 2 1 37.702 8.334 36.822 7.973
159 2 1 37.650 8.322 36.771 7.961
160 2 1 37.585 8.310 36.706 7.949
161 2 1 37.533 8.291 36.654 7.931
162 2 1 37.475 8.299 36.595 7.938
163 2 1 37.416 8.280 36.537 7.920
164 2 1 37.352 8.288 36.472 7.927
165 2 1 37.300 8.276 36.420 7.915
166 2 1 37.255 8.277 36.375 7.916
167 2 1 37.196 8.271 36.317 7.911
168 2 1 37.164 8.291 36.285 7.931
169 2 1 37.119 8.285 36.239 7.925
170 2 1 37.068 8.306 36.188 7.945
171 2 1 37.029 8.319 36.149 7.959
172 2 1 36.978 8.333 36.098 7.973
173 2 1 36.913 8.341 36.033 7.980
174 2 1 36.868 8.348 35.988 7.987
175 2 1 36.809 8.329 35.930 7.969
176 2 1 36.745 8.337 35.865 7.976
177 2 1 36.680 8.338 35.800 7.978
178 2 1 36.615 8.339 35.735 7.979
179 2 1 36.563 8.321 35.683 7.960
180 2 1 36.505 8.328 35.625 7.968
181 2 1 36.447 8.310 35.567 7.949
182 2 1 36.382 8.317 35.502 7.957
183 2 1 36.330 8.318 35.450 7.958
184 2 1 36.266 8.319 35.385 7.959
185 2 1 36.226 8.301 35.346 7.940
186 2 1 36.194 8.295 35.314 7.934
187 2 1 36.149 8.282 35.268 7.922
188 2 1 36.097 8.270 35.216 7.910
189 2 1 36.045 8.258 35.164 7.898
190 2 1 35.986 8.246 35.106 7.886
191 2 1 35.927 8.215 35.047 7.854
192 2 1 35.882 8.209 35.001 7.849
193 2 1 35.836 8.197 34.956 7.836
194 2 1 35.771 8.185 34.891 7.824
195 2 1 35.707 8.186 34.826 7.826
196 2 1 35.648 8.174 34.768 7.814
197 2 1 35.590 8.169 34.709 7.808
198 2 1 35.532 8.176 34.651 7.816
199 2 1 35.460 8.158 34.579 7.797
200 2 1 35.395 8.166 34.515 7.805
201 2 1 35.344 8.167 34.463 7.806
202 2 1 35.298 8.167 34.417 7.807
203 2 1 35.253 8.162 34.372 7.801
204 2 1 35.221 8.169 34.340 7.808
205 2 1 35.175 8.169 34.294 7.809
206 2 1 35.123 8.170 34.242 7.809
207 2 1 35.059 8.171 34.178 7.811
208 2 1 35.013 8.172 34.132 7.811
209 2 1 34.955 8.167 34.074 7.806
210 2 1 34.909 8.161 34.028 7.800
211 2 1 34.851 8.143 33.970 7.782
212 2 1 34.793 8.150 33.911 7.789
213 2 1 34.721 8.138 33.840 7.777
214 2 1 34.805 8.143 33.540 7.679
215 2 1 34.636 8.107 33.755 7.746
216 2 1 34.584 8.102 33.703 7.741
217 2 1 34.526 8.103 33.645 7.742
218 2 1 34.480 8.091 33.599 7.729
219 2 1 34.422 8.079 33.540 7.717
220 2 1 34.376 8.066 33.495 7.705
221 2 1 34.324 8.048 33.443 7.687
222 2 1 34.285 8.042 33.404 7.681
223 2 1 34.220 8.024 33.338 7.663
224 2 1 34.181 8.018 33.299 7.657
225 2 1 34.135 8.006 33.254 7.645
226 2 1 34.090 7.993 33.208 7.632
227 2 1 34.025 7.988 33.143 7.627
228 2 1 33.973 7.995 33.091 7.634
229 2 1 33.895 7.990 33.013 7.629
230 2 1 33.843 7.998 32.961 7.636
231 2 1 33.772 7.986 32.890 7.625
232 2 1 33.713 7.987 32.831 7.626
233 2 1 33.635 7.982 32.753 7.620
234 2 1 33.583 7.983 32.701 7.621
235 2 1 33.506 7.984 32.624 7.623
236 2 1 33.454 7.991 32.572 7.630
237 2 1 33.395 7.992 32.513 7.631
238 2 1 33.350 7.993 32.468 7.632
239 2 1 33.285 7.988 32.403 7.626
240 2 1 33.233 8.008 32.351 7.647
241 2 1 33.168 8.002 32.286 7.641
242 2 1 33.117 8.023 32.234 7.661
243 2 1 33.058 8.037 32.176 7.675
244 2 1 33.000 8.051 32.118 7.689
245 2 1 32.935 8.045 32.053 7.684
246 2 1 32.883 8.053 32.001 7.691
247 2 1 32.818 8.047 31.936 7.686
248 2 1 32.766 8.055 31.884 7.693
249 2 1 32.695 8.056 31.812 7.694
250 2 1 32.637 8.057 31.754 7.695
251 2 1 32.559 8.052 31.676 7.690
252 2 1 32.520 8.059 31.637 7.697
253 2 1 32.442 8.054 31.559 7.692
254 2 1 32.403 8.048 31.520 7.686
255 2 1 32.344 8.036 31.461 7.674
256 2 1 32.298 8.024 31.415 7.662
257 2 1 32.233 8.005 31.350 7.644
258 2 1 32.194 7.999 31.311 7.638
259 2 1 32.142 7.994 31.259 7.632
260 2 1 32.090 8.001 31.207 7.640
261 2 1 32.032 8.015 31.148 7.654
262 2 1 31.973 8.029 31.090 7.668
263 2 1 31.895 8.024 31.012 7.662
264 2 1 31.843 8.044 30.960 7.683
265 2 1 31.766 8.059 30.882 7.697
266 2 1 31.701 8.073 30.817 7.711
267 2 1 31.629 8.074 30.746 7.712
268 2 1 31.571 8.088 30.687 7.726
269 2 1 31.480 8.109 30.597 7.747
270 2 1 31.428 8.123 30.545 7.761
271 2 1 31.350 8.137 30.467 7.775
272 2 1 31.312 8.157 30.428 7.795
273 2 1 31.266 8.171 30.383 7.809
274 2 1 31.221 8.185 30.337 7.823
275 2 1 31.162 8.192 30.279 7.830
276 2 1 31.104 8.213 30.220 7.851
277 2 1 31.059 8.207 30.175 7.845
278 2 1 31.026 8.201 30.142 7.839
279 2 1 30.980 8.189 30.096 7.827
280 2 1 30.934 8.176 30.050 7.815
281 2 1 30.889 8.158 30.005 7.796
282 2 1 30.830 8.146 29.946 7.784
283 2 1 30.771 8.147 29.887 7.785
285 2 1 30.778 8.153 29.894 7.791
286 2 1 30.713 8.167 29.829 7.805
287 2 1 30.674 8.174 29.790 7.813
288 2 1 30.616 8.188 29.731 7.827
289 2 1 30.557 8.215 29.673 7.853
290 2 1 30.480 8.249 29.595 7.887
291 2 1 30.434 8.276 29.550 7.914
292 2 1 30.376 8.290 29.491 7.928
293 2 1 30.324 8.297 29.439 7.935
294 2 1 30.265 8.305 29.381 7.943
295 2 1 30.220 8.299 29.335 7.937
296 2 1 30.155 8.294 29.270 7.932
297 2 1 30.109 8.294 29.224 7.932
298 2 1 30.037 8.309 29.153 7.947
299 2 1 29.972 8.316 29.088 7.954
300 2 1 29.901 8.330 29.016 7.968
301 2 1 29.829 8.332 28.944 7.970
302 2 1 29.738 8.340 28.853 7.978
305 2 1 29.699 8.340 28.814 7.978
306 2 1 29.654 8.361 28.769 7.999
307 2 1 29.582 8.355 28.697 7.993
308 2 1 29.504 8.363 28.618 8.001
309 2 1 29.465 8.364 28.579 8.002
312 2 1 29.311 8.594 28.425 8.225
313 2 1 29.272 8.601 28.386 8.233
314 2 1 29.207 8.609 28.321 8.240
315 2 1 28.846 8.953 28.087 8.316
316 2 1 28.942 8.802 28.062 8.427
317 2 1 28.890 8.816 28.010 8.441
318 2 1 28.831 8.836 27.952 8.461
319 2 1 28.773 8.850 27.893 8.475
320 2 1 28.708 8.865 27.828 8.489
321 2 1 28.642 8.872 27.763 8.497
322 2 1 28.577 8.886 27.697 8.511
323 2 1 28.512 8.887 27.632 8.512
324 2 1 28.440 8.908 27.560 8.533
325 2 1 28.395 8.922 27.515 8.547
326 2 1 28.343 8.923 27.463 8.548
327 2 1 28.290 8.917 27.410 8.542
328 2 1 28.225 8.918 27.345 8.543
329 2 1 28.173 8.919 27.293 8.544
330 2 1 28.114 8.927 27.234 8.551
331 2 1 28.068 8.928 27.188 8.552
332 2 1 27.996 8.929 27.116 8.553
333 2 1 27.951 8.923 27.070 8.548
334 2 1 27.885 8.924 27.005 8.549
335 2 1 27.820 8.912 26.940 8.537
336 2 1 27.748 8.920 26.868 8.545
337 2 1 27.689 8.921 26.809 8.546
338 2 1 27.604 8.923 26.724 8.547
339 2 1 27.532 8.917 26.652 8.542
340 2 1 27.467 8.919 26.586 8.543
341 2 1 27.402 8.920 26.521 8.544
342 2 1 27.343 8.927 26.462 8.552
343 2 1 27.277 8.928 26.397 8.553
344 2 1 27.225 8.929 26.344 8.554
345 2 1 27.179 8.910 26.298 8.535
346 2 1 27.127 8.898 26.246 8.523
347 2 1 27.074 8.899 26.194 8.524
348 2 1 27.016 8.907 26.135 8.531
349 2 1 26.963 8.908 26.082 8.532
350 2 1 26.898 8.909 26.017 8.533
351 2 1 26.852 8.903 25.971 8.527
352 2 1 26.800 8.904 25.919 8.528
353 2 1 26.747 8.905 25.866 8.529
354 2 1 26.676 8.926 25.795 8.550
355 2 1 26.617 8.927 25.736 8.551
356 2 1 26.545 8.941 25.664 8.565
357 2 1 26.486 8.949 25.605 8.573
358 2 1 26.434 8.949 25.552 8.574
359 2 1 26.381 8.950 25.500 8.575
360 2 1 26.323 8.958 25.441 8.582
361 2 1 26.277 8.946 25.395 8.570
362 2 1 26.218 8.947 25.336 8.571
363 2 1 26.172 8.941 25.290 8.565
364 2 1 26.106 8.942 25.225 8.566
365 2 1 26.054 8.943 25.172 8.567
366 2 1 25.995 8.937 25.113 8.562
367 2 1 25.943 8.925 25.061 8.550
368 2 1 25.890 8.926 25.008 8.550
369 2 1 25.844 8.908 24.962 8.532
370 2 1 25.792 8.895 24.910 8.520
371 2 1 25.726 8.883 24.844 8.508
372 2 1 25.667 8.878 24.785 8.502
373 2 1 25.588 8.879 24.706 8.503
374 2 1 25.523 8.867 24.641 8.492
375 2 1 25.464 8.849 24.582 8.473
376 2 1 25.411 8.850 24.529 8.474
377 2 1 25.359 8.851 24.477 8.475
378 2 1 25.300 8.845 24.418 8.469
379 2 1 25.254 8.833 24.372 8.457
380 2 1 25.195 8.821 24.313 8.445
381 2 1 25.149 8.802 24.266 8.426
382 2 1 25.096 8.803 24.214 8.427
383 2 1 25.031 8.804 24.148 8.428
384 2 1 24.972 8.812 24.089 8.436
385 2 1 24.939 8.799 24.057 8.423
386 2 1 24.893 8.787 24.010 8.411
387 2 1 24.847 8.781 23.965 8.405
388 2 1 24.795 8.795 23.912 8.419
389 2 1 24.742 8.796 23.860 8.420
390 2 1 24.670 8.804 23.788 8.428
391 2 1 24.611 8.805 23.729 8.429
392 2 1 24.539 8.806 23.656 8.430
393 2 1 24.493 8.800 23.610 8.424
394 2 1 24.441 8.801 23.558 8.425
395 2 1 24.388 8.802 23.505 8.426
396 2 1 24.329 8.810 23.446 8.434
397 2 1 24.296 8.810 23.414 8.434
398 2 1 24.237 8.811 23.354 8.435
399 2 1 24.191 8.806 23.308 8.429
400 2 1 24.139 8.807 23.256 8.430
401 2 1 24.086 8.807 23.203 8.431
402 2 1 24.041 8.815 23.158 8.439
403 2 1 23.995 8.802 23.111 8.426
404 2 1 23.949 8.803 23.066 8.427
405 2 1 23.903 8.798 23.020 8.421
406 2 1 23.850 8.785 22.967 8.409
407 2 1 23.797 8.773 22.914 8.397
408 2 1 23.725 8.781 22.842 8.405
409 2 1 23.666 8.782 22.783 8.406
410 2 1 23.594 8.783 22.711 8.407
411 2 1 23.548 8.778 22.665 8.401
412 2 1 23.495 8.765 22.612 8.389
413 2 1 23.456 8.753 22.572 8.377
414 2 1 23.397 8.761 22.513 8.384
415 2 1 23.351 8.761 22.467 8.385
416 2 1 23.311 8.749 22.428 8.373
417 2 1 23.259 8.730 22.375 8.354
418 2 1 23.206 8.738 22.323 8.361
419 2 1 23.167 8.738 22.283 8.362
420 2 1 23.108 8.739 22.224 8.363
421 2 1 23.075 8.740 22.191 8.364
422 2 1 23.035 8.741 22.152 8.364
423 2 1 22.983 8.735 22.099 8.359
424 2 1 22.930 8.742 22.047 8.366
425 2 1 22.878 8.743 21.994 8.367
426 2 1 22.819 8.757 21.935 8.381
427 2 1 22.760 8.758 21.876 8.382
428 2 1 22.687 8.760 21.804 8.383
429 2 1 22.641 8.761 21.757 8.384
430 2 1 22.589 8.761 21.705 8.385
431 2 1 22.550 8.762 21.665 8.386
432 2 1 22.490 8.763 21.606 8.387
433 2 1 22.444 8.764 21.560 8.387
434 2 1 22.385 8.765 21.501 8.388
435 2 1 22.339 8.766 21.455 8.389
436 2 1 22.287 8.767 21.402 8.390
437 2 1 22.234 8.767 21.350 8.391
438 2 1 22.188 8.768 21.304 8.392
439 2 1 22.135 8.756 21.251 8.379
440 2 1 22.083 8.757 21.198 8.380
441 2 1 22.037 8.751 21.152 8.375
442 2 1 21.971 8.759 21.087 8.382
443 2 1 21.918 8.740 21.034 8.364
444 2 1 21.846 8.735 20.961 8.358
445 2 1 21.787 8.749 20.902 8.372
446 2 1 21.714 8.737 20.830 8.361
447 2 1 21.668 8.732 20.784 8.355
448 2 1 21.616 8.739 20.731 8.362
449 2 1 21.563 8.733 20.678 8.357
450 2 1 21.504 8.728 20.619 8.351
451 2 1 21.458 8.716 20.573 8.339
452 2 1 21.398 8.730 20.514 8.353
453 2 1 21.352 8.724 20.467 8.347
454 2 1 21.313 8.725 20.428 8.348
455 2 1 21.273 8.725 20.388 8.348
456 2 1 21.227 8.733 20.342 8.356
457 2 1 21.195 8.733 20.309 8.356
458 2 1 21.135 8.734 20.250 8.357
459 2 1 21.102 8.741 20.217 8.364
461 2 1 21.109 8.741 20.224 8.364
462 2 1 21.043 8.749 20.158 8.372
463 2 1 20.951 8.750 20.066 8.373
464 2 1 20.885 8.751 20.000 8.375
465 2 1 20.826 8.759 19.941 8.382
466 2 1 20.806 8.759 19.921 8.382
467 2 1 20.747 8.760 19.862 8.383
468 2 1 20.701 8.781 19.816 8.404
469 2 1 20.649 8.795 19.763 8.418
470 2 1 20.609 8.795 19.724 8.418
471 2 1 20.563 8.783 19.677 8.406
472 2 1 20.497 8.797 19.612 8.420
473 2 1 20.464 8.778 19.578 8.401
474 2 1 20.398 8.779 19.513 8.402
475 2 1 20.359 8.787 19.473 8.410
476 2 1 20.293 8.788 19.407 8.411
477 2 1 20.234 8.789 19.348 8.412
478 2 1 20.187 8.790 19.302 8.413
479 2 1 20.115 8.778 19.229 8.401
480 2 1 20.042 8.766 19.156 8.389
481 2 1 19.976 8.780 19.091 8.403
482 2 1 19.937 8.761 19.051 8.384
483 2 1 19.864 8.769 18.978 8.392
484 2 1 19.831 8.770 18.945 8.392
485 2 1 19.759 8.771 18.873 8.394
486 2 1 19.713 8.778 18.827 8.401
487 2 1 19.660 8.786 18.774 8.408
488 2 1 19.607 8.780 18.721 8.403
489 2 1 19.561 8.787 18.675 8.410
491 2 1 19.568 8.794 18.682 8.416
492 2 1 19.555 8.794 18.668 8.417
493 2 1 19.555 8.794 18.668 8.417
494 2 1 19.528 8.807 18.642 8.430
495 2 1 19.515 8.808 18.629 8.430
496 2 1 19.482 8.808 18.603 8.431
498 2 1 19.403 8.810 18.537 8.432
500 2 1 19.456 8.815 18.596 8.438
501 2 1 19.403 8.816 18.550 8.438
503 2 1 19.292 8.883 18.451 8.505
505 2 1 19.384 8.888 18.550 8.510
506 2 1 19.377 8.888 18.550 8.510
507 2 1 19.371 8.889 18.550 8.510
508 2 1 19.371 8.882 18.557 8.504
509 2 1 19.357 8.882 18.550 8.504
510 2 1 19.357 8.882 18.557 8.504
511 2 1 19.351 8.889 18.557 8.510
512 2 1 19.351 8.889 18.563 8.510
514 2 1 19.351 8.882 18.577 8.503
515 2 1 19.338 8.883 18.570 8.503
516 2 1 19.338 8.883 18.577 8.503
517 2 1 19.331 8.889 18.577 8.510
518 2 1 19.331 8.889 18.583 8.510
519 2 1 19.325 8.889 18.583 8.510
304 2 1 29.745 8.346 28.860 7.984
311 2 1 29.300 8.763 28.398 8.076
497 2 1 19.449 8.809 18.576 8.431
502 2 1 19.344 8.856 18.497 8.478
513 2 1 19.344 8.889 18.563 8.510
114 3 2 19.064 7.404 18.627 7.098
115 3 2 19.078 7.417 18.621 7.098
116 3 2 19.157 7.403 18.700 7.084
117 3 2 19.229 7.401 18.772 7.082
118 3 2 19.501 7.599 18.699 6.907
119 3 2 19.414 7.509 18.792 7.010
120 3 2 19.501 7.632 18.712 6.888
121 3 2 19.467 7.548 18.805 6.991
122 3 2 19.645 7.577 18.646 6.934
123 3 2 19.533 7.553 18.805 6.977
124 3 2 19.968 7.618 18.672 6.914
125 3 2 19.724 7.569 18.910 6.976
126 3 2 20.107 7.596 18.804 6.893
127 3 2 19.896 7.560 19.022 6.954
128 3 2 20.291 7.586 18.909 6.878
129 3 2 20.067 7.557 19.141 6.946
130 3 2 20.653 7.548 18.929 6.904
131 3 2 20.277 7.547 19.279 6.937
132 3 2 20.383 7.546 19.384 6.936
133 3 2 20.508 7.543 19.509 6.934
134 3 2 20.600 7.522 19.601 6.912
135 3 2 20.718 7.514 19.720 6.904
136 3 2 20.830 7.525 19.832 6.915
137 3 2 20.935 7.530 19.937 6.920
138 3 2 21.298 7.602 19.976 6.828
139 3 2 21.139 7.533 20.121 6.917
140 3 2 22.689 7.377 21.672 6.762
144 3 2 21.783 7.529 20.766 6.913
145 3 2 21.882 7.521 20.865 6.905
146 3 2 22.230 7.469 20.963 6.897
147 3 2 22.086 7.504 21.062 6.895
148 3 2 22.217 7.502 21.193 6.893
149 3 2 22.342 7.487 21.318 6.878
150 3 2 22.480 7.498 21.456 6.889
151 3 2 22.598 7.483 21.574 6.874
152 3 2 22.742 7.494 21.719 6.885
153 3 2 22.880 7.478 21.857 6.870
154 3 2 23.031 7.489 22.008 6.880
155 3 2 23.169 7.474 22.146 6.865
156 3 2 23.319 7.471 22.297 6.862
157 3 2 23.457 7.469 22.435 6.860
158 3 2 23.608 7.466 22.586 6.858
159 3 2 23.746 7.464 22.723 6.856
160 3 2 23.897 7.462 22.874 6.853
161 3 2 24.034 7.459 23.012 6.851
162 3 2 24.185 7.457 23.163 6.849
163 3 2 24.309 7.455 23.288 6.847
164 3 2 24.460 7.452 23.438 6.844
165 3 2 24.598 7.450 23.576 6.842
166 3 2 24.735 7.448 23.714 6.840
167 3 2 24.873 7.446 23.851 6.837
168 3 2 25.010 7.443 23.989 6.835
169 3 2 25.148 7.441 24.127 6.833
170 3 2 25.298 7.439 24.277 6.831
171 3 2 25.423 7.436 24.402 6.829
172 3 2 25.573 7.434 24.552 6.826
173 3 2 25.698 7.432 24.677 6.824
174 3 2 25.835 7.430 24.814 6.822
175 3 2 25.953 7.428 24.932 6.820
176 3 2 26.097 7.425 25.076 6.818
177 3 2 26.234 7.423 25.213 6.816
178 3 2 26.371 7.408 25.351 6.800
179 3 2 26.495 7.393 25.475 6.785
180 3 2 26.633 7.404 25.612 6.796
181 3 2 26.763 7.388 25.743 6.781
182 3 2 26.907 7.386 25.887 6.779
183 3 2 27.031 7.384 26.011 6.777
184 3 2 27.168 7.382 26.148 6.774
185 3 2 27.305 7.367 26.285 6.759
186 3 2 27.442 7.351 26.423 6.744
187 3 2 27.560 7.349 26.540 6.742
188 3 2 27.703 7.347 26.684 6.740
189 3 2 27.827 7.345 26.808 6.738
190 3 2 27.964 7.343 26.945 6.736
191 3 2 28.088 7.328 27.069 6.721
192 3 2 28.225 7.312 27.206 6.705
193 3 2 28.355 7.310 27.337 6.703
194 3 2 28.499 7.295 27.480 6.688
195 3 2 28.622 7.267 27.604 6.660
196 3 2 28.759 7.252 27.741 6.645
197 3 2 28.883 7.250 27.865 6.643
198 3 2 29.020 7.234 28.001 6.628
199 3 2 29.137 7.207 28.119 6.600
200 3 2 29.280 7.178 28.262 6.572
201 3 2 29.397 7.163 28.379 6.557
202 3 2 29.527 7.148 28.509 6.542
203 3 2 29.650 7.120 28.633 6.514
204 3 2 29.787 7.092 28.769 6.486
205 3 2 29.904 7.064 28.886 6.458
206 3 2 30.516 7.080 28.611 6.320
207 3 2 30.034 7.056 29.016 6.449
208 3 2 30.164 7.034 29.146 6.428
209 3 2 30.274 7.013 29.257 6.407
210 3 2 30.410 6.978 29.393 6.372
211 3 2 30.514 6.957 29.497 6.351
212 3 2 30.657 6.929 29.640 6.323
213 3 2 30.761 6.901 29.744 6.295
214 3 2 30.903 6.866 29.887 6.260
215 3 2 31.014 6.845 29.997 6.239
216 3 2 31.137 6.811 30.120 6.205
217 3 2 31.253 6.789 30.237 6.184
218 3 2 31.383 6.761 30.367 6.156
219 3 2 31.487 6.734 30.470 6.128
220 3 2 31.616 6.712 30.600 6.107
221 3 2 31.726 6.691 30.710 6.085
222 3 2 31.862 6.657 30.846 6.051
223 3 2 31.966 6.648 30.950 6.043
224 3 2 32.096 6.620 31.080 6.015
225 3 2 32.199 6.606 31.184 6.000
226 3 2 32.329 6.571 31.313 5.966
227 3 2 32.439 6.550 31.423 5.945
228 3 2 32.562 6.535 31.547 5.930
229 3 2 32.678 6.520 31.663 5.915
230 3 2 32.808 6.505 31.793 5.900
231 3 2 32.912 6.491 31.897 5.886
232 3 2 33.041 6.469 32.026 5.864
233 3 2 33.151 6.474 32.137 5.869
234 3 2 33.274 6.453 32.260 5.848
235 3 2 33.391 6.457 32.376 5.852
236 3 2 33.521 6.455 32.506 5.850
237 3 2 33.624 6.454 32.610 5.849
238 3 2 33.754 6.445 32.740 5.840
239 3 2 33.864 6.463 32.850 5.858
240 3 2 33.988 6.474 32.974 5.869
241 3 2 34.092 6.485 33.077 5.880
242 3 2 34.221 6.496 33.207 5.891
243 3 2 34.325 6.507 33.311 5.902
244 3 2 34.455 6.524 33.441 5.920
245 3 2 34.566 6.555 33.552 5.950
246 3 2 34.676 6.572 33.662 5.968
247 3 2 34.780 6.603 33.766 5.999
248 3 2 34.897 6.627 33.883 6.023
249 3 2 34.988 6.652 33.975 6.047
250 3 2 35.105 6.682 34.092 6.077
251 3 2 35.216 6.713 34.202 6.108
252 3 2 35.326 6.743 34.313 6.139
253 3 2 35.418 6.787 34.404 6.182
254 3 2 35.535 6.837 34.522 6.232
255 3 2 35.626 6.887 34.613 6.283
256 3 2 35.744 6.930 34.730 6.326
257 3 2 35.829 6.987 34.815 6.383
258 3 2 35.927 7.050 34.914 6.446
259 3 2 36.005 7.101 34.992 6.496
260 3 2 36.097 7.164 35.084 6.559
261 3 2 36.176 7.227 35.162 6.623
262 3 2 36.280 7.284 35.267 6.679
263 3 2 36.378 7.353 35.365 6.749
264 3 2 36.476 7.410 35.463 6.806
265 3 2 36.555 7.480 35.542 6.875
266 3 2 36.647 7.556 35.634 6.951
267 3 2 36.713 7.619 35.700 7.015
268 3 2 36.805 7.689 35.792 7.085
269 3 2 36.890 7.759 35.877 7.154
270 3 2 37.103 8.111 35.806 6.819
271 3 2 36.981 7.822 35.968 7.218
272 3 2 37.054 7.885 36.041 7.281
273 3 2 37.126 7.962 36.113 7.358
274 3 2 37.211 8.031 36.199 7.427
275 3 2 37.284 8.108 36.271 7.504
276 3 2 37.357 8.197 36.344 7.593
277 3 2 37.429 8.280 36.416 7.676
278 3 2 37.515 8.356 36.502 7.752
279 3 2 37.587 8.433 36.574 7.829
280 3 2 37.659 8.503 36.647 7.899
281 3 2 37.732 8.592 36.719 7.988
282 3 2 37.818 8.668 36.805 8.064
283 3 2 37.890 8.751 36.877 8.147
284 3 2 37.963 8.828 36.950 8.224
285 3 2 38.035 8.917 37.022 8.313
286 3 2 38.121 8.987 37.108 8.383
287 3 2 38.193 9.063 37.180 8.459
288 3 2 38.266 9.140 37.253 8.536
289 3 2 38.338 9.222 37.325 8.618
290 3 2 38.424 9.312 37.411 8.708
291 3 2 38.483 9.388 37.471 8.784
292 3 2 38.670 9.689 37.541 8.751
293 3 2 38.602 9.509 37.589 8.905
294 3 2 38.519 9.563 37.757 8.889
295 3 2 38.655 9.560 37.648 8.956
296 3 2 38.721 9.637 37.714 9.033
297 3 2 38.787 9.713 37.780 9.109
298 3 2 38.795 9.823 37.995 9.170
299 3 2 38.892 9.796 37.892 9.191
300 3 2 38.951 9.872 37.951 9.268
301 3 2 39.017 9.955 38.018 9.351
302 3 2 39.090 10.032 38.090 9.428
303 3 2 39.162 10.108 38.163 9.504
305 3 2 39.288 10.255 38.288 9.651
306 3 2 39.361 10.344 38.361 9.740
307 3 2 39.427 10.428 38.427 9.823
308 3 2 39.499 10.504 38.500 9.900
309 3 2 39.559 10.581 38.559 9.977
310 3 2 39.625 10.664 38.625 10.060
312 3 2 39.960 10.956 38.960 10.345
313 3 2 40.027 11.045 39.027 10.435
314 3 2 40.099 11.128 39.099 10.518
315 3 2 40.357 11.435 39.523 10.724
316 3 2 40.414 11.369 39.420 10.758
317 3 2 40.480 11.439 39.486 10.828
318 3 2 40.559 11.522 39.565 10.911
319 3 2 40.645 11.611 39.651 11.001
320 3 2 40.724 11.681 39.730 11.070
321 3 2 40.803 11.764 39.809 11.153
322 3 2 40.875 11.840 39.882 11.230
323 3 2 40.942 11.936 39.948 11.326
324 3 2 41.008 12.020 40.014 11.409
325 3 2 41.094 12.135 40.101 11.524
326 3 2 41.173 12.218 40.180 11.607
327 3 2 41.266 12.313 40.272 11.703
328 3 2 41.325 12.390 40.332 11.779
329 3 2 41.430 12.459 40.436 11.849
330 3 2 41.509 12.529 40.515 11.919
331 3 2 41.607 12.605 40.614 11.995
332 3 2 41.673 12.675 40.680 12.065
333 3 2 41.778 12.745 40.784 12.134
334 3 2 41.863 12.795 40.869 12.184
335 3 2 41.929 12.865 40.935 12.255
336 3 2 42.033 12.922 41.040 12.311
337 3 2 42.131 12.985 41.138 12.374
338 3 2 42.210 13.041 41.216 12.431
339 3 2 42.314 13.098 41.321 12.487
340 3 2 42.399 13.135 41.405 12.525
341 3 2 42.503 13.179 41.510 12.568
342 3 2 42.607 13.222 41.614 12.612
343 3 2 42.705 13.285 41.712 12.675
344 3 2 42.796 13.316 41.803 12.705
345 3 2 42.913 13.372 41.920 12.761
346 3 2 42.997 13.396 42.004 12.786
347 3 2 43.101 13.439 42.108 12.829
348 3 2 43.206 13.483 42.213 12.873
349 3 2 43.303 13.533 42.310 12.923
350 3 2 43.394 13.563 42.401 12.953
351 3 2 43.511 13.607 42.518 12.996
352 3 2 43.595 13.631 42.603 13.021
353 3 2 43.712 13.661 42.719 13.051
354 3 2 43.771 13.692 42.784 13.082
355 3 2 43.829 13.730 42.850 13.120
356 3 2 43.869 13.749 42.895 13.138
357 3 2 43.915 13.793 42.948 13.183
358 3 2 43.967 13.818 43.006 13.207
360 3 2 43.851 13.821 42.897 13.210
361 3 2 43.896 13.846 42.949 13.235
362 3 2 43.948 13.864 43.007 13.253
363 3 2 43.987 13.857 43.052 13.246
364 3 2 43.960 13.799 43.032 13.188
365 3 2 43.979 13.792 43.057 13.181
367 3 2 43.857 13.801 42.941 13.189
368 3 2 43.902 13.813 42.993 13.201
369 3 2 43.934 13.780 43.031 13.168
370 3 2 43.979 13.779 43.083 13.167
372 3 2 43.863 13.788 42.973 13.176
373 3 2 43.908 13.780 43.025 13.168
374 3 2 43.953 13.779 43.076 13.167
376 3 2 43.844 13.788 42.973 13.176
377 3 2 43.843 13.782 42.980 13.169
378 3 2 43.837 13.775 42.980 13.163
379 3 2 43.837 13.782 42.986 13.169
380 3 2 43.837 13.769 42.992 13.156
381 3 2 43.831 13.782 42.993 13.169
382 3 2 43.824 13.776 42.992 13.162
383 3 2 43.824 13.782 42.999 13.169
384 3 2 43.811 13.776 42.992 13.162
385 3 2 43.818 13.782 43.005 13.169
386 3 2 43.817 13.769 43.012 13.155
387 3 2 43.811 13.769 43.012 13.155
388 3 2 43.804 13.763 43.011 13.149
389 3 2 43.805 13.769 43.018 13.155
390 3 2 43.798 13.763 43.018 13.149
391 3 2 43.798 13.770 43.024 13.155
392 3 2 43.798 13.757 43.031 13.142
393 3 2 43.792 13.770 43.031 13.155
394 3 2 43.785 13.763 43.031 13.149
395 3 2 43.785 13.770 43.037 13.155
396 3 2 43.779 13.764 43.037 13.148
397 3 2 43.779 13.770 43.044 13.155
398 3 2 43.779 13.757 43.050 13.142
399 3 2 43.772 13.770 43.050 13.155
400 3 2 43.772 13.764 43.057 13.148
401 3 2 43.779 13.757 43.069 13.141
402 3 2 43.766 13.751 43.063 13.135
403 3 2 43.772 13.757 43.076 13.141
404 3 2 43.772 13.744 43.082 13.128
405 3 2 43.766 13.757 43.082 13.141
406 3 2 43.765 13.744 43.088 13.128
407 3 2 43.759 13.757 43.089 13.141
408 3 2 43.753 13.751 43.082 13.135
409 3 2 43.753 13.758 43.082 13.141
410 3 2 43.765 13.744 43.101 13.128
411 3 2 43.766 13.757 43.108 13.141
412 3 2 43.752 13.745 43.095 13.128
413 3 2 43.759 13.757 43.108 13.141
414 3 2 43.753 13.751 43.101 13.134
415 3 2 43.759 13.757 43.114 13.140
416 3 2 43.759 13.744 43.114 13.127
417 3 2 43.759 13.757 43.114 13.140
418 3 2 43.759 13.744 43.114 13.127
419 3 2 43.753 13.758 43.108 13.141
420 3 2 43.753 13.751 43.108 13.134
421 3 2 43.753 13.758 43.108 13.141
422 3 2 43.759 13.744 43.114 13.127
423 3 2 43.759 13.757 43.114 13.140
424 3 2 43.759 13.744 43.114 13.127
425 3 2 43.753 13.758 43.108 13.141
426 3 2 43.759 13.751 43.121 13.134
427 3 2 43.766 13.757 43.134 13.140
428 3 2 43.759 13.744 43.127 13.127
429 3 2 43.766 13.757 43.140 13.140
430 3 2 43.752 13.745 43.127 13.127
431 3 2 43.759 13.757 43.140 13.140
432 3 2 43.746 13.751 43.127 13.134
433 3 2 43.753 13.758 43.134 13.140
434 3 2 43.752 13.745 43.133 13.127
435 3 2 43.759 13.757 43.140 13.140
436 3 2 43.752 13.745 43.133 13.127
437 3 2 43.753 13.758 43.134 13.140
438 3 2 43.753 13.751 43.134 13.134
439 3 2 43.753 13.758 43.134 13.140
440 3 2 43.752 13.745 43.133 13.127
441 3 2 43.759 13.757 43.140 13.140
442 3 2 43.752 13.745 43.133 13.127
443 3 2 43.753 13.758 43.134 13.140
444 3 2 43.753 13.751 43.134 13.134
445 3 2 43.753 13.758 43.134 13.140
446 3 2 43.759 13.744 43.140 13.127
447 3 2 43.759 13.757 43.140 13.140
448 3 2 43.759 13.744 43.140 13.127
449 3 2 43.753 13.758 43.134 13.140
450 3 2 43.753 13.751 43.134 13.134
451 3 2 43.753 13.758 43.134 13.140
452 3 2 43.759 13.744 43.140 13.127
453 3 2 43.759 13.757 43.140 13.140
454 3 2 43.759 13.744 43.140 13.127
455 3 2 43.753 13.758 43.134 13.140
456 3 2 43.753 13.764 43.134 13.147
457 3 2 43.753 13.771 43.134 13.153
458 3 2 43.759 13.764 43.140 13.146
459 3 2 43.759 13.770 43.140 13.153
460 3 2 43.759 13.764 43.140 13.146
461 3 2 43.753 13.771 43.134 13.153
462 3 2 43.753 13.764 43.134 13.147
463 3 2 43.753 13.771 43.134 13.153
464 3 2 43.759 13.764 43.140 13.146
465 3 2 43.759 13.770 43.140 13.153
466 3 2 43.759 13.764 43.140 13.146
467 3 2 43.753 13.771 43.134 13.153
468 3 2 43.753 13.764 43.134 13.147
469 3 2 43.753 13.771 43.134 13.153
470 3 2 43.759 13.764 43.140 13.146
471 3 2 43.759 13.770 43.140 13.153
472 3 2 43.759 13.764 43.140 13.146
473 3 2 43.753 13.771 43.134 13.153
474 3 2 43.759 13.764 43.140 13.146
475 3 2 43.753 13.771 43.134 13.153
476 3 2 43.759 13.770 43.140 13.153
477 3 2 43.760 13.783 43.141 13.166
478 3 2 43.759 13.770 43.140 13.153
479 3 2 43.753 13.784 43.134 13.166
480 3 2 43.760 13.777 43.141 13.159
481 3 2 43.753 13.784 43.134 13.166
482 3 2 43.759 13.770 43.140 13.153
483 3 2 43.760 13.783 43.141 13.166
484 3 2 43.759 13.770 43.140 13.153
485 3 2 43.753 13.784 43.134 13.166
486 3 2 43.760 13.777 43.141 13.159
487 3 2 43.753 13.784 43.134 13.166
488 3 2 43.759 13.770 43.140 13.153
489 3 2 43.760 13.783 43.141 13.166
490 3 2 43.759 13.770 43.140 13.153
491 3 2 43.753 13.784 43.134 13.166
492 3 2 43.760 13.777 43.141 13.159
493 3 2 43.753 13.784 43.134 13.166
494 3 2 43.759 13.770 43.140 13.153
495 3 2 43.760 13.783 43.141 13.166
496 3 2 43.759 13.770 43.147 13.153
498 3 2 43.753 13.777 43.147 13.159
499 3 2 43.760 13.783 43.154 13.166
500 3 2 43.759 13.770 43.153 13.153
501 3 2 43.760 13.783 43.154 13.166
503 3 2 43.753 13.784 43.147 13.166
504 3 2 43.760 13.777 43.153 13.159
505 3 2 43.753 13.784 43.147 13.166
506 3 2 43.759 13.770 43.153 13.153
507 3 2 43.760 13.783 43.154 13.166
508 3 2 43.759 13.770 43.153 13.153
509 3 2 43.753 13.784 43.147 13.166
510 3 2 43.760 13.777 43.153 13.159
511 3 2 43.753 13.784 43.147 13.166
512 3 2 43.759 13.770 43.153 13.153
514 3 2 43.759 13.770 43.153 13.153
515 3 2 43.753 13.784 43.147 13.166
516 3 2 43.760 13.777 43.153 13.159
517 3 2 43.747 13.784 43.141 13.166
518 3 2 43.747 13.784 43.141 13.166
519 3 2 43.754 13.796 43.147 13.179
304 3 2 39.229 10.191 38.229 9.587
311 3 2 40.001 11.072 38.978 10.267
497 3 2 43.760 13.783 43.154 13.166
502 3 2 43.759 13.770 43.153 13.153
513 3 2 43.760 13.783 43.154 13.166
