time_step	object_id	x_m	y_m
0	1	17.996705513091822	4.109211563727716
1	1	17.433248426039846	4.882334440681241
2	1	16.822945089858415	5.6754622691009144
3	1	16.211991277074155	6.5602579006779225
4	1	15.630734328221846	7.474419966909697
5	1	15.093673151844426	8.221682879099902
6	1	14.715435817379875	9.414934133323472
7	1	14.399884191751775	10.545934049232773
8	1	14.157243700045068	11.742672327334224
9	1	13.987949013955447	13.050673746654283
10	1	13.882644051789358	14.43299816473942
11	1	13.776228972979673	15.781409029962425
12	1	13.687808187526286	17.047260681268952
13	1	13.617978629586931	18.38800768710942
14	1	13.552223395636576	19.879446929463228
15	1	13.460911744467413	21.515717603838716
16	1	13.322696065843475	23.023199565986513
17	1	13.239977772580259	24.426327513720576
18	1	13.199500240717695	25.89246275475449
19	1	13.185329067516571	27.482978819181874
20	1	13.178852071458536	29.153261459476212
21	1	13.155755165486593	30.732688798561103
22	1	13.131906149104937	32.40618396090966
23	1	13.137257299959893	34.08720332028984
24	1	13.179798835779327	35.769506962840765
25	1	13.245558914372616	37.52715868707264
26	1	13.294374489090652	39.128889676156035
27	1	13.338907708573451	40.702503134112476
28	1	13.39587261600244	42.33789777386124
29	1	13.460490413674677	44.01272605812051
30	1	13.506489463002824	45.59239419940732
31	1	13.46321598141673	47.069618181206515
32	1	13.450620705048413	48.67834379050797
33	1	13.419737568194149	50.29068399197768
34	1	13.346821592419456	51.843473053295426
35	1	13.233348886559124	53.33826654515499
36	1	13.061555193565527	54.75876160908896
338	19	18.185886651653096	7.70074415282274
339	19	17.328142374120336	8.869423823073722
340	19	16.610657682299664	10.395744891978199
341	19	15.9767037639111	11.786132795834439
342	19	15.381755700282888	13.107508475210464
343	19	14.940255216645177	14.562694551457126
344	19	14.659278048626996	16.096347856823154
345	19	14.438533942254528	17.394959434451373
346	19	14.338924403788882	19.0457795275569
347	19	14.22666612684925	20.479218840562304
348	19	14.16476407476111	21.918216987949307
349	19	14.156023011779293	23.435182830957004
350	19	14.143047503086876	24.951994477579163
351	19	14.193256547914896	26.725968894620486
352	19	14.18470620565273	28.368728052777335
353	19	14.184441895738859	30.02597423417722
354	19	14.179254796742285	31.709566315851582
355	19	14.075681846361022	33.29751976973297
356	19	13.94762196356667	34.89778703948066
357	19	13.804816106448287	36.65317130778203
358	19	13.656434686445035	38.42772451380995
359	19	13.52708173566993	40.1388802381619
360	19	13.456794906910263	41.75745370286012
361	19	13.354129917110708	43.37964196460098
362	19	13.306288674023921	44.99905599048753
363	19	13.322575891379655	46.583983656627524
364	19	13.26417102238708	47.6592364451118
365	19	12.844128259731992	47.30614944400421
366	19	12.777619474463833	47.20724624026584
367	19	12.74163326284825	47.35871892090512
368	19	12.708670039720444	47.309671372383754
369	19	12.687721420779978	47.06765022324597
370	19	12.724270222591072	47.09864484412636
371	19	12.72362166087313	47.06677105393865
411	26	15.79124503794139	11.087016228989633
412	26	15.59850250399385	12.640211154508403
413	26	15.465635333491978	14.324339594938762
414	26	15.333605179979521	16.087231119125533
415	26	15.122456031696208	17.708064794608127
416	26	14.988210418612937	19.53950302160731
417	26	14.868863790332343	21.345851639365854
418	26	14.793337205198254	23.13647150453687
419	26	14.739186789636623	24.870712673939796
420	26	14.632603738154426	26.457914404559304
421	26	14.609898847086518	28.25076954850898
422	26	14.530346564185336	30.07422568623225
423	26	14.400813036874045	31.94457615721459
424	26	14.24935980666119	33.87514636383547
425	26	14.125243809140892	35.876293771368715
426	26	13.97684924821902	37.761423724393595
427	26	13.884424661580649	39.710768949309625
428	26	13.791918531573687	41.57264326924763
429	26	13.68458606732435	43.322350844702115
430	26	13.588989204738047	45.06218617353426
431	26	13.569132140662475	46.86457006658986
432	26	13.533587916455138	48.59660723158931
433	26	13.472002158729826	50.260895075932645
434	26	13.368891977734418	51.85983414754931
435	26	13.203645967350523	53.395628134897684
436	26	13.005061810079955	53.13368309617784
549	171	14.686802408525265	58.873098329814745
550	171	15.10815248584545	57.244141935941975
551	171	15.574445474153212	55.693495649720866
552	171	15.99507756866931	54.10295747559418
553	171	16.309328027683627	52.28257689045002
554	171	16.502847451056024	50.448570968104384
555	171	16.607657780216982	49.22332437931123
556	171	16.650605897573698	47.48280793941383
557	171	16.59003750445327	45.58802409596417
558	171	16.524557512807448	43.73797693959109
559	171	16.455234416881158	41.92946440122212
560	171	16.285600293209864	39.95707825208093
561	171	16.153813789214688	38.285956737054526
562	171	16.063632858188313	36.41129214530498
563	171	16.023732040727552	34.471169360738955
564	171	16.008266472826815	32.528147270536884
565	171	15.956871885877316	30.569258765152107
566	171	15.911871382160605	29.085138826518495
567	171	15.787762638074081	27.46155280244596
568	171	15.647135449984612	25.53062884881631
569	171	15.52321033304005	23.46917526775735
570	171	15.41983852116828	21.79868050765046
571	171	15.324584915487582	20.020338246465663
572	171	15.251307649648341	18.318320687299288
573	171	15.171997032305683	16.379137873584334
574	171	15.12511541200285	14.256205851579784
575	171	15.2155971771732	12.36984667037884
576	171	15.624953956619606	10.693288606950254
577	171	16.343254654022196	9.238376707008003
578	171	17.30866813872676	7.658774865787643
579	171	18.529360635056534	5.9773188968823705
580	171	20.083495722316137	4.586016532251591
581	171	21.95343138882419	3.5947511528410065
918	193	13.412045857235011	59.985709662941765
919	193	13.467861241708677	58.525662494294345
920	193	13.51195755196912	56.97780977961665
921	193	13.616581956103166	55.71731300410167
922	193	13.716427178072562	54.251056274552745
923	193	13.769306543523168	52.76013284135181
924	193	13.778384360001338	51.310527809297284
925	193	13.792175916955443	49.853118137598216
926	193	13.84375189745515	48.41456448624717
927	193	13.982047813675571	46.98844264045375
928	193	14.12420328786787	45.57455751455391
929	193	14.231134040917826	44.14191807145284
930	193	14.30753189234761	42.62873732262397
931	193	14.384581922345566	41.22424145798064
932	193	14.42511274011666	39.83255802735236
933	193	14.478827813816977	38.443934471315416
934	193	14.55011919883584	37.04732047401931
935	193	14.598067537793748	35.630367963186984
936	193	14.742788682067939	34.313301826768644
937	193	14.814254068187136	32.912344230382345
938	193	14.874842564843423	31.563778944571602
939	193	14.925566806729776	30.29565348677715
940	193	14.906073194536711	29.027779121330735
941	193	14.981737642027351	27.790412798456522
942	193	14.984255090959534	26.551720108616436
943	193	14.897137912428894	25.245397522163447
944	193	14.721473366076	23.852373309888378
945	193	14.475923600086027	22.400807543020143
946	193	14.537138478115159	21.250049659084056
947	193	14.655736894456616	20.167861635299772
948	193	14.780981629789455	19.070241423189074
949	193	14.899347481299886	17.896819789849822
950	193	15.034521262682173	16.610860317954582
951	193	15.168942595145616	15.156188452279824
952	193	15.321372400178648	13.956014248199535
953	193	15.455271378337507	12.784887358097413
954	193	15.610062704445298	11.491935118059283
955	193	15.901132027595713	10.000862547877443
956	193	16.22890256985142	8.88215583904722
957	193	16.810710231208507	7.651120654316524
958	193	17.480973320184848	6.4832270100426195
959	193	18.231102420855855	5.395739157879392
960	193	19.20950039286223	4.247715584770125
961	193	20.229289541876575	3.3054938257002155
962	193	21.32127556298902	2.4952259897338482
1192	205	17.210894024317998	59.66185730948031
1193	205	17.115610433580056	58.58023717189486
1194	205	17.051896129804632	57.41430275209183
1195	205	17.05886236601254	56.22507839184002
1196	205	17.085598759335006	54.92588985114978
1197	205	16.931634130804703	53.736805505205794
1198	205	16.812721421759157	52.467433048649674
1199	205	16.78825591959043	51.131577540462374
1200	205	16.761275257736386	49.94724140398162
1201	205	16.72150419104617	48.657075841190206
1202	205	16.801315945286877	47.38320178625392
1203	205	16.894718558744767	46.063177474535514
1204	205	16.95246761844245	44.67019930943549
1205	205	16.98206626014207	43.21310186239936
1206	205	17.036355404012447	42.02142439668146
1207	205	17.151245823062503	40.512973268142815
1208	205	17.261929872343828	39.00938664077464
1209	205	17.360973040403824	37.50860644571287
1210	205	17.498313949288654	35.68487838122279
1211	205	17.363398017965118	34.12953068887145
1212	205	17.238725362514593	32.48948432688015
1213	205	17.234523027682044	31.110041670273844
1214	205	17.288441842942415	29.896387601610126
1215	205	17.165556422491743	28.31358951095388
1216	205	17.08974205314889	26.78492705668711
1217	205	17.079029191411873	25.4376978703205
1218	205	17.040062512194538	23.819075487393874
1219	205	16.961983791549688	22.00620915602591
1220	205	16.91643190667388	20.606223836947084
1221	205	16.91355019749192	19.248831937410657
1222	205	16.8666562162477	17.79921878438723
1223	205	16.65737181811336	16.19867823576977
1224	205	16.317890644906843	14.485441555764375
1225	205	16.03097812510018	12.794677414897263
1226	205	15.902888461331155	11.432637082864778
1227	205	15.991252843168	10.079866236427131
1228	205	16.234436680852834	8.688417776646785
1229	205	16.63090783569032	7.415986502947199
1230	205	17.239236620051738	6.62590911312601
1231	205	18.040898920242597	5.531512382880894
1232	205	19.216574032163773	4.481126960034273
1401	82	16.647036559866326	11.399123058407982
1402	82	16.244268740767808	12.971057599551099
1403	82	15.959495158459536	14.587273575842719
1404	82	15.75542541223809	16.292539555286975
1405	82	15.600682922721035	17.861048969513476
1406	82	15.379098837670568	19.41502865706553
1407	82	15.223629869898758	21.16321596354806
1408	82	15.0855034459784	22.91006609271089
1409	82	14.92717225754052	24.626228471242417
1410	82	14.722314261275391	26.44854674878203
1411	82	14.591366703289864	28.242833556703157
1412	82	14.422408359561237	29.9244780659975
1413	82	14.236036660108208	31.586661028049658
1414	82	14.05224209289408	33.34050680478271
1415	82	13.890408203826215	35.31508336866082
1416	82	13.769119359703174	36.729940561731475
1417	82	13.765123840692189	38.777079807685695
1418	82	13.73399855090788	40.69841679717325
1419	82	13.666212441442879	42.36162622468067
1420	82	13.687126510376993	44.260141788577485
1421	82	13.654869992952344	45.92676920622996
1422	82	13.632408543554815	47.73463165972494
1423	82	13.599621326476772	49.55114490744427
1424	82	13.553932438856537	51.32171439133573
1425	82	13.510310910679806	53.06973523691768
1426	82	13.446307466250428	54.861603209496515
1427	82	13.323276367465889	56.59876804914047
1428	82	13.068412500843412	58.32592960681166
1518	88	17.282662288164733	9.669161018233632
1518	89	16.999179626712944	7.639145953832554
1519	88	16.912378857193712	11.26874779337577
1519	89	16.33211782161675	9.390337765817558
1520	88	16.525030768035894	12.935353932007615
1520	89	15.933041912772829	11.643283092414144
1521	88	16.17404615217139	15.278214945614192
1521	89	15.569794375886026	13.374984578058578
1522	88	15.973152234644619	17.17912562641544
1522	89	15.061143404768892	15.209695391261214
1523	88	15.850643386665796	19.005899864182584
1523	89	14.655301933882432	17.128487652694186
1524	88	15.795600241736132	20.86258913879171
1524	89	14.41053308746098	19.01352283004586
1525	88	15.857889695653316	22.589482520201923
1525	89	14.195150179498096	20.648051738019603
1526	88	15.937795946147244	24.32737693589649
1526	89	14.154307489803971	22.81661822656182
1527	88	16.014560787252375	26.24645650367585
1527	89	14.132226980694254	24.469093375532864
1528	88	16.078670016843994	28.168291304375924
1528	89	14.142083211021507	26.494480215958
1529	88	16.09358346015726	30.04834308579702
1529	89	14.199609118286872	28.966588391533456
1530	88	15.995734969784527	31.97596526271215
1530	89	14.323096018639806	31.14403415856094
1531	88	15.9280692039028	33.882489979739084
1531	89	14.438665876158183	33.249086865943205
1532	88	15.802327330512467	35.95553696326718
1532	89	14.420683912135758	35.22978049886604
1533	88	15.633441386982359	38.05037035001426
1533	89	14.330988827465083	37.327617447537904
1534	88	15.422590543307047	40.10432052607919
1534	89	14.23184111452291	39.45899627923787
1535	88	15.157201102105253	42.13678412694614
1535	89	14.185923057169797	41.21521173828865
1536	88	15.00237557018793	44.08578946122084
1536	89	13.981191860094533	43.3866828816015
1537	88	14.881017123047062	45.932779634494864
1537	89	13.794320296153316	45.49688143470062
1538	88	14.7290976015838	47.68495227961964
1538	89	13.666348717026155	47.59733358150986
1539	88	14.534275980482073	49.380653514074346
1539	89	13.582788496002316	49.67468854146049
1540	88	14.335898368211849	51.08937793996592
1540	89	13.473622027977529	51.65071856948118
1541	88	14.245169829226198	53.10280787210776
1541	89	13.319578746930262	53.53534901382966
1542	88	14.098584534575219	55.01437752619799
1542	89	13.267297359674256	55.42461151687701
1543	88	13.965460054794471	56.95673967389924
1543	89	13.168240250679727	57.28864619069612
1544	88	13.869164315789506	58.886882533477234
1544	89	12.933235199828871	59.094988889840074
1545	88	13.787115598832036	60.586129769782985
1545	89	12.532475382419937	60.808571211339824
1634	94	16.30012769680044	8.075208822477409
1635	94	15.739823571656984	9.783752960378255
1636	94	15.495750015113353	11.188751284763555
1637	94	15.311268125283052	12.749701128994346
1638	94	15.185207408082146	14.552993048534336
1639	94	15.115964890536306	16.403053939648647
1640	94	15.101505120779859	17.82234703938387
1641	94	15.09968179689228	19.127429980283335
1642	94	15.118222276965735	21.02233605891168
1643	94	15.015963901754501	22.649224136926808
1644	94	14.834713397501135	23.97381112183221
1645	94	14.799246875950528	25.78537196704351
1646	94	14.798253503022558	27.568095245860523
1647	94	14.702058680711978	29.308780463416838
1648	94	14.601304197286378	31.023946156639468
1649	94	14.543582895523263	32.73470975264781
1650	94	14.53343867270654	34.46678756875452
1651	94	14.529383033895693	36.25307940769398
1652	94	14.513257458250026	38.15518011347112
1653	94	14.415044299571145	39.73749840486744
1654	94	14.282845414133691	41.09263339534948
1655	94	14.282882160694548	42.84137459311003
1656	94	14.333983360182783	44.59117474615039
1657	94	14.306296251088067	46.32092005375078
1658	94	14.246993837409462	48.09917172334623
1659	94	14.132182076773882	49.91056476442218
1660	94	13.866899880428974	51.65580798850601
1661	94	13.734136848680444	53.26858335209154
1662	94	13.768948401249599	55.23205001253123
1662	98	17.73970183133107	6.285373988933442
1663	94	13.694434832282852	57.080297238019405
1663	98	16.701487540859212	8.488606370149226
1664	94	13.473300929613055	58.6989062746536
1664	98	16.01943882994812	10.793153650162601
1665	94	13.307855974777299	60.32495034646083
1665	98	15.643205906162994	12.744391027648064
1666	98	15.453421692810256	15.00527050061596
1667	98	15.218803249293755	16.881885403352243
1668	98	15.032098004754296	18.903900643702762
1669	98	14.888163705448411	21.117001156104035
1670	98	14.683968414739796	23.08289190154011
1671	98	14.554316064041315	25.284895461154054
1672	98	14.26802981293238	27.22042980455245
1673	98	13.94268082934854	29.33534721687205
1674	98	13.68604817372893	31.60927296934073
1675	98	13.596118799015482	33.55560531923629
1676	98	13.68758521166348	35.96546445528923
1677	98	13.697198516231634	38.103883076224264
1678	98	13.701735274927845	40.21478337577977
1679	98	13.710093577644031	42.441144521216636
1680	98	13.663293041949075	44.82500265331079
1681	98	13.588213620684197	46.81793442812988
1682	98	13.536045432427137	49.004790118253275
1683	98	13.448480905380105	51.22614345640259
1684	98	13.310304994911	53.44384537373455
1685	98	13.149395183556555	55.741023999858015
1686	98	12.902894958579319	57.87339881800403
1687	98	12.666270320973927	59.87932087960723
1707	215	15.165196683660394	59.54625133254235
1708	215	15.486320345819703	58.759731883137434
1709	215	15.876038339137496	58.12926773706936
1710	215	16.117642823342823	57.33391545071799
1711	215	16.572761023113927	56.51081325224484
1712	215	16.796595725947157	55.53759247478897
1713	215	17.0584432237941	54.71792043471053
1714	215	17.424887379779506	54.073435054446435
1715	215	17.759799628183192	53.3437448624878
1716	215	18.00493689574288	52.627064961635156
1717	215	18.29861161328518	51.7967876976018
1718	215	18.59022229215339	51.032982248525535
1719	215	18.87757108795571	50.3255368829628
1720	215	19.206863800570062	49.47415895987254
1721	215	19.51314702869512	48.84141612090749
1722	215	19.996714786128887	48.273634478691044
2413	240	13.103543317696058	58.17145174929823
2414	240	13.549756656340083	55.94839724290284
2415	240	13.80006009808215	53.59885258654654
2416	136	18.495094544759223	7.520945830439876
2416	240	14.05104330420224	51.42577362117478
2416	241	18.15014433999209	45.94491353330053
2417	136	18.060427043727884	9.828806415016382
2417	240	14.201141252969771	49.15687231571684
2417	241	17.126853322248067	46.299942123057924
2418	136	17.84221144777819	12.042954418286964
2418	240	14.30803844361173	46.93388588790351
2418	241	16.177515118128937	46.925074232129646
2419	136	17.657321881470224	14.253077274959367
2419	240	14.424779224876271	44.81460763544502
2419	241	15.378857856046544	47.86396715355558
2420	136	17.500090036806874	16.4525541644107
2420	240	14.599767795031624	42.77288693601983
2420	241	14.753345522637856	48.95740386966761
2421	136	17.298479575272264	18.809426883355798
2421	240	14.527275509011524	40.191656484315146
2421	241	14.146962088607541	50.40494479839276
2422	136	17.169308419193513	20.683589569910477
2422	240	14.665365325395692	37.94484361603307
2422	241	13.74400367648382	51.73689163327651
2423	136	17.051106582341735	22.7158134047035
2423	240	14.819281988137893	35.838294512974514
2423	241	13.510363563220091	53.217705932013885
2424	136	16.913396022691316	25.011686673603144
2424	240	14.933753793184497	33.71999359616952
2424	241	13.34090788187503	54.86208931633669
2425	136	16.756690642423976	27.14161476765675
2425	240	15.092992588494416	31.480063525885672
2425	241	13.059475621606374	56.43498347198542
2426	136	16.500415503444227	29.165056827442328
2426	240	15.145656574592362	29.358984104798118
2426	241	12.883740109784638	58.071493210612665
2427	136	16.058782215674267	31.20795664329638
2427	240	15.248377387540467	27.362531902968108
2427	241	12.727301703886873	59.88886775567249
2428	136	15.593463313685765	33.241978598429384
2428	240	15.332456658921844	25.298112112157206
2429	136	15.161987311441774	35.245987817270276
2429	240	15.40656078699954	23.127853162526854
2430	136	14.717738702283548	37.20605016547121
2430	240	15.556720936727066	20.968606722651188
2431	136	14.372080030329263	39.04563744004389
2431	240	15.73238237736705	19.090735366108266
2432	136	14.102585416768038	40.873438047074316
2432	240	16.09199471135181	17.215100177337508
2433	136	13.90607217956448	42.69465841140448
2433	240	16.510186454648704	15.234446623241984
2434	136	13.778180124458956	44.50716431328406
2434	240	16.94742440685204	13.224166021564836
2435	136	13.713371544968275	46.301480888373376
2435	240	17.450013651195665	11.442295540904865
2436	136	13.699490882569664	48.11836933689639
2436	240	17.790474187975732	9.970611033245103
2437	136	13.239673085829875	49.996550520586815
2437	240	18.253734063938353	8.474579869138385
2438	136	12.205942028456173	51.5449238550647
2438	240	18.92159717011303	6.726254278222382
2439	240	19.83570501346365	4.891234589923562
2440	240	20.997536716892213	3.528669233496897
2561	149	18.88924186636533	46.10230083942158
2561	252	18.805473856642735	46.38379171050472
2562	149	18.034390220894352	46.505734439970645
2562	252	17.947440998270526	46.56712668323552
2563	149	17.237375218756974	47.05593953359797
2563	252	17.1863200321144	46.97050486787956
2564	149	16.51179211535076	47.62088618179363
2564	252	16.506343391554363	47.639335934566056
2565	149	15.840307739809397	48.14045446241912
2565	252	15.853552090677274	48.330511575875434
2566	149	15.385343454742088	49.132219785070895
2566	252	15.377946282039671	49.242263852863864
2567	149	14.875336621264594	50.055544133706164
2567	252	14.939467337103435	50.19239778055873
2568	149	14.38709445994083	50.99864791714738
2568	252	14.493118895238267	51.190577574935745
2569	149	14.0008741971381	52.01025766905294
2569	252	14.065213426612765	52.23285870213623
2570	149	13.800383065025237	53.099606047913184
2570	252	13.753372232200535	53.30168787846885
2571	149	13.558907091272438	54.28824080112687
2571	252	13.62516062766362	54.63717881650558
2572	149	13.337353232879893	55.43194182237457
2572	252	13.358305041297376	55.70764662272382
2573	149	12.973464370855707	56.57471847636664
2573	252	13.02160151997441	56.783747481731204
2574	149	12.524302507480657	57.78133683275045
2574	252	12.665422966347043	57.950614058421394
2575	149	12.266248766333662	59.13731966611847
2575	252	12.321719138840784	59.10785549795339
2576	149	11.91319871366388	60.28515852629101
2576	252	12.126218279296522	60.356532424408094
2594	150	17.429018505773843	6.302012244352211
2595	150	16.251792782534515	8.770515610491294
2596	150	15.545399604133495	10.964556752635568
2597	150	14.863640406909404	12.944073299840339
2598	150	14.415286063453816	14.974360027429976
2599	150	14.22486302657274	17.150325544294528
2600	150	14.132653329263805	19.396492292875323
2601	150	14.23636443705831	21.62616283756241
2602	150	14.373704028082498	23.96895668949217
2603	150	14.470944945034187	26.307439552591052
2604	150	14.514263066642975	28.662248698939102
2605	150	14.549737307675391	31.19209296879305
2606	150	14.430056328343783	33.53319487717288
2607	150	14.384240615728428	36.26541292987523
2608	150	14.23835002349827	38.831728174770646
2609	150	13.996963117799584	41.163119925240856
2610	150	13.843177177280076	43.67856576023252
2611	150	13.666263660911898	46.28229676822413
2612	150	13.574853803073617	48.935533091351786
2613	150	13.47272509965217	51.4851336613956
2614	150	13.3444826896137	54.0048513596441
2615	150	13.255559355014885	56.795333016912835
2616	150	12.84118024970896	59.33097679703794
2989	296	16.028283107851244	8.55026288209935
2990	296	15.743857701642584	9.969011997880411
2991	296	15.403595334176241	11.893245279520697
2992	296	15.216438386252788	13.806286423012075
2993	296	15.025111956795103	15.725915953577534
2994	296	14.930902627216234	17.547254531535145
2995	296	14.833208248791621	19.398978201299354
2996	296	14.720653552275941	21.30092337447116
2997	296	14.671090147903108	23.16408682983988
2998	296	14.560996711198142	25.224430578610555
2999	296	14.491911705557168	27.209419283977272
3000	296	14.410354035333803	29.23860330983847
3001	296	14.320475709028488	31.279323236588098
3002	296	14.284061839288569	33.14670986111453
3003	296	14.23390793160025	35.2893390670443
3004	296	14.191514223648229	37.3970277908916
3005	296	14.121409354136627	39.5633468585033
3006	296	14.008348603686049	41.77049699724113
3007	296	13.857313894833611	43.889308835980586
3008	296	13.7144384260217	46.04631682708169
3009	296	13.585077598325386	48.162798666669985
3010	296	13.456593683387524	50.171606079556135
3011	296	13.336837594735782	52.09203675540675
3012	296	13.25414888778272	54.029834348743606
3013	296	13.169933473205925	56.01354922426775
3014	296	13.146731325320548	57.26454463919507
3035	312	16.614458443779743	10.324256530471596
3036	312	16.443316408681397	11.29072928870185
3037	312	16.153809891613026	12.971009631813153
3038	312	15.89692976434947	14.394515626790549
3039	312	15.661120330581847	15.948541648537962
3040	312	15.391388365867082	17.548604136870615
3041	312	15.09279710066216	19.146641883179388
3042	312	14.83046622032413	20.731016030431338
3043	312	14.58594756083754	22.298504970123325
3044	312	14.431083987994827	23.984943039386124
3045	312	14.28017020978458	25.720615705405738
3046	312	14.099935606302555	27.466031415062826
3047	312	13.909544229751667	29.211921594933244
3048	312	13.714043900578854	30.737711192511576
3048	316	15.952119062823597	12.585126201269844
3049	312	13.612145222561693	32.444867271072056
3049	316	15.568946669302271	14.065047672596334
3050	312	13.54289914966806	34.21633011820556
3050	316	15.178025056792674	15.721743548287332
3051	312	13.479129257497101	36.000003509401765
3051	316	14.832970718306413	17.383021502247587
3052	312	13.427431743279238	37.8087547080497
3052	316	14.506303213520928	19.206199010906744
3053	312	13.2887643481655	39.28755983005665
3053	316	14.199056501798527	21.12975310558698
3054	312	13.161552146218563	40.93149370942194
3054	316	13.92788753306626	23.152393398906515
3055	312	13.07450161613799	42.6417324411413
3055	316	13.741884614354676	25.24827869279036
3056	312	13.037100116589828	44.38547515675835
3056	316	13.634939107029842	27.370339303201277
3057	312	13.03961588620656	46.19594402436516
3057	316	13.545745426793198	29.450277060140305
3058	312	13.010082189699705	47.84098105983121
3058	316	13.547502519406711	31.664892284368484
3059	312	12.964561199941016	49.504074081684166
3059	316	13.539716596075811	33.77174578912652
3060	312	12.900382241587213	51.20355895910292
3060	316	13.573724834743338	35.92036659514955
3061	312	12.826306582355365	52.93282806841494
3061	316	13.645075077467514	38.113363706425986
3062	312	12.762527433022912	54.66033029309677
3062	316	13.693525830421866	40.20642611019791
3063	312	12.607270009573051	56.44103561082688
3063	316	13.771728260391962	42.30688564051291
3064	312	12.516811399528876	57.509717874893234
3064	316	13.880076398239888	44.45709581760044
3065	316	13.966024601559113	46.576905399674736
3066	316	14.029651662307312	48.63562508651322
3067	316	14.12366080680648	50.65202751945718
3068	316	14.195062318513466	52.65679634475658
3069	316	14.22792778399585	54.60863747485514
3070	316	14.168912375279932	56.556242183870324
3071	316	14.037017085979377	58.235308845391074
3072	316	13.923588731295325	59.068542932477996
3239	339	16.003331813318486	11.976773137996393
3240	339	15.736072806126712	13.407982735438226
3241	339	15.435746905124384	15.280774392325078
3242	339	15.188340635800696	17.06342240959726
3243	339	15.00094758401923	18.73669933696393
3244	339	14.860804248230643	20.513030633676316
3245	339	14.740970007534216	22.220249881975036
3246	339	14.63970796550344	23.91856701866488
3247	339	14.580484950186042	25.900568335115725
3248	339	14.458259731942025	27.61088582650779
3249	339	14.36368067139589	29.599966541450424
3250	339	14.287817555177302	31.644571256907145
3251	339	14.249651200546154	33.69979227591336
3252	339	14.296073455392632	35.89905342757732
3253	339	14.330144755833718	37.843058813246415
3254	339	14.327896749424136	39.744184805821
3255	339	14.278786274250065	41.59159524173635
3256	339	14.186410128009678	43.44770383273235
3257	339	14.068505068013117	45.44817416585421
3258	339	13.918481595389968	47.41786668683086
3259	339	13.717866683355844	49.424273123093
3259	349	16.364532314078986	8.946883821047376
3260	339	13.48246380152421	51.426153954167006
3260	349	15.883582571828363	10.244368509947774
3261	339	13.231069796608761	53.409548672471225
3261	349	15.27066876010933	11.824511821873473
3262	339	12.985474892423362	55.3877757833166
3262	349	14.704602657509138	13.610136898402894
3263	339	12.744897737162592	57.305499462373284
3263	349	14.31994302765749	14.859844304254452
3264	339	12.610430012956785	58.44604840731135
3264	349	14.040726781883823	16.537195575981364
3265	349	13.811995747482218	18.265488895933608
3266	349	13.603657095908204	19.896871812516363
3267	349	13.410483342778727	21.51234124019094
3268	349	13.28504353405021	22.898719161850227
3269	349	13.221856800854415	24.276148300672233
3270	349	13.167632816908734	25.767645649917956
3271	349	13.11956891247157	27.350822023094576
3272	349	13.125350074342407	28.85788205395576
3273	349	13.142737505460572	30.384219415910955
3274	349	13.19757295817059	31.876406245211097
3275	349	13.24426522365663	33.3847068801071
3276	349	13.275915973669798	34.93893874606863
3277	349	13.324319760528207	36.54847235578449
3278	349	13.301902294394031	38.211648111197206
3279	349	13.235859535509425	39.84017255610661
3279	354	16.00691838628938	11.468094510840611
3280	349	13.14425962169287	41.46540726249704
3280	354	15.705806652319456	13.048171083352434
3281	349	13.054665992622377	43.082145267449945
3281	354	15.394684291758885	15.14633551066405
3282	349	13.00413738983549	44.6486110731443
3282	354	15.279736817870662	17.23124242051421
3283	349	12.986942035082132	46.14896940971737
3283	354	15.29359444491424	19.218335552773084
3284	349	13.092354057552901	47.756895429688
3284	354	15.413480468448574	21.175828435843144
3285	349	13.297560747614325	49.32779726693983
3285	354	15.577114451145825	23.119256106831646
3286	349	13.58870378663052	50.816354711904125
3286	354	15.777589618909472	25.068217050596537
3287	349	13.960879246963135	52.27651921155924
3287	354	16.063372860874363	27.046373199745652
3288	349	14.284183129361569	53.85229075852165
3288	354	16.347013108822747	28.883011869284395
3289	349	14.523292055060445	55.516757340421485
3289	354	16.614761159940173	30.757803912802498
3290	349	14.592618414682311	57.18041834330221
3290	354	16.823703323759997	32.6695800869859
3291	349	14.520078477814177	58.578621983208286
3291	354	16.93100541357554	34.611684661499766
3292	349	14.447092393007685	59.271565306183994
3292	354	16.893912746439952	36.57197541898768
3293	354	16.673146978729097	38.38057078941908
3294	354	16.25135492303706	40.07956992211454
3295	354	15.750731105640426	41.69662762180744
3296	354	15.26444394016349	43.28988799611532
3297	354	14.856635727578464	44.94798445553931
3298	354	14.67852343001675	46.75753631947035
3299	354	14.504596115418734	48.6528016745851
3300	354	14.297638494711709	50.496890554814165
3301	354	14.026786103126742	52.22931431283239
3302	354	13.667525300198724	53.8659856200582
3303	354	13.3411873307924	55.47007235110889
3304	354	13.090405855937421	57.08065406491298
3305	354	12.932593819637063	58.27806109349749
3321	359	17.23519552087731	59.01672344799318
3322	359	17.019835144229972	58.26044551772211
3323	359	16.66762745295506	56.683217139974126
3324	359	16.29282801912843	55.0938274086608
3325	359	15.92127826909308	53.42915332427627
3326	359	15.559151519476066	51.70244966342962
3327	359	15.192952977188883	50.00334897884698
3328	359	14.942657510550557	48.19304271115419
3329	359	14.7457363827828	46.54296395517741
3330	359	14.593812308747278	44.869084053743265
3331	359	14.49004947926192	43.11798182154579
3332	359	14.44915356110111	41.36684354514862
3333	359	14.595276526368115	39.82880243674136
3333	362	15.573463609767291	59.09618017154734
3334	359	14.659395187018001	38.20242583008253
3334	362	15.901807516494102	57.90086540436599
3335	359	14.676505538486868	36.613979834827745
3335	362	16.240194854093588	56.557361642769244
3336	359	14.654973316989226	35.0421813449172
3336	362	16.52686267455012	55.24520406360007
3337	359	14.576533999517867	33.318198038577194
3337	362	16.78655344232115	53.97411240818665
3338	359	14.59959053243071	31.447582258903644
3338	362	16.892689227372607	52.63353009643134
3339	359	14.499472932323272	29.42681611699802
3339	362	17.00476570796403	51.169520806464334
3340	359	14.386436142089643	27.53816327036359
3340	362	17.031674175050053	49.6103575177065
3341	359	14.321327934094892	25.993291332530053
3341	362	16.962715049509434	48.00245692915346
3342	359	14.315588910175022	24.933271873055386
3342	362	16.867597882145166	46.41037945937736
3343	359	14.459551082442985	23.61375960428903
3343	362	16.62513188262266	44.897059494345775
3344	359	14.508535513206539	21.988177168564036
3344	362	16.39109372814262	43.489086080205766
3345	359	14.520552263136882	20.43093345270733
3345	362	16.11642391537989	42.008362425359756
3346	359	14.52795189036103	19.08504671416114
3346	362	15.807238047501759	40.42548984317606
3347	359	14.537425450461697	17.862144580984225
3347	362	15.524826834168381	38.85976775199089
3348	359	14.72576961914005	16.481133163731158
3348	362	15.319989433245158	37.33467976540916
3349	359	14.996169738321477	14.71585511810251
3349	362	15.170294300857849	35.96415193773937
3350	359	15.3237317058021	12.802442384967938
3350	362	15.075629396273634	34.46735596870643
3351	359	15.727258853733332	10.97745466208841
3351	362	15.012978287812405	32.760363002582665
3352	359	16.26925194862158	9.47787940411813
3352	362	14.936420152846864	30.956143628189935
3353	359	16.511679399458686	8.55790541114968
3353	362	14.958520051243894	29.44595656821382
3354	362	15.087862459010282	28.064848483232463
3355	362	15.277918901366103	26.908572373594303
3355	364	14.969432473416992	9.959260060778407
3356	362	15.516831401085463	25.781167324530895
3356	364	14.851917413209692	10.754713555102203
3357	362	15.827412478496376	24.194958506157846
3357	364	14.712601284038756	12.163630425684781
3358	362	16.061297116355465	22.845169313890157
3358	364	14.637547163909908	13.505139162873597
3359	362	16.259528075801214	21.23139430671718
3359	364	14.511898803563373	14.873022706470815
3360	362	16.445014240058015	19.810018509835192
3360	364	14.34098276171446	16.06348011182014
3361	362	16.61004030445644	18.659726324874036
3361	364	14.169716718129788	17.056405125286304
3362	362	16.716266776432988	17.481501529897912
3362	364	14.082609473627489	18.015386184254023
3363	362	16.897363885038555	16.375520945426175
3363	364	14.039305080234666	19.310682086495977
3364	362	16.959669234454584	14.844835535407071
3364	364	14.033498584058952	20.877803106726223
3365	362	17.001476867800818	13.231102713632396
3365	364	14.024501180892697	22.457644990174757
3366	362	17.04897443984612	11.619659711091566
3366	364	14.0039277861871	23.923580295804637
3366	366	15.714829644505286	59.91980384507025
3367	362	17.056243217008255	9.83952357597282
3367	364	13.995697035052286	25.281458396310544
3367	366	15.735056828531867	59.292908730566225
3368	362	17.18956584926707	8.41662669460833
3368	364	14.01721577030809	26.80773906052308
3368	366	15.840845108989464	58.02303887580693
3369	362	17.420868372546277	6.931898893588201
3369	364	13.992179647984068	28.315612856545176
3369	366	15.962882729161928	57.038121543508105
3370	362	17.641984443022906	5.850307618735604
3370	364	13.982296273600188	29.90343997891803
3370	366	16.073313426620523	56.22749047930283
3371	364	13.975033900540522	31.46588984648716
3371	366	16.159599649810612	55.533590379232734
3372	364	13.883621430053134	32.69394110240026
3372	366	16.224522558051557	54.951976889749226
3373	364	13.827717417598967	34.36988992691191
3373	366	16.323209852666686	54.20859604310917
3374	364	13.765509662955978	35.99112869776523
3374	366	16.37925462120685	53.402685916101326
3375	364	13.708888764554548	37.69702600912897
3375	366	16.418094116926625	52.61980698875321
3376	364	13.651081554127936	39.40607553642257
3376	366	16.444876610644478	51.88335075398719
3377	364	13.566651096712302	40.81589603631379
3377	366	16.444461390742678	51.15453971762123
3378	364	13.461708882850825	42.304066623506394
3378	366	16.49110487607744	50.63298041427389
3379	364	13.333993923343911	43.689175438258346
3379	366	16.523093905864638	50.061042749739684
3380	364	13.183370228414423	45.09689807933019
3380	366	16.572086912795072	49.512713878968746
3381	364	13.011174458682593	46.52701518974644
3381	366	16.6492016518506	48.98072300871167
3382	364	12.82021592516605	47.85341245679463
3382	366	16.74501520030408	48.37654139751948
3383	364	12.72392627897669	49.30674154752134
3383	366	16.809050887353642	47.86103061367487
3384	364	12.701475600854474	50.874387208086574
3384	366	16.77011131913212	47.2719238097806
3385	364	12.733686684553893	52.445535086872916
3385	366	16.70779085894999	46.749949688123856
3386	364	12.77576559609141	53.960881500484575
3386	366	16.646747664238053	46.27221331710759
3387	364	12.757301673745413	55.41263343374676
3387	366	16.556703686547316	45.652196131250385
3388	364	12.65131632309237	56.84257096038866
3388	366	16.53339985097521	45.16425431143363
3389	364	12.441279100268593	58.20093196554992
3389	366	16.496316488642783	44.571121109162306
3390	364	12.264228330706132	59.219466894155474
3390	366	16.439162187493704	43.94932544980899
3391	366	16.362474893050223	43.37147126565431
3392	366	16.273621908413155	42.90623749588728
3393	366	16.242871260679543	42.35809794474673
3394	366	16.261990584049776	41.87645494285024
3395	366	16.291343249300414	41.33845766177163
3396	366	16.313473531703774	40.75493047486481
3397	366	16.33310661102796	40.2703729572643
3398	366	16.296107584011246	39.776758694755365
3399	366	16.348298746654095	39.298878172164805
3400	366	16.38631494747098	38.762642862656406
3401	366	16.399840660782342	38.20928475645177
3402	366	16.47160998671484	37.795356360830766
3403	366	16.456263367561895	37.25115637467604
3404	366	16.430475540962295	36.76209315696051
3405	366	16.41811351432996	36.151433582841335
3406	366	16.430737453462037	35.416840621331644
3407	366	16.4676006825389	34.73037333530104
3408	366	16.52243621834097	34.021897797980124
3409	366	16.579470399627414	33.44306042130339
3410	366	16.635011180680397	33.00097205804218
3411	366	16.68288716125676	32.58830491168932
3412	366	16.714447586587966	31.98329253645913
3413	366	16.746838866206893	31.362352710249496
3414	366	16.79388647522672	30.48435557912283
3415	366	16.831444501927393	29.75460050074151
3416	366	16.842343950841464	29.228785544085138
3417	366	16.81639274275405	28.613007489450244
3418	366	16.805246659729182	28.212748296548074
3419	366	16.7867506320286	27.720362273931624
3420	366	16.76409679041118	27.311421851204344
3421	366	16.70231371777204	26.98933709461491
3422	366	16.528266449142397	26.58535570705703
3423	366	16.44969075459604	25.979862362014494
3424	366	16.452899961923325	25.450414681626622
3425	366	16.47938382513006	24.747198426891284
3426	366	16.510169725802914	23.937140411200758
3427	366	16.565822673109526	23.40390850034271
3428	366	16.534278246241133	22.66340220031518
3429	366	16.564342329612305	22.267487763999515
3430	366	16.600974953786483	21.77527374276559
3431	366	16.63271348511035	21.10254998178268
3432	366	16.69167262571398	20.52178762002042
3433	366	16.7074229154323	20.00922636868201
3434	366	16.740674225078006	19.76622262732868
3435	366	16.70728345647937	19.32016689059298
3436	366	16.617127841151056	18.535436254149307
3437	366	16.57410494029428	17.613394414714502
3438	366	16.44674558438199	16.670927518575382
3439	366	16.434888695322254	16.127169681190605
3440	366	16.43909099608923	15.799200545490116
3441	366	16.437290890664112	15.488589739335032
3442	366	16.48480846403538	14.981396875517866
3443	366	16.395991467525445	14.139078029970543
3444	366	16.425691449966713	13.462188431180152
3445	366	16.411519471737137	12.890974168170182
3446	366	16.34685425175186	12.408862623364888
3447	366	16.38084216746362	12.042462472589886
3448	366	16.253483109220607	11.51106791967805
3449	366	16.248108805384295	10.813033265571203
3450	366	16.263054821014357	10.198050049593473
3451	366	16.270234766804574	9.571015079220983
3452	366	16.31514029908306	8.492030430081218
3453	366	16.417991526947507	7.774187672712014
3454	366	16.486788622203896	7.01157872336245
3545	376	16.5579959340088	12.013122512847133
3546	376	16.4169664387536	13.146814490626534
3547	376	16.23249627095151	14.908560901586835
3548	376	16.032348843092198	16.254836783796833
3549	376	15.909033253550788	17.66454785063974
3550	376	15.832394995118403	19.132446149514625
3551	376	15.752765740859735	20.689790569317093
3552	376	15.600963344112925	22.40434684044097
3553	376	15.4417104364462	23.890741804078313
3554	376	15.203788793698156	25.325052029756034
3555	376	14.975219406728408	26.76068236460509
3556	376	14.801099128547543	28.329723351785827
3557	376	14.68360067431678	30.2429512304898
3558	376	14.71169304608453	31.90496721751994
3559	376	14.804806754892638	33.655971122794185
3560	376	14.888656420265242	35.459813802237804
3561	376	14.931493228839718	37.33041740975268
3562	376	14.944104934366862	39.33177539721943
3563	376	14.832309867630944	41.16215044508202
3564	376	14.70367479973886	42.974023510065955
3565	376	14.555477358959385	44.73054148638163
3566	376	14.406420840761626	46.45398767451084
3567	376	14.29663420781497	48.225781781208745
3568	376	14.189194144899652	50.02297114652583
3569	376	14.084605684992061	51.81368326525883
3570	376	13.949329181447858	53.63220402754367
3571	376	13.7746842991509	55.440104606251374
3572	376	13.576850014513145	57.12624145698959
3573	376	13.452654225792276	57.988495699381346
3709	387	13.699041170165467	58.25605936237906
3710	387	13.799118393793588	56.471082441081485
3711	387	13.969312570873807	54.13094647720817
3711	388	14.78728360488245	9.37698018155555
3712	387	14.189469696056516	51.916181169188725
3712	388	14.752390306736643	11.008624667293555
3713	387	14.307299796501777	49.82218317564102
3713	388	14.516930956285414	13.116716994848733
3714	387	14.345700581909272	47.61233171954438
3714	388	14.416369162885262	15.106901881146559
3715	387	14.334751681374682	45.432163411112086
3715	388	14.346819489381033	16.728113380782187
3716	387	14.324828634907727	43.38836040358061
3716	388	14.280436610176508	18.097447216236375
3717	387	14.386602893432247	41.54875039320741
3717	388	14.265415311234614	19.700160777877997
3718	387	14.523263598834488	39.31845937295748
3718	388	14.118869196426756	21.161427180137895
3719	387	14.774089003317341	36.9803232783305
3719	388	13.877998273598912	22.52726243317824
3720	387	15.05856698097568	34.537911814732944
3720	388	13.664561573530312	23.95145339863812
3721	387	15.285455977270276	32.175014428654364
3721	388	13.518096991389603	25.4894504923929
3722	387	15.35278500902801	30.255640307665722
3722	388	13.395921286734454	27.098367684555463
3723	387	15.228679523837114	28.480289700605784
3723	388	13.427142455613048	28.9873051730506
3724	387	14.931407412980226	26.243725058532146
3724	388	13.391239902133503	30.895378182839913
3725	387	14.642960186046405	24.03880225426468
3725	388	13.362659605809476	32.853646019594464
3726	387	14.442747864734018	21.921318538708764
3726	388	13.36036217154354	34.79358074092716
3727	387	14.307598982850235	19.51001254085175
3727	388	13.34782282962695	36.5470671563943
3728	387	14.588482802846933	17.308316799201105
3728	388	13.314682088551368	38.370296719406284
3729	387	14.985412052641534	15.089619568564151
3729	388	13.354878911587202	40.270279652774725
3730	387	15.392447332818838	12.968954314757047
3730	388	13.378380563476416	42.324584537367954
3731	387	15.841788258391432	11.077863827681275
3731	388	13.36331636895695	44.46509923945174
3732	387	16.503773458800392	9.564400221321593
3732	388	13.355977712762936	46.47803091069092
3733	387	16.77675547998314	8.392069364282138
3733	388	13.368460608707288	48.59517368360315
3734	388	13.355669824652301	50.51675510556754
3735	388	13.321078956149579	52.47730715734091
3736	388	13.241214935264766	54.48224046840799
3737	388	13.065658030577415	56.30784431698261
3738	388	12.89321332815736	58.15077186895921
3739	388	12.786392187655524	59.20161903381928
3888	403	14.442681605329652	57.46565975670845
3889	403	14.476266015936067	55.79381891691241
3890	403	14.528625477316325	53.89050847386163
3891	403	14.577978639517287	52.01257074115398
3892	403	14.587051604362916	50.11893963121417
3893	403	14.54852236404181	48.225658955125006
3894	403	14.468596250774972	46.29377186740956
3895	403	14.396326821414544	44.4310403820479
3896	403	14.3430455564704	42.69272362940989
3897	403	14.282361860110093	41.081577856257184
3898	403	14.207816527435853	39.41473120592176
3899	403	14.141549317526087	37.71372948100888
3900	403	14.120399711711785	36.038879560885135
3901	403	14.143395938399843	34.411343982425976
3902	403	14.171754973072968	32.81314094001749
3903	403	14.139312938225352	31.10100399604343
3904	403	14.057075588930717	29.409808628080558
3905	403	13.958605334715006	27.771403658253423
3906	403	13.88442178074044	26.265628589229337
3907	403	13.882001727805633	25.020313604220465
3908	403	13.884747655031939	23.790278373231626
3909	403	13.904662190915948	22.55847048683174
3910	403	13.927452094081728	21.24873782707607
3911	403	13.967903606022825	19.873462720727385
3912	403	14.06988245110233	18.53356193925775
3913	403	14.182690437670477	17.05936526921589
3914	403	14.327967613711072	15.672819499417276
3915	403	14.441283281687603	14.625024232642671
3916	403	14.5715793328296	13.614216606840234
3917	403	14.88117024713291	11.785771295124935
