0	1	17.996705513091822	4.109211563727716
1	1	17.433248426039846	4.882334440681241
2	1	16.822945089858415	5.675462269100914
3	1	16.211991277074155	6.5602579006779225
4	1	15.630734328221846	7.474419966909697
5	1	15.093673151844426	8.221682879099902
6	1	14.715435817379875	9.414934133323472
7	1	14.399884191751775	10.545934049232772
8	1	14.157243700045068	11.742672327334224
9	1	13.987949013955449	13.050673746654285
10	1	13.882644051789358	14.43299816473942
11	1	13.776228972979672	15.781409029962424
12	1	13.687808187526286	17.047260681268952
13	1	13.617978629586933	18.38800768710942
14	1	13.552223395636576	19.879446929463228
15	1	13.460911744467412	21.51571760383872
16	1	13.322696065843475	23.023199565986516
17	1	13.23997777258026	24.426327513720576
18	1	13.199500240717695	25.89246275475449
19	1	13.185329067516571	27.482978819181877
20	1	13.178852071458536	29.15326145947621
21	1	13.155755165486593	30.732688798561103
22	1	13.131906149104935	32.40618396090966
23	1	13.137257299959892	34.08720332028984
24	1	13.179798835779328	35.769506962840765
25	1	13.245558914372616	37.52715868707264
26	1	13.294374489090652	39.12888967615604
27	1	13.338907708573451	40.70250313411248
28	1	13.39587261600244	42.33789777386124
29	1	13.460490413674677	44.01272605812051
30	1	13.506489463002824	45.59239419940732
31	1	13.46321598141673	47.06961818120652
32	1	13.450620705048411	48.67834379050797
33	1	13.419737568194147	50.29068399197768
34	1	13.346821592419456	51.84347305329543
35	1	13.233348886559124	53.33826654515499
36	1	13.061555193565528	54.75876160908896
338	19	18.185886651653096	7.70074415282274
339	19	17.328142374120336	8.869423823073722
340	19	16.610657682299664	10.3957448919782
341	19	15.9767037639111	11.78613279583444
342	19	15.381755700282888	13.107508475210464
343	19	14.940255216645175	14.562694551457126
344	19	14.659278048626996	16.096347856823154
345	19	14.438533942254528	17.394959434451373
346	19	14.338924403788882	19.0457795275569
347	19	14.22666612684925	20.479218840562304
348	19	14.16476407476111	21.918216987949307
349	19	14.156023011779292	23.435182830957004
350	19	14.143047503086876	24.951994477579163
351	19	14.193256547914896	26.72596889462049
352	19	14.18470620565273	28.368728052777332
353	19	14.18444189573886	30.02597423417722
354	19	14.179254796742285	31.709566315851585
355	19	14.075681846361022	33.29751976973297
356	19	13.94762196356667	34.89778703948066
357	19	13.804816106448287	36.65317130778203
358	19	13.656434686445037	38.42772451380995
359	19	13.52708173566993	40.1388802381619
360	19	13.456794906910265	41.75745370286012
361	19	13.354129917110708	43.37964196460098
362	19	13.30628867402392	44.99905599048753
363	19	13.322575891379657	46.58398365662752
364	19	13.26417102238708	47.6592364451118
365	19	12.844128259731992	47.30614944400421
366	19	12.777619474463831	47.20724624026584
367	19	12.74163326284825	47.35871892090512
368	19	12.708670039720444	47.30967137238376
369	19	12.687721420779978	47.06765022324597
370	19	12.724270222591072	47.09864484412636
371	19	12.72362166087313	47.06677105393865
411	26	15.79124503794139	11.087016228989633
412	26	15.59850250399385	12.640211154508403
413	26	15.465635333491978	14.324339594938762
414	26	15.33360517997952	16.087231119125533
415	26	15.122456031696208	17.708064794608127
416	26	14.988210418612937	19.53950302160731
417	26	14.868863790332345	21.34585163936585
418	26	14.793337205198254	23.13647150453687
419	26	14.739186789636625	24.8707126739398
420	26	14.632603738154426	26.457914404559304
421	26	14.609898847086518	28.25076954850898
422	26	14.530346564185336	30.07422568623225
423	26	14.400813036874045	31.94457615721459
424	26	14.24935980666119	33.87514636383547
425	26	14.125243809140892	35.876293771368715
426	26	13.97684924821902	37.7614237243936
427	26	13.884424661580647	39.710768949309625
428	26	13.791918531573687	41.57264326924763
429	26	13.68458606732435	43.32235084470212
430	26	13.588989204738048	45.06218617353426
431	26	13.569132140662475	46.86457006658986
432	26	13.533587916455138	48.59660723158931
433	26	13.472002158729826	50.260895075932645
434	26	13.368891977734418	51.85983414754931
435	26	13.203645967350525	53.39562813489768
436	26	13.005061810079956	53.13368309617784
549	171	14.686802408525264	58.873098329814745
550	171	15.10815248584545	57.244141935941975
551	171	15.574445474153212	55.69349564972087
552	171	15.99507756866931	54.10295747559418
553	171	16.309328027683627	52.28257689045002
554	171	16.502847451056024	50.448570968104384
555	171	16.607657780216982	49.22332437931123
556	171	16.650605897573698	47.48280793941383
557	171	16.59003750445327	45.58802409596417
558	171	16.524557512807448	43.73797693959109
559	171	16.455234416881158	41.92946440122212
560	171	16.285600293209864	39.95707825208093
561	171	16.153813789214688	38.285956737054526
562	171	16.063632858188313	36.41129214530498
563	171	16.023732040727552	34.471169360738955
564	171	16.008266472826815	32.528147270536884
565	171	15.956871885877316	30.569258765152107
566	171	15.911871382160603	29.08513882651849
567	171	15.78776263807408	27.46155280244596
568	171	15.647135449984612	25.53062884881631
569	171	15.52321033304005	23.46917526775735
570	171	15.41983852116828	21.79868050765046
571	171	15.324584915487582	20.020338246465663
572	171	15.25130764964834	18.318320687299288
573	171	15.171997032305685	16.379137873584334
574	171	15.12511541200285	14.256205851579784
575	171	15.2155971771732	12.36984667037884
576	171	15.624953956619606	10.693288606950254
577	171	16.343254654022196	9.238376707008005
578	171	17.30866813872676	7.658774865787643
579	171	18.52936063505653	5.9773188968823705
580	171	20.083495722316137	4.586016532251591
581	171	21.95343138882419	3.5947511528410065
918	193	13.412045857235013	59.985709662941765
919	193	13.467861241708675	58.525662494294345
920	193	13.51195755196912	56.97780977961665
921	193	13.616581956103166	55.71731300410167
922	193	13.716427178072562	54.251056274552745
923	193	13.769306543523168	52.76013284135181
924	193	13.778384360001338	51.31052780929728
925	193	13.792175916955443	49.853118137598216
926	193	13.84375189745515	48.41456448624717
927	193	13.982047813675573	46.98844264045375
928	193	14.12420328786787	45.57455751455391
929	193	14.231134040917826	44.14191807145284
930	193	14.30753189234761	42.62873732262397
931	193	14.384581922345566	41.22424145798064
932	193	14.42511274011666	39.83255802735236
933	193	14.478827813816975	38.443934471315416
934	193	14.55011919883584	37.04732047401931
935	193	14.598067537793748	35.630367963186984
936	193	14.74278868206794	34.313301826768644
937	193	14.814254068187136	32.912344230382345
938	193	14.874842564843425	31.5637789445716
939	193	14.925566806729776	30.29565348677715
940	193	14.906073194536711	29.02777912133073
941	193	14.981737642027351	27.79041279845652
942	193	14.984255090959534	26.55172010861644
943	193	14.897137912428894	25.245397522163447
944	193	14.721473366076	23.852373309888375
945	193	14.475923600086029	22.400807543020143
946	193	14.53713847811516	21.250049659084056
947	193	14.655736894456616	20.16786163529977
948	193	14.780981629789457	19.070241423189074
949	193	14.899347481299886	17.896819789849822
950	193	15.034521262682173	16.610860317954582
951	193	15.168942595145616	15.156188452279824
952	193	15.321372400178648	13.956014248199535
953	193	15.455271378337509	12.784887358097413
954	193	15.610062704445298	11.491935118059285
955	193	15.901132027595713	10.000862547877444
956	193	16.22890256985142	8.88215583904722
957	193	16.810710231208507	7.651120654316524
958	193	17.480973320184848	6.48322701004262
959	193	18.23110242085585	5.395739157879392
960	193	19.20950039286223	4.247715584770125
961	193	20.22928954187657	3.3054938257002155
962	193	21.32127556298902	2.495225989733848
1192	205	17.210894024317998	59.66185730948031
1193	205	17.115610433580056	58.58023717189486
1194	205	17.051896129804632	57.41430275209183
1195	205	17.05886236601254	56.22507839184002
1196	205	17.085598759335006	54.92588985114978
1197	205	16.931634130804703	53.736805505205794
1198	205	16.812721421759157	52.46743304864968
1199	205	16.78825591959043	51.13157754046237
1200	205	16.761275257736386	49.94724140398162
1201	205	16.72150419104617	48.657075841190206
1202	205	16.801315945286877	47.38320178625392
1203	205	16.894718558744767	46.06317747453552
1204	205	16.95246761844245	44.67019930943549
1205	205	16.98206626014207	43.21310186239936
1206	205	17.036355404012447	42.02142439668146
1207	205	17.151245823062503	40.512973268142815
1208	205	17.261929872343828	39.00938664077464
1209	205	17.360973040403824	37.50860644571287
1210	205	17.498313949288654	35.68487838122279
1211	205	17.363398017965118	34.12953068887145
1212	205	17.238725362514593	32.48948432688015
1213	205	17.234523027682044	31.110041670273844
1214	205	17.288441842942415	29.89638760161013
1215	205	17.165556422491743	28.31358951095388
1216	205	17.08974205314889	26.78492705668711
1217	205	17.079029191411873	25.4376978703205
1218	205	17.040062512194538	23.819075487393874
1219	205	16.961983791549688	22.00620915602591
1220	205	16.91643190667388	20.606223836947084
1221	205	16.91355019749192	19.248831937410657
1222	205	16.8666562162477	17.79921878438723
1223	205	16.65737181811336	16.19867823576977
1224	205	16.317890644906843	14.485441555764377
1225	205	16.03097812510018	12.794677414897263
1226	205	15.902888461331155	11.432637082864778
1227	205	15.991252843168	10.079866236427131
1228	205	16.234436680852834	8.688417776646785
1229	205	16.63090783569032	7.415986502947199
1230	205	17.239236620051738	6.62590911312601
1231	205	18.0408989202426	5.531512382880894
1232	205	19.216574032163773	4.481126960034273
1401	82	16.647036559866326	11.399123058407982
1402	82	16.244268740767808	12.9710575995511
1403	82	15.959495158459536	14.58727357584272
1404	82	15.75542541223809	16.292539555286975
1405	82	15.600682922721036	17.861048969513476
1406	82	15.379098837670568	19.41502865706553
1407	82	15.223629869898758	21.16321596354806
1408	82	15.0855034459784	22.91006609271089
1409	82	14.92717225754052	24.626228471242417
1410	82	14.722314261275391	26.44854674878203
1411	82	14.591366703289864	28.24283355670316
1412	82	14.422408359561237	29.9244780659975
1413	82	14.236036660108208	31.586661028049654
1414	82	14.05224209289408	33.34050680478271
1415	82	13.890408203826215	35.31508336866082
1416	82	13.769119359703174	36.72994056173148
1417	82	13.765123840692189	38.777079807685695
1418	82	13.73399855090788	40.69841679717325
1419	82	13.66621244144288	42.36162622468067
1420	82	13.687126510376991	44.260141788577485
1421	82	13.654869992952344	45.92676920622996
1422	82	13.632408543554815	47.73463165972494
1423	82	13.599621326476772	49.55114490744427
1424	82	13.553932438856537	51.32171439133573
1425	82	13.510310910679806	53.06973523691768
1426	82	13.446307466250428	54.86160320949652
1427	82	13.323276367465889	56.59876804914047
1428	82	13.068412500843412	58.32592960681166
1518	88	17.282662288164733	9.669161018233632
1518	89	16.999179626712944	7.639145953832554
1519	88	16.912378857193712	11.26874779337577
1519	89	16.33211782161675	9.390337765817558
1520	88	16.525030768035894	12.935353932007615
1520	89	15.933041912772827	11.643283092414144
1521	88	16.17404615217139	15.278214945614192
1521	89	15.569794375886026	13.374984578058578
1522	88	15.97315223464462	17.17912562641544
1522	89	15.061143404768892	15.209695391261214
1523	88	15.850643386665796	19.005899864182584
1523	89	14.655301933882432	17.128487652694186
1524	88	15.795600241736132	20.86258913879171
1524	89	14.41053308746098	19.01352283004586
1525	88	15.857889695653316	22.589482520201923
1525	89	14.195150179498096	20.648051738019603
1526	88	15.937795946147244	24.32737693589649
1526	89	14.154307489803973	22.81661822656182
1527	88	16.014560787252375	26.24645650367585
1527	89	14.132226980694254	24.469093375532864
1528	88	16.078670016843994	28.168291304375924
1528	89	14.142083211021507	26.494480215958
1529	88	16.09358346015726	30.04834308579702
1529	89	14.199609118286872	28.966588391533456
1530	88	15.995734969784529	31.97596526271215
1530	89	14.323096018639806	31.14403415856094
1531	88	15.9280692039028	33.882489979739084
1531	89	14.438665876158185	33.249086865943205
1532	88	15.802327330512467	35.95553696326718
1532	89	14.420683912135758	35.22978049886604
1533	88	15.63344138698236	38.05037035001426
1533	89	14.330988827465085	37.327617447537904
1534	88	15.422590543307049	40.10432052607919
1534	89	14.23184111452291	39.45899627923787
1535	88	15.157201102105253	42.13678412694614
1535	89	14.185923057169797	41.21521173828865
1536	88	15.00237557018793	44.08578946122084
1536	89	13.981191860094532	43.3866828816015
1537	88	14.881017123047062	45.932779634494864
1537	89	13.794320296153316	45.49688143470062
1538	88	14.7290976015838	47.68495227961964
1538	89	13.666348717026157	47.59733358150986
1539	88	14.534275980482072	49.380653514074346
1539	89	13.582788496002316	49.67468854146049
1540	88	14.335898368211849	51.08937793996592
1540	89	13.473622027977529	51.65071856948118
1541	88	14.245169829226198	53.10280787210776
1541	89	13.319578746930262	53.53534901382966
1542	88	14.09858453457522	55.01437752619799
1542	89	13.267297359674256	55.42461151687701
1543	88	13.965460054794471	56.95673967389924
1543	89	13.168240250679728	57.28864619069612
1544	88	13.869164315789506	58.886882533477234
1544	89	12.933235199828871	59.09498888984008
1545	88	13.787115598832036	60.586129769782985
1545	89	12.532475382419936	60.808571211339824
1634	94	16.30012769680044	8.075208822477409
1635	94	15.739823571656984	9.783752960378257
1636	94	15.495750015113352	11.188751284763557
1637	94	15.311268125283052	12.749701128994346
1638	94	15.185207408082146	14.552993048534336
1639	94	15.115964890536306	16.403053939648647
1640	94	15.10150512077986	17.82234703938387
1641	94	15.09968179689228	19.12742998028333
1642	94	15.118222276965737	21.02233605891168
1643	94	15.0159639017545	22.649224136926808
1644	94	14.834713397501137	23.97381112183221
1645	94	14.799246875950528	25.78537196704351
1646	94	14.798253503022558	27.568095245860523
1647	94	14.702058680711978	29.30878046341684
1648	94	14.601304197286378	31.023946156639468
1649	94	14.543582895523263	32.73470975264781
1650	94	14.53343867270654	34.46678756875452
1651	94	14.529383033895693	36.25307940769398
1652	94	14.513257458250026	38.15518011347112
1653	94	14.415044299571145	39.73749840486744
1654	94	14.282845414133693	41.09263339534948
1655	94	14.282882160694548	42.84137459311003
1656	94	14.333983360182785	44.59117474615039
1657	94	14.306296251088067	46.32092005375078
1658	94	14.246993837409462	48.09917172334623
1659	94	14.132182076773882	49.91056476442218
1660	94	13.866899880428974	51.65580798850601
1661	94	13.734136848680444	53.26858335209154
1662	94	13.7689484012496	55.23205001253123
1662	98	17.73970183133107	6.285373988933442
1663	94	13.694434832282852	57.080297238019405
1663	98	16.701487540859212	8.488606370149226
1664	94	13.473300929613057	58.6989062746536
1664	98	16.01943882994812	10.7931536501626
1665	94	13.3078559747773	60.32495034646083
1665	98	15.643205906162994	12.744391027648064
1666	98	15.453421692810256	15.00527050061596
1667	98	15.218803249293757	16.881885403352243
1668	98	15.032098004754296	18.90390064370276
1669	98	14.888163705448411	21.117001156104035
1670	98	14.683968414739796	23.08289190154011
1671	98	14.554316064041316	25.28489546115405
1672	98	14.26802981293238	27.22042980455245
1673	98	13.94268082934854	29.33534721687205
1674	98	13.68604817372893	31.60927296934073
1675	98	13.596118799015482	33.55560531923629
1676	98	13.68758521166348	35.96546445528923
1677	98	13.697198516231634	38.10388307622426
1678	98	13.701735274927843	40.21478337577977
1679	98	13.710093577644033	42.44114452121664
1680	98	13.663293041949077	44.82500265331079
1681	98	13.588213620684195	46.81793442812988
1682	98	13.536045432427136	49.00479011825328
1683	98	13.448480905380103	51.22614345640259
1684	98	13.310304994911	53.44384537373455
1685	98	13.149395183556557	55.741023999858015
1686	98	12.90289495857932	57.87339881800403
1687	98	12.666270320973927	59.87932087960723
1707	215	15.165196683660394	59.54625133254235
1708	215	15.486320345819705	58.75973188313744
1709	215	15.876038339137496	58.12926773706936
1710	215	16.117642823342823	57.33391545071799
1711	215	16.572761023113927	56.51081325224484
1712	215	16.796595725947157	55.53759247478897
1713	215	17.0584432237941	54.71792043471053
1714	215	17.424887379779506	54.07343505444644
1715	215	17.759799628183192	53.3437448624878
1716	215	18.00493689574288	52.62706496163516
1717	215	18.29861161328518	51.7967876976018
1718	215	18.59022229215339	51.032982248525535
1719	215	18.87757108795571	50.3255368829628
1720	215	19.206863800570066	49.47415895987254
1721	215	19.51314702869512	48.84141612090749
1722	215	19.996714786128887	48.27363447869104
2413	240	13.103543317696058	58.17145174929823
2414	240	13.549756656340085	55.94839724290284
2415	240	13.80006009808215	53.59885258654654
2416	136	18.495094544759223	7.520945830439876
2416	240	14.05104330420224	51.42577362117478
2416	241	18.15014433999209	45.94491353330053
2417	136	18.060427043727884	9.828806415016382
2417	240	14.201141252969771	49.15687231571684
2417	241	17.126853322248067	46.29994212305792
2418	136	17.84221144777819	12.042954418286964
2418	240	14.30803844361173	46.93388588790351
2418	241	16.177515118128937	46.925074232129646
2419	136	17.657321881470224	14.253077274959368
2419	240	14.424779224876271	44.81460763544502
2419	241	15.378857856046544	47.86396715355558
2420	136	17.500090036806874	16.4525541644107
2420	240	14.599767795031624	42.77288693601983
2420	241	14.753345522637856	48.95740386966761
2421	136	17.298479575272264	18.8094268833558
2421	240	14.527275509011524	40.191656484315146
2421	241	14.14696208860754	50.40494479839276
2422	136	17.169308419193513	20.68358956991048
2422	240	14.665365325395692	37.94484361603307
2422	241	13.74400367648382	51.73689163327651
2423	136	17.051106582341735	22.7158134047035
2423	240	14.819281988137892	35.838294512974514
2423	241	13.510363563220093	53.217705932013885
2424	136	16.913396022691316	25.011686673603144
2424	240	14.933753793184495	33.71999359616952
2424	241	13.34090788187503	54.86208931633669
2425	136	16.756690642423976	27.14161476765675
2425	240	15.092992588494416	31.480063525885672
2425	241	13.059475621606374	56.43498347198542
2426	136	16.500415503444227	29.165056827442328
2426	240	15.145656574592362	29.35898410479812
2426	241	12.883740109784638	58.071493210612665
2427	136	16.058782215674267	31.20795664329638
2427	240	15.248377387540469	27.362531902968108
2427	241	12.727301703886871	59.88886775567249
2428	136	15.593463313685763	33.241978598429384
2428	240	15.332456658921844	25.29811211215721
2429	136	15.161987311441774	35.24598781727028
2429	240	15.40656078699954	23.12785316252685
2430	136	14.717738702283548	37.20605016547121
2430	240	15.556720936727066	20.968606722651188
2431	136	14.372080030329265	39.04563744004389
2431	240	15.73238237736705	19.090735366108262
2432	136	14.102585416768038	40.87343804707432
2432	240	16.09199471135181	17.215100177337508
2433	136	13.90607217956448	42.69465841140448
2433	240	16.510186454648704	15.234446623241984
2434	136	13.778180124458956	44.50716431328406
2434	240	16.94742440685204	13.224166021564836
2435	136	13.713371544968275	46.301480888373376
2435	240	17.450013651195665	11.442295540904864
2436	136	13.699490882569664	48.11836933689639
2436	240	17.790474187975732	9.970611033245104
2437	136	13.239673085829876	49.996550520586815
2437	240	18.253734063938357	8.474579869138385
2438	136	12.205942028456173	51.5449238550647
2438	240	18.92159717011303	6.726254278222382
2439	240	19.83570501346365	4.891234589923562
2440	240	20.997536716892213	3.528669233496897
2561	149	18.88924186636533	46.10230083942158
2561	252	18.80547385664273	46.38379171050472
2562	149	18.034390220894352	46.505734439970645
2562	252	17.947440998270526	46.56712668323552
2563	149	17.237375218756974	47.05593953359797
2563	252	17.1863200321144	46.97050486787956
2564	149	16.51179211535076	47.62088618179363
2564	252	16.506343391554363	47.639335934566056
2565	149	15.840307739809395	48.14045446241912
2565	252	15.853552090677274	48.33051157587544
2566	149	15.385343454742088	49.132219785070895
2566	252	15.377946282039671	49.24226385286386
2567	149	14.875336621264594	50.05554413370616
2567	252	14.939467337103435	50.19239778055873
2568	149	14.38709445994083	50.99864791714738
2568	252	14.493118895238268	51.19057757493575
2569	149	14.0008741971381	52.01025766905294
2569	252	14.065213426612765	52.23285870213623
2570	149	13.800383065025237	53.099606047913184
2570	252	13.753372232200537	53.30168787846885
2571	149	13.558907091272438	54.28824080112687
2571	252	13.62516062766362	54.63717881650558
2572	149	13.337353232879892	55.43194182237457
2572	252	13.358305041297376	55.70764662272382
2573	149	12.973464370855709	56.57471847636664
2573	252	13.02160151997441	56.7837474817312
2574	149	12.524302507480655	57.78133683275045
2574	252	12.665422966347045	57.950614058421394
2575	149	12.266248766333662	59.13731966611847
2575	252	12.321719138840784	59.10785549795339
2576	149	11.91319871366388	60.28515852629101
2576	252	12.126218279296522	60.356532424408094
2594	150	17.429018505773843	6.302012244352211
2595	150	16.251792782534515	8.770515610491294
2596	150	15.545399604133497	10.964556752635568
2597	150	14.863640406909404	12.94407329984034
2598	150	14.415286063453816	14.974360027429976
2599	150	14.22486302657274	17.150325544294528
2600	150	14.132653329263803	19.396492292875323
2601	150	14.23636443705831	21.62616283756241
2602	150	14.373704028082498	23.96895668949217
2603	150	14.470944945034187	26.30743955259105
2604	150	14.514263066642975	28.662248698939106
2605	150	14.549737307675391	31.19209296879305
2606	150	14.430056328343785	33.53319487717288
2607	150	14.384240615728428	36.26541292987523
2608	150	14.23835002349827	38.831728174770646
2609	150	13.996963117799584	41.163119925240856
2610	150	13.843177177280076	43.67856576023252
2611	150	13.666263660911898	46.28229676822413
2612	150	13.574853803073616	48.935533091351786
2613	150	13.47272509965217	51.4851336613956
2614	150	13.3444826896137	54.0048513596441
2615	150	13.255559355014883	56.79533301691284
2616	150	12.84118024970896	59.33097679703794
2989	296	16.028283107851244	8.55026288209935
2990	296	15.743857701642584	9.969011997880411
2991	296	15.40359533417624	11.893245279520697
2992	296	15.216438386252788	13.806286423012075
2993	296	15.025111956795104	15.725915953577534
2994	296	14.930902627216234	17.547254531535145
2995	296	14.83320824879162	19.398978201299357
2996	296	14.72065355227594	21.30092337447116
2997	296	14.671090147903108	23.16408682983988
2998	296	14.560996711198142	25.224430578610555
2999	296	14.491911705557168	27.209419283977272
3000	296	14.410354035333803	29.23860330983847
3001	296	14.320475709028488	31.279323236588095
3002	296	14.284061839288569	33.14670986111453
3003	296	14.23390793160025	35.2893390670443
3004	296	14.191514223648229	37.3970277908916
3005	296	14.121409354136627	39.5633468585033
3006	296	14.008348603686049	41.77049699724113
3007	296	13.857313894833611	43.889308835980586
3008	296	13.7144384260217	46.04631682708169
3009	296	13.585077598325386	48.16279866666999
3010	296	13.456593683387524	50.171606079556135
3011	296	13.336837594735782	52.09203675540675
3012	296	13.25414888778272	54.029834348743606
3013	296	13.169933473205925	56.01354922426775
3014	296	13.146731325320548	57.26454463919507
3035	312	16.614458443779743	10.324256530471596
3036	312	16.443316408681397	11.29072928870185
3037	312	16.153809891613026	12.971009631813152
3038	312	15.89692976434947	14.394515626790549
3039	312	15.661120330581848	15.948541648537962
3040	312	15.391388365867082	17.548604136870615
3041	312	15.09279710066216	19.146641883179388
3042	312	14.83046622032413	20.731016030431334
3043	312	14.58594756083754	22.298504970123325
3044	312	14.431083987994828	23.984943039386124
3045	312	14.28017020978458	25.720615705405734
3046	312	14.099935606302555	27.466031415062822
3047	312	13.909544229751669	29.211921594933244
3048	312	13.714043900578854	30.737711192511576
3048	316	15.952119062823597	12.585126201269844
3049	312	13.612145222561692	32.444867271072056
3049	316	15.568946669302273	14.065047672596334
3050	312	13.54289914966806	34.21633011820556
3050	316	15.178025056792674	15.721743548287332
3051	312	13.4791292574971	36.000003509401765
3051	316	14.832970718306411	17.383021502247587
3052	312	13.427431743279238	37.8087547080497
3052	316	14.506303213520928	19.206199010906744
3053	312	13.2887643481655	39.28755983005665
3053	316	14.199056501798529	21.12975310558698
3054	312	13.161552146218565	40.93149370942194
3054	316	13.92788753306626	23.152393398906515
3055	312	13.07450161613799	42.6417324411413
3055	316	13.741884614354676	25.24827869279036
3056	312	13.037100116589828	44.38547515675835
3056	316	13.634939107029842	27.37033930320128
3057	312	13.03961588620656	46.19594402436516
3057	316	13.545745426793198	29.450277060140305
3058	312	13.010082189699704	47.84098105983121
3058	316	13.547502519406711	31.664892284368484
3059	312	12.964561199941016	49.504074081684166
3059	316	13.539716596075811	33.77174578912652
3060	312	12.900382241587211	51.20355895910292
3060	316	13.573724834743338	35.92036659514955
3061	312	12.826306582355365	52.93282806841494
3061	316	13.645075077467514	38.11336370642599
3062	312	12.762527433022912	54.66033029309677
3062	316	13.693525830421866	40.20642611019791
3063	312	12.607270009573051	56.44103561082688
3063	316	13.771728260391962	42.30688564051291
3064	312	12.516811399528876	57.509717874893234
3064	316	13.880076398239888	44.45709581760044
3065	316	13.966024601559113	46.576905399674736
3066	316	14.029651662307312	48.63562508651322
3067	316	14.12366080680648	50.65202751945718
3068	316	14.195062318513466	52.65679634475658
3069	316	14.22792778399585	54.60863747485514
3070	316	14.168912375279932	56.55624218387032
3071	316	14.037017085979375	58.235308845391074
3072	316	13.923588731295323	59.068542932478
3239	339	16.003331813318486	11.976773137996393
3240	339	15.736072806126712	13.407982735438226
3241	339	15.435746905124384	15.280774392325078
3242	339	15.188340635800696	17.06342240959726
3243	339	15.00094758401923	18.73669933696393
3244	339	14.860804248230645	20.51303063367632
3245	339	14.740970007534216	22.22024988197504
3246	339	14.63970796550344	23.91856701866488
3247	339	14.580484950186042	25.900568335115725
3248	339	14.458259731942023	27.61088582650779
3249	339	14.36368067139589	29.599966541450424
3250	339	14.287817555177302	31.644571256907145
3251	339	14.249651200546154	33.69979227591336
3252	339	14.296073455392632	35.89905342757732
3253	339	14.330144755833718	37.843058813246415
3254	339	14.327896749424136	39.744184805821
3255	339	14.278786274250065	41.59159524173635
3256	339	14.186410128009678	43.44770383273235
3257	339	14.068505068013115	45.44817416585421
3258	339	13.918481595389968	47.41786668683086
3259	339	13.717866683355844	49.424273123093
3260	339	13.48246380152421	51.426153954167006
3261	339	13.23106979660876	53.409548672471225
3262	339	12.985474892423362	55.3877757833166
3263	339	12.744897737162592	57.30549946237328
3264	339	12.610430012956783	58.44604840731135
