time_step	object_id	x_m	y_m
0	0	26.563000000000002	9.224
1	0	26.428724847682123	9.146579152317882
2	0	25.989768154326928	9.175278456523579
3	0	25.469872330866032	9.242298574238104
4	0	24.991035743478026	9.279335462949755
5	0	24.42701701498642	9.3213271954466
6	0	23.854318818567812	9.280296995055256
7	0	23.300514848675494	9.235734169985891
8	0	22.697406332886477	9.188493664040049
9	0	22.06734764404923	9.137831053853777
10	0	21.526701111225393	9.067007861542876
11	0	20.99092972989082	9.03663255309412
12	0	20.441968192603916	9.011931194988824
13	0	20.01621555761226	9.005417539415232
14	0	19.704401754842692	9.027397896687253
15	0	19.502018833983502	9.054839834023472
16	0	19.288566506656018	9.056374459744534
17	0	19.038509870578384	8.959769017296129
18	0	18.743532002922546	8.864538384921216
19	0	18.32800337569157	8.760507148604685
20	0	17.86764420080258	8.622035370720052
21	0	17.372488130522157	8.53027981668529
22	0	16.792793861444334	8.451727250221882
23	0	16.171118549168124	8.407457050907707
24	0	15.61136091968215	8.381535724014883
25	0	15.03039986064871	8.392304249906628
26	0	14.426515353948336	8.425905055092093
27	0	13.892106340168139	8.48708745756555
28	0	13.369583267846917	8.54201502265271
29	0	12.808175183832889	8.620063189624515
30	0	12.282400948934693	8.691042230860065
31	0	11.770346834909324	8.736455519625888
32	0	11.232353319483137	8.7726795605355
33	0	10.708294394879575	8.785430656174228
34	0	10.222762084452526	8.784597317404176
0	1	24.4355	9.4955
1	1	23.967463324503314	9.454118092715232
2	1	23.273930377836646	9.461633780413127
3	1	22.529062668849598	9.516101957708509
4	1	21.87416114361294	9.569539115820014
5	1	21.19220688908158	9.611939175888297
6	1	20.47514263398454	9.642378541083731
7	1	19.71873713797086	9.648501253265565
8	1	18.957603590965057	9.62617176940198
9	1	18.27252843437339	9.615529223887982
10	1	17.595765055874494	9.623025648861622
11	1	16.928920238982904	9.653456268200332
12	1	16.249350748845796	9.665830682606899
13	1	15.555837647853751	9.69988726031429
14	1	14.931790479903627	9.716828185668286
15	1	14.344628035291159	9.74367535293554
16	1	13.763070372038188	9.763156565664474
17	1	13.131152730063432	9.7694136799656
18	1	12.515985623681068	9.792583237201093
19	1	11.933247171372322	9.786467957784227
20	1	11.375730444678634	9.786249610212902
21	1	10.75650743301109	9.795126839170065
22	1	10.133751654043872	9.81272368719048
23	1	9.552248117104197	9.826834544579537
24	1	8.996893474887324	9.843516878681642
25	1	8.398773682540767	9.877523356415558
26	1	7.819071110648017	9.927482841465782
27	1	7.29512053877107	10.001105826516385
28	1	6.75274627896297	10.066686423591689
29	1	6.201960682267797	10.110435320839363
30	1	5.690834631966522	10.146726960210167
31	1	5.195626964683923	10.170602743389047
32	1	4.813194281603933	10.160847696235365
33	1	4.583210671740331	10.133955213955609
34	1	4.517660072639023	10.158990582765998
0	2	23.1485	8.225999999999999
1	2	22.879464092715228	8.248072847682119
2	2	22.4383579583277	8.213258770565027
3	2	21.847273676388696	8.237474102871811
4	2	21.37669978716705	8.23451918544475
5	2	20.804946523339627	8.243304595519836
6	2	20.193342810768225	8.235515945001255
7	2	19.671435630298532	8.18362251044457
8	2	19.087081800754113	8.134355884049379
9	2	18.463965968212733	8.104404152544218
10	2	17.945080709390798	8.06956180191799
11	2	17.416684749682368	8.036530038873973
12	2	16.861284859316534	8.004896328998658
13	2	16.374365458029583	8.003470234388443
14	2	15.876087997334588	7.990771634362857
15	2	15.350413638035999	7.981492883028518
16	2	14.91102384599248	7.973736223675129
17	2	14.43428261173799	7.97380935637381
18	2	13.942455297685783	7.957538270636881
19	2	13.506226668372568	7.940688466317308
20	2	13.00590288443259	8.006332346199315
21	2	12.535099679622085	8.104859859589082
22	2	12.104029597862121	8.215707769507759
23	2	11.6063146464052	8.341217004721287
24	2	11.16570482802782	8.461704728109323
25	2	10.730507188629732	8.560610148226273
26	2	10.244152990557287	8.654634640364534
27	2	9.767698655184471	8.741315869368755
28	2	9.325933275972726	8.79337175370701
29	2	8.853121878879817	8.820973508582174
30	2	8.444717303229929	8.821851848091464
31	2	8.025787615202542	8.803120608220183
32	2	7.6092100674882	8.767822495621155
33	2	7.24214226909808	8.734419831531183
34	2	6.843725918863161	8.728307639546127
0	3	24.651	6.887499999999999
1	3	24.21891397350993	6.902373086092715
2	3	23.550000723192774	6.917008018855765
3	3	22.82771120755026	6.949794674601421
4	3	22.167987559301583	7.004767119916697
5	3	21.555646125071316	7.043136317877916
6	3	20.866571308074533	7.092704665717033
7	3	20.15728154425005	7.086839020639607
8	3	19.448067390620864	7.062223300413675
9	3	18.811172069840705	7.0429282606692185
10	3	18.16579439824662	7.01862647582879
11	3	17.511668123805418	6.991559980780452
12	3	16.841734038458732	6.988322746975888
13	3	16.196909849168925	7.011192612238685
14	3	15.579373408246516	7.067964689727065
15	3	14.971165051404435	7.106573002430298
16	3	14.352283352424086	7.124565494841708
17	3	13.691816737224471	7.145072151689952
18	3	13.081493264538702	7.158480718181944
19	3	12.494733740162781	7.195263140035249
20	3	11.869082539808371	7.236945532276124
21	3	11.22550231818484	7.30171856264154
22	3	10.622659625019503	7.370220818169055
23	3	10.050138467602228	7.422915129394704
24	3	9.48023122503557	7.495614550370185
25	3	8.89396097418854	7.561247774077809
26	3	8.318667619073018	7.630684379998514
27	3	7.820920238505808	7.690000171859766
28	3	7.3031395764224785	7.737276271668308
29	3	6.801504197296505	7.757037450535905
30	3	6.321269080061838	7.776345065449913
31	3	5.902408516623726	7.806428938877733
32	3	5.512593594088525	7.812149614936099
33	3	5.233975178844566	7.810771063762377
34	3	5.05020160472051	7.819621428417427
0	0	5.7855	9.991499999999998
1	0	6.083876741721854	10.040420119205297
2	0	6.5750315887257695	10.042448602378867
3	0	7.204599721608295	10.069568854677009
4	0	7.936204317786997	10.082476666738756
5	0	8.649751642161592	10.070533892167017
6	0	9.318577006199172	10.046798744209992
7	0	9.958117359603419	9.989181105612786
8	0	10.632803105706737	9.921355225961003
9	0	11.32837195501658	9.85582443733289
10	0	11.959413193287986	9.793993979304023
11	0	12.54860705810657	9.758076847671324
12	0	13.110911476912184	9.718219142182846
13	0	13.684604074662815	9.640454871080653
14	0	14.197359106758087	9.564142302065822
15	0	14.639066411261933	9.466320990326752
16	0	15.09779057215542	9.296777430791295
17	0	15.593623637155241	9.12175634391231
18	0	16.12806800436303	8.964817228509297
19	0	16.627125719933442	8.87211340990218
20	0	17.106249263077768	8.783418029457533
21	0	17.578285034455746	8.710592991585008
22	0	18.00098415847585	8.688208375971453
23	0	18.328448286372836	8.683386023191115
24	0	18.69256843661583	8.663930763691992
25	0	19.052519154508584	8.699061225681595
26	0	19.43106670198191	8.77258340103452
27	0	19.91565156253911	8.907910888748889
28	0	20.48507893709747	9.061069323499154
29	0	21.08791722518236	9.216808318684727
30	0	21.716014759013703	9.370942094527484
31	0	22.403551124671328	9.528501949804781
32	0	23.146555040523715	9.704973257445957
33	0	23.90648554183714	9.91497043361526
34	0	24.592107730700395	10.163927830261208
35	0	25.23016520394941	10.458634476037018
36	0	25.82813285525671	10.7819317440011
37	0	26.281935093268743	11.075823161788813
38	0	26.598710973625902	11.282623656269045
39	0	26.775009228188544	11.403303563150132
40	0	26.85500259805748	11.448794515194912
41	0	26.824737225475516	11.47741501361198
42	0	26.68955045783214	11.559561031037347
43	0	26.497398442414205	11.639442929304
44	0	26.26352859335319	11.703286568397088
0	1	4.8675	8.8505
1	1	5.2096184370860925	8.848739523178807
2	1	5.55142609501568	8.82608528052333
3	1	6.0103219547003714	8.794766505174202
4	1	6.409146961715071	8.794289175668256
5	1	6.877345649434096	8.794170324419047
6	1	7.385403527162287	8.788743875549766
7	1	7.812800911444562	8.780685593315509
8	1	8.289325272358855	8.781078429071027
9	1	8.7204047391104	8.795735722926699
10	1	9.16763786213601	8.815537065081935
11	1	9.699198783971315	8.846605663098456
12	1	10.193887648241322	8.880097075387456
13	1	10.698561689346509	8.908091788006915
14	1	11.217745502273777	8.937988514038198
15	1	11.672732294564472	8.953457935103168
16	1	12.175758053788813	8.931142104858905
17	1	12.591168479475312	8.90941126964421
18	1	13.035576289879792	8.910372927484595
19	1	13.46625086565921	8.916024556939458
20	1	13.879186873827987	8.87344909295445
21	1	14.330702524714651	8.855171839364267
22	1	14.741981102178665	8.854046521160958
23	1	15.232222622699737	8.876905044870853
24	1	15.683582699974421	8.90607822655286
25	1	16.15221883386402	8.95195592462492
26	1	16.65575108580061	9.024592853856465
27	1	17.09577259513348	9.106848511870986
28	1	17.622165915072014	9.190195648250837
29	1	18.13874241697871	9.273033625988228
30	1	18.652426629559727	9.337020587641357
31	1	19.219160148294883	9.389219068780445
32	1	19.75031993004491	9.450738948082995
33	1	20.34945343819843	9.494338200165991
34	1	20.923033353499875	9.541248034637361
35	1	21.44705799810887	9.595968727677024
36	1	22.013598119984376	9.657359117120246
37	1	22.526098601423598	9.736413877870195
38	1	23.031569330198014	9.814527972635872
39	1	23.53941334477506	9.8965254929703
40	1	23.988844196935627	9.922190122335156
41	1	24.490129919686396	9.9254869051598
42	1	24.902318030570925	9.903747569915556
43	1	25.341884168166164	9.885560376216612
44	1	25.70177874316362	9.87675565834527
0	2	6.2695	7.2985
1	2	6.589280715231788	7.311547059602649
2	2	7.13858448762621	7.3908686384454105
3	2	7.785231071235791	7.472097460933783
4	2	8.465149453732726	7.590730102136278
5	2	9.093114714347697	7.672258053217632
6	2	9.700989432477789	7.727528198694654
7	2	10.312233872662107	7.791686567378079
8	2	10.953492815612542	7.841912947100207
9	2	11.555728623719812	7.907860037010123
10	2	12.149626807484587	7.971402013459714
11	2	12.738856009446168	8.03077170499918
12	2	13.380240789642258	8.087893481152053
13	2	14.039047745158676	8.13210444105728
14	2	14.67881177807605	8.145318217780094
15	2	15.278993331236434	8.115600157526476
16	2	15.870373621790286	8.067776221841411
17	2	16.487655562494187	7.999476252359116
18	2	17.118949320892305	7.939260244265768
19	2	17.687581074820116	7.881722044610291
20	2	18.250068420081558	7.819484560352542
21	2	18.820578427352707	7.783526721019811
22	2	19.34634504180894	7.78932847691589
23	2	19.778788319841386	7.820490440679404
24	2	20.231376763518085	7.859926359630405
25	2	20.677313334881102	7.908652167892607
26	2	21.111770092160228	7.973129584770624
27	2	21.594351364306007	8.057215185170326
28	2	22.134480420708773	8.150734216234698
29	2	22.63952378634337	8.240776049183925
30	2	23.16155567838878	8.329827406474076
31	2	23.734415348320805	8.425293785461722
32	2	24.269468823872952	8.513062381237404
33	2	24.7723290473844	8.604733064165373
34	2	25.255036984421338	8.706948184674129
35	2	25.62551160526196	8.791348257978576
36	2	25.87986253926802	8.864926175973975
37	2	26.009764374015564	8.946093169007915
38	2	26.024611414614952	9.026969643028568
39	2	26.00041634938526	9.07184359642175
40	2	25.977887079047605	9.057320097521767
41	2	25.951770885810117	9.010512716156311
42	2	25.908340344854697	8.961413428543125
43	2	25.85578275590837	8.929223816018066
44	2	25.801386590141647	8.906399286319349
0	3	3.8505000000000003	7.6555
1	3	3.916049668874172	7.690777761589405
2	3	4.208325336910383	7.754880154705348
3	3	4.505126817486773	7.822317341973494
4	3	4.934003187842876	7.950180189772535
5	3	5.319263224827952	8.078761688378977
6	3	5.755647877026275	8.167963580747493
7	3	6.136928362577655	8.238332809184566
8	3	6.535375777375922	8.310460294856076
9	3	6.995511090966993	8.359324888182075
10	3	7.392960506684715	8.393441806657954
11	3	7.848933827916274	8.428497727305306
12	3	8.3836119985708	8.440459472518253
13	3	8.873166550911366	8.434831199329095
14	3	9.395111716568985	8.414933546805115
15	3	9.917649099063663	8.370610367311633
16	3	10.38068690406504	8.295164808404596
17	3	10.87596301594719	8.222385971164089
18	3	11.30991838540021	8.186254599509617
19	3	11.729478285738075	8.176790801087124
20	3	12.212165191085532	8.224870925845696
21	3	12.659421922337442	8.300685458014593
22	3	13.097618155147794	8.410684967549397
23	3	13.608322105544095	8.582630162749334
24	3	14.079542458613929	8.75592028656307
25	3	14.533545812975659	8.947972533557579
26	3	15.049962167915869	9.157857065277852
27	3	15.542944173214378	9.34944025329631
28	3	16.00675725151792	9.517583142084
29	3	16.522219825751154	9.705113043807325
30	3	17.017420692373996	9.879280274723286
31	3	17.500521844937868	10.029047032981786
32	3	18.03606717869634	10.17234740603963
33	3	18.535426454461103	10.309046079793399
34	3	19.062316029349823	10.454292296580276
35	3	19.578835881374182	10.606790438773624
36	3	20.044954239991522	10.777939115625216
37	3	20.55424876881939	10.95697351624679
38	3	21.05230397366964	11.079829379381506
39	3	21.505022016019396	11.163132150083053
40	3	22.018240942217062	11.17749296864935
41	3	22.507938213163982	11.14116754548476
42	3	22.97260122527539	11.043854050323471
43	3	23.46981314322014	10.929433649200973
44	3	23.899750712090622	10.817641042504496
0	0	25.508499999999998	10.4085
1	0	25.452644993377483	10.486423841059601
2	0	25.392014594359868	10.578320491208153
3	0	25.339018915875528	10.640050709056254
4	0	25.269680470455057	10.654354352777755
5	0	25.07759180928447	10.60913926235518
6	0	24.780112424478528	10.574995068632806
7	0	24.31058131301424	10.477268547249208
8	0	23.763249164113383	10.3602276120118
9	0	23.19903050742	10.21160320003934
10	0	22.55571710786137	10.087613750894468
11	0	21.871161775721806	9.990326867144741
12	0	21.16869535283956	9.91300054517598
13	0	20.511494353874216	9.86112973056949
14	0	19.84570682377136	9.83736287915595
15	0	19.175924739426428	9.818144376213057
16	0	18.46036121164357	9.8376925391803
17	0	17.82166306695202	9.86407562211296
18	0	17.24601368359481	9.882595865214592
19	0	16.665815890883934	9.920838659528098
20	0	16.07612468583285	9.984964103198081
21	0	15.474485526697935	10.050660996499257
22	0	14.914392795682916	10.100756642849694
23	0	14.359295910169548	10.142149203998816
24	0	13.789305589388093	10.18483806906181
25	0	13.172535469420774	10.239358619250257
26	0	12.585890405506241	10.284604467594122
27	0	12.013450749209811	10.325727950672192
28	0	11.412422283901476	10.358563810783997
29	0	10.762160621105776	10.370977598239811
30	0	10.120900207411625	10.383014088625268
31	0	9.497554261938502	10.387688483647095
32	0	8.86988212307264	10.384087818566329
33	0	8.219084680583132	10.401728771278014
34	0	7.592090815791688	10.397891477158899
35	0	7.005554342188804	10.401281929946721
36	0	6.395640345704749	10.389491247824129
37	0	5.764232713438903	10.369968345326763
38	0	5.174920967352518	10.364967715745571
39	0	4.692083940625596	10.375788588397924
40	0	4.343052593817995	10.355391728939122
41	0	4.1650669603903046	10.368597416123709
42	0	4.081176056849874	10.465841223226912
43	0	4.098881555706668	10.571644144154092
44	0	4.171714751152241	10.645746194506078
45	0	4.273336102278422	10.703197162552888
46	0	4.379628067248397	10.750404276604227
47	0	4.497265068390382	10.833082479708537
48	0	4.592536522902045	10.915850037471202
0	1	25.509500000000003	8.6185
1	1	25.69938	8.638481947019867
2	1	25.906608217962685	8.654309908811747
3	1	26.118354247687527	8.619131041404808
4	1	26.198547584935817	8.620551723344402
5	1	26.19032269869406	8.607468287943508
6	1	25.99624922570147	8.577784353253534
7	1	25.65929330177204	8.545434693425719
8	1	25.263188962642186	8.491598613731732
9	1	24.73973544855105	8.415916560404854
10	1	24.176351019942103	8.359902384706379
11	1	23.622422098408524	8.31410337272191
12	1	22.995511896652676	8.276974954445537
13	1	22.386191943000338	8.272718329554673
14	1	21.769435225442127	8.251923918055034
15	1	21.108903715450815	8.249538899711022
16	1	20.50240751964124	8.256515017002837
17	1	19.890283777748206	8.254491378136736
18	1	19.28336673726084	8.24860367138925
19	1	18.80235232352502	8.278921590796148
20	1	18.298996635548423	8.327184646010283
21	1	17.8064269229125	8.341189013608318
22	1	17.387005698361794	8.290378901035197
23	1	16.929402486995233	8.205173388256467
24	1	16.511653260220402	8.170079496638087
25	1	16.05573611845318	8.15999954058179
26	1	15.535391886396695	8.15804660680772
27	1	15.03556548546887	8.144603589172732
28	1	14.517378188379574	8.124533588671776
29	1	13.934815992656695	8.12455256758688
30	1	13.398729494050448	8.132647145042942
31	1	12.83621655929445	8.131451789759899
32	1	12.25068486116536	8.150837817298623
33	1	11.735557616860659	8.162538731341455
34	1	11.169967168146606	8.19336255961879
35	1	10.618075246823992	8.225577212998939
36	1	10.108722385666438	8.26678029979338
37	1	9.524852042985435	8.33639747156094
38	1	8.979338064399155	8.416844667243451
39	1	8.446463759347282	8.504733880605938
40	1	7.88984100227756	8.552148782308372
41	1	7.429832158021325	8.59403275918095
42	1	6.937119531939587	8.640077294701854
43	1	6.521991010497734	8.684790419366644
44	1	6.14689928221774	8.77224985311292
45	1	5.760515648331422	8.882962605501072
46	1	5.423160944995998	8.986637330501521
47	1	5.039718203069603	9.1165801288634
48	1	4.709555305338718	9.255907055224442
0	2	25.441	7.651
1	2	25.419850198675498	7.678593735099338
2	2	25.37638498596155	7.686332393979449
3	2	25.325095379386283	7.71286116282027
4	2	25.2501930753583	7.716969025353646
5	2	25.04820964679254	7.668584369120533
6	2	24.80421409127145	7.620062490771358
7	2	24.408109001207638	7.5927341676182305
8	2	23.916244462769967	7.581254392384158
9	2	23.438959268793255	7.566768137159918
10	2	22.862035518755153	7.558958689502845
11	2	22.228880598300808	7.563401361890421
12	2	21.58351706344266	7.569513297022482
13	2	20.981690363428804	7.591717129483848
14	2	20.343353810938556	7.621929568482843
15	2	19.672904226851532	7.636448383168069
16	2	18.989873636527264	7.656695321819084
17	2	18.347574996869586	7.677512095203811
18	2	17.697253581814955	7.709631258314353
19	2	17.038008770773494	7.80251427302244
20	2	16.37756982539905	7.908174143007939
21	2	15.767134342563427	8.013881508532878
22	2	15.177165890746345	8.085512682846758
23	2	14.578406864636635	8.118888436530394
24	2	13.941107771693382	8.14900327605571
25	2	13.345696618363815	8.187903520250911
26	2	12.782671359142592	8.224770536850082
27	2	12.20991271918699	8.250210297550007
28	2	11.586964230589095	8.267280784641315
29	2	10.983822914552364	8.28892490182484
30	2	10.398012862913628	8.306845599001347
31	2	9.806037236648075	8.311929343991531
32	2	9.168274169170537	8.296086570473847
33	2	8.558410401453854	8.28545078772298
34	2	7.997975529912189	8.272213464253099
35	2	7.432455753028637	8.239952479251222
36	2	6.836122293385512	8.211739172092017
37	2	6.2429694723839315	8.203850390260907
38	2	5.715762724570261	8.248521078301836
39	2	5.18535736160016	8.340267855667754
40	2	4.72985985930433	8.436296573889452
41	2	4.3823872886166155	8.483513460924012
42	2	4.131945635923666	8.487431613544363
43	2	3.9601044591189853	8.485168748250592
44	2	3.8832482551729774	8.486965657780543
45	2	3.8629537617094987	8.499037073261151
46	2	3.88510863646313	8.49771553844374
47	2	3.9450582070308076	8.478603164722301
48	2	4.017635514534592	8.43238315616433
0	3	23.88	9.3125
1	3	24.112595642384107	9.339086410596027
2	3	24.565956061366055	9.383455654035874
3	3	24.9077591358278	9.422330172677215
4	3	25.281098260937682	9.500854531452008
5	3	25.602140811422768	9.583719682595058
6	3	25.91324371022834	9.637157630940923
7	3	26.194926810209	9.676550925799663
8	3	26.373842053271	9.682764539223731
9	3	26.38480098328452	9.646157911725835
10	3	26.301278081876646	9.646381686690434
11	3	26.03586051713667	9.60924486640302
12	3	25.6284759489824	9.527889789804485
13	3	25.175573068267344	9.43631497082172
14	3	24.615061697567736	9.35749038689511
15	3	24.042477420572723	9.295981868565594
16	3	23.468962455297962	9.259075061055016
17	3	22.8339181276607	9.233408495139845
18	3	22.236783786929283	9.24005614882938
19	3	21.669378889627577	9.313168485388518
20	3	21.09825675794612	9.41216566772934
21	3	20.58184966772104	9.466598634836796
22	3	20.07120567694011	9.516143715267148
23	3	19.54811149127404	9.537672892506405
24	3	19.074996527078582	9.50701486064998
25	3	18.63672296402179	9.461378927011866
26	3	18.148117154482406	9.399674659140912
27	3	17.706220940109112	9.309832925387392
28	3	17.235201620954683	9.25390827637029
29	3	16.711492007713314	9.21131072207488
30	3	16.218083168415497	9.176244523584757
31	3	15.721871997940923	9.173412099980018
32	3	15.166900885118485	9.17897167964805
33	3	14.676453813975948	9.20589892010369
34	3	14.191835933431243	9.261684381080974
35	3	13.644164179666511	9.317042599219587
36	3	13.153287989809858	9.364298899623178
37	3	12.639292961036857	9.426598884516801
38	3	12.062848244977282	9.510354357906918
39	3	11.535815803104041	9.596933572562646
40	3	11.009371412582547	9.703676308547507
41	3	10.437698373743354	9.805347502423038
42	3	9.920165565710557	9.867947281415052
43	3	9.44359400804488	9.910962108660872
44	3	8.913021088753938	9.93022692948344
45	3	8.418120368269053	9.916084792552203
46	3	7.952312955062566	9.889296279588882
47	3	7.441378719964793	9.842464402726362
48	3	6.962372669888656	9.779439888159052
0	0	5.471500000000001	10.457
1	0	5.667679456953642	10.458341761589404
2	0	5.933220286594566	10.427390192385475
3	0	6.462804682472427	10.364577050065272
4	0	6.977404760074993	10.312488969913074
5	0	7.539112833942197	10.236326888900692
6	0	8.158041373481522	10.176963710149321
7	0	8.845900095566183	10.109714121584881
8	0	9.51193628060274	10.032400202724986
9	0	10.162298084148784	9.979857182885272
10	0	10.789541443988481	9.918616184037521
11	0	11.426954015293678	9.84979478150622
12	0	12.009846279487526	9.77895743711894
13	0	12.509967284396648	9.701975904217019
14	0	12.976865630259436	9.612226190182724
15	0	13.461564539064451	9.524559899930559
16	0	13.902096921971163	9.413942656089564
17	0	14.322483862336137	9.303861344311247
18	0	14.76240243524622	9.194216135582888
19	0	15.207718146163053	9.055788635512648
20	0	15.636803773025868	8.932123833808376
21	0	16.05428149036395	8.823907770255715
22	0	16.52057462588597	8.77562179392919
23	0	17.07318142320545	8.776882012839893
24	0	17.67969127662328	8.840223285064992
25	0	18.30688768789292	8.9348657879871
26	0	18.923194319053742	9.021395976350371
27	0	19.58904677809388	9.108289406959775
28	0	20.266759165677804	9.184331527701248
29	0	20.896821300685104	9.248254560603725
30	0	21.52956519133501	9.311600460467234
31	0	22.171222792592292	9.35127340116224
32	0	22.8344813923468	9.382508597707732
33	0	23.453571844213215	9.4264552643526
34	0	24.014800644182007	9.455060596297075
35	0	24.600291002324248	9.48951622164792
0	1	3.568	9.794
1	1	3.6109403841059606	9.73354715231788
2	1	3.716090826156909	9.665908484990318
3	1	3.9295447496522447	9.688643413532919
4	1	4.1906519481642555	9.768199208670993
5	1	4.543736395157102	9.85007820493854
6	1	4.886215692697586	9.890325090019092
7	1	5.338705548492946	9.906499007733027
8	1	5.741025617840359	9.91854536048743
9	1	6.22765313151276	9.895112386433595
10	1	6.789119778482892	9.86489389229861
11	1	7.295475730645311	9.859209394314087
12	1	7.841242275193849	9.844706192921858
13	1	8.403250423151327	9.811242938233441
14	1	8.908483085866184	9.787796177244502
15	1	9.430052537323645	9.762336724580665
16	1	9.951805219812528	9.714456520467298
17	1	10.425350726146558	9.688400698924424
18	1	10.925086012255132	9.675641658215149
19	1	11.421513085895498	9.644394109821949
20	1	11.854763582644603	9.639653392098605
21	1	12.345245676248487	9.659269540095506
22	1	12.846861426441372	9.643433028276831
23	1	13.303787060902307	9.655848698693612
24	1	13.82945598221242	9.672459097767913
25	1	14.36729806296835	9.680016950366385
26	1	14.87386105666759	9.68640124695417
27	1	15.404792384564113	9.703267192167155
28	1	15.928364966689202	9.701689809618683
29	1	16.41594055135988	9.705285797798545
30	1	16.93868641755554	9.701447332451004
31	1	17.463147631090553	9.694261392718804
32	1	17.94955501483096	9.671574783113337
33	1	18.464904648725437	9.648363664436559
34	1	18.98140015711443	9.62577340024555
35	1	19.4501941590843	9.61497552564596
0	2	4.698	8.7335
1	2	4.719734397350994	8.72242745695364
2	2	4.947796368562499	8.688333179598503
3	2	5.225805766823596	8.672949003440223
4	2	5.582650994359911	8.688183891421595
5	2	6.018236794402034	8.695735330426322
6	2	6.552184560289743	8.695946793084346
7	2	7.013729250787594	8.70839374800452
8	2	7.543368884193406	8.713522843616413
9	2	8.153305839030462	8.703983580581728
10	2	8.694361948631029	8.707048465018428
11	2	9.27010182469609	8.72119273791597
12	2	9.865233253667617	8.728557155167714
13	2	10.400587691561277	8.73110557615129
14	2	10.988073964751829	8.734630521338438
15	2	11.499439199560493	8.743318144729573
16	2	12.01227031551552	8.724640084803394
17	2	12.560727219284567	8.693518496462968
18	2	13.03303697520374	8.64228279669334
19	2	13.512679364217838	8.568508946115182
20	2	13.984725894480412	8.50292497484225
21	2	14.439362572244463	8.423789958399055
22	2	14.950774550344372	8.332557375976723
23	2	15.471733087942884	8.261905593471667
24	2	15.981531875230893	8.198447728708064
25	2	16.57038803387737	8.16611953356008
26	2	17.10025133888154	8.139079546097046
27	2	17.605425619617595	8.131757628030723
28	2	18.14710440540887	8.137741125138348
29	2	18.621975062731916	8.148239859545077
30	2	19.139817171649355	8.166003486827822
31	2	19.649077579129234	8.187996526531371
32	2	20.100742408918332	8.186961687257346
33	2	20.59707404102266	8.178210852796122
34	2	21.05502806023315	8.175800460864291
35	2	21.555736870692986	8.18994995281502
0	3	5.052	7.8515
1	3	5.091044860927152	7.8335246754966885
2	3	5.358464236279362	7.778729468551672
3	3	5.645866898895312	7.756373391301539
4	3	6.116422450423414	7.781375133275241
5	3	6.676241142174577	7.800087369516919
6	3	7.218292188230803	7.801341675060234
7	3	7.793767747073012	7.783175738904283
8	3	8.433900576376253	7.760203926476267
9	3	9.107834994697598	7.728956979586113
10	3	9.734961970981587	7.699800528031255
11	3	10.353118986861803	7.671923829417819
12	3	10.998447794301272	7.643730359445443
13	3	11.641873417468744	7.621579362279557
14	3	12.2388436975294	7.610488447332272
15	3	12.802044325150113	7.589848135085187
16	3	13.40144797210116	7.547418314711705
17	3	13.99709481673904	7.504318886842565
18	3	14.55747211875921	7.449700313622598
19	3	15.086500014460901	7.386788660260558
20	3	15.612097743032807	7.311707923875003
21	3	16.164283506658602	7.233770491345092
22	3	16.733914927195208	7.160147984560637
23	3	17.26882455511633	7.082290826354224
24	3	17.84939151775115	6.995428428586155
25	3	18.46947928347428	6.923824542689941
26	3	19.08432695892299	6.876486427422647
27	3	19.650886049264958	6.856925456615693
28	3	20.214020145920607	6.848730485252364
29	3	20.808069475700517	6.86952318111693
30	3	21.40274656438889	6.897431562667802
31	3	21.939148414961025	6.938820154983161
32	3	22.485127560380757	7.001010384826271
33	3	23.064096950996273	7.057454769850975
34	3	23.584251830683506	7.110794020767783
35	3	24.065835372442237	7.174374735485856
0	2	25.4035	8.2685
1	2	25.09256447682119	8.283303523178809
2	2	24.64896359526249	8.304577195076215
3	2	24.172802511777647	8.327529740762861
4	2	23.669840735068924	8.350634611610664
5	2	23.156838879004617	8.363648238198765
6	2	22.629433871952614	8.353082312804611
7	2	22.096190000033857	8.327948075010209
8	2	21.549273430205915	8.318285930381212
9	2	20.986042810003507	8.311650139586684
10	2	20.451694569194544	8.315059741136622
11	2	19.9493232951384	8.345724956023524
12	2	19.43867232756524	8.378305534731725
13	2	18.885707153097915	8.393719461091171
14	2	18.396955294545332	8.389077359359549
15	2	17.872185192663522	8.366150458218076
16	2	17.42480420682825	8.339914094793073
17	2	16.925852837517446	8.33546271073609
18	2	16.522677645482123	8.325171856435363
19	2	16.100932815969237	8.339285715622617
20	2	15.664000070081109	8.342168003762682
21	2	15.25624168669019	8.367644025899505
22	2	14.799430232010618	8.417880526734645
23	2	14.319904477069365	8.49804681936077
24	2	13.863690483993105	8.568495781578854
25	2	13.385078624876904	8.661804192160503
26	2	12.92457990356388	8.724872725597058
27	2	12.446549528408402	8.788239029965661
28	2	12.002591397814413	8.844431065602445
29	2	11.537988771762633	8.907112648697193
30	2	11.058993377776513	8.948311702615342
31	2	10.576558519551288	8.954643627208572
32	2	10.091996258323425	8.940319660673262
33	2	9.630812319043534	8.9239747613161
34	2	9.137116013244976	8.886383247709082
35	2	8.712347108320781	8.851092112344013
36	2	8.140954841502493	8.81483319043106
37	2	7.570700400465439	8.799548663348359
38	2	7.079504396274993	8.769983603233223
39	2	6.571403705309849	8.793335224847876
40	2	6.081173865790954	8.838785515702918
41	2	5.688843329460194	8.872920426019423
42	2	5.1406233363337535	8.870993788581222
0	5	25.2745	7.009
1	5	24.925350357615894	7.0059900662251655
2	5	24.455770989470498	7.011416991004976
3	5	23.8958576560053	7.0151494671074195
4	5	23.316043431033503	7.006249648391915
5	5	22.710645431817355	7.021692062473467
6	5	22.09257447384712	7.031920468908976
7	5	21.502366386336927	7.0649716474813795
8	5	20.87361577223104	7.096201685745848
9	5	20.233186797040286	7.118053350616224
10	5	19.602103308543864	7.163530603368268
11	5	18.96457408854226	7.203669744326088
12	5	18.360125468142055	7.24696476846164
13	5	17.723464204437736	7.340374434454473
14	5	17.169972127395297	7.415621518133882
15	5	16.731760888957115	7.468984149308467
16	5	16.333670633422557	7.496102635622951
17	5	16.00722519053036	7.529498220262764
18	5	15.692765397308202	7.530565321132364
19	5	15.377098936826247	7.505446730426693
20	5	15.059161848819818	7.4936993968047245
21	5	14.708507554630213	7.487817108292113
22	5	14.435861187264132	7.4824199115790675
23	5	14.081489618989645	7.500483135522259
24	5	13.667862911411078	7.50142463734148
25	5	13.163272993933518	7.505281766295683
26	5	12.6028925676363	7.50379828236601
27	5	12.043634763263508	7.483367176862441
28	5	11.579115622273589	7.457506191848104
29	5	10.91812624740812	7.413072240392124
30	5	10.288732357432847	7.3704460957473446
31	5	9.679638271968198	7.370661781263576
32	5	9.111999367554613	7.3870746104655876
33	5	8.580841323578783	7.422419026831947
34	5	8.10013115464695	7.462809903195264
35	5	7.460375346414759	7.4961202654164225
36	5	6.891097461088268	7.530562990329256
37	5	6.395990439850552	7.591030547229441
38	5	6.028199184453316	7.614503829206865
39	5	5.774053325287033	7.575395428670342
40	5	5.478927028880114	7.532954236173208
41	5	5.1827590656267475	7.522705686626767
42	5	4.996595677796551	7.508873529632802
0	6	25.811	9.9885
1	6	25.53513221192053	9.996526490066225
2	6	24.953964625104465	9.93318006087427
3	6	24.326784666704825	9.779030372338276
4	6	23.70736333409407	9.685663501861388
5	6	22.928500216096	9.631059113746677
6	6	22.229975192924805	9.579964775288058
7	6	21.546895314737863	9.550382901495826
8	6	20.869543838514808	9.532583456401245
9	6	20.247973687288102	9.538145278687944
10	6	19.580602125729552	9.585286869195032
11	6	18.902377162784845	9.615104802709206
12	6	18.240869043126708	9.664242433237916
13	6	17.571965050990176	9.688278909596706
14	6	16.97896763533759	9.698800496180677
15	6	16.503754888790247	9.72647385295404
16	6	16.053230436455237	9.730815483252162
17	6	15.70516784825667	9.736474465491867
18	6	15.39406926898127	9.76783044035241
19	6	15.12706539364936	9.798796747495924
20	6	14.861317331916403	9.848160459150092
21	6	14.496661539998865	9.950329246267344
22	6	14.043713391338398	10.054863592527512
23	6	13.510185086831717	10.163355586336005
24	6	13.006267577811004	10.242980016896643
25	6	12.568732670322266	10.288810408990742
26	6	12.130639069554386	10.292991756898347
27	6	11.477443087582161	10.27484577937101
28	6	10.743509736386972	10.243839088267453
29	6	10.325909723742088	10.232040307843976
30	6	9.434298145532162	10.246689765055802
31	6	8.601662242062229	10.233905258577774
32	6	8.843812474472733	10.206508966446883
33	6	8.628730126336649	10.18518057791275
34	6	7.646071708019603	10.187617902146252
35	6	8.017054630022226	10.170684674320452
36	6	8.226552184994715	10.150031144027626
37	6	8.080550491580302	10.15242038049868
38	6	6.812514081704465	10.184702635728192
39	6	5.8254614594184675	10.233946461945477
40	6	5.142616248025595	10.269461865748047
41	6	4.727219985778906	10.279351285842104
42	6	4.507009159929516	10.276788621676035
0	7	26.875	9.352
1	7	26.85075464900662	9.362786264900663
2	7	26.641574436914233	9.375145084725139
3	7	26.43208010449417	9.36029319151334
4	7	26.117883165232257	9.331458583766253
5	7	25.72544936526335	9.325974929179297
6	7	25.344070754993144	9.329134300480636
7	7	24.91756278905797	9.336989896671955
8	7	24.525380233463018	9.338964450163248
9	7	24.000683748995865	9.340733625172993
10	7	23.439284106389213	9.344756876592392
11	7	22.914091073870043	9.292543377043792
12	7	22.341984829206258	9.212166140222395
13	7	21.80239036455365	9.143565297643478
14	7	21.31874654041128	9.07971820706604
15	7	20.811070250704958	9.062397166135392
16	7	20.280469416863866	9.015941851907954
17	7	19.857036760958334	8.967703676257857
18	7	19.396935547379517	8.932626985893355
19	7	18.939321733753196	8.902302243523735
20	7	18.51606998745634	8.87123126241651
21	7	18.112997398913823	8.846976459054712
22	7	17.79282429897862	8.851858670055071
23	7	17.49575791536616	8.884527989471062
24	7	17.15788435960679	8.916232800389514
25	7	16.602524638407623	9.005040921885692
26	7	15.994339339576637	9.06919223394831
27	7	15.447715172676869	9.13723929837991
28	7	14.874568454788651	9.210923108129023
29	7	14.325177138421479	9.266462375644267
30	7	13.813520288147554	9.317561005331301
31	7	13.291184733678472	9.354023120477033
32	7	12.72484000771977	9.380557850709147
33	7	12.209544425684214	9.397637574809476
34	7	11.671219393547693	9.417495489138082
35	7	11.160241701739656	9.419883989932332
36	7	10.681472861220545	9.40443116426081
37	7	10.206673629487938	9.371096136881484
38	7	9.687046164549724	9.323450590821064
39	7	9.17066311267442	9.269041945945856
40	7	8.667077014749017	9.209095904971514
41	7	8.21263456131687	9.156125072771001
42	7	7.754349154266952	9.121243077690876
0	6	5.2490000000000006	7.6274999999999995
1	6	5.206606754966887	7.5744930596026485
2	6	5.171463070559256	7.521574791526568
3	6	5.143192608709187	7.4964657658705764
4	6	5.1293860006493635	7.48512748771376
5	6	5.13286506780694	7.470593243503556
6	6	5.136614607936799	7.463298643374471
7	6	5.14906219148261	7.460327635333906
8	6	5.192772934320008	7.435528665613375
9	6	5.297919820121134	7.386801768697358
10	6	5.551328290470325	7.359835566790687
11	6	5.945262759206638	7.342453768103541
12	6	6.440554665144365	7.3243822409213735
13	6	7.050714879208583	7.336765862711169
14	6	7.740977465176915	7.380055689991826
15	6	8.48083921478034	7.430599056024727
16	6	9.246083279033133	7.484964292191409
17	6	10.005814115309263	7.503235201246001
18	6	10.760871497281983	7.514415980338766
19	6	11.506805089797469	7.518407795165533
20	6	12.22092785486094	7.473971931484675
21	6	12.894597670466727	7.407571360010664
22	6	13.54119925083837	7.304626429327604
23	6	14.182274438235643	7.201865450861845
24	6	14.82465705258684	7.125052817094653
25	6	15.457459586065811	7.064472723758731
26	6	16.079605773437823	7.038017014771033
27	6	16.68089225783893	7.041829136062834
28	6	17.23420172627676	7.068049349320723
29	6	17.736418666031575	7.092930208436209
30	6	18.232937444571753	7.113581924767204
31	6	18.74372935395954	7.16355024815325
32	6	19.252780569420313	7.222789463636548
33	6	19.769825439210663	7.268501462765836
34	6	20.308425600230205	7.305524196465994
35	6	20.856292277959707	7.339695293786143
36	6	21.416419513666796	7.399001392052736
37	6	21.97448287948206	7.459098713277523
38	6	22.522690967379642	7.517493859998969
39	6	23.054968832796156	7.582075178498055
40	6	23.580912976242885	7.661658922492581
41	6	24.098254619052906	7.7275215307963885
42	6	24.56301228458299	7.764474754302115
43	6	24.972715916271394	7.80425081329978
44	6	25.33816992093761	7.823234905569071
45	6	25.63464659664372	7.813868112901284
46	6	25.883551465829484	7.757868831339269
47	6	26.039051657490692	7.692756242140796
48	6	26.097254909872685	7.640957260390559
49	6	26.0922826830029	7.601668554638075
50	6	26.034922479809925	7.576485928412192
51	6	25.9642083690679	7.564414973958117
0	9	4.9384999999999994	10.321
1	9	4.945523178807947	10.33822217218543
2	9	4.948688159041683	10.360468561128622
3	9	4.949869329119192	10.358387869975004
4	9	4.939574567306063	10.35620452314197
5	9	4.933335679928399	10.354245392461369
6	9	4.929476915680337	10.352511769831588
7	9	4.9270943967739615	10.35169029893634
8	9	4.9342047984690005	10.35089454658468
9	9	4.9556587935314385	10.386871167356768
10	9	5.17011173832268	10.405544954299051
11	9	5.513725897686192	10.401466351155316
12	9	6.006997949483155	10.365878224394113
13	9	6.627805908599909	10.32020151862047
14	9	7.325527730110215	10.269198727066595
15	9	8.083998804492722	10.246391071986285
16	9	8.885648409245087	10.230987750465621
17	9	9.660300961407831	10.197968956217666
18	9	10.43531370361628	10.14492743254846
19	9	11.168905376943455	10.066046364607098
20	9	11.837076601516404	9.993274902602733
21	9	12.424559201822719	9.882056396543568
22	9	12.929678274039896	9.73845253414034
23	9	13.377168939198425	9.607049864927516
24	9	13.811635914161712	9.445159876478252
25	9	14.230284145049902	9.29937077878468
26	9	14.685068921928472	9.17168613911332
27	9	15.048250196380994	9.074155006910141
28	9	15.371068495087947	9.024702217031603
29	9	15.646422910598748	9.011624659907607
30	9	16.25962586837873	9.016199009604785
31	9	16.939755212808016	9.058881770194327
32	9	17.610102258005195	9.098068235119797
33	9	18.33072640361762	9.156486993168347
34	9	19.047003066757316	9.210438543615332
35	9	19.77055122481279	9.303835139558158
36	9	20.506832817626304	9.438325505098497
37	9	21.237063645172025	9.530331099438506
38	9	21.832269476727895	9.598833892395215
39	9	22.47538935121783	9.635340233876752
40	9	23.142218624386885	9.701031991724502
41	9	23.75718816132147	9.780064344625176
42	9	24.36298447392683	9.826378408080425
43	9	24.867646061655996	9.828156509955809
44	9	25.338180404285634	9.79482179953313
45	9	25.694913773893163	9.724924878340332
46	9	26.05805500105035	9.645728421635457
47	9	26.276502440850912	9.581505927407983
48	9	26.40005654199109	9.52145730978403
49	9	26.437453891178933	9.527680649637556
50	9	26.373472347298872	9.559828092946358
51	9	26.27623636059024	9.595308351753927
10	11	3.76042	8.47932
11	11	3.9539306490066224	8.44967549668874
12	11	4.251568547307315	8.414492717368853
13	11	4.652261149320212	8.331612170873123
14	11	5.119690279272039	8.28637216740993
15	11	5.6325042729983945	8.287186542646426
16	11	6.182831332700145	8.286340112230102
17	11	6.744805889139586	8.28614408309979
18	11	7.336063720261183	8.287831092582499
19	11	7.944480322655296	8.263853620637095
20	11	8.532057171554953	8.230737515391096
21	11	9.10777437076196	8.18889069197978
22	11	9.664963388441691	8.12319618921224
23	11	10.197807902859514	8.044985166066995
24	11	10.737770049564109	7.965849571811265
25	11	11.259603842679963	7.892340767337126
26	11	11.771370519921884	7.799777619649315
27	11	12.287464256839245	7.74914183532263
28	11	12.799600803267914	7.731470644771746
29	11	13.316824093746131	7.732534174777483
30	11	13.826570024298986	7.751633627439698
31	11	14.342307235889582	7.792329967723803
32	11	14.870812356884414	7.828406882520786
33	11	15.38960798625248	7.858419439246704
34	11	15.925469399689847	7.908510935281612
35	11	16.460250298333044	7.973175624907636
36	11	16.98217890467541	8.096004540099962
37	11	17.49840925962942	8.203857598124507
38	11	18.009605891381096	8.28089267038263
39	11	18.571204424712633	8.336523966388413
40	11	19.14335961628642	8.399139339526368
41	11	19.683985704550732	8.450137248793531
42	11	20.222077315048097	8.463078453469217
43	11	20.75217612727364	8.447104347850074
44	11	21.256791095227236	8.422045292123585
45	11	21.74990041312889	8.383975142938766
46	11	22.213282820292026	8.360909909647116
47	11	22.653631211834252	8.367037400426923
48	11	23.06533714145485	8.388254948419663
49	11	23.454318423935614	8.411539216420488
50	11	23.846545801184295	8.465379480528672
51	11	24.219306037972792	8.52823020960707
14	14	4.991236000000001	9.716000000000001
15	14	5.171052119205299	9.915859602649006
16	14	5.455668999210333	10.096474830878188
17	14	5.886850583581207	10.17960472753723
18	14	6.3542843968915985	10.18310765517703
19	14	6.836355179727732	10.18731867588928
20	14	7.324704537609423	10.192958826648448
21	14	7.798022095581602	10.164742190007445
22	14	8.296979783043103	10.104079396398301
23	14	8.793980449306568	10.018078225348564
24	14	9.288641437019614	9.904986136544805
25	14	9.812127553111736	9.805010376803477
26	14	10.31666481869596	9.779846415685979
27	14	10.812614432131845	9.766017466447945
28	14	11.335187686438976	9.78388052251818
29	14	11.851304614661098	9.856436696120628
30	14	12.39657632383548	9.899782618791397
31	14	12.886100590821695	9.940252811957286
32	14	13.369151472860354	9.985470504197677
33	14	13.870323890716312	9.990494259519426
34	14	14.356422009716377	9.97967202987826
35	14	14.881660448507818	9.96064737837398
36	14	15.437160007692546	9.951474780424133
37	14	15.931629067920518	9.945254495701585
38	14	16.423048852538958	9.931939159524232
39	14	16.95749704957694	9.977815540234516
40	14	17.487999461232345	10.020342126777486
41	14	18.004900697507885	10.051560948797269
42	14	18.5302643364135	10.064970140547338
43	14	19.065874790834545	10.03158403999435
44	14	19.57377503706442	9.985643079842433
45	14	20.063769688031105	9.952903747230401
46	14	20.54438808340787	9.908519685838233
47	14	20.999136981968203	9.875560495161034
48	14	21.450250548773923	9.86998979125058
49	14	21.889165508477667	9.87382807629056
50	14	22.373096025627614	9.903722384714278
51	14	22.85558362323796	9.975703503908248
0	0	24.7795	7.5905000000000005
1	0	24.422157986754968	7.63849038410596
2	0	23.90116047489368	7.691443349903489
3	0	23.26639668515738	7.7316090403347015
4	0	22.612833794338368	7.74300473278474
5	0	21.9758249896112	7.769163181393956
6	0	21.3303778880286	7.776551492528531
7	0	20.698610209880016	7.789204857772576
8	0	20.04373559058448	7.8151462522721795
9	0	19.39695197635374	7.833318684435844
10	0	18.765022702022446	7.861835389029957
11	0	18.10392513793854	7.8668223863044595
12	0	17.446011815865727	7.869501945365289
13	0	16.78659681627982	7.886503668611973
14	0	16.14209548747173	7.905504507095128
15	0	15.499931341286343	7.945671857520812
16	0	14.824958585572992	7.98555646975084
17	0	14.152313730191585	8.01663372279253
18	0	13.547337290131663	8.076130781341778
19	0	13.04763148879276	7.958862842817693
20	0	12.528731970501038	7.857698638360409
21	0	12.010235503261475	7.7756368119417605
22	0	11.475632658788014	7.699812838585743
23	0	10.9300628091577	7.634298918562791
24	0	10.353144818281258	7.579508938567939
25	0	9.754118057780873	7.527013564961479
26	0	9.15963214184771	7.497923198808236
27	0	8.551247854686167	7.486724551984585
28	0	7.943006709209941	7.485921787277123
29	0	7.37787053933627	7.486733094703305
30	0	6.861563751123398	7.492895997021935
31	0	6.3637578059915985	7.486526382004981
32	0	5.928512546096865	7.453932222396991
33	0	5.5724931289926944	7.436504404143697
34	0	5.2926137803155555	7.454208673127825
35	0	5.102043241791512	7.466075038917043
36	0	5.008644147081002	7.465452729649193
37	0	4.990179972132643	7.469180185822747
38	0	5.028343495451684	7.472587103648412
39	0	5.085239840000838	7.487532344729626
40	0	5.1556047719971225	7.499110414463058
41	0	5.236728293076564	7.507498903211862
42	0	5.323826121374789	7.497554783379349
0	1	26.295	8.082
1	1	26.018088768211918	8.073635059602648
2	1	25.511405007149815	8.098738230267456
3	1	24.90510503482813	8.162711676686168
4	1	24.26611273605138	8.22179731970495
5	1	23.626012084565538	8.286124519308158
6	1	23.00556266534269	8.31769332901511
7	1	22.397155863261784	8.328499025069597
8	1	21.782801550446138	8.359303842723682
9	1	21.170559038163876	8.37969622495645
10	1	20.64266657837728	8.372310211578245
11	1	20.081365899414664	8.34924918561122
12	1	19.418109886159524	8.304085034310127
13	1	18.80347689196544	8.266807300996923
14	1	18.20805459868626	8.2946222621316
15	1	17.6127113632915	8.353651027701726
16	1	17.040037809241234	8.415930230813624
17	1	16.507750299470192	8.502625812534937
18	1	16.001352699388846	8.611873822877612
19	1	15.495457019290978	8.726057529122341
20	1	14.968275409336055	8.822494644807874
21	1	14.461438099789842	8.90872004534319
22	1	13.96438551731846	8.954635140947257
23	1	13.45940372991039	8.9506890748673
24	1	12.948470140319152	8.949609911307013
25	1	12.42690115214716	8.930849628562704
26	1	11.899330540316726	8.910140152566688
27	1	11.338173089333251	8.899898376074638
28	1	10.782783605200184	8.886004684022398
29	1	10.25600700071133	8.867318132876226
30	1	9.720761222069237	8.838217869676063
31	1	9.189255684537011	8.789122607778832
32	1	8.686099504007515	8.727315145968683
33	1	8.183970956029171	8.691291293971974
34	1	7.70101373737818	8.645763272697987
35	1	7.217404359859822	8.623831568365413
36	1	6.7352882202085285	8.643920628264347
37	1	6.260510127936985	8.703563390188423
38	1	5.792021537684638	8.76894688855791
39	1	5.346166833590864	8.843846386594688
40	1	4.909555982895121	8.924520038700372
41	1	4.533483129432473	8.979632489142984
42	1	4.198370112606992	8.994328917959468
0	2	24.8185	9.689499999999999
1	2	24.617505986754967	9.561156423841059
2	2	24.134067453647706	9.473865554879591
3	2	23.511836455368474	9.414364642981754
4	2	22.81743910174478	9.324532068681282
5	2	22.142800829649328	9.268012415571366
6	2	21.445003606545733	9.22125944454032
7	2	20.750836356188557	9.198135579313949
8	2	20.061624660143536	9.20672337269359
9	2	19.36772960853825	9.220853538083988
10	2	18.702367069196395	9.229727016039423
11	2	18.012514683632777	9.20306010484768
12	2	17.320916527179662	9.180794982293675
13	2	16.637952634632857	9.167835471966388
14	2	15.860905718119263	9.189567995292167
15	2	15.117567413377738	9.217150860832763
16	2	14.402214424056124	9.261661899190686
17	2	13.754759520624722	9.312178283883208
18	2	13.116389133629509	9.419795883642188
19	2	12.5283607211901	9.550567093661181
20	2	11.945339378658076	9.68872589361425
21	2	11.345169577023595	9.827914979311075
22	2	10.73710255195294	9.934530984158314
23	2	10.139249219371665	9.998395861362162
24	2	9.552024465746735	10.044403657514586
25	2	8.950319558526145	10.02662161152095
26	2	8.417164740986076	9.887972742016053
27	2	7.880825681280253	9.71357738166699
28	2	7.231690563306142	9.72877888518902
29	2	6.613552127450574	9.769114203057795
30	2	6.068961734469538	9.648564950828707
31	2	5.585372765541191	9.55292147027276
32	2	5.199899209127841	9.49704445977542
33	2	4.95464236753043	9.494593321853399
34	2	4.830394340273973	9.522633274572726
35	2	4.79377189080456	9.549183949738254
36	2	4.815811209597254	9.59591207312903
37	2	4.907586859736186	9.684572086702072
38	2	5.011047310050707	9.77958391898038
39	2	5.113653575142953	9.857591388199383
40	2	5.207557490212488	9.912591816473368
41	2	5.304349357750217	9.948419522863679
42	2	5.390568797296534	9.953939087052182
0	3	26.956	10.473500000000001
1	3	26.833430145695363	10.443150503311259
2	3	26.613467835480193	10.377169688103884
3	3	26.301967318745195	10.250300432263765
4	3	25.94620063064791	10.040937190374782
5	3	25.53862375200338	9.863923070661208
6	3	25.10459958622501	9.706263026195574
7	3	24.681696741064627	9.594408937919715
8	3	24.22512906173036	9.538750506606341
9	3	23.770258419780813	9.497002271942561
10	3	23.329672802109435	9.458361862342922
11	3	22.866076090939107	9.435923129608867
12	3	22.336880628428393	9.44568874654691
13	3	21.86753255938337	9.416665731855286
14	3	21.367099816816438	9.396428238800654
15	3	20.77550741937305	9.353005866759036
16	3	20.220545474710686	9.317979301330178
17	3	19.669728700253604	9.313634398632496
18	3	19.10428532342902	9.344980147559653
19	3	18.605881890590858	9.3771602963013
20	3	18.115477740556596	9.401423034481937
21	3	17.586333087028386	9.430371745500612
22	3	17.101271085278164	9.450650684505682
23	3	16.56354379854615	9.479948901273076
24	3	16.000023578237773	9.517118947919913
25	3	15.506691870275773	9.559313629771914
26	3	14.985173947768475	9.626078671340402
27	3	14.37957358331531	9.666095840229021
28	3	13.871557128414448	9.711438343776674
29	3	13.31655715037466	9.805962609824782
30	3	12.775446648565916	9.914061601266415
31	3	12.229464410950253	9.960831133257358
32	3	11.681486965515326	9.956068481063054
33	3	11.30266415631405	9.799944904733481
34	3	10.808197701438138	9.808467685951944
35	3	10.305019426125343	9.839856517559692
36	3	9.807242874700595	9.919663829988085
37	3	9.313387793994888	10.001077371647346
38	3	8.814550333304242	10.120076213934585
39	3	8.35080859346121	10.231100928503523
40	3	7.897739317446749	10.271285489565102
41	3	7.467638833732591	10.263192794423201
42	3	7.08117569805701	10.195048871845449
0	1	5.9765	10.368
1	1	6.321209655629139	10.41331890066225
2	1	6.816349697460812	10.432545821607913
3	1	7.559679583910216	10.444425974059222
4	1	8.339683347731926	10.444461235042318
5	1	9.112998628058953	10.440256703820284
6	1	9.764569519608358	10.381052342572858
7	1	10.42946984643746	10.360324534366406
8	1	11.10919768349984	10.318283803627377
9	1	11.851774419552626	10.33987176472757
10	1	12.550663172285812	10.37754439953618
11	1	13.141966952775014	10.40907591260024
12	1	13.780954989742257	10.445234608309715
13	1	14.390303004301208	10.48180305370604
14	1	14.915423526442355	10.517487506897075
15	1	15.325020767434578	10.526567829776821
16	1	15.706344582763302	10.508777137451583
17	1	16.02726004504589	10.491223063291743
18	1	16.383867086395508	10.430127147161619
19	1	16.787025225492222	10.425644391468795
20	1	17.218298483456458	10.440609758728732
21	1	17.657908862687428	10.505880138300997
22	1	18.19472171589705	10.626321654063604
23	1	18.80619792604003	10.787089267791448
24	1	19.399048086972297	10.929574579811002
25	1	20.08916595753993	11.062209589503329
26	1	20.753869436061915	11.139417810752564
27	1	21.43145063668467	11.230124643362336
28	1	22.197800810160665	11.27486571352345
29	1	22.941894740441906	11.273959502036806
30	1	23.64367398886647	11.280847487788057
31	1	24.344288658925134	11.254757341919499
32	1	24.966542084625498	11.224525150733985
33	1	25.47425384491218	11.19780207786766
34	1	25.84545006900524	11.122958650669103
35	1	26.13683311314407	11.056629276112936
36	1	26.33116453538821	11.023368785631984
0	2	6.118	7.805
1	2	6.50184280794702	7.832678013245033
2	2	6.920198265614675	7.857598694264019
3	2	7.657248233769	7.948033456222543
4	2	8.415282106374383	8.030956565724152
5	2	9.182153075221633	8.131174770831496
6	2	9.874648791240475	8.18542126849637
7	2	10.44849817035068	8.172819221956415
8	2	11.436949553819849	8.23025079211023
9	2	12.232231727748358	8.244945593993123
10	2	12.753866152450483	8.250627914890632
11	2	13.804983290970938	8.279255877814604
12	2	14.579379415795117	8.293248393368224
13	2	15.711689826371957	8.462753802845246
14	2	16.699415030212347	8.604907436430842
15	2	17.625453888895176	8.7776862984539
16	2	18.373968652494742	8.898019640235045
17	2	19.10055477220814	8.988658085081841
18	2	19.778964785596976	9.047536557969131
19	2	20.37730803269436	9.1448430482295
20	2	20.960967200907625	9.25458235767862
21	2	21.574826491241645	9.357896883519992
22	2	22.16565981613417	9.459002828381808
23	2	22.763757742479246	9.559200272407612
24	2	23.374023227736142	9.643168063842374
25	2	23.96636747401644	9.703592574863642
26	2	24.41197569342274	9.707042580219229
27	2	24.834581042051234	9.672781556952419
28	2	25.20447318594051	9.575265506437882
29	2	25.499835029216513	9.53540508927586
30	2	25.68122669741854	9.43826997777565
31	2	25.749073612426564	9.365772420526037
32	2	25.75369157524352	9.300939387971997
33	2	25.67090372668896	9.255959305578102
34	2	25.548750200031048	9.249897798312842
35	2	25.418388441273816	9.258300825949128
36	2	25.301472101155994	9.281955545551753
0	3	5.21	8.836
1	3	5.388578701986755	8.90807386754967
2	3	5.717716780947522	8.941856074622176
3	3	6.005991802816278	8.945577444445366
4	3	6.283815943300173	8.988275044380348
5	3	6.664961700845817	9.02365844615971
6	3	7.147245269435988	9.025299402734955
7	3	7.770646794118916	9.012682223753819
8	3	8.467169123040428	9.004375939798416
9	3	9.217332697341412	9.00508711853816
10	3	10.092057693432258	9.02980624860433
11	3	10.97872614168375	9.015093801033938
12	3	11.887189632757593	8.99244451428986
13	3	12.655917569141511	8.95774936708235
14	3	13.297321183737955	8.93108854095913
15	3	13.86854761412446	8.923988542984718
16	3	14.414349848128428	8.914214572631352
17	3	14.954628209130892	8.876239877765423
18	3	15.519256347365435	8.85085283730639
19	3	16.07710062814895	8.837501734776696
20	3	16.679418586866163	8.879177679636383
21	3	17.232014418338682	8.96585678155321
22	3	17.83038924444353	9.04957476380113
23	3	18.453585723160305	9.130464073334792
24	3	19.09877486051284	9.171598549391165
25	3	19.712375159828607	9.157282220084001
26	3	20.327571326171455	9.146913000920113
27	3	20.926325286397393	9.094129585372754
28	3	21.515394141535847	9.06424288160471
29	3	22.101324763323653	9.089961243683803
30	3	22.658841868039236	9.071260180014638
31	3	23.118457059055505	9.042052233253926
32	3	23.599275491554177	9.000305197123783
33	3	23.947475126419477	8.93711341637546
34	3	24.24761527417729	8.82329831887709
35	3	24.5478799697026	8.711683483029146
36	3	24.90573192622442	8.575879325114387
0	4	3.4705	9.899000000000001
1	4	3.6205739602649007	9.939801324503312
2	4	3.845465164186037	9.968097437411933
3	4	4.142803849838882	9.985292415950582
4	4	4.522482622952052	10.006900029579631
5	4	4.982454487344249	10.001189087202508
6	4	5.442756579094992	9.945546527789292
7	4	5.892399404020884	9.887662999138314
8	4	6.329441481645991	9.828034177660731
9	4	6.771206777193431	9.771864607227455
10	4	7.266174500116993	9.764399548581126
11	4	7.786242220189612	9.745836227415309
12	4	8.535009088652487	9.736244820664822
13	4	9.457205044938387	9.882073425600892
14	4	10.534679706617833	10.080255930644675
15	4	11.732116585849846	10.326109051113985
16	4	13.008096767636118	10.509778495187478
17	4	14.147835896987717	10.746724160764208
18	4	15.20787012968571	10.933424164131985
19	4	16.125891017951552	11.070405116860124
20	4	16.911718409391842	11.169154784723888
21	4	17.739447090057297	11.330436254417219
22	4	18.51311719839086	11.560021925575096
23	4	19.229436440272824	11.830988001229866
24	4	19.918219929792826	12.064796642954104
25	4	20.557828020725896	12.234011085902237
26	4	21.188965595752915	12.397474085185978
27	4	21.755164494122145	12.47057112268129
28	4	22.31795501034099	12.507864861731933
29	4	22.88558831790359	12.493829998908513
30	4	23.45006737780338	12.488205368258035
31	4	23.85361002617	12.495514688113984
32	4	24.285082535028135	12.483563817971794
33	4	24.709422347660844	12.460799304423558
34	4	25.096106737826144	12.46144871102497
35	4	25.49063210988493	12.444056125572166
36	4	25.769109917224373	12.432157088782365
0	0	26.8795	10.5595
1	0	26.809352490066225	10.518452529801326
2	0	26.628574448244006	10.369431323833274
3	0	26.30026546110334	10.241438103216405
4	0	25.899052458514653	10.136127612644623
5	0	25.427928379112927	10.058557604336778
6	0	25.013661228029004	9.946388776476445
7	0	24.477373351650087	9.961588031651717
8	0	23.871951914024052	9.986220290848719
9	0	23.264891940250557	10.054054899574053
10	0	22.528583189208828	10.132795415682978
11	0	21.649496562336203	10.157353244424167
12	0	20.564796087368908	10.168910922929314
13	0	19.363006323633822	10.08174306538745
14	0	18.13536103924418	10.004473859662534
15	0	16.998768139704495	9.957792823967145
16	0	15.921855290588626	9.970914559669081
17	0	15.002312919228592	9.948546536200519
18	0	14.276581755673162	9.946216256855214
19	0	13.646214460784352	9.96578635164374
20	0	13.1732846172112	9.80867034092828
21	0	12.661536056931816	9.84416339758647
22	0	12.193940610919753	9.906568299527091
23	0	11.675712764578348	9.961975156268222
24	0	11.176357044777195	10.013336748209818
25	0	10.682925529074696	10.05436612193043
26	0	10.185245013344131	10.052592642041597
27	0	9.716781635711213	10.024188700361696
28	0	9.232001386165155	10.002812107961876
29	0	8.918321516266577	9.811973369527998
30	0	8.523355793668173	9.689004181401286
31	0	7.980342192428453	9.7706869166697
32	0	7.560518868851322	9.710262721377024
33	0	7.115994201960771	9.670226182360924
34	0	6.5239979961693795	9.794560378288613
35	0	5.990211727040675	9.894881224922827
36	0	5.499920323385017	9.956690502874665
37	0	5.06045022988251	9.997489623484693
38	0	4.665093346076606	9.909911631763743
0	1	25.795	10.157
1	1	25.56825433112583	10.16042463576159
2	1	25.120477798750194	10.143634360490486
3	1	24.525971072636928	10.182051032631254
4	1	23.86652318651621	10.256634325492351
5	1	23.26695548401006	10.372402580415981
6	1	22.645107250854693	10.480014221117234
7	1	21.950165900302416	10.558669056729194
8	1	21.20261450726689	10.67137224007623
9	1	20.4505841655647	10.802428879308609
10	1	19.697919563689872	10.889204432407992
11	1	19.011042119565076	10.94691917109176
12	1	18.29686801894001	10.978806155913244
13	1	17.58471946332565	10.99292752953677
14	1	16.90619394175672	10.976447588290906
15	1	16.298200306627248	10.96805957426087
16	1	15.698317055002477	10.986006108450745
17	1	15.10971575895776	11.032148955670237
18	1	14.488085561232213	11.101590773482584
19	1	13.909382424635501	11.17496193681821
20	1	13.364925969007775	11.238073071985882
21	1	12.78249459555542	11.26233866153169
22	1	12.239394074587373	11.144286499498522
23	1	11.717022042619986	11.187279700245828
24	1	11.124795686194775	11.258795793910469
25	1	10.600636406951072	11.119271129507666
26	1	9.946339317826784	11.150627975281381
27	1	9.292920556324706	11.172469642904252
28	1	8.684392367792451	11.20986626271215
29	1	7.979293451893352	11.236548679378288
30	1	7.398029800384805	11.262859505917518
31	1	6.726750122038214	11.244405524980754
32	1	6.065488339065389	11.217879132288703
33	1	5.4534898960921065	11.143661627467823
34	1	5.001369507962422	11.071868138110291
35	1	4.663204940958131	11.049280165588165
36	1	4.482967419947008	11.062542535696135
37	1	4.400188829922443	11.107573710379516
38	1	4.399242651719125	11.152240773377846
0	2	24.689999999999998	8.7325
1	2	24.508737774834437	8.731073960264899
2	2	24.064367018790723	8.754984361591902
3	2	23.499294952205922	8.744707051967966
4	2	22.99250342284659	8.78162521072934
5	2	22.379121108330754	8.827891004311121
6	2	21.661128280077634	8.853892180754016
7	2	20.979798501786423	8.891725155513177
8	2	20.19316068591122	8.902458634126365
9	2	19.45470499964962	8.926597059537228
10	2	18.69785409124751	8.931684520165785
11	2	17.884914784846085	8.933214630569685
12	2	16.980077652056437	8.921749887641834
13	2	16.134487521470287	8.853111651680093
14	2	15.247548100804975	8.780766111358222
15	2	14.248545695527092	8.69424450589382
16	2	13.225100762880057	8.635991270106771
17	2	12.281052904944104	8.602377390434432
18	2	11.444589233387465	8.649360211687682
19	2	10.66426945576955	8.749893021355112
20	2	9.965793336752006	8.84435360481966
21	2	9.320837972085789	8.885063793382592
22	2	8.74666759637168	8.940591821308344
23	2	8.221906580828092	9.003022689640488
24	2	7.678432529645321	9.037026246590216
25	2	7.1632995760568505	9.07406828219707
26	2	6.630615615892254	9.090175822400152
27	2	6.124933942109827	9.10231847235658
28	2	5.694861715226067	9.112483388023906
29	2	5.376743216684515	9.10715663298069
30	2	5.065375817995611	9.105214644978233
31	2	4.7738044075025385	9.05092281878292
32	2	4.55494480795682	9.00029649220762
33	2	4.436870670532199	8.946079851081418
34	2	4.328067481767418	8.894582352535897
35	2	4.2700680094006005	8.813495919178104
36	2	4.2930850456861185	8.789862281153143
37	2	4.330005907365403	8.789168510355408
38	2	4.3823147138347585	8.796916212586389
0	3	25.7315	7.7749999999999995
1	3	25.561270185430466	7.801746940397351
2	3	25.214107096784424	7.811575824832234
3	3	24.616113518247342	7.8295676442518305
4	3	24.019875110204467	7.853060822401945
5	3	23.483272453344238	7.908581966496963
6	3	22.917617880750633	7.961197358186598
7	3	22.321100244831516	7.997692250595165
8	3	21.72711831199194	8.006645562720893
9	3	21.039049519940427	8.032579693538537
10	3	20.337182534197936	8.110727941248502
11	3	19.749353216647627	8.142756108105324
12	3	19.119685435323277	8.156099909096712
13	3	18.484507473265843	8.141906145252296
14	3	17.83289679821983	8.107456521911704
15	3	17.14504790072256	8.093716484708603
16	3	16.47595785658109	8.086627327530767
17	3	15.873992838786979	8.134824743872628
18	3	15.152685973025742	8.230064336311957
19	3	14.495891027903534	8.315757160922976
20	3	13.866396596836868	8.373121752941556
21	3	13.312931192261951	8.47350926893295
22	3	12.774214319941352	8.578007280121236
23	3	12.238675078639682	8.622016053138195
24	3	11.686995479915623	8.665003251986297
25	3	11.076395551370682	8.674598953693398
26	3	10.489879807258644	8.654587213288483
27	3	9.888433611749651	8.635858054014564
28	3	9.274635424867515	8.583287352127993
29	3	8.691310056349133	8.514017708015235
30	3	8.136289274346938	8.457729313730699
31	3	7.739582425559696	8.264742856843394
32	3	7.319099007312483	8.090964710387778
33	3	6.773770827963923	8.074575545061164
34	3	6.297016093029829	8.0360819750439
35	3	5.903340838232336	7.9519463281533795
36	3	5.558053630070707	7.885302125602639
37	3	5.316798501067444	7.828240100948855
38	3	5.115666852353048	7.831960842116228
0	2	5.932	7.6425
1	2	6.117021298013245	7.666160754966888
2	2	6.476174648276587	7.716226613351015
3	2	6.9912467717634845	7.739261757833799
4	2	7.578876146775865	7.74823995339246
5	2	8.197496272670689	7.760364267933442
6	2	8.858676769416368	7.801383784639221
7	2	9.518036272786194	7.877946823848991
8	2	10.141091317876546	7.961074831458647
9	2	10.738547089617333	8.032860382613194
10	2	11.275658848686236	8.10348082749901
11	2	11.75299814153168	8.196312874210014
12	2	12.191477534482749	8.297662134080891
13	2	12.573259442269265	8.358193703698573
14	2	12.826923592988846	8.349330602784102
15	2	12.964053292701628	8.263461581269551
16	2	12.994245123817208	8.173533719719389
17	2	12.980667706027424	8.087504224365075
18	2	12.992039641384649	8.027474526873595
19	2	13.092433958584564	8.020335524820378
20	2	13.292529638292335	8.050698351827297
21	2	13.594798366023129	8.068673842320175
22	2	14.011313723738171	8.098325094230704
23	2	14.523590999603856	8.136188062099162
24	2	15.106456211877997	8.194801351875949
25	2	15.722140900515267	8.252742925014594
26	2	16.349269857878934	8.308660679109304
27	2	16.998794222931426	8.36204850602614
28	2	17.64124238464637	8.404944117182024
29	2	18.254477382409352	8.447090892642288
30	2	18.854053841009943	8.465181610188399
31	2	19.417338070982478	8.457057231311545
32	2	19.943598794909587	8.437431659430935
33	2	20.456763404115982	8.402321141623263
34	2	20.984183370183676	8.372034257284739
35	2	21.515887982812522	8.362328107036152
36	2	22.05569634441167	8.361897636412467
37	2	22.59323750324836	8.376459565653228
38	2	23.1332334297792	8.394676186888447
0	3	4.7735	8.7035
1	3	4.915713350993377	8.727491178807947
2	3	5.247144310054987	8.677985408280918
3	3	5.738480956533316	8.69844666941994
4	3	6.281596676937852	8.70847132334779
5	3	6.86594020031684	8.772879623025721
6	3	7.499201271550172	8.839839372677199
7	3	8.160287799786328	8.907124485888504
8	3	8.837081643075319	8.974758118030103
9	3	9.492163065282334	8.986668924978861
10	3	10.159694345293694	9.012028739689029
11	3	10.83632760057394	9.033838147117292
12	3	11.485298262743227	9.02928298271711
13	3	12.034188015025503	9.014363875474759
14	3	12.381431563280668	8.944127968015607
15	3	12.533412617252708	8.812142475513811
16	3	12.56770143065206	8.67894885022986
17	3	12.552997017438505	8.573083572159769
18	3	12.569507605374953	8.498679978102608
19	3	12.681815465420934	8.502130927536196
20	3	12.924194196614007	8.537937644602023
21	3	13.261558497252274	8.56938558510063
22	3	13.692117640558822	8.62981117221387
23	3	14.128132930492715	8.770529253677198
24	3	14.638201889769546	8.890193089541663
25	3	15.202530296590933	9.015586302637974
26	3	15.827620915610892	9.14787422994593
27	3	16.439824060416537	9.224762043239101
28	3	17.0579098233815	9.279513473375175
29	3	17.667618558926865	9.339296775611242
30	3	18.273752293910405	9.374624770952241
31	3	18.859973870075997	9.375565449825169
32	3	19.41315029529174	9.343599132299424
33	3	19.955421026700478	9.311247147516989
34	3	20.504710405017942	9.280843924032123
35	3	21.05983754693258	9.24601613003821
36	3	21.619641706239022	9.255811927723924
37	3	22.18267263357762	9.270103915501075
38	3	22.747803486240805	9.279795187140273
0	4	5.8215	10.972000000000001
1	4	6.098745668874172	10.980611086092715
2	4	6.587952005337844	11.080771660649255
3	4	7.15657760111314	11.131292095968417
4	4	7.826245009203995	11.163952911727003
5	4	8.423728967920773	11.183294992566895
6	4	9.08627492462126	11.227400239443341
7	4	9.684614107239707	11.235667032803569
8	4	10.337694521059747	11.34437636209593
9	4	11.027726558138436	11.433408619250592
10	4	11.647478426580841	11.469495446212324
11	4	12.299841351067565	11.485751514683876
12	4	12.94166734697223	11.458788467897586
13	4	13.510488714959546	11.40019513439144
14	4	14.027633280333262	11.307572564383646
15	4	14.478000448734049	11.251762566648296
16	4	14.90287685194808	11.168452920496307
17	4	15.357953852514722	11.03863422860473
18	4	15.843768571775435	10.938189484164925
19	4	16.295563594716167	10.822422728367137
20	4	16.73620905331255	10.724074435264455
21	4	17.224414742487696	10.673089576423028
22	4	17.768019430839235	10.62798720242732
23	4	18.334238418239714	10.586526937921956
24	4	18.97178152218267	10.587431251497023
25	4	19.62360008290618	10.56647924056584
26	4	20.295969569441823	10.573982568833905
27	4	20.99061550820584	10.578498879501
28	4	21.64719932212383	10.54636441850371
29	4	22.323355030864814	10.554230448513957
30	4	22.97669501451106	10.534357635257662
31	4	23.620847181242794	10.505637693243365
32	4	24.22867273264733	10.486357855778158
33	4	24.813190354831058	10.422225659670133
34	4	25.37147851721341	10.34846381818777
35	4	25.887983595340014	10.27176202508919
36	4	26.331962753906435	10.128274580886025
37	4	26.70389198381623	10.005309271905773
38	4	26.95968346523621	9.912238388238666
0	5	3.2455	10.217500000000001
1	5	3.288219655629139	10.22745284768212
2	5	3.4833676443266235	10.211706239161963
3	5	3.769949448637944	10.177798079329902
4	5	4.174215186934873	10.157722842061808
5	5	4.639364147300065	10.165397731181143
6	5	5.150911315671962	10.188406614168114
7	5	5.688907001861983	10.281874327062166
8	5	6.234323412910701	10.338019318107488
9	5	6.807367132511998	10.381463043517648
10	5	7.429585626342873	10.45649391799149
11	5	8.234634127331772	10.483823940540061
12	5	9.139869031524139	10.547810516285885
13	5	10.112202876588642	10.492063683346814
14	5	10.91363966249583	10.43374955142799
15	5	11.556304074111923	10.415020218833707
16	5	12.099235427216874	10.476705489559514
17	5	12.630518912005352	10.555471831805022
18	5	13.157572081124679	10.704211293749145
19	5	13.70689055600414	10.81312036770123
20	5	14.285961659632935	10.918881307286117
21	5	14.829562987222571	11.018861915634854
22	5	15.367524365385075	11.070619990356981
23	5	15.912854563426182	11.099170300452355
24	5	16.496208397130687	11.091031146696091
25	5	17.060270682072172	11.057392617871855
26	5	17.632860230919636	11.031570374852812
27	5	18.213697436548742	10.99715292346615
28	5	18.78856497778104	10.969564030692334
29	5	19.348211120010863	10.945906282516702
30	5	19.9137190677437	10.934143062394899
31	5	20.451226007152407	10.940065436934493
32	5	20.967159644253037	10.952050976296398
33	5	21.48486931241654	10.968274596196848
34	5	21.98956112676948	10.987134908878971
35	5	22.49119753186911	10.99219156917651
36	5	23.027344388627636	11.001318502858268
37	5	23.53577724309794	11.019559643202012
38	5	24.03201938151993	10.992861367223544
